pc_time_ms,datetime,risk,domain,subject_id,label,trial_id,raw_line
1782031926261,2026-06-21T17:52:06.261,safe,posture,mhw,standing_still,t017,"CSI_DATA,534255,1a:00:00:00:00:00,-43,11,-99,18,28,11,509020691,47,2,256,0,""[0,0,0,0,0,0,0,0,0,0,0,0,-3,7,-3,6,-3,7,-4,7,-4,7,-6,8,-7,7,-7,8,-8,6,-6,9,-7,9,-9,9,-9,11,-9,12,-11,12,-11,9,-12,11,-11,12,-14,12,-14,12,-18,12,-13,11,-14,13,-15,13,-14,13,-15,12,-15,12,-14,12,-19,12,-17,14,-14,14,-18,15,-18,15,-17,14,-18,15,-17,14,-15,17,-15,18,-17,17,-15,19,-15,19,-14,18,-17,22,-14,23,-17,23,-18,23,-17,23,-17,24,-15,20,-17,25,-17,29,-15,26,-18,28,-19,28,-18,33,-20,30,-19,28,0,0,0,0,0,0,30,22,30,18,33,20,29,20,28,18,29,18,26,19,31,19,29,17,31,20,28,20,26,17,25,17,28,14,30,14,26,13,31,12,28,12,28,12,26,13,31,13,29,11,30,12,28,12,29,11,26,12,28,9,31,7,30,9,30,7,29,9,30,9,28,11,30,11,28,9,33,13,31,12,29,13,29,14,25,13,25,13,29,12,24,15,23,12,24,14,20,14,20,17,20,14,19,18,19,18,15,15,14,15,12,17,13,14,12,18,9,17,9,17,0,0,0,0,0,0,0,0,0,0]"""
1782031926277,2026-06-21T17:52:06.277,safe,posture,mhw,standing_still,t017,"CSI_DATA,534256,1a:00:00:00:00:00,-43,11,-99,17,28,11,509033854,47,2,256,0,""[0,0,0,0,0,0,0,0,0,0,0,0,-7,0,-8,0,-6,1,-10,1,-10,-1,-10,-1,-11,-1,-10,-1,-12,-1,-11,-1,-13,-2,-13,-2,-13,-1,-13,-3,-16,-5,-13,-2,-17,-3,-16,-3,-18,-7,-16,-6,-13,-6,-17,-6,-15,-7,-18,-6,-18,-8,-17,-8,-18,-8,-20,-10,-18,-7,-21,-7,-20,-10,-23,-8,-21,-11,-20,-8,-21,-10,-20,-8,-21,-7,-25,-5,-21,-7,-21,-5,-23,-10,-23,-1,-26,-2,-26,-6,-32,-8,-23,-10,-28,-7,-26,-11,-27,-7,-30,-7,-32,-2,-31,-1,-33,-5,-31,-7,-35,-1,-36,-7,-32,-7,0,0,0,0,0,0,-10,37,-5,33,-8,39,-10,33,-7,30,-10,36,-7,31,-8,37,-7,31,-10,36,-10,32,-11,28,-8,32,-8,28,-6,32,-5,31,-5,32,-3,30,-8,31,-2,25,-2,32,-3,31,-6,33,-6,31,-5,28,-5,30,-5,28,-1,31,-2,31,0,31,-5,28,-5,32,-1,27,-2,32,-3,31,-6,36,-8,30,-6,31,-12,30,-10,26,-8,26,-6,31,-8,27,-7,26,-11,25,-6,26,-11,26,-13,23,-16,23,-15,17,-15,18,-16,15,-16,15,-16,12,-13,16,-13,12,-15,11,0,0,0,0,0,0,0,0,0,0]"""
1782031926283,2026-06-21T17:52:06.283,safe,posture,mhw,standing_still,t017,"CSI_DATA,534257,1a:00:00:00:00:00,-43,11,-99,18,28,11,509042691,47,2,256,0,""[0,0,0,0,0,0,0,0,0,0,0,0,-7,-3,-6,-2,-8,-4,-8,-2,-8,-4,-8,-2,-8,-3,-11,-4,-9,-6,-13,-3,-11,-6,-12,-6,-12,-4,-14,-4,-12,-7,-17,-8,-14,-6,-15,-8,-13,-7,-15,-4,-15,-6,-20,-6,-18,-7,-18,-8,-19,-6,-19,-7,-20,-8,-20,-6,-23,-6,-19,-6,-22,-4,-20,-2,-23,-3,-20,-3,-23,-1,-25,-1,-25,0,-24,-1,-24,2,-26,3,-24,3,-26,3,-25,3,-26,4,-23,6,-24,7,-28,9,-26,12,-28,13,-29,13,-26,11,-31,14,-31,14,-33,15,-30,15,-28,18,-29,22,0,0,0,0,0,0,20,30,23,34,17,25,20,29,24,31,17,26,24,26,22,22,22,28,22,20,20,22,23,22,26,22,28,22,22,19,26,18,28,17,28,17,28,17,29,14,26,12,30,14,24,8,28,8,29,9,30,8,34,8,29,7,31,8,31,4,33,8,33,4,33,6,31,6,30,6,26,4,31,1,30,4,30,2,30,4,31,6,29,7,30,6,30,7,25,6,26,7,24,8,26,4,20,6,22,6,23,6,22,4,20,6,22,7,18,8,15,8,15,11,0,0,0,0,0,0,0,0,0,0]"""
1782031926290,2026-06-21T17:52:06.290,safe,posture,mhw,standing_still,t017,"CSI_DATA,534258,1a:00:00:00:00:00,-43,11,-99,17,28,11,509053691,47,2,256,0,""[0,0,0,0,0,0,0,0,0,0,0,0,7,3,6,-2,10,-1,8,0,8,0,8,1,10,-1,8,1,13,-1,15,0,13,2,13,1,15,0,13,-2,16,1,16,1,17,2,20,1,15,0,16,1,21,1,20,-1,20,0,18,3,21,2,18,0,20,1,22,0,23,0,22,-2,21,-2,20,-2,20,-3,21,-3,23,-7,21,-6,23,-6,23,-5,23,-5,25,-8,23,-8,25,-12,22,-11,25,-13,22,-12,21,-15,23,-15,25,-17,23,-18,26,-20,22,-17,25,-21,26,-20,27,-21,26,-23,23,-22,25,-25,0,0,0,0,0,0,-23,-27,-26,-27,-23,-21,-26,-22,-28,-25,-23,-23,-27,-23,-27,-21,-26,-22,-26,-18,-25,-18,-25,-18,-31,-15,-28,-16,-23,-18,-27,-15,-28,-12,-28,-15,-28,-13,-28,-10,-27,-6,-32,-10,-25,-5,-28,-6,-27,-7,-33,-3,-32,-7,-27,-5,-30,-6,-31,-2,-31,-6,-33,-3,-31,-2,-28,-2,-32,-2,-30,-2,-28,-1,-30,-1,-32,-1,-32,-2,-30,-2,-27,-5,-28,-3,-28,-5,-27,-5,-28,-5,-26,-5,-26,-6,-22,-5,-21,-5,-21,-5,-21,-6,-22,-5,-21,-8,-16,-7,-16,-10,-15,-8,0,0,0,0,0,0,0,0,0,0]"""
1782031926296,2026-06-21T17:52:06.296,safe,posture,mhw,standing_still,t017,"CSI_DATA,534259,1a:00:00:00:00:00,-43,11,-99,19,28,11,509064691,47,2,256,0,""[0,0,0,0,0,0,0,0,0,0,0,0,7,2,8,2,8,1,9,3,8,2,10,3,9,7,8,7,11,7,8,7,10,8,11,8,11,8,11,10,11,13,11,9,14,13,11,11,14,13,10,16,10,15,10,15,8,16,13,17,10,17,11,17,10,17,11,21,10,15,13,19,10,20,14,21,8,22,10,19,8,22,10,21,9,19,15,20,11,20,11,17,9,24,15,16,16,20,15,26,19,28,9,24,15,26,10,27,15,24,13,27,20,28,19,27,17,29,16,30,22,30,15,36,17,30,0,0,0,0,0,0,34,-10,29,-11,39,-15,33,-10,28,-9,35,-10,27,-10,36,-10,28,-9,35,-9,35,-7,30,-3,32,-9,30,-3,32,-8,32,-9,32,-9,29,-7,33,-7,24,-10,29,-10,28,-8,32,-8,32,-7,28,-2,29,-7,29,-3,29,-9,32,-8,29,-5,29,-5,34,-4,27,-8,32,-8,30,-5,39,-4,32,2,32,0,32,4,29,3,29,3,32,1,28,3,27,5,26,9,24,3,28,7,26,9,28,13,20,13,19,14,15,15,16,13,14,14,16,14,13,13,10,16,0,0,0,0,0,0,0,0,0,0]"""
1782031926303,2026-06-21T17:52:06.303,safe,posture,mhw,standing_still,t017,"CSI_DATA,534260,1a:00:00:00:00:00,-43,11,-99,14,29,11,509076415,47,2,256,0,""[0,0,0,0,0,0,0,0,0,0,0,0,3,-6,3,-8,2,-6,6,-8,4,-7,7,-7,7,-7,8,-7,8,-9,9,-6,9,-9,11,-9,11,-9,12,-9,14,-9,11,-7,14,-8,13,-8,18,-8,19,-4,20,-4,20,-7,15,-2,19,-7,22,-7,18,-6,19,-3,22,-4,18,-6,22,-6,20,-3,24,-4,24,0,22,-3,24,-2,23,-1,20,-3,24,-8,22,-7,22,-4,24,-2,23,-9,26,-8,28,-3,31,-6,26,-2,28,-6,28,-1,28,-3,30,-2,34,-7,31,-7,34,-3,30,-1,34,-7,37,-3,35,-1,0,0,0,0,0,0,1,-37,4,-31,1,-41,3,-36,3,-29,4,-39,2,-29,4,-37,4,-31,6,-36,9,-34,9,-28,7,-31,9,-26,7,-33,6,-31,4,-33,6,-29,11,-31,3,-25,3,-33,7,-29,7,-34,11,-31,9,-25,9,-30,9,-25,6,-31,9,-31,6,-29,9,-28,13,-33,7,-25,9,-31,13,-28,15,-36,18,-24,17,-24,20,-23,19,-23,18,-20,18,-26,18,-23,17,-20,22,-17,17,-19,22,-18,22,-14,26,-13,20,-7,22,-8,24,-4,19,-4,22,-3,19,-6,19,-3,19,2,0,0,0,0,0,0,0,0,0,0]"""
1782031926309,2026-06-21T17:52:06.309,safe,posture,mhw,standing_still,t017,"CSI_DATA,534261,1a:00:00:00:00:00,-43,11,-99,17,28,11,509086691,47,2,256,0,""[0,0,0,0,0,0,0,0,0,0,0,0,6,2,6,5,5,5,6,6,6,6,7,10,6,8,5,8,6,10,5,8,6,11,5,12,5,13,6,13,5,15,5,15,5,17,6,16,3,20,1,20,0,21,1,17,-1,17,1,21,1,21,0,20,-1,20,-2,22,0,18,-1,22,-1,20,-2,26,-5,23,-2,21,-5,23,-5,21,-1,22,-2,26,-3,22,-1,22,-3,23,-2,23,-1,27,-2,26,-6,32,-6,27,-6,28,-8,27,-5,26,-7,28,-6,33,-7,31,-7,32,-12,32,-7,33,-13,33,-11,31,0,0,0,0,0,0,32,18,28,15,36,17,32,16,26,16,32,21,27,16,32,21,26,16,30,22,28,21,23,20,25,21,21,20,26,23,26,18,26,17,22,17,23,21,21,18,26,20,25,18,26,21,22,23,21,20,20,21,20,20,25,21,21,21,21,21,20,22,20,26,18,22,22,25,18,23,21,32,15,27,16,26,13,30,8,25,11,26,11,30,8,27,8,25,3,26,3,23,3,26,2,26,-3,31,-3,25,-3,22,-6,21,-6,20,-7,18,-7,20,-7,15,-11,15,0,0,0,0,0,0,0,0,0,0]"""
1782031926315,2026-06-21T17:52:06.315,safe,posture,mhw,standing_still,t017,"CSI_DATA,534262,1a:00:00:00:00:00,-43,11,-99,17,28,11,509097691,47,2,256,0,""[0,0,0,0,0,0,0,0,0,0,0,0,-1,6,0,6,0,10,0,8,0,11,0,8,-1,10,0,12,-1,12,1,13,0,12,-1,12,0,13,1,13,0,15,0,18,0,15,0,20,1,13,0,17,2,22,1,18,2,21,1,18,1,20,2,21,1,21,3,20,2,25,6,20,6,22,7,16,8,20,10,20,11,21,12,20,13,22,11,20,13,21,17,21,16,15,20,25,16,20,21,17,17,15,25,15,22,17,26,12,27,15,26,16,23,16,28,16,28,15,31,15,31,17,28,12,32,8,0,0,0,0,0,0,8,-35,11,-39,6,-27,8,-33,6,-41,7,-31,5,-37,5,-30,5,-35,2,-30,1,-31,-1,-32,-2,-33,-6,-35,-2,-30,-5,-31,-8,-31,-7,-32,-8,-26,-10,-33,-10,-27,-12,-30,-11,-22,-15,-26,-16,-28,-15,-26,-18,-30,-17,-25,-18,-26,-21,-23,-21,-25,-20,-20,-22,-28,-20,-22,-22,-22,-16,-20,-26,-21,-21,-22,-25,-18,-23,-22,-21,-22,-17,-21,-18,-22,-21,-23,-18,-18,-20,-22,-16,-17,-18,-18,-13,-15,-17,-17,-13,-16,-17,-17,-15,-17,-15,-17,-11,-16,-10,-16,-8,-16,0,0,0,0,0,0,0,0,0,0]"""
1782031926321,2026-06-21T17:52:06.321,safe,posture,mhw,standing_still,t017,"CSI_DATA,534263,1a:00:00:00:00:00,-43,11,-99,17,28,11,509108691,47,2,256,0,""[0,0,0,0,0,0,0,0,0,0,0,0,1,6,1,8,2,7,1,10,0,7,1,12,-1,11,-1,10,0,12,-1,10,-1,15,0,13,-1,13,-1,15,-3,15,-1,11,-3,18,-2,17,-5,20,-7,20,-6,18,-5,17,-7,16,-3,18,-5,21,-5,20,-6,18,-6,21,-5,17,-5,21,-6,20,-7,27,-10,21,-6,20,-7,22,-7,21,-6,18,-1,25,-3,22,-2,20,-6,23,0,22,0,28,-3,26,-5,33,-5,27,-3,27,-6,27,-2,27,-1,30,0,36,0,30,-5,33,-5,31,2,35,-5,39,-3,35,0,0,0,0,0,0,39,6,30,5,42,2,35,6,28,5,36,5,28,3,39,5,27,3,37,7,35,6,28,8,32,3,27,3,35,1,31,1,31,0,27,1,32,2,26,-1,32,-1,28,1,36,0,32,2,28,1,30,2,27,1,31,-1,32,-1,30,0,30,1,33,3,27,-2,33,-2,28,1,40,1,31,6,30,2,32,8,26,6,26,6,32,3,28,5,25,6,26,8,22,5,27,7,22,8,26,15,18,13,20,13,16,15,15,12,15,12,17,13,13,12,11,15,0,0,0,0,0,0,0,0,0,0]"""
1782031926328,2026-06-21T17:52:06.328,safe,posture,mhw,standing_still,t017,"CSI_DATA,534264,1a:00:00:00:00:00,-43,11,-99,18,28,11,509119691,47,2,256,0,""[0,0,0,0,0,0,0,0,0,0,0,0,3,4,6,6,6,4,7,7,7,8,6,7,7,6,7,8,9,8,8,8,8,9,9,9,8,11,9,12,12,11,12,12,11,13,12,13,9,12,11,13,12,15,15,13,15,14,12,14,14,15,14,13,15,15,17,15,15,15,15,13,17,14,15,12,17,9,19,9,22,9,24,12,22,11,19,11,24,11,23,8,24,7,25,7,24,7,25,7,23,3,26,2,28,2,29,0,31,1,30,0,28,3,34,2,35,0,31,1,33,0,33,-3,35,-4,0,0,0,0,0,0,-4,-37,-3,-37,-6,-31,-7,-34,-7,-37,-2,-33,-7,-33,-7,-33,-8,-33,-7,-28,-12,-26,-12,-30,-15,-31,-14,-31,-9,-28,-13,-30,-17,-26,-15,-26,-14,-28,-18,-26,-17,-24,-18,-28,-17,-19,-20,-18,-20,-20,-24,-22,-23,-22,-20,-19,-22,-22,-23,-19,-24,-23,-25,-20,-25,-20,-24,-19,-25,-18,-22,-15,-25,-15,-24,-14,-28,-15,-26,-18,-24,-18,-19,-20,-23,-19,-22,-20,-23,-18,-20,-18,-18,-18,-19,-17,-14,-14,-15,-14,-17,-15,-15,-14,-15,-17,-15,-17,-9,-15,-11,-18,-8,-17,0,0,0,0,0,0,0,0,0,0]"""
1782031926335,2026-06-21T17:52:06.335,safe,posture,mhw,standing_still,t017,"CSI_DATA,534265,1a:00:00:00:00:00,-43,11,-99,18,28,11,509130691,47,2,256,0,""[0,0,0,0,0,0,0,0,0,0,0,0,-7,-1,-9,0,-7,-1,-9,0,-8,1,-11,-2,-11,-1,-11,-1,-11,-1,-11,-1,-14,0,-13,-2,-13,-1,-12,-1,-15,-2,-13,-3,-17,-3,-17,-1,-20,-2,-19,-4,-18,-6,-18,-3,-18,-3,-20,-2,-20,-2,-19,-2,-20,-3,-22,-1,-20,-3,-22,0,-19,0,-26,-1,-23,0,-22,0,-24,0,-23,0,-22,2,-24,6,-24,3,-22,4,-24,7,-19,8,-25,8,-24,9,-30,12,-25,12,-25,12,-26,12,-23,12,-24,14,-28,19,-25,15,-29,17,-29,15,-28,20,-31,18,-29,19,0,0,0,0,0,0,23,30,20,26,28,31,22,26,20,23,25,28,20,24,25,28,23,22,24,28,26,24,23,22,23,20,22,20,29,19,25,17,26,17,25,14,25,17,23,13,29,14,26,12,31,15,29,14,29,11,26,12,28,11,31,8,30,11,29,7,26,8,30,9,28,8,33,6,30,7,36,9,31,9,30,8,29,11,26,9,28,8,33,7,28,11,25,6,25,7,23,8,25,11,24,8,26,13,22,11,20,11,18,12,18,11,15,11,19,12,15,11,14,12,0,0,0,0,0,0,0,0,0,0]"""
1782031926342,2026-06-21T17:52:06.342,safe,posture,mhw,standing_still,t017,"CSI_DATA,534266,1a:00:00:00:00:00,-43,11,-99,17,28,11,509141691,47,2,256,0,""[0,0,0,0,0,0,0,0,0,0,0,0,7,0,10,-1,7,0,8,1,8,-2,10,1,11,-1,10,0,11,1,10,0,13,-1,13,0,15,0,13,0,16,0,15,0,18,0,16,0,17,2,18,0,16,-1,18,1,17,3,22,0,22,1,21,1,18,1,22,0,20,0,23,-2,18,-1,26,0,23,0,21,0,23,-1,25,-2,22,-5,25,-8,23,-5,21,-7,23,-5,22,-8,26,-11,23,-10,30,-12,27,-12,26,-13,27,-11,23,-12,26,-13,28,-18,26,-15,30,-16,30,-15,27,-20,30,-20,28,-20,0,0,0,0,0,0,-20,-32,-17,-27,-23,-33,-20,-27,-17,-22,-22,-28,-20,-25,-22,-31,-20,-22,-23,-27,-22,-27,-20,-23,-20,-22,-20,-21,-26,-22,-23,-20,-25,-20,-23,-17,-26,-18,-22,-16,-28,-16,-25,-15,-28,-18,-28,-17,-26,-15,-23,-15,-25,-13,-31,-12,-27,-12,-28,-13,-25,-12,-28,-13,-25,-11,-31,-11,-28,-11,-33,-15,-28,-15,-28,-12,-28,-15,-25,-13,-23,-12,-27,-13,-26,-13,-23,-11,-25,-13,-22,-12,-23,-16,-20,-12,-23,-18,-17,-13,-17,-15,-15,-15,-15,-15,-13,-16,-15,-16,-10,-15,-11,-15,0,0,0,0,0,0,0,0,0,0]"""
1782031926349,2026-06-21T17:52:06.349,safe,posture,mhw,standing_still,t017,"CSI_DATA,534267,1a:00:00:00:00:00,-43,11,-99,17,28,11,509152691,47,2,256,0,""[0,0,0,0,0,0,0,0,0,0,0,0,-3,6,-5,7,-2,5,-6,8,-3,7,-5,8,-8,8,-7,7,-8,10,-7,7,-10,8,-10,10,-11,11,-10,11,-12,12,-8,11,-10,12,-11,11,-12,13,-15,15,-15,12,-13,13,-13,11,-13,15,-13,15,-13,15,-13,13,-17,15,-12,15,-13,17,-15,15,-16,20,-16,15,-13,17,-13,16,-12,18,-13,17,-11,21,-11,18,-12,20,-13,22,-6,22,-8,26,-12,25,-12,28,-12,23,-10,26,-13,26,-8,28,-7,28,-7,33,-6,30,-10,36,-8,31,-6,36,-8,35,-8,32,0,0,0,0,0,0,36,10,30,7,39,8,36,10,30,6,37,10,30,7,39,6,30,6,35,10,35,6,28,8,31,2,28,6,32,3,31,2,33,0,31,1,32,2,26,-2,32,-3,31,-1,32,-2,32,-1,28,0,31,-3,28,0,30,-6,31,-5,30,-6,30,-3,33,-3,25,-7,31,-10,28,-6,37,-6,31,-1,30,-5,31,0,30,-2,28,-3,30,-3,28,-3,28,-2,28,1,23,-3,27,-1,26,2,30,5,23,6,25,5,20,7,21,2,20,8,21,6,17,6,17,8,0,0,0,0,0,0,0,0,0,0]"""
1782031926356,2026-06-21T17:52:06.356,safe,posture,mhw,standing_still,t017,"CSI_DATA,534268,1a:00:00:00:00:00,-43,11,-99,17,28,11,509163691,47,2,256,0,""[0,0,0,0,0,0,0,0,0,0,0,0,6,5,7,5,5,6,6,7,6,5,7,7,8,6,8,7,10,6,10,7,11,8,12,7,11,7,12,8,12,11,13,7,16,10,13,8,15,10,13,7,12,10,21,8,16,11,17,10,20,11,17,8,17,10,21,10,18,7,22,6,20,8,23,6,21,5,22,3,23,5,25,1,21,1,21,0,23,-2,25,-2,27,0,22,-7,26,-7,26,-6,30,-8,23,-6,26,-11,26,-11,26,-13,25,-16,26,-17,26,-20,30,-18,23,-16,27,-20,27,-23,30,-21,0,0,0,0,0,0,-26,-28,-27,-27,-31,-23,-23,-23,-26,-18,-27,-25,-25,-18,-30,-20,-27,-18,-31,-16,-27,-13,-26,-13,-32,-12,-26,-11,-30,-10,-31,-8,-31,-5,-30,-5,-32,-7,-27,-1,-31,1,-31,-2,-31,0,-30,2,-30,1,-32,6,-30,5,-30,7,-31,7,-28,8,-30,7,-33,7,-26,11,-28,12,-28,10,-32,12,-26,10,-27,13,-30,11,-28,13,-26,12,-27,12,-26,13,-25,13,-28,10,-22,11,-26,11,-25,8,-23,7,-21,8,-22,7,-20,6,-20,10,-21,5,-18,7,-18,6,-17,3,0,0,0,0,0,0,0,0,0,0]"""
1782031926367,2026-06-21T17:52:06.367,safe,posture,mhw,standing_still,t017,"CSI_DATA,534535,1a:00:00:00:00:00,-43,11,-99,18,28,11,512100692,47,2,256,0,""[0,0,0,0,0,0,0,0,0,0,0,0,-1,-7,1,-8,-1,-7,0,-8,0,-8,-1,-8,-1,-9,0,-9,-1,-13,0,-11,2,-13,0,-13,0,-14,1,-14,2,-15,1,-17,2,-17,3,-17,2,-14,-1,-15,1,-17,-1,-20,1,-20,2,-19,2,-20,1,-19,3,-23,1,-22,1,-20,0,-20,0,-22,-1,-22,-2,-22,-3,-20,-4,-23,-3,-24,-4,-23,-3,-23,-6,-23,-6,-25,-6,-25,-8,-23,-7,-25,-9,-25,-9,-20,-12,-22,-14,-23,-17,-24,-17,-26,-15,-28,-14,-26,-18,-29,-18,-30,-15,-26,-18,-30,-20,-28,-20,-26,0,0,0,0,0,0,-31,20,-30,18,-26,19,-28,20,-28,22,-30,17,-29,20,-25,20,-28,19,-22,20,-22,23,-19,22,-22,26,-20,25,-23,19,-20,23,-19,26,-19,25,-19,23,-15,24,-14,24,-18,25,-12,23,-11,25,-13,26,-12,29,-12,28,-13,24,-12,29,-9,29,-12,29,-12,30,-12,30,-12,29,-12,28,-11,28,-8,26,-8,29,-8,30,-9,30,-11,26,-14,24,-12,28,-13,25,-15,24,-12,23,-14,23,-15,22,-12,19,-11,19,-11,20,-11,20,-13,18,-12,17,-13,12,-13,14,-15,14,0,0,0,0,0,0,0,0,0,0]"""
1782031926374,2026-06-21T17:52:06.374,safe,posture,mhw,standing_still,t017,"CSI_DATA,534536,1a:00:00:00:00:00,-43,11,-99,17,28,11,512111997,47,2,256,0,""[0,0,0,0,0,0,0,0,0,0,0,0,-7,0,-6,-2,-8,-1,-7,-1,-10,-1,-7,-1,-7,-2,-11,-2,-11,-3,-12,-2,-10,-3,-12,-3,-13,-3,-13,-5,-13,-3,-17,-6,-16,-5,-15,-6,-13,-5,-15,-3,-17,-3,-20,-6,-20,-6,-16,-6,-17,-8,-17,-7,-20,-8,-18,-6,-22,-7,-20,-6,-21,-6,-17,-5,-21,-3,-21,-5,-22,-2,-25,-5,-23,-3,-22,-3,-23,-6,-27,-3,-25,-1,-30,-1,-23,-2,-27,1,-20,-1,-27,2,-27,0,-27,6,-31,5,-30,5,-26,1,-33,2,-33,5,-33,3,-32,2,-32,3,-32,7,0,0,0,0,0,0,6,35,6,40,6,28,8,32,6,40,3,32,8,36,7,28,6,35,7,27,10,26,11,31,12,31,12,31,8,27,8,28,12,27,12,30,11,27,13,30,15,23,16,28,15,21,16,22,16,25,18,25,17,26,16,22,17,26,20,23,20,27,20,23,18,27,18,22,18,25,15,21,21,22,18,23,21,22,18,25,16,25,12,23,15,27,15,26,13,26,13,25,10,22,12,22,7,17,8,21,7,20,10,20,8,22,5,22,2,18,1,20,0,18,0,0,0,0,0,0,0,0,0,0]"""
1782031926381,2026-06-21T17:52:06.381,safe,posture,mhw,standing_still,t017,"CSI_DATA,534537,1a:00:00:00:00:00,-43,11,-99,17,28,11,512122850,47,2,256,0,""[0,0,0,0,0,0,0,0,0,0,0,0,1,-6,2,-7,1,-6,1,-8,1,-7,2,-8,2,-11,2,-7,2,-11,3,-8,5,-12,3,-12,5,-13,2,-13,7,-16,3,-12,3,-17,5,-17,6,-16,8,-15,7,-12,6,-18,8,-15,7,-20,8,-18,7,-18,7,-20,10,-21,3,-17,5,-21,7,-17,8,-26,8,-21,7,-20,10,-21,7,-22,7,-20,2,-23,3,-22,3,-20,6,-23,-1,-23,-1,-27,2,-27,2,-32,5,-25,2,-28,6,-28,0,-26,1,-31,-3,-35,-3,-32,1,-35,1,-30,-5,-36,0,-36,1,-35,0,0,0,0,0,0,-36,-1,-31,-1,-40,2,-33,0,-30,-1,-37,0,-28,2,-36,1,-31,3,-35,0,-33,1,-30,-1,-32,2,-28,-1,-32,3,-30,6,-28,6,-27,6,-31,3,-23,8,-30,12,-28,7,-32,10,-30,7,-27,6,-30,8,-26,6,-27,13,-28,10,-26,12,-27,10,-32,10,-23,12,-28,15,-28,12,-33,12,-30,7,-28,7,-30,7,-27,6,-27,7,-30,11,-28,6,-23,6,-26,3,-23,6,-27,6,-25,2,-30,1,-22,-2,-23,-1,-20,-6,-20,-2,-20,-5,-20,-2,-18,-3,-18,-6,0,0,0,0,0,0,0,0,0,0]"""
1782031926388,2026-06-21T17:52:06.388,safe,posture,mhw,standing_still,t017,"CSI_DATA,534538,1a:00:00:00:00:00,-43,11,-99,14,29,11,512133692,47,2,256,0,""[0,0,0,0,0,0,0,0,0,0,0,0,-7,0,-7,0,-8,1,-8,0,-8,0,-8,1,-9,1,-12,0,-12,-1,-13,-1,-14,-3,-13,0,-13,-1,-15,-1,-14,-2,-18,-3,-17,-3,-17,-3,-13,-3,-18,-1,-18,-1,-20,-3,-20,-3,-17,-6,-20,-4,-19,-6,-20,-7,-20,-6,-22,-6,-20,-4,-22,-6,-19,-3,-20,-3,-22,-3,-23,-2,-26,-2,-25,-3,-23,-4,-23,-3,-25,-2,-25,-3,-28,-2,-24,-2,-28,-1,-23,1,-26,1,-28,2,-30,3,-31,2,-33,2,-29,-2,-34,1,-34,1,-33,0,-34,1,-35,2,-34,3,0,0,0,0,0,0,0,35,-2,41,-1,30,1,35,1,40,-1,31,-1,36,1,33,-3,34,0,29,3,28,2,33,4,34,3,34,1,30,3,31,3,31,1,31,2,30,4,31,7,28,3,33,6,26,9,25,8,29,11,30,8,31,4,28,7,31,9,29,6,31,9,30,7,34,8,29,7,31,6,26,8,29,9,28,8,30,7,33,4,30,1,29,2,29,1,29,1,29,0,28,-2,25,-2,26,-1,20,-1,22,-2,22,-2,23,-4,23,-6,22,-7,17,-9,18,-9,15,0,0,0,0,0,0,0,0,0,0]"""
1782031926395,2026-06-21T17:52:06.395,safe,posture,mhw,standing_still,t017,"CSI_DATA,534539,1a:00:00:00:00:00,-43,11,-99,18,28,11,512146329,47,2,256,0,""[0,0,0,0,0,0,0,0,0,0,0,0,-7,0,-8,0,-6,0,-8,-1,-7,0,-9,-2,-11,-2,-11,-2,-12,0,-11,-2,-13,-2,-14,-3,-14,-3,-13,-3,-15,-6,-11,-4,-17,-6,-17,-4,-17,-7,-19,-9,-15,-7,-18,-8,-14,-9,-17,-8,-19,-9,-17,-9,-17,-9,-19,-12,-17,-7,-20,-8,-18,-8,-24,-11,-19,-12,-18,-11,-20,-12,-19,-11,-19,-9,-23,-8,-23,-7,-19,-7,-22,-11,-23,-2,-26,-4,-26,-9,-30,-11,-24,-9,-28,-9,-26,-14,-24,-9,-29,-11,-34,-6,-30,-4,-30,-11,-30,-11,-34,-4,-34,-9,-31,-11,0,0,0,0,0,0,-13,35,-13,28,-11,39,-13,31,-12,26,-15,34,-8,28,-13,34,-9,29,-12,35,-14,31,-17,26,-11,30,-11,26,-11,29,-8,30,-9,30,-6,28,-12,31,-4,26,-4,30,-6,28,-8,34,-9,30,-8,26,-7,29,-8,28,-3,31,-6,30,-6,29,-6,28,-11,30,-2,28,-3,30,-7,28,-9,35,-11,28,-11,28,-13,29,-12,25,-13,23,-11,28,-11,28,-11,23,-15,23,-9,22,-13,23,-15,19,-18,23,-18,14,-17,17,-18,12,-15,13,-15,11,-15,13,-15,11,-17,8,0,0,0,0,0,0,0,0,0,0]"""
1782031926404,2026-06-21T17:52:06.404,safe,posture,mhw,standing_still,t017,"CSI_DATA,534540,1a:00:00:00:00:00,-43,11,-99,18,28,11,512155692,47,2,256,0,""[0,0,0,0,0,0,0,0,0,0,0,0,-7,-1,-8,-1,-8,0,-8,0,-7,0,-9,-1,-11,-2,-11,-2,-12,-2,-9,-3,-12,-3,-14,-3,-13,-3,-13,-4,-15,-6,-13,-4,-15,-7,-14,-7,-17,-8,-18,-9,-15,-11,-13,-9,-14,-11,-18,-11,-17,-9,-17,-11,-14,-11,-18,-12,-14,-12,-18,-11,-17,-11,-20,-15,-20,-13,-19,-13,-18,-13,-17,-14,-18,-9,-23,-12,-20,-13,-19,-11,-20,-13,-20,-9,-25,-11,-25,-11,-28,-15,-25,-13,-24,-12,-24,-13,-23,-12,-26,-13,-30,-14,-26,-12,-30,-13,-29,-18,-30,-14,-28,-19,-31,-14,0,0,0,0,0,0,-20,26,-17,25,-19,35,-18,29,-18,25,-19,30,-15,25,-19,31,-15,25,-22,30,-20,28,-17,23,-18,25,-17,23,-18,26,-17,25,-15,26,-14,24,-17,25,-13,24,-15,28,-13,26,-17,29,-17,28,-15,24,-15,24,-15,23,-13,28,-14,26,-14,26,-14,23,-17,28,-15,24,-15,29,-14,26,-20,30,-19,23,-19,24,-20,23,-19,19,-19,20,-22,24,-23,19,-19,15,-20,18,-20,15,-22,17,-20,14,-25,14,-19,9,-22,9,-19,6,-20,4,-19,3,-20,6,-18,2,-17,1,0,0,0,0,0,0,0,0,0,0]"""
1782031926411,2026-06-21T17:52:06.411,safe,posture,mhw,standing_still,t017,"CSI_DATA,534541,1a:00:00:00:00:00,-43,11,-99,18,28,11,512166692,47,2,256,0,""[0,0,0,0,0,0,0,0,0,0,0,0,6,-1,7,-3,6,-1,9,-2,8,-1,9,1,11,0,8,1,12,0,11,0,11,1,14,1,13,1,14,2,15,4,13,1,17,2,14,4,18,4,15,8,14,9,19,3,15,9,19,7,20,11,19,8,17,9,22,12,19,7,20,8,17,11,23,11,18,12,18,11,19,12,20,9,20,8,22,8,20,7,22,9,23,13,22,7,25,8,25,12,29,12,22,12,26,11,26,15,25,11,26,13,31,11,29,8,30,14,26,14,35,9,31,17,31,15,0,0,0,0,0,0,22,-33,18,-26,22,-31,20,-26,17,-26,23,-30,15,-24,20,-30,18,-25,23,-26,22,-28,22,-20,18,-25,19,-22,19,-25,18,-26,17,-26,17,-23,20,-25,12,-22,15,-28,17,-24,17,-25,18,-23,19,-20,17,-24,18,-22,17,-26,18,-26,15,-24,17,-23,20,-28,12,-24,15,-28,19,-23,23,-28,23,-18,23,-22,24,-19,23,-19,22,-17,22,-20,22,-17,22,-15,25,-13,18,-14,22,-14,24,-11,26,-9,23,-3,22,-4,23,-1,20,-3,20,0,20,-2,19,-1,19,2,0,0,0,0,0,0,0,0,0,0]"""
1782031926419,2026-06-21T17:52:06.419,safe,posture,mhw,standing_still,t017,"CSI_DATA,534542,1a:00:00:00:00:00,-43,11,-99,17,28,11,512177692,47,2,256,0,""[0,0,0,0,0,0,0,0,0,0,0,0,-7,0,-7,-1,-7,0,-8,-1,-8,-1,-8,-2,-10,-3,-8,-3,-12,-3,-8,-3,-12,-6,-12,-7,-12,-7,-12,-7,-13,-8,-11,-6,-15,-10,-12,-7,-15,-11,-16,-13,-15,-10,-15,-13,-10,-13,-15,-15,-13,-15,-15,-15,-12,-15,-13,-18,-11,-12,-15,-16,-15,-16,-18,-20,-12,-18,-15,-18,-13,-20,-13,-17,-13,-15,-17,-17,-13,-17,-15,-17,-13,-20,-18,-15,-20,-17,-17,-20,-22,-27,-12,-21,-18,-21,-15,-25,-17,-21,-20,-23,-25,-25,-21,-22,-21,-26,-18,-27,-25,-26,-22,-28,-17,-27,0,0,0,0,0,0,-31,16,-27,13,-33,21,-31,15,-26,12,-32,17,-27,15,-32,15,-26,13,-35,15,-35,12,-27,8,-30,11,-27,8,-31,12,-30,12,-28,13,-27,11,-31,11,-23,12,-26,15,-26,12,-30,13,-28,11,-27,7,-28,10,-25,6,-28,13,-30,12,-26,10,-27,8,-31,7,-25,11,-28,12,-27,7,-36,10,-32,3,-30,3,-32,1,-30,0,-28,1,-31,3,-28,-2,-25,-1,-26,-5,-25,0,-27,-3,-25,-6,-28,-10,-18,-8,-21,-10,-16,-13,-17,-12,-17,-12,-17,-11,-15,-12,-11,-13,0,0,0,0,0,0,0,0,0,0]"""
1782031926427,2026-06-21T17:52:06.427,safe,posture,mhw,standing_still,t017,"CSI_DATA,534543,1a:00:00:00:00:00,-43,11,-99,17,28,11,512188692,47,2,256,0,""[0,0,0,0,0,0,0,0,0,0,0,0,-6,-3,-6,-3,-7,-5,-7,-5,-7,-5,-6,-6,-7,-5,-11,-6,-8,-7,-10,-7,-8,-8,-10,-7,-11,-7,-10,-10,-11,-7,-12,-11,-12,-11,-11,-12,-12,-15,-12,-8,-12,-11,-13,-12,-15,-13,-15,-15,-15,-15,-13,-15,-16,-13,-16,-13,-16,-16,-15,-15,-17,-15,-15,-15,-18,-15,-17,-13,-20,-13,-18,-13,-18,-13,-21,-12,-21,-13,-22,-12,-21,-10,-21,-13,-21,-13,-25,-10,-23,-10,-27,-10,-26,-12,-26,-8,-27,-11,-30,-10,-30,-11,-28,-10,-31,-10,-31,-12,-32,-10,-30,-10,-35,-7,0,0,0,0,0,0,-10,32,-8,33,-7,32,-6,36,-10,35,-7,32,-8,35,-11,32,-8,31,-8,32,-5,32,-3,32,-5,30,-3,31,-2,31,-2,30,-1,32,-1,30,0,26,-2,31,1,30,1,30,2,27,1,30,3,32,1,27,5,31,5,28,5,28,5,30,5,32,7,27,3,32,6,31,5,28,3,30,7,32,3,28,6,31,2,28,3,27,1,30,1,30,1,28,1,28,-5,27,-2,25,0,23,-3,22,-2,26,-3,21,-3,22,-6,20,-5,18,-6,20,-8,16,-8,18,0,0,0,0,0,0,0,0,0,0]"""
1782031926434,2026-06-21T17:52:06.434,safe,posture,mhw,standing_still,t017,"CSI_DATA,534544,1a:00:00:00:00:00,-44,11,-99,19,28,11,512199692,47,2,256,0,""[0,0,0,0,0,0,0,0,0,0,0,0,4,3,7,5,7,4,7,7,4,4,8,7,7,8,5,8,9,8,8,8,9,8,10,9,10,8,13,9,11,10,11,8,16,9,11,10,15,10,14,8,10,9,19,9,14,13,16,10,19,10,19,9,17,9,21,10,16,5,22,5,20,7,24,5,20,7,21,4,22,5,22,2,21,2,23,1,24,-1,24,0,28,0,21,-7,27,-7,28,-7,29,-8,26,-5,27,-10,28,-8,26,-13,28,-14,27,-17,27,-17,29,-19,27,-17,23,-23,28,-23,24,-21,0,0,0,0,0,0,-23,-27,-22,-24,-28,-24,-23,-26,-24,-20,-27,-22,-24,-17,-30,-21,-27,-17,-28,-20,-27,-15,-26,-17,-29,-13,-26,-11,-29,-13,-29,-9,-30,-7,-28,-5,-30,-9,-26,0,-32,0,-29,-3,-32,-1,-28,-2,-28,-1,-32,3,-27,2,-28,5,-32,5,-29,7,-29,7,-34,7,-24,13,-27,13,-28,8,-33,11,-27,9,-28,10,-29,9,-29,13,-26,9,-28,13,-27,13,-23,10,-26,9,-21,11,-24,10,-23,7,-26,9,-21,4,-23,7,-21,4,-20,7,-20,4,-20,4,-19,3,-20,3,0,0,0,0,0,0,0,0,0,0]"""
1782031926441,2026-06-21T17:52:06.441,safe,posture,mhw,standing_still,t017,"CSI_DATA,534545,1a:00:00:00:00:00,-43,11,-99,18,28,11,512211422,47,2,256,0,""[0,0,0,0,0,0,0,0,0,0,0,0,0,7,-1,6,0,8,-1,8,0,9,-1,8,0,8,1,11,-1,11,2,11,-1,12,0,13,0,13,-1,14,0,14,0,17,1,17,0,19,1,14,1,13,0,19,1,19,2,22,1,18,0,20,1,20,2,22,3,22,2,23,4,19,4,23,4,18,9,19,8,19,11,20,9,23,13,22,8,20,11,20,14,22,15,18,15,23,17,19,20,18,17,15,20,15,20,19,25,15,26,19,26,18,22,17,26,18,28,18,31,18,29,18,29,15,33,15,0,0,0,0,0,0,11,-34,17,-37,11,-29,7,-33,11,-39,9,-31,8,-34,6,-30,8,-36,4,-28,3,-29,2,-31,0,-34,-1,-34,2,-31,-2,-31,-2,-31,-4,-33,-4,-30,-8,-34,-8,-25,-8,-30,-8,-23,-12,-25,-13,-26,-14,-28,-13,-30,-12,-24,-13,-29,-18,-26,-17,-26,-18,-24,-19,-29,-15,-24,-19,-23,-14,-20,-22,-22,-19,-22,-22,-22,-20,-24,-20,-24,-14,-22,-15,-24,-17,-24,-15,-22,-17,-24,-13,-20,-18,-22,-11,-14,-13,-19,-13,-17,-14,-18,-11,-17,-13,-18,-8,-17,-7,-17,-7,-17,0,0,0,0,0,0,0,0,0,0]"""
1782031926450,2026-06-21T17:52:06.450,safe,posture,mhw,standing_still,t017,"CSI_DATA,534546,1a:00:00:00:00:00,-43,11,-99,15,28,11,512221692,47,2,256,0,""[0,0,0,0,0,0,0,0,0,0,0,0,-1,-17,-29,12,5,20,-10,34,-28,26,-17,14,12,-1,16,0,-12,6,0,16,-24,16,2,18,0,17,-12,1,-4,17,-17,9,-13,1,-13,1,-12,4,-14,17,-22,17,-12,12,-18,13,-16,12,-14,12,-16,13,-18,12,-14,9,-21,12,-17,12,-20,13,-16,10,-17,13,-18,12,-18,14,-18,14,-20,14,-18,16,-20,17,-18,20,-17,17,-24,17,-22,13,-20,20,-16,13,-18,21,-21,18,-16,22,-24,21,-21,22,-22,20,-22,22,-26,18,-25,25,-25,24,-24,21,-25,25,0,0,0,0,0,0,21,28,26,30,21,22,21,28,25,32,20,25,24,29,18,25,21,30,17,24,17,24,22,24,20,26,25,24,20,21,20,21,24,24,21,24,18,20,22,28,20,20,24,22,18,16,20,20,24,21,21,21,25,21,22,18,22,21,24,20,24,21,22,17,22,26,20,22,22,21,18,20,24,21,18,24,22,21,18,25,18,25,13,25,16,25,14,26,12,22,12,28,8,22,12,25,6,18,9,24,5,21,8,21,2,21,4,22,1,20,0,20,-1,18,0,0,0,0,0,0,0,0,0,0]"""
1782031926458,2026-06-21T17:52:06.458,safe,posture,mhw,standing_still,t017,"CSI_DATA,534547,1a:00:00:00:00:00,-43,11,-99,18,28,11,512232692,47,2,256,0,""[0,0,0,0,0,0,0,0,0,0,0,0,-4,-4,-6,-4,-6,-4,-4,-6,-6,-6,-7,-7,-6,-4,-4,-6,-9,-7,-7,-8,-7,-11,-8,-12,-8,-11,-8,-11,-8,-14,-8,-12,-9,-14,-8,-13,-8,-14,-9,-17,-8,-14,-8,-18,-6,-15,-7,-18,-7,-19,-7,-18,-6,-20,-7,-22,-6,-18,-9,-19,-7,-20,-9,-24,-8,-22,-8,-19,-7,-22,-8,-22,-8,-20,-9,-20,-9,-22,-9,-20,-8,-24,-13,-22,-13,-23,-12,-25,-13,-26,-9,-23,-14,-26,-13,-25,-17,-24,-13,-28,-17,-28,-17,-26,-15,-31,-13,-28,-18,-30,-15,-31,-14,-31,0,0,0,0,0,0,-34,12,-34,9,-35,13,-31,9,-31,8,-36,8,-29,11,-35,11,-29,9,-33,9,-31,8,-29,4,-31,12,-28,7,-30,4,-29,11,-30,12,-29,9,-33,8,-26,11,-26,13,-28,8,-29,11,-26,12,-26,9,-30,14,-28,9,-28,9,-29,11,-29,12,-29,9,-31,9,-26,11,-29,12,-29,8,-33,9,-30,6,-28,9,-29,6,-29,6,-28,4,-31,3,-29,2,-26,1,-29,-2,-25,1,-26,-1,-24,-3,-25,-4,-20,-4,-22,-3,-19,-8,-18,-7,-15,-8,-18,-11,-18,-9,-15,-12,0,0,0,0,0,0,0,0,0,0]"""
1782031926464,2026-06-21T17:52:06.464,safe,posture,mhw,standing_still,t017,"CSI_DATA,534548,1a:00:00:00:00:00,-43,11,-99,19,28,11,512243692,47,2,256,0,""[0,0,0,0,0,0,0,0,0,0,0,0,4,5,4,7,3,5,5,7,5,5,5,8,5,9,4,9,4,10,3,10,4,11,7,11,5,11,4,14,3,17,4,13,4,16,3,16,3,19,1,19,-3,16,3,19,-2,16,1,21,1,21,3,21,-1,21,-2,24,1,17,1,24,0,20,0,27,-2,23,0,22,-2,23,-1,22,0,21,1,26,3,22,0,22,-2,26,3,22,2,28,0,27,0,34,-1,26,2,28,-1,29,0,28,0,29,3,33,5,32,0,35,-1,32,4,32,0,36,-1,34,0,0,0,0,0,0,38,7,32,5,40,5,33,8,28,4,38,10,28,3,39,10,28,5,38,8,34,9,27,10,33,7,24,9,33,7,32,5,30,3,29,5,33,9,24,2,33,3,27,7,33,7,29,8,27,9,30,7,26,7,30,4,30,4,29,4,28,5,30,11,24,4,32,5,28,8,35,11,27,14,28,13,27,14,24,14,22,13,27,14,27,14,22,13,22,20,20,13,21,16,16,17,20,23,13,19,13,19,9,19,9,19,7,16,9,19,5,16,4,17,0,0,0,0,0,0,0,0,0,0]"""
1782031926473,2026-06-21T17:52:06.473,safe,posture,mhw,standing_still,t017,"CSI_DATA,534549,1a:00:00:00:00:00,-43,11,-99,19,28,11,512254692,47,2,256,0,""[0,0,0,0,0,0,0,0,0,0,0,0,3,-8,3,-7,4,-7,5,-5,5,-7,7,-7,7,-8,8,-5,8,-8,9,-7,9,-8,11,-8,10,-7,14,-7,14,-7,14,-8,14,-8,17,-8,15,-7,13,-5,15,-5,20,-8,19,-4,19,-2,21,-3,19,-4,21,-3,21,-3,21,-4,21,-4,22,-2,21,-3,20,-4,22,-3,23,-2,24,-4,24,-3,23,-2,23,-2,24,-4,24,-4,26,-5,26,-4,28,-3,26,-4,23,-5,27,-4,29,-7,29,-7,30,-4,28,-4,33,-4,34,-3,33,-2,35,-3,33,-2,36,-1,0,0,0,0,0,0,2,-39,3,-40,3,-33,2,-36,3,-38,7,-33,5,-32,4,-34,7,-34,5,-29,5,-30,7,-28,4,-34,7,-33,8,-29,9,-32,5,-32,8,-29,9,-30,4,-30,3,-29,5,-32,4,-26,4,-28,7,-28,5,-32,8,-30,7,-27,8,-30,5,-28,10,-30,11,-30,8,-30,8,-29,10,-29,10,-28,11,-27,11,-27,14,-28,14,-29,16,-26,17,-22,19,-23,20,-21,20,-20,17,-21,20,-16,22,-16,17,-11,19,-11,21,-10,21,-10,21,-10,20,-8,19,-4,21,-4,20,-1,0,0,0,0,0,0,0,0,0,0]"""
1782031926484,2026-06-21T17:52:06.484,safe,posture,mhw,standing_still,t017,"CSI_DATA,534550,1a:00:00:00:00:00,-43,11,-99,14,29,11,512265692,47,2,256,0,""[0,0,0,0,0,0,0,0,0,0,0,0,1,6,1,8,1,6,0,7,1,7,0,11,-1,11,-1,11,-1,13,-2,11,-2,12,-3,14,-2,13,-4,14,-8,15,-3,13,-6,15,-8,15,-9,19,-11,15,-13,14,-9,17,-12,13,-13,15,-12,18,-13,15,-13,13,-17,15,-11,14,-14,17,-14,14,-17,19,-17,13,-15,17,-17,17,-17,15,-13,15,-18,18,-15,17,-15,17,-20,17,-14,20,-18,22,-20,17,-25,23,-20,15,-20,22,-22,18,-20,19,-23,20,-25,24,-25,24,-28,24,-26,18,-28,22,-31,23,-29,20,0,0,0,0,0,0,14,35,13,28,17,35,12,34,9,29,11,36,9,26,11,37,9,29,11,35,9,33,6,29,11,31,7,28,6,31,8,31,9,30,8,29,6,35,9,24,9,31,6,29,9,31,7,31,3,28,7,30,2,26,7,29,6,30,6,29,2,29,1,34,6,25,4,31,-1,29,1,36,-2,30,-1,30,-4,29,-6,29,-4,26,-6,30,-7,29,-8,25,-13,24,-7,23,-12,25,-14,20,-15,24,-13,17,-15,18,-17,14,-15,14,-15,12,-15,13,-15,9,-15,7,0,0,0,0,0,0,0,0,0,0]"""
1782031926498,2026-06-21T17:52:06.498,safe,posture,mhw,standing_still,t017,"CSI_DATA,534551,1a:00:00:00:00:00,-43,11,-99,14,29,11,512278191,47,2,256,0,""[0,0,0,0,0,0,0,0,0,0,0,0,7,-3,6,-3,7,-4,7,-4,9,-3,8,-3,7,-4,11,-6,11,-4,12,-6,12,-4,13,-4,13,-6,14,-6,12,-3,19,-6,15,-6,18,-4,17,-2,13,-3,17,-3,19,-3,20,-3,18,-4,20,-3,20,-3,23,-3,18,-4,23,-3,19,-3,20,-6,19,-4,22,-8,20,-6,22,-9,23,-8,25,-7,23,-6,23,-7,25,-9,22,-11,26,-9,23,-8,24,-13,20,-9,25,-15,25,-11,24,-17,28,-15,29,-17,26,-13,29,-13,26,-15,33,-17,30,-17,26,-18,30,-19,0,0,0,0,0,0,-18,-29,-19,-35,-15,-25,-17,-29,-22,-36,-15,-28,-19,-33,-15,-28,-18,-33,-14,-25,-15,-25,-19,-26,-18,-26,-19,-29,-15,-26,-17,-25,-20,-25,-19,-25,-15,-22,-19,-26,-19,-19,-22,-24,-17,-18,-19,-20,-22,-23,-20,-22,-23,-23,-20,-22,-20,-23,-23,-20,-23,-22,-22,-18,-23,-26,-20,-22,-22,-20,-18,-20,-24,-22,-20,-23,-22,-22,-19,-24,-17,-24,-15,-24,-15,-25,-15,-28,-14,-20,-14,-26,-9,-23,-13,-23,-7,-17,-9,-22,-6,-20,-9,-20,-4,-20,-4,-20,-1,-19,-2,-18,0,-18,0,0,0,0,0,0,0,0,0,0]"""
1782031926508,2026-06-21T17:52:06.508,safe,posture,mhw,standing_still,t017,"CSI_DATA,534552,1a:00:00:00:00:00,-43,11,-99,17,28,11,512287692,47,2,256,0,""[0,0,0,0,0,0,0,0,0,0,0,0,-5,-3,-5,-5,-6,-5,-5,-7,-7,-6,-7,-8,-6,-8,-6,-7,-5,-8,-5,-7,-8,-10,-7,-12,-6,-12,-7,-11,-8,-12,-6,-12,-10,-13,-10,-15,-10,-17,-6,-16,-5,-17,-6,-16,-5,-17,-8,-20,-6,-18,-8,-18,-8,-20,-8,-18,-7,-18,-10,-21,-7,-18,-10,-22,-8,-22,-8,-21,-8,-22,-10,-20,-10,-20,-11,-21,-11,-21,-11,-18,-11,-20,-12,-20,-15,-21,-16,-23,-18,-27,-15,-23,-16,-23,-16,-25,-12,-22,-16,-23,-21,-26,-17,-23,-18,-26,-17,-28,-23,-26,-18,-30,-21,-27,0,0,0,0,0,0,-28,20,-26,16,-32,23,-30,17,-25,17,-30,20,-26,17,-31,20,-23,20,-30,17,-28,17,-26,15,-26,18,-25,16,-27,21,-25,18,-23,18,-22,18,-25,18,-22,18,-21,22,-20,20,-23,23,-25,21,-21,20,-22,16,-21,17,-21,23,-21,22,-21,21,-18,18,-23,21,-20,20,-22,23,-20,20,-28,23,-27,18,-23,20,-25,17,-23,13,-22,13,-23,18,-25,15,-22,15,-23,12,-20,13,-25,13,-23,11,-27,7,-22,6,-23,5,-21,3,-20,1,-20,1,-21,3,-18,1,-17,0,0,0,0,0,0,0,0,0,0,0]"""
1782031926519,2026-06-21T17:52:06.519,safe,posture,mhw,standing_still,t017,"CSI_DATA,534553,1a:00:00:00:00:00,-43,11,-99,17,28,11,512298692,47,2,256,0,""[0,0,0,0,0,0,0,0,0,0,0,0,-7,5,-6,2,-7,3,-7,3,-7,3,-8,6,-6,5,-8,5,-8,7,-10,7,-10,6,-12,7,-11,8,-12,7,-15,8,-13,10,-13,10,-16,10,-13,8,-13,8,-15,6,-15,12,-18,10,-17,10,-16,11,-15,12,-18,12,-18,13,-16,15,-15,15,-15,13,-16,15,-13,17,-15,17,-16,18,-13,22,-13,18,-12,17,-12,20,-11,22,-12,22,-8,22,-8,25,-10,25,-7,26,-7,25,-6,28,-6,28,-5,30,-6,31,-5,30,-3,32,-3,33,-3,31,-2,35,-1,37,-1,35,0,0,0,0,0,0,37,0,40,0,32,-2,35,-1,33,-3,35,-2,32,-3,33,-7,31,-3,31,-5,30,-8,30,-6,31,-12,30,-10,28,-7,31,-11,28,-13,28,-12,30,-12,26,-16,23,-18,26,-16,22,-16,21,-17,23,-17,22,-22,22,-20,20,-18,23,-21,21,-22,21,-21,22,-23,18,-23,18,-23,21,-23,20,-23,17,-22,18,-23,17,-23,20,-23,18,-22,18,-22,20,-22,20,-20,20,-20,17,-21,16,-18,18,-20,17,-15,15,-15,17,-16,16,-13,17,-13,16,-12,16,-11,16,-10,18,-8,0,0,0,0,0,0,0,0,0,0]"""
1782031926530,2026-06-21T17:52:06.530,safe,posture,mhw,standing_still,t017,"CSI_DATA,534554,1a:00:00:00:00:00,-43,11,-99,14,29,11,512309692,47,2,256,0,""[0,0,0,0,0,0,0,0,0,0,0,0,1,-7,1,-8,1,-8,2,-8,2,-8,3,-8,2,-8,2,-9,3,-11,4,-12,6,-9,4,-11,7,-12,7,-13,8,-13,9,-15,8,-13,11,-12,9,-12,7,-17,8,-17,12,-17,13,-15,14,-13,15,-13,13,-14,17,-14,15,-15,14,-14,15,-14,17,-14,13,-14,15,-15,14,-18,13,-18,15,-20,15,-18,17,-14,17,-18,18,-20,17,-19,18,-20,17,-20,17,-20,17,-19,15,-20,17,-23,14,-24,18,-26,18,-25,19,-22,22,-26,24,-24,22,-24,24,-24,23,-25,23,-26,0,0,0,0,0,0,-24,-26,-24,-30,-22,-23,-22,-28,-24,-28,-18,-26,-19,-29,-20,-26,-18,-30,-18,-24,-20,-22,-19,-24,-25,-24,-22,-23,-15,-26,-19,-25,-19,-23,-19,-25,-18,-25,-20,-23,-19,-22,-19,-24,-19,-18,-20,-18,-20,-22,-23,-22,-20,-23,-17,-23,-20,-24,-22,-22,-19,-24,-19,-25,-19,-25,-19,-23,-18,-25,-17,-23,-18,-24,-18,-22,-18,-24,-18,-28,-14,-26,-11,-26,-11,-25,-9,-29,-9,-28,-8,-26,-4,-25,-4,-25,-3,-23,-2,-22,-1,-22,-3,-22,0,-23,1,-20,4,-18,6,-22,7,-17,0,0,0,0,0,0,0,0,0,0]"""
1782031926542,2026-06-21T17:52:06.542,safe,posture,mhw,standing_still,t017,"CSI_DATA,534555,1a:00:00:00:00:00,-43,11,-99,15,29,11,512320692,47,2,256,0,""[0,0,0,0,0,0,0,0,0,0,0,0,-8,2,-5,1,-9,3,-8,0,-10,1,-8,0,-9,-1,-11,-1,-9,-1,-13,-1,-13,-2,-13,0,-13,-2,-14,-3,-11,-3,-15,-5,-14,-4,-16,-5,-14,-7,-17,-5,-20,-5,-15,-8,-20,-8,-19,-8,-17,-9,-17,-9,-17,-10,-16,-8,-19,-14,-17,-10,-19,-11,-16,-10,-20,-10,-19,-13,-19,-11,-21,-13,-21,-13,-21,-14,-22,-14,-22,-13,-20,-10,-22,-16,-21,-15,-23,-11,-21,-13,-27,-13,-23,-15,-26,-13,-28,-15,-27,-17,-26,-16,-24,-17,-26,-17,-30,-21,-29,-20,-26,-20,-29,-17,0,0,0,0,0,0,-22,27,-28,30,-20,26,-24,27,-26,27,-21,21,-27,27,-22,23,-26,24,-22,21,-22,20,-23,26,-24,20,-24,24,-24,21,-22,20,-21,23,-21,21,-20,19,-24,23,-20,20,-23,22,-19,19,-19,21,-23,22,-21,20,-23,23,-21,21,-21,21,-21,22,-22,22,-20,20,-26,20,-22,17,-24,17,-22,16,-27,20,-26,15,-24,17,-27,14,-28,14,-27,10,-28,9,-27,9,-23,8,-27,4,-23,2,-24,5,-21,1,-26,3,-23,-1,-22,2,-21,-3,-19,-4,-19,-3,-17,-4,-17,-8,0,0,0,0,0,0,0,0,0,0]"""
1782031926552,2026-06-21T17:52:06.552,safe,posture,mhw,standing_still,t017,"CSI_DATA,534556,1a:00:00:00:00:00,-43,11,-99,23,27,11,512331692,47,2,256,0,""[0,0,0,0,0,0,0,0,0,0,0,0,5,-2,7,-2,7,-2,9,-3,7,-3,11,-4,11,-3,9,-1,11,-4,11,-2,14,-3,14,-5,14,-5,13,-4,16,-3,11,-2,17,-3,14,-4,21,-3,21,-1,19,-3,19,-1,19,-2,21,-4,20,-4,20,-3,20,-3,23,-3,16,-5,22,-7,19,-4,27,-8,23,-4,22,-5,23,-5,20,-5,21,-8,23,-11,22,-10,19,-11,22,-10,17,-14,23,-16,22,-15,27,-20,23,-13,22,-16,24,-15,21,-14,23,-19,24,-23,21,-21,26,-21,24,-21,23,-24,27,-26,26,-22,0,0,0,0,0,0,-26,-26,-22,-22,-29,-29,-22,-27,-19,-22,-27,-27,-22,-20,-28,-26,-24,-20,-27,-28,-26,-23,-20,-22,-23,-20,-20,-19,-27,-19,-28,-15,-27,-16,-24,-14,-27,-20,-22,-10,-30,-13,-26,-14,-30,-14,-28,-15,-24,-13,-24,-13,-23,-11,-30,-8,-29,-10,-28,-8,-26,-9,-30,-14,-26,-4,-32,-8,-28,-9,-36,-13,-29,-14,-28,-10,-27,-14,-23,-13,-24,-10,-29,-11,-27,-9,-22,-9,-24,-13,-23,-9,-27,-13,-20,-13,-27,-20,-17,-16,-17,-16,-16,-15,-14,-15,-14,-13,-15,-15,-14,-14,-10,-14,0,0,0,0,0,0,0,0,0,0]"""
1782031926562,2026-06-21T17:52:06.562,safe,posture,mhw,standing_still,t017,"CSI_DATA,534557,1a:00:00:00:00:00,-43,11,-99,17,28,11,512344734,47,2,256,0,""[0,0,0,0,0,0,0,0,0,0,0,0,-7,0,-8,0,-6,-1,-7,0,-7,2,-10,0,-12,0,-10,-2,-10,1,-12,-1,-13,0,-12,1,-15,2,-13,2,-16,1,-13,3,-16,3,-17,5,-20,2,-16,1,-15,-2,-20,3,-17,1,-22,5,-21,5,-20,7,-18,3,-22,6,-17,7,-20,10,-17,8,-23,11,-20,8,-20,10,-21,12,-18,11,-17,11,-16,18,-16,13,-15,16,-18,16,-11,20,-12,25,-13,23,-16,30,-15,22,-13,26,-16,25,-10,22,-10,30,-8,33,-6,31,-6,32,-10,33,-2,33,-5,36,-5,37,0,0,0,0,0,0,35,1,31,1,37,-1,36,1,28,-1,36,-3,30,-3,37,-6,30,-5,36,-6,32,-7,30,-5,28,-11,30,-7,31,-13,26,-13,26,-16,23,-13,30,-13,20,-18,21,-22,22,-18,26,-22,23,-20,22,-17,21,-21,20,-20,16,-25,17,-26,15,-25,15,-20,18,-27,10,-26,10,-28,12,-26,16,-33,17,-26,12,-27,17,-27,12,-25,12,-25,10,-30,8,-27,7,-23,12,-25,5,-23,7,-27,12,-23,13,-25,11,-20,12,-21,11,-15,10,-18,11,-17,10,-16,10,-16,12,-15,0,0,0,0,0,0,0,0,0,0]"""
1782031926573,2026-06-21T17:52:06.573,safe,posture,mhw,standing_still,t017,"CSI_DATA,534558,1a:00:00:00:00:00,-43,11,-99,17,28,11,512353692,47,2,256,0,""[0,0,0,0,0,0,0,0,0,0,0,0,-5,6,-6,5,-5,5,-7,5,-8,6,-6,7,-5,8,-7,7,-6,10,-8,10,-8,8,-8,11,-6,10,-10,12,-11,11,-8,12,-11,12,-12,13,-10,13,-7,13,-8,13,-11,18,-11,13,-11,15,-13,17,-10,18,-12,16,-12,20,-10,18,-10,17,-11,18,-8,20,-7,21,-5,22,-3,22,-3,23,-3,22,-3,23,-2,23,-1,26,0,26,1,23,1,26,2,27,5,26,8,26,8,27,11,27,11,31,11,27,12,30,11,30,15,32,13,30,15,28,20,31,16,30,0,0,0,0,0,0,30,-21,32,-20,28,-20,27,-22,28,-22,30,-18,25,-22,25,-23,25,-21,22,-21,20,-23,18,-23,17,-28,16,-26,17,-25,15,-26,13,-30,13,-27,15,-30,8,-27,10,-27,11,-26,5,-27,3,-28,5,-27,1,-33,2,-30,3,-28,2,-32,0,-32,2,-31,-1,-32,-1,-30,-1,-30,1,-30,-3,-30,-5,-30,-5,-28,-6,-28,-5,-31,-5,-28,-2,-28,-2,-28,-3,-28,-1,-28,-2,-25,-2,-25,-1,-25,-1,-23,0,-22,-2,-23,-2,-21,-2,-23,-1,-21,1,-17,1,-18,1,-20,0,0,0,0,0,0,0,0,0,0]"""
1782031926583,2026-06-21T17:52:06.583,safe,posture,mhw,standing_still,t017,"CSI_DATA,534559,1a:00:00:00:00:00,-43,11,-99,18,28,11,512364742,47,2,256,0,""[0,0,0,0,0,0,0,0,0,0,0,0,9,2,7,0,6,2,8,2,9,0,11,2,9,1,11,2,9,1,12,1,13,1,13,1,14,1,15,0,14,3,15,3,17,2,17,2,20,2,17,2,17,2,18,2,19,1,19,0,20,1,18,0,20,0,20,-1,20,1,23,-2,22,-1,22,-2,24,-2,23,-4,22,-6,20,-2,22,-6,24,-8,22,-8,22,-11,22,-12,23,-11,22,-13,22,-14,24,-15,23,-18,24,-15,22,-19,23,-18,22,-20,24,-24,20,-22,22,-23,23,-23,24,-25,22,-26,22,-29,0,0,0,0,0,0,-29,-22,-28,-19,-33,-18,-30,-19,-29,-14,-30,-15,-28,-15,-33,-15,-30,-11,-31,-15,-31,-13,-30,-9,-28,-9,-30,-7,-31,-6,-29,-4,-31,-2,-30,-3,-29,-1,-28,-2,-30,-1,-30,3,-30,2,-30,2,-29,4,-29,2,-28,4,-29,9,-30,7,-29,9,-28,7,-28,11,-29,8,-29,12,-28,11,-31,11,-30,11,-29,9,-28,11,-26,8,-26,8,-28,12,-28,9,-25,11,-26,8,-24,8,-24,8,-23,8,-25,6,-24,4,-23,3,-22,3,-19,3,-22,3,-19,3,-18,1,-18,1,0,0,0,0,0,0,0,0,0,0]"""
1782031926593,2026-06-21T17:52:06.593,safe,posture,mhw,standing_still,t017,"CSI_DATA,534560,1a:00:00:00:00:00,-43,11,-99,14,29,11,512375692,47,2,256,0,""[0,0,0,0,0,0,0,0,0,0,0,0,-2,4,-4,6,-4,7,-4,7,-7,7,-6,6,-6,7,-7,7,-9,7,-9,9,-11,7,-9,7,-9,9,-12,9,-13,8,-17,9,-13,9,-15,9,-14,8,-14,8,-18,4,-17,11,-19,9,-17,7,-19,6,-18,8,-19,4,-22,7,-22,9,-19,8,-22,7,-20,7,-20,9,-20,9,-19,9,-23,12,-22,9,-22,8,-22,11,-24,12,-22,12,-23,12,-23,12,-25,13,-22,11,-22,14,-24,17,-23,18,-24,18,-29,17,-25,13,-28,17,-29,17,-30,17,-33,15,-30,18,-28,19,0,0,0,0,0,0,15,34,14,36,13,28,13,33,15,36,8,33,13,33,11,29,11,33,12,26,12,25,14,28,15,31,14,30,9,30,12,28,12,29,11,29,12,28,15,29,14,24,13,29,13,22,14,24,15,25,15,28,14,28,13,25,14,28,14,26,13,29,13,28,13,30,12,25,12,30,12,25,12,28,12,26,13,30,11,29,7,30,4,29,4,29,3,29,1,26,3,28,0,24,0,26,0,22,0,23,-1,23,-3,19,-2,22,-6,22,-7,17,-7,18,-9,15,0,0,0,0,0,0,0,0,0,0]"""
1782031926605,2026-06-21T17:52:06.605,safe,posture,mhw,standing_still,t017,"CSI_DATA,534561,1a:00:00:00:00:00,-43,11,-99,14,29,11,512386692,47,2,256,0,""[0,0,0,0,0,0,0,0,0,0,0,0,8,1,7,1,7,2,8,3,9,2,8,2,9,1,12,4,11,4,13,3,13,3,13,7,13,6,14,6,12,7,13,12,15,9,14,12,11,11,13,9,15,12,13,12,15,14,14,14,14,13,14,14,15,15,15,13,15,19,13,15,14,17,13,15,14,17,14,15,15,15,15,18,15,19,15,18,17,19,20,19,18,14,19,22,17,20,19,18,14,14,23,19,18,20,24,15,22,23,23,22,19,22,20,23,20,26,23,26,24,24,20,24,23,25,0,0,0,0,0,0,26,-20,30,-23,24,-18,26,-19,30,-23,26,-17,33,-19,26,-17,29,-19,26,-15,25,-15,28,-20,26,-14,28,-20,25,-17,24,-18,24,-19,25,-18,22,-14,28,-18,23,-15,26,-17,22,-15,22,-17,26,-18,24,-17,25,-19,23,-19,25,-17,24,-19,25,-19,23,-17,30,-17,26,-13,28,-15,24,-11,28,-14,28,-12,26,-14,30,-11,29,-11,29,-7,29,-7,29,-7,25,-7,29,-1,25,0,26,-3,22,1,24,-1,22,4,22,1,22,3,22,6,18,6,17,7,15,8,0,0,0,0,0,0,0,0,0,0]"""
1782031926617,2026-06-21T17:52:06.617,safe,posture,mhw,standing_still,t017,"CSI_DATA,534562,1a:00:00:00:00:00,-43,11,-99,19,28,11,512397692,47,2,256,0,""[0,0,0,0,0,0,0,0,0,0,0,0,-7,-1,-7,-3,-7,-2,-8,-2,-9,-3,-7,-2,-7,-2,-10,-4,-9,-3,-10,-4,-11,-5,-11,-7,-10,-8,-13,-10,-10,-9,-11,-14,-13,-10,-13,-15,-10,-10,-10,-14,-13,-15,-10,-14,-14,-17,-10,-16,-10,-17,-11,-16,-10,-17,-9,-16,-11,-22,-10,-19,-9,-19,-9,-16,-10,-20,-10,-21,-13,-20,-13,-21,-11,-22,-9,-21,-10,-22,-14,-24,-15,-21,-10,-26,-13,-22,-15,-23,-10,-17,-19,-24,-14,-24,-19,-22,-15,-26,-17,-27,-11,-26,-15,-30,-11,-27,-15,-30,-14,-32,-13,-29,-16,-32,0,0,0,0,0,0,-33,10,-39,11,-29,11,-34,10,-40,13,-30,7,-36,10,-30,7,-35,7,-29,4,-28,9,-33,7,-30,8,-32,11,-29,4,-29,5,-29,8,-32,5,-28,5,-33,7,-27,7,-32,5,-24,5,-26,5,-32,7,-29,9,-33,8,-28,3,-30,5,-30,7,-30,4,-28,7,-34,1,-29,3,-32,3,-26,0,-30,4,-30,-1,-28,2,-30,-2,-30,-3,-29,-7,-29,-5,-30,-8,-24,-7,-28,-11,-21,-10,-26,-9,-16,-9,-22,-10,-19,-13,-17,-11,-16,-13,-19,-13,-11,-14,-11,-15,-9,-16,0,0,0,0,0,0,0,0,0,0]"""
1782031926628,2026-06-21T17:52:06.628,safe,posture,mhw,standing_still,t017,"CSI_DATA,534563,1a:00:00:00:00:00,-43,11,-99,14,29,11,512408692,47,2,256,0,""[0,0,0,0,0,0,0,0,0,0,0,0,-1,-6,1,-7,1,-6,2,-8,1,-7,1,-11,6,-11,4,-6,4,-11,4,-9,6,-13,6,-12,6,-14,7,-12,9,-12,8,-11,11,-14,9,-12,11,-15,17,-13,15,-12,14,-11,14,-11,15,-13,15,-12,15,-11,17,-11,20,-11,13,-12,17,-13,18,-11,22,-15,22,-11,20,-11,22,-12,20,-11,17,-12,20,-14,19,-14,18,-12,22,-11,18,-15,22,-17,24,-13,29,-15,23,-11,25,-15,28,-11,24,-13,28,-12,29,-19,25,-17,31,-14,30,-14,29,-18,35,-14,30,-13,0,0,0,0,0,0,-9,-39,-7,-30,-12,-39,-4,-33,-4,-29,-6,-37,-4,-28,-4,-37,-6,-29,-4,-36,-3,-34,0,-29,-3,-31,-1,-28,-1,-30,-4,-30,-4,-31,-6,-28,-1,-31,-4,-25,-4,-30,-3,-26,-3,-33,0,-31,0,-28,-2,-30,1,-26,-3,-31,-2,-30,-2,-29,0,-28,2,-34,-2,-26,0,-31,3,-30,3,-36,8,-30,7,-30,11,-28,9,-25,8,-24,8,-30,9,-28,8,-23,13,-24,8,-22,14,-23,15,-20,19,-23,19,-14,17,-14,18,-12,17,-11,15,-9,18,-12,17,-9,15,-6,0,0,0,0,0,0,0,0,0,0]"""
1782031926638,2026-06-21T17:52:06.638,safe,posture,mhw,standing_still,t017,"CSI_DATA,534564,1a:00:00:00:00:00,-43,11,-99,17,28,11,512419692,47,2,256,0,""[0,0,0,0,0,0,0,0,0,0,0,0,0,-7,0,-7,1,-7,0,-8,0,-7,2,-10,-1,-11,2,-8,-1,-12,0,-10,1,-12,-1,-13,-1,-15,-1,-13,0,-17,-1,-13,-2,-18,-2,-15,-1,-20,-1,-18,2,-16,-2,-17,-2,-17,-3,-21,-5,-21,-3,-18,-5,-18,-5,-22,-6,-17,-8,-21,-5,-18,-12,-26,-8,-21,-10,-21,-7,-20,-11,-20,-11,-17,-17,-17,-17,-18,-16,-16,-17,-20,-18,-12,-22,-16,-21,-16,-27,-20,-21,-17,-23,-13,-25,-13,-23,-12,-27,-11,-33,-10,-28,-6,-30,-11,-28,-10,-35,-2,-36,-6,-35,-7,0,0,0,0,0,0,-5,36,-3,31,-2,41,-5,33,-1,27,0,36,2,30,5,36,1,28,2,37,3,33,2,30,6,31,7,28,11,31,15,28,15,27,13,25,13,28,15,20,18,25,17,23,22,27,17,25,17,22,20,21,18,20,25,16,25,17,23,16,21,16,26,21,22,11,28,15,25,15,33,18,23,18,27,15,27,18,22,15,23,13,28,13,26,11,23,10,23,13,21,10,27,12,21,12,27,16,18,12,20,13,16,12,16,11,17,12,17,15,16,11,15,12,0,0,0,0,0,0,0,0,0,0]"""
1782031926649,2026-06-21T17:52:06.649,safe,posture,mhw,standing_still,t017,"CSI_DATA,534565,1a:00:00:00:00:00,-43,11,-99,18,28,11,512430692,47,2,256,0,""[0,0,0,0,0,0,0,0,0,0,0,0,6,2,7,4,6,1,9,4,8,3,11,4,9,7,8,4,9,6,9,8,11,7,12,8,12,8,12,7,13,11,11,8,14,11,12,11,12,12,13,14,12,11,13,14,12,15,14,13,15,14,14,15,14,15,15,17,13,12,15,14,15,15,19,18,14,17,15,17,15,18,18,15,17,13,20,13,18,12,19,13,19,17,20,8,23,13,23,15,28,17,20,15,24,14,24,18,24,14,24,17,31,13,29,12,30,17,25,17,34,12,31,18,29,17,0,0,0,0,0,0,19,-30,18,-28,19,-34,19,-28,17,-25,20,-30,14,-25,18,-30,13,-26,19,-29,18,-28,18,-23,17,-28,17,-23,15,-28,13,-29,12,-29,12,-25,15,-30,9,-24,9,-30,11,-28,11,-30,12,-26,13,-25,11,-29,12,-25,7,-29,8,-29,7,-28,7,-26,13,-31,7,-26,8,-30,11,-29,14,-34,15,-26,13,-26,15,-26,13,-25,13,-24,12,-26,12,-24,13,-23,17,-23,11,-23,13,-22,17,-20,20,-20,17,-15,17,-14,18,-13,15,-11,15,-12,18,-13,15,-12,17,-8,0,0,0,0,0,0,0,0,0,0]"""
1782031926661,2026-06-21T17:52:06.661,safe,posture,mhw,standing_still,t017,"CSI_DATA,534566,1a:00:00:00:00:00,-43,11,-99,17,28,11,512441692,47,2,256,0,""[0,0,0,0,0,0,0,0,0,0,0,0,6,-6,3,-5,6,-6,6,-6,6,-6,6,-7,6,-7,8,-8,8,-7,8,-8,10,-8,11,-8,11,-8,12,-8,11,-8,16,-8,15,-10,13,-8,15,-7,15,-10,15,-11,17,-5,18,-8,18,-10,17,-8,17,-7,20,-8,20,-7,20,-6,21,-8,21,-8,20,-8,22,-10,20,-10,18,-10,21,-8,20,-10,22,-11,21,-11,21,-12,20,-13,25,-11,23,-12,22,-16,20,-12,23,-16,23,-13,22,-20,25,-16,27,-17,26,-17,27,-17,27,-16,28,-17,27,-18,28,-15,28,-18,0,0,0,0,0,0,-17,-31,-17,-28,-18,-28,-17,-32,-16,-30,-13,-28,-16,-31,-15,-31,-16,-28,-15,-30,-16,-28,-17,-27,-15,-27,-20,-26,-17,-26,-17,-25,-18,-26,-17,-26,-16,-25,-16,-27,-17,-25,-18,-25,-17,-23,-17,-23,-21,-25,-15,-23,-17,-23,-18,-23,-18,-25,-20,-23,-18,-25,-18,-21,-17,-27,-16,-25,-17,-25,-16,-26,-18,-27,-16,-26,-18,-23,-11,-25,-12,-26,-12,-27,-10,-27,-11,-27,-8,-23,-6,-26,-5,-26,-7,-25,-1,-22,-5,-25,0,-22,-3,-20,0,-21,1,-20,2,-18,3,-17,5,-18,0,0,0,0,0,0,0,0,0,0]"""
1782031926671,2026-06-21T17:52:06.671,safe,posture,mhw,standing_still,t017,"CSI_DATA,534567,1a:00:00:00:00:00,-43,11,-99,18,28,11,512452692,47,2,256,0,""[0,0,0,0,0,0,0,0,0,0,0,0,-3,4,-6,7,-4,6,-4,8,-3,7,-4,8,-7,8,-7,6,-7,9,-6,8,-8,9,-8,12,-7,11,-8,13,-12,15,-8,12,-11,15,-9,13,-12,13,-12,18,-8,13,-12,17,-9,13,-11,15,-9,18,-11,17,-12,17,-14,19,-7,15,-11,22,-11,17,-11,23,-11,20,-9,22,-8,20,-9,22,-6,19,-6,23,-4,23,-4,23,-7,25,0,23,-2,29,-2,26,0,34,-4,25,2,29,-1,29,2,29,2,31,3,31,7,31,6,34,2,33,9,33,6,37,4,33,0,0,0,0,0,0,37,-7,30,-6,37,-12,35,-7,26,-11,36,-9,26,-11,36,-12,26,-11,35,-13,31,-13,28,-11,29,-15,24,-13,25,-14,25,-18,23,-19,24,-18,28,-19,17,-19,23,-23,20,-19,23,-25,22,-22,19,-20,19,-23,17,-20,15,-24,17,-25,15,-25,17,-23,22,-28,12,-23,13,-28,15,-24,18,-34,19,-24,14,-26,19,-24,15,-24,13,-23,14,-25,13,-26,12,-22,19,-23,11,-20,14,-24,15,-19,18,-20,15,-15,15,-17,15,-12,14,-17,13,-12,17,-14,13,-13,15,-12,0,0,0,0,0,0,0,0,0,0]"""
1782031926680,2026-06-21T17:52:06.680,safe,posture,mhw,standing_still,t017,"CSI_DATA,534568,1a:00:00:00:00:00,-43,11,-99,17,28,11,512463692,47,2,256,0,""[0,0,0,0,0,0,0,0,0,0,0,0,3,7,1,7,2,8,3,8,1,10,1,8,2,8,5,12,1,12,3,12,2,12,3,12,3,13,2,15,2,13,1,18,5,16,2,17,2,16,3,16,5,17,2,20,3,21,3,20,3,18,5,21,3,21,5,20,2,23,5,21,6,21,3,20,8,22,6,20,10,22,8,22,11,22,12,22,10,22,15,21,13,18,13,25,12,22,16,21,13,18,21,22,16,23,21,18,21,23,21,21,18,21,21,25,22,22,25,25,25,21,22,22,26,22,0,0,0,0,0,0,22,-26,25,-28,18,-26,21,-27,23,-31,18,-25,21,-28,17,-28,17,-28,16,-25,16,-25,13,-28,15,-27,12,-31,13,-28,10,-27,10,-32,10,-30,8,-25,11,-30,7,-27,7,-30,6,-25,6,-28,3,-32,5,-28,2,-32,1,-30,1,-31,0,-32,1,-33,-1,-30,3,-35,2,-30,-1,-28,1,-26,-2,-32,3,-28,-1,-30,2,-31,2,-31,2,-28,3,-30,3,-28,2,-27,3,-28,7,-25,3,-25,3,-18,6,-23,7,-20,6,-23,6,-18,7,-21,6,-16,7,-16,10,-16,0,0,0,0,0,0,0,0,0,0]"""
1782031926693,2026-06-21T17:52:06.693,safe,posture,mhw,standing_still,t017,"CSI_DATA,534569,1a:00:00:00:00:00,-43,11,-99,23,27,11,512474692,47,2,256,0,""[0,0,0,0,0,0,0,0,0,0,0,0,-5,-3,-5,-4,-5,-5,-4,-7,-7,-5,-5,-5,-7,-5,-8,-7,-9,-7,-9,-8,-8,-9,-9,-10,-10,-10,-10,-11,-10,-11,-11,-13,-11,-11,-13,-15,-11,-13,-9,-11,-9,-13,-15,-15,-14,-16,-11,-16,-13,-16,-14,-16,-13,-17,-13,-19,-15,-16,-16,-15,-15,-19,-14,-14,-16,-14,-17,-15,-19,-14,-21,-15,-21,-15,-19,-15,-19,-14,-21,-14,-21,-14,-23,-9,-22,-11,-24,-14,-22,-11,-22,-9,-27,-9,-27,-8,-30,-8,-32,-9,-29,-10,-33,-10,-32,-10,-34,-11,-30,-10,-32,-9,-33,-9,0,0,0,0,0,0,-11,34,-10,36,-5,32,-8,34,-9,36,-10,32,-8,34,-7,33,-9,34,-4,30,-2,29,-2,30,-2,34,-3,33,-5,30,-3,32,0,32,0,30,0,30,3,30,5,28,2,30,4,27,4,26,4,29,8,32,5,32,5,29,5,30,8,30,7,30,7,30,8,30,9,28,7,30,8,27,10,28,10,28,9,29,9,32,7,29,4,28,5,29,3,28,2,27,4,27,1,24,2,27,1,22,1,21,0,22,-1,23,1,22,-3,22,-3,17,-3,19,-7,17,0,0,0,0,0,0,0,0,0,0]"""
1782031926704,2026-06-21T17:52:06.704,safe,posture,mhw,standing_still,t017,"CSI_DATA,534570,1a:00:00:00:00:00,-43,11,-99,14,29,11,512485692,47,2,256,0,""[0,0,0,0,0,0,0,0,0,0,0,0,0,-7,2,-8,1,-6,1,-8,2,-7,3,-12,4,-11,3,-8,7,-9,6,-9,4,-13,6,-12,7,-12,7,-12,11,-13,9,-12,11,-14,11,-13,15,-14,17,-8,17,-8,14,-11,17,-9,14,-13,17,-11,15,-9,17,-8,20,-9,15,-9,18,-12,17,-11,23,-12,20,-8,20,-8,22,-9,22,-9,19,-9,20,-14,20,-11,19,-11,23,-9,19,-14,23,-14,24,-12,31,-15,25,-8,29,-12,28,-7,24,-9,28,-11,31,-14,29,-13,31,-12,31,-7,33,-12,35,-9,34,-8,0,0,0,0,0,0,-4,-34,-6,-29,-6,-40,-2,-35,-2,-30,-2,-36,-2,-30,-1,-36,-3,-31,1,-37,2,-35,2,-29,1,-33,2,-29,0,-33,-1,-31,0,-31,-1,-29,2,-31,-1,-26,1,-31,1,-30,1,-33,3,-31,3,-28,3,-29,3,-28,0,-30,2,-31,2,-29,2,-28,7,-33,2,-26,4,-31,8,-29,11,-35,14,-29,12,-28,15,-25,14,-23,13,-22,13,-28,14,-24,13,-19,17,-20,14,-18,17,-19,18,-18,23,-18,22,-13,22,-11,19,-7,17,-7,18,-7,20,-8,18,-4,19,-2,0,0,0,0,0,0,0,0,0,0]"""
1782031926715,2026-06-21T17:52:06.715,safe,posture,mhw,standing_still,t017,"CSI_DATA,534571,1a:00:00:00:00:00,-43,11,-99,18,28,11,512496692,47,2,256,0,""[0,0,0,0,0,0,0,0,0,0,0,0,1,-7,2,-7,2,-8,3,-9,2,-8,3,-9,3,-9,3,-9,3,-9,3,-12,3,-13,6,-12,6,-12,4,-13,6,-13,11,-14,8,-14,7,-15,9,-15,9,-17,9,-19,11,-13,9,-15,9,-18,12,-17,12,-17,13,-17,11,-18,13,-17,11,-18,12,-17,13,-20,14,-20,12,-20,9,-19,11,-19,9,-20,12,-23,11,-22,9,-23,7,-22,11,-23,11,-23,7,-25,9,-24,9,-28,8,-26,6,-28,8,-26,7,-29,11,-33,7,-29,9,-31,11,-33,9,-33,8,-31,4,-34,0,0,0,0,0,0,-33,-9,-35,-8,-35,-9,-35,-6,-34,-8,-34,-7,-34,-8,-33,-8,-31,-6,-31,-9,-33,-6,-31,-3,-30,-6,-30,-3,-31,-3,-29,-3,-31,-2,-29,-3,-26,-3,-31,-4,-30,0,-29,-1,-30,0,-30,0,-31,2,-29,0,-30,1,-31,2,-29,2,-33,1,-29,2,-30,3,-33,-1,-30,1,-30,2,-33,-1,-33,0,-30,-1,-30,-1,-28,-3,-28,-1,-30,-2,-29,-4,-25,-3,-28,-3,-26,-7,-25,-7,-25,-4,-22,-7,-24,-7,-20,-9,-19,-8,-18,-9,-19,-11,-18,-9,-14,-12,-13,-12,0,0,0,0,0,0,0,0,0,0]"""
1782031926725,2026-06-21T17:52:06.725,safe,posture,mhw,standing_still,t017,"CSI_DATA,534572,1a:00:00:00:00:00,-43,11,-99,17,28,11,512507692,47,2,256,0,""[0,0,0,0,0,0,0,0,0,0,0,0,-7,-1,-6,-1,-8,-1,-8,0,-10,1,-10,-1,-10,-2,-11,-1,-11,0,-11,0,-12,0,-12,0,-15,1,-15,-1,-15,0,-16,-2,-16,-1,-17,0,-18,0,-18,-2,-17,-2,-17,-1,-18,2,-21,2,-21,2,-20,2,-20,3,-21,3,-21,1,-21,5,-21,5,-25,3,-21,7,-21,5,-22,6,-22,8,-20,8,-21,13,-22,11,-21,13,-18,13,-18,15,-23,15,-18,18,-22,18,-21,21,-20,20,-18,21,-20,20,-18,22,-20,27,-17,23,-18,28,-20,28,-16,27,-18,28,-16,30,0,0,0,0,0,0,31,16,30,13,35,13,32,13,30,12,33,12,31,8,33,11,31,8,35,8,32,6,28,3,31,5,28,2,32,0,30,-2,32,-2,30,-3,30,-2,30,-3,30,-5,27,-6,30,-8,30,-7,28,-8,27,-6,27,-11,26,-13,27,-12,27,-16,26,-15,26,-16,26,-13,25,-17,23,-15,30,-16,27,-17,26,-16,26,-16,25,-15,22,-16,25,-17,25,-16,21,-13,22,-13,22,-12,23,-13,21,-13,22,-11,21,-11,21,-10,20,-10,18,-7,20,-6,17,-8,17,-6,17,-5,0,0,0,0,0,0,0,0,0,0]"""
1782031926736,2026-06-21T17:52:06.736,safe,posture,mhw,standing_still,t017,"CSI_DATA,534573,1a:00:00:00:00:00,-43,11,-99,18,28,11,512518692,47,2,256,0,""[0,0,0,0,0,0,0,0,0,0,0,0,8,-1,6,-1,8,0,7,1,9,1,8,2,11,2,11,2,9,3,12,2,12,3,12,3,14,3,13,4,13,4,17,7,14,7,17,7,13,6,17,8,22,9,18,11,19,11,18,11,18,9,18,9,18,12,17,11,18,15,17,9,19,13,15,12,20,12,18,12,20,11,20,11,22,13,20,13,22,13,25,11,23,9,24,15,23,14,25,11,19,8,28,9,25,12,28,8,26,14,29,11,24,12,26,13,29,15,33,14,30,17,29,13,30,13,0,0,0,0,0,0,18,-30,17,-34,14,-28,17,-29,19,-34,17,-26,22,-31,17,-26,18,-30,14,-28,14,-25,15,-30,15,-28,14,-29,14,-26,13,-26,13,-29,14,-26,11,-25,15,-30,12,-25,13,-29,9,-24,9,-28,11,-29,12,-25,12,-30,11,-28,12,-26,11,-30,12,-28,8,-26,15,-31,14,-26,13,-28,13,-22,13,-28,17,-28,13,-26,15,-25,17,-23,17,-22,20,-23,20,-24,18,-20,20,-19,22,-14,18,-18,17,-13,20,-15,19,-13,18,-13,19,-9,18,-9,19,-4,18,-4,18,-3,0,0,0,0,0,0,0,0,0,0]"""
1782031926749,2026-06-21T17:52:06.749,safe,posture,mhw,standing_still,t017,"CSI_DATA,534574,1a:00:00:00:00:00,-43,11,-99,19,28,11,512530992,47,2,256,0,""[0,0,0,0,0,0,0,0,0,0,0,0,5,3,8,4,7,3,8,4,7,4,9,4,11,4,9,5,13,4,10,5,10,7,13,7,11,7,13,8,14,9,14,7,15,8,15,9,15,8,15,10,15,13,19,7,15,9,17,11,20,10,17,9,17,10,20,14,19,8,20,9,19,9,22,8,20,7,23,5,23,4,26,4,22,5,22,5,23,3,23,4,27,4,26,0,28,1,27,1,29,-2,24,-2,29,-3,29,-4,30,-7,30,-4,32,-5,32,-7,36,-5,33,-5,34,-9,34,-11,34,-9,0,0,0,0,0,0,-9,-38,-7,-34,-11,-34,-9,-33,-11,-30,-7,-35,-10,-30,-14,-34,-13,-32,-13,-30,-13,-28,-11,-27,-17,-28,-15,-26,-15,-28,-19,-26,-20,-24,-17,-23,-19,-28,-19,-19,-22,-22,-20,-22,-22,-21,-21,-19,-21,-20,-26,-17,-22,-19,-23,-19,-24,-17,-24,-16,-23,-19,-27,-19,-24,-14,-27,-15,-24,-17,-27,-17,-26,-15,-26,-13,-27,-16,-27,-15,-24,-15,-23,-17,-24,-15,-21,-15,-22,-17,-21,-13,-19,-15,-20,-17,-20,-19,-16,-15,-17,-14,-16,-15,-16,-14,-14,-16,-11,-15,-11,-15,-10,-16,0,0,0,0,0,0,0,0,0,0]"""
1782031926759,2026-06-21T17:52:06.759,safe,posture,mhw,standing_still,t017,"CSI_DATA,534575,1a:00:00:00:00:00,-43,11,-99,18,28,11,512540692,47,2,256,0,""[0,0,0,0,0,0,0,0,0,0,0,0,-3,8,-3,4,-1,8,-2,7,-3,8,-2,8,-3,8,-6,12,-4,11,-4,13,-6,12,-6,12,-6,13,-9,13,-7,12,-9,17,-8,15,-11,17,-7,13,-7,15,-8,19,-9,15,-9,19,-9,15,-11,17,-9,17,-12,18,-7,18,-9,22,-7,18,-9,22,-9,18,-8,22,-8,20,-6,20,-4,22,-6,24,-7,24,-4,24,-3,26,-2,23,-4,29,-3,24,0,25,-1,22,2,30,-1,28,6,29,0,30,1,33,1,29,0,31,2,31,4,35,4,34,2,33,8,35,0,0,0,0,0,0,35,-6,37,-4,30,-7,33,-7,40,-8,30,-4,37,-6,30,-7,36,-8,29,-8,29,-9,30,-12,29,-12,31,-12,29,-11,28,-12,28,-15,28,-13,24,-13,30,-18,22,-17,28,-18,19,-14,23,-17,24,-18,22,-19,25,-23,23,-19,23,-19,23,-23,23,-23,19,-22,26,-24,19,-19,23,-24,18,-15,20,-25,23,-20,22,-23,22,-20,22,-20,23,-18,23,-19,23,-18,19,-18,24,-18,20,-13,20,-18,15,-11,22,-13,19,-9,18,-12,17,-9,20,-8,15,-7,19,-4,17,-4,0,0,0,0,0,0,0,0,0,0]"""
1782031926771,2026-06-21T17:52:06.771,safe,posture,mhw,standing_still,t017,"CSI_DATA,534576,1a:00:00:00:00:00,-43,11,-99,14,29,11,512551727,47,2,256,0,""[0,0,0,0,0,0,0,0,0,0,0,0,4,-3,6,-4,7,-6,6,-4,7,-6,7,-7,7,-7,8,-6,8,-6,9,-8,8,-8,11,-11,12,-9,12,-8,11,-9,13,-8,12,-9,15,-9,14,-7,17,-9,20,-12,14,-8,15,-12,17,-12,18,-11,17,-13,18,-11,15,-11,20,-11,19,-12,17,-12,18,-12,19,-15,19,-14,17,-15,15,-15,18,-15,18,-15,18,-17,17,-19,15,-19,19,-20,19,-19,14,-22,15,-18,14,-26,15,-25,11,-25,15,-24,17,-26,18,-26,17,-25,14,-26,19,-29,15,-29,15,-26,15,-31,0,0,0,0,0,0,-28,-14,-33,-19,-29,-14,-31,-15,-34,-15,-30,-17,-33,-15,-29,-14,-31,-13,-30,-13,-29,-11,-31,-8,-28,-9,-31,-9,-30,-8,-29,-6,-31,-6,-30,-4,-28,-4,-31,-8,-29,-4,-30,-4,-28,-2,-30,-2,-31,-1,-28,-3,-33,0,-30,1,-30,0,-31,2,-30,1,-28,3,-35,-2,-29,0,-30,0,-30,-1,-33,1,-30,0,-30,2,-30,-1,-30,-1,-29,-3,-28,-3,-29,-2,-28,-2,-28,-4,-24,-7,-26,-3,-22,-4,-26,-6,-22,-7,-20,-3,-19,-7,-19,-8,-17,-7,-15,-9,-14,-8,0,0,0,0,0,0,0,0,0,0]"""
1782031926781,2026-06-21T17:52:06.781,safe,posture,mhw,standing_still,t017,"CSI_DATA,534577,1a:00:00:00:00:00,-43,11,-99,17,28,11,512562692,47,2,256,0,""[0,0,0,0,0,0,0,0,0,0,0,0,-5,-3,-3,-6,-3,-8,-3,-6,-5,-10,-5,-8,-5,-6,-7,-10,-6,-10,-8,-8,-6,-8,-7,-10,-7,-10,-8,-11,-8,-11,-11,-13,-11,-12,-12,-15,-8,-11,-11,-11,-13,-10,-15,-13,-16,-15,-13,-12,-16,-13,-18,-13,-16,-13,-16,-11,-17,-15,-17,-11,-18,-12,-17,-8,-21,-8,-18,-8,-23,-7,-22,-7,-26,-6,-23,-6,-25,-5,-25,-2,-23,0,-28,-3,-25,-2,-28,1,-21,1,-27,6,-27,3,-27,8,-30,8,-30,8,-28,7,-31,10,-30,10,-32,13,-31,13,-27,15,-30,17,0,0,0,0,0,0,17,30,22,33,18,23,20,26,26,31,18,26,25,27,21,22,26,25,21,18,21,20,27,17,28,17,30,16,26,15,26,12,31,12,28,11,25,10,32,10,27,5,32,6,25,2,27,2,30,1,30,1,33,-2,27,-1,31,-2,31,-6,32,-5,27,-5,35,-5,28,-3,30,-5,25,-5,31,-10,28,-6,28,-12,30,-8,30,-8,28,-6,28,-7,31,-7,26,-7,28,-6,22,-3,26,-8,18,-6,23,-6,21,-6,22,-7,20,-5,20,-7,18,-3,18,-2,18,-1,0,0,0,0,0,0,0,0,0,0]"""
1782031926791,2026-06-21T17:52:06.791,safe,posture,mhw,standing_still,t017,"CSI_DATA,534578,1a:00:00:00:00:00,-43,11,-99,18,28,11,512573692,47,2,256,0,""[0,0,0,0,0,0,0,0,0,0,0,0,6,-2,7,-6,4,-4,9,-3,7,-6,7,-3,8,-7,9,-4,9,-8,9,-6,11,-7,11,-8,12,-9,11,-11,14,-9,12,-11,13,-13,14,-9,15,-11,12,-8,12,-8,13,-14,14,-11,13,-12,15,-14,13,-13,15,-14,15,-17,11,-15,12,-19,13,-14,13,-19,13,-18,12,-20,11,-22,11,-23,7,-20,8,-22,7,-23,7,-23,8,-25,0,-24,2,-28,2,-26,1,-30,1,-25,-2,-30,-1,-29,-3,-29,-6,-30,-7,-31,-8,-30,-11,-33,-6,-30,-13,-33,-13,-36,-9,-33,0,0,0,0,0,0,-35,14,-31,12,-34,17,-33,11,-25,15,-33,14,-25,17,-30,20,-26,15,-29,19,-25,22,-24,18,-23,24,-20,20,-22,20,-19,25,-18,26,-18,23,-22,25,-12,24,-12,28,-14,25,-13,28,-11,26,-9,28,-9,29,-7,25,-6,26,-6,29,-4,29,-6,29,-7,35,-2,26,-2,31,-6,30,-3,34,-4,29,0,30,-2,30,-1,30,-1,28,0,30,0,30,-1,28,-2,28,1,26,1,28,-6,25,-3,28,-3,22,-3,23,-3,19,-3,22,-4,19,-3,18,-3,19,-4,19,0,0,0,0,0,0,0,0,0,0]"""
1782031926802,2026-06-21T17:52:06.802,safe,posture,mhw,standing_still,t017,"CSI_DATA,534579,1a:00:00:00:00:00,-43,11,-99,17,28,11,512584692,47,2,256,0,""[0,0,0,0,0,0,0,0,0,0,0,0,0,7,0,8,0,7,0,10,0,8,-1,10,0,12,-1,10,-2,11,-1,11,-3,13,-2,12,-2,15,-2,13,-3,16,-5,12,-6,16,-3,16,-7,18,-10,16,-10,18,-7,16,-8,16,-8,21,-10,18,-8,17,-10,17,-11,20,-8,18,-8,20,-8,20,-12,25,-11,22,-8,20,-8,20,-8,20,-7,18,-8,23,-8,21,-7,21,-8,22,-6,23,-6,27,-6,25,-10,32,-7,27,-6,28,-10,27,-7,27,-8,28,-7,33,-6,31,-8,33,-10,31,-5,33,-8,36,-7,31,0,0,0,0,0,0,33,10,31,8,37,11,35,8,30,8,35,11,27,7,36,10,28,7,35,12,33,10,28,8,31,10,27,11,31,7,31,7,31,8,28,6,30,7,26,5,32,3,28,3,32,5,31,3,28,5,28,5,27,5,31,2,30,5,28,3,27,5,31,5,27,2,32,2,28,2,36,8,30,7,30,5,28,8,26,8,26,8,28,8,26,11,25,8,27,8,23,8,25,12,21,11,23,17,18,13,18,13,16,15,15,13,13,13,15,16,13,13,8,16,0,0,0,0,0,0,0,0,0,0]"""
1782031926812,2026-06-21T17:52:06.812,safe,posture,mhw,standing_still,t017,"CSI_DATA,534580,1a:00:00:00:00:00,-44,11,-99,18,28,11,512595692,47,2,256,0,""[0,0,0,0,0,0,0,0,0,0,0,0,7,-2,7,-2,8,-1,8,-2,8,-2,11,-1,9,-1,11,-1,12,0,12,-1,12,-1,13,0,14,-1,15,0,14,0,18,3,15,1,17,3,17,2,19,3,23,1,18,6,19,3,20,4,19,4,19,7,22,4,19,4,20,8,19,7,19,7,20,7,23,7,22,7,23,4,22,6,23,8,23,6,25,7,24,4,23,3,26,6,25,7,26,3,25,4,30,4,28,6,29,1,29,4,29,4,31,7,30,7,31,7,33,9,33,8,31,7,35,6,0,0,0,0,0,0,9,-35,8,-34,7,-34,9,-33,9,-33,9,-31,8,-33,12,-33,11,-31,13,-33,11,-31,9,-31,11,-28,8,-29,7,-31,7,-30,7,-31,6,-29,8,-28,8,-30,7,-29,7,-30,4,-28,6,-30,6,-29,6,-26,6,-30,4,-31,4,-30,4,-30,6,-29,3,-29,9,-30,8,-30,7,-30,9,-30,8,-31,9,-28,9,-28,13,-25,12,-28,13,-28,14,-26,13,-24,12,-22,17,-22,18,-20,14,-20,17,-17,17,-17,18,-14,14,-14,15,-11,15,-12,19,-11,15,-7,17,-4,0,0,0,0,0,0,0,0,0,0]"""
1782031926826,2026-06-21T17:52:06.826,safe,posture,mhw,standing_still,t017,"CSI_DATA,534581,1a:00:00:00:00:00,-43,11,-99,17,28,11,512606692,47,2,256,0,""[0,0,0,0,0,0,0,0,0,0,0,0,2,6,1,8,2,6,0,10,0,8,0,11,0,11,0,10,0,12,-1,10,-2,13,-1,13,-1,16,-1,15,-5,16,-2,12,-3,17,-3,15,-6,20,-7,20,-6,17,-7,18,-8,15,-8,18,-10,18,-8,17,-10,18,-13,20,-7,15,-8,21,-10,18,-11,23,-16,17,-11,20,-12,18,-8,18,-10,20,-8,23,-10,21,-7,20,-12,21,-6,22,-8,26,-10,25,-11,30,-16,21,-12,27,-16,26,-11,25,-15,26,-12,31,-11,28,-16,32,-15,28,-8,32,-17,33,-18,32,0,0,0,0,0,0,30,21,26,17,33,20,27,20,25,16,30,23,25,15,30,21,25,18,28,22,26,20,21,21,26,18,21,18,26,18,25,17,26,17,25,17,25,21,22,12,27,15,25,16,28,16,23,20,22,18,23,17,20,17,25,15,26,18,25,16,22,16,26,22,23,15,26,17,23,18,28,25,21,23,21,22,17,26,18,22,17,22,21,23,17,22,13,20,11,23,15,18,13,22,11,23,8,27,6,21,6,21,2,21,3,20,0,20,3,21,1,20,-2,17,0,0,0,0,0,0,0,0,0,0]"""
1782031926838,2026-06-21T17:52:06.838,safe,posture,mhw,standing_still,t017,"CSI_DATA,534582,1a:00:00:00:00:00,-44,11,-99,23,27,11,512617692,47,2,256,0,""[0,0,0,0,0,0,0,0,0,0,0,0,7,-1,9,0,7,0,9,1,8,0,10,0,11,1,10,1,14,1,10,3,13,2,15,1,14,1,13,1,16,2,13,2,19,1,15,3,20,3,17,5,14,7,21,2,19,4,20,4,21,3,20,1,21,4,23,3,17,2,24,0,21,2,24,2,21,2,24,0,23,2,23,1,21,1,23,-2,22,-2,23,-4,27,0,20,-7,27,-9,28,-4,33,-8,24,-3,27,-10,28,-8,28,-7,28,-13,32,-14,28,-16,33,-13,29,-13,30,-19,33,-17,29,-15,0,0,0,0,0,0,-15,-34,-14,-29,-17,-34,-14,-32,-16,-24,-16,-34,-15,-26,-19,-29,-15,-24,-21,-30,-17,-28,-13,-26,-21,-26,-15,-23,-20,-26,-21,-22,-23,-22,-21,-21,-21,-24,-20,-15,-24,-17,-20,-19,-26,-20,-24,-20,-22,-19,-26,-16,-22,-15,-27,-14,-26,-15,-26,-13,-23,-15,-28,-19,-23,-10,-28,-10,-26,-16,-34,-17,-23,-16,-27,-14,-26,-17,-23,-15,-23,-14,-27,-17,-26,-14,-22,-15,-22,-17,-22,-13,-22,-17,-17,-15,-20,-17,-14,-16,-16,-16,-13,-16,-14,-14,-11,-16,-14,-14,-13,-16,-9,-16,0,0,0,0,0,0,0,0,0,0]"""
1782031926851,2026-06-21T17:52:06.851,safe,posture,mhw,standing_still,t017,"CSI_DATA,534583,1a:00:00:00:00:00,-43,11,-99,17,28,11,512631416,47,2,256,0,""[0,0,0,0,0,0,0,0,0,0,0,0,-5,-5,-3,-5,-5,-6,-6,-7,-5,-7,-3,-7,-3,-10,-3,-10,-3,-10,-3,-11,-5,-12,-5,-12,-6,-13,-3,-13,-3,-15,-2,-16,-1,-16,-2,-17,0,-18,0,-18,1,-21,1,-17,2,-20,1,-21,2,-20,3,-20,5,-20,3,-21,6,-20,6,-21,6,-17,6,-23,5,-23,7,-22,6,-22,5,-21,5,-21,5,-26,6,-22,6,-25,6,-23,10,-22,8,-25,6,-26,8,-27,8,-28,7,-26,7,-27,10,-27,7,-30,10,-30,11,-27,13,-31,13,-30,15,-32,12,-30,13,-31,0,0,0,0,0,0,-30,-16,-31,-18,-28,-16,-27,-17,-27,-20,-27,-20,-27,-21,-27,-22,-25,-22,-27,-23,-25,-21,-23,-21,-21,-21,-23,-18,-23,-21,-22,-20,-25,-21,-22,-21,-21,-20,-20,-21,-23,-21,-23,-18,-23,-20,-23,-21,-23,-20,-18,-21,-21,-20,-22,-20,-22,-21,-20,-23,-20,-21,-21,-22,-20,-25,-18,-26,-17,-22,-17,-26,-18,-27,-15,-26,-15,-28,-11,-26,-12,-25,-10,-28,-7,-28,-7,-26,-6,-27,-3,-27,-1,-25,-3,-25,1,-23,1,-25,2,-22,1,-22,6,-18,6,-20,8,-17,8,-16,10,-16,0,0,0,0,0,0,0,0,0,0]"""
1782031926861,2026-06-21T17:52:06.861,safe,posture,mhw,standing_still,t017,"CSI_DATA,534584,1a:00:00:00:00:00,-43,11,-99,17,28,11,512639692,47,2,256,0,""[0,0,0,0,0,0,0,0,0,0,0,0,-7,-2,-7,-3,-8,-3,-7,-2,-8,-5,-7,-3,-8,-3,-10,-5,-11,-5,-12,-3,-10,-5,-11,-5,-11,-6,-15,-5,-13,-5,-17,-7,-13,-5,-16,-7,-13,-3,-16,-6,-21,-6,-18,-6,-20,-6,-17,-6,-18,-7,-21,-5,-22,-5,-20,-1,-22,-3,-21,-1,-22,0,-17,-1,-22,1,-22,0,-23,2,-23,3,-25,5,-21,6,-23,6,-25,8,-22,8,-26,12,-21,11,-25,15,-18,10,-22,17,-21,16,-20,17,-23,22,-23,20,-22,20,-23,22,-22,22,-22,26,-21,25,-21,25,-16,28,0,0,0,0,0,0,28,17,33,20,26,12,31,16,39,18,26,13,35,13,27,11,35,11,28,7,30,6,33,7,32,5,35,2,30,3,30,2,32,-1,32,-2,28,-1,33,-5,27,-6,31,-7,23,-6,26,-8,28,-11,28,-13,31,-11,26,-12,28,-12,26,-16,28,-16,23,-16,30,-18,25,-16,25,-18,21,-13,22,-20,23,-17,21,-20,23,-18,25,-20,21,-16,23,-16,23,-17,22,-16,21,-17,20,-12,21,-16,15,-11,18,-15,18,-13,17,-15,16,-13,20,-13,13,-8,16,-7,16,-6,0,0,0,0,0,0,0,0,0,0]"""
1782031926871,2026-06-21T17:52:06.871,safe,posture,mhw,standing_still,t017,"CSI_DATA,534585,1a:00:00:00:00:00,-43,11,-99,18,28,11,512650692,47,2,256,0,""[0,0,0,0,0,0,0,0,0,0,0,0,1,-8,-1,-7,1,-7,0,-9,1,-8,0,-9,1,-9,1,-9,2,-12,1,-11,3,-13,2,-14,3,-14,4,-14,4,-15,4,-15,3,-15,6,-17,6,-15,3,-18,3,-14,7,-20,9,-18,8,-15,9,-18,7,-19,8,-18,11,-19,8,-20,7,-19,8,-19,6,-20,7,-19,7,-23,7,-22,7,-23,7,-23,6,-20,8,-22,7,-24,7,-24,3,-26,4,-28,4,-29,4,-25,6,-24,2,-28,4,-29,1,-30,2,-33,4,-29,2,-33,4,-34,3,-31,2,-34,4,-35,0,-34,0,0,0,0,0,0,-36,-4,-37,-6,-31,-4,-35,-3,-36,-4,-33,-6,-33,-4,-35,-3,-34,-6,-30,-3,-29,-3,-31,-3,-35,0,-31,-3,-29,-4,-33,-4,-31,-1,-30,-2,-31,-2,-29,2,-29,2,-31,0,-28,2,-28,2,-29,1,-31,6,-31,1,-26,2,-31,2,-29,2,-31,2,-31,2,-30,2,-29,4,-31,2,-29,2,-29,2,-28,2,-30,0,-31,0,-29,-1,-28,-2,-30,-3,-28,-3,-28,-4,-28,-3,-24,-4,-26,-7,-22,-8,-19,-7,-22,-8,-20,-9,-20,-8,-18,-9,-17,-11,-14,-12,-14,-13,0,0,0,0,0,0,0,0,0,0]"""
1782031926879,2026-06-21T17:52:06.879,safe,posture,mhw,standing_still,t017,"CSI_DATA,534586,1a:00:00:00:00:00,-43,11,-99,18,28,11,512661692,47,2,256,0,""[0,0,0,0,0,0,0,0,0,0,0,0,0,6,1,8,1,7,0,9,1,8,1,11,-1,9,0,9,-1,11,-2,12,-1,13,0,14,-1,14,-1,13,-2,17,-2,14,-4,18,-3,18,-6,19,-7,17,-6,15,-6,17,-8,17,-4,20,-7,19,-7,18,-6,18,-7,20,-8,18,-7,20,-8,18,-8,25,-9,22,-8,20,-9,22,-9,18,-7,19,-6,24,-6,22,-4,22,-6,23,-4,25,-4,25,-4,26,-7,30,-8,25,-7,29,-6,28,-6,26,-4,29,-4,34,-3,29,-6,33,-8,35,-6,35,-8,35,-7,36,0,0,0,0,0,0,36,7,33,9,37,8,34,9,30,9,35,9,31,8,34,8,30,8,34,11,31,11,30,9,29,8,29,8,33,7,31,4,31,4,29,3,29,7,29,4,30,3,29,2,31,4,31,4,29,2,28,7,29,4,31,-1,31,2,29,2,29,3,31,3,28,3,30,3,29,2,36,7,29,8,30,7,29,9,26,9,26,9,30,7,28,11,25,8,24,11,23,11,24,11,22,11,23,15,19,15,18,13,14,15,14,14,14,17,13,15,11,13,9,13,0,0,0,0,0,0,0,0,0,0]"""
1782031926891,2026-06-21T17:52:06.891,safe,posture,mhw,standing_still,t017,"CSI_DATA,534587,1a:00:00:00:00:00,-43,11,-99,18,28,11,512672692,47,2,256,0,""[0,0,0,0,0,0,0,0,0,0,0,0,8,3,7,3,7,1,8,4,8,2,11,4,11,6,9,4,11,6,9,6,12,4,11,4,13,6,13,6,15,7,13,7,17,8,14,6,15,8,19,9,19,6,17,9,17,8,18,7,20,7,19,7,19,8,20,8,18,7,20,6,20,6,25,8,23,7,22,6,22,6,22,4,22,3,26,0,24,2,22,0,24,-2,24,-1,28,-3,25,-6,31,-4,28,-4,28,-4,29,-4,26,-6,28,-7,30,-11,28,-11,33,-9,33,-9,30,-12,33,-14,33,-12,0,0,0,0,0,0,-15,-30,-14,-29,-20,-35,-18,-29,-15,-26,-19,-31,-18,-28,-20,-31,-19,-24,-19,-30,-18,-28,-18,-25,-19,-23,-18,-22,-24,-23,-22,-20,-25,-19,-22,-18,-24,-19,-22,-17,-25,-17,-25,-15,-28,-15,-26,-15,-24,-14,-23,-14,-25,-11,-30,-9,-29,-11,-30,-11,-26,-12,-30,-8,-26,-8,-31,-8,-28,-8,-33,-12,-29,-11,-28,-9,-29,-9,-25,-12,-28,-11,-30,-11,-26,-8,-24,-7,-25,-9,-23,-9,-25,-11,-24,-7,-24,-12,-20,-11,-20,-11,-19,-11,-15,-9,-18,-12,-15,-11,-15,-11,-13,-12,0,0,0,0,0,0,0,0,0,0]"""
1782031926902,2026-06-21T17:52:06.902,safe,posture,mhw,standing_still,t017,"CSI_DATA,534588,1a:00:00:00:00:00,-43,11,-99,14,29,11,512683692,47,2,256,0,""[0,0,0,0,0,0,0,0,0,0,0,0,-3,-7,-3,-7,-3,-6,-2,-8,-3,-9,-2,-11,-3,-9,-4,-11,-1,-9,-3,-12,-3,-12,-3,-12,-3,-14,-3,-13,-3,-14,-2,-17,-4,-17,-3,-15,-2,-19,-3,-17,-1,-18,-3,-18,-3,-19,-6,-19,-4,-20,-6,-19,-3,-19,-6,-19,-3,-20,-6,-22,-7,-19,-4,-23,-8,-22,-8,-22,-11,-19,-8,-20,-9,-20,-12,-20,-13,-22,-14,-19,-15,-19,-14,-22,-15,-22,-18,-20,-18,-22,-20,-22,-22,-20,-22,-18,-20,-19,-23,-19,-25,-23,-20,-22,-25,-22,-28,-23,-26,-22,-26,-19,-29,-19,0,0,0,0,0,0,-19,28,-20,28,-18,33,-17,30,-17,30,-17,29,-18,30,-17,29,-14,30,-18,30,-14,30,-13,30,-13,26,-11,28,-11,30,-8,29,-6,31,-7,29,-6,28,-7,29,-7,31,-3,29,-2,29,-3,30,-1,31,-2,28,-1,29,1,31,1,30,2,31,1,29,3,29,-1,31,2,31,3,29,1,33,3,33,0,30,2,30,0,29,0,28,0,31,-1,29,0,28,0,28,-2,25,-2,26,-1,25,-3,24,-2,25,-4,23,-3,22,-4,18,-3,19,-6,20,-6,15,-7,18,0,0,0,0,0,0,0,0,0,0]"""
1782031926914,2026-06-21T17:52:06.914,safe,posture,mhw,standing_still,t017,"CSI_DATA,534589,1a:00:00:00:00:00,-43,11,-99,18,28,11,512694692,47,2,256,0,""[0,0,0,0,0,0,0,0,0,0,0,0,7,0,9,1,7,0,9,0,7,0,12,0,11,1,9,3,13,0,12,3,13,1,15,0,15,1,15,2,17,4,14,2,18,1,15,2,19,2,18,2,13,3,19,3,17,4,19,2,20,2,19,2,20,3,23,6,18,2,24,-1,20,2,26,1,22,3,23,2,25,4,23,0,20,0,23,-3,24,-1,22,-2,25,-2,22,-9,25,-8,26,-4,31,-7,26,-2,30,-6,29,-4,25,-8,29,-9,29,-14,28,-14,33,-13,29,-9,29,-18,31,-13,30,-12,0,0,0,0,0,0,-14,-34,-14,-28,-18,-34,-15,-30,-13,-28,-17,-34,-15,-25,-18,-34,-17,-25,-14,-31,-15,-30,-13,-26,-17,-26,-14,-24,-19,-26,-19,-25,-20,-23,-20,-20,-20,-25,-19,-17,-23,-20,-22,-20,-25,-20,-23,-22,-18,-19,-23,-20,-19,-19,-25,-15,-26,-19,-23,-15,-23,-15,-28,-22,-24,-12,-26,-13,-26,-15,-31,-19,-22,-19,-24,-18,-23,-22,-22,-18,-19,-17,-26,-18,-23,-17,-20,-15,-20,-18,-19,-14,-22,-17,-17,-18,-19,-22,-12,-17,-15,-18,-9,-19,-12,-17,-9,-18,-12,-18,-11,-17,-8,-18,0,0,0,0,0,0,0,0,0,0]"""
1782031926926,2026-06-21T17:52:06.926,safe,posture,mhw,standing_still,t017,"CSI_DATA,534590,1a:00:00:00:00:00,-43,11,-99,17,28,11,512705692,47,2,256,0,""[0,0,0,0,0,0,0,0,0,0,0,0,3,-6,5,-3,6,-7,5,-3,8,-6,6,-5,7,-7,8,-8,10,-6,10,-8,10,-8,8,-8,11,-8,12,-8,11,-6,16,-12,11,-10,17,-8,13,-7,12,-10,13,-8,17,-10,18,-12,17,-12,17,-10,18,-12,18,-11,18,-10,22,-11,15,-12,18,-12,17,-11,17,-15,18,-13,17,-16,17,-15,20,-16,17,-16,20,-16,20,-20,15,-18,20,-20,18,-18,16,-22,13,-18,15,-23,17,-20,12,-25,16,-25,17,-26,16,-23,18,-26,16,-26,21,-28,16,-28,16,-27,20,-32,0,0,0,0,0,0,-28,-21,-35,-21,-26,-16,-30,-15,-35,-21,-25,-15,-32,-17,-26,-15,-31,-16,-25,-15,-26,-12,-30,-12,-27,-13,-31,-11,-27,-11,-27,-8,-28,-8,-28,-7,-26,-7,-32,-10,-27,-6,-31,-7,-25,-5,-28,-3,-32,-5,-30,-6,-33,-3,-28,-2,-30,-3,-31,-1,-31,-3,-27,-1,-35,-5,-28,-5,-31,-1,-25,-3,-32,0,-30,-6,-31,-2,-31,-7,-31,-5,-26,-7,-27,-7,-30,-8,-25,-5,-27,-10,-22,-10,-26,-7,-18,-7,-23,-7,-20,-10,-20,-8,-17,-11,-20,-12,-15,-10,-13,-11,-12,-13,0,0,0,0,0,0,0,0,0,0]"""
1782031926935,2026-06-21T17:52:06.935,safe,posture,mhw,standing_still,t017,"CSI_DATA,534591,1a:00:00:00:00:00,-43,11,-99,17,28,11,512716692,47,2,256,0,""[0,0,0,0,0,0,0,0,0,0,0,0,-3,-5,-5,-3,-7,-6,-5,-7,-6,-7,-6,-8,-7,-7,-10,-7,-7,-7,-11,-10,-8,-8,-8,-8,-10,-10,-10,-10,-11,-11,-12,-12,-11,-10,-13,-12,-11,-11,-15,-12,-17,-11,-13,-12,-16,-11,-16,-10,-17,-11,-17,-12,-17,-12,-17,-8,-18,-12,-18,-8,-20,-8,-18,-7,-22,-7,-20,-7,-23,-6,-22,-5,-23,-3,-22,-3,-25,-3,-26,-1,-23,2,-28,0,-25,0,-26,6,-23,3,-28,7,-26,5,-27,11,-27,8,-28,8,-30,8,-31,10,-31,13,-31,15,-32,12,-31,13,-27,18,0,0,0,0,0,0,21,27,22,28,21,25,23,26,26,27,21,23,25,27,22,21,26,23,23,22,25,18,28,17,26,16,28,15,27,16,26,13,30,12,28,10,27,8,30,11,30,7,31,7,26,3,30,2,31,2,28,1,32,1,30,-1,31,-1,32,-3,31,-3,30,-5,32,-1,28,-3,28,-6,28,-3,32,-8,31,-5,30,-8,30,-3,31,-5,28,-5,28,-3,28,-6,26,-6,27,-3,25,-2,25,-6,22,-3,23,-5,21,-3,21,-5,20,-2,23,-2,18,-1,17,-1,18,0,0,0,0,0,0,0,0,0,0,0]"""
1782031926945,2026-06-21T17:52:06.945,safe,posture,mhw,standing_still,t017,"CSI_DATA,534592,1a:00:00:00:00:00,-43,11,-99,17,28,11,512727692,47,2,256,0,""[0,0,0,0,0,0,0,0,0,0,0,0,10,0,6,-1,10,0,8,0,8,1,10,0,8,0,12,1,11,1,13,1,12,3,13,1,15,1,15,0,13,3,18,3,15,3,18,5,16,5,13,3,17,8,18,6,21,7,18,8,20,8,20,8,20,7,18,7,22,11,20,7,21,7,17,6,20,5,22,6,22,6,23,5,23,8,22,7,23,6,25,6,23,5,27,6,23,5,27,3,20,3,28,3,27,7,30,0,28,3,32,3,28,3,32,5,32,6,35,3,35,3,32,6,37,1,0,0,0,0,0,0,7,-32,6,-39,3,-31,5,-35,6,-40,5,-30,6,-37,5,-30,6,-36,6,-27,5,-28,3,-33,3,-32,1,-35,3,-28,3,-30,1,-31,1,-31,2,-26,1,-32,0,-28,-1,-30,-1,-26,-2,-28,-1,-31,-2,-30,-3,-33,-2,-30,-1,-31,-2,-31,-2,-32,-3,-27,0,-35,-1,-28,0,-32,0,-26,-2,-31,1,-30,-1,-30,2,-30,3,-30,6,-27,6,-30,5,-30,3,-26,8,-28,7,-22,5,-25,7,-17,7,-22,11,-20,7,-18,10,-20,12,-20,8,-15,12,-13,12,-12,0,0,0,0,0,0,0,0,0,0]"""
1782031926957,2026-06-21T17:52:06.957,safe,posture,mhw,standing_still,t017,"CSI_DATA,534593,1a:00:00:00:00:00,-43,11,-99,17,28,11,512738692,47,2,256,0,""[0,0,0,0,0,0,0,0,0,0,0,0,-1,-7,2,-6,1,-8,0,-6,0,-8,1,-7,2,-8,3,-13,1,-12,2,-12,3,-12,2,-11,1,-15,2,-13,2,-13,3,-18,0,-15,1,-17,2,-16,2,-20,0,-22,5,-18,1,-20,1,-21,2,-20,1,-20,5,-23,0,-18,3,-23,1,-21,0,-22,0,-20,-3,-23,-2,-22,-5,-22,-5,-22,-6,-23,-5,-25,-5,-22,-8,-22,-8,-21,-10,-26,-8,-25,-12,-23,-10,-20,-15,-23,-13,-25,-20,-20,-17,-23,-17,-25,-18,-25,-17,-25,-20,-25,-22,-27,-23,-28,-21,-22,-27,-23,0,0,0,0,0,0,-25,22,-25,28,-20,23,-20,30,-25,31,-18,26,-20,28,-17,27,-20,28,-16,27,-15,27,-15,31,-15,28,-11,32,-11,28,-10,27,-8,28,-7,30,-6,27,-7,31,-5,28,-3,32,-2,28,0,30,-1,30,-1,28,1,32,3,30,1,31,5,30,3,32,5,28,2,35,3,30,5,28,3,27,6,32,5,28,7,30,3,30,3,30,2,30,3,30,5,30,3,26,1,27,1,26,5,26,2,20,1,26,-1,23,2,23,0,21,0,22,-2,18,-1,17,-5,16,0,0,0,0,0,0,0,0,0,0]"""
1782031926968,2026-06-21T17:52:06.968,safe,posture,mhw,standing_still,t017,"CSI_DATA,534594,1a:00:00:00:00:00,-43,11,-99,19,28,11,512749692,47,2,256,0,""[0,0,0,0,0,0,0,0,0,0,0,0,7,3,7,3,8,4,7,3,8,4,8,5,10,5,9,5,11,7,11,7,11,8,11,8,11,5,13,7,14,10,16,7,16,9,15,9,14,9,16,7,11,9,19,9,16,11,16,11,19,13,19,11,17,11,20,13,19,10,20,8,19,9,21,8,17,8,21,5,21,7,24,5,22,5,22,3,23,4,24,3,26,4,26,-1,29,-2,29,1,26,-1,24,-1,28,-3,29,-4,29,-5,32,-4,30,-7,33,-4,35,-4,32,-5,33,-8,33,-9,32,-9,0,0,0,0,0,0,-8,-35,-8,-35,-13,-33,-11,-33,-10,-32,-10,-34,-11,-30,-13,-33,-13,-29,-13,-29,-15,-28,-11,-27,-17,-28,-16,-26,-15,-26,-17,-27,-20,-24,-19,-24,-20,-27,-21,-20,-23,-21,-20,-22,-21,-20,-22,-17,-23,-19,-26,-17,-23,-16,-22,-15,-26,-19,-26,-15,-26,-17,-28,-19,-28,-13,-28,-14,-26,-16,-30,-15,-24,-15,-27,-14,-26,-15,-28,-15,-26,-15,-24,-15,-24,-14,-24,-14,-22,-16,-23,-13,-22,-14,-21,-16,-21,-16,-14,-13,-19,-15,-15,-15,-17,-15,-13,-15,-11,-14,-11,-15,-10,-16,0,0,0,0,0,0,0,0,0,0]"""
1782031926979,2026-06-21T17:52:06.979,safe,posture,mhw,standing_still,t017,"CSI_DATA,534595,1a:00:00:00:00:00,-43,11,-99,18,28,11,512760692,47,2,256,0,""[0,0,0,0,0,0,0,0,0,0,0,0,3,-7,2,-6,2,-8,3,-7,2,-9,2,-9,3,-11,3,-12,4,-9,3,-13,3,-12,4,-12,6,-14,4,-12,7,-13,7,-15,7,-17,7,-15,7,-17,7,-15,7,-17,8,-17,8,-18,7,-20,9,-17,8,-18,8,-18,7,-18,9,-20,6,-20,7,-20,7,-22,4,-23,6,-20,6,-20,4,-22,6,-23,3,-24,4,-24,2,-25,0,-24,2,-26,0,-26,-4,-28,0,-26,-3,-29,-2,-30,-4,-26,-2,-28,-3,-31,-3,-31,-3,-31,-6,-31,-6,-35,-6,-35,-6,-31,-8,-34,0,0,0,0,0,0,-35,6,-34,9,-31,12,-31,12,-33,13,-31,13,-34,13,-31,11,-31,13,-31,12,-31,14,-28,14,-26,11,-26,14,-28,15,-25,15,-25,18,-23,17,-23,17,-26,17,-23,19,-22,19,-22,20,-22,22,-22,23,-22,20,-20,23,-18,23,-19,23,-19,24,-18,24,-15,24,-20,23,-17,24,-17,24,-20,24,-19,28,-19,23,-18,25,-19,22,-19,22,-22,23,-22,19,-18,20,-17,20,-19,18,-19,18,-18,17,-18,15,-18,17,-17,14,-17,13,-15,9,-17,13,-19,11,-17,8,-17,6,0,0,0,0,0,0,0,0,0,0]"""
1782031926989,2026-06-21T17:52:06.989,safe,posture,mhw,standing_still,t017,"CSI_DATA,534596,1a:00:00:00:00:00,-43,11,-99,14,29,11,512771692,47,2,256,0,""[0,0,0,0,0,0,0,0,0,0,0,0,6,-4,8,-3,7,-3,8,-4,8,-2,9,-3,8,-2,8,-2,12,-3,12,-1,13,-1,14,-1,13,-2,15,0,18,1,14,-1,18,-1,18,2,18,2,17,1,14,4,20,2,15,6,19,4,20,6,19,4,20,8,23,9,19,6,22,7,20,8,24,7,20,9,20,7,22,9,22,7,19,7,24,7,23,7,22,8,24,13,23,6,25,8,25,11,29,11,24,11,28,9,25,12,29,9,28,12,33,13,29,11,31,15,29,14,29,13,33,14,30,15,0,0,0,0,0,0,22,-30,19,-26,20,-31,23,-26,19,-24,25,-26,19,-22,24,-29,22,-23,23,-26,22,-24,20,-22,22,-26,19,-20,22,-20,20,-23,20,-23,20,-22,25,-22,18,-22,19,-25,20,-20,20,-23,19,-20,20,-19,20,-23,20,-19,22,-20,22,-23,22,-20,23,-19,26,-22,20,-20,24,-22,24,-17,28,-20,26,-14,25,-17,28,-13,28,-13,23,-11,28,-11,26,-11,26,-8,28,-4,24,-7,25,-6,25,-1,28,-1,22,1,23,-1,22,2,20,3,20,6,19,4,17,6,15,8,0,0,0,0,0,0,0,0,0,0]"""
1782031927002,2026-06-21T17:52:07.002,safe,posture,mhw,standing_still,t017,"CSI_DATA,534597,1a:00:00:00:00:00,-43,11,-99,18,28,11,512782692,47,2,256,0,""[0,0,0,0,0,0,0,0,0,0,0,0,-4,-4,-6,-4,-3,-6,-7,-6,-6,-6,-7,-8,-7,-9,-4,-9,-6,-9,-6,-7,-8,-9,-9,-12,-9,-11,-8,-12,-9,-14,-8,-9,-9,-14,-11,-13,-12,-18,-8,-19,-6,-17,-9,-17,-7,-17,-12,-17,-11,-18,-11,-18,-8,-17,-11,-19,-9,-15,-13,-19,-12,-18,-14,-24,-11,-20,-13,-19,-12,-20,-12,-18,-13,-17,-17,-18,-15,-17,-15,-14,-17,-20,-17,-13,-20,-17,-19,-18,-24,-22,-19,-19,-22,-18,-19,-23,-19,-17,-24,-18,-29,-18,-26,-14,-25,-20,-24,-19,-29,-15,-31,-19,-26,-22,0,0,0,0,0,0,-20,28,-17,24,-22,34,-22,26,-18,23,-22,31,-15,25,-20,33,-13,25,-23,30,-18,29,-18,24,-14,26,-15,23,-15,30,-13,29,-11,28,-9,26,-14,28,-7,25,-8,33,-8,26,-9,33,-13,30,-9,25,-8,28,-7,26,-6,30,-7,29,-4,29,-7,25,-8,30,-3,25,-4,31,-6,29,-9,39,-12,30,-9,29,-12,28,-11,24,-9,25,-7,30,-8,26,-8,24,-13,25,-7,23,-12,26,-11,22,-17,28,-14,19,-14,18,-14,14,-13,15,-12,12,-12,17,-12,14,-15,11,0,0,0,0,0,0,0,0,0,0]"""
1782031927012,2026-06-21T17:52:07.012,safe,posture,mhw,standing_still,t017,"CSI_DATA,534598,1a:00:00:00:00:00,-43,11,-99,17,28,11,512793692,47,2,256,0,""[0,0,0,0,0,0,0,0,0,0,0,0,-7,3,-5,2,-7,2,-8,5,-10,3,-8,3,-10,5,-8,3,-10,7,-10,5,-12,5,-12,6,-12,8,-13,7,-15,7,-13,7,-13,11,-16,8,-15,8,-15,7,-15,6,-17,13,-16,10,-16,11,-17,12,-15,12,-17,13,-18,15,-13,13,-13,16,-16,13,-15,18,-15,13,-13,17,-12,20,-12,22,-11,21,-11,21,-10,21,-7,22,-11,25,-5,23,-5,26,-7,28,-5,28,-5,25,-1,28,-2,28,1,30,-1,31,2,31,5,33,1,35,3,31,8,33,7,36,7,35,0,0,0,0,0,0,36,-10,33,-8,36,-10,35,-8,31,-12,33,-11,28,-11,32,-15,28,-12,30,-13,28,-16,26,-13,26,-21,23,-18,25,-17,22,-21,20,-23,20,-21,23,-23,15,-22,16,-26,17,-23,15,-25,15,-25,13,-25,12,-28,11,-27,11,-27,10,-30,7,-28,10,-28,12,-32,6,-27,5,-31,8,-30,6,-32,6,-28,3,-31,6,-30,5,-30,6,-26,5,-30,5,-30,5,-26,7,-28,3,-25,6,-26,6,-23,5,-23,6,-20,5,-22,5,-18,5,-22,7,-20,7,-17,6,-18,7,-17,0,0,0,0,0,0,0,0,0,0]"""
1782031927023,2026-06-21T17:52:07.023,safe,posture,mhw,standing_still,t017,"CSI_DATA,534599,1a:00:00:00:00:00,-43,11,-99,18,28,11,512804692,47,2,256,0,""[0,0,0,0,0,0,0,0,0,0,0,0,7,-4,4,-2,6,-6,7,-6,7,-6,8,-4,8,-4,11,-6,9,-7,11,-7,12,-6,13,-6,13,-7,14,-6,14,-4,17,-6,15,-6,17,-4,14,-4,15,-8,15,-8,20,-6,20,-6,19,-2,20,-2,19,-3,22,-3,19,-3,23,-4,20,-4,22,-3,18,-6,20,-7,22,-7,22,-7,24,-9,23,-7,23,-6,23,-7,25,-9,22,-9,24,-11,24,-9,24,-12,20,-9,22,-12,25,-13,23,-14,26,-15,29,-13,26,-12,31,-12,30,-12,29,-14,30,-13,29,-13,31,-17,0,0,0,0,0,0,-14,-31,-15,-35,-13,-28,-14,-31,-15,-35,-9,-30,-13,-33,-12,-28,-12,-34,-12,-26,-13,-28,-14,-29,-15,-30,-15,-31,-9,-28,-14,-28,-15,-28,-14,-28,-12,-25,-18,-29,-15,-23,-15,-29,-15,-20,-17,-22,-17,-24,-18,-24,-19,-28,-15,-24,-18,-26,-15,-25,-17,-28,-17,-26,-18,-28,-14,-25,-15,-26,-13,-23,-17,-24,-14,-26,-17,-25,-15,-28,-13,-28,-8,-26,-9,-28,-8,-30,-8,-25,-7,-29,-3,-24,-7,-25,-3,-19,-2,-23,-2,-23,-3,-22,-2,-23,1,-23,4,-19,3,-19,4,-19,0,0,0,0,0,0,0,0,0,0]"""
1782031927032,2026-06-21T17:52:07.032,safe,posture,mhw,standing_still,t017,"CSI_DATA,534600,1a:00:00:00:00:00,-43,11,-99,18,28,11,512815692,47,2,256,0,""[0,0,0,0,0,0,0,0,0,0,0,0,2,7,3,7,3,4,3,8,3,7,3,12,3,13,0,11,1,11,0,9,2,13,3,13,2,15,2,13,1,17,1,12,1,18,1,15,-1,19,-1,19,-2,14,-1,20,-3,18,-1,20,-1,22,-1,20,-1,19,-4,24,-1,18,0,23,-2,22,-2,28,-3,23,-2,20,-3,23,-3,22,-2,20,1,25,0,22,0,23,-2,25,4,22,2,29,2,25,-1,35,-3,25,0,29,-3,28,1,28,1,28,6,35,4,31,1,35,0,33,7,35,1,36,-2,33,0,0,0,0,0,0,37,3,30,1,41,0,34,3,29,1,37,3,28,2,39,2,28,0,37,3,34,6,28,4,31,3,26,4,35,0,31,0,33,-1,28,0,34,2,23,-2,34,-3,25,0,35,-1,33,1,29,1,30,0,26,1,30,-4,31,-2,29,-2,28,-1,34,1,26,-2,31,-1,28,1,40,1,31,7,31,4,30,7,26,6,26,4,30,4,30,3,24,7,26,11,22,4,26,8,22,11,26,17,19,12,18,12,15,15,17,13,13,14,15,15,13,12,11,14,0,0,0,0,0,0,0,0,0,0]"""
1782031927047,2026-06-21T17:52:07.047,safe,posture,mhw,standing_still,t017,"CSI_DATA,534601,1a:00:00:00:00:00,-43,11,-99,17,28,11,512826692,47,2,256,0,""[0,0,0,0,0,0,0,0,0,0,0,0,3,6,2,7,3,8,3,8,2,10,1,8,2,8,5,11,3,11,5,11,5,12,5,13,5,12,3,15,3,15,6,17,6,15,5,18,5,17,5,16,3,17,5,16,6,21,5,18,6,18,7,21,6,20,6,20,7,22,7,20,8,20,8,18,12,21,11,20,13,20,12,20,13,21,15,20,13,20,17,18,16,16,17,21,16,20,20,17,18,18,23,17,20,18,27,16,25,17,27,16,25,18,25,18,26,20,30,21,30,18,28,15,32,16,0,0,0,0,0,0,16,-28,16,-32,12,-32,15,-31,15,-33,12,-30,16,-32,13,-31,11,-31,12,-30,11,-30,6,-32,7,-27,6,-32,7,-31,5,-30,2,-33,1,-31,1,-25,3,-32,0,-28,0,-32,-2,-28,-2,-31,-3,-31,-2,-27,-3,-32,-6,-31,-6,-30,-7,-31,-7,-30,-8,-26,-5,-33,-7,-28,-7,-28,-6,-27,-11,-32,-6,-31,-10,-28,-5,-27,-5,-30,-5,-28,-3,-31,-5,-28,-6,-25,-3,-26,0,-25,-5,-26,-2,-22,-1,-25,-1,-22,-2,-22,0,-18,-1,-21,1,-21,3,-18,5,-17,0,0,0,0,0,0,0,0,0,0]"""
1782031927056,2026-06-21T17:52:07.056,safe,posture,mhw,standing_still,t017,"CSI_DATA,534602,1a:00:00:00:00:00,-43,11,-99,19,28,11,512837692,47,2,256,0,""[0,0,0,0,0,0,0,0,0,0,0,0,-2,7,-2,7,-2,8,-3,7,-2,9,-5,10,-7,8,-5,9,-5,8,-7,8,-8,10,-9,11,-9,11,-9,9,-10,10,-13,10,-13,10,-11,11,-16,11,-15,11,-13,9,-17,9,-16,9,-17,11,-19,9,-19,10,-19,8,-19,10,-19,7,-20,10,-20,10,-23,10,-21,9,-21,9,-20,8,-20,7,-17,8,-23,11,-22,10,-21,11,-22,10,-22,14,-23,11,-23,15,-30,15,-27,10,-26,10,-27,11,-24,10,-27,13,-30,15,-27,13,-28,10,-34,13,-30,13,-33,11,-32,11,0,0,0,0,0,0,9,35,8,32,11,38,5,35,7,30,9,34,7,32,7,36,5,29,3,36,3,34,4,29,3,32,3,28,7,33,5,32,8,32,5,29,4,30,5,27,5,30,7,28,7,32,4,33,4,29,3,28,3,28,7,30,4,30,5,30,2,28,4,29,2,30,3,30,2,29,-1,35,-2,34,-3,32,-2,30,-7,28,-5,27,-4,33,-5,28,-5,26,-8,26,-7,23,-9,24,-8,23,-13,23,-14,21,-15,17,-15,15,-13,16,-13,13,-15,16,-15,11,-14,8,0,0,0,0,0,0,0,0,0,0]"""
1782031927065,2026-06-21T17:52:07.065,safe,posture,mhw,standing_still,t017,"CSI_DATA,534603,1a:00:00:00:00:00,-43,11,-99,14,29,11,512848692,47,2,256,0,""[0,0,0,0,0,0,0,0,0,0,0,0,8,-1,7,0,8,1,8,1,8,1,9,2,8,2,12,2,11,2,12,3,14,3,13,6,15,4,13,6,12,7,17,9,15,8,15,9,14,11,12,11,13,13,12,11,15,13,15,14,14,17,14,15,14,15,14,14,13,18,13,17,13,17,13,18,17,18,14,19,13,18,15,19,15,20,14,19,14,22,15,20,15,18,14,23,14,22,19,19,14,18,20,23,15,24,20,22,17,25,18,24,15,24,17,26,14,26,17,29,17,29,15,29,19,30,0,0,0,0,0,0,33,-14,34,-14,29,-15,33,-12,35,-12,28,-11,35,-12,33,-8,34,-9,33,-8,31,-9,31,-11,29,-6,31,-11,30,-8,28,-7,31,-8,29,-8,25,-7,34,-6,30,-9,31,-8,26,-7,29,-8,31,-8,26,-3,31,-6,29,-9,30,-3,30,-6,30,-4,26,-7,33,0,31,-2,31,-2,29,2,33,0,31,1,30,1,28,3,30,4,29,8,29,8,28,8,25,8,25,14,23,12,24,9,18,13,22,13,18,14,18,13,15,15,14,14,13,15,9,18,8,17,0,0,0,0,0,0,0,0,0,0]"""
1782031927079,2026-06-21T17:52:07.079,safe,posture,mhw,standing_still,t017,"CSI_DATA,534604,1a:00:00:00:00:00,-43,11,-99,14,29,11,512859692,47,2,256,0,""[0,0,0,0,0,0,0,0,0,0,0,0,-3,-6,-3,-6,-4,-8,-2,-7,-3,-9,-3,-7,-6,-8,-6,-12,-4,-9,-6,-11,-4,-12,-4,-12,-4,-13,-3,-14,-3,-14,-7,-17,-6,-14,-6,-18,-4,-14,-3,-15,-6,-20,-7,-18,-7,-22,-2,-17,-3,-19,-4,-19,-3,-22,-6,-18,-6,-24,-6,-20,-6,-23,-6,-18,-8,-19,-9,-20,-9,-22,-9,-22,-11,-24,-8,-20,-9,-23,-9,-25,-12,-22,-12,-25,-11,-22,-14,-24,-11,-18,-15,-22,-17,-23,-19,-19,-18,-24,-19,-25,-15,-25,-18,-29,-19,-24,-22,-28,-20,-29,-19,-25,-23,-26,0,0,0,0,0,0,-25,20,-31,24,-23,19,-26,22,-31,25,-25,18,-29,24,-23,19,-28,23,-22,18,-19,19,-24,22,-24,24,-23,25,-22,19,-23,22,-20,24,-22,23,-19,23,-20,25,-14,24,-20,24,-14,20,-14,23,-17,26,-15,26,-17,28,-15,24,-18,25,-15,26,-19,26,-14,26,-19,26,-15,25,-17,26,-14,20,-14,26,-15,25,-13,26,-17,26,-19,25,-19,20,-19,23,-20,23,-18,19,-20,20,-18,15,-19,19,-15,13,-17,15,-17,14,-17,15,-18,13,-20,12,-15,6,-17,6,-17,4,0,0,0,0,0,0,0,0,0,0]"""
1782031927089,2026-06-21T17:52:07.089,safe,posture,mhw,standing_still,t017,"CSI_DATA,534605,1a:00:00:00:00:00,-43,11,-99,17,28,11,512870692,47,2,256,0,""[0,0,0,0,0,0,0,0,0,0,0,0,1,7,2,7,1,7,1,8,1,10,1,10,2,10,1,8,5,12,1,12,3,13,2,16,3,13,3,15,2,17,3,15,5,16,3,17,5,16,6,18,6,16,7,20,5,20,6,18,5,20,7,18,6,21,7,22,8,20,10,17,10,20,12,20,12,18,15,17,15,18,16,18,15,17,17,16,18,17,18,17,21,18,22,12,23,12,22,16,25,15,22,11,26,10,26,11,28,10,28,10,30,10,33,7,33,7,31,7,35,7,35,5,36,3,0,0,0,0,0,0,5,-36,2,-33,1,-37,3,-36,-1,-33,1,-35,-3,-31,-3,-35,-5,-31,-3,-32,-6,-31,-6,-30,-10,-31,-8,-30,-8,-30,-12,-28,-13,-28,-12,-27,-13,-30,-17,-23,-20,-23,-17,-25,-18,-23,-18,-22,-18,-21,-23,-21,-21,-20,-22,-17,-23,-21,-21,-17,-21,-17,-27,-22,-23,-16,-27,-15,-25,-17,-28,-17,-22,-16,-26,-15,-27,-17,-28,-16,-25,-15,-25,-15,-27,-13,-23,-12,-22,-16,-21,-12,-22,-15,-21,-16,-21,-15,-18,-11,-18,-13,-16,-12,-17,-12,-15,-12,-13,-13,-16,-13,-13,-15,0,0,0,0,0,0,0,0,0,0]"""
1782031927099,2026-06-21T17:52:07.099,safe,posture,mhw,standing_still,t017,"CSI_DATA,534606,1a:00:00:00:00:00,-43,11,-99,14,29,11,512881693,47,2,256,0,""[0,0,0,0,0,0,0,0,0,0,0,0,-3,-6,-6,-8,-4,-6,-3,-8,-4,-7,-4,-9,-3,-9,-3,-9,-8,-11,-4,-8,-7,-13,-8,-12,-9,-12,-7,-14,-8,-15,-7,-12,-8,-15,-8,-14,-11,-17,-7,-14,-6,-15,-13,-18,-7,-15,-11,-17,-13,-17,-13,-15,-11,-17,-14,-19,-13,-13,-15,-15,-13,-17,-18,-19,-15,-15,-17,-15,-18,-15,-19,-14,-15,-12,-20,-11,-22,-12,-20,-11,-23,-13,-22,-6,-26,-8,-25,-9,-29,-9,-25,-9,-28,-8,-28,-7,-28,-4,-30,-4,-31,-2,-33,0,-35,-3,-29,-2,-35,2,-37,-1,-30,-1,0,0,0,0,0,0,0,37,2,34,2,40,0,36,4,30,3,37,7,29,6,37,6,29,7,35,9,33,6,29,12,31,8,26,14,29,14,28,15,26,15,24,15,30,17,19,22,24,15,23,24,25,19,23,18,22,23,23,18,19,24,18,25,19,24,17,24,18,26,22,22,13,28,15,25,17,31,19,23,18,24,15,25,19,24,15,23,14,25,15,25,14,23,14,23,17,22,12,23,14,18,15,22,18,17,15,19,15,14,15,18,14,14,13,14,15,14,13,12,14,0,0,0,0,0,0,0,0,0,0]"""
1782031927110,2026-06-21T17:52:07.110,safe,posture,mhw,standing_still,t017,"CSI_DATA,534607,1a:00:00:00:00:00,-43,11,-99,18,28,11,512892692,47,2,256,0,""[0,0,0,0,0,0,0,0,0,0,0,0,6,3,7,3,7,4,8,6,7,4,9,4,9,6,9,6,9,6,11,9,8,9,9,11,9,11,11,12,11,14,9,13,11,14,8,15,9,13,13,13,9,12,12,17,9,17,7,18,9,18,7,18,7,19,8,20,8,19,9,22,8,20,9,20,11,19,11,19,12,19,14,20,12,19,11,22,12,22,12,22,14,23,14,20,13,23,13,24,14,23,13,22,18,23,18,22,19,24,18,24,17,25,17,26,17,29,19,26,17,30,20,29,17,28,0,0,0,0,0,0,33,-17,33,-14,31,-14,30,-14,30,-14,35,-12,30,-13,31,-14,31,-11,29,-12,28,-14,26,-14,28,-18,28,-15,29,-11,28,-14,26,-14,26,-14,30,-12,25,-17,26,-15,28,-11,24,-14,24,-15,26,-15,25,-19,26,-17,25,-14,25,-14,26,-17,26,-12,29,-15,28,-14,26,-14,28,-11,26,-13,28,-14,25,-14,29,-13,28,-12,26,-9,29,-7,28,-8,28,-4,28,-3,25,-6,26,-2,25,0,25,0,23,1,24,1,22,0,20,1,22,4,18,8,18,6,17,9,0,0,0,0,0,0,0,0,0,0]"""
1782031927122,2026-06-21T17:52:07.122,safe,posture,mhw,standing_still,t017,"CSI_DATA,534608,1a:00:00:00:00:00,-43,11,-99,17,28,11,512903692,47,2,256,0,""[0,0,0,0,0,0,0,0,0,0,0,0,1,-6,0,-8,-1,-8,1,-11,0,-8,0,-11,2,-12,2,-10,0,-12,2,-12,1,-15,0,-12,1,-15,1,-13,2,-16,2,-15,1,-18,0,-15,1,-21,2,-18,5,-16,1,-17,3,-17,1,-22,2,-21,0,-21,0,-18,1,-21,2,-20,0,-22,1,-20,0,-26,1,-25,0,-22,-1,-23,-1,-21,-3,-22,-6,-23,-3,-23,-6,-22,-3,-23,-8,-21,-10,-25,-11,-25,-12,-31,-8,-26,-12,-26,-10,-27,-10,-21,-15,-26,-20,-27,-17,-23,-17,-27,-17,-28,-23,-27,-22,-28,-20,-27,0,0,0,0,0,0,-27,22,-23,21,-31,28,-26,20,-21,18,-26,26,-22,21,-26,26,-18,21,-27,26,-25,23,-21,21,-20,22,-18,22,-20,27,-16,25,-15,27,-15,25,-16,26,-11,25,-12,28,-11,27,-13,32,-13,28,-11,27,-12,26,-11,25,-6,31,-7,31,-6,30,-6,26,-8,30,-5,26,-3,32,-5,31,-8,37,-11,31,-7,28,-11,30,-8,25,-7,26,-6,31,-7,27,-5,23,-8,25,-5,23,-7,26,-7,25,-11,27,-11,20,-10,21,-11,17,-10,17,-10,16,-12,18,-11,17,-11,13,0,0,0,0,0,0,0,0,0,0]"""
1782031927131,2026-06-21T17:52:07.131,safe,posture,mhw,standing_still,t017,"CSI_DATA,534609,1a:00:00:00:00:00,-43,11,-99,17,28,11,512914692,47,2,256,0,""[0,0,0,0,0,0,0,0,0,0,0,0,7,1,7,2,8,1,11,2,8,3,10,5,8,6,8,6,10,6,8,7,11,7,11,7,10,8,12,8,12,12,11,10,15,11,11,12,13,13,13,16,10,12,11,16,8,16,12,16,11,18,11,17,11,17,10,21,8,15,12,20,11,20,12,20,7,23,8,20,10,22,10,21,11,18,13,20,12,21,11,20,10,23,15,18,15,22,12,23,15,30,7,23,13,26,11,27,15,23,15,28,16,26,17,26,15,31,12,28,18,30,12,35,13,31,0,0,0,0,0,0,36,-10,31,-10,37,-11,35,-7,31,-7,36,-5,30,-7,35,-7,31,-7,36,-6,35,-5,30,0,35,-6,28,-1,31,-5,31,-7,30,-7,28,-5,32,-3,25,-6,30,-7,28,-5,31,-6,30,-3,28,-2,30,-5,27,-1,30,-5,30,-5,30,-6,27,-3,33,-2,26,-3,31,-6,30,-1,36,0,28,5,30,2,31,5,30,5,26,5,30,3,30,7,27,6,26,11,25,5,26,11,22,12,26,13,17,13,18,15,15,16,15,13,13,16,15,16,11,13,10,15,0,0,0,0,0,0,0,0,0,0]"""
1782031927144,2026-06-21T17:52:07.144,safe,posture,mhw,standing_still,t017,"CSI_DATA,534610,1a:00:00:00:00:00,-43,11,-99,18,28,11,512925692,47,2,256,0,""[0,0,0,0,0,0,0,0,0,0,0,0,-6,-3,-6,-6,-6,-6,-7,-7,-4,-6,-6,-8,-4,-11,-4,-8,-4,-11,-3,-9,-6,-12,-4,-13,-4,-13,-3,-12,-3,-15,-2,-15,-4,-18,-3,-17,-2,-20,0,-18,2,-15,-1,-19,2,-18,0,-22,1,-22,2,-20,2,-19,3,-22,3,-18,1,-23,3,-20,4,-26,4,-24,3,-22,6,-23,6,-20,4,-22,2,-26,6,-24,2,-22,3,-25,2,-24,2,-26,2,-28,6,-31,6,-25,4,-29,8,-26,4,-24,8,-28,7,-33,6,-30,11,-31,12,-30,8,-33,11,-34,12,-31,0,0,0,0,0,0,-33,-13,-29,-12,-36,-18,-31,-14,-25,-15,-31,-18,-26,-14,-33,-19,-26,-14,-30,-20,-28,-20,-23,-18,-24,-18,-22,-18,-28,-17,-24,-17,-25,-17,-24,-15,-24,-18,-23,-15,-28,-17,-25,-14,-28,-19,-24,-20,-22,-18,-20,-19,-19,-18,-25,-17,-23,-20,-24,-18,-19,-19,-23,-22,-20,-18,-24,-22,-20,-20,-23,-29,-17,-26,-17,-26,-15,-25,-12,-24,-11,-24,-15,-26,-12,-25,-9,-24,-8,-25,-8,-22,-6,-26,-6,-23,-2,-29,-1,-23,0,-24,3,-22,2,-19,6,-18,3,-19,4,-17,8,-15,0,0,0,0,0,0,0,0,0,0]"""
1782031927154,2026-06-21T17:52:07.154,safe,posture,mhw,standing_still,t017,"CSI_DATA,534611,1a:00:00:00:00:00,-43,11,-99,15,28,11,512936692,47,2,256,0,""[0,0,0,0,0,0,0,0,0,0,0,0,20,-13,9,-34,-13,-6,22,2,-8,20,-28,-1,10,17,-14,16,-1,9,-21,-21,-13,4,-5,-12,-16,0,-12,-10,-32,-6,-8,-1,-20,-1,-28,-6,-17,-8,-26,-9,-21,-8,-21,-9,-17,-5,-18,-5,-20,-9,-20,-9,-21,-10,-21,-6,-17,-10,-20,-8,-20,-6,-21,-6,-22,-8,-21,-8,-24,-6,-21,-5,-22,-5,-25,-5,-24,-5,-21,-4,-25,-2,-24,-4,-26,-1,-30,-2,-29,-1,-28,-1,-28,-1,-29,-2,-29,-2,-30,-1,-34,0,-32,1,-33,-1,-36,-1,-34,1,-33,1,-33,1,0,0,0,0,0,0,1,36,0,34,0,38,0,33,1,34,1,36,1,33,2,36,2,33,1,34,1,34,1,32,1,29,4,32,4,32,5,30,6,30,6,29,6,29,6,30,8,30,9,29,6,29,8,32,9,29,6,28,9,30,12,29,10,29,12,29,10,28,12,28,8,32,9,30,10,29,8,30,10,30,6,30,8,29,5,30,6,28,6,30,5,28,5,26,2,26,4,26,2,25,2,26,0,24,-1,26,-2,22,-2,21,-4,20,-4,20,-5,20,-5,17,-8,17,0,0,0,0,0,0,0,0,0,0]"""
1782031927166,2026-06-21T17:52:07.166,safe,posture,mhw,standing_still,t017,"CSI_DATA,534612,1a:00:00:00:00:00,-43,11,-99,17,28,11,512947692,47,2,256,0,""[0,0,0,0,0,0,0,0,0,0,0,0,5,3,7,5,6,3,8,5,7,3,7,5,8,6,7,7,12,3,10,6,12,7,13,7,12,7,12,6,15,8,13,6,17,6,16,6,17,8,16,11,16,11,18,8,17,10,18,8,21,7,18,6,17,7,22,8,20,3,23,3,21,5,25,5,22,5,22,5,23,3,23,1,22,0,23,-2,25,-3,23,-3,26,-1,22,-7,27,-8,27,-7,31,-10,26,-6,26,-12,27,-8,27,-12,28,-15,26,-18,25,-18,28,-20,27,-17,26,-23,28,-22,26,-22,0,0,0,0,0,0,-25,-28,-23,-26,-26,-26,-25,-26,-23,-20,-25,-23,-25,-18,-30,-22,-25,-20,-28,-21,-25,-17,-22,-17,-28,-15,-27,-15,-28,-13,-30,-10,-30,-10,-27,-7,-30,-12,-27,-3,-31,-2,-28,-6,-30,-3,-30,-1,-28,-3,-31,0,-28,-1,-28,1,-30,2,-30,3,-27,2,-33,2,-26,7,-30,10,-31,5,-35,7,-31,2,-31,7,-31,3,-30,5,-28,5,-28,8,-28,7,-25,7,-27,3,-23,7,-25,7,-26,5,-27,3,-21,1,-22,2,-21,0,-21,3,-21,2,-20,1,-18,1,-17,-2,0,0,0,0,0,0,0,0,0,0]"""
1782031927177,2026-06-21T17:52:07.177,safe,posture,mhw,standing_still,t017,"CSI_DATA,534613,1a:00:00:00:00:00,-43,11,-99,17,28,11,512958757,47,2,256,0,""[0,0,0,0,0,0,0,0,0,0,0,0,-2,-6,-1,-7,-1,-7,-1,-8,-2,-10,-2,-7,-2,-8,-1,-10,0,-10,-1,-12,0,-12,-2,-13,0,-15,1,-16,2,-13,2,-18,2,-16,3,-18,1,-15,5,-17,7,-21,2,-17,5,-23,5,-17,3,-20,5,-21,5,-21,6,-17,8,-23,7,-20,6,-22,3,-18,5,-21,6,-23,3,-23,3,-25,5,-23,6,-22,7,-26,3,-26,5,-23,6,-28,5,-25,2,-26,2,-21,1,-28,6,-27,-2,-28,2,-31,3,-30,2,-25,3,-32,5,-32,5,-35,5,-33,3,-30,1,-35,0,0,0,0,0,0,-35,-7,-40,-7,-30,-3,-33,-6,-40,-6,-28,-7,-36,-6,-30,-6,-35,-8,-28,-5,-28,-3,-31,-3,-31,-3,-35,-3,-30,-5,-30,-3,-32,-2,-32,-3,-27,-3,-33,-2,-28,-2,-33,-2,-25,-1,-28,-1,-32,-2,-30,0,-32,1,-27,-1,-31,-1,-32,0,-31,-2,-28,-1,-35,-3,-30,-3,-31,-2,-25,-2,-32,-1,-30,-5,-30,-2,-31,-7,-30,-6,-26,-7,-28,-10,-28,-10,-25,-7,-27,-13,-21,-12,-23,-10,-16,-10,-21,-12,-17,-13,-18,-11,-16,-15,-16,-16,-12,-13,-10,-15,-8,-15,0,0,0,0,0,0,0,0,0,0]"""
1782031927187,2026-06-21T17:52:07.187,safe,posture,mhw,standing_still,t017,"CSI_DATA,534614,1a:00:00:00:00:00,-43,11,-99,18,28,11,512969692,47,2,256,0,""[0,0,0,0,0,0,0,0,0,0,0,0,4,4,6,6,4,4,7,6,7,6,7,8,8,9,6,9,9,7,7,9,9,12,9,11,9,11,8,9,12,12,9,11,13,13,12,11,14,15,12,17,9,17,12,14,9,14,17,15,14,15,13,15,13,13,15,15,14,12,19,15,17,13,22,17,18,17,18,14,18,15,19,9,18,9,25,9,22,9,20,8,24,11,22,4,26,7,28,6,31,9,25,8,26,7,28,9,26,4,30,6,35,2,30,1,33,2,35,2,35,-2,36,0,34,0,0,0,0,0,0,0,-1,-34,-1,-31,-4,-40,-2,-35,-3,-28,-4,-36,-4,-29,-8,-37,-6,-29,-6,-36,-6,-35,-4,-29,-8,-29,-6,-29,-11,-31,-13,-29,-12,-29,-13,-25,-13,-29,-13,-22,-18,-25,-14,-24,-18,-28,-18,-26,-15,-22,-17,-23,-15,-20,-22,-23,-19,-23,-23,-20,-19,-20,-20,-25,-20,-15,-26,-18,-24,-19,-28,-26,-22,-23,-22,-22,-20,-24,-19,-20,-19,-20,-24,-20,-22,-20,-18,-17,-17,-19,-18,-14,-20,-19,-18,-18,-17,-24,-11,-19,-13,-18,-11,-19,-11,-17,-9,-18,-12,-17,-8,-15,-7,-17,0,0,0,0,0,0,0,0,0,0]"""
1782031927200,2026-06-21T17:52:07.200,safe,posture,mhw,standing_still,t017,"CSI_DATA,534615,1a:00:00:00:00:00,-43,11,-99,18,28,11,512980692,47,2,256,0,""[0,0,0,0,0,0,0,0,0,0,0,0,-3,-7,-3,-8,-2,-6,-2,-9,-3,-9,-3,-9,-2,-11,-1,-12,-3,-13,0,-11,-1,-13,-3,-13,-2,-15,-2,-15,-2,-17,-2,-13,-3,-18,-2,-18,-3,-18,-2,-15,0,-17,-6,-22,-3,-18,-1,-19,-3,-22,-3,-20,-2,-20,-3,-24,-6,-19,-6,-22,-3,-20,-6,-22,-7,-20,-7,-22,-7,-22,-9,-22,-9,-19,-11,-20,-13,-22,-13,-19,-13,-23,-14,-18,-15,-22,-14,-22,-17,-22,-14,-19,-22,-20,-19,-20,-23,-18,-20,-22,-23,-20,-25,-19,-26,-25,-22,-19,-26,-19,-29,-20,-26,-20,0,0,0,0,0,0,-23,29,-22,26,-23,30,-20,28,-18,25,-23,28,-17,25,-18,31,-17,26,-18,28,-15,28,-15,26,-12,31,-13,28,-13,29,-11,29,-8,30,-9,28,-12,30,-6,25,-3,30,-7,30,-6,30,-4,29,-4,28,-2,33,-3,28,-1,29,-2,31,0,29,-2,30,-2,34,2,29,1,31,0,28,0,35,-1,30,1,31,-1,29,1,30,-2,29,-2,29,0,28,-1,28,-6,28,0,25,-3,26,-4,25,-4,26,-6,20,-4,23,-4,20,-7,20,-6,18,-6,19,-8,18,-8,17,0,0,0,0,0,0,0,0,0,0]"""
1782031927208,2026-06-21T17:52:07.208,safe,posture,mhw,standing_still,t017,"CSI_DATA,534616,1a:00:00:00:00:00,-43,11,-99,14,29,11,512991692,47,2,256,0,""[0,0,0,0,0,0,0,0,0,0,0,0,3,6,4,7,3,7,4,8,4,8,4,8,4,9,2,8,6,11,2,12,6,11,6,14,6,14,7,14,6,18,6,12,6,17,8,15,7,17,4,22,4,19,4,19,3,19,7,18,4,20,7,18,4,19,7,23,8,17,11,22,7,20,11,24,7,20,9,20,11,22,12,19,8,19,14,18,14,20,14,19,13,22,15,13,22,18,19,20,20,24,14,20,20,22,19,23,19,20,23,20,28,18,26,17,28,23,24,20,31,18,31,22,29,23,0,0,0,0,0,0,23,-28,19,-25,23,-33,22,-26,18,-23,20,-30,17,-25,20,-33,14,-25,19,-30,19,-28,19,-22,15,-29,14,-23,13,-29,12,-29,11,-29,11,-26,15,-30,4,-26,6,-30,7,-28,7,-31,9,-29,9,-26,6,-29,9,-26,4,-29,3,-30,3,-30,3,-28,6,-33,0,-28,-1,-31,3,-30,3,-35,8,-29,6,-29,8,-29,6,-28,6,-28,3,-29,4,-26,4,-28,9,-26,2,-25,4,-25,8,-24,9,-28,8,-18,12,-20,13,-17,9,-19,13,-17,9,-18,9,-15,12,-14,0,0,0,0,0,0,0,0,0,0]"""
1782031927222,2026-06-21T17:52:07.222,safe,posture,mhw,standing_still,t017,"CSI_DATA,534617,1a:00:00:00:00:00,-43,11,-99,17,28,11,513002692,47,2,256,0,""[0,0,0,0,0,0,0,0,0,0,0,0,-5,-2,-6,-5,-6,-5,-6,-5,-7,-6,-7,-6,-6,-8,-6,-7,-10,-10,-7,-10,-7,-10,-6,-12,-7,-12,-7,-16,-5,-16,-7,-16,-6,-15,-5,-18,-6,-17,-3,-15,-1,-17,-5,-20,-2,-21,-1,-18,-2,-21,-1,-20,0,-21,0,-22,0,-21,-2,-21,1,-21,0,-22,0,-20,-1,-22,-1,-23,-2,-26,0,-23,2,-22,1,-23,1,-25,1,-25,0,-25,0,-26,0,-27,2,-26,1,-26,0,-27,0,-28,-1,-28,1,-32,2,-31,2,-32,5,-32,5,-33,5,-35,6,-33,6,-35,0,0,0,0,0,0,-36,-12,-33,-11,-30,-12,-32,-12,-36,-13,-30,-17,-30,-12,-31,-13,-30,-15,-27,-13,-28,-13,-25,-15,-31,-12,-27,-16,-26,-16,-28,-15,-26,-15,-26,-16,-27,-17,-27,-15,-26,-12,-26,-16,-23,-13,-25,-13,-23,-16,-28,-13,-25,-16,-23,-16,-25,-20,-23,-17,-23,-18,-26,-21,-25,-17,-23,-20,-22,-21,-23,-20,-20,-20,-21,-22,-20,-25,-20,-25,-17,-23,-13,-25,-13,-26,-12,-26,-11,-26,-10,-26,-8,-22,-6,-26,-5,-22,-2,-22,-3,-23,0,-21,0,-21,1,-22,5,-18,6,-17,7,-17,0,0,0,0,0,0,0,0,0,0]"""
1782031927231,2026-06-21T17:52:07.231,safe,posture,mhw,standing_still,t017,"CSI_DATA,534618,1a:00:00:00:00:00,-43,11,-99,17,28,11,513013692,47,2,256,0,""[0,0,0,0,0,0,0,0,0,0,0,0,-7,0,-6,0,-10,-1,-8,-1,-10,-2,-8,-1,-10,-1,-11,-1,-10,-2,-15,-1,-12,-2,-12,-3,-13,-3,-15,-1,-15,-3,-18,-6,-15,-3,-17,-7,-15,-6,-13,-5,-17,-7,-17,-6,-21,-8,-18,-8,-17,-8,-18,-7,-18,-10,-16,-7,-21,-11,-16,-7,-21,-8,-15,-8,-20,-7,-20,-10,-22,-6,-21,-8,-23,-7,-22,-7,-26,-8,-26,-7,-21,-5,-28,-7,-25,-7,-26,-3,-18,-5,-28,-3,-27,-6,-27,0,-28,-3,-31,-2,-28,-3,-31,-6,-32,-6,-36,-5,-31,-5,-31,-5,-33,-1,0,0,0,0,0,0,-3,35,-5,40,-2,30,-3,35,-5,41,-5,30,-5,37,-2,30,-5,36,-2,30,-1,30,0,32,-1,32,1,33,-1,31,-1,30,3,32,0,31,3,27,2,33,3,27,3,31,5,26,5,26,3,30,3,30,6,33,6,27,5,30,8,31,6,31,7,27,5,33,5,28,6,30,3,26,6,31,5,31,5,30,3,31,1,31,0,28,-1,30,-1,31,0,27,-2,30,-5,22,-1,26,-3,18,-5,25,-5,22,-5,21,-7,21,-7,21,-8,17,-8,15,-10,15,0,0,0,0,0,0,0,0,0,0]"""
1782031927244,2026-06-21T17:52:07.244,safe,posture,mhw,standing_still,t017,"CSI_DATA,534619,1a:00:00:00:00:00,-45,11,-99,21,29,11,513024692,47,2,256,0,""[0,0,0,0,0,0,0,0,0,0,0,0,7,2,6,1,10,1,9,1,9,3,7,3,8,3,11,3,12,4,14,3,13,5,13,5,13,5,13,7,13,7,16,10,14,8,16,9,14,8,17,9,19,12,17,10,19,13,15,11,17,13,17,13,16,15,17,11,20,14,17,11,19,13,16,12,19,12,19,13,21,11,22,10,21,14,20,14,21,13,24,14,22,9,26,14,22,12,26,11,20,10,27,10,26,11,29,8,29,11,30,12,25,14,30,14,29,13,33,15,32,13,29,10,31,11,0,0,0,0,0,0,13,-33,17,-35,13,-28,13,-31,17,-37,15,-27,16,-32,12,-28,17,-32,13,-26,12,-28,12,-30,12,-31,12,-32,13,-28,12,-29,9,-30,12,-30,10,-27,10,-32,6,-27,10,-31,6,-25,6,-27,7,-29,7,-31,7,-33,7,-29,8,-28,8,-31,10,-32,6,-29,10,-34,7,-28,8,-30,9,-25,7,-29,9,-30,8,-28,10,-29,12,-30,13,-24,15,-26,18,-28,13,-23,15,-24,16,-19,14,-23,12,-15,15,-18,14,-17,14,-18,15,-15,16,-14,15,-11,17,-10,16,-7,0,0,0,0,0,0,0,0,0,0]"""
1782031927255,2026-06-21T17:52:07.255,safe,posture,mhw,standing_still,t017,"CSI_DATA,534620,1a:00:00:00:00:00,-43,11,-99,15,29,11,513035692,47,2,256,0,""[0,0,0,0,0,0,0,0,0,0,0,0,-8,-2,-5,-2,-9,-2,-8,-4,-9,-5,-8,-4,-7,-3,-10,-7,-10,-5,-10,-5,-10,-7,-10,-8,-11,-9,-13,-9,-9,-10,-14,-13,-13,-10,-11,-14,-10,-13,-11,-11,-10,-14,-14,-15,-14,-15,-10,-15,-13,-17,-11,-16,-11,-17,-11,-17,-15,-19,-11,-15,-14,-17,-9,-15,-13,-15,-14,-17,-15,-17,-17,-19,-16,-21,-13,-19,-15,-20,-19,-19,-16,-17,-20,-21,-14,-20,-20,-19,-15,-14,-21,-17,-19,-19,-22,-17,-22,-20,-24,-22,-19,-21,-22,-24,-22,-24,-23,-24,-24,-24,-22,-21,-26,-23,0,0,0,0,0,0,-27,22,-32,26,-21,20,-24,23,-30,26,-24,19,-30,23,-23,21,-28,22,-22,20,-22,20,-23,22,-23,22,-24,24,-23,17,-22,21,-23,21,-23,21,-21,20,-24,24,-19,21,-23,23,-15,17,-16,20,-20,22,-20,24,-21,24,-20,21,-21,22,-21,23,-23,23,-19,22,-26,23,-21,20,-21,21,-19,19,-20,22,-23,19,-21,20,-24,20,-26,17,-26,13,-28,14,-28,14,-23,11,-26,10,-22,8,-24,11,-17,5,-20,5,-23,5,-22,8,-22,4,-21,3,-19,-1,-20,-2,-19,-3,0,0,0,0,0,0,0,0,0,0]"""
1782031927264,2026-06-21T17:52:07.264,safe,posture,mhw,standing_still,t017,"CSI_DATA,534621,1a:00:00:00:00:00,-43,11,-99,14,29,11,513046692,47,2,256,0,""[0,0,0,0,0,0,0,0,0,0,0,0,4,7,4,7,3,6,4,8,3,8,4,8,6,8,4,9,7,12,6,11,3,12,7,12,7,12,6,15,6,17,8,13,9,14,8,15,11,14,8,15,7,15,11,15,9,19,8,14,8,20,11,18,9,20,11,20,11,18,12,18,12,18,14,17,13,15,13,17,17,18,19,17,19,15,15,17,17,18,20,17,19,18,22,14,22,12,24,13,24,14,23,12,25,12,26,11,29,11,28,12,29,11,31,11,31,12,31,9,33,11,34,9,34,8,0,0,0,0,0,0,7,-36,7,-37,6,-34,7,-34,6,-35,7,-33,3,-31,3,-34,3,-33,3,-31,1,-31,1,-30,-3,-34,-1,-31,0,-30,-1,-30,-3,-31,-2,-30,-3,-33,-7,-26,-11,-28,-7,-30,-8,-25,-9,-26,-8,-28,-13,-29,-12,-28,-12,-25,-12,-30,-13,-26,-12,-29,-14,-31,-15,-24,-17,-24,-14,-26,-14,-26,-14,-25,-15,-25,-13,-28,-14,-28,-14,-26,-13,-25,-13,-26,-12,-26,-9,-25,-13,-23,-11,-24,-9,-25,-8,-23,-7,-22,-7,-22,-4,-19,-7,-20,-3,-22,-3,-17,-1,-19,-1,-20,0,0,0,0,0,0,0,0,0,0]"""
1782031927277,2026-06-21T17:52:07.277,safe,posture,mhw,standing_still,t017,"CSI_DATA,534622,1a:00:00:00:00:00,-43,11,-99,14,29,11,513057692,47,2,256,0,""[0,0,0,0,0,0,0,0,0,0,0,0,-8,1,-9,0,-7,0,-8,2,-9,-1,-8,1,-9,0,-9,-1,-12,0,-12,-1,-12,-2,-13,-2,-14,-3,-14,-3,-15,-4,-17,-4,-14,-4,-15,-9,-14,-7,-14,-4,-13,-6,-19,-8,-18,-9,-15,-12,-17,-11,-18,-12,-17,-13,-17,-12,-15,-13,-17,-13,-15,-14,-17,-13,-17,-11,-19,-12,-20,-12,-20,-13,-19,-11,-19,-14,-22,-14,-20,-14,-20,-15,-20,-14,-23,-14,-22,-14,-20,-13,-23,-13,-25,-13,-25,-13,-26,-15,-26,-15,-23,-17,-29,-17,-28,-19,-25,-18,-26,-19,-28,-19,-26,-19,0,0,0,0,0,0,-26,26,-26,26,-23,23,-25,23,-24,25,-26,22,-25,23,-26,24,-26,20,-24,20,-22,20,-23,20,-24,24,-23,22,-25,17,-23,20,-22,23,-23,19,-25,19,-20,19,-22,20,-25,18,-19,19,-19,19,-23,18,-23,23,-22,22,-22,18,-23,20,-22,20,-25,17,-25,20,-25,17,-25,17,-25,17,-24,15,-23,17,-25,17,-25,17,-26,13,-26,13,-26,9,-28,9,-26,7,-26,6,-26,4,-26,4,-25,1,-24,1,-23,0,-23,1,-23,0,-22,0,-19,-6,-17,-6,-17,-6,-18,-8,0,0,0,0,0,0,0,0,0,0]"""
1782031927287,2026-06-21T17:52:07.287,safe,posture,mhw,standing_still,t017,"CSI_DATA,534623,1a:00:00:00:00:00,-43,11,-99,17,28,11,513068692,47,2,256,0,""[0,0,0,0,0,0,0,0,0,0,0,0,-1,8,-3,7,-2,10,-1,8,-5,8,-2,7,-2,10,-3,10,-3,12,-5,11,-5,10,-6,11,-6,13,-6,13,-6,15,-7,16,-6,15,-8,16,-7,12,-7,16,-10,18,-8,18,-7,20,-10,16,-11,16,-11,17,-11,20,-10,20,-8,21,-6,18,-10,21,-8,18,-7,21,-6,21,-6,23,-5,25,-5,26,-7,22,-5,23,-6,27,-5,23,-2,28,-3,23,-2,28,-1,23,1,27,-1,26,2,27,0,31,1,31,0,31,1,32,0,32,1,33,0,33,2,35,6,36,0,0,0,0,0,0,35,-2,37,-2,30,-2,35,-3,40,-6,31,-1,35,-2,30,-3,33,-5,28,-5,26,-7,31,-8,31,-8,32,-10,31,-5,30,-8,27,-12,30,-10,28,-8,30,-12,26,-13,28,-12,22,-12,23,-12,27,-13,26,-17,28,-17,26,-13,27,-16,25,-17,27,-17,25,-16,28,-20,25,-16,26,-17,23,-13,23,-17,26,-16,26,-17,27,-16,26,-13,25,-10,27,-12,27,-12,26,-11,26,-11,22,-7,25,-10,18,-7,21,-8,22,-6,22,-7,20,-5,21,-3,17,0,18,0,20,2,0,0,0,0,0,0,0,0,0,0]"""
1782031927299,2026-06-21T17:52:07.299,safe,posture,mhw,standing_still,t017,"CSI_DATA,534624,1a:00:00:00:00:00,-43,11,-99,17,28,11,513079692,47,2,256,0,""[0,0,0,0,0,0,0,0,0,0,0,0,2,-6,2,-6,5,-7,3,-6,5,-8,7,-8,5,-8,6,-10,6,-8,7,-10,6,-10,8,-10,10,-11,10,-10,11,-11,11,-12,12,-13,12,-15,12,-12,15,-12,17,-15,12,-10,15,-13,15,-13,15,-13,15,-13,16,-12,15,-15,17,-13,16,-15,15,-15,15,-16,15,-18,16,-16,12,-18,16,-16,16,-17,16,-21,16,-18,13,-21,11,-21,16,-20,16,-22,11,-25,13,-21,12,-28,13,-23,10,-28,12,-25,12,-27,13,-27,12,-27,13,-28,16,-30,13,-32,12,-31,12,-32,0,0,0,0,0,0,-32,-15,-32,-13,-31,-12,-33,-12,-32,-13,-31,-12,-32,-13,-31,-13,-32,-11,-30,-12,-31,-10,-31,-8,-28,-8,-30,-7,-31,-8,-27,-7,-30,-6,-30,-5,-28,-3,-31,-6,-28,-5,-31,-3,-28,-3,-30,-2,-31,0,-28,-3,-31,0,-31,0,-30,0,-31,-1,-30,0,-30,2,-30,-2,-30,-1,-30,0,-30,-2,-33,1,-31,-1,-30,0,-28,-3,-28,-2,-28,-5,-28,-7,-28,-5,-26,-5,-26,-6,-26,-8,-23,-6,-21,-7,-23,-7,-21,-8,-21,-8,-17,-10,-18,-7,-16,-10,-12,-11,-15,-12,0,0,0,0,0,0,0,0,0,0]"""
1782031927308,2026-06-21T17:52:07.308,safe,posture,mhw,standing_still,t017,"CSI_DATA,534625,1a:00:00:00:00:00,-43,11,-99,18,28,11,513090692,47,2,256,0,""[0,0,0,0,0,0,0,0,0,0,0,0,6,6,6,6,4,3,7,7,7,6,7,7,8,8,6,7,7,8,7,9,9,9,7,12,9,11,9,12,7,13,8,13,9,14,9,14,9,17,6,17,4,17,7,15,7,17,11,19,9,19,9,17,8,18,8,18,9,19,11,20,9,20,11,24,8,22,8,20,9,22,11,19,12,19,15,19,13,19,14,18,14,20,15,18,18,20,18,22,20,25,15,23,19,20,17,24,17,20,20,22,24,20,22,19,23,22,22,25,28,22,25,24,25,26,0,0,0,0,0,0,24,-23,22,-20,29,-28,28,-23,22,-20,26,-25,23,-20,25,-26,22,-23,28,-23,26,-24,22,-19,22,-20,22,-19,22,-26,18,-23,17,-24,17,-24,20,-23,15,-20,18,-26,15,-24,20,-26,20,-25,15,-23,17,-22,18,-23,13,-29,14,-28,13,-26,14,-23,17,-25,14,-25,14,-28,15,-26,20,-31,20,-25,18,-24,22,-23,19,-19,17,-23,18,-26,18,-20,14,-18,19,-18,18,-20,18,-18,19,-17,23,-17,20,-13,19,-12,19,-9,17,-7,20,-9,19,-7,17,-6,18,-6,0,0,0,0,0,0,0,0,0,0]"""
1782031927320,2026-06-21T17:52:07.320,safe,posture,mhw,standing_still,t017,"CSI_DATA,534626,1a:00:00:00:00:00,-43,11,-99,17,28,11,513101692,47,2,256,0,""[0,0,0,0,0,0,0,0,0,0,0,0,5,5,6,3,6,5,5,5,7,5,10,6,7,6,11,6,8,6,12,6,11,6,12,6,11,6,13,8,11,7,13,10,15,8,16,10,15,10,17,11,20,11,15,10,20,10,17,8,17,10,20,8,18,11,20,7,20,12,18,8,21,8,18,7,23,6,21,7,25,2,22,5,23,2,25,2,23,1,25,0,23,0,27,1,26,-1,26,-6,25,-2,30,-7,27,-5,27,-11,27,-8,28,-11,28,-8,28,-10,28,-11,33,-13,30,-12,30,-12,30,-16,0,0,0,0,0,0,-17,-30,-21,-28,-18,-25,-20,-26,-22,-30,-20,-25,-20,-28,-20,-25,-25,-27,-22,-23,-22,-23,-26,-18,-21,-20,-26,-18,-23,-17,-26,-17,-27,-15,-26,-15,-25,-12,-27,-16,-26,-12,-28,-10,-27,-8,-28,-10,-31,-7,-27,-7,-32,-6,-31,-3,-30,-3,-31,-1,-31,-2,-28,1,-32,-7,-30,-2,-30,-2,-27,-2,-35,-2,-31,-2,-30,2,-30,-3,-31,-1,-28,-1,-30,-3,-28,-2,-26,-1,-27,-5,-23,-3,-27,0,-22,-3,-25,-2,-21,-3,-22,-1,-20,-5,-21,-2,-21,-5,-16,-5,-16,-5,0,0,0,0,0,0,0,0,0,0]"""
1782031927331,2026-06-21T17:52:07.331,safe,posture,mhw,standing_still,t017,"CSI_DATA,534627,1a:00:00:00:00:00,-43,11,-99,18,28,11,513112692,47,2,256,0,""[0,0,0,0,0,0,0,0,0,0,0,0,-6,-4,-4,-3,-6,-4,-6,-4,-7,-7,-6,-6,-7,-6,-9,-8,-7,-8,-11,-7,-9,-8,-9,-8,-12,-9,-11,-11,-9,-8,-12,-14,-12,-9,-11,-13,-12,-12,-12,-11,-12,-12,-12,-14,-15,-14,-13,-12,-13,-13,-15,-14,-17,-15,-14,-13,-18,-15,-14,-13,-17,-12,-15,-12,-20,-12,-19,-12,-22,-9,-22,-9,-22,-11,-20,-11,-24,-7,-25,-6,-22,-6,-26,-8,-24,-7,-28,-1,-20,-3,-30,-1,-29,-4,-29,1,-29,-1,-31,-1,-29,0,-31,0,-31,1,-34,1,-33,2,-30,2,-36,4,0,0,0,0,0,0,4,34,6,37,6,31,7,34,9,39,6,30,9,37,8,29,12,34,11,28,11,28,14,30,13,28,18,29,14,28,14,25,19,26,19,25,15,20,20,25,19,20,22,22,18,18,20,19,24,22,22,19,26,20,24,18,24,18,26,18,26,17,24,14,28,22,25,14,28,17,23,15,29,14,24,18,26,13,26,17,26,18,23,17,24,17,25,18,22,13,23,20,18,15,24,15,15,12,20,14,15,15,18,13,14,14,14,15,13,14,12,13,9,14,0,0,0,0,0,0,0,0,0,0]"""
1782031927342,2026-06-21T17:52:07.342,safe,posture,mhw,standing_still,t017,"CSI_DATA,534628,1a:00:00:00:00:00,-43,11,-99,18,28,11,513123692,47,2,256,0,""[0,0,0,0,0,0,0,0,0,0,0,0,6,3,6,3,7,3,4,4,8,4,7,6,7,7,8,6,8,7,11,6,9,7,11,7,12,8,12,9,11,8,12,13,12,9,14,12,13,12,13,15,17,14,13,13,17,14,17,13,17,12,17,12,17,13,15,11,19,14,17,12,18,12,18,12,22,12,19,11,22,9,20,11,23,8,23,9,23,9,24,7,23,3,26,7,25,6,26,2,25,3,29,1,29,4,29,0,29,3,29,1,31,0,29,0,30,1,36,0,34,-3,31,0,31,-6,0,0,0,0,0,0,-3,-31,-4,-36,-4,-35,-6,-33,-7,-37,-6,-33,-8,-35,-7,-33,-7,-34,-6,-31,-8,-33,-12,-30,-8,-29,-13,-33,-13,-29,-14,-26,-15,-28,-13,-26,-13,-23,-15,-28,-17,-24,-18,-25,-15,-22,-18,-24,-20,-23,-17,-22,-22,-24,-22,-20,-23,-22,-23,-19,-22,-19,-23,-18,-22,-25,-23,-19,-23,-19,-20,-20,-25,-20,-20,-20,-24,-19,-22,-22,-22,-20,-22,-20,-20,-20,-20,-18,-18,-18,-17,-22,-14,-20,-17,-19,-14,-18,-14,-19,-12,-17,-13,-17,-9,-19,-12,-18,-11,-17,-6,-15,-7,-17,0,0,0,0,0,0,0,0,0,0]"""
1782031927353,2026-06-21T17:52:07.353,safe,posture,mhw,standing_still,t017,"CSI_DATA,534629,1a:00:00:00:00:00,-43,11,-99,15,29,11,513134692,47,2,256,0,""[0,0,0,0,0,0,0,0,0,0,0,0,0,8,-2,8,-2,8,-2,9,-3,9,-3,9,-3,9,-5,8,-3,11,-4,10,-7,10,-8,11,-9,13,-10,11,-10,13,-10,13,-9,13,-13,13,-13,11,-13,13,-15,16,-15,14,-15,11,-15,11,-17,11,-16,10,-19,10,-19,11,-16,13,-16,13,-19,11,-16,11,-17,10,-17,14,-20,11,-20,14,-20,11,-20,14,-20,13,-21,14,-22,13,-20,16,-21,17,-22,16,-22,15,-20,16,-22,16,-22,16,-23,20,-24,17,-27,14,-28,17,-29,17,-28,16,-29,17,-29,16,-27,17,0,0,0,0,0,0,15,33,14,36,14,30,11,33,11,33,10,33,11,32,10,32,9,32,9,30,10,29,8,29,13,32,8,30,4,32,8,30,8,30,7,29,8,30,9,29,13,28,8,30,8,26,10,27,8,28,13,32,7,32,5,27,8,30,8,28,5,32,5,33,7,30,5,29,4,32,4,32,4,28,4,30,0,32,1,32,-1,30,-3,28,-4,28,-4,28,-7,27,-4,26,-5,24,-9,23,-8,20,-8,20,-10,20,-10,19,-13,20,-11,16,-13,16,-15,13,-16,11,0,0,0,0,0,0,0,0,0,0]"""
1782031927362,2026-06-21T17:52:07.362,safe,posture,mhw,standing_still,t017,"CSI_DATA,534630,1a:00:00:00:00:00,-43,11,-99,14,29,11,513145692,47,2,256,0,""[0,0,0,0,0,0,0,0,0,0,0,0,6,8,4,4,2,8,3,7,4,7,3,11,3,9,4,9,4,9,6,11,7,13,6,13,4,12,6,15,4,12,6,19,4,17,4,18,6,15,3,18,8,22,4,17,7,20,6,20,6,20,6,19,4,19,6,18,4,23,6,19,6,22,4,19,9,22,7,19,11,19,9,20,9,24,11,23,12,20,14,20,13,19,13,25,12,22,17,22,13,18,22,22,17,23,20,18,19,23,20,23,19,22,20,24,22,23,26,28,24,26,19,24,26,24,0,0,0,0,0,0,24,-23,26,-26,20,-23,23,-25,26,-28,22,-23,26,-26,20,-22,24,-26,20,-23,22,-23,18,-28,19,-24,19,-30,17,-25,15,-24,15,-28,14,-26,13,-24,17,-29,12,-26,13,-28,9,-25,12,-26,11,-30,11,-25,11,-31,8,-29,9,-29,8,-30,9,-30,6,-28,14,-33,11,-26,9,-29,9,-26,9,-33,12,-28,7,-29,12,-26,12,-28,13,-25,13,-26,12,-26,11,-23,13,-24,14,-19,12,-25,11,-15,13,-22,14,-17,13,-18,13,-15,13,-18,14,-13,14,-12,14,-11,0,0,0,0,0,0,0,0,0,0]"""
1782031927376,2026-06-21T17:52:07.376,safe,posture,mhw,standing_still,t017,"CSI_DATA,534631,1a:00:00:00:00:00,-43,11,-99,14,29,11,513156692,47,2,256,0,""[0,0,0,0,0,0,0,0,0,0,0,0,-6,4,-6,3,-8,3,-8,4,-7,4,-9,2,-8,3,-11,4,-12,3,-11,2,-14,2,-13,2,-14,2,-13,0,-13,1,-18,-1,-17,0,-17,-2,-18,-2,-15,-2,-18,-2,-18,-3,-19,-4,-19,-4,-19,-8,-19,-7,-19,-8,-17,-7,-19,-11,-20,-8,-19,-9,-20,-12,-22,-8,-19,-12,-19,-8,-20,-11,-20,-11,-22,-12,-19,-13,-22,-12,-22,-11,-22,-13,-20,-14,-24,-12,-22,-13,-26,-12,-23,-14,-26,-12,-25,-14,-25,-15,-25,-18,-24,-18,-25,-19,-26,-23,-26,-23,-25,-22,-28,-20,0,0,0,0,0,0,-26,22,-25,24,-25,22,-24,23,-29,20,-25,20,-30,20,-28,19,-29,20,-28,17,-28,19,-25,19,-26,14,-28,17,-26,15,-26,14,-25,15,-28,14,-24,14,-29,13,-26,14,-26,15,-25,12,-25,13,-28,15,-25,12,-28,14,-25,13,-26,12,-29,13,-29,11,-26,12,-33,8,-29,7,-29,7,-30,6,-33,9,-29,6,-33,6,-29,1,-30,-1,-30,-2,-29,-3,-28,-4,-24,-2,-25,-7,-25,-8,-24,-7,-22,-9,-22,-9,-19,-12,-19,-11,-15,-13,-17,-14,-13,-14,-12,-14,-9,-15,0,0,0,0,0,0,0,0,0,0]"""
1782031927384,2026-06-21T17:52:07.384,safe,posture,mhw,standing_still,t017,"CSI_DATA,534632,1a:00:00:00:00:00,-44,11,-99,18,28,11,513167692,47,2,256,0,""[0,0,0,0,0,0,0,0,0,0,0,0,2,7,2,7,3,9,3,6,2,9,2,8,2,9,2,11,2,11,3,13,2,11,1,13,2,13,2,14,1,14,1,17,1,15,1,19,1,14,-1,15,-1,23,1,19,0,23,1,20,-1,22,0,20,-1,23,0,20,-1,24,0,20,0,24,0,19,2,20,1,22,3,23,3,24,1,25,1,23,2,24,3,28,4,23,3,29,2,24,8,26,3,20,8,25,6,26,11,26,9,30,11,30,7,28,7,31,8,31,9,35,8,33,8,30,12,33,0,0,0,0,0,0,34,-7,37,-9,26,-8,34,-8,37,-12,26,-6,35,-9,30,-6,35,-8,28,-8,26,-8,31,-11,30,-9,31,-12,29,-9,26,-11,28,-12,29,-11,26,-9,31,-13,24,-12,30,-12,23,-12,24,-13,26,-14,28,-14,28,-17,25,-12,29,-13,26,-15,28,-14,26,-15,31,-15,25,-13,29,-14,23,-11,25,-17,26,-12,28,-14,30,-12,29,-12,26,-6,29,-7,29,-6,26,-6,29,-3,24,-2,24,-4,19,-1,24,-3,22,-1,22,-2,22,0,22,2,18,2,19,6,18,7,0,0,0,0,0,0,0,0,0,0]"""
1782031927396,2026-06-21T17:52:07.396,safe,posture,mhw,standing_still,t017,"CSI_DATA,534633,1a:00:00:00:00:00,-43,11,-99,15,29,11,513178692,47,2,256,0,""[0,0,0,0,0,0,0,0,0,0,0,0,1,-7,0,-7,2,-9,2,-9,1,-9,0,-8,1,-10,1,-10,1,-11,3,-11,2,-11,2,-14,1,-15,2,-15,3,-16,2,-15,1,-19,3,-17,2,-16,1,-19,1,-20,1,-22,0,-17,3,-17,3,-22,0,-19,0,-20,2,-22,0,-21,-3,-21,-1,-22,-2,-22,-2,-20,-4,-21,-5,-23,-8,-23,-4,-22,-8,-21,-8,-22,-9,-23,-10,-24,-13,-20,-14,-22,-15,-23,-15,-23,-14,-20,-19,-21,-19,-21,-21,-23,-22,-21,-21,-20,-24,-22,-26,-23,-22,-20,-26,-22,-29,-19,-29,-20,0,0,0,0,0,0,-23,32,-21,30,-19,30,-19,30,-17,29,-19,29,-14,29,-16,33,-13,30,-13,28,-10,28,-10,28,-8,33,-8,29,-9,29,-7,33,-3,30,-4,30,-4,32,0,28,1,30,0,32,2,29,4,28,2,28,7,33,3,29,4,29,7,30,9,28,5,30,7,33,10,28,13,30,9,29,10,30,8,27,13,28,10,29,13,30,9,28,8,27,8,27,9,26,8,28,10,24,9,24,5,24,4,23,5,20,5,21,4,22,4,21,3,22,2,19,2,20,1,20,0,0,0,0,0,0,0,0,0,0]"""
1782031927406,2026-06-21T17:52:07.406,safe,posture,mhw,standing_still,t017,"CSI_DATA,534634,1a:00:00:00:00:00,-43,11,-99,18,28,11,513189805,47,2,256,0,""[0,0,0,0,0,0,0,0,0,0,0,0,3,3,8,4,6,3,6,6,7,6,9,7,7,7,6,7,7,8,6,11,9,9,8,12,8,11,8,11,8,14,8,13,11,15,9,13,9,18,7,15,7,14,7,18,4,15,8,20,6,19,8,19,6,18,6,20,7,18,8,20,8,19,9,25,7,22,6,22,7,22,7,22,7,19,12,22,8,20,9,19,9,22,14,22,14,23,14,24,14,30,11,24,13,26,12,25,13,23,12,28,18,29,13,28,14,29,14,31,17,28,17,33,14,31,0,0,0,0,0,0,30,-14,30,-14,35,-15,29,-13,28,-9,34,-11,29,-12,35,-12,28,-12,35,-9,34,-11,30,-8,26,-11,28,-7,30,-13,29,-12,30,-12,25,-11,29,-9,24,-11,30,-15,24,-12,30,-14,28,-12,26,-11,26,-12,26,-9,28,-15,29,-12,26,-13,24,-11,29,-12,25,-13,30,-14,25,-12,35,-11,31,-7,30,-9,31,-6,28,-4,28,-3,30,-6,31,-2,25,-2,26,-2,24,-2,28,-1,25,1,29,4,25,4,23,6,20,6,20,6,18,7,22,8,15,7,15,11,0,0,0,0,0,0,0,0,0,0]"""
1782031927419,2026-06-21T17:52:07.419,safe,posture,mhw,standing_still,t017,"CSI_DATA,534635,1a:00:00:00:00:00,-43,11,-99,18,28,11,513200692,47,2,256,0,""[0,0,0,0,0,0,0,0,0,0,0,0,-4,-3,-7,-3,-7,-4,-6,-6,-6,-4,-6,-7,-7,-7,-6,-7,-7,-8,-7,-8,-7,-9,-8,-12,-8,-12,-7,-13,-8,-14,-7,-13,-8,-14,-7,-15,-8,-17,-8,-17,-7,-13,-8,-19,-4,-18,-4,-17,-6,-20,-3,-20,-3,-18,-4,-24,-4,-18,-6,-22,-3,-20,-7,-23,-4,-20,-6,-22,-7,-23,-6,-23,-7,-19,-7,-22,-6,-22,-7,-23,-4,-24,-8,-22,-9,-25,-7,-25,-8,-26,-8,-24,-11,-25,-8,-28,-12,-28,-11,-28,-9,-30,-9,-30,-9,-33,-7,-29,-9,-33,-11,-35,-8,-36,0,0,0,0,0,0,-35,3,-34,3,-36,3,-35,6,-33,2,-35,-1,-31,0,-36,3,-30,0,-34,4,-31,2,-29,0,-34,6,-29,1,-30,0,-30,2,-30,3,-31,1,-31,1,-25,4,-30,4,-30,1,-29,3,-30,4,-28,3,-30,6,-29,2,-29,3,-31,2,-30,4,-30,1,-35,1,-28,3,-33,1,-30,-1,-34,0,-29,-2,-30,-1,-31,-3,-29,-2,-29,-3,-29,-6,-28,-6,-26,-8,-28,-9,-24,-8,-24,-11,-24,-12,-23,-12,-18,-11,-18,-12,-15,-13,-15,-13,-13,-13,-13,-15,-13,-14,-11,-15,0,0,0,0,0,0,0,0,0,0]"""
1782031927427,2026-06-21T17:52:07.427,safe,posture,mhw,standing_still,t017,"CSI_DATA,534636,1a:00:00:00:00:00,-43,11,-99,18,28,11,513211692,47,2,256,0,""[0,0,0,0,0,0,0,0,0,0,0,0,7,3,7,3,7,2,8,3,7,3,8,4,7,6,6,8,9,8,8,8,9,8,11,9,11,11,8,11,9,14,9,11,11,12,9,14,11,17,7,17,6,17,11,18,6,18,9,18,8,19,9,19,7,19,7,23,8,18,9,20,6,20,9,23,6,22,7,22,6,22,7,23,7,20,8,22,8,22,7,20,6,25,11,20,11,24,9,25,11,28,6,26,11,28,7,29,9,28,9,29,14,29,12,30,9,33,9,30,14,31,8,34,8,34,0,0,0,0,0,0,39,-6,30,-3,36,-4,35,-1,30,-1,36,-2,30,-2,36,-2,31,-2,35,0,33,1,30,3,33,-2,29,2,31,0,31,-1,30,-2,29,-3,33,2,26,-2,30,-2,29,-2,30,-1,31,2,28,2,30,0,28,2,30,0,33,0,30,-1,29,1,34,4,26,-1,31,1,30,3,35,6,29,7,30,7,29,11,28,9,26,8,28,8,28,9,23,11,24,14,23,9,24,14,20,17,23,17,13,17,15,17,11,18,13,17,12,17,8,15,9,17,7,19,0,0,0,0,0,0,0,0,0,0]"""
1782031927444,2026-06-21T17:52:07.444,safe,posture,mhw,standing_still,t017,"CSI_DATA,534637,1a:00:00:00:00:00,-43,11,-99,18,28,11,513224721,47,2,256,0,""[0,0,0,0,0,0,0,0,0,0,0,0,-3,-7,-3,-7,-1,-4,-2,-9,-4,-6,-4,-11,-2,-11,-2,-8,-6,-14,-2,-11,-2,-13,-2,-13,-3,-13,-4,-14,-2,-18,-2,-12,-3,-17,-4,-14,-4,-18,-3,-20,-2,-19,-2,-19,-1,-17,-2,-19,-2,-20,-4,-20,-2,-20,-1,-24,-4,-15,-6,-20,-3,-19,-6,-24,-3,-22,-4,-22,-4,-22,-4,-22,-7,-19,-9,-20,-9,-22,-9,-19,-8,-25,-11,-20,-13,-23,-12,-24,-17,-29,-9,-23,-14,-24,-12,-26,-15,-23,-17,-25,-22,-28,-22,-23,-22,-26,-17,-25,-24,-24,-20,-28,-20,-25,0,0,0,0,0,0,-29,19,-26,19,-31,24,-29,19,-23,17,-29,20,-23,18,-29,24,-23,20,-29,23,-25,22,-24,17,-22,23,-23,18,-23,20,-22,23,-19,24,-18,23,-23,23,-14,20,-17,26,-18,22,-19,28,-20,25,-17,23,-18,26,-15,20,-15,26,-15,26,-13,26,-14,24,-19,29,-11,24,-12,29,-15,25,-18,33,-18,24,-17,25,-20,24,-18,23,-17,22,-15,25,-17,24,-14,22,-19,22,-13,20,-17,20,-19,18,-22,19,-18,11,-19,14,-18,11,-17,11,-18,11,-18,12,-17,9,-18,7,0,0,0,0,0,0,0,0,0,0]"""
1782031927454,2026-06-21T17:52:07.454,safe,posture,mhw,standing_still,t017,"CSI_DATA,534638,1a:00:00:00:00:00,-43,11,-99,17,28,11,513235457,47,2,256,0,""[0,0,0,0,0,0,0,0,0,0,0,0,-7,-3,-5,-3,-7,-5,-6,-3,-8,-6,-8,-5,-7,-3,-11,-5,-11,-6,-12,-7,-8,-6,-12,-7,-12,-6,-12,-7,-12,-8,-15,-8,-13,-6,-16,-10,-13,-6,-15,-8,-17,-10,-18,-6,-20,-8,-17,-7,-20,-8,-18,-7,-20,-10,-21,-6,-22,-6,-22,-5,-22,-5,-17,-3,-21,-1,-21,0,-23,2,-25,1,-26,1,-21,1,-23,2,-26,3,-25,6,-26,7,-25,6,-26,11,-18,5,-22,15,-25,13,-23,17,-23,18,-26,17,-23,15,-27,17,-26,20,-26,21,-26,20,-25,21,-23,25,0,0,0,0,0,0,23,22,30,26,23,18,28,20,33,22,23,17,33,20,26,16,31,16,26,12,26,10,31,8,33,10,33,8,28,10,30,10,31,5,32,5,28,2,33,2,27,0,32,0,22,-2,27,-5,30,-5,31,-8,33,-5,30,-5,32,-6,30,-8,32,-10,28,-12,35,-11,27,-11,30,-11,25,-8,27,-16,25,-13,26,-16,30,-16,27,-12,26,-8,27,-11,28,-11,26,-12,25,-11,23,-7,25,-12,20,-8,20,-10,20,-8,20,-11,20,-8,20,-10,17,-5,18,-6,18,-3,0,0,0,0,0,0,0,0,0,0]"""
1782031927464,2026-06-21T17:52:07.464,safe,posture,mhw,standing_still,t017,"CSI_DATA,534639,1a:00:00:00:00:00,-43,11,-99,14,28,11,513244692,47,2,256,0,""[0,0,0,0,0,0,0,0,0,0,0,0,17,10,21,12,37,1,-6,5,16,5,32,-26,2,4,9,13,-19,8,-16,17,-6,20,-5,21,8,24,8,24,12,21,16,20,5,15,4,19,1,5,2,24,2,19,-2,16,-1,19,0,19,1,19,1,24,1,23,4,20,-1,24,1,21,2,19,1,21,2,26,4,23,5,20,2,24,4,24,5,24,4,24,5,26,6,23,5,24,4,23,10,24,6,26,9,28,9,27,12,27,8,27,12,30,12,30,10,27,10,30,10,32,10,32,12,32,12,32,0,0,0,0,0,0,31,-9,34,-10,35,-15,31,-10,32,-12,30,-10,34,-10,34,-9,30,-9,31,-8,31,-10,32,-13,30,-9,30,-13,28,-13,27,-12,30,-13,26,-13,24,-12,30,-10,27,-13,26,-16,26,-13,27,-13,28,-16,26,-12,28,-15,24,-19,27,-16,26,-16,26,-16,23,-16,28,-15,27,-16,27,-15,30,-13,28,-15,30,-13,28,-12,27,-10,27,-9,30,-9,28,-8,26,-9,24,-9,27,-5,28,-4,24,-6,24,-1,26,-4,24,0,21,0,19,1,21,2,17,4,17,4,19,5,0,0,0,0,0,0,0,0,0,0]"""
1782031927474,2026-06-21T17:52:07.474,safe,posture,mhw,standing_still,t017,"CSI_DATA,534640,1a:00:00:00:00:00,-43,11,-99,17,28,11,513255692,47,2,256,0,""[0,0,0,0,0,0,0,0,0,0,0,0,6,-3,6,-5,7,-5,7,-5,8,-6,8,-6,8,-6,10,-7,10,-5,10,-6,10,-8,10,-10,11,-8,11,-10,12,-8,12,-8,13,-11,12,-11,15,-12,13,-8,12,-10,15,-11,15,-11,15,-12,16,-13,15,-15,15,-13,15,-13,15,-13,13,-15,13,-16,15,-18,16,-20,13,-18,13,-20,12,-18,11,-18,10,-21,10,-22,8,-22,7,-22,8,-23,8,-25,3,-26,7,-27,5,-28,3,-27,3,-27,5,-26,1,-30,0,-31,0,-31,0,-33,1,-33,-1,-35,-2,-35,-1,-31,0,0,0,0,0,0,-35,3,-32,6,-35,7,-35,6,-31,8,-33,8,-31,8,-33,8,-31,11,-33,8,-32,11,-28,13,-28,10,-27,13,-28,15,-25,15,-25,17,-23,18,-25,17,-25,17,-23,18,-21,20,-22,21,-22,22,-20,25,-21,20,-18,23,-15,26,-17,25,-16,26,-17,25,-15,26,-18,23,-17,27,-15,26,-17,27,-17,28,-16,26,-17,27,-17,23,-13,23,-15,25,-16,23,-15,23,-13,22,-15,21,-16,22,-13,21,-16,20,-15,18,-15,18,-13,17,-15,15,-13,16,-16,13,-12,11,-15,13,0,0,0,0,0,0,0,0,0,0]"""
1782031927484,2026-06-21T17:52:07.484,safe,posture,mhw,standing_still,t017,"CSI_DATA,534641,1a:00:00:00:00:00,-43,11,-99,17,28,11,513266692,47,2,256,0,""[0,0,0,0,0,0,0,0,0,0,0,0,6,3,6,2,7,3,8,3,7,7,6,5,10,6,7,7,10,7,7,7,10,10,10,8,10,10,10,11,10,13,8,11,12,13,10,13,11,15,10,12,6,13,11,17,8,17,10,16,10,18,8,17,8,18,8,21,10,17,11,20,8,20,12,22,8,21,11,20,10,20,11,21,12,18,12,18,12,20,11,21,12,23,13,18,16,22,13,22,16,25,12,21,16,23,13,25,16,25,18,26,17,27,18,25,17,31,15,27,20,27,18,31,18,30,0,0,0,0,0,0,32,-16,31,-13,32,-16,32,-13,28,-13,35,-13,28,-12,33,-13,28,-11,30,-11,31,-12,27,-8,31,-15,27,-10,27,-10,30,-13,28,-13,27,-12,31,-13,25,-15,26,-16,27,-13,26,-15,26,-13,26,-11,27,-16,26,-12,26,-12,27,-15,27,-15,26,-12,32,-12,26,-15,28,-13,27,-10,32,-11,28,-8,30,-10,30,-7,30,-6,28,-5,28,-6,28,-6,27,-3,28,-1,23,-2,26,-1,25,2,26,3,22,3,23,3,21,5,21,5,18,8,18,7,16,8,16,10,0,0,0,0,0,0,0,0,0,0]"""
1782031927497,2026-06-21T17:52:07.497,safe,posture,mhw,standing_still,t017,"CSI_DATA,534642,1a:00:00:00:00:00,-43,11,-99,18,28,11,513277692,47,2,256,0,""[0,0,0,0,0,0,0,0,0,0,0,0,0,-7,-1,-7,0,-8,1,-8,-1,-9,2,-9,2,-9,2,-9,3,-12,2,-11,2,-14,3,-13,6,-14,4,-13,4,-14,9,-14,7,-14,7,-14,11,-15,9,-13,12,-15,11,-14,12,-15,12,-15,13,-14,13,-14,13,-15,12,-15,17,-15,14,-15,14,-15,17,-17,15,-17,14,-15,14,-18,15,-15,14,-17,17,-18,18,-17,15,-18,14,-18,15,-18,17,-19,15,-23,18,-23,19,-23,18,-20,18,-22,20,-19,20,-22,20,-26,20,-20,22,-24,24,-23,22,-25,23,-24,25,-23,0,0,0,0,0,0,-20,-25,-23,-25,-24,-26,-24,-26,-22,-26,-22,-26,-19,-26,-22,-25,-20,-25,-19,-28,-18,-28,-19,-25,-15,-25,-18,-23,-18,-26,-17,-24,-19,-25,-19,-23,-18,-23,-17,-25,-19,-23,-19,-23,-18,-24,-19,-24,-19,-24,-15,-24,-18,-24,-19,-23,-17,-24,-19,-24,-17,-24,-18,-24,-14,-25,-17,-26,-15,-24,-15,-30,-15,-30,-13,-28,-12,-28,-9,-26,-11,-29,-11,-29,-6,-29,-6,-26,-4,-25,-2,-26,-2,-26,-2,-24,1,-24,0,-25,3,-22,2,-20,4,-20,6,-18,8,-20,8,-15,8,-15,0,0,0,0,0,0,0,0,0,0]"""
1782031927505,2026-06-21T17:52:07.505,safe,posture,mhw,standing_still,t017,"CSI_DATA,534643,1a:00:00:00:00:00,-43,11,-99,18,28,11,513288692,47,2,256,0,""[0,0,0,0,0,0,0,0,0,0,0,0,-3,6,-7,6,-3,4,-6,6,-6,4,-7,7,-7,7,-8,6,-11,8,-8,7,-9,8,-9,8,-9,9,-12,11,-13,11,-8,11,-11,12,-13,11,-14,13,-14,9,-14,7,-14,13,-13,11,-13,13,-17,12,-15,14,-17,13,-18,14,-13,14,-14,17,-15,15,-18,17,-17,12,-18,14,-14,15,-17,17,-14,17,-12,20,-12,19,-13,19,-15,22,-8,20,-12,25,-14,23,-14,26,-14,22,-11,26,-14,23,-9,26,-13,28,-7,30,-7,31,-13,31,-9,29,-7,33,-11,35,-9,31,0,0,0,0,0,0,34,9,33,9,39,9,31,13,29,6,34,9,31,6,36,8,31,7,34,7,31,7,29,11,31,3,29,4,31,3,31,1,30,0,28,1,34,3,26,-3,31,-3,30,0,30,-3,30,-2,28,1,30,-4,28,-3,29,-6,29,-7,28,-7,29,-6,34,-3,28,-8,30,-11,30,-6,35,-7,29,-1,31,-6,31,-2,29,-4,26,-3,29,-6,28,-6,25,-4,29,0,25,-3,28,-3,24,1,29,2,23,4,24,2,22,4,20,3,20,3,20,4,19,6,18,6,0,0,0,0,0,0,0,0,0,0]"""
1782031927519,2026-06-21T17:52:07.519,safe,posture,mhw,standing_still,t017,"CSI_DATA,534644,1a:00:00:00:00:00,-44,11,-99,23,27,11,513299692,47,2,256,0,""[0,0,0,0,0,0,0,0,0,0,0,0,7,-4,8,-3,8,-2,8,-3,7,-4,8,-4,8,-4,9,-2,11,-4,10,-3,11,-4,14,-4,11,-4,15,-7,16,-4,13,-4,19,-7,15,-5,17,-7,19,-7,15,-7,20,-7,17,-3,19,-5,20,-5,19,-4,20,-5,22,-5,17,-7,21,-8,22,-4,22,-9,21,-7,21,-8,22,-8,23,-9,19,-10,20,-11,21,-10,20,-13,23,-11,16,-15,22,-17,21,-14,24,-17,20,-13,22,-17,24,-16,22,-20,24,-21,22,-22,22,-22,27,-22,23,-21,24,-27,27,-24,26,-24,0,0,0,0,0,0,-24,-29,-21,-24,-24,-26,-21,-26,-21,-23,-24,-27,-21,-21,-26,-27,-23,-21,-24,-26,-23,-22,-19,-22,-24,-21,-21,-21,-23,-21,-24,-17,-24,-17,-23,-19,-24,-22,-23,-13,-28,-13,-24,-16,-27,-16,-26,-14,-24,-16,-27,-13,-24,-15,-27,-13,-29,-13,-27,-11,-27,-14,-29,-16,-26,-8,-30,-11,-28,-14,-33,-16,-23,-15,-27,-13,-27,-15,-27,-14,-23,-16,-27,-14,-24,-14,-23,-14,-22,-19,-22,-11,-22,-16,-19,-17,-20,-20,-14,-16,-16,-17,-14,-16,-14,-15,-10,-17,-13,-16,-11,-16,-8,-16,0,0,0,0,0,0,0,0,0,0]"""
1782031927530,2026-06-21T17:52:07.530,safe,posture,mhw,standing_still,t017,"CSI_DATA,534645,1a:00:00:00:00:00,-43,11,-99,17,28,11,513310692,47,2,256,0,""[0,0,0,0,0,0,0,0,0,0,0,0,-5,-5,-5,-5,-6,-7,-5,-5,-6,-7,-6,-5,-6,-7,-6,-7,-10,-8,-8,-8,-6,-10,-6,-11,-8,-10,-7,-13,-7,-15,-7,-13,-8,-13,-8,-17,-7,-13,-8,-15,-7,-18,-8,-17,-10,-18,-6,-16,-8,-20,-7,-18,-6,-21,-7,-20,-8,-21,-7,-18,-8,-20,-8,-16,-11,-18,-13,-18,-12,-20,-16,-20,-12,-20,-11,-20,-12,-21,-15,-23,-15,-21,-15,-21,-13,-21,-17,-20,-13,-16,-17,-18,-18,-21,-22,-20,-22,-23,-22,-23,-18,-21,-22,-23,-21,-25,-21,-22,-22,-25,-23,-25,-26,-23,0,0,0,0,0,0,-27,22,-30,25,-21,21,-23,25,-30,25,-26,20,-25,22,-23,21,-26,22,-21,20,-18,21,-21,22,-21,27,-22,25,-21,20,-21,22,-18,23,-20,25,-20,25,-20,26,-16,23,-18,25,-12,21,-13,23,-15,23,-15,28,-16,27,-16,23,-17,27,-16,27,-18,27,-16,27,-18,27,-15,26,-17,25,-15,23,-13,25,-15,27,-15,27,-17,28,-18,25,-18,20,-20,21,-21,21,-21,20,-21,18,-18,16,-20,16,-16,15,-16,15,-17,13,-17,13,-17,11,-18,11,-16,6,-17,6,-18,3,0,0,0,0,0,0,0,0,0,0]"""
1782031927540,2026-06-21T17:52:07.540,safe,posture,mhw,standing_still,t017,"CSI_DATA,534646,1a:00:00:00:00:00,-43,11,-99,18,28,11,513322088,47,2,256,0,""[0,0,0,0,0,0,0,0,0,0,0,0,-7,-2,-8,-2,-9,-3,-8,-2,-9,-4,-8,-3,-8,-1,-12,-4,-11,-3,-13,-4,-12,-4,-12,-4,-12,-3,-13,-4,-15,-4,-14,-3,-14,-3,-15,-6,-14,-6,-14,-3,-14,-7,-19,-3,-20,-6,-18,-4,-19,-3,-19,-3,-19,-6,-20,-4,-22,-3,-20,-2,-22,-4,-20,0,-20,2,-23,1,-25,4,-23,3,-23,3,-23,2,-25,4,-25,7,-23,6,-25,9,-24,8,-24,12,-22,11,-22,12,-24,15,-24,15,-24,18,-25,19,-24,18,-28,19,-25,19,-24,22,-25,20,-24,22,-22,26,0,0,0,0,0,0,26,24,29,24,25,19,28,23,30,23,24,20,29,20,28,18,28,20,25,15,26,13,28,14,31,12,31,11,28,13,30,12,29,7,30,8,29,8,31,3,26,2,31,4,25,0,28,-2,29,0,30,-4,33,-2,29,-1,30,-2,33,-4,33,-3,30,-4,33,-6,28,-8,30,-3,25,-6,28,-7,29,-8,28,-9,29,-9,29,-7,28,-4,29,-6,30,-7,26,-7,28,-6,23,-2,26,-4,20,-4,20,-4,22,-2,22,-4,22,-3,22,-2,19,-1,20,0,18,1,0,0,0,0,0,0,0,0,0,0]"""
1782031927552,2026-06-21T17:52:07.552,safe,posture,mhw,standing_still,t017,"CSI_DATA,534647,1a:00:00:00:00:00,-43,11,-99,19,28,11,513332692,47,2,256,0,""[0,0,0,0,0,0,0,0,0,0,0,0,-5,-4,-7,-3,-5,-3,-7,-5,-7,-3,-9,-9,-9,-8,-8,-7,-8,-5,-5,-8,-9,-10,-7,-11,-9,-11,-8,-10,-9,-13,-9,-10,-10,-14,-11,-14,-11,-15,-8,-17,-5,-15,-9,-15,-8,-16,-10,-19,-9,-20,-9,-16,-8,-16,-9,-19,-8,-17,-11,-20,-10,-19,-13,-22,-8,-22,-9,-21,-10,-21,-9,-20,-10,-19,-14,-20,-11,-20,-11,-19,-13,-20,-14,-19,-17,-23,-15,-21,-17,-28,-14,-23,-15,-24,-13,-24,-14,-21,-16,-24,-20,-28,-19,-26,-19,-27,-16,-27,-20,-26,-20,-29,-16,-28,0,0,0,0,0,0,-28,17,-28,17,-34,21,-29,19,-27,15,-30,19,-26,16,-32,19,-26,16,-35,16,-32,14,-26,15,-27,15,-26,14,-28,16,-27,17,-27,17,-26,16,-27,15,-23,15,-26,20,-23,17,-27,21,-28,16,-23,16,-23,15,-23,15,-23,19,-26,17,-23,17,-23,15,-27,17,-23,15,-24,19,-24,17,-32,20,-29,13,-28,13,-28,11,-26,9,-27,9,-29,13,-27,9,-24,9,-26,7,-26,5,-28,5,-23,5,-28,2,-24,2,-23,0,-22,-3,-20,0,-19,-4,-21,-3,-19,-3,-16,-5,0,0,0,0,0,0,0,0,0,0]"""
1782031927562,2026-06-21T17:52:07.562,safe,posture,mhw,standing_still,t017,"CSI_DATA,534648,1a:00:00:00:00:00,-43,11,-99,18,28,11,513343692,47,2,256,0,""[0,0,0,0,0,0,0,0,0,0,0,0,-1,7,-2,8,-2,7,-1,7,-1,8,-3,11,-3,11,-3,11,-4,12,-4,9,-4,14,-2,13,-2,13,-2,14,-4,17,-4,12,-6,17,-4,14,-6,18,-7,19,-4,14,-7,18,-7,15,-6,19,-4,20,-4,19,-4,18,-7,22,-2,17,-3,23,-3,20,-6,26,-6,24,-3,23,-6,23,-3,20,-1,22,3,25,2,24,4,20,2,25,7,22,7,25,6,26,7,34,2,29,8,28,4,29,6,24,11,28,15,29,14,24,11,31,11,29,18,28,17,31,15,31,0,0,0,0,0,0,34,-17,25,-14,34,-22,30,-17,23,-14,31,-22,23,-17,31,-23,23,-18,31,-22,29,-19,26,-17,24,-19,20,-18,23,-24,20,-24,19,-25,15,-22,22,-23,12,-20,14,-28,14,-25,17,-29,18,-25,17,-23,15,-25,13,-22,11,-30,9,-28,9,-28,11,-25,14,-29,8,-24,6,-30,8,-29,12,-37,15,-28,11,-26,14,-28,12,-24,9,-24,9,-31,8,-26,8,-23,12,-24,7,-24,12,-26,9,-22,15,-26,14,-18,14,-19,15,-17,12,-15,12,-14,12,-18,11,-17,13,-14,0,0,0,0,0,0,0,0,0,0]"""
1782031927572,2026-06-21T17:52:07.572,safe,posture,mhw,standing_still,t017,"CSI_DATA,534649,1a:00:00:00:00:00,-43,11,-99,18,28,11,513354692,47,2,256,0,""[0,0,0,0,0,0,0,0,0,0,0,0,3,7,3,4,4,8,4,7,4,9,4,8,4,9,6,11,4,11,7,12,6,12,6,11,7,11,8,14,4,13,7,17,6,14,7,17,3,15,7,14,9,15,7,17,9,19,8,18,7,18,9,18,8,19,9,18,9,23,8,18,11,19,11,17,9,18,9,19,14,19,12,19,13,20,13,20,14,18,19,18,17,17,18,20,15,19,19,15,14,15,23,15,20,18,24,13,24,17,25,18,24,17,24,17,28,18,29,18,30,19,26,18,30,17,0,0,0,0,0,0,18,-31,18,-33,13,-26,15,-30,17,-35,13,-28,17,-34,12,-28,13,-31,9,-30,9,-29,9,-31,11,-29,8,-33,7,-29,6,-30,3,-33,3,-31,3,-26,4,-33,3,-29,0,-31,1,-24,1,-28,1,-30,0,-30,-1,-34,-3,-29,-3,-31,-4,-30,-3,-31,-6,-29,-1,-36,-3,-30,-4,-31,-1,-26,-6,-33,-2,-30,-6,-30,0,-31,-1,-30,0,-29,0,-30,-1,-29,-2,-26,2,-29,4,-24,-1,-26,1,-19,2,-25,3,-22,1,-23,6,-22,3,-19,6,-19,6,-15,8,-13,0,0,0,0,0,0,0,0,0,0]"""
1782031927582,2026-06-21T17:52:07.582,safe,posture,mhw,standing_still,t017,"CSI_DATA,534650,1a:00:00:00:00:00,-43,11,-99,17,28,11,513365692,47,2,256,0,""[0,0,0,0,0,0,0,0,0,0,0,0,5,6,7,7,5,5,6,7,5,7,3,8,6,10,5,10,3,10,3,10,5,12,3,12,3,13,2,13,2,17,2,13,3,17,2,16,1,21,1,18,1,16,-1,20,-3,17,-1,22,-2,20,-2,20,-6,18,-3,22,-2,17,-2,22,-2,21,-5,27,-7,22,-5,21,-6,22,-6,20,-5,20,-1,25,-5,21,-3,20,-6,23,-2,25,-2,27,-6,27,-8,32,-7,25,-7,27,-10,27,-5,25,-8,30,-5,32,-5,30,-10,31,-11,31,-8,32,-12,33,-11,31,0,0,0,0,0,0,31,17,27,13,36,16,31,16,25,13,32,17,27,15,31,18,27,13,31,20,27,21,23,18,26,17,21,17,28,18,27,17,25,17,23,16,23,20,21,16,27,17,23,16,27,21,25,18,22,18,23,17,20,18,26,18,26,20,23,17,20,20,23,21,21,17,23,21,21,20,25,28,17,27,18,25,15,27,15,23,13,23,17,26,12,25,11,21,10,26,10,21,10,27,7,26,5,32,0,22,0,22,-1,22,-3,18,-3,18,-3,22,-3,18,-10,17,0,0,0,0,0,0,0,0,0,0]"""
1782031927595,2026-06-21T17:52:07.595,safe,posture,mhw,standing_still,t017,"CSI_DATA,534651,1a:00:00:00:00:00,-43,11,-99,19,28,11,513376692,47,2,256,0,""[0,0,0,0,0,0,0,0,0,0,0,0,-5,4,-4,4,-5,7,-5,5,-9,7,-8,4,-7,5,-8,7,-8,8,-8,10,-9,8,-9,8,-11,10,-10,10,-9,8,-13,13,-10,11,-15,14,-11,9,-8,11,-10,15,-10,16,-14,16,-11,16,-11,14,-13,15,-13,16,-10,17,-14,20,-9,17,-10,21,-8,17,-8,23,-8,20,-3,23,-3,22,-5,26,-4,22,-1,24,-1,27,1,22,1,30,1,26,3,28,3,22,9,27,4,27,13,27,11,28,11,30,9,29,13,30,13,29,16,32,15,32,15,27,20,28,0,0,0,0,0,0,28,-21,29,-23,23,-20,24,-23,29,-29,21,-21,26,-27,20,-22,22,-27,17,-23,17,-26,15,-28,15,-29,15,-32,15,-27,13,-27,9,-30,10,-29,7,-26,9,-34,2,-26,3,-33,2,-23,1,-28,0,-30,-2,-29,0,-33,-3,-30,-1,-32,-5,-30,-5,-30,-9,-27,-3,-35,-4,-27,-9,-29,-5,-26,-13,-29,-9,-29,-11,-28,-10,-28,-9,-29,-5,-27,-8,-29,-9,-29,-8,-26,-8,-29,-4,-22,-10,-27,-4,-17,-8,-23,-5,-22,-8,-21,-7,-20,-5,-22,-4,-19,-2,-17,-1,-17,0,0,0,0,0,0,0,0,0,0]"""
1782031927605,2026-06-21T17:52:07.605,safe,posture,mhw,standing_still,t017,"CSI_DATA,534652,1a:00:00:00:00:00,-43,11,-99,18,28,11,513387692,47,2,256,0,""[0,0,0,0,0,0,0,0,0,0,0,0,4,-6,3,-4,6,-6,4,-6,6,-7,7,-7,7,-6,7,-8,8,-8,8,-9,8,-8,8,-8,8,-9,11,-9,8,-11,12,-13,8,-12,12,-15,9,-13,11,-12,12,-17,9,-14,12,-18,11,-14,12,-15,12,-14,12,-18,9,-17,11,-20,9,-18,11,-20,6,-18,6,-22,8,-22,4,-23,4,-23,4,-25,3,-24,4,-23,2,-25,0,-24,0,-28,-1,-24,-2,-29,-2,-22,-6,-26,-6,-28,-11,-26,-9,-30,-8,-31,-7,-29,-9,-31,-13,-33,-13,-31,-13,-30,-14,-29,-17,-31,0,0,0,0,0,0,-30,17,-31,23,-25,17,-28,20,-31,25,-24,18,-29,25,-23,20,-25,25,-19,20,-19,23,-20,25,-19,28,-20,29,-17,24,-17,25,-14,28,-15,29,-12,25,-12,31,-8,26,-9,31,-4,24,-4,26,-6,29,-2,30,-4,34,-2,28,-2,30,0,31,-1,34,2,29,0,36,0,29,2,31,1,26,6,31,3,30,4,30,4,31,2,30,0,28,0,29,2,31,1,26,2,29,0,24,2,28,1,20,2,24,1,20,2,22,1,20,0,22,-2,19,-4,19,-3,18,0,0,0,0,0,0,0,0,0,0]"""
1782031927615,2026-06-21T17:52:07.615,safe,posture,mhw,standing_still,t017,"CSI_DATA,534653,1a:00:00:00:00:00,-43,11,-99,17,28,11,513398692,47,2,256,0,""[0,0,0,0,0,0,0,0,0,0,0,0,2,7,1,6,1,10,0,8,1,8,1,10,1,10,0,12,0,11,1,13,1,15,0,12,1,15,-1,15,-3,12,-3,18,-2,16,-5,18,-5,15,-2,16,-3,16,-6,18,-5,21,-3,21,-6,20,-5,20,-7,20,-5,18,-8,22,-6,20,-6,21,-5,18,-5,22,-7,22,-6,25,-2,22,-5,26,-6,23,-3,25,-5,25,-2,23,-6,28,-6,23,-2,25,-2,22,0,30,-2,27,3,30,-2,31,-2,30,-1,30,-5,30,-2,32,-5,35,-3,33,-2,33,-1,35,0,0,0,0,0,0,32,7,39,6,31,2,35,6,39,5,31,5,37,6,31,2,35,6,31,3,31,5,33,2,30,5,33,2,30,2,31,1,31,0,31,2,27,1,33,1,30,-2,32,0,26,1,28,0,31,-1,28,0,32,-1,31,-1,31,0,31,-3,32,-1,31,-3,35,2,31,1,31,0,30,1,32,-1,30,3,30,1,31,5,30,6,30,6,27,8,31,7,25,6,26,11,23,12,23,8,18,8,23,11,18,10,20,10,17,12,18,11,13,13,12,13,11,15,0,0,0,0,0,0,0,0,0,0]"""
1782031927628,2026-06-21T17:52:07.628,safe,posture,mhw,standing_still,t017,"CSI_DATA,534654,1a:00:00:00:00:00,-43,11,-99,18,28,11,513409692,47,2,256,0,""[0,0,0,0,0,0,0,0,0,0,0,0,-6,2,-8,0,-7,1,-9,2,-7,1,-9,1,-11,1,-9,0,-12,0,-12,0,-12,0,-14,0,-14,0,-14,-2,-17,-3,-13,-2,-15,-3,-17,-2,-17,-2,-15,-4,-14,-8,-22,-3,-17,-7,-17,-6,-20,-7,-18,-4,-19,-8,-22,-11,-18,-7,-23,-6,-19,-8,-23,-8,-20,-7,-20,-6,-22,-7,-23,-7,-22,-4,-23,-6,-23,-6,-23,-6,-25,-9,-24,-3,-26,-4,-25,-8,-29,-6,-24,-6,-29,-4,-28,-7,-29,-4,-30,-3,-30,-4,-31,-4,-34,-8,-31,-4,-31,-6,-36,-6,-31,-8,0,0,0,0,0,0,-11,35,-11,31,-12,35,-12,31,-11,31,-13,34,-8,28,-12,35,-12,30,-12,31,-11,31,-13,28,-9,33,-9,28,-11,30,-8,29,-8,29,-9,29,-13,34,-6,26,-4,33,-7,29,-6,30,-6,28,-7,29,-7,31,-8,26,-6,26,-7,31,-6,29,-9,29,-11,33,-8,26,-8,31,-11,29,-11,33,-9,25,-9,30,-14,28,-13,28,-13,24,-13,26,-13,25,-14,23,-19,23,-13,22,-18,20,-19,19,-18,18,-17,13,-18,15,-18,12,-18,13,-18,11,-14,8,-18,7,-20,6,0,0,0,0,0,0,0,0,0,0]"""
1782031927639,2026-06-21T17:52:07.639,safe,posture,mhw,standing_still,t017,"CSI_DATA,534655,1a:00:00:00:00:00,-43,11,-99,17,28,11,513420692,47,2,256,0,""[0,0,0,0,0,0,0,0,0,0,0,0,-2,6,-1,6,-3,7,-2,8,-3,7,-5,8,-5,11,-3,10,-3,11,-5,10,-5,12,-6,11,-6,13,-6,12,-6,13,-7,12,-7,16,-5,15,-8,18,-11,17,-11,15,-8,15,-8,16,-8,20,-8,18,-7,17,-8,20,-8,21,-7,17,-6,21,-5,21,-10,26,-6,23,-7,21,-6,22,-6,21,-5,22,-2,25,-3,25,0,25,-1,26,0,23,0,27,1,26,1,31,2,28,2,27,3,28,1,28,5,28,7,32,6,27,6,31,6,32,8,32,7,36,8,33,0,0,0,0,0,0,33,-10,31,-12,36,-15,30,-12,28,-11,32,-15,30,-13,32,-15,27,-16,32,-16,31,-13,28,-15,26,-13,25,-15,27,-20,23,-17,25,-20,22,-17,22,-20,20,-17,21,-23,18,-21,22,-23,21,-22,18,-23,20,-22,17,-21,16,-28,16,-26,17,-26,16,-25,16,-27,16,-25,15,-27,15,-25,20,-31,17,-27,16,-26,18,-25,17,-22,13,-22,15,-27,17,-23,15,-22,16,-22,13,-20,16,-22,13,-21,20,-18,16,-18,16,-16,17,-15,15,-12,15,-12,17,-13,15,-11,16,-10,0,0,0,0,0,0,0,0,0,0]"""
1782031927650,2026-06-21T17:52:07.650,safe,posture,mhw,standing_still,t017,"CSI_DATA,534656,1a:00:00:00:00:00,-43,11,-99,18,28,11,513431692,47,2,256,0,""[0,0,0,0,0,0,0,0,0,0,0,0,6,-6,7,-6,6,-6,8,-4,7,-3,8,-4,7,-6,9,-7,8,-6,9,-7,11,-8,12,-8,11,-8,12,-7,12,-8,14,-7,15,-9,14,-9,14,-8,17,-9,14,-12,15,-8,14,-11,17,-12,17,-11,17,-9,17,-11,15,-11,18,-11,17,-12,17,-12,19,-13,18,-15,18,-13,17,-15,18,-15,17,-17,15,-19,17,-19,14,-19,13,-22,15,-19,15,-19,13,-23,17,-24,14,-24,15,-23,12,-25,14,-26,14,-26,14,-28,13,-29,13,-28,13,-33,13,-30,13,-30,14,-33,0,0,0,0,0,0,-30,-12,-33,-12,-35,-9,-34,-11,-30,-12,-30,-11,-31,-12,-34,-9,-31,-7,-31,-9,-31,-7,-30,-6,-29,-7,-29,-3,-31,-4,-30,-1,-31,-1,-29,0,-30,0,-29,0,-30,0,-30,2,-30,1,-30,2,-29,3,-30,2,-29,4,-30,8,-30,6,-31,7,-30,6,-26,8,-30,4,-33,4,-29,6,-33,6,-31,7,-30,6,-30,7,-29,2,-28,3,-31,3,-28,3,-28,2,-26,2,-25,1,-26,0,-25,2,-25,-1,-25,1,-22,-2,-22,-1,-20,-3,-19,-3,-20,-3,-18,-6,-17,-7,0,0,0,0,0,0,0,0,0,0]"""
1782031927663,2026-06-21T17:52:07.663,safe,posture,mhw,standing_still,t017,"CSI_DATA,534657,1a:00:00:00:00:00,-43,11,-99,17,28,11,513444751,47,2,256,0,""[0,0,0,0,0,0,0,0,0,0,0,0,2,7,2,8,1,8,2,8,0,10,1,8,1,11,1,11,3,11,2,15,0,11,0,12,1,12,-1,15,0,16,0,17,1,18,-2,17,0,15,1,17,2,17,1,21,-1,20,-2,18,-3,20,-2,20,-3,23,-1,22,-3,23,0,22,-1,23,1,20,1,21,3,21,5,23,3,25,3,23,1,23,1,25,6,26,6,25,5,27,3,26,6,27,6,22,10,22,11,23,13,26,13,28,11,28,7,26,11,31,13,32,12,28,12,31,13,32,13,30,0,0,0,0,0,0,33,-16,35,-12,27,-13,31,-15,33,-16,31,-11,31,-13,28,-15,30,-13,27,-12,23,-17,26,-17,28,-21,26,-20,26,-12,26,-16,26,-20,26,-17,26,-18,23,-20,21,-20,25,-20,17,-17,18,-20,22,-21,20,-25,21,-23,21,-18,23,-22,18,-23,22,-22,21,-23,21,-25,18,-21,22,-22,20,-20,17,-22,18,-22,18,-23,22,-22,20,-21,23,-17,21,-18,23,-18,21,-17,22,-16,21,-13,21,-15,18,-11,18,-13,20,-11,18,-12,20,-12,20,-8,17,-5,18,-3,18,-3,0,0,0,0,0,0,0,0,0,0]"""
1782031927673,2026-06-21T17:52:07.673,safe,posture,mhw,standing_still,t017,"CSI_DATA,534658,1a:00:00:00:00:00,-43,11,-99,17,28,11,513453692,47,2,256,0,""[0,0,0,0,0,0,0,0,0,0,0,0,2,8,1,6,5,7,3,8,5,10,3,8,5,7,5,10,5,10,6,10,5,11,6,12,7,12,8,13,6,12,8,17,7,13,8,16,8,12,10,15,12,16,12,16,11,17,11,16,13,18,12,17,12,17,13,15,16,17,13,13,16,15,15,11,17,12,18,11,20,11,20,12,22,12,21,11,23,10,25,8,23,6,27,8,23,6,28,3,21,3,28,-1,27,1,27,-3,31,-2,32,-2,28,-1,32,-2,30,-5,33,-6,31,-5,31,-7,33,-11,0,0,0,0,0,0,-11,-31,-13,-39,-10,-27,-15,-30,-20,-35,-12,-30,-16,-32,-16,-27,-17,-31,-17,-23,-20,-22,-21,-25,-25,-23,-25,-22,-20,-23,-21,-20,-25,-18,-25,-20,-23,-17,-28,-17,-25,-12,-28,-15,-22,-10,-26,-8,-28,-8,-31,-7,-32,-7,-27,-8,-30,-8,-30,-5,-31,-6,-28,-2,-33,-6,-28,-3,-31,-2,-26,-2,-31,1,-30,-1,-30,2,-31,-1,-31,0,-28,-2,-30,-1,-30,-1,-26,-1,-28,-1,-23,-1,-26,0,-20,0,-22,-1,-22,-1,-21,0,-22,-2,-22,-1,-18,-3,-17,-2,-18,-5,0,0,0,0,0,0,0,0,0,0]"""
1782031927683,2026-06-21T17:52:07.683,safe,posture,mhw,standing_still,t017,"CSI_DATA,534659,1a:00:00:00:00:00,-43,11,-99,18,28,11,513464734,47,2,256,0,""[0,0,0,0,0,0,0,0,0,0,0,0,-7,-3,-7,-2,-7,-3,-8,-3,-8,-2,-9,-3,-9,-6,-8,-4,-11,-4,-9,-4,-13,-6,-12,-6,-12,-4,-12,-3,-13,-4,-13,-6,-15,-6,-15,-3,-17,-6,-19,-9,-19,-7,-15,-8,-17,-6,-20,-4,-19,-4,-20,-4,-18,-4,-19,-4,-19,-4,-20,-1,-19,-2,-26,-2,-23,-1,-22,-1,-24,-1,-22,0,-22,1,-25,7,-24,3,-22,4,-24,6,-22,7,-26,8,-24,12,-28,13,-26,11,-25,13,-25,13,-23,13,-25,17,-24,20,-24,20,-25,18,-28,22,-24,24,-28,23,-25,25,0,0,0,0,0,0,23,24,26,22,31,24,26,22,25,17,30,19,25,17,30,18,28,12,31,18,29,18,28,14,25,13,26,12,33,9,29,7,30,4,26,4,29,4,28,4,30,1,30,0,34,1,33,1,30,-1,28,-1,29,-3,31,-9,29,-7,29,-7,26,-6,28,-7,28,-8,29,-11,29,-11,35,-11,31,-7,29,-9,30,-7,26,-6,26,-7,29,-12,26,-9,24,-9,25,-7,24,-7,25,-8,25,-6,28,-4,23,-4,23,-3,20,-3,18,-2,19,-2,23,-2,19,-2,18,-1,0,0,0,0,0,0,0,0,0,0]"""
1782031927692,2026-06-21T17:52:07.692,safe,posture,mhw,standing_still,t017,"CSI_DATA,534660,1a:00:00:00:00:00,-43,11,-99,18,28,11,513475692,47,2,256,0,""[0,0,0,0,0,0,0,0,0,0,0,0,7,-2,7,-4,7,-1,9,-3,8,-3,11,-2,11,-2,11,-2,12,-1,12,-2,13,-3,13,-3,14,-3,14,-2,14,-1,17,1,17,0,17,0,18,1,18,1,17,1,18,1,19,2,20,1,20,2,19,2,20,2,20,2,19,2,20,2,20,3,25,3,24,3,22,2,24,2,23,2,24,0,25,-1,23,1,24,-1,25,-1,24,0,28,-1,26,-2,29,1,28,-1,28,0,29,-3,28,0,30,-2,33,-3,30,-2,33,-2,34,-2,34,-1,36,-1,33,-1,0,0,0,0,0,0,-2,-33,0,-34,-1,-37,0,-35,0,-31,0,-36,1,-34,0,-35,0,-31,2,-36,0,-34,-1,-31,1,-30,-1,-30,-2,-31,-3,-31,-3,-31,-2,-29,-1,-29,0,-29,-3,-31,-2,-29,-3,-31,-3,-31,-4,-29,-1,-28,-3,-29,-6,-31,-4,-30,-4,-30,-3,-28,-6,-30,-2,-30,-3,-31,-2,-29,-1,-35,-1,-33,-2,-30,1,-31,2,-29,1,-28,3,-31,3,-29,3,-28,2,-28,7,-25,7,-26,4,-25,9,-24,9,-22,11,-20,9,-18,11,-15,9,-17,12,-19,11,-15,12,-14,0,0,0,0,0,0,0,0,0,0]"""
1782031927705,2026-06-21T17:52:07.705,safe,posture,mhw,standing_still,t017,"CSI_DATA,534661,1a:00:00:00:00:00,-43,11,-99,14,29,11,513488122,47,2,256,0,""[0,0,0,0,0,0,0,0,0,0,0,0,7,2,6,2,8,3,7,4,8,3,9,4,8,4,9,4,12,6,9,7,9,9,9,9,8,9,9,11,12,11,12,13,13,12,11,13,11,11,12,14,13,13,13,15,12,15,9,15,11,18,11,17,11,20,13,19,12,18,12,17,9,22,12,17,12,18,13,17,14,18,14,19,14,19,12,19,14,20,14,22,13,20,15,20,14,22,17,22,15,20,17,20,18,22,19,22,22,22,20,24,17,24,20,25,22,26,19,25,19,30,20,26,19,26,0,0,0,0,0,0,35,-17,33,-17,28,-18,30,-17,31,-18,31,-13,30,-17,31,-15,33,-13,28,-12,25,-14,26,-15,29,-19,28,-17,28,-12,26,-15,26,-18,29,-14,28,-15,26,-18,24,-15,26,-14,22,-15,22,-18,25,-15,26,-19,25,-17,24,-13,28,-15,24,-15,29,-15,29,-15,25,-14,26,-14,28,-13,26,-14,26,-15,26,-13,26,-14,29,-13,28,-11,29,-6,28,-7,28,-4,29,-3,26,-3,25,0,25,-1,23,1,23,0,25,1,20,0,22,2,20,3,18,7,17,7,17,8,0,0,0,0,0,0,0,0,0,0]"""
1782031927716,2026-06-21T17:52:07.716,safe,posture,mhw,standing_still,t017,"CSI_DATA,534662,1a:00:00:00:00:00,-43,11,-99,19,28,11,513500220,47,2,256,0,""[0,0,0,0,0,0,0,0,0,0,0,0,5,5,3,4,3,8,4,5,3,9,3,7,4,8,5,9,7,11,5,11,4,11,4,11,5,14,5,15,3,15,3,17,3,15,3,17,2,14,4,15,4,17,1,21,2,21,1,17,-1,20,-1,20,-1,21,0,21,-2,23,-1,21,-1,24,-1,17,1,20,1,22,1,22,0,26,-1,26,-1,23,-1,26,-1,27,-1,24,-1,29,-1,26,1,28,0,17,3,27,0,27,5,27,2,33,0,34,-2,27,-3,32,0,32,-2,34,-4,33,-3,30,-1,36,0,0,0,0,0,0,35,4,40,9,27,4,33,4,40,8,30,8,36,8,30,5,35,11,27,8,28,4,32,5,34,5,35,8,27,9,29,7,29,7,30,9,27,8,34,8,27,4,32,9,22,5,27,3,28,5,33,5,34,7,27,7,30,9,29,8,29,10,28,9,33,13,27,9,30,11,23,9,28,9,28,11,28,9,28,14,28,16,22,16,22,20,23,20,21,16,21,21,16,19,19,19,10,15,15,17,13,17,14,17,11,20,8,19,4,20,2,20,2,19,0,0,0,0,0,0,0,0,0,0]"""
1782031927728,2026-06-21T17:52:07.728,safe,posture,mhw,standing_still,t017,"CSI_DATA,534663,1a:00:00:00:00:00,-43,11,-99,18,28,11,513508692,47,2,256,0,""[0,0,0,0,0,0,0,0,0,0,0,0,-7,0,-8,0,-7,1,-9,-2,-9,-1,-9,-3,-11,-3,-9,-3,-9,-3,-11,-3,-12,-4,-13,-6,-13,-7,-12,-6,-13,-7,-12,-8,-14,-9,-14,-9,-14,-12,-17,-12,-15,-8,-12,-12,-12,-12,-14,-15,-14,-14,-14,-14,-14,-14,-14,-17,-11,-14,-14,-15,-13,-14,-15,-19,-14,-17,-14,-17,-14,-19,-12,-18,-14,-17,-17,-18,-14,-19,-14,-15,-15,-18,-17,-18,-17,-22,-18,-18,-18,-25,-18,-22,-18,-20,-17,-22,-17,-20,-17,-23,-20,-25,-17,-24,-18,-28,-19,-25,-17,-28,-18,-26,-18,-30,0,0,0,0,0,0,-29,15,-26,17,-35,20,-31,14,-28,13,-34,14,-30,11,-34,14,-28,12,-34,11,-33,13,-28,11,-28,9,-28,9,-31,12,-29,11,-28,13,-28,11,-26,12,-25,9,-28,13,-28,12,-30,11,-29,11,-29,11,-26,6,-28,7,-28,12,-30,11,-29,9,-26,7,-30,11,-29,7,-30,8,-26,8,-37,6,-31,2,-30,2,-30,1,-28,-1,-29,-1,-31,-1,-29,-4,-25,-2,-26,-4,-24,-4,-25,-7,-23,-6,-25,-11,-22,-11,-19,-12,-18,-12,-17,-12,-17,-14,-15,-13,-11,-12,-11,-14,0,0,0,0,0,0,0,0,0,0]"""
1782031927737,2026-06-21T17:52:07.737,safe,posture,mhw,standing_still,t017,"CSI_DATA,534664,1a:00:00:00:00:00,-43,11,-99,17,28,11,513519692,47,2,256,0,""[0,0,0,0,0,0,0,0,0,0,0,0,1,8,0,7,0,8,0,8,0,11,0,8,-1,8,0,11,-1,11,-2,12,-2,11,-5,12,-3,12,-5,16,-5,11,-7,17,-6,16,-10,15,-8,13,-7,15,-8,15,-10,16,-12,16,-12,15,-16,15,-13,16,-16,16,-15,13,-17,16,-13,15,-16,13,-15,12,-15,16,-17,15,-16,17,-16,17,-17,16,-17,15,-18,15,-20,17,-17,16,-21,16,-20,16,-21,18,-16,13,-18,18,-20,15,-18,22,-22,18,-25,20,-23,16,-26,17,-27,17,-27,18,-30,18,-26,17,-27,20,0,0,0,0,0,0,15,30,13,37,13,27,15,33,15,37,8,30,12,36,11,30,8,33,7,27,7,27,11,31,8,30,11,32,6,27,7,28,10,30,7,32,6,27,8,33,8,27,7,32,7,23,7,26,6,28,6,30,5,32,5,28,3,31,3,31,3,32,5,27,1,36,1,28,2,31,0,26,2,32,-2,30,-1,30,-5,30,-7,30,-8,26,-10,26,-10,28,-8,25,-15,26,-13,21,-12,22,-11,16,-13,20,-15,18,-13,18,-17,16,-16,13,-15,10,-18,8,-16,6,0,0,0,0,0,0,0,0,0,0]"""
1782031927749,2026-06-21T17:52:07.749,safe,posture,mhw,standing_still,t017,"CSI_DATA,534665,1a:00:00:00:00:00,-43,11,-99,18,28,11,513530692,47,2,256,0,""[0,0,0,0,0,0,0,0,0,0,0,0,7,-3,8,-3,7,-3,9,-3,7,-4,9,-3,11,-4,8,-1,11,-4,11,-4,13,-7,13,-6,13,-7,12,-7,15,-7,13,-7,15,-11,13,-6,17,-9,14,-11,13,-6,15,-9,14,-8,15,-12,18,-13,15,-12,14,-12,15,-13,12,-13,13,-17,13,-14,18,-19,15,-18,13,-17,15,-18,13,-17,12,-17,9,-23,11,-22,7,-20,9,-23,2,-22,4,-26,6,-26,4,-34,6,-26,3,-29,4,-28,0,-25,1,-30,-4,-34,-4,-29,-3,-33,-3,-31,-11,-34,-7,-35,-6,-34,0,0,0,0,0,0,-34,11,-29,11,-39,15,-34,11,-24,12,-33,14,-24,13,-33,18,-25,17,-31,18,-29,17,-28,17,-25,19,-24,17,-24,23,-22,20,-20,23,-17,20,-20,23,-12,23,-14,28,-13,26,-15,30,-14,28,-13,25,-13,26,-12,24,-7,31,-8,29,-7,29,-7,25,-8,30,-1,26,-2,30,-3,29,-3,39,-7,28,-3,29,-8,29,-3,26,-4,30,0,31,-1,26,-2,24,-4,26,-1,26,0,29,-3,25,-7,29,-7,22,-4,25,-7,20,-3,20,-6,20,-4,18,-4,18,-7,18,0,0,0,0,0,0,0,0,0,0]"""
1782031927761,2026-06-21T17:52:07.761,safe,posture,mhw,standing_still,t017,"CSI_DATA,534666,1a:00:00:00:00:00,-44,11,-99,18,28,11,513542694,47,2,256,0,""[0,0,0,0,0,0,0,0,0,0,0,0,2,4,4,4,6,7,4,7,4,9,4,8,6,9,6,11,4,11,8,9,7,12,8,13,7,11,7,12,7,12,8,14,8,13,8,15,9,14,12,17,14,15,8,14,13,15,12,14,11,15,13,14,12,17,13,14,13,17,14,15,15,15,17,12,19,14,18,13,19,13,17,12,20,12,22,11,23,11,24,9,23,6,23,9,24,9,25,6,26,4,30,4,28,3,28,1,28,3,30,1,30,3,30,0,33,1,34,-1,35,-1,34,-2,33,-6,0,0,0,0,0,0,-4,-33,-7,-35,-7,-34,-7,-33,-8,-34,-7,-31,-8,-34,-8,-31,-12,-33,-11,-30,-13,-29,-15,-26,-12,-28,-17,-26,-18,-26,-19,-24,-22,-24,-20,-22,-18,-20,-19,-24,-22,-20,-22,-22,-23,-18,-23,-19,-26,-17,-22,-17,-25,-15,-26,-14,-26,-14,-30,-13,-28,-13,-26,-11,-28,-17,-28,-14,-26,-9,-26,-12,-31,-11,-26,-12,-29,-9,-25,-12,-26,-9,-28,-12,-26,-12,-26,-12,-26,-9,-24,-12,-23,-13,-23,-9,-20,-12,-23,-12,-20,-12,-19,-9,-17,-12,-15,-9,-18,-12,-14,-9,-14,-13,0,0,0,0,0,0,0,0,0,0]"""
1782031927772,2026-06-21T17:52:07.772,safe,posture,mhw,standing_still,t017,"CSI_DATA,534667,1a:00:00:00:00:00,-44,11,-99,14,28,11,513552692,47,2,256,0,""[0,0,0,0,0,0,0,0,0,0,0,0,9,48,-1,-15,9,17,28,23,37,-10,2,-6,27,10,20,-20,15,6,9,16,12,-17,15,8,12,5,12,24,1,8,19,8,8,-2,4,21,15,20,2,9,9,19,13,12,16,12,12,8,13,12,13,12,15,15,16,17,17,9,16,10,19,15,21,12,16,12,20,8,20,10,23,8,21,9,24,9,23,6,23,5,26,6,26,4,26,4,26,5,26,2,24,1,28,1,28,-2,30,-2,30,-1,31,-2,32,-1,37,-4,30,-4,32,-6,35,-6,32,-6,0,0,0,0,0,0,-6,-37,-6,-34,-10,-32,-9,-32,-9,-34,-6,-34,-10,-28,-12,-34,-9,-30,-15,-30,-13,-27,-12,-27,-16,-27,-16,-26,-15,-26,-17,-27,-20,-24,-20,-23,-20,-27,-20,-20,-23,-19,-21,-23,-23,-19,-23,-17,-23,-17,-27,-16,-23,-15,-23,-15,-26,-17,-26,-13,-24,-15,-28,-16,-27,-12,-28,-12,-28,-16,-30,-13,-27,-12,-28,-12,-28,-12,-28,-12,-26,-12,-26,-13,-26,-13,-26,-12,-24,-13,-23,-12,-23,-12,-21,-16,-20,-13,-20,-12,-19,-13,-17,-12,-17,-12,-15,-12,-15,-13,-13,-12,-13,-15,0,0,0,0,0,0,0,0,0,0]"""
1782031927783,2026-06-21T17:52:07.783,safe,posture,mhw,standing_still,t017,"CSI_DATA,534668,1a:00:00:00:00:00,-43,11,-99,18,28,11,513563692,47,2,256,0,""[0,0,0,0,0,0,0,0,0,0,0,0,-3,-4,-3,-6,-3,-7,-4,-8,-3,-8,-2,-7,-2,-7,-4,-11,-3,-11,-3,-11,-3,-12,-3,-13,-4,-13,-2,-14,-1,-13,-1,-18,-1,-15,1,-18,1,-15,1,-15,2,-19,-1,-19,0,-23,1,-20,2,-19,0,-18,3,-22,1,-19,4,-25,2,-20,2,-20,2,-19,0,-22,4,-22,1,-22,2,-24,2,-23,2,-23,3,-25,2,-25,-1,-25,3,-26,3,-25,-1,-26,0,-23,-2,-30,-1,-26,-2,-29,1,-29,-1,-30,1,-29,3,-33,2,-31,3,-34,3,-34,2,-33,3,-34,0,0,0,0,0,0,-31,-4,-37,-4,-33,-2,-33,-6,-37,-6,-31,-7,-35,-6,-33,-6,-34,-7,-29,-8,-28,-4,-34,-2,-31,-7,-34,-4,-30,-4,-29,-4,-31,-3,-30,-4,-26,-4,-31,-7,-28,-3,-31,-4,-26,-4,-26,-4,-33,-4,-29,-4,-30,-3,-29,-2,-31,-4,-30,-3,-31,-4,-29,-2,-33,-11,-29,-7,-30,-6,-26,-7,-30,-7,-28,-9,-31,-7,-28,-12,-28,-13,-25,-13,-25,-14,-24,-14,-23,-13,-23,-17,-18,-18,-20,-15,-14,-14,-18,-15,-15,-17,-17,-15,-12,-17,-13,-19,-8,-17,-7,-18,-6,-18,0,0,0,0,0,0,0,0,0,0]"""
1782031927793,2026-06-21T17:52:07.793,safe,posture,mhw,standing_still,t017,"CSI_DATA,534669,1a:00:00:00:00:00,-43,11,-99,18,28,11,513574692,47,2,256,0,""[0,0,0,0,0,0,0,0,0,0,0,0,-3,7,-3,3,-4,6,-4,8,-4,8,-7,8,-6,8,-6,8,-7,9,-7,11,-7,11,-7,9,-9,12,-9,11,-9,11,-11,12,-11,13,-9,13,-13,13,-11,13,-8,13,-13,13,-13,14,-12,15,-12,17,-12,15,-12,14,-13,18,-14,15,-13,17,-12,17,-14,19,-12,20,-13,18,-12,19,-12,19,-11,20,-9,23,-9,22,-9,23,-9,23,-8,24,-9,25,-6,25,-8,28,-6,28,-7,25,-3,26,-4,26,-3,29,-4,31,-2,28,-4,33,-3,33,-2,31,-3,35,-1,34,0,0,0,0,0,0,35,3,36,1,35,-2,33,0,34,-1,34,-2,34,-1,34,-2,33,-3,36,-2,34,-3,33,-6,31,-4,29,-7,30,-8,28,-9,29,-11,28,-11,26,-11,29,-9,26,-13,26,-11,28,-13,29,-12,26,-14,26,-11,25,-14,25,-19,25,-18,23,-18,24,-15,24,-18,26,-14,24,-19,24,-15,29,-17,28,-17,25,-17,24,-15,25,-13,24,-14,26,-15,25,-14,24,-13,24,-13,24,-11,24,-11,22,-11,23,-8,23,-9,22,-6,22,-7,19,-3,20,-4,20,-4,17,-4,17,-2,0,0,0,0,0,0,0,0,0,0]"""
1782031927805,2026-06-21T17:52:07.805,safe,posture,mhw,standing_still,t017,"CSI_DATA,534670,1a:00:00:00:00:00,-43,11,-99,17,28,11,513585692,47,2,256,0,""[0,0,0,0,0,0,0,0,0,0,0,0,-7,2,-7,0,-8,1,-8,1,-10,0,-10,1,-10,0,-8,-2,-11,-1,-11,-1,-12,-1,-13,-2,-15,-2,-12,-3,-15,-5,-12,-3,-16,-6,-15,-7,-15,-7,-17,-6,-13,-7,-17,-10,-15,-11,-16,-10,-17,-11,-16,-11,-15,-12,-17,-15,-15,-11,-17,-12,-15,-13,-21,-15,-17,-15,-17,-12,-17,-16,-18,-15,-16,-13,-20,-12,-17,-13,-17,-13,-20,-16,-20,-11,-21,-15,-21,-18,-23,-18,-17,-17,-23,-16,-20,-20,-22,-17,-23,-17,-27,-18,-26,-18,-27,-25,-20,-21,-23,-22,-26,-26,-23,-22,0,0,0,0,0,0,-28,21,-27,20,-28,22,-28,18,-26,17,-32,20,-25,16,-31,18,-27,15,-30,17,-28,17,-27,11,-28,18,-25,13,-27,15,-27,16,-26,16,-25,16,-30,13,-22,13,-26,16,-26,13,-26,17,-26,15,-25,11,-27,17,-25,12,-25,13,-27,15,-27,15,-27,11,-32,11,-25,10,-28,12,-28,8,-33,11,-28,5,-28,8,-30,6,-30,3,-26,3,-28,3,-28,1,-27,1,-30,-2,-23,1,-26,-3,-25,-6,-26,-7,-18,-8,-22,-7,-20,-10,-18,-11,-17,-10,-15,-12,-13,-11,-13,-15,0,0,0,0,0,0,0,0,0,0]"""
1782031927816,2026-06-21T17:52:07.816,safe,posture,mhw,standing_still,t017,"CSI_DATA,534671,1a:00:00:00:00:00,-43,11,-99,23,27,11,513599533,47,2,256,0,""[0,0,0,0,0,0,0,0,0,0,0,0,-4,3,-8,4,-5,4,-7,4,-5,3,-9,4,-9,5,-9,3,-11,5,-9,2,-13,5,-11,3,-13,4,-13,4,-14,5,-14,4,-14,7,-14,7,-19,5,-20,3,-19,3,-16,4,-17,4,-19,7,-21,5,-19,3,-19,4,-21,4,-17,5,-21,8,-19,7,-24,9,-21,5,-21,7,-22,4,-19,8,-21,9,-22,11,-20,10,-19,10,-22,10,-17,13,-21,15,-22,16,-28,17,-23,13,-24,15,-24,15,-21,15,-23,17,-26,23,-22,20,-27,21,-27,20,-24,24,-26,22,-27,20,0,0,0,0,0,0,22,28,20,23,24,29,22,26,17,22,22,28,21,22,24,27,21,20,23,29,23,27,17,24,21,22,19,21,23,23,23,20,23,21,22,17,23,22,21,14,27,16,23,16,28,20,26,20,22,16,22,17,22,16,29,15,27,16,27,14,23,15,28,17,24,11,28,14,27,15,33,20,26,21,24,17,24,21,21,16,21,17,27,17,22,19,19,15,19,20,20,15,21,17,17,19,19,23,11,19,11,21,9,19,10,17,8,19,10,17,8,16,5,17,0,0,0,0,0,0,0,0,0,0]"""
1782031927826,2026-06-21T17:52:07.826,safe,posture,mhw,standing_still,t017,"CSI_DATA,534672,1a:00:00:00:00:00,-43,11,-99,18,28,11,513607692,47,2,256,0,""[0,0,0,0,0,0,0,0,0,0,0,0,7,0,7,0,8,1,9,0,9,0,7,1,9,-1,11,1,12,1,14,1,13,2,12,3,12,2,14,3,15,3,17,4,15,3,18,6,15,3,14,6,19,7,18,3,22,6,17,7,19,8,19,7,19,8,20,7,20,8,19,6,20,7,18,6,19,2,20,4,23,4,25,4,24,6,23,7,24,4,26,6,24,4,28,3,24,3,28,2,22,1,24,0,26,2,28,-3,31,0,31,0,26,3,33,3,31,1,34,2,35,1,30,0,37,-1,0,0,0,0,0,0,1,-37,3,-41,1,-28,0,-34,2,-40,2,-31,2,-37,1,-30,2,-35,1,-29,-1,-29,-2,-30,-2,-33,-1,-35,2,-30,0,-31,-2,-31,-1,-31,-3,-30,-4,-33,-4,-28,-4,-31,-3,-24,-7,-25,-6,-29,-9,-30,-7,-31,-6,-29,-4,-34,-7,-29,-4,-33,-8,-29,-7,-34,-6,-28,-6,-31,-2,-26,-7,-30,-6,-29,-7,-28,-4,-31,-3,-30,1,-28,1,-29,2,-29,1,-26,2,-28,3,-24,2,-26,1,-19,2,-23,4,-20,3,-22,6,-22,7,-22,8,-17,11,-17,9,-14,0,0,0,0,0,0,0,0,0,0]"""
1782031927836,2026-06-21T17:52:07.836,safe,posture,mhw,standing_still,t017,"CSI_DATA,534673,1a:00:00:00:00:00,-43,11,-99,17,28,11,513618692,47,2,256,0,""[0,0,0,0,0,0,0,0,0,0,0,0,5,-5,5,-5,3,-7,5,-6,6,-7,6,-7,5,-6,6,-11,7,-8,6,-11,6,-10,6,-11,7,-12,8,-13,7,-10,10,-15,10,-12,12,-15,7,-13,7,-12,10,-16,11,-17,11,-17,10,-16,11,-18,11,-18,10,-18,10,-18,11,-20,10,-18,7,-18,7,-17,7,-22,6,-21,5,-23,5,-22,3,-23,3,-22,1,-25,0,-26,-1,-23,0,-28,0,-23,-3,-25,-1,-21,-7,-27,-3,-28,-10,-25,-7,-30,-8,-28,-6,-28,-10,-31,-10,-30,-10,-30,-11,-31,-12,-28,-17,-28,0,0,0,0,0,0,-27,16,-32,17,-25,16,-28,20,-32,20,-26,17,-30,21,-25,18,-26,22,-25,18,-21,22,-22,23,-21,22,-20,25,-17,22,-17,23,-18,27,-16,25,-13,23,-17,28,-12,25,-13,28,-10,23,-10,27,-8,30,-7,28,-7,30,-5,28,-7,30,-5,32,-5,32,-2,28,-8,35,-5,30,-2,30,-3,26,1,32,-3,30,0,30,-5,31,-2,28,-5,26,-3,30,-3,30,-1,26,-7,27,-6,23,1,25,-2,20,-5,25,-5,20,-2,22,-6,21,-3,21,-6,17,-6,17,-7,16,0,0,0,0,0,0,0,0,0,0]"""
1782031927847,2026-06-21T17:52:07.847,safe,posture,mhw,standing_still,t017,"CSI_DATA,534674,1a:00:00:00:00:00,-43,11,-99,18,28,11,513629692,47,2,256,0,""[0,0,0,0,0,0,0,0,0,0,0,0,7,-4,7,-2,6,-2,7,-2,7,-4,9,-6,9,-4,8,-2,11,-4,11,-2,13,-6,12,-4,12,-3,13,-2,15,-2,14,-3,18,-4,14,-2,20,-3,18,-2,13,-2,19,-1,17,-1,20,-1,22,1,19,0,20,0,23,0,17,0,23,0,20,-1,26,0,23,2,22,-1,24,0,23,0,22,-1,25,-3,24,-2,22,-2,24,-1,23,-4,26,-6,28,-4,34,-6,29,-2,28,-4,28,-1,25,-4,29,-3,34,-7,29,-6,31,-4,34,-3,34,-8,36,-4,34,0,0,0,0,0,0,0,-4,-37,-3,-30,-3,-39,-2,-34,0,-26,-3,-35,-3,-29,-2,-39,-3,-29,0,-36,0,-34,1,-30,0,-31,0,-28,-1,-33,-3,-30,-3,-30,-3,-28,-1,-33,-3,-24,-7,-30,-4,-29,-4,-34,-2,-30,-2,-26,-2,-29,-2,-26,-7,-30,-3,-31,-3,-31,-3,-29,-3,-31,-3,-25,-6,-31,-3,-30,-2,-37,2,-31,1,-30,2,-31,2,-28,2,-26,0,-33,4,-28,2,-24,6,-26,4,-25,4,-25,6,-23,11,-28,11,-20,11,-19,13,-17,11,-15,11,-14,12,-17,13,-14,14,-14,0,0,0,0,0,0,0,0,0,0]"""
1782031927860,2026-06-21T17:52:07.860,safe,posture,mhw,standing_still,t017,"CSI_DATA,534675,1a:00:00:00:00:00,-43,11,-99,14,29,11,513640692,47,2,256,0,""[0,0,0,0,0,0,0,0,0,0,0,0,-2,-7,-2,-4,-2,-8,-1,-8,-1,-9,0,-9,-1,-9,-1,-12,0,-11,-1,-13,-1,-12,1,-13,0,-13,1,-15,1,-13,2,-18,3,-15,3,-18,3,-15,3,-14,7,-18,6,-17,7,-22,6,-17,7,-18,6,-18,8,-19,8,-17,11,-23,9,-18,9,-20,9,-15,8,-20,11,-19,7,-20,9,-20,9,-23,9,-22,9,-23,11,-25,7,-23,11,-25,9,-22,7,-26,8,-18,8,-28,11,-25,6,-28,11,-28,12,-29,11,-26,11,-29,13,-28,14,-34,12,-31,12,-26,12,-31,0,0,0,0,0,0,-29,-13,-35,-17,-25,-13,-30,-14,-34,-20,-24,-15,-33,-19,-28,-15,-31,-19,-25,-14,-26,-15,-28,-15,-26,-17,-31,-17,-26,-15,-25,-14,-28,-13,-28,-15,-23,-13,-30,-15,-24,-12,-26,-15,-20,-12,-25,-12,-28,-15,-25,-13,-30,-17,-25,-12,-26,-14,-28,-14,-28,-14,-26,-12,-29,-20,-24,-15,-25,-15,-22,-17,-25,-17,-23,-19,-24,-19,-23,-20,-22,-22,-18,-22,-18,-23,-19,-23,-15,-19,-14,-25,-11,-23,-14,-23,-8,-17,-11,-23,-6,-22,-7,-20,-4,-20,-6,-22,-1,-19,0,-18,2,-18,0,0,0,0,0,0,0,0,0,0]"""
1782031927869,2026-06-21T17:52:07.869,safe,posture,mhw,standing_still,t017,"CSI_DATA,534676,1a:00:00:00:00:00,-43,11,-99,14,29,11,513651692,47,2,256,0,""[0,0,0,0,0,0,0,0,0,0,0,0,2,7,2,8,1,7,1,9,3,8,1,9,1,12,0,9,1,11,1,11,2,13,2,15,2,14,3,13,1,15,0,14,2,18,3,15,1,19,0,17,-1,14,1,19,0,18,2,20,3,22,1,20,0,18,2,22,2,20,3,22,3,20,4,26,2,24,4,22,4,24,6,22,7,19,9,22,9,22,9,19,8,23,12,20,14,23,13,23,15,29,11,26,14,25,13,26,14,23,18,25,22,25,19,23,19,25,18,26,26,24,23,26,23,25,0,0,0,0,0,0,25,-20,23,-23,28,-28,24,-23,22,-20,26,-28,20,-20,26,-28,20,-23,25,-26,23,-25,20,-23,19,-20,18,-23,17,-29,17,-25,14,-26,13,-24,15,-25,11,-24,13,-29,12,-25,13,-30,14,-28,11,-26,12,-26,11,-25,7,-30,8,-30,6,-28,7,-25,9,-30,6,-26,7,-31,6,-29,11,-36,13,-29,11,-29,13,-29,9,-24,9,-25,6,-30,9,-28,6,-24,12,-24,8,-23,9,-24,11,-24,15,-25,13,-19,12,-19,12,-15,13,-15,14,-15,12,-17,12,-15,12,-12,0,0,0,0,0,0,0,0,0,0]"""
1782031927882,2026-06-21T17:52:07.882,safe,posture,mhw,standing_still,t017,"CSI_DATA,534677,1a:00:00:00:00:00,-43,11,-99,18,28,11,513662692,47,2,256,0,""[0,0,0,0,0,0,0,0,0,0,0,0,-4,-6,-3,-7,-3,-7,-3,-8,-3,-7,-3,-8,-2,-8,-4,-9,-4,-9,-3,-11,-2,-13,-2,-13,-3,-13,-1,-14,-1,-17,0,-15,-1,-17,2,-17,1,-17,0,-17,0,-15,1,-20,1,-19,4,-18,4,-22,3,-20,6,-20,7,-20,6,-18,6,-22,7,-20,4,-20,4,-22,4,-22,3,-23,7,-24,6,-22,8,-20,8,-23,7,-24,9,-23,7,-24,8,-24,8,-24,9,-24,6,-24,6,-26,7,-26,7,-30,8,-30,11,-28,12,-29,14,-33,13,-29,15,-29,13,-31,13,-31,0,0,0,0,0,0,-29,-22,-30,-22,-26,-18,-26,-19,-29,-22,-23,-24,-26,-23,-25,-22,-24,-23,-23,-19,-24,-19,-24,-20,-28,-20,-23,-20,-19,-22,-23,-19,-25,-18,-23,-22,-20,-23,-22,-17,-23,-18,-19,-23,-19,-19,-20,-18,-23,-18,-24,-22,-22,-20,-18,-20,-22,-23,-22,-20,-19,-25,-20,-25,-19,-23,-18,-24,-15,-25,-15,-24,-17,-24,-17,-24,-15,-26,-15,-26,-13,-25,-7,-28,-8,-26,-6,-28,-3,-28,-6,-26,-2,-25,0,-26,-1,-23,0,-20,1,-23,1,-22,4,-22,3,-20,7,-17,8,-18,12,-17,0,0,0,0,0,0,0,0,0,0]"""
1782031927891,2026-06-21T17:52:07.891,safe,posture,mhw,standing_still,t017,"CSI_DATA,534678,1a:00:00:00:00:00,-43,11,-99,18,28,11,513673692,47,2,256,0,""[0,0,0,0,0,0,0,0,0,0,0,0,2,-6,2,-6,2,-8,4,-7,2,-9,3,-7,2,-9,3,-12,2,-12,1,-13,4,-11,3,-12,4,-14,2,-14,4,-14,4,-17,2,-15,3,-18,3,-15,1,-17,1,-19,1,-18,2,-20,2,-18,3,-19,3,-19,3,-22,0,-22,1,-24,-1,-22,-2,-23,-2,-19,-4,-22,-4,-20,-6,-22,-8,-22,-8,-22,-7,-20,-8,-23,-12,-24,-12,-19,-15,-24,-13,-20,-17,-22,-12,-15,-20,-19,-18,-19,-23,-15,-24,-19,-23,-22,-20,-18,-24,-20,-25,-19,-29,-18,-29,-17,-26,-17,-30,-12,0,0,0,0,0,0,-11,30,-14,34,-9,26,-8,33,-11,39,-8,30,-8,36,-6,30,-4,34,-3,28,0,30,0,33,2,33,2,33,0,29,2,31,6,30,7,31,7,28,7,33,11,25,12,29,9,22,13,24,17,26,17,26,18,28,13,24,17,25,20,25,20,26,22,20,24,28,19,20,23,19,19,15,24,19,22,22,25,18,23,20,22,20,18,22,20,22,23,22,20,19,20,19,14,18,19,17,14,13,18,15,15,15,18,14,14,14,14,15,12,15,12,15,9,18,0,0,0,0,0,0,0,0,0,0]"""
1782031927902,2026-06-21T17:52:07.902,safe,posture,mhw,standing_still,t017,"CSI_DATA,534679,1a:00:00:00:00:00,-44,11,-99,20,28,11,513684692,47,2,256,0,""[0,0,0,0,0,0,0,0,0,0,0,0,8,2,9,2,8,1,10,3,8,3,10,2,10,3,6,5,11,2,10,2,12,4,15,3,13,3,13,3,15,5,15,1,17,4,17,5,17,6,17,3,13,4,20,3,17,5,19,2,21,4,19,2,20,2,24,4,19,-1,23,-1,19,0,26,0,21,1,23,-1,24,-1,21,-4,20,-5,24,-8,23,-8,21,-9,26,-8,19,-13,23,-13,23,-12,26,-17,21,-12,23,-17,23,-16,18,-17,21,-20,20,-24,18,-26,23,-25,21,-23,17,-30,21,-30,21,-27,0,0,0,0,0,0,-30,-20,-27,-16,-34,-17,-30,-17,-26,-13,-33,-18,-26,-11,-35,-13,-27,-11,-33,-13,-32,-10,-27,-11,-32,-5,-28,-8,-32,-4,-32,-2,-31,-1,-30,0,-33,-2,-26,3,-31,6,-28,3,-31,3,-30,4,-28,4,-27,8,-25,6,-28,11,-28,10,-26,13,-27,11,-32,11,-23,15,-25,18,-27,13,-33,16,-30,11,-26,12,-28,12,-25,12,-25,12,-26,17,-24,13,-23,15,-26,12,-19,13,-24,15,-23,10,-25,12,-21,8,-20,10,-20,5,-18,8,-19,4,-19,6,-17,5,-18,2,0,0,0,0,0,0,0,0,0,0]"""
1782031927913,2026-06-21T17:52:07.913,safe,posture,mhw,standing_still,t017,"CSI_DATA,534680,1a:00:00:00:00:00,-44,11,-99,14,29,11,513695692,47,2,256,0,""[0,0,0,0,0,0,0,0,0,0,0,0,-6,-2,-9,-2,-4,-2,-8,-3,-7,-3,-9,-3,-9,-4,-7,-4,-11,-2,-8,-6,-13,-4,-13,-4,-14,-4,-14,-4,-15,-7,-13,-4,-17,-4,-15,-6,-18,-6,-18,-8,-15,-11,-17,-4,-17,-7,-20,-7,-20,-4,-19,-4,-18,-6,-20,-6,-18,-2,-23,-2,-18,-3,-25,-4,-22,-2,-23,-2,-23,-2,-20,-1,-20,2,-24,4,-22,2,-20,3,-25,2,-19,8,-25,9,-25,9,-30,12,-26,8,-25,11,-29,8,-24,11,-25,14,-26,22,-24,19,-26,15,-26,18,-24,23,-29,20,-29,22,0,0,0,0,0,0,25,29,22,24,26,25,24,24,19,20,26,26,24,18,30,23,23,18,28,24,26,19,23,20,26,17,24,17,30,14,28,13,29,11,26,9,28,13,24,7,31,6,30,7,33,7,30,7,28,7,29,4,26,6,33,-1,31,1,30,-1,26,0,34,2,25,-3,30,-4,30,-3,40,-3,30,0,31,-2,31,2,28,0,28,-1,31,-4,28,-2,23,-2,26,1,25,-4,29,-3,26,-1,29,2,23,2,24,1,22,3,19,1,19,3,22,4,19,3,19,6,0,0,0,0,0,0,0,0,0,0]"""
1782031927924,2026-06-21T17:52:07.924,safe,posture,mhw,standing_still,t017,"CSI_DATA,534681,1a:00:00:00:00:00,-43,11,-99,19,28,11,513707062,47,2,256,0,""[0,0,0,0,0,0,0,0,0,0,0,0,5,1,8,2,7,2,10,2,8,3,10,3,9,4,8,4,11,5,10,5,13,5,13,8,13,8,11,8,13,10,11,7,15,10,11,8,15,14,13,14,7,11,13,14,9,14,15,14,16,15,14,14,11,14,14,17,10,13,15,16,14,15,19,20,13,17,13,19,13,20,9,19,15,15,19,15,15,16,15,15,17,19,19,13,23,17,21,16,23,23,17,20,21,20,20,22,17,17,22,21,27,21,23,17,24,22,22,22,29,22,27,26,24,24,0,0,0,0,0,0,27,-24,22,-20,29,-29,26,-22,20,-19,29,-24,21,-19,28,-22,21,-20,29,-23,28,-20,24,-16,23,-20,23,-15,26,-21,24,-21,21,-22,20,-17,24,-21,16,-20,22,-24,20,-20,23,-23,24,-21,22,-17,21,-20,20,-17,21,-23,20,-22,19,-21,20,-17,26,-21,17,-19,23,-23,21,-20,30,-24,27,-16,26,-16,28,-13,24,-13,22,-13,24,-17,24,-14,22,-11,27,-9,22,-13,26,-10,23,-9,32,-5,22,-1,22,-2,21,1,19,0,17,1,22,1,20,1,20,3,0,0,0,0,0,0,0,0,0,0]"""
1782031927936,2026-06-21T17:52:07.936,safe,posture,mhw,standing_still,t017,"CSI_DATA,534682,1a:00:00:00:00:00,-43,11,-99,18,28,11,513717692,47,2,256,0,""[0,0,0,0,0,0,0,0,0,0,0,0,-4,-4,-6,-2,-7,-4,-7,-3,-8,-4,-7,-7,-7,-7,-6,-6,-7,-7,-9,-8,-9,-9,-9,-9,-11,-11,-9,-11,-7,-12,-9,-13,-9,-13,-11,-14,-9,-14,-7,-17,-7,-18,-7,-15,-9,-15,-11,-19,-8,-19,-8,-18,-8,-18,-8,-20,-7,-18,-7,-19,-7,-20,-7,-23,-7,-22,-6,-20,-8,-23,-6,-20,-8,-22,-11,-23,-8,-23,-8,-20,-9,-22,-9,-20,-11,-23,-12,-25,-11,-28,-11,-25,-12,-28,-9,-26,-11,-23,-12,-26,-15,-29,-12,-26,-12,-29,-9,-31,-12,-31,-12,-30,-11,-35,0,0,0,0,0,0,-33,9,-31,6,-35,11,-31,9,-30,7,-35,7,-33,7,-35,4,-31,8,-34,3,-33,6,-30,4,-29,4,-29,6,-33,6,-30,7,-30,7,-25,6,-28,4,-29,6,-28,7,-30,8,-30,7,-31,6,-29,7,-26,4,-30,4,-29,8,-29,6,-30,6,-26,6,-29,6,-29,2,-29,7,-29,6,-34,1,-33,1,-29,1,-31,0,-28,-1,-29,-2,-33,-2,-28,-4,-24,-3,-23,-6,-25,-7,-24,-7,-26,-7,-23,-11,-20,-12,-19,-13,-18,-12,-15,-13,-15,-11,-17,-15,-12,-13,-11,-15,0,0,0,0,0,0,0,0,0,0]"""
1782031927947,2026-06-21T17:52:07.947,safe,posture,mhw,standing_still,t017,"CSI_DATA,534683,1a:00:00:00:00:00,-44,11,-99,18,28,11,513728692,47,2,256,0,""[0,0,0,0,0,0,0,0,0,0,0,0,-2,6,-3,7,-3,7,-2,8,-3,8,-4,9,-3,9,-3,9,-4,9,-6,8,-7,12,-6,13,-6,13,-6,12,-6,13,-7,12,-8,17,-7,13,-13,17,-9,17,-7,13,-9,18,-9,15,-11,18,-11,18,-12,18,-11,15,-11,18,-11,17,-8,20,-11,18,-12,25,-11,20,-12,19,-9,22,-8,19,-7,20,-4,24,-8,23,-4,22,-3,25,-1,23,-3,26,-2,26,-3,31,-2,26,-2,29,-3,28,-3,24,-1,30,1,34,-1,29,1,34,-2,33,2,35,0,36,2,35,0,0,0,0,0,0,35,-2,31,-2,37,-6,33,-1,30,-1,35,-4,31,-4,35,-4,29,-7,35,-6,33,-7,29,-3,30,-7,30,-7,30,-9,29,-11,29,-11,26,-9,29,-13,25,-9,28,-15,25,-13,31,-14,28,-13,26,-13,26,-13,25,-13,25,-19,25,-15,24,-18,23,-15,26,-17,23,-15,24,-19,23,-19,30,-20,29,-17,25,-15,28,-15,24,-11,23,-12,25,-18,25,-13,22,-13,24,-12,23,-13,25,-12,23,-12,26,-8,22,-6,22,-6,20,-4,19,-4,19,-3,22,-4,18,-2,19,-1,0,0,0,0,0,0,0,0,0,0]"""
1782031927958,2026-06-21T17:52:07.958,safe,posture,mhw,standing_still,t017,"CSI_DATA,534684,1a:00:00:00:00:00,-44,11,-99,18,28,11,513739692,47,2,256,0,""[0,0,0,0,0,0,0,0,0,0,0,0,0,-8,0,-9,1,-6,1,-9,0,-9,0,-11,1,-12,2,-11,1,-12,2,-11,1,-12,1,-13,1,-13,2,-13,2,-17,2,-13,2,-17,2,-17,2,-18,2,-20,3,-17,6,-19,4,-17,3,-19,4,-20,4,-20,4,-20,6,-22,2,-17,3,-23,3,-20,3,-24,4,-20,2,-22,4,-24,2,-23,2,-20,-1,-23,1,-23,-2,-23,1,-25,-6,-22,-4,-26,-4,-25,-4,-31,-2,-25,-3,-29,-1,-29,-6,-25,-6,-29,-11,-31,-13,-28,-9,-33,-9,-30,-13,-30,-11,-33,-8,-34,0,0,0,0,0,0,-36,11,-29,7,-37,12,-33,6,-25,8,-36,9,-25,9,-35,13,-28,11,-34,11,-33,9,-28,6,-30,12,-28,11,-29,14,-26,13,-26,14,-25,13,-30,12,-20,14,-25,18,-23,17,-26,19,-26,17,-25,13,-25,19,-23,15,-20,19,-24,19,-20,19,-23,18,-26,19,-18,19,-20,23,-23,19,-28,23,-26,15,-23,18,-25,17,-24,15,-23,14,-24,18,-23,15,-22,14,-26,13,-19,14,-22,14,-24,12,-26,11,-22,4,-20,7,-20,1,-19,6,-18,3,-20,3,-19,3,-18,0,0,0,0,0,0,0,0,0,0,0]"""
1782031927969,2026-06-21T17:52:07.969,safe,posture,mhw,standing_still,t017,"CSI_DATA,534685,1a:00:00:00:00:00,-43,11,-99,20,28,11,513750692,47,2,256,0,""[0,0,0,0,0,0,0,0,0,0,0,0,5,-5,3,-6,3,-8,3,-6,5,-10,4,-9,4,-8,5,-10,4,-10,4,-12,5,-11,5,-11,4,-12,5,-15,5,-11,8,-17,8,-13,9,-16,4,-13,5,-18,6,-20,6,-17,4,-20,5,-17,5,-18,5,-19,5,-19,3,-20,5,-23,3,-18,2,-23,1,-19,2,-21,1,-21,-2,-23,-3,-24,-4,-24,-3,-24,-4,-25,-9,-24,-6,-21,-8,-27,-6,-24,-12,-24,-10,-19,-15,-23,-12,-24,-19,-23,-19,-24,-19,-25,-17,-24,-20,-26,-20,-25,-24,-24,-23,-23,-21,-20,-26,-20,0,0,0,0,0,0,-21,27,-24,32,-15,25,-19,30,-20,33,-17,26,-17,33,-12,25,-16,32,-10,27,-8,28,-6,31,-8,32,-4,34,-8,28,-4,30,-2,32,-2,31,-1,30,0,34,3,28,3,32,4,25,8,28,6,30,9,31,10,33,9,28,11,30,13,31,12,31,13,26,11,33,11,28,15,27,12,23,17,25,13,25,19,24,18,27,16,26,11,25,16,25,15,26,13,23,13,25,10,20,12,24,10,18,10,20,11,19,11,20,8,17,10,19,5,17,5,18,4,18,0,0,0,0,0,0,0,0,0,0]"""
1782031927980,2026-06-21T17:52:07.980,safe,posture,mhw,standing_still,t017,"CSI_DATA,534686,1a:00:00:00:00:00,-43,11,-99,17,28,11,513761692,47,2,256,0,""[0,0,0,0,0,0,0,0,0,0,0,0,0,8,1,7,0,6,-1,8,-1,8,0,11,-1,10,-1,11,-2,12,0,13,-1,13,0,12,-5,13,-2,16,0,16,1,16,0,16,2,18,-1,18,-2,21,-1,21,-3,17,2,20,1,20,0,21,0,21,1,21,1,20,1,22,3,21,2,21,3,23,5,23,5,21,6,21,6,21,10,20,11,22,10,23,12,21,13,20,13,21,15,22,18,18,17,20,21,22,21,21,22,18,20,20,22,20,25,20,23,20,26,20,26,20,28,18,26,17,28,17,0,0,0,0,0,0,16,-30,13,-30,13,-35,12,-30,11,-31,10,-32,11,-30,10,-31,8,-31,8,-32,7,-32,3,-32,6,-31,2,-31,0,-32,-1,-31,-1,-32,-3,-30,-1,-28,-1,-30,-6,-30,-6,-30,-7,-30,-7,-30,-11,-27,-8,-26,-11,-27,-15,-26,-12,-27,-15,-27,-13,-25,-15,-26,-13,-27,-16,-26,-16,-26,-16,-28,-16,-25,-15,-27,-16,-26,-15,-26,-16,-23,-16,-25,-15,-26,-15,-22,-15,-22,-12,-22,-12,-23,-15,-18,-11,-22,-10,-22,-10,-20,-8,-18,-7,-18,-8,-18,-7,-20,-6,-17,-5,-17,0,0,0,0,0,0,0,0,0,0]"""
1782031927993,2026-06-21T17:52:07.993,safe,posture,mhw,standing_still,t017,"CSI_DATA,534687,1a:00:00:00:00:00,-43,11,-99,18,28,11,513772692,47,2,256,0,""[0,0,0,0,0,0,0,0,0,0,0,0,-7,-2,-7,-2,-7,-2,-8,-3,-7,-2,-9,-4,-7,-3,-8,-4,-9,-6,-9,-3,-12,-7,-11,-7,-12,-7,-11,-8,-12,-11,-11,-11,-13,-9,-12,-11,-14,-13,-12,-12,-9,-12,-13,-13,-12,-14,-13,-17,-14,-15,-14,-15,-12,-13,-14,-15,-12,-15,-14,-17,-14,-15,-17,-19,-15,-18,-13,-15,-14,-15,-17,-17,-14,-14,-18,-17,-17,-17,-14,-14,-17,-17,-17,-15,-20,-18,-22,-17,-23,-20,-22,-19,-23,-19,-22,-18,-20,-18,-22,-18,-25,-19,-24,-17,-25,-22,-25,-22,-26,-22,-28,-23,-25,-22,0,0,0,0,0,0,-22,26,-23,24,-25,28,-24,24,-19,22,-24,26,-22,23,-25,26,-22,23,-28,24,-24,24,-20,22,-22,23,-20,22,-22,25,-19,24,-19,25,-17,23,-18,23,-18,22,-19,24,-18,23,-19,25,-19,25,-15,24,-19,22,-18,23,-15,26,-18,25,-17,25,-17,23,-19,24,-18,22,-20,23,-19,23,-24,25,-24,23,-19,20,-23,20,-22,17,-20,19,-22,20,-23,18,-20,15,-22,15,-22,13,-23,13,-22,11,-24,11,-23,8,-22,7,-20,6,-19,3,-19,4,-20,2,-18,1,-19,0,0,0,0,0,0,0,0,0,0,0]"""
1782031928000,2026-06-21T17:52:08.000,safe,posture,mhw,standing_still,t017,"CSI_DATA,534688,1a:00:00:00:00:00,-43,11,-99,19,28,11,513783692,47,2,256,0,""[0,0,0,0,0,0,0,0,0,0,0,0,2,5,1,8,3,9,3,8,2,9,2,10,0,11,1,10,0,11,1,11,2,14,1,13,1,14,-1,14,1,15,-2,16,-1,17,-2,16,-3,19,-4,20,-3,21,-5,16,-5,19,-3,20,-5,20,-5,20,-7,19,-7,19,-8,19,-8,20,-7,19,-8,21,-7,22,-4,21,-8,22,-7,21,-5,22,-7,23,-7,22,-4,22,-4,23,-8,23,-8,27,-3,27,-7,26,-4,29,-7,27,-4,27,-8,28,-7,27,-8,32,-7,28,-8,30,-10,34,-9,33,-8,33,-10,33,0,0,0,0,0,0,32,10,34,13,34,9,33,11,32,13,33,13,32,14,30,15,32,13,32,14,29,15,30,10,27,13,29,10,29,11,28,10,29,9,28,10,27,9,29,11,30,9,28,10,28,10,28,10,29,9,27,10,28,10,30,8,29,10,30,8,28,10,29,9,29,15,29,14,28,11,29,15,28,15,28,15,27,14,23,17,23,15,24,17,22,20,21,17,21,17,20,21,17,21,17,20,14,21,15,20,11,19,10,19,7,20,7,19,5,20,4,17,4,19,0,0,0,0,0,0,0,0,0,0]"""
1782031928014,2026-06-21T17:52:08.014,safe,posture,mhw,standing_still,t017,"CSI_DATA,534689,1a:00:00:00:00:00,-43,11,-99,19,28,11,513794692,47,2,256,0,""[0,0,0,0,0,0,0,0,0,0,0,0,-5,-2,-7,-2,-5,-2,-8,-3,-8,-2,-9,-4,-10,-5,-7,-4,-10,-5,-8,-8,-10,-7,-10,-8,-10,-8,-10,-9,-13,-11,-11,-8,-11,-10,-14,-9,-14,-15,-13,-16,-9,-16,-10,-15,-8,-15,-13,-15,-11,-16,-11,-17,-10,-16,-11,-20,-9,-15,-13,-19,-11,-16,-14,-23,-8,-21,-10,-20,-10,-22,-8,-20,-10,-17,-16,-22,-10,-19,-11,-17,-11,-21,-15,-16,-19,-20,-16,-22,-19,-30,-13,-23,-16,-24,-10,-27,-13,-21,-14,-28,-21,-26,-17,-24,-17,-27,-15,-28,-21,-28,-16,-32,-16,-32,0,0,0,0,0,0,-34,15,-27,11,-36,15,-30,13,-27,10,-35,13,-27,10,-35,14,-28,13,-36,9,-34,8,-27,8,-30,10,-28,5,-32,10,-30,9,-29,11,-27,9,-30,7,-24,9,-29,13,-27,10,-32,11,-32,8,-28,7,-28,8,-26,5,-28,13,-30,10,-29,9,-26,7,-32,7,-26,9,-32,11,-29,8,-38,8,-33,1,-29,2,-32,-1,-27,-2,-27,-1,-30,2,-28,-2,-23,-1,-26,-7,-23,-1,-27,-3,-23,-5,-27,-9,-20,-13,-20,-10,-17,-13,-16,-11,-16,-13,-17,-11,-14,-11,-11,-13,0,0,0,0,0,0,0,0,0,0]"""
1782031928024,2026-06-21T17:52:08.024,safe,posture,mhw,standing_still,t017,"CSI_DATA,534690,1a:00:00:00:00:00,-43,11,-99,18,28,11,513805692,47,2,256,0,""[0,0,0,0,0,0,0,0,0,0,0,0,-7,4,-6,2,-7,4,-7,3,-8,3,-7,2,-9,3,-12,3,-12,3,-12,3,-13,1,-12,2,-14,2,-15,3,-13,0,-17,0,-15,-1,-18,-1,-15,-1,-18,0,-23,-2,-17,-3,-23,-1,-19,-3,-20,-3,-20,-4,-20,-7,-18,-4,-23,-7,-19,-7,-20,-8,-19,-6,-22,-6,-20,-7,-22,-6,-22,-7,-22,-7,-22,-7,-23,-9,-25,-6,-24,-6,-26,-9,-23,-9,-25,-6,-18,-7,-29,-7,-23,-9,-29,-6,-28,-11,-29,-11,-26,-11,-26,-12,-29,-12,-33,-13,-30,-14,-29,-13,-31,-14,0,0,0,0,0,0,-17,28,-20,31,-14,26,-20,30,-22,30,-18,24,-23,30,-18,24,-23,26,-19,24,-18,25,-20,28,-19,25,-20,28,-19,24,-18,22,-20,25,-19,23,-18,18,-23,26,-17,20,-19,25,-15,20,-18,23,-20,24,-20,19,-22,25,-20,22,-22,22,-20,23,-22,23,-18,22,-26,22,-22,18,-23,19,-22,18,-25,20,-24,17,-25,18,-25,15,-26,14,-28,11,-28,9,-29,11,-25,8,-29,4,-24,3,-25,4,-19,2,-24,2,-22,-1,-22,1,-20,-2,-23,-2,-18,-6,-18,-6,-15,-6,0,0,0,0,0,0,0,0,0,0]"""
1782031928035,2026-06-21T17:52:08.035,safe,posture,mhw,standing_still,t017,"CSI_DATA,534691,1a:00:00:00:00:00,-43,11,-99,19,28,11,513816726,47,2,256,0,""[0,0,0,0,0,0,0,0,0,0,0,0,0,-7,0,-8,-1,-5,1,-7,1,-9,2,-8,1,-9,3,-9,3,-11,3,-9,5,-11,4,-13,5,-14,7,-11,9,-14,8,-14,9,-15,10,-13,10,-13,10,-14,10,-14,14,-15,14,-13,15,-14,16,-11,15,-13,17,-10,20,-11,15,-11,16,-11,19,-11,17,-14,20,-10,19,-13,20,-14,19,-15,19,-15,20,-13,20,-14,20,-13,23,-11,22,-14,20,-15,24,-13,23,-14,21,-11,23,-17,26,-15,26,-14,28,-13,27,-16,27,-16,30,-15,30,-13,32,-14,32,-11,32,-11,0,0,0,0,0,0,-8,-38,-7,-33,-8,-33,-4,-35,-3,-33,-2,-35,-4,-30,-3,-35,0,-33,-4,-33,-1,-33,0,-29,-3,-33,-2,-29,1,-29,-1,-32,-2,-32,0,-29,2,-32,-3,-29,-2,-30,1,-30,-1,-28,0,-30,1,-29,-1,-32,1,-30,1,-29,2,-32,1,-30,4,-30,5,-33,3,-30,5,-30,8,-29,7,-30,8,-28,8,-30,10,-29,11,-30,13,-26,15,-24,14,-26,16,-24,19,-21,16,-20,16,-19,20,-17,17,-16,19,-11,19,-15,20,-11,20,-11,17,-7,17,-5,20,-5,19,-2,0,0,0,0,0,0,0,0,0,0]"""
1782031928047,2026-06-21T17:52:08.047,safe,posture,mhw,standing_still,t017,"CSI_DATA,534692,1a:00:00:00:00:00,-43,11,-99,17,28,11,513827692,47,2,256,0,""[0,0,0,0,0,0,0,0,0,0,0,0,-7,-5,-6,-3,-5,-5,-6,-5,-6,-6,-7,-5,-7,-5,-7,-5,-10,-6,-8,-8,-8,-10,-10,-8,-10,-10,-8,-12,-10,-13,-10,-13,-11,-13,-10,-13,-11,-12,-10,-13,-10,-18,-12,-15,-11,-17,-11,-17,-11,-18,-10,-17,-10,-20,-10,-18,-12,-17,-12,-16,-12,-18,-11,-16,-12,-16,-13,-17,-15,-16,-16,-17,-13,-17,-15,-17,-16,-17,-16,-18,-16,-18,-20,-17,-20,-17,-21,-18,-20,-17,-18,-17,-22,-16,-22,-17,-25,-17,-23,-20,-22,-18,-25,-18,-26,-21,-22,-22,-27,-21,-27,-21,-28,-20,0,0,0,0,0,0,-22,28,-22,28,-20,25,-22,27,-20,27,-21,25,-18,25,-20,26,-21,25,-18,23,-16,23,-18,22,-18,28,-18,26,-20,25,-16,26,-16,26,-16,25,-18,27,-13,27,-13,26,-15,27,-11,25,-11,25,-11,25,-11,30,-12,28,-12,25,-13,27,-13,30,-13,27,-12,28,-11,26,-11,27,-13,28,-12,27,-12,27,-11,26,-12,27,-15,28,-16,25,-17,22,-17,23,-16,22,-18,21,-16,22,-16,20,-17,18,-15,16,-15,15,-17,16,-18,13,-18,13,-17,13,-17,8,-17,7,-20,6,0,0,0,0,0,0,0,0,0,0]"""
1782031928057,2026-06-21T17:52:08.057,safe,posture,mhw,standing_still,t017,"CSI_DATA,534693,1a:00:00:00:00:00,-43,11,-99,17,28,11,513838692,47,2,256,0,""[0,0,0,0,0,0,0,0,0,0,0,0,1,6,2,7,3,8,1,10,2,6,2,10,3,11,0,8,5,11,1,11,3,13,3,15,5,15,5,15,2,15,3,13,6,18,5,15,6,18,6,20,6,16,6,18,5,17,7,18,6,18,8,17,6,16,7,20,10,16,12,18,8,17,12,23,10,21,11,20,11,20,13,18,15,15,18,16,17,16,17,16,17,17,20,11,25,11,22,13,26,16,20,15,26,12,23,16,25,12,28,11,32,8,28,5,32,8,31,10,33,3,35,7,35,8,0,0,0,0,0,0,8,-37,5,-30,1,-40,3,-36,3,-27,2,-36,0,-30,-2,-35,-3,-30,-1,-37,-2,-35,0,-30,-3,-31,-2,-28,-8,-32,-8,-31,-10,-27,-10,-26,-10,-31,-12,-22,-16,-26,-15,-26,-16,-27,-15,-27,-13,-23,-16,-25,-13,-22,-21,-22,-20,-22,-20,-20,-17,-21,-21,-26,-21,-16,-25,-17,-21,-18,-27,-26,-18,-23,-21,-18,-21,-22,-18,-18,-18,-20,-26,-18,-21,-17,-20,-16,-17,-20,-21,-15,-22,-18,-18,-18,-20,-22,-13,-17,-16,-18,-10,-17,-12,-15,-8,-15,-13,-17,-12,-15,-12,-17,0,0,0,0,0,0,0,0,0,0]"""
1782031928068,2026-06-21T17:52:08.068,safe,posture,mhw,standing_still,t017,"CSI_DATA,534694,1a:00:00:00:00:00,-43,11,-99,18,28,11,513849879,47,2,256,0,""[0,0,0,0,0,0,0,0,0,0,0,0,3,-6,3,-6,3,-6,4,-8,3,-7,4,-8,6,-9,6,-7,6,-12,6,-8,8,-11,7,-13,6,-12,7,-13,11,-14,7,-12,9,-14,7,-13,9,-17,12,-17,13,-14,9,-17,12,-14,8,-18,11,-18,9,-18,9,-18,12,-22,4,-18,7,-20,8,-18,8,-23,8,-20,8,-20,8,-23,7,-22,3,-20,2,-25,3,-23,0,-22,3,-25,-3,-23,-2,-28,-1,-28,-2,-31,0,-26,-3,-29,-1,-30,-4,-25,-7,-28,-12,-33,-11,-28,-9,-31,-9,-30,-15,-28,-14,-34,-13,-31,0,0,0,0,0,0,-33,13,-28,14,-35,18,-31,13,-24,14,-33,17,-25,18,-31,20,-23,18,-30,18,-29,18,-26,13,-24,19,-23,18,-24,22,-22,24,-20,23,-17,20,-23,23,-13,22,-17,26,-17,24,-15,29,-17,26,-17,23,-15,26,-15,24,-9,28,-12,28,-8,28,-12,25,-14,29,-4,25,-4,30,-9,29,-11,35,-13,28,-9,28,-13,28,-11,25,-11,25,-8,31,-8,26,-6,25,-11,24,-4,23,-7,25,-9,23,-14,25,-11,19,-13,22,-12,15,-9,18,-12,15,-9,19,-9,17,-12,14,0,0,0,0,0,0,0,0,0,0]"""
1782031928080,2026-06-21T17:52:08.080,safe,posture,mhw,standing_still,t017,"CSI_DATA,534695,1a:00:00:00:00:00,-43,11,-99,17,28,11,513863263,47,2,256,0,""[0,0,0,0,0,0,0,0,0,0,0,0,-7,-1,-6,-2,-6,-2,-7,-2,-7,-1,-7,-1,-13,-2,-10,-2,-10,-2,-10,-3,-15,-3,-13,-3,-15,-3,-12,-5,-15,-3,-13,-5,-17,-5,-15,-3,-17,-5,-18,-6,-17,-3,-17,-6,-17,-6,-20,-5,-18,-6,-20,-5,-18,-5,-21,-5,-18,-5,-23,-3,-21,-3,-26,-5,-22,-3,-22,-3,-22,-5,-22,-3,-21,0,-23,1,-23,0,-22,1,-25,1,-22,3,-27,5,-26,5,-31,6,-27,6,-27,7,-26,6,-26,8,-28,11,-31,13,-28,11,-30,11,-32,11,-31,16,-32,13,-31,15,0,0,0,0,0,0,15,31,12,28,21,33,16,31,15,27,18,28,17,27,18,27,18,25,20,30,20,27,17,25,17,25,17,22,23,23,21,22,23,21,21,20,21,21,20,17,26,20,23,17,27,18,27,20,26,16,23,16,23,15,28,13,26,15,27,11,26,13,27,13,26,12,30,11,27,10,32,16,28,15,27,13,26,15,25,13,25,12,28,11,27,13,23,13,23,13,22,11,25,13,22,12,22,18,20,16,17,15,16,15,13,12,15,12,15,16,13,13,12,13,0,0,0,0,0,0,0,0,0,0]"""
1782031928091,2026-06-21T17:52:08.091,safe,posture,mhw,standing_still,t017,"CSI_DATA,534696,1a:00:00:00:00:00,-43,11,-99,19,28,11,513871692,47,2,256,0,""[0,0,0,0,0,0,0,0,0,0,0,0,7,4,7,4,5,5,7,5,5,4,7,7,8,7,9,7,9,5,9,5,10,8,10,8,13,9,10,8,11,9,10,10,14,10,13,10,14,14,11,14,10,14,13,13,16,13,17,14,13,15,15,14,16,13,16,14,15,14,17,14,15,11,21,15,20,15,17,13,20,14,19,10,21,10,22,10,22,11,22,9,23,9,21,8,26,10,24,5,28,8,30,5,27,7,28,7,27,7,27,3,34,4,29,4,33,5,33,7,34,3,35,3,34,2,0,0,0,0,0,0,4,-36,2,-33,1,-40,1,-36,2,-29,1,-38,1,-34,0,-36,-2,-32,0,-36,-1,-34,-3,-32,-1,-29,-4,-29,-5,-33,-7,-32,-7,-32,-8,-27,-7,-28,-7,-27,-10,-32,-10,-27,-10,-30,-9,-28,-11,-29,-9,-24,-11,-26,-16,-27,-13,-27,-15,-26,-13,-23,-14,-26,-13,-26,-15,-28,-15,-26,-14,-32,-14,-29,-14,-27,-14,-27,-11,-27,-10,-26,-14,-27,-11,-28,-9,-22,-13,-26,-8,-23,-8,-26,-8,-22,-5,-26,-5,-26,-4,-22,-3,-20,-1,-20,-2,-19,-2,-22,-2,-19,-1,-19,0,0,0,0,0,0,0,0,0,0]"""
1782031928101,2026-06-21T17:52:08.101,safe,posture,mhw,standing_still,t017,"CSI_DATA,534697,1a:00:00:00:00:00,-44,11,-99,15,29,11,513882692,47,2,256,0,""[0,0,0,0,0,0,0,0,0,0,0,0,-7,2,-8,2,-7,1,-9,2,-7,4,-10,2,-10,1,-9,2,-13,1,-10,1,-14,1,-13,2,-14,1,-15,2,-17,1,-14,2,-19,2,-16,1,-20,2,-19,0,-14,-1,-21,0,-19,-2,-21,1,-22,2,-21,1,-21,0,-21,1,-17,1,-23,4,-20,2,-26,4,-23,1,-21,1,-23,2,-22,3,-20,4,-23,8,-23,7,-20,7,-24,7,-20,13,-23,14,-24,11,-30,13,-27,9,-27,13,-27,10,-22,11,-26,14,-28,19,-23,19,-28,16,-28,14,-27,22,-29,21,-30,19,0,0,0,0,0,0,19,32,17,27,24,32,20,29,16,22,21,30,21,23,21,29,19,22,22,29,21,28,15,26,20,24,17,23,23,23,23,22,22,20,20,19,22,23,21,14,26,19,24,16,28,19,26,19,22,17,24,17,21,17,26,14,27,14,26,16,23,14,27,19,24,11,28,11,26,14,34,20,24,17,26,16,23,21,22,16,24,17,27,15,24,15,20,13,20,19,21,14,22,15,19,17,21,22,13,19,14,19,10,20,11,17,9,16,13,19,10,17,8,17,0,0,0,0,0,0,0,0,0,0]"""
1782031928112,2026-06-21T17:52:08.112,safe,posture,mhw,standing_still,t017,"CSI_DATA,534698,1a:00:00:00:00:00,-43,11,-99,17,28,11,513893692,47,2,256,0,""[0,0,0,0,0,0,0,0,0,0,0,0,6,5,5,6,5,6,7,7,5,6,6,6,7,7,7,8,8,10,6,10,7,11,6,12,7,12,7,13,7,16,7,13,8,15,7,15,6,16,10,16,7,15,10,18,7,16,6,18,8,20,8,18,10,20,8,22,8,16,10,18,7,20,12,21,10,18,11,17,11,20,13,20,11,18,13,20,13,20,15,20,13,22,16,18,16,20,16,20,18,20,17,18,22,18,20,17,23,20,23,22,21,21,23,22,25,23,23,21,25,22,27,22,26,25,0,0,0,0,0,0,27,-26,25,-23,25,-27,23,-26,22,-26,26,-25,20,-22,25,-27,23,-22,23,-25,18,-26,20,-22,18,-27,17,-25,20,-22,18,-25,16,-27,17,-23,20,-26,11,-26,13,-28,16,-25,12,-26,12,-26,12,-26,12,-28,12,-26,11,-26,15,-28,12,-27,11,-27,13,-31,10,-26,11,-28,13,-27,13,-30,12,-27,13,-28,12,-27,13,-28,13,-23,16,-22,16,-25,15,-21,17,-22,12,-21,17,-21,16,-18,16,-20,13,-16,15,-17,15,-13,17,-15,16,-12,17,-10,17,-10,18,-7,0,0,0,0,0,0,0,0,0,0]"""
1782031928124,2026-06-21T17:52:08.124,safe,posture,mhw,standing_still,t017,"CSI_DATA,534699,1a:00:00:00:00:00,-43,11,-99,18,28,11,513904692,47,2,256,0,""[0,0,0,0,0,0,0,0,0,0,0,0,-6,-6,-4,-6,-6,-4,-4,-6,-6,-6,-6,-8,-4,-9,-4,-8,-6,-8,-4,-11,-6,-11,-6,-12,-8,-12,-6,-13,-6,-14,-7,-13,-7,-14,-4,-13,-6,-18,-3,-17,-2,-17,-7,-17,-3,-18,-7,-18,-6,-20,-6,-18,-6,-20,-7,-23,-6,-15,-8,-20,-6,-20,-7,-22,-4,-20,-7,-22,-7,-22,-8,-22,-9,-18,-11,-20,-9,-20,-11,-20,-11,-24,-12,-17,-17,-23,-13,-23,-15,-25,-11,-22,-17,-25,-13,-24,-15,-24,-18,-24,-20,-24,-20,-24,-19,-29,-15,-26,-23,-26,-20,-30,-19,-29,0,0,0,0,0,0,-31,18,-28,17,-29,20,-29,18,-25,15,-30,18,-23,18,-30,20,-25,17,-29,19,-26,18,-25,14,-24,20,-23,15,-24,18,-25,20,-24,20,-22,20,-26,20,-17,19,-22,23,-22,19,-23,23,-23,20,-22,17,-22,22,-19,19,-19,23,-22,23,-18,23,-20,20,-25,23,-18,20,-18,25,-20,22,-24,25,-24,18,-22,20,-25,18,-24,17,-22,17,-23,19,-23,19,-20,17,-25,14,-20,14,-24,14,-23,12,-25,11,-22,4,-22,7,-20,4,-20,6,-19,2,-18,4,-18,2,-20,0,0,0,0,0,0,0,0,0,0,0]"""
1782031928134,2026-06-21T17:52:08.134,safe,posture,mhw,standing_still,t017,"CSI_DATA,534700,1a:00:00:00:00:00,-43,11,-99,18,28,11,513915692,47,2,256,0,""[0,0,0,0,0,0,0,0,0,0,0,0,0,-6,0,-6,0,-11,-2,-7,1,-11,-1,-8,-1,-8,-1,-9,1,-11,-2,-13,0,-12,-1,-12,-2,-14,0,-14,-1,-13,-1,-19,-2,-15,0,-19,-1,-15,-1,-14,-1,-19,-2,-19,-3,-22,-2,-18,-1,-19,-3,-20,-2,-20,-3,-18,-4,-23,-3,-19,-6,-22,-6,-17,-9,-19,-9,-19,-12,-19,-12,-23,-13,-22,-11,-19,-13,-20,-14,-20,-15,-17,-17,-23,-14,-20,-18,-19,-15,-14,-23,-17,-22,-17,-24,-13,-24,-18,-26,-17,-23,-17,-26,-18,-25,-18,-30,-17,-28,-19,-28,-14,-33,-12,0,0,0,0,0,0,-13,31,-14,37,-9,26,-11,33,-12,37,-9,29,-13,35,-8,30,-8,34,-6,28,-4,28,-2,33,-2,33,1,35,-2,30,0,29,2,31,3,31,3,28,3,34,4,26,7,31,6,24,9,28,9,29,11,30,15,31,11,28,13,29,17,26,15,30,15,23,13,33,13,26,14,26,13,22,19,26,15,26,20,24,17,28,17,25,12,25,14,26,14,26,14,23,11,26,8,23,13,24,8,17,12,22,8,20,11,19,7,19,9,20,4,18,4,17,2,18,0,0,0,0,0,0,0,0,0,0]"""
1782031928145,2026-06-21T17:52:08.145,safe,posture,mhw,standing_still,t017,"CSI_DATA,534701,1a:00:00:00:00:00,-43,11,-99,14,29,11,513926692,47,2,256,0,""[0,0,0,0,0,0,0,0,0,0,0,0,-3,7,-2,6,-4,7,-3,7,-4,7,-4,8,-4,8,-6,11,-7,9,-4,12,-4,11,-6,11,-7,12,-8,12,-7,11,-11,15,-8,13,-9,17,-7,12,-7,14,-6,17,-12,17,-8,19,-9,17,-9,15,-9,18,-11,19,-8,18,-12,20,-9,17,-9,19,-6,17,-7,23,-7,20,-4,23,-6,23,-4,26,-4,23,-3,24,-1,28,-1,24,-3,29,-2,24,1,28,1,20,2,26,2,28,8,26,4,30,7,30,4,30,4,31,8,31,8,34,7,33,8,30,12,30,0,0,0,0,0,0,30,-12,37,-14,26,-12,34,-12,37,-15,29,-9,34,-14,29,-12,31,-15,25,-14,26,-14,28,-19,26,-18,26,-22,24,-17,23,-19,22,-23,23,-23,19,-20,24,-23,18,-22,19,-24,14,-22,17,-22,17,-26,17,-24,15,-30,15,-26,14,-29,12,-30,13,-30,9,-26,18,-30,14,-25,14,-26,12,-23,11,-29,13,-28,9,-29,12,-28,12,-28,14,-24,14,-24,14,-28,11,-25,15,-23,15,-20,12,-24,9,-17,12,-20,14,-17,11,-19,13,-17,14,-19,12,-13,12,-13,12,-12,0,0,0,0,0,0,0,0,0,0]"""
1782031928156,2026-06-21T17:52:08.156,safe,posture,mhw,standing_still,t017,"CSI_DATA,534702,1a:00:00:00:00:00,-43,11,-99,18,28,11,513937692,47,2,256,0,""[0,0,0,0,0,0,0,0,0,0,0,0,1,-7,3,-7,3,-7,3,-7,2,-8,3,-8,3,-9,3,-11,4,-11,4,-11,4,-12,4,-12,6,-12,4,-12,6,-13,7,-14,8,-15,6,-14,8,-17,8,-18,7,-19,9,-17,7,-19,8,-18,8,-18,9,-20,8,-19,6,-17,11,-19,7,-20,6,-22,7,-23,4,-25,6,-24,3,-23,4,-22,3,-22,1,-24,3,-23,0,-24,0,-24,0,-25,0,-26,-2,-26,-3,-26,-4,-28,-6,-28,-6,-28,-2,-28,-6,-30,-4,-31,-3,-29,-6,-30,-7,-33,-7,-33,-8,-34,-11,-33,0,0,0,0,0,0,-34,12,-33,11,-34,13,-31,14,-30,12,-31,13,-31,13,-31,15,-29,14,-31,14,-28,17,-25,18,-28,14,-26,18,-28,17,-24,17,-25,19,-22,18,-19,18,-24,20,-22,20,-19,23,-22,23,-19,23,-18,24,-19,22,-19,24,-15,28,-18,25,-15,26,-17,23,-13,24,-20,24,-15,26,-14,26,-18,26,-14,29,-14,25,-15,26,-17,24,-17,25,-18,24,-18,22,-15,22,-14,20,-18,19,-17,19,-15,20,-17,18,-17,18,-18,15,-15,14,-15,13,-15,13,-17,11,-14,8,-17,8,0,0,0,0,0,0,0,0,0,0]"""
1782031928167,2026-06-21T17:52:08.167,safe,posture,mhw,standing_still,t017,"CSI_DATA,534703,1a:00:00:00:00:00,-43,11,-99,14,29,11,513948692,47,2,256,0,""[0,0,0,0,0,0,0,0,0,0,0,0,-3,8,-2,7,-4,7,-3,6,-6,7,-4,7,-4,8,-6,9,-4,12,-7,11,-8,11,-9,12,-7,11,-9,13,-8,11,-11,14,-8,13,-12,14,-8,13,-8,15,-9,14,-12,17,-13,17,-12,15,-14,14,-12,17,-13,17,-12,17,-13,18,-12,17,-13,18,-9,17,-9,19,-9,19,-11,19,-11,22,-11,22,-11,20,-9,20,-11,24,-8,23,-11,26,-8,23,-6,26,-6,23,-3,26,-4,26,-3,29,-3,30,-4,33,-3,31,-4,34,-4,31,-3,34,-3,31,0,33,-1,34,0,0,0,0,0,0,35,2,40,6,31,0,35,1,39,1,31,4,36,0,31,1,35,1,30,-1,29,-2,31,-2,34,-4,34,-4,30,0,30,-3,31,-6,31,-6,29,-4,31,-8,26,-9,31,-9,23,-8,26,-11,28,-11,29,-15,30,-14,28,-11,29,-12,26,-13,29,-12,26,-14,30,-14,26,-13,29,-14,25,-12,25,-14,26,-13,28,-14,29,-15,28,-13,28,-9,29,-11,29,-11,26,-8,28,-8,24,-7,26,-7,19,-6,22,-6,23,-4,22,-3,23,-3,22,-1,19,1,19,0,18,2,0,0,0,0,0,0,0,0,0,0]"""
1782031928178,2026-06-21T17:52:08.178,safe,posture,mhw,standing_still,t017,"CSI_DATA,534704,1a:00:00:00:00:00,-43,11,-99,21,28,11,513959692,47,2,256,0,""[0,0,0,0,0,0,0,0,0,0,0,0,-2,-7,-2,-7,-1,-7,1,-7,-2,-10,1,-8,0,-8,-1,-11,1,-12,1,-13,1,-12,3,-14,3,-15,4,-16,4,-13,5,-16,5,-15,7,-17,6,-13,7,-15,10,-17,10,-16,11,-20,10,-14,13,-15,13,-15,15,-16,12,-15,16,-19,13,-14,15,-15,13,-12,14,-14,14,-16,14,-17,15,-17,17,-17,16,-15,17,-16,17,-20,16,-16,19,-20,17,-17,17,-21,14,-13,17,-19,20,-19,17,-21,23,-22,22,-23,20,-17,25,-20,25,-21,26,-20,28,-19,26,-19,28,-23,0,0,0,0,0,0,-15,-28,-20,-35,-13,-25,-14,-30,-17,-38,-11,-28,-14,-33,-12,-29,-12,-33,-10,-26,-11,-26,-12,-29,-13,-31,-12,-32,-7,-26,-11,-29,-11,-30,-8,-31,-7,-28,-12,-32,-10,-24,-10,-31,-8,-23,-10,-26,-8,-31,-10,-30,-10,-31,-5,-28,-6,-31,-7,-29,-5,-32,-7,-31,-6,-35,-4,-30,-3,-31,-1,-26,-3,-29,0,-29,-1,-31,1,-30,2,-31,6,-26,7,-29,8,-30,7,-25,10,-28,10,-22,12,-23,10,-16,10,-17,12,-19,13,-19,14,-17,15,-15,15,-11,15,-10,16,-7,0,0,0,0,0,0,0,0,0,0]"""
1782031928188,2026-06-21T17:52:08.188,safe,posture,mhw,standing_still,t017,"CSI_DATA,534705,1a:00:00:00:00:00,-43,11,-99,18,28,11,513970692,47,2,256,0,""[0,0,0,0,0,0,0,0,0,0,0,0,-3,6,-4,8,-3,6,-4,8,-3,7,-3,8,-6,8,-7,7,-9,11,-6,9,-8,9,-9,11,-8,12,-9,12,-13,12,-9,11,-13,13,-12,11,-12,11,-13,12,-12,13,-15,13,-14,11,-14,12,-15,12,-14,12,-17,13,-18,14,-14,13,-14,14,-17,15,-17,14,-15,14,-14,17,-15,17,-15,18,-17,17,-13,17,-13,19,-14,18,-17,19,-13,22,-14,22,-15,23,-13,22,-14,19,-12,25,-15,24,-13,28,-14,26,-14,26,-15,30,-15,31,-14,26,-15,30,-15,30,-17,31,0,0,0,0,0,0,33,19,28,18,31,17,30,18,29,15,30,18,26,13,31,19,26,14,29,17,28,17,26,14,31,12,26,13,28,13,29,12,28,9,30,11,31,13,28,7,30,8,29,11,28,7,29,7,28,8,31,7,29,7,28,6,31,7,29,4,29,7,35,8,30,6,30,4,29,8,31,7,29,8,29,7,30,8,29,9,28,8,28,11,26,9,25,9,28,13,24,9,23,13,23,14,22,13,18,13,19,14,17,13,18,12,14,13,13,15,13,15,12,17,0,0,0,0,0,0,0,0,0,0]"""
1782031928199,2026-06-21T17:52:08.199,safe,posture,mhw,standing_still,t017,"CSI_DATA,534706,1a:00:00:00:00:00,-43,11,-99,15,29,11,513981692,47,2,256,0,""[0,0,0,0,0,0,0,0,0,0,0,0,7,3,5,4,7,5,8,4,7,4,8,5,7,7,8,8,8,8,9,8,8,8,10,9,10,9,11,9,9,10,10,14,11,13,10,14,9,15,11,13,10,13,10,15,9,16,11,16,11,16,10,17,11,20,11,16,11,21,10,19,11,19,11,17,15,20,11,20,15,19,13,17,14,20,15,20,15,20,16,19,17,19,16,20,16,21,20,19,16,20,22,21,20,21,23,17,21,21,23,22,21,22,20,22,21,22,23,26,26,23,23,23,26,23,0,0,0,0,0,0,24,-24,24,-26,26,-24,24,-27,26,-24,23,-23,26,-24,24,-24,24,-23,23,-22,22,-23,22,-27,22,-21,21,-26,21,-24,19,-23,19,-26,19,-22,17,-22,20,-24,17,-24,17,-24,19,-22,16,-24,16,-27,17,-21,17,-26,16,-26,16,-24,15,-26,16,-24,14,-24,21,-24,17,-24,16,-24,19,-23,19,-27,20,-22,17,-24,20,-22,20,-22,21,-21,22,-19,20,-20,19,-19,21,-16,22,-14,20,-16,21,-11,20,-13,21,-9,19,-10,20,-7,20,-7,19,-5,17,-4,19,-2,0,0,0,0,0,0,0,0,0,0]"""
1782031928210,2026-06-21T17:52:08.210,safe,posture,mhw,standing_still,t017,"CSI_DATA,534707,1a:00:00:00:00:00,-43,11,-99,14,29,11,513992692,47,2,256,0,""[0,0,0,0,0,0,0,0,0,0,0,0,-1,-6,0,-6,0,-6,-1,-9,-1,-7,-1,-9,-1,-12,-1,-11,-2,-9,-1,-11,-1,-15,-1,-13,-1,-13,-2,-13,-2,-15,-2,-15,-1,-18,-3,-15,-2,-18,-2,-22,-3,-18,-1,-18,-2,-18,-3,-20,-2,-20,-3,-20,-3,-19,-6,-20,-3,-19,-7,-22,-4,-19,-8,-24,-8,-23,-8,-20,-9,-20,-9,-19,-11,-17,-14,-20,-11,-20,-12,-18,-15,-19,-14,-15,-18,-20,-19,-18,-23,-23,-19,-19,-23,-18,-22,-18,-20,-17,-23,-17,-29,-19,-26,-17,-29,-19,-28,-18,-29,-15,-30,-18,-29,-15,0,0,0,0,0,0,-14,29,-12,30,-13,36,-12,34,-7,28,-11,35,-11,29,-11,35,-7,28,-12,36,-7,34,-6,29,-4,29,-4,29,-2,34,0,31,1,31,1,30,1,31,2,29,6,33,4,29,6,33,7,31,7,28,6,29,7,26,12,28,11,29,12,29,11,28,12,29,12,26,15,29,14,25,14,34,13,29,14,26,13,29,9,25,12,26,14,29,12,25,9,23,12,24,9,22,11,26,8,22,8,29,8,23,8,23,4,20,6,19,3,19,3,22,2,18,2,19,0,0,0,0,0,0,0,0,0,0]"""
1782031928220,2026-06-21T17:52:08.220,safe,posture,mhw,standing_still,t017,"CSI_DATA,534708,1a:00:00:00:00:00,-43,11,-99,17,28,11,514003692,47,2,256,0,""[0,0,0,0,0,0,0,0,0,0,0,0,-6,1,-5,2,-10,2,-7,2,-8,2,-10,2,-8,2,-12,3,-10,1,-12,3,-12,5,-12,3,-13,3,-15,3,-12,3,-16,2,-15,2,-18,3,-17,2,-17,3,-16,5,-17,3,-20,6,-18,6,-18,5,-21,6,-20,5,-20,8,-23,5,-18,6,-21,8,-20,7,-21,10,-21,8,-18,13,-18,10,-20,12,-20,13,-21,13,-17,16,-16,16,-22,15,-20,16,-17,20,-18,16,-18,23,-17,22,-15,26,-17,23,-16,23,-18,25,-17,22,-20,25,-20,30,-18,27,-17,26,-15,32,0,0,0,0,0,0,31,12,33,15,31,15,32,13,33,15,30,12,32,16,28,13,32,12,31,11,31,8,31,6,30,6,32,5,30,5,30,3,31,1,30,3,27,0,32,2,28,-1,31,0,28,-2,31,-3,31,-5,28,-3,30,-6,30,-7,30,-6,30,-8,30,-7,27,-8,32,-5,31,-7,30,-8,28,-6,31,-12,28,-7,30,-10,27,-6,28,-6,30,-6,28,-5,28,-6,27,-6,27,-3,25,-2,25,-5,22,-1,25,-2,21,-2,23,-2,21,1,21,0,21,1,18,2,17,3,0,0,0,0,0,0,0,0,0,0]"""
1782031928233,2026-06-21T17:52:08.233,safe,posture,mhw,standing_still,t017,"CSI_DATA,534709,1a:00:00:00:00:00,-43,11,-99,18,28,11,514014692,47,2,256,0,""[0,0,0,0,0,0,0,0,0,0,0,0,7,1,6,-1,9,1,7,0,9,0,12,1,11,0,11,1,9,2,13,0,12,0,14,1,13,0,14,0,14,2,18,3,15,1,18,1,18,3,19,2,22,0,18,4,20,2,19,2,20,2,20,2,20,2,18,0,23,6,22,2,20,1,23,1,25,-1,23,0,22,-4,24,-1,23,-2,24,-3,25,-3,24,-6,22,-8,28,-6,26,-4,25,-9,25,-7,28,-12,26,-9,25,-14,25,-11,29,-13,29,-13,26,-13,28,-13,31,-14,29,-15,29,-17,29,-18,0,0,0,0,0,0,-18,-29,-18,-28,-22,-28,-20,-29,-20,-29,-18,-28,-20,-29,-20,-28,-22,-26,-20,-26,-22,-25,-24,-23,-19,-22,-24,-19,-24,-22,-22,-19,-26,-20,-25,-17,-23,-14,-25,-18,-24,-17,-25,-15,-23,-14,-25,-15,-29,-14,-23,-13,-29,-13,-28,-11,-29,-12,-29,-9,-28,-11,-28,-8,-30,-14,-29,-12,-28,-11,-28,-11,-33,-12,-29,-11,-30,-9,-26,-12,-26,-11,-26,-13,-28,-14,-25,-12,-23,-11,-23,-14,-20,-14,-23,-12,-18,-13,-22,-13,-18,-14,-18,-13,-15,-14,-17,-14,-15,-12,-12,-11,-9,-13,0,0,0,0,0,0,0,0,0,0]"""
1782031928244,2026-06-21T17:52:08.244,safe,posture,mhw,standing_still,t017,"CSI_DATA,534710,1a:00:00:00:00:00,-43,11,-99,18,28,11,514025692,47,2,256,0,""[0,0,0,0,0,0,0,0,0,0,0,0,-6,-4,-4,-3,-6,-4,-6,-6,-7,-7,-6,-6,-4,-6,-9,-9,-8,-8,-11,-7,-11,-7,-9,-8,-11,-8,-9,-11,-8,-11,-13,-14,-11,-9,-12,-14,-9,-14,-9,-12,-12,-15,-12,-12,-12,-15,-13,-12,-14,-13,-13,-15,-13,-15,-13,-13,-15,-18,-12,-15,-14,-17,-13,-13,-18,-15,-15,-14,-18,-13,-17,-14,-20,-14,-19,-14,-20,-14,-23,-14,-18,-11,-24,-15,-20,-14,-26,-12,-20,-9,-28,-11,-25,-12,-28,-8,-28,-12,-26,-11,-29,-9,-29,-13,-28,-12,-34,-13,-31,-11,-29,-9,-33,-9,0,0,0,0,0,0,-11,30,-11,37,-6,30,-11,34,-11,37,-9,30,-11,37,-8,30,-9,35,-6,29,-7,31,-3,33,-4,31,-2,35,-2,30,-2,30,0,31,-1,31,-1,28,0,35,1,29,2,30,2,26,3,29,4,33,3,29,7,33,4,30,6,30,9,31,7,31,8,26,4,36,3,30,6,31,3,25,8,33,4,30,8,30,3,30,4,31,1,29,1,29,2,30,3,24,-1,29,-2,24,1,26,-1,19,-1,26,-2,23,-1,22,-3,22,-3,22,-4,19,-4,17,-7,17,0,0,0,0,0,0,0,0,0,0]"""
1782031928256,2026-06-21T17:52:08.256,safe,posture,mhw,standing_still,t017,"CSI_DATA,534711,1a:00:00:00:00:00,-43,11,-99,14,29,11,514036692,47,2,256,0,""[0,0,0,0,0,0,0,0,0,0,0,0,7,-4,7,-4,6,-3,8,-4,6,-3,8,-4,9,-4,8,-3,11,-4,11,-3,11,-4,13,-6,12,-6,14,-7,17,-6,13,-8,14,-7,15,-4,17,-6,18,-2,18,-1,18,-8,19,-3,20,-6,20,-6,19,-7,19,-4,22,-4,18,-8,22,-9,19,-7,23,-8,22,-6,20,-7,20,-8,22,-9,20,-11,19,-12,20,-12,20,-12,23,-13,19,-17,20,-15,23,-17,23,-19,22,-14,22,-19,24,-15,23,-18,23,-19,23,-24,22,-23,26,-23,23,-22,24,-26,26,-25,25,-22,0,0,0,0,0,0,-24,-28,-20,-25,-26,-28,-23,-26,-23,-23,-24,-26,-22,-20,-25,-25,-20,-23,-25,-25,-24,-23,-19,-22,-26,-22,-22,-20,-24,-20,-25,-18,-25,-17,-24,-15,-26,-20,-24,-12,-28,-14,-25,-17,-28,-14,-25,-15,-24,-15,-28,-14,-23,-14,-26,-12,-29,-13,-28,-11,-26,-13,-31,-15,-26,-9,-29,-11,-26,-14,-31,-15,-25,-17,-26,-14,-26,-18,-24,-15,-24,-14,-26,-14,-24,-13,-24,-13,-22,-17,-20,-13,-22,-15,-18,-18,-20,-19,-13,-17,-18,-19,-13,-17,-13,-17,-12,-17,-12,-14,-11,-17,-7,-17,0,0,0,0,0,0,0,0,0,0]"""
1782031928267,2026-06-21T17:52:08.267,safe,posture,mhw,standing_still,t017,"CSI_DATA,534712,1a:00:00:00:00:00,-43,11,-99,17,28,11,514047692,47,2,256,0,""[0,0,0,0,0,0,0,0,0,0,0,0,-5,-6,-5,-6,-3,-7,-5,-6,-5,-7,-6,-6,-5,-8,-6,-10,-6,-11,-7,-11,-5,-12,-6,-13,-6,-12,-5,-13,-5,-16,-6,-17,-7,-16,-3,-18,-3,-13,-6,-13,-5,-16,-7,-18,-5,-20,-3,-18,-3,-21,-5,-21,-3,-21,-5,-20,-6,-22,-6,-22,-6,-21,-6,-18,-7,-20,-7,-20,-8,-21,-10,-23,-7,-21,-7,-23,-10,-22,-8,-23,-10,-23,-12,-25,-11,-22,-13,-23,-11,-21,-13,-21,-13,-23,-17,-22,-17,-23,-17,-26,-12,-25,-17,-28,-17,-28,-17,-27,-15,-30,-21,-28,-20,-27,0,0,0,0,0,0,-31,17,-32,20,-25,17,-28,17,-31,21,-28,15,-30,17,-27,17,-32,16,-23,16,-23,16,-25,17,-27,22,-26,21,-26,15,-23,21,-23,21,-23,20,-25,18,-22,20,-21,22,-23,20,-17,17,-18,18,-21,21,-20,25,-22,23,-21,18,-22,22,-21,22,-23,21,-23,22,-22,22,-21,22,-22,21,-18,20,-20,22,-21,22,-20,25,-23,23,-22,20,-23,15,-23,17,-26,17,-23,16,-23,15,-23,11,-25,10,-17,8,-18,10,-20,8,-20,10,-21,8,-18,5,-20,2,-18,2,-18,0,0,0,0,0,0,0,0,0,0,0]"""
1782031928276,2026-06-21T17:52:08.276,safe,posture,mhw,standing_still,t017,"CSI_DATA,534713,1a:00:00:00:00:00,-43,11,-99,17,28,11,514058692,47,2,256,0,""[0,0,0,0,0,0,0,0,0,0,0,0,7,0,7,-1,7,0,8,2,8,0,11,1,10,2,10,3,11,2,10,5,12,2,12,5,12,6,15,6,13,6,12,5,16,7,16,7,18,10,16,11,12,11,17,8,16,11,18,10,18,12,17,10,15,11,18,12,16,8,18,10,17,10,22,13,20,13,17,11,18,13,18,12,20,10,22,7,20,10,20,8,21,11,22,7,26,7,26,10,32,13,22,11,26,11,27,13,25,8,27,11,33,8,31,6,31,11,31,15,33,7,32,12,31,12,0,0,0,0,0,0,12,-33,13,-26,13,-39,15,-32,11,-26,12,-32,10,-28,13,-35,8,-28,15,-35,13,-31,13,-27,12,-30,13,-26,8,-31,10,-30,8,-30,7,-27,11,-30,5,-25,6,-32,6,-28,7,-31,10,-30,11,-27,7,-28,8,-26,5,-31,6,-28,6,-28,8,-26,8,-31,3,-27,5,-31,6,-27,11,-36,13,-28,10,-28,12,-30,12,-26,11,-26,10,-30,11,-26,10,-22,13,-23,10,-23,13,-23,16,-21,17,-22,16,-16,17,-16,17,-13,15,-13,16,-12,18,-12,16,-11,16,-8,0,0,0,0,0,0,0,0,0,0]"""
1782031928288,2026-06-21T17:52:08.288,safe,posture,mhw,standing_still,t017,"CSI_DATA,534714,1a:00:00:00:00:00,-43,11,-99,17,28,11,514069692,47,2,256,0,""[0,0,0,0,0,0,0,0,0,0,0,0,-3,-7,-2,-7,-1,-7,-1,-7,0,-8,-1,-8,-1,-8,-1,-11,-3,-12,-1,-12,0,-13,1,-13,1,-12,0,-13,2,-16,0,-16,1,-16,2,-18,1,-17,0,-16,3,-13,2,-20,3,-20,6,-18,6,-20,5,-20,6,-20,6,-22,6,-21,6,-21,6,-20,5,-20,3,-21,2,-22,3,-23,5,-23,5,-23,5,-21,6,-23,3,-25,6,-26,2,-26,2,-26,3,-28,3,-26,2,-25,2,-28,1,-27,2,-31,1,-30,3,-31,3,-32,6,-33,5,-32,6,-31,3,-33,3,-36,0,0,0,0,0,0,-36,-7,-35,-8,-32,-5,-35,-7,-35,-7,-32,-11,-31,-10,-32,-8,-30,-8,-30,-7,-31,-6,-28,-6,-35,-6,-31,-6,-27,-10,-30,-5,-32,-5,-30,-7,-31,-7,-28,-5,-28,-3,-30,-6,-28,-3,-26,-3,-31,-3,-32,-3,-30,-3,-28,-6,-32,-6,-30,-3,-30,-5,-32,-6,-31,-5,-31,-5,-28,-6,-31,-6,-28,-6,-31,-5,-30,-7,-31,-7,-28,-10,-26,-12,-26,-11,-26,-13,-26,-13,-22,-13,-21,-15,-20,-15,-17,-13,-18,-13,-17,-13,-16,-13,-16,-16,-12,-16,-10,-13,-10,-15,-7,-17,0,0,0,0,0,0,0,0,0,0]"""
1782031928299,2026-06-21T17:52:08.299,safe,posture,mhw,standing_still,t017,"CSI_DATA,534715,1a:00:00:00:00:00,-43,11,-99,17,28,11,514080692,47,2,256,0,""[0,0,0,0,0,0,0,0,0,0,0,0,-2,6,-5,8,-3,3,-5,7,-3,6,-5,8,-7,8,-7,7,-6,10,-7,8,-8,11,-10,12,-7,11,-7,13,-11,13,-7,11,-12,15,-10,12,-11,15,-13,15,-13,15,-11,15,-11,13,-12,16,-12,18,-11,17,-11,16,-15,18,-8,16,-10,20,-11,17,-12,23,-12,20,-11,22,-8,21,-8,20,-7,20,-5,23,-5,23,-5,21,-8,23,0,22,-2,27,-3,26,-2,33,-5,27,0,28,-3,28,-1,28,0,28,5,33,6,30,2,33,1,31,10,35,5,37,5,35,0,0,0,0,0,0,36,-3,32,-5,37,-8,35,-3,27,-6,37,-7,28,-8,36,-8,26,-6,36,-10,32,-10,30,-7,30,-13,27,-11,28,-12,26,-15,26,-17,25,-15,28,-15,21,-15,25,-22,23,-15,25,-21,26,-18,23,-16,22,-20,20,-17,20,-22,20,-23,18,-22,18,-18,23,-25,16,-22,18,-25,21,-22,23,-30,22,-20,20,-23,23,-22,20,-20,18,-20,18,-23,17,-23,16,-21,21,-18,16,-20,20,-20,20,-16,25,-17,17,-12,17,-15,20,-10,17,-13,16,-10,18,-11,15,-8,18,-7,0,0,0,0,0,0,0,0,0,0]"""
1782031928309,2026-06-21T17:52:08.309,safe,posture,mhw,standing_still,t017,"CSI_DATA,534716,1a:00:00:00:00:00,-43,11,-99,15,29,11,514091692,47,2,256,0,""[0,0,0,0,0,0,0,0,0,0,0,0,1,-7,4,-5,3,-7,4,-7,7,-7,5,-8,4,-8,5,-8,7,-9,8,-9,9,-8,10,-9,10,-9,11,-10,14,-9,13,-9,15,-9,15,-8,14,-9,14,-7,17,-7,16,-10,17,-9,17,-5,20,-7,19,-7,21,-5,20,-8,21,-7,20,-7,22,-5,20,-8,20,-8,21,-8,22,-10,23,-9,21,-7,22,-4,22,-7,24,-9,23,-7,24,-9,24,-8,26,-10,22,-10,24,-9,24,-11,24,-14,28,-11,29,-13,29,-9,33,-11,34,-8,32,-9,34,-10,32,-9,33,-9,0,0,0,0,0,0,-7,-38,-3,-36,-5,-30,-3,-35,-5,-36,0,-34,-2,-36,-1,-35,0,-33,-2,-29,-3,-30,-2,-30,-4,-34,-3,-33,1,-30,-1,-30,-1,-30,0,-32,-1,-33,-3,-30,-2,-29,1,-30,-2,-28,-3,-28,-2,-29,-4,-32,-2,-32,0,-28,0,-32,-1,-30,1,-33,1,-32,1,-32,2,-30,4,-30,3,-29,2,-29,1,-29,2,-32,4,-32,5,-30,10,-26,10,-27,13,-26,14,-24,11,-24,15,-22,15,-21,14,-17,14,-17,14,-17,14,-17,16,-15,15,-14,17,-9,16,-9,17,-7,0,0,0,0,0,0,0,0,0,0]"""
1782031928321,2026-06-21T17:52:08.321,safe,posture,mhw,standing_still,t017,"CSI_DATA,534717,1a:00:00:00:00:00,-43,11,-99,19,28,11,514102692,47,2,256,0,""[0,0,0,0,0,0,0,0,0,0,0,0,0,7,-1,9,-2,7,-1,8,-3,7,-3,9,-3,9,-4,9,-3,13,-5,9,-7,9,-9,11,-8,11,-9,11,-13,13,-10,11,-11,13,-11,11,-13,11,-13,11,-13,11,-15,14,-15,10,-15,10,-17,10,-17,10,-20,8,-22,8,-17,9,-19,11,-19,9,-21,10,-20,9,-20,10,-21,10,-21,13,-21,9,-22,11,-20,11,-22,11,-23,10,-22,13,-24,11,-24,11,-26,11,-22,11,-26,14,-26,13,-26,15,-29,14,-28,13,-29,15,-34,13,-29,11,-33,10,-35,11,-32,11,0,0,0,0,0,0,7,39,5,35,7,35,4,36,4,34,2,35,3,30,3,35,1,32,1,33,3,32,1,30,7,34,2,33,0,32,1,33,2,30,0,32,-1,34,4,29,3,30,-2,30,2,28,1,29,0,29,3,33,-1,32,-2,29,-1,33,0,30,-2,32,-5,34,-1,29,-2,30,-5,30,-5,32,-7,29,-4,30,-9,29,-9,30,-10,27,-13,26,-11,26,-14,26,-17,23,-11,22,-16,22,-17,20,-19,16,-16,16,-16,15,-19,13,-19,11,-19,9,-16,8,-19,7,-19,3,0,0,0,0,0,0,0,0,0,0]"""
1782031928332,2026-06-21T17:52:08.332,safe,posture,mhw,standing_still,t017,"CSI_DATA,534718,1a:00:00:00:00:00,-43,11,-99,17,28,11,514113692,47,2,256,0,""[0,0,0,0,0,0,0,0,0,0,0,0,-1,7,-3,8,-2,6,-3,7,-2,7,-3,10,-2,10,-3,8,-1,13,-2,12,-3,11,-2,13,-2,12,-3,17,-5,15,-2,15,-3,16,-3,17,-1,17,-5,16,-6,16,0,21,-2,17,-2,20,-2,22,0,20,-1,21,-1,22,1,21,1,22,0,22,5,22,5,22,6,21,7,22,10,22,8,20,7,22,11,21,11,23,13,23,16,18,16,21,16,22,18,17,16,20,21,18,23,16,23,17,25,18,25,18,27,16,28,20,27,16,28,16,32,16,31,12,0,0,0,0,0,0,15,-33,12,-31,10,-32,11,-33,6,-31,12,-35,6,-32,6,-35,7,-31,3,-33,0,-31,1,-31,-5,-35,-2,-31,0,-30,-5,-31,-8,-31,-6,-30,-6,-32,-12,-27,-12,-27,-10,-28,-13,-25,-13,-23,-15,-25,-18,-26,-17,-23,-16,-23,-21,-23,-20,-21,-17,-23,-22,-27,-22,-20,-22,-20,-21,-22,-23,-20,-21,-20,-25,-17,-25,-18,-25,-18,-22,-18,-21,-18,-22,-17,-20,-18,-21,-20,-20,-15,-20,-18,-17,-16,-20,-16,-17,-16,-18,-13,-15,-13,-16,-15,-15,-13,-13,-16,-12,-16,-12,-15,0,0,0,0,0,0,0,0,0,0]"""
1782031928343,2026-06-21T17:52:08.343,safe,posture,mhw,standing_still,t017,"CSI_DATA,534719,1a:00:00:00:00:00,-43,11,-99,17,28,11,514124692,47,2,256,0,""[0,0,0,0,0,0,0,0,0,0,0,0,1,-8,2,-8,2,-7,2,-10,1,-7,2,-7,3,-11,3,-8,2,-12,3,-10,3,-12,2,-13,3,-15,2,-15,5,-17,3,-15,5,-18,2,-16,5,-17,2,-18,1,-17,3,-18,3,-17,2,-20,2,-20,2,-20,3,-21,3,-22,0,-20,-1,-22,1,-22,-1,-23,-1,-21,-2,-23,-2,-23,-5,-23,-6,-22,-6,-23,-8,-23,-10,-21,-8,-23,-12,-20,-16,-22,-12,-22,-16,-23,-13,-21,-18,-21,-16,-22,-20,-20,-21,-21,-23,-20,-25,-21,-26,-21,-23,-20,-30,-16,-30,-20,-28,-21,0,0,0,0,0,0,-18,32,-17,27,-18,32,-18,31,-15,30,-17,32,-11,28,-13,33,-11,28,-12,33,-10,30,-11,28,-5,32,-5,30,-5,30,-3,30,-1,30,0,30,-2,33,6,26,6,30,3,30,5,31,6,28,5,28,8,30,6,28,10,27,11,27,12,27,10,27,12,32,13,25,17,26,13,26,17,30,13,28,17,27,12,30,15,26,13,23,13,26,15,23,13,22,11,26,15,21,15,23,11,22,12,23,8,20,10,21,5,20,11,20,6,17,7,20,7,17,5,18,0,0,0,0,0,0,0,0,0,0]"""
1782031928353,2026-06-21T17:52:08.353,safe,posture,mhw,standing_still,t017,"CSI_DATA,534720,1a:00:00:00:00:00,-43,11,-99,18,28,11,514135692,47,2,256,0,""[0,0,0,0,0,0,0,0,0,0,0,0,-7,3,-7,3,-9,3,-7,1,-11,2,-9,3,-7,2,-11,1,-12,1,-14,3,-12,2,-13,1,-13,3,-15,0,-13,1,-19,1,-15,0,-18,-1,-14,-1,-17,1,-19,2,-19,-3,-22,-2,-19,-1,-19,-2,-20,-3,-22,-4,-19,-2,-23,-4,-19,-2,-20,-4,-18,-2,-23,-2,-23,-3,-23,0,-23,-1,-25,-1,-23,-2,-24,-2,-26,0,-23,1,-30,-2,-25,-2,-28,2,-22,-1,-29,2,-28,0,-28,4,-30,1,-31,1,-26,1,-31,-1,-31,-1,-36,1,-34,-1,-31,0,-36,2,0,0,0,0,0,0,-1,33,-2,41,0,31,0,33,-2,41,-1,30,-1,39,-1,31,-2,35,-2,30,0,30,2,34,0,33,2,35,0,28,1,29,2,31,2,30,0,28,2,35,3,28,1,31,3,24,2,29,3,31,4,28,4,35,4,29,3,30,6,30,6,33,4,26,1,35,1,30,3,31,1,25,3,33,0,29,2,30,0,30,-1,30,-4,28,-4,29,-3,28,-2,26,-8,29,-8,20,-4,26,-6,19,-7,24,-9,20,-8,22,-9,18,-11,19,-13,15,-13,14,-13,13,0,0,0,0,0,0,0,0,0,0]"""
1782031928365,2026-06-21T17:52:08.365,safe,posture,mhw,standing_still,t017,"CSI_DATA,534721,1a:00:00:00:00:00,-43,11,-99,18,28,11,514146692,47,2,256,0,""[0,0,0,0,0,0,0,0,0,0,0,0,6,-6,6,-6,4,-4,8,-4,6,-6,9,-6,9,-7,8,-3,8,-8,8,-4,12,-11,9,-11,11,-9,9,-9,12,-11,9,-8,14,-11,13,-11,14,-12,13,-14,13,-11,14,-12,14,-9,15,-14,15,-13,13,-14,14,-14,17,-14,9,-14,13,-17,13,-15,18,-20,17,-17,14,-17,14,-19,13,-18,12,-17,11,-23,11,-20,8,-19,12,-23,3,-22,6,-26,7,-26,9,-34,9,-25,7,-28,11,-28,4,-24,2,-30,1,-33,-1,-30,3,-33,2,-33,-4,-33,-1,-36,-1,-34,0,0,0,0,0,0,-36,1,-33,3,-41,4,-34,2,-28,2,-36,3,-29,4,-37,7,-29,6,-37,7,-35,7,-30,4,-29,9,-28,7,-31,12,-28,13,-29,13,-24,13,-30,12,-22,15,-24,20,-24,18,-28,19,-28,15,-25,15,-23,18,-22,14,-22,25,-22,20,-19,22,-20,18,-24,23,-15,22,-18,24,-19,24,-25,29,-24,20,-20,23,-24,20,-22,19,-19,19,-19,25,-19,19,-17,19,-20,17,-15,19,-18,20,-18,18,-24,19,-17,13,-19,12,-19,11,-15,12,-17,9,-18,12,-15,11,-17,8,0,0,0,0,0,0,0,0,0,0]"""
1782031928376,2026-06-21T17:52:08.376,safe,posture,mhw,standing_still,t017,"CSI_DATA,534722,1a:00:00:00:00:00,-43,11,-99,19,28,11,514157692,47,2,256,0,""[0,0,0,0,0,0,0,0,0,0,0,0,-5,-1,-7,-1,-7,-2,-7,-2,-8,-2,-9,-2,-9,-2,-8,-3,-14,-2,-8,-3,-11,-4,-14,-5,-14,-3,-15,-4,-15,-7,-14,-5,-16,-7,-15,-7,-16,-4,-17,-5,-19,-7,-19,-7,-17,-5,-17,-7,-20,-7,-19,-5,-19,-7,-21,-8,-19,-4,-21,-7,-21,-5,-23,-3,-21,-4,-22,-2,-22,-3,-24,-1,-22,-1,-22,-1,-22,-1,-23,1,-26,0,-23,3,-27,4,-28,1,-28,4,-23,4,-28,8,-29,7,-27,9,-28,10,-28,10,-28,13,-33,9,-29,10,-34,13,-34,15,-30,13,0,0,0,0,0,0,11,36,15,34,17,33,13,33,15,28,14,32,15,28,16,30,13,29,16,29,17,28,15,27,22,26,16,26,16,26,21,23,21,22,21,21,20,24,21,19,23,19,22,21,23,20,23,17,23,19,27,16,22,16,24,15,28,16,27,16,23,16,28,19,27,14,27,15,27,16,29,15,27,15,28,14,27,15,29,14,24,14,26,15,26,13,22,15,22,16,23,13,22,15,20,17,20,15,19,14,19,15,16,13,16,15,14,16,13,16,13,17,11,16,0,0,0,0,0,0,0,0,0,0]"""
1782031928386,2026-06-21T17:52:08.386,safe,posture,mhw,standing_still,t017,"CSI_DATA,534723,1a:00:00:00:00:00,-43,11,-99,14,29,11,514168692,47,2,256,0,""[0,0,0,0,0,0,0,0,0,0,0,0,7,-2,7,-1,8,-1,8,0,8,0,9,-1,9,-1,11,1,13,0,12,1,12,2,14,1,13,2,15,3,15,3,17,3,15,3,18,6,17,4,15,6,14,11,19,7,18,9,17,9,18,12,17,11,17,12,17,13,19,12,20,9,17,12,18,12,18,12,19,12,19,13,22,12,20,13,19,13,19,13,22,13,22,14,22,12,22,14,23,15,22,14,23,13,24,14,24,15,26,14,26,18,23,17,26,19,28,22,24,19,25,22,28,22,26,22,0,0,0,0,0,0,25,-24,29,-23,23,-24,25,-23,28,-25,26,-19,26,-24,28,-23,28,-20,25,-18,24,-19,23,-18,25,-22,25,-20,28,-15,25,-19,23,-17,25,-17,28,-18,24,-20,23,-20,25,-18,20,-18,22,-18,23,-17,24,-22,25,-18,24,-15,28,-15,25,-17,26,-14,28,-15,26,-17,25,-15,29,-15,28,-14,25,-13,28,-12,28,-13,30,-12,29,-9,29,-6,28,-4,29,-4,29,-2,26,-2,26,-1,25,0,23,2,23,1,22,2,22,3,22,4,20,6,18,9,17,9,15,12,0,0,0,0,0,0,0,0,0,0]"""
1782031928398,2026-06-21T17:52:08.398,safe,posture,mhw,standing_still,t017,"CSI_DATA,534724,1a:00:00:00:00:00,-43,11,-99,17,28,11,514179692,47,2,256,0,""[0,0,0,0,0,0,0,0,0,0,0,0,7,-5,3,-3,6,-5,8,-5,8,-5,8,-3,7,-5,10,-5,10,-3,12,-6,12,-6,11,-5,12,-6,12,-6,13,-3,18,-5,13,-6,18,-6,16,-6,15,-5,18,-5,17,-3,21,-7,20,-7,18,-5,21,-6,20,-6,18,-6,22,-5,20,-6,20,-8,18,-7,20,-11,21,-7,21,-11,21,-11,22,-12,22,-12,21,-11,21,-16,18,-13,25,-13,21,-12,21,-17,18,-12,21,-22,22,-16,18,-21,23,-18,22,-22,23,-20,22,-20,23,-21,26,-22,25,-23,22,-23,25,-25,0,0,0,0,0,0,-23,-26,-25,-26,-20,-21,-25,-23,-26,-28,-22,-21,-25,-25,-22,-21,-26,-21,-21,-22,-22,-18,-25,-20,-25,-21,-28,-18,-26,-17,-25,-16,-28,-16,-27,-16,-25,-13,-27,-20,-25,-13,-28,-13,-22,-11,-28,-13,-28,-12,-26,-13,-31,-11,-28,-8,-27,-11,-30,-8,-31,-10,-27,-7,-31,-15,-27,-11,-27,-10,-26,-13,-32,-11,-27,-13,-30,-11,-26,-13,-27,-13,-27,-13,-26,-15,-26,-13,-23,-12,-25,-17,-18,-16,-21,-13,-16,-13,-21,-16,-17,-15,-17,-13,-13,-15,-15,-16,-12,-13,-11,-15,-8,-15,0,0,0,0,0,0,0,0,0,0]"""
1782031928409,2026-06-21T17:52:08.409,safe,posture,mhw,standing_still,t017,"CSI_DATA,534725,1a:00:00:00:00:00,-43,11,-99,17,28,11,514190692,47,2,256,0,""[0,0,0,0,0,0,0,0,0,0,0,0,0,-7,1,-5,-2,-10,-1,-7,-1,-10,0,-8,0,-10,-2,-11,-1,-10,-2,-12,0,-11,-2,-11,-2,-12,-1,-16,-2,-12,-1,-17,-3,-15,-2,-18,-2,-16,-2,-17,-6,-20,-3,-18,-5,-21,-3,-21,-5,-18,-6,-20,-3,-21,-7,-18,-8,-22,-6,-18,-11,-21,-10,-16,-12,-20,-11,-17,-13,-17,-15,-18,-16,-18,-16,-16,-17,-17,-20,-17,-18,-13,-22,-18,-18,-15,-23,-13,-17,-11,-25,-11,-26,-13,-27,-7,-28,-10,-30,-11,-27,-10,-30,-11,-31,-8,-33,-8,-33,-7,-31,-6,-35,-2,0,0,0,0,0,0,-2,33,-2,39,0,31,0,33,0,41,0,31,2,37,3,31,3,37,5,28,5,31,11,31,10,31,13,32,10,26,12,27,16,26,16,27,15,22,18,28,17,22,20,27,16,17,20,21,22,20,22,20,27,22,23,18,25,18,28,16,27,20,26,13,30,21,25,15,27,15,22,13,30,13,26,13,28,10,27,13,26,13,23,15,26,15,26,12,22,12,26,13,20,15,27,11,18,8,21,10,21,11,21,10,18,10,20,12,13,10,15,11,13,12,0,0,0,0,0,0,0,0,0,0]"""
1782031928419,2026-06-21T17:52:08.419,safe,posture,mhw,standing_still,t017,"CSI_DATA,534726,1a:00:00:00:00:00,-43,11,-99,17,28,11,514201692,47,2,256,0,""[0,0,0,0,0,0,0,0,0,0,0,0,7,1,8,0,8,1,10,2,8,1,10,-1,12,1,10,3,13,0,10,1,13,2,15,1,15,1,16,-1,17,2,15,1,18,0,15,2,17,1,17,1,17,1,21,0,16,3,20,-1,20,0,20,-1,22,-1,26,0,17,-1,21,-5,20,-1,25,-6,21,-3,22,-6,21,-7,22,-8,20,-8,22,-11,20,-11,18,-11,25,-12,17,-16,22,-17,21,-16,23,-18,20,-16,18,-20,18,-20,18,-23,20,-23,18,-26,17,-27,20,-28,16,-26,16,-28,17,-32,18,-30,0,0,0,0,0,0,-35,-18,-28,-15,-35,-13,-30,-13,-28,-10,-32,-16,-28,-8,-36,-11,-28,-8,-33,-8,-31,-5,-28,-7,-33,-2,-28,-5,-30,-2,-31,1,-31,3,-30,2,-32,1,-25,5,-30,7,-28,5,-31,7,-30,8,-28,7,-30,11,-25,10,-26,12,-27,13,-26,15,-26,11,-32,15,-22,15,-26,17,-26,15,-31,20,-26,13,-25,18,-26,16,-26,16,-22,15,-26,18,-22,16,-22,15,-25,13,-20,15,-22,15,-22,12,-23,12,-18,10,-21,11,-20,7,-21,11,-17,7,-18,8,-18,7,-18,6,0,0,0,0,0,0,0,0,0,0]"""
1782031928430,2026-06-21T17:52:08.430,safe,posture,mhw,standing_still,t017,"CSI_DATA,534727,1a:00:00:00:00:00,-43,11,-99,14,29,11,514212692,47,2,256,0,""[0,0,0,0,0,0,0,0,0,0,0,0,-7,-2,-7,-3,-7,-2,-8,-4,-7,-2,-8,-3,-11,-6,-7,-4,-13,-3,-8,-6,-12,-4,-13,-4,-12,-6,-13,-4,-14,-8,-13,-6,-17,-6,-13,-6,-19,-6,-17,-9,-15,-11,-18,-8,-17,-8,-19,-4,-20,-6,-20,-6,-18,-6,-22,-7,-17,-6,-22,-3,-19,-6,-26,-4,-22,-6,-22,-4,-23,-4,-23,-1,-20,0,-24,2,-24,2,-23,3,-26,0,-22,7,-25,7,-25,4,-33,9,-26,3,-26,9,-29,7,-24,9,-26,11,-28,18,-25,18,-31,15,-28,14,-25,22,-30,18,-29,17,0,0,0,0,0,0,20,29,18,25,25,31,19,29,18,22,23,29,19,22,26,28,20,20,25,28,24,24,19,22,24,22,23,18,26,18,25,15,26,14,25,12,28,19,24,8,31,11,28,11,31,11,29,11,26,9,28,8,25,7,29,3,31,1,29,3,28,3,34,7,26,-1,31,1,30,2,39,1,29,6,31,2,30,4,29,4,28,3,30,1,29,1,26,-1,28,4,24,0,28,1,24,4,29,4,23,6,23,6,20,7,22,6,19,8,19,7,18,6,17,8,0,0,0,0,0,0,0,0,0,0]"""
1782031928440,2026-06-21T17:52:08.440,safe,posture,mhw,standing_still,t017,"CSI_DATA,534728,1a:00:00:00:00:00,-43,11,-99,18,28,11,514223692,47,2,256,0,""[0,0,0,0,0,0,0,0,0,0,0,0,1,8,1,7,0,8,1,9,2,9,1,11,0,12,0,9,0,11,0,9,2,15,1,14,1,14,3,14,0,14,0,15,1,19,2,15,0,19,2,22,2,18,-1,19,1,17,3,20,2,20,2,19,1,19,4,22,1,20,4,22,4,20,6,25,3,23,4,22,7,22,6,20,7,20,11,23,9,23,11,19,12,20,12,19,15,23,17,22,19,25,15,23,17,24,18,22,17,20,20,22,24,20,23,22,23,23,26,25,28,20,28,23,26,24,0,0,0,0,0,0,23,-26,18,-26,20,-33,20,-29,17,-24,20,-28,17,-28,18,-30,13,-28,18,-33,15,-31,13,-28,13,-25,12,-26,9,-33,8,-29,6,-30,6,-26,7,-29,7,-26,4,-33,3,-29,3,-34,4,-30,1,-30,3,-29,0,-29,-3,-31,-2,-33,-3,-30,-2,-28,0,-33,-2,-26,-3,-31,-2,-29,-2,-36,-1,-33,-1,-30,-1,-31,1,-26,-1,-28,-3,-33,-2,-29,-3,-24,-1,-25,0,-25,0,-26,1,-25,3,-28,4,-24,4,-22,3,-22,3,-18,4,-19,4,-20,4,-18,4,-15,0,0,0,0,0,0,0,0,0,0]"""
1782031928454,2026-06-21T17:52:08.454,safe,posture,mhw,standing_still,t017,"CSI_DATA,534729,1a:00:00:00:00:00,-43,11,-99,17,28,11,514234692,47,2,256,0,""[0,0,0,0,0,0,0,0,0,0,0,0,0,-7,0,-7,2,-10,1,-8,3,-10,5,-7,3,-8,3,-10,5,-10,6,-13,6,-12,6,-12,6,-11,8,-13,7,-11,13,-12,10,-13,12,-13,11,-11,11,-11,12,-12,13,-12,16,-15,16,-13,15,-11,16,-13,16,-12,15,-11,21,-13,17,-13,18,-11,17,-11,17,-15,18,-12,18,-15,20,-13,20,-16,20,-12,21,-13,21,-16,18,-15,23,-15,22,-15,20,-17,18,-13,22,-20,23,-16,18,-21,23,-16,23,-21,23,-16,26,-16,26,-16,30,-20,27,-18,25,-18,28,-21,0,0,0,0,0,0,-17,-30,-17,-32,-16,-28,-17,-30,-16,-33,-13,-28,-15,-33,-11,-27,-13,-32,-11,-28,-12,-27,-16,-28,-12,-26,-16,-31,-12,-27,-12,-26,-13,-30,-13,-28,-11,-23,-13,-31,-13,-26,-12,-28,-10,-25,-13,-25,-15,-27,-11,-26,-13,-30,-13,-26,-13,-30,-13,-28,-11,-28,-12,-26,-10,-33,-10,-28,-10,-30,-6,-27,-10,-31,-6,-30,-7,-30,-3,-28,-3,-30,-1,-28,0,-28,0,-30,1,-26,5,-28,5,-25,3,-27,6,-20,3,-25,7,-21,6,-21,10,-18,10,-18,12,-16,11,-13,12,-12,0,0,0,0,0,0,0,0,0,0]"""
1782031928462,2026-06-21T17:52:08.462,safe,posture,mhw,standing_still,t017,"CSI_DATA,534730,1a:00:00:00:00:00,-43,11,-99,18,28,11,514245692,47,2,256,0,""[0,0,0,0,0,0,0,0,0,0,0,0,4,6,6,7,4,4,6,6,4,7,6,9,6,9,4,9,7,12,6,11,4,12,4,12,6,12,4,14,3,18,3,14,4,17,1,15,3,17,1,17,-2,18,4,20,1,18,0,18,-2,22,-1,20,-2,20,-2,23,0,19,-1,22,-3,19,0,22,-2,22,-1,23,0,23,-1,25,-1,23,-2,23,-2,23,-2,25,-3,26,-1,25,-1,26,-4,28,-2,28,-2,26,-1,29,-3,28,0,30,-4,33,-3,29,-4,33,-6,33,-7,31,-6,35,-6,35,-6,34,0,0,0,0,0,0,35,11,33,13,31,11,33,13,33,13,33,17,29,11,31,14,28,17,29,14,29,12,25,14,34,12,28,13,24,15,29,14,29,13,26,15,26,18,25,12,28,12,25,15,26,13,26,12,25,15,29,13,26,13,25,14,26,17,25,17,25,18,25,20,24,15,25,17,23,20,24,22,22,19,24,19,23,22,23,22,18,22,17,23,18,23,14,23,13,26,14,22,11,23,9,25,8,24,7,23,6,22,4,23,2,20,2,22,-2,19,-2,20,-4,19,0,0,0,0,0,0,0,0,0,0]"""
1782031928475,2026-06-21T17:52:08.475,safe,posture,mhw,standing_still,t017,"CSI_DATA,534731,1a:00:00:00:00:00,-43,11,-99,17,28,11,514256692,47,2,256,0,""[0,0,0,0,0,0,0,0,0,0,0,0,6,3,7,3,7,2,8,5,7,1,10,5,10,6,7,5,11,3,11,6,13,5,13,5,13,5,13,5,15,7,15,6,16,5,16,5,16,6,18,5,17,5,20,3,17,5,21,3,21,3,20,2,20,3,23,6,20,0,21,-2,20,0,25,-1,21,0,22,-1,23,-2,22,-5,21,-2,22,-7,21,-8,20,-10,25,-10,20,-15,22,-16,22,-15,25,-17,22,-15,21,-20,22,-20,20,-20,21,-22,18,-26,17,-27,22,-26,18,-26,16,-31,18,-31,17,-28,0,0,0,0,0,0,-35,-15,-32,-12,-35,-13,-32,-12,-28,-8,-32,-12,-30,-6,-36,-8,-30,-6,-32,-6,-31,-5,-31,-6,-33,-1,-28,-1,-32,2,-32,3,-30,6,-27,6,-32,5,-26,10,-28,12,-28,8,-27,11,-27,13,-26,11,-26,15,-25,12,-23,18,-23,18,-21,18,-22,17,-27,20,-18,21,-21,22,-21,21,-23,23,-22,21,-20,22,-22,21,-20,21,-20,21,-18,23,-18,22,-16,21,-21,21,-15,21,-17,22,-17,18,-18,18,-16,12,-16,17,-15,15,-13,16,-15,13,-15,13,-13,11,-17,12,0,0,0,0,0,0,0,0,0,0]"""
1782031928485,2026-06-21T17:52:08.485,safe,posture,mhw,standing_still,t017,"CSI_DATA,534732,1a:00:00:00:00:00,-43,11,-99,19,28,11,514267692,47,2,256,0,""[0,0,0,0,0,0,0,0,0,0,0,0,-7,-3,-7,-3,-5,-3,-7,-7,-8,-4,-8,-5,-9,-8,-5,-5,-11,-4,-8,-7,-11,-5,-14,-8,-13,-7,-11,-5,-14,-9,-13,-7,-17,-8,-16,-8,-17,-9,-15,-10,-13,-13,-17,-8,-17,-10,-20,-7,-20,-7,-19,-7,-19,-7,-21,-9,-16,-3,-22,-4,-20,-3,-27,-4,-21,-5,-22,-3,-24,-4,-22,-2,-21,0,-24,2,-24,2,-23,4,-26,2,-20,10,-24,11,-27,8,-32,10,-27,7,-27,10,-28,9,-26,13,-26,14,-27,20,-24,17,-27,17,-28,20,-23,26,-27,22,-26,24,0,0,0,0,0,0,24,28,23,21,32,26,24,24,20,15,28,23,26,15,32,21,26,16,30,20,30,17,23,17,30,13,27,14,30,11,30,9,32,5,28,7,30,8,24,1,32,0,30,0,34,1,30,1,29,2,30,-1,29,0,29,-5,30,-5,28,-8,27,-4,33,-5,24,-10,29,-14,29,-9,35,-11,30,-7,29,-9,30,-5,26,-9,27,-8,28,-14,26,-13,23,-10,26,-7,23,-11,26,-11,24,-9,28,-7,21,-4,23,-4,22,-2,21,-3,21,0,20,-3,20,-3,21,0,0,0,0,0,0,0,0,0,0,0]"""
1782031928495,2026-06-21T17:52:08.495,safe,posture,mhw,standing_still,t017,"CSI_DATA,534733,1a:00:00:00:00:00,-43,11,-99,17,28,11,514278692,47,2,256,0,""[0,0,0,0,0,0,0,0,0,0,0,0,7,-1,7,-1,8,1,10,0,10,-1,11,-1,11,0,11,1,13,1,10,2,12,2,12,1,15,2,15,1,17,3,13,2,18,3,16,3,17,5,17,5,15,3,22,5,16,6,17,6,18,8,18,6,20,8,21,8,18,6,22,7,20,8,22,6,22,8,21,7,22,8,22,6,21,5,22,5,23,3,23,5,25,8,22,2,27,2,27,6,30,2,25,5,30,2,27,7,30,3,30,3,32,1,33,2,36,3,31,5,36,2,37,5,33,7,0,0,0,0,0,0,7,-37,8,-35,7,-37,8,-35,7,-31,10,-35,7,-28,7,-35,7,-31,6,-35,5,-32,8,-28,3,-33,5,-31,6,-30,2,-31,2,-31,2,-31,6,-33,0,-26,0,-32,3,-28,1,-31,1,-30,2,-27,0,-32,2,-27,-1,-30,0,-31,-1,-28,1,-30,3,-35,-1,-26,-1,-31,2,-30,2,-35,5,-28,1,-31,5,-30,5,-31,5,-26,5,-28,6,-28,6,-26,10,-26,6,-23,8,-25,11,-22,12,-25,12,-20,11,-21,12,-17,11,-17,13,-16,12,-13,13,-13,16,-12,0,0,0,0,0,0,0,0,0,0]"""
1782031928507,2026-06-21T17:52:08.507,safe,posture,mhw,standing_still,t017,"CSI_DATA,534734,1a:00:00:00:00:00,-45,11,-99,16,30,11,514289692,47,2,256,0,""[0,0,0,0,0,0,0,0,0,0,0,0,3,-6,3,-7,4,-6,3,-8,2,-9,5,-8,5,-9,5,-9,6,-11,6,-9,6,-12,7,-12,6,-12,7,-14,9,-14,7,-13,8,-16,7,-14,8,-16,10,-17,9,-17,8,-18,8,-16,8,-17,8,-18,6,-18,8,-18,10,-19,6,-17,6,-22,8,-19,6,-23,5,-20,4,-22,5,-22,1,-22,2,-22,1,-23,-1,-23,0,-24,0,-26,-5,-22,-5,-26,-3,-26,-6,-27,-4,-24,-9,-26,-7,-28,-10,-27,-10,-27,-12,-29,-13,-30,-13,-32,-13,-27,-17,-29,-17,-30,-14,-27,0,0,0,0,0,0,-32,17,-29,15,-31,19,-31,16,-27,17,-30,17,-25,19,-28,23,-26,17,-27,20,-24,21,-24,19,-21,24,-21,20,-21,22,-19,24,-18,24,-18,24,-20,25,-12,24,-13,27,-15,26,-13,26,-12,26,-12,25,-10,28,-10,24,-8,26,-9,29,-7,29,-9,27,-10,32,-5,27,-6,31,-7,28,-6,33,-8,28,-5,30,-7,29,-6,30,-5,26,-7,27,-6,28,-5,26,-9,26,-5,25,-7,26,-7,23,-8,25,-7,19,-9,22,-8,18,-8,19,-10,18,-10,17,-10,16,-11,16,0,0,0,0,0,0,0,0,0,0]"""
1782031928517,2026-06-21T17:52:08.517,safe,posture,mhw,standing_still,t017,"CSI_DATA,534735,1a:00:00:00:00:00,-43,11,-99,18,28,11,514300692,47,2,256,0,""[0,0,0,0,0,0,0,0,0,0,0,0,-3,6,-4,6,-6,6,-6,7,-7,8,-7,6,-7,7,-8,7,-8,6,-8,8,-9,9,-12,8,-11,7,-11,9,-13,7,-17,7,-14,8,-14,8,-17,7,-18,6,-22,8,-17,4,-19,8,-18,7,-18,4,-19,6,-19,4,-19,6,-22,4,-20,7,-22,4,-20,4,-22,6,-20,4,-22,7,-22,4,-23,3,-24,7,-25,7,-24,7,-24,7,-25,7,-26,4,-23,11,-23,6,-28,11,-26,8,-25,13,-28,9,-28,8,-29,8,-29,7,-31,8,-33,8,-33,9,-31,7,-36,11,0,0,0,0,0,0,6,35,6,35,9,33,6,34,6,34,4,30,4,37,3,33,3,34,2,34,4,30,6,35,2,30,6,30,4,30,6,29,4,33,4,29,4,26,3,31,6,30,7,30,6,29,3,29,7,30,3,28,7,31,6,30,4,30,6,31,4,30,4,29,2,33,2,31,3,30,-1,30,4,33,-1,31,0,31,-2,29,-4,30,-3,29,-6,28,-6,28,-4,26,-9,26,-9,23,-7,25,-11,19,-11,24,-13,19,-11,19,-13,17,-13,17,-13,14,-14,12,-13,11,0,0,0,0,0,0,0,0,0,0]"""
1782031928531,2026-06-21T17:52:08.531,safe,posture,mhw,standing_still,t017,"CSI_DATA,534736,1a:00:00:00:00:00,-43,11,-99,19,28,11,514311692,47,2,256,0,""[0,0,0,0,0,0,0,0,0,0,0,0,-3,-4,-4,-7,-4,-5,-3,-8,-4,-8,-5,-8,-4,-9,-2,-9,-5,-11,-2,-10,-2,-13,-2,-14,-3,-14,-1,-15,-1,-19,-1,-15,-2,-17,1,-16,0,-16,-1,-19,1,-20,0,-21,3,-19,2,-19,4,-21,3,-21,5,-20,5,-23,2,-20,2,-22,5,-20,5,-23,4,-22,2,-21,4,-24,3,-24,5,-20,3,-23,5,-24,3,-23,7,-24,2,-26,3,-27,4,-26,7,-28,4,-26,3,-29,4,-27,4,-30,7,-30,5,-30,7,-33,9,-34,7,-28,8,-33,8,-35,8,-35,0,0,0,0,0,0,-39,-13,-32,-16,-34,-14,-30,-14,-30,-15,-35,-19,-29,-11,-30,-19,-27,-15,-28,-14,-28,-14,-24,-15,-32,-13,-26,-16,-28,-17,-28,-14,-28,-14,-27,-15,-28,-19,-24,-11,-27,-11,-26,-16,-26,-11,-27,-11,-26,-13,-29,-13,-26,-16,-26,-14,-27,-16,-28,-14,-23,-17,-27,-19,-26,-14,-26,-16,-23,-17,-28,-20,-23,-19,-23,-20,-23,-20,-22,-21,-17,-21,-19,-21,-17,-23,-19,-23,-15,-24,-14,-21,-14,-23,-10,-23,-8,-22,-7,-20,-7,-21,-4,-21,-5,-21,-2,-19,-1,-20,-1,-20,2,-20,0,0,0,0,0,0,0,0,0,0]"""
1782031928540,2026-06-21T17:52:08.540,safe,posture,mhw,standing_still,t017,"CSI_DATA,534737,1a:00:00:00:00:00,-43,11,-99,19,28,11,514322692,47,2,256,0,""[0,0,0,0,0,0,0,0,0,0,0,0,2,7,1,8,2,8,1,9,1,10,0,9,-1,10,1,10,-2,13,-3,11,-2,14,-3,15,-3,14,-5,14,-7,15,-4,14,-4,17,-9,16,-8,16,-8,14,-10,11,-8,20,-11,16,-11,16,-14,16,-15,16,-11,15,-15,17,-13,15,-13,16,-14,16,-15,17,-13,17,-14,17,-15,16,-15,19,-15,16,-15,17,-14,17,-16,17,-20,17,-15,20,-17,21,-21,19,-20,19,-16,16,-19,22,-20,21,-20,23,-22,22,-21,21,-23,23,-26,22,-23,22,-23,23,-28,24,-24,22,0,0,0,0,0,0,22,32,19,29,21,30,17,32,17,30,16,30,15,28,16,30,13,28,13,32,15,28,11,27,16,30,13,28,10,29,11,28,14,28,11,28,13,29,13,26,15,28,11,28,11,26,11,27,9,27,14,29,9,29,9,27,9,32,10,27,8,28,9,34,9,27,9,30,5,30,5,33,3,29,7,29,2,30,1,32,-1,28,-1,29,-2,29,-2,28,-8,28,-3,24,-5,27,-8,24,-10,22,-11,19,-9,20,-13,19,-10,20,-14,15,-14,13,-15,13,-16,10,0,0,0,0,0,0,0,0,0,0]"""
1782031928550,2026-06-21T17:52:08.550,safe,posture,mhw,standing_still,t017,"CSI_DATA,534738,1a:00:00:00:00:00,-43,11,-99,17,28,11,514334069,47,2,256,0,""[0,0,0,0,0,0,0,0,0,0,0,0,7,1,8,2,6,2,10,3,8,1,8,3,11,5,8,5,12,5,8,5,12,6,12,6,12,6,13,7,13,7,11,8,15,8,13,7,16,10,15,12,12,10,17,12,12,12,16,12,16,13,15,12,16,13,18,13,15,10,20,12,16,13,21,15,17,16,17,12,18,12,18,12,17,11,22,10,21,11,20,8,22,11,22,5,28,7,27,10,30,12,22,8,26,8,27,12,26,8,27,10,33,6,31,5,31,10,30,10,33,3,39,5,35,8,0,0,0,0,0,0,11,-36,8,-32,8,-39,8,-36,7,-28,7,-36,5,-28,7,-37,5,-31,8,-35,7,-33,8,-28,5,-32,6,-27,3,-31,2,-31,2,-30,2,-28,3,-32,-1,-26,-3,-32,0,-28,-1,-32,1,-30,2,-28,0,-30,1,-26,-3,-31,-1,-31,-3,-30,-2,-28,-1,-33,-5,-26,-7,-30,-2,-30,-2,-39,2,-30,0,-30,3,-31,2,-28,1,-27,-1,-31,1,-28,2,-26,3,-27,-1,-25,2,-26,5,-23,8,-28,7,-20,7,-22,8,-18,8,-18,11,-16,8,-18,8,-16,11,-16,0,0,0,0,0,0,0,0,0,0]"""
1782031928562,2026-06-21T17:52:08.562,safe,posture,mhw,standing_still,t017,"CSI_DATA,534739,1a:00:00:00:00:00,-43,11,-99,17,28,11,514344692,47,2,256,0,""[0,0,0,0,0,0,0,0,0,0,0,0,2,-6,2,-8,3,-6,5,-7,5,-8,3,-8,2,-8,2,-10,5,-12,6,-8,6,-11,6,-13,6,-12,6,-16,6,-15,6,-13,5,-17,6,-15,6,-16,7,-16,8,-17,3,-20,5,-20,5,-17,5,-20,5,-21,5,-20,5,-22,2,-21,1,-22,2,-21,2,-21,-1,-22,-1,-22,-1,-23,-3,-25,-2,-21,-5,-23,-5,-25,-5,-23,-8,-26,-11,-21,-11,-23,-12,-23,-12,-23,-11,-22,-17,-23,-16,-23,-20,-23,-18,-26,-18,-23,-23,-25,-21,-25,-21,-25,-23,-22,-26,-25,-25,-22,0,0,0,0,0,0,-22,28,-22,27,-20,28,-18,28,-18,27,-22,30,-16,28,-15,31,-15,30,-13,28,-11,28,-12,28,-8,32,-8,31,-10,27,-7,31,-5,31,-5,28,-5,32,0,28,1,30,1,31,1,28,3,27,2,30,7,32,6,30,5,27,6,31,8,28,7,31,8,32,12,27,12,28,11,27,13,28,11,27,13,26,11,27,12,28,11,27,10,26,11,28,10,25,10,27,10,23,11,25,7,25,7,23,10,20,8,21,7,20,7,20,5,22,2,18,1,20,2,18,0,0,0,0,0,0,0,0,0,0]"""
1782031928575,2026-06-21T17:52:08.575,safe,posture,mhw,standing_still,t017,"CSI_DATA,534740,1a:00:00:00:00:00,-43,11,-99,18,28,11,514355692,47,2,256,0,""[0,0,0,0,0,0,0,0,0,0,0,0,7,0,7,1,7,0,9,2,8,1,11,2,9,3,8,3,12,3,9,4,13,3,13,4,13,6,13,7,14,7,13,4,17,7,14,6,17,9,18,11,14,9,15,12,13,12,17,11,18,13,17,12,15,12,18,13,15,11,19,12,17,11,23,17,18,14,17,14,19,14,18,13,17,12,23,11,19,11,20,11,22,13,22,6,26,9,24,11,31,14,22,13,25,13,26,15,24,9,26,11,33,11,29,9,33,15,29,15,34,11,33,14,29,14,0,0,0,0,0,0,17,-31,13,-25,18,-36,17,-31,13,-24,18,-33,13,-25,18,-33,12,-25,20,-31,18,-29,17,-22,15,-28,15,-24,14,-30,12,-26,13,-29,11,-26,15,-28,7,-25,9,-33,7,-26,12,-31,13,-29,13,-26,12,-26,11,-24,7,-29,8,-29,9,-29,8,-25,13,-30,6,-25,8,-33,12,-28,15,-36,15,-28,14,-26,17,-26,14,-23,15,-22,14,-26,15,-24,14,-20,17,-19,13,-20,17,-23,17,-18,23,-19,18,-13,19,-12,19,-8,17,-12,17,-7,19,-12,17,-8,17,-6,0,0,0,0,0,0,0,0,0,0]"""
1782031928584,2026-06-21T17:52:08.584,safe,posture,mhw,standing_still,t017,"CSI_DATA,534741,1a:00:00:00:00:00,-43,11,-99,18,28,11,514366692,47,2,256,0,""[0,0,0,0,0,0,0,0,0,0,0,0,4,-6,2,-8,3,-6,6,-8,3,-7,4,-9,6,-8,7,-7,6,-11,6,-8,8,-11,7,-12,6,-12,7,-13,9,-15,7,-12,9,-15,8,-13,9,-18,12,-15,13,-13,8,-17,11,-14,11,-18,9,-18,9,-19,8,-18,12,-19,7,-15,8,-20,8,-18,9,-24,9,-19,8,-20,8,-23,7,-22,4,-19,3,-24,3,-24,0,-22,3,-25,-1,-24,-1,-28,0,-28,-2,-33,0,-26,-4,-28,-1,-29,-4,-26,-6,-30,-11,-33,-9,-30,-7,-33,-11,-31,-12,-31,-12,-33,-11,-34,0,0,0,0,0,0,-34,13,-29,11,-36,15,-34,11,-25,11,-34,13,-26,13,-33,17,-25,14,-31,17,-29,18,-28,13,-25,18,-23,14,-25,19,-24,23,-20,23,-19,19,-25,20,-14,20,-19,26,-17,22,-19,28,-19,23,-18,22,-15,25,-14,22,-13,26,-13,28,-14,28,-12,25,-15,30,-8,25,-11,30,-13,28,-14,36,-17,25,-12,29,-15,28,-12,26,-11,25,-11,30,-11,28,-9,23,-14,23,-8,22,-12,25,-13,22,-15,24,-13,17,-14,18,-14,15,-11,17,-12,13,-12,17,-12,14,-13,13,0,0,0,0,0,0,0,0,0,0]"""
1782031928595,2026-06-21T17:52:08.595,safe,posture,mhw,standing_still,t017,"CSI_DATA,534742,1a:00:00:00:00:00,-43,11,-99,18,28,11,514377692,47,2,256,0,""[0,0,0,0,0,0,0,0,0,0,0,0,-6,3,-8,6,-4,3,-8,4,-6,3,-9,4,-9,6,-7,4,-8,7,-11,4,-13,7,-13,7,-13,7,-12,8,-15,9,-12,6,-17,11,-13,9,-17,8,-15,9,-13,6,-17,7,-15,6,-17,12,-17,12,-15,9,-17,9,-19,12,-14,12,-19,14,-17,12,-23,15,-19,13,-17,12,-18,14,-17,14,-15,14,-17,19,-14,18,-13,17,-19,18,-11,20,-14,25,-14,22,-17,30,-17,20,-12,25,-18,24,-11,22,-12,26,-11,33,-7,28,-12,30,-12,30,-6,33,-13,33,-11,34,0,0,0,0,0,0,34,9,30,8,41,11,33,11,26,6,36,8,30,6,36,6,29,4,37,7,34,4,30,7,30,2,28,4,35,1,31,-1,31,-1,28,-1,31,0,23,-4,31,-7,28,-4,35,-7,33,-3,29,-3,28,-6,26,-3,29,-12,29,-9,28,-11,25,-9,33,-7,24,-12,28,-13,28,-12,37,-14,31,-8,29,-11,31,-7,26,-7,26,-7,31,-13,25,-11,23,-8,26,-4,23,-9,26,-9,24,-4,31,-4,24,-1,23,-2,22,1,20,0,20,0,20,0,18,1,19,2,0,0,0,0,0,0,0,0,0,0]"""
1782031928607,2026-06-21T17:52:08.607,safe,posture,mhw,standing_still,t017,"CSI_DATA,534743,1a:00:00:00:00:00,-43,11,-99,23,27,11,514388692,47,2,256,0,""[0,0,0,0,0,0,0,0,0,0,0,0,7,4,3,5,4,7,7,7,4,7,7,8,7,8,7,8,8,10,7,10,8,10,9,13,8,11,8,11,8,14,9,13,8,14,9,14,7,14,11,14,11,14,10,16,10,17,9,16,10,17,10,16,9,20,10,20,11,20,14,16,13,19,14,16,11,16,13,17,16,16,19,17,17,17,14,16,17,16,19,17,20,17,21,15,21,15,23,17,21,14,21,13,26,13,27,11,28,14,29,13,26,13,28,14,29,15,30,14,32,13,32,13,30,13,0,0,0,0,0,0,14,-34,17,-33,14,-27,11,-33,11,-35,15,-28,11,-33,10,-30,11,-33,9,-30,10,-29,7,-30,4,-35,7,-30,8,-28,5,-32,3,-30,4,-33,4,-30,2,-30,-1,-29,1,-32,0,-26,-1,-28,-2,-29,-4,-32,-3,-32,-2,-28,-3,-32,-4,-29,-2,-32,-4,-33,-5,-32,-4,-29,-3,-30,-3,-28,-4,-29,-5,-29,-4,-30,-4,-32,-4,-30,0,-28,-1,-29,0,-29,1,-28,0,-28,1,-27,1,-26,1,-23,1,-23,1,-21,2,-22,3,-20,4,-22,7,-19,8,-19,7,-16,0,0,0,0,0,0,0,0,0,0]"""
1782031928619,2026-06-21T17:52:08.619,safe,posture,mhw,standing_still,t017,"CSI_DATA,534744,1a:00:00:00:00:00,-43,11,-99,17,28,11,514399692,47,2,256,0,""[0,0,0,0,0,0,0,0,0,0,0,0,-6,-2,-7,-3,-7,-3,-7,-3,-7,-5,-10,-3,-7,-6,-10,-6,-8,-7,-10,-7,-10,-8,-11,-7,-10,-7,-10,-10,-10,-12,-10,-15,-10,-13,-10,-13,-10,-13,-8,-17,-12,-17,-7,-15,-10,-18,-10,-17,-10,-17,-6,-18,-6,-18,-6,-17,-3,-22,-5,-21,-6,-21,-6,-18,-6,-22,-5,-21,-8,-20,-5,-22,-6,-22,-5,-23,-6,-22,-8,-23,-7,-22,-6,-27,-3,-25,-7,-27,-6,-22,-8,-30,-7,-27,-11,-26,-6,-28,-6,-30,-5,-31,-6,-31,-3,-30,-2,-33,-2,-33,-2,-32,-3,-35,0,0,0,0,0,0,-33,-1,-37,0,-32,0,-35,-2,-36,-2,-32,-5,-35,-3,-32,-2,-35,-7,-31,-6,-32,-6,-31,-3,-28,-7,-32,-2,-30,-5,-28,-3,-31,-3,-30,-5,-25,-5,-31,-7,-27,-6,-31,-7,-28,-5,-27,-6,-31,-6,-27,-8,-31,-6,-31,-5,-30,-8,-31,-7,-27,-10,-26,-8,-30,-13,-26,-11,-27,-12,-25,-12,-27,-13,-25,-16,-27,-15,-23,-18,-25,-18,-22,-20,-21,-21,-21,-20,-16,-18,-17,-25,-13,-22,-15,-21,-11,-20,-12,-21,-8,-20,-8,-21,-5,-20,-3,-21,-3,-20,-1,-17,1,-18,0,0,0,0,0,0,0,0,0,0]"""
1782031928629,2026-06-21T17:52:08.629,safe,posture,mhw,standing_still,t017,"CSI_DATA,534745,1a:00:00:00:00:00,-43,11,-99,17,28,11,514410692,47,2,256,0,""[0,0,0,0,0,0,0,0,0,0,0,0,-2,8,-2,6,-3,8,-5,8,-5,8,-2,6,-2,8,-7,11,-6,11,-6,12,-8,11,-7,11,-7,10,-10,12,-8,10,-12,13,-8,12,-13,13,-10,11,-7,13,-8,13,-13,16,-15,16,-13,13,-16,15,-13,15,-15,16,-12,15,-17,16,-13,15,-15,15,-12,13,-13,17,-12,18,-13,20,-13,20,-15,22,-15,18,-13,20,-13,23,-12,21,-15,23,-15,20,-12,25,-11,18,-10,25,-12,25,-7,27,-10,28,-12,30,-13,27,-15,30,-12,27,-12,33,-15,32,-12,31,-11,35,0,0,0,0,0,0,31,13,39,16,27,11,33,12,37,13,27,13,35,15,28,10,33,16,26,10,27,10,31,10,32,8,33,7,28,10,28,8,31,7,30,8,27,7,32,7,28,5,33,7,23,3,28,3,30,3,31,1,33,5,28,2,31,3,32,2,32,2,28,1,36,5,30,2,32,5,25,2,31,1,30,3,31,1,32,5,31,6,27,7,28,8,30,10,25,6,28,10,20,11,26,10,16,7,21,10,20,11,21,8,18,12,18,11,13,13,12,13,12,13,0,0,0,0,0,0,0,0,0,0]"""
1782031928641,2026-06-21T17:52:08.641,safe,posture,mhw,standing_still,t017,"CSI_DATA,534746,1a:00:00:00:00:00,-43,11,-99,17,28,11,514421692,47,2,256,0,""[0,0,0,0,0,0,0,0,0,0,0,0,2,-7,3,-6,5,-7,3,-6,5,-8,3,-7,5,-7,6,-8,6,-10,7,-12,7,-8,10,-10,10,-11,10,-11,11,-11,12,-12,11,-11,13,-13,10,-11,13,-12,16,-12,13,-13,17,-13,16,-12,16,-12,16,-13,17,-12,16,-12,18,-15,15,-13,17,-12,15,-13,16,-15,17,-16,15,-17,17,-17,17,-17,18,-16,18,-16,17,-20,16,-18,18,-21,16,-18,18,-22,15,-17,15,-21,17,-22,15,-23,17,-25,17,-26,17,-23,20,-26,20,-26,20,-27,20,-28,18,-26,18,-30,0,0,0,0,0,0,-27,-22,-26,-25,-23,-18,-27,-23,-30,-23,-21,-22,-26,-22,-26,-21,-27,-23,-22,-16,-26,-17,-23,-20,-30,-18,-27,-18,-22,-20,-25,-18,-27,-16,-23,-17,-23,-16,-27,-17,-26,-11,-28,-17,-23,-11,-23,-11,-26,-15,-28,-11,-28,-15,-25,-13,-28,-15,-28,-12,-27,-16,-26,-15,-30,-15,-26,-11,-27,-16,-25,-12,-26,-13,-25,-15,-27,-13,-27,-18,-23,-17,-22,-18,-23,-18,-21,-21,-20,-18,-21,-20,-15,-17,-20,-20,-12,-16,-15,-18,-12,-20,-12,-18,-12,-17,-10,-21,-6,-16,-6,-18,-5,-18,0,0,0,0,0,0,0,0,0,0]"""
1782031928651,2026-06-21T17:52:08.651,safe,posture,mhw,standing_still,t017,"CSI_DATA,534747,1a:00:00:00:00:00,-43,11,-99,18,28,11,514432692,47,2,256,0,""[0,0,0,0,0,0,0,0,0,0,0,0,-4,-6,-4,-7,-6,-7,-4,-7,-6,-8,-4,-8,-4,-6,-6,-9,-7,-9,-7,-11,-4,-8,-6,-11,-7,-12,-7,-13,-8,-13,-8,-15,-11,-12,-9,-15,-8,-13,-8,-12,-9,-14,-14,-15,-12,-18,-11,-14,-12,-17,-12,-17,-12,-18,-13,-17,-14,-18,-13,-13,-15,-15,-13,-13,-17,-12,-15,-13,-20,-12,-19,-13,-22,-13,-20,-13,-20,-12,-23,-11,-20,-9,-25,-9,-24,-9,-28,-7,-20,-7,-25,-3,-28,-4,-29,0,-33,-3,-31,-3,-28,-4,-33,-6,-33,-2,-34,-3,-34,-2,-31,-1,-35,3,0,0,0,0,0,0,3,33,3,40,4,28,6,34,4,40,2,31,3,36,6,33,6,34,6,28,9,28,12,29,14,30,14,33,11,28,12,29,14,28,14,28,13,25,18,28,17,23,19,25,15,18,18,22,22,23,24,22,23,23,20,20,23,22,24,18,24,22,24,18,25,23,24,18,24,18,20,14,26,15,24,17,28,15,26,18,26,18,19,18,22,19,23,20,20,15,22,19,17,17,20,18,14,13,18,14,15,15,15,12,17,14,15,18,11,14,11,15,9,15,0,0,0,0,0,0,0,0,0,0]"""
1782031928662,2026-06-21T17:52:08.662,safe,posture,mhw,standing_still,t017,"CSI_DATA,534748,1a:00:00:00:00:00,-43,11,-99,17,28,11,514443692,47,2,256,0,""[0,0,0,0,0,0,0,0,0,0,0,0,7,-2,7,-3,6,-2,8,-3,7,-2,8,-3,10,-2,10,-1,11,-5,10,-1,12,-3,13,-2,13,-5,12,-5,17,-3,13,-5,16,-5,15,-6,18,-7,18,-2,17,0,17,-6,18,-3,20,-7,20,-6,17,-7,17,-5,22,-5,18,-8,18,-11,20,-10,23,-10,21,-7,18,-10,21,-8,20,-11,18,-12,17,-16,18,-13,18,-15,21,-16,12,-18,17,-22,18,-21,20,-22,20,-16,18,-22,20,-18,15,-21,18,-26,13,-32,13,-27,18,-27,15,-28,11,-33,16,-33,16,-28,0,0,0,0,0,0,-32,-17,-30,-12,-37,-13,-32,-12,-26,-10,-32,-12,-28,-8,-37,-10,-28,-7,-35,-11,-33,-8,-28,-10,-31,-5,-28,-6,-33,-1,-31,-1,-31,0,-28,0,-32,-2,-26,2,-31,5,-28,2,-33,5,-31,2,-27,2,-30,3,-26,3,-28,11,-28,8,-27,8,-26,8,-31,7,-23,12,-30,13,-28,12,-35,12,-31,5,-28,8,-31,5,-28,6,-26,7,-28,13,-26,8,-21,10,-26,6,-23,8,-25,10,-25,6,-30,5,-21,2,-22,1,-21,0,-20,1,-18,-1,-21,1,-18,0,-18,-1,0,0,0,0,0,0,0,0,0,0]"""
1782031928673,2026-06-21T17:52:08.673,safe,posture,mhw,standing_still,t017,"CSI_DATA,534749,1a:00:00:00:00:00,-43,11,-99,18,28,11,514454692,47,2,256,0,""[0,0,0,0,0,0,0,0,0,0,0,0,-6,-4,-4,-6,-4,-6,-6,-6,-7,-7,-6,-7,-7,-7,-6,-8,-8,-8,-7,-8,-7,-11,-9,-9,-9,-11,-7,-12,-9,-14,-11,-12,-11,-13,-9,-14,-9,-13,-9,-12,-6,-13,-13,-15,-11,-14,-9,-15,-12,-17,-15,-17,-12,-17,-13,-17,-13,-15,-14,-15,-13,-17,-15,-15,-15,-14,-17,-13,-18,-14,-19,-14,-17,-13,-19,-14,-18,-13,-19,-13,-19,-15,-22,-11,-23,-12,-24,-13,-25,-11,-24,-11,-29,-8,-26,-9,-28,-8,-30,-11,-28,-8,-31,-8,-31,-8,-31,-8,-33,-7,-35,-3,-33,-4,0,0,0,0,0,0,-8,36,-8,36,-3,33,-7,35,-4,36,-8,34,-4,33,-3,35,-6,31,-2,30,1,31,-1,29,1,34,1,30,-2,31,1,33,4,33,2,31,1,31,7,29,8,30,4,31,8,28,9,28,8,28,13,30,9,29,9,28,11,29,13,28,8,29,11,31,13,28,13,26,12,30,13,30,13,26,14,28,13,28,13,28,12,29,8,26,11,26,9,26,7,26,7,25,7,24,6,24,4,24,4,20,6,24,3,22,2,23,2,18,-1,20,-1,19,-1,19,0,0,0,0,0,0,0,0,0,0]"""
1782031928683,2026-06-21T17:52:08.683,safe,posture,mhw,standing_still,t017,"CSI_DATA,534750,1a:00:00:00:00:00,-43,11,-99,14,29,11,514465715,47,2,256,0,""[0,0,0,0,0,0,0,0,0,0,0,0,6,-2,7,-2,8,-1,8,-2,8,-1,11,-1,9,-1,9,-1,12,-2,12,1,12,1,14,0,14,1,14,2,17,3,15,1,17,2,15,6,15,3,19,4,19,6,22,4,17,7,17,8,19,8,17,8,17,12,19,11,18,9,20,9,18,11,20,11,18,11,19,11,19,12,20,12,19,9,20,11,20,12,22,12,22,14,23,11,23,11,23,13,23,13,22,12,25,12,25,14,28,14,26,18,25,17,29,17,29,19,26,17,26,19,25,22,26,19,0,0,0,0,0,0,23,-29,26,-25,24,-26,24,-24,23,-24,26,-22,23,-20,28,-23,28,-20,24,-22,23,-22,24,-18,24,-25,24,-19,28,-17,25,-19,24,-19,24,-15,26,-18,23,-20,23,-22,24,-18,23,-18,22,-19,22,-17,25,-19,24,-17,24,-17,26,-18,25,-17,28,-14,29,-17,24,-17,24,-17,28,-14,29,-14,26,-12,29,-13,29,-12,29,-12,26,-7,29,-4,28,-3,28,-3,28,-1,25,-3,26,-1,25,2,25,2,22,2,23,3,22,4,23,6,19,7,17,9,17,11,15,11,0,0,0,0,0,0,0,0,0,0]"""
1782031928695,2026-06-21T17:52:08.695,safe,posture,mhw,standing_still,t017,"CSI_DATA,534751,1a:00:00:00:00:00,-43,11,-99,18,28,11,514476692,47,2,256,0,""[0,0,0,0,0,0,0,0,0,0,0,0,2,-6,3,-6,4,-8,4,-8,4,-7,6,-8,6,-9,6,-9,6,-9,4,-9,7,-11,8,-11,7,-13,8,-12,8,-12,9,-12,8,-14,9,-13,11,-13,11,-13,8,-18,13,-13,12,-13,12,-17,13,-15,12,-15,13,-17,12,-17,13,-15,13,-17,13,-17,14,-17,13,-18,13,-18,12,-18,12,-17,11,-19,11,-22,11,-22,8,-22,9,-20,12,-23,12,-24,8,-25,9,-26,8,-26,9,-28,7,-28,11,-26,7,-30,9,-30,8,-29,9,-33,11,-34,8,-34,7,-33,7,-35,0,0,0,0,0,0,-34,-8,-33,-7,-35,-6,-31,-7,-34,-7,-31,-7,-33,-9,-35,-8,-31,-6,-35,-8,-31,-6,-31,-4,-29,-4,-31,-2,-33,-1,-31,-1,-31,0,-30,-1,-29,-1,-29,-1,-31,0,-30,1,-30,1,-31,1,-31,4,-28,0,-29,4,-30,7,-30,6,-30,6,-29,4,-29,6,-31,2,-31,3,-31,4,-31,2,-33,3,-30,1,-30,3,-29,-1,-29,1,-31,2,-30,-1,-28,1,-26,0,-28,-2,-25,-3,-26,-2,-25,-4,-24,-6,-22,-6,-22,-4,-18,-8,-19,-6,-20,-8,-17,-8,-15,-8,0,0,0,0,0,0,0,0,0,0]"""
1782031928706,2026-06-21T17:52:08.706,safe,posture,mhw,standing_still,t017,"CSI_DATA,534752,1a:00:00:00:00:00,-44,11,-99,17,28,11,514487692,47,2,256,0,""[0,0,0,0,0,0,0,0,0,0,0,0,-6,-1,-8,0,-8,-1,-8,-1,-10,-2,-8,-1,-10,-1,-8,-2,-11,-1,-12,-2,-11,-3,-13,-2,-15,-1,-16,-1,-15,-2,-15,-2,-16,0,-15,-1,-15,-1,-17,2,-17,2,-20,1,-20,0,-20,-1,-21,0,-21,1,-20,0,-21,1,-20,3,-21,6,-21,5,-21,7,-20,6,-20,8,-20,10,-22,11,-21,11,-20,10,-20,12,-22,15,-22,13,-18,16,-21,17,-20,18,-18,20,-16,18,-15,22,-16,22,-16,25,-17,27,-16,27,-17,30,-17,30,-15,27,-15,31,-13,33,-13,33,0,0,0,0,0,0,35,11,35,10,31,7,35,8,33,7,31,11,32,5,35,3,31,6,31,3,30,-1,31,0,33,-2,31,-2,30,-1,30,-3,31,-7,31,-6,31,-7,27,-10,28,-12,28,-10,26,-13,23,-13,25,-13,26,-18,25,-17,22,-16,26,-17,23,-20,25,-17,26,-20,22,-21,21,-21,23,-18,21,-21,21,-21,20,-23,21,-23,21,-22,21,-20,21,-18,20,-22,21,-20,21,-18,17,-21,20,-18,17,-18,17,-16,16,-13,16,-16,16,-15,16,-15,16,-12,17,-11,15,-10,16,-8,0,0,0,0,0,0,0,0,0,0]"""
1782031928717,2026-06-21T17:52:08.717,safe,posture,mhw,standing_still,t017,"CSI_DATA,534753,1a:00:00:00:00:00,-43,11,-99,14,29,11,514500002,47,2,256,0,""[0,0,0,0,0,0,0,0,0,0,0,0,2,-6,2,-6,2,-8,2,-8,2,-9,3,-9,2,-8,4,-11,3,-9,2,-12,3,-12,3,-12,3,-14,4,-13,3,-14,6,-15,3,-17,4,-18,4,-15,7,-15,7,-19,3,-17,4,-19,4,-19,4,-20,4,-19,4,-18,1,-19,6,-23,2,-20,2,-20,1,-20,-1,-24,1,-22,-2,-23,-1,-22,-3,-23,-2,-24,-3,-24,-7,-24,-9,-22,-8,-25,-7,-24,-9,-23,-11,-24,-17,-24,-13,-24,-18,-23,-14,-24,-17,-25,-15,-24,-17,-26,-19,-26,-24,-28,-20,-26,-20,-26,-25,-22,0,0,0,0,0,0,-20,24,-23,26,-22,25,-19,26,-22,30,-17,26,-22,30,-19,28,-19,28,-19,26,-15,28,-13,30,-13,26,-11,30,-12,29,-9,28,-8,31,-6,30,-4,28,-8,31,-3,29,-3,31,-1,28,0,30,1,33,0,28,2,31,2,30,2,30,3,33,4,30,6,29,2,34,4,30,6,29,6,30,8,31,6,29,9,30,4,29,6,30,4,30,6,31,6,28,6,26,2,28,1,25,6,25,2,22,4,24,2,23,3,23,0,19,1,23,-1,20,-2,19,-2,18,0,0,0,0,0,0,0,0,0,0]"""
1782031928727,2026-06-21T17:52:08.727,safe,posture,mhw,standing_still,t017,"CSI_DATA,534754,1a:00:00:00:00:00,-43,11,-99,14,29,11,514509692,47,2,256,0,""[0,0,0,0,0,0,0,0,0,0,0,0,-7,-1,-8,-2,-7,-1,-8,-3,-9,-1,-11,-2,-11,-4,-8,-4,-11,-2,-11,-4,-13,-4,-14,-4,-14,-4,-13,-3,-15,-6,-13,-2,-18,-6,-13,-3,-18,-6,-20,-6,-17,-6,-17,-6,-17,-6,-20,-4,-22,-6,-19,-3,-19,-3,-22,-4,-18,-1,-23,0,-19,-3,-26,-2,-23,-3,-22,-2,-23,-2,-22,-1,-20,1,-24,4,-22,4,-20,4,-24,4,-19,8,-25,11,-23,9,-30,11,-25,8,-26,11,-29,8,-24,9,-26,13,-28,20,-24,18,-29,15,-28,18,-25,24,-29,22,-29,20,0,0,0,0,0,0,23,29,20,24,29,31,23,26,20,20,24,25,20,22,26,25,22,19,28,24,25,23,22,22,23,18,23,17,30,17,28,13,28,13,24,11,29,15,24,8,31,7,26,9,33,9,29,11,26,11,29,8,25,6,31,2,30,2,29,2,28,3,31,3,26,0,31,-1,29,0,40,1,30,6,30,2,30,6,26,4,28,2,31,0,29,0,25,0,26,3,23,1,29,1,23,3,30,6,22,7,23,6,20,8,20,6,17,7,20,4,18,7,18,7,0,0,0,0,0,0,0,0,0,0]"""
1782031928738,2026-06-21T17:52:08.738,safe,posture,mhw,standing_still,t017,"CSI_DATA,534755,1a:00:00:00:00:00,-43,11,-99,18,28,11,514520692,47,2,256,0,""[0,0,0,0,0,0,0,0,0,0,0,0,-4,3,-4,3,-7,3,-7,4,-8,3,-9,3,-9,3,-11,6,-9,3,-13,8,-9,6,-11,7,-12,6,-12,7,-12,6,-15,6,-14,8,-17,6,-14,6,-14,7,-15,9,-17,6,-18,9,-17,8,-18,8,-18,8,-18,9,-17,11,-22,9,-18,11,-18,12,-17,9,-19,13,-18,12,-17,15,-17,14,-18,14,-15,14,-17,18,-17,22,-13,18,-18,20,-17,19,-13,22,-12,18,-13,26,-15,23,-12,26,-14,28,-13,26,-13,25,-14,28,-14,28,-13,33,-13,29,-11,30,-11,34,0,0,0,0,0,0,33,11,36,12,30,8,34,9,36,9,31,9,36,8,30,7,35,8,31,7,31,4,31,2,31,4,33,1,30,1,29,0,33,-3,31,-2,28,-2,33,-3,29,-2,30,-6,25,-3,29,-7,31,-8,28,-7,30,-9,29,-11,30,-9,29,-12,30,-13,26,-12,33,-9,28,-11,28,-12,26,-9,30,-14,28,-11,26,-14,29,-9,29,-11,28,-8,29,-7,29,-9,25,-8,28,-7,24,-3,24,-7,20,-3,25,-7,23,-3,23,-6,20,-1,19,-2,20,-1,19,0,17,1,0,0,0,0,0,0,0,0,0,0]"""
1782031928751,2026-06-21T17:52:08.751,safe,posture,mhw,standing_still,t017,"CSI_DATA,534756,1a:00:00:00:00:00,-43,11,-99,18,28,11,514531692,47,2,256,0,""[0,0,0,0,0,0,0,0,0,0,0,0,-6,1,-7,2,-8,2,-9,3,-8,2,-12,2,-9,0,-9,0,-13,-1,-12,-1,-13,0,-14,0,-14,-1,-14,-2,-15,-4,-14,-2,-18,-2,-15,-2,-17,-4,-19,-4,-15,-3,-17,-7,-14,-8,-19,-6,-17,-7,-18,-8,-17,-8,-19,-11,-15,-8,-20,-9,-20,-9,-24,-11,-20,-13,-18,-11,-19,-12,-19,-12,-19,-11,-24,-9,-20,-11,-19,-8,-20,-11,-22,-7,-25,-9,-25,-12,-31,-15,-22,-13,-26,-13,-24,-15,-24,-12,-26,-17,-31,-13,-29,-14,-30,-18,-28,-17,-31,-15,-31,-19,-30,-20,0,0,0,0,0,0,-22,30,-20,24,-24,34,-22,26,-18,20,-23,30,-18,22,-25,26,-18,23,-25,26,-24,25,-20,20,-23,22,-22,18,-23,23,-22,22,-20,23,-19,22,-23,23,-17,20,-19,25,-17,22,-23,24,-22,23,-20,19,-20,19,-22,18,-20,25,-20,20,-22,23,-20,19,-23,22,-19,18,-24,23,-23,20,-29,23,-26,17,-25,18,-26,13,-25,12,-23,12,-28,14,-28,12,-23,8,-24,9,-22,9,-26,8,-25,6,-28,3,-23,0,-23,-1,-22,-3,-19,-2,-19,-2,-19,-3,-18,-3,-15,-7,0,0,0,0,0,0,0,0,0,0]"""
1782031928758,2026-06-21T17:52:08.758,safe,posture,mhw,standing_still,t017,"CSI_DATA,534757,1a:00:00:00:00:00,-43,11,-99,17,28,11,514542692,47,2,256,0,""[0,0,0,0,0,0,0,0,0,0,0,0,6,2,6,3,6,3,10,3,7,5,10,7,8,7,8,7,7,7,7,7,10,10,8,11,10,11,8,11,7,13,8,12,10,12,8,13,10,17,7,17,5,16,6,16,5,17,8,18,7,18,6,21,6,20,6,22,5,17,6,21,6,20,6,26,5,23,5,23,5,22,3,21,5,21,8,23,3,23,5,22,6,23,7,22,7,26,7,26,6,31,5,27,6,28,5,28,5,25,5,30,7,32,6,30,5,33,3,33,7,32,3,36,3,33,0,0,0,0,0,0,35,-1,32,0,41,1,37,1,31,1,37,2,31,2,37,2,31,1,35,6,33,6,31,6,28,6,27,5,32,5,30,5,31,5,28,5,31,6,26,3,32,3,28,3,33,6,31,7,28,7,27,6,27,8,32,6,31,7,28,7,27,8,31,8,28,8,31,7,27,8,33,16,28,15,27,15,27,18,23,16,23,16,26,18,22,18,20,17,18,18,17,17,17,20,16,20,16,22,12,20,8,20,6,20,6,18,5,18,5,21,2,16,1,20,0,0,0,0,0,0,0,0,0,0]"""
1782031928772,2026-06-21T17:52:08.772,safe,posture,mhw,standing_still,t017,"CSI_DATA,534758,1a:00:00:00:00:00,-43,11,-99,18,28,11,514553692,47,2,256,0,""[0,0,0,0,0,0,0,0,0,0,0,0,-1,-7,-2,-8,-1,-7,-1,-9,-2,-8,-1,-9,1,-11,0,-9,0,-13,0,-11,1,-12,0,-13,-1,-13,0,-14,3,-18,2,-14,1,-18,3,-15,2,-19,2,-20,3,-14,3,-19,4,-15,3,-20,3,-22,2,-20,3,-18,6,-23,1,-18,1,-22,3,-19,2,-26,6,-20,2,-22,2,-23,2,-22,0,-22,-2,-25,-1,-23,-1,-20,1,-25,-6,-22,-4,-26,-3,-25,-4,-35,0,-25,-7,-29,-1,-28,-3,-25,-6,-28,-9,-33,-12,-29,-7,-34,-6,-30,-13,-31,-11,-35,-7,-33,0,0,0,0,0,0,-35,4,-29,6,-40,9,-35,6,-28,7,-39,6,-25,6,-36,9,-28,8,-35,8,-33,7,-29,4,-30,11,-26,8,-30,9,-29,13,-28,15,-25,12,-30,9,-19,14,-26,15,-25,12,-29,17,-29,14,-25,11,-25,15,-24,12,-25,19,-25,17,-23,18,-23,14,-30,17,-20,17,-24,19,-24,15,-33,20,-29,12,-25,15,-30,12,-25,11,-25,13,-26,17,-23,14,-23,11,-25,8,-20,12,-26,11,-25,6,-30,7,-22,1,-24,4,-20,0,-20,3,-19,1,-18,2,-18,1,-18,-2,0,0,0,0,0,0,0,0,0,0]"""
1782031928784,2026-06-21T17:52:08.784,safe,posture,mhw,standing_still,t017,"CSI_DATA,534759,1a:00:00:00:00:00,-43,11,-99,18,28,11,514566665,47,2,256,0,""[0,0,0,0,0,0,0,0,0,0,0,0,-6,1,-7,1,-8,2,-8,1,-8,1,-11,1,-9,1,-11,2,-11,0,-12,2,-13,3,-13,1,-14,3,-14,2,-13,2,-15,2,-18,2,-15,2,-20,2,-18,2,-15,2,-17,2,-18,2,-19,4,-20,7,-19,6,-20,4,-20,8,-18,6,-20,8,-18,9,-24,11,-20,11,-20,11,-20,12,-19,12,-19,13,-17,15,-19,15,-14,18,-17,18,-15,18,-17,19,-14,23,-15,23,-14,24,-15,24,-13,25,-12,23,-12,26,-12,30,-12,28,-9,30,-13,31,-11,33,-9,33,-9,34,0,0,0,0,0,0,36,6,34,6,36,2,34,3,31,3,35,3,34,2,36,1,33,-1,36,1,34,-1,31,-4,30,-3,29,-6,31,-7,29,-8,30,-9,28,-12,26,-11,28,-11,29,-13,25,-14,28,-15,28,-15,24,-17,22,-14,24,-19,23,-22,23,-20,22,-23,20,-20,19,-24,22,-22,20,-23,19,-23,23,-24,22,-25,20,-23,19,-22,19,-19,18,-20,19,-25,20,-23,17,-20,17,-20,17,-19,20,-19,15,-19,17,-18,17,-17,17,-15,15,-14,15,-13,17,-13,15,-12,13,-11,14,-9,0,0,0,0,0,0,0,0,0,0]"""
1782031928795,2026-06-21T17:52:08.795,safe,posture,mhw,standing_still,t017,"CSI_DATA,534760,1a:00:00:00:00:00,-43,11,-99,14,29,11,514577045,47,2,256,0,""[0,0,0,0,0,0,0,0,0,0,0,0,-1,-7,0,-7,0,-7,-1,-8,0,-8,-1,-8,-1,-11,-1,-11,-3,-12,-2,-12,0,-12,-1,-13,-2,-14,-1,-13,-1,-18,-1,-15,-2,-17,0,-17,-1,-15,-3,-15,-3,-17,-3,-20,-2,-19,-1,-18,-3,-20,-4,-20,-2,-20,-3,-24,-3,-20,-6,-22,-4,-20,-7,-19,-8,-19,-9,-19,-12,-20,-13,-22,-13,-18,-11,-19,-13,-19,-15,-22,-15,-20,-18,-19,-18,-20,-17,-18,-20,-15,-20,-15,-24,-15,-25,-13,-26,-15,-25,-17,-24,-18,-29,-17,-29,-15,-28,-17,-30,-17,-33,-14,-29,-12,0,0,0,0,0,0,-14,35,-17,36,-9,33,-11,33,-12,34,-13,30,-9,33,-11,33,-9,33,-7,30,-2,29,-3,31,-1,35,0,33,-3,30,1,33,3,31,1,33,1,33,6,30,6,28,4,31,8,25,11,26,9,29,13,29,12,29,7,26,12,29,14,26,13,29,15,29,14,26,17,26,13,28,15,26,14,24,17,25,17,25,18,28,17,25,12,25,14,26,14,26,13,26,13,22,12,23,12,23,9,19,9,20,11,20,8,20,9,20,8,19,3,19,4,19,3,19,0,0,0,0,0,0,0,0,0,0]"""
1782031928805,2026-06-21T17:52:08.805,safe,posture,mhw,standing_still,t017,"CSI_DATA,534761,1a:00:00:00:00:00,-43,11,-99,18,28,11,514588580,47,2,256,0,""[0,0,0,0,0,0,0,0,0,0,0,0,-7,0,-6,-2,-7,0,-9,0,-11,-1,-8,0,-9,0,-11,0,-12,0,-11,-1,-11,-2,-13,-1,-14,-1,-15,-1,-15,-2,-15,-2,-17,-1,-18,-2,-14,-1,-19,-1,-20,1,-20,-1,-19,-1,-18,-2,-20,-1,-19,0,-20,-2,-22,-1,-22,1,-20,0,-23,-1,-20,2,-22,4,-20,6,-23,7,-23,7,-23,6,-23,3,-23,7,-23,8,-23,8,-23,12,-23,11,-23,12,-22,12,-20,15,-22,18,-19,19,-22,22,-25,19,-23,18,-25,19,-26,20,-24,24,-26,20,-23,25,-23,26,0,0,0,0,0,0,28,25,26,25,25,20,26,23,29,22,24,22,26,20,25,22,24,20,26,17,28,13,26,14,31,14,29,14,25,17,29,13,30,11,28,11,28,12,30,8,30,7,30,8,26,3,28,2,29,3,31,-1,33,2,28,4,31,1,31,0,30,2,31,1,31,0,31,-1,30,0,30,-2,29,-4,30,-2,29,-4,31,-2,30,-1,29,2,29,1,29,2,26,2,28,0,25,1,26,2,23,1,23,1,24,1,23,0,23,2,22,3,19,6,18,6,18,8,0,0,0,0,0,0,0,0,0,0]"""
1782031928816,2026-06-21T17:52:08.816,safe,posture,mhw,standing_still,t017,"CSI_DATA,534762,1a:00:00:00:00:00,-43,11,-99,14,29,11,514597692,47,2,256,0,""[0,0,0,0,0,0,0,0,0,0,0,0,7,0,6,2,8,2,8,3,7,3,9,2,11,3,11,3,12,3,12,6,11,7,11,8,12,6,12,8,13,9,13,9,13,9,13,12,12,11,12,13,13,14,14,13,14,13,11,14,13,15,14,14,13,17,13,18,15,17,14,15,13,17,13,17,14,14,17,17,17,17,19,17,15,18,14,19,15,19,18,19,17,19,17,19,17,19,18,20,18,19,19,19,22,18,22,18,25,20,22,23,19,20,24,24,22,24,22,24,22,24,22,26,23,28,0,0,0,0,0,0,29,-22,31,-19,28,-18,30,-20,31,-19,29,-14,29,-18,30,-17,29,-15,28,-13,24,-18,26,-17,29,-20,29,-17,26,-13,26,-15,25,-15,28,-15,26,-14,26,-17,24,-17,26,-15,22,-14,23,-18,24,-15,25,-18,26,-17,28,-14,28,-15,25,-17,29,-12,28,-14,26,-17,26,-14,29,-14,28,-12,28,-13,26,-13,29,-12,29,-11,26,-7,28,-6,29,-4,28,-2,28,-2,26,-3,25,0,26,0,23,2,22,1,22,3,22,2,20,3,20,6,17,9,18,9,15,11,0,0,0,0,0,0,0,0,0,0]"""
1782031928827,2026-06-21T17:52:08.827,safe,posture,mhw,standing_still,t017,"CSI_DATA,534763,1a:00:00:00:00:00,-43,11,-99,17,28,11,514608692,47,2,256,0,""[0,0,0,0,0,0,0,0,0,0,0,0,-5,3,-6,5,-6,3,-10,2,-7,2,-11,3,-10,2,-8,2,-11,3,-11,0,-12,2,-13,2,-13,1,-12,-1,-17,-1,-13,1,-18,0,-16,-1,-18,0,-21,-2,-17,-2,-18,-2,-15,-5,-20,-5,-21,-5,-18,-6,-20,-7,-21,-10,-16,-5,-20,-5,-20,-6,-26,-7,-22,-10,-20,-7,-22,-10,-21,-7,-20,-6,-23,-6,-22,-6,-20,-6,-25,-10,-23,-2,-27,-6,-26,-8,-32,-10,-23,-11,-27,-10,-26,-15,-26,-7,-28,-12,-33,-10,-30,-7,-32,-12,-28,-13,-32,-8,-32,-15,-30,-15,0,0,0,0,0,0,-17,31,-16,27,-18,33,-21,30,-16,23,-21,30,-15,23,-21,30,-16,25,-23,28,-22,27,-21,21,-20,27,-18,20,-20,26,-18,25,-17,26,-17,23,-22,25,-12,21,-16,27,-17,22,-20,26,-21,23,-18,21,-18,22,-18,18,-17,25,-18,25,-20,23,-18,21,-25,25,-16,20,-20,26,-21,21,-26,26,-26,17,-25,17,-27,16,-23,13,-22,13,-26,16,-23,13,-21,11,-26,8,-21,11,-26,11,-25,7,-28,6,-22,1,-22,1,-20,0,-20,-1,-18,-1,-22,-2,-18,-2,-18,-7,0,0,0,0,0,0,0,0,0,0]"""
1782031928837,2026-06-21T17:52:08.837,safe,posture,mhw,standing_still,t017,"CSI_DATA,534764,1a:00:00:00:00:00,-43,11,-99,18,28,11,514619692,47,2,256,0,""[0,0,0,0,0,0,0,0,0,0,0,0,0,-7,1,-6,0,-8,0,-8,0,-9,-1,-9,0,-9,-1,-11,0,-11,-1,-12,-1,-13,0,-12,-1,-13,0,-15,-1,-14,-1,-18,-3,-15,-2,-18,-2,-15,-3,-17,-6,-19,-2,-18,-6,-19,-3,-18,-6,-18,-6,-20,-6,-20,-7,-18,-7,-22,-6,-18,-9,-22,-8,-17,-12,-19,-13,-18,-17,-17,-14,-18,-18,-17,-15,-18,-19,-15,-20,-15,-19,-14,-22,-17,-19,-14,-24,-12,-19,-9,-26,-8,-26,-11,-28,-4,-29,-8,-30,-7,-28,-8,-30,-8,-33,-7,-34,-4,-34,-6,-31,-1,-34,-1,0,0,0,0,0,0,1,34,3,37,6,30,6,33,6,37,4,33,9,36,7,30,12,35,9,26,11,29,14,30,14,29,19,28,15,26,18,23,22,25,20,24,19,19,23,25,20,19,24,19,23,14,24,15,26,14,26,15,29,14,26,12,29,12,30,9,33,8,29,6,34,13,28,8,28,7,24,6,33,4,29,6,31,2,31,6,30,4,28,7,29,4,31,6,24,3,29,6,23,8,26,4,20,2,23,2,20,4,23,2,22,6,23,6,18,3,18,6,17,4,0,0,0,0,0,0,0,0,0,0]"""
1782031928848,2026-06-21T17:52:08.848,safe,posture,mhw,standing_still,t017,"CSI_DATA,534765,1a:00:00:00:00:00,-43,11,-99,17,28,11,514630692,47,2,256,0,""[0,0,0,0,0,0,0,0,0,0,0,0,0,7,0,7,0,8,1,7,0,10,-1,8,0,7,1,11,-1,11,1,15,0,12,0,12,0,13,0,16,0,13,0,18,0,13,0,20,1,16,1,16,0,20,2,18,3,22,3,18,2,20,3,21,5,22,5,18,5,25,6,18,7,22,7,16,11,20,10,20,12,20,15,22,15,21,12,20,17,20,18,20,17,16,21,21,17,18,22,17,17,12,23,15,23,15,26,10,27,13,30,12,25,12,31,15,30,12,33,11,31,12,30,10,35,6,0,0,0,0,0,0,7,-32,7,-40,2,-30,1,-33,2,-42,5,-31,1,-39,1,-30,0,-36,-1,-27,-3,-28,-7,-31,-6,-31,-10,-32,-6,-28,-10,-28,-11,-30,-12,-30,-11,-26,-17,-30,-15,-23,-17,-28,-15,-17,-20,-22,-20,-23,-21,-21,-23,-25,-21,-21,-22,-21,-23,-20,-25,-20,-23,-17,-28,-21,-23,-17,-26,-17,-21,-15,-26,-15,-25,-16,-27,-13,-27,-16,-25,-16,-22,-17,-23,-16,-26,-16,-22,-13,-23,-16,-17,-16,-22,-13,-17,-11,-18,-12,-17,-12,-18,-12,-17,-12,-20,-12,-13,-13,-12,-12,-12,-12,0,0,0,0,0,0,0,0,0,0]"""
1782031928860,2026-06-21T17:52:08.860,safe,posture,mhw,standing_still,t017,"CSI_DATA,534766,1a:00:00:00:00:00,-43,11,-99,17,28,11,514641692,47,2,256,0,""[0,0,0,0,0,0,0,0,0,0,0,0,0,-8,0,-8,-1,-8,0,-7,0,-8,-1,-10,-1,-8,-2,-10,-3,-11,-2,-11,0,-12,-1,-13,-1,-13,-3,-16,-1,-12,-5,-16,-2,-16,-2,-17,-3,-15,-6,-16,-7,-18,-6,-18,-7,-20,-3,-18,-5,-21,-7,-18,-6,-18,-7,-20,-8,-21,-8,-18,-7,-22,-8,-17,-11,-17,-11,-17,-13,-17,-16,-20,-15,-18,-12,-20,-16,-18,-18,-18,-18,-18,-21,-18,-18,-15,-22,-16,-21,-13,-23,-13,-23,-13,-26,-10,-27,-11,-27,-12,-27,-12,-31,-12,-31,-12,-32,-10,-31,-10,-33,-7,-32,-6,0,0,0,0,0,0,-6,33,-6,37,-5,30,-3,36,-3,39,-2,31,1,35,1,33,0,35,3,28,2,30,3,31,8,30,6,32,3,30,6,30,8,31,8,31,10,30,13,31,13,27,13,30,13,21,16,22,17,23,20,25,21,26,17,23,20,25,22,22,21,25,22,21,23,23,22,18,22,21,21,18,25,18,23,18,25,18,25,20,22,20,20,21,20,20,20,20,20,18,21,17,17,17,20,17,15,13,17,16,16,16,18,15,16,15,15,16,10,16,12,16,10,16,0,0,0,0,0,0,0,0,0,0]"""
1782031928870,2026-06-21T17:52:08.870,safe,posture,mhw,standing_still,t017,"CSI_DATA,534767,1a:00:00:00:00:00,-43,11,-99,15,29,11,514652692,47,2,256,0,""[0,0,0,0,0,0,0,0,0,0,0,0,7,5,5,4,7,7,7,4,5,5,5,7,7,7,7,7,8,9,9,9,8,10,8,10,9,10,8,13,5,11,9,16,9,14,9,16,7,14,5,13,5,19,9,16,9,21,7,16,8,19,8,17,5,21,8,19,9,22,8,20,8,21,9,17,8,20,8,20,9,21,13,22,10,22,8,21,11,23,13,23,13,20,11,24,11,22,15,23,10,19,16,22,14,23,20,22,16,26,20,27,13,24,16,28,15,28,17,29,16,30,16,28,21,29,0,0,0,0,0,0,29,-19,36,-19,27,-15,29,-16,36,-19,28,-10,33,-16,29,-14,33,-13,26,-11,27,-13,29,-15,30,-17,29,-17,28,-13,26,-15,27,-16,27,-16,26,-13,29,-15,24,-16,28,-15,20,-14,21,-16,26,-17,23,-17,27,-20,23,-15,28,-16,24,-19,28,-17,27,-17,30,-17,24,-15,28,-16,23,-13,26,-19,27,-14,26,-16,29,-13,28,-11,28,-7,29,-8,30,-9,27,-8,29,-3,26,-2,26,-3,20,-2,23,-4,21,0,21,-1,22,1,21,0,19,4,19,7,16,7,0,0,0,0,0,0,0,0,0,0]"""
1782031928885,2026-06-21T17:52:08.885,safe,posture,mhw,standing_still,t017,"CSI_DATA,534768,1a:00:00:00:00:00,-43,11,-99,18,28,11,514668028,47,2,256,0,""[0,0,0,0,0,0,0,0,0,0,0,0,-1,6,-2,8,-1,7,-2,7,-3,7,-3,8,-3,7,-6,11,-6,13,-6,9,-8,11,-7,11,-7,11,-8,12,-9,13,-9,12,-12,12,-12,12,-9,13,-15,14,-15,13,-14,14,-13,13,-15,12,-17,14,-15,12,-18,12,-19,13,-17,13,-15,13,-19,12,-18,15,-18,14,-17,14,-17,15,-18,15,-15,15,-17,14,-17,17,-18,15,-20,15,-17,18,-19,19,-20,17,-23,19,-18,15,-22,19,-20,20,-19,23,-23,19,-24,20,-23,24,-28,22,-24,20,-25,20,-28,23,-26,22,0,0,0,0,0,0,20,31,18,30,20,31,18,31,18,28,17,30,14,25,19,30,13,28,18,29,19,26,13,28,18,28,15,28,14,28,18,25,17,25,14,25,15,28,17,22,19,24,14,26,18,24,17,24,13,24,19,25,14,24,15,25,15,26,18,24,13,25,17,30,17,24,17,26,11,28,17,29,12,28,13,28,12,28,11,28,8,26,7,28,8,28,6,28,2,30,6,24,2,26,0,25,-1,26,-2,23,-1,23,-3,22,-3,22,-4,18,-7,19,-6,18,-9,18,0,0,0,0,0,0,0,0,0,0]"""
1782031928893,2026-06-21T17:52:08.893,safe,posture,mhw,standing_still,t017,"CSI_DATA,534769,1a:00:00:00:00:00,-43,11,-99,18,28,11,514674692,47,2,256,0,""[0,0,0,0,0,0,0,0,0,0,0,0,6,3,7,4,7,3,7,6,7,7,4,4,8,4,7,6,9,8,8,8,9,9,9,12,9,11,8,13,8,13,8,12,8,15,8,15,9,13,8,14,6,17,11,17,8,20,6,18,6,22,7,18,6,22,7,23,6,20,6,20,4,20,7,20,8,19,7,20,8,23,8,24,9,23,6,22,8,22,8,23,7,24,11,22,9,25,7,25,9,24,11,23,12,25,12,24,12,28,11,29,11,29,12,31,9,35,9,31,9,34,11,33,9,31,0,0,0,0,0,0,37,-6,35,-3,33,-6,36,-3,34,-6,35,-1,33,-2,35,-4,33,-1,30,-3,29,-4,29,-2,33,-7,30,-6,30,1,31,-2,30,-4,30,-2,33,0,29,-4,30,-4,31,-1,29,-4,28,-3,28,-3,30,-7,30,-2,28,-1,31,-2,30,-3,30,-1,31,0,30,-3,31,-2,30,2,31,0,28,1,29,0,30,1,31,3,28,4,26,8,28,8,26,8,28,12,24,8,23,12,23,13,20,11,18,11,22,11,18,12,18,13,14,14,11,15,11,15,9,17,0,0,0,0,0,0,0,0,0,0]"""
1782031928905,2026-06-21T17:52:08.905,safe,posture,mhw,standing_still,t017,"CSI_DATA,534770,1a:00:00:00:00:00,-43,11,-99,18,28,11,514685692,47,2,256,0,""[0,0,0,0,0,0,0,0,0,0,0,0,-2,-7,0,-7,0,-6,0,-9,-1,-8,0,-9,2,-11,1,-8,0,-11,3,-11,2,-13,1,-17,2,-15,0,-13,2,-15,2,-13,0,-18,2,-17,1,-17,4,-19,2,-15,3,-20,3,-15,2,-18,1,-22,0,-19,2,-19,3,-24,1,-17,0,-22,2,-19,0,-26,2,-23,1,-22,1,-23,-1,-23,0,-20,-4,-24,-3,-22,-3,-22,-3,-26,-7,-19,-9,-25,-6,-23,-8,-31,-6,-25,-9,-26,-6,-28,-9,-25,-11,-28,-15,-29,-15,-28,-12,-31,-13,-30,-18,-29,-17,-33,-13,-31,0,0,0,0,0,0,-34,15,-28,12,-35,22,-30,14,-25,13,-33,17,-24,14,-35,19,-25,15,-33,19,-29,19,-28,15,-24,18,-24,14,-26,19,-24,22,-23,20,-22,18,-25,20,-17,19,-19,24,-20,19,-23,25,-20,23,-20,22,-19,23,-18,19,-17,25,-18,25,-15,24,-17,23,-23,26,-13,23,-17,29,-18,23,-22,31,-20,23,-18,25,-22,25,-19,22,-17,22,-18,24,-18,23,-15,18,-19,20,-13,19,-18,22,-18,18,-22,19,-17,13,-18,15,-19,11,-18,12,-17,8,-17,11,-17,8,-18,8,0,0,0,0,0,0,0,0,0,0]"""
1782031928917,2026-06-21T17:52:08.917,safe,posture,mhw,standing_still,t017,"CSI_DATA,534771,1a:00:00:00:00:00,-43,11,-99,18,28,11,514696692,47,2,256,0,""[0,0,0,0,0,0,0,0,0,0,0,0,-3,-6,-3,-6,-4,-7,-3,-7,-4,-7,-2,-7,-4,-8,-6,-11,-4,-9,-7,-11,-7,-12,-7,-11,-7,-12,-6,-14,-6,-12,-6,-17,-6,-13,-6,-17,-4,-14,-8,-15,-11,-18,-6,-17,-8,-20,-7,-17,-6,-19,-7,-18,-6,-19,-7,-17,-8,-20,-7,-19,-8,-22,-8,-18,-12,-20,-8,-20,-13,-18,-11,-19,-12,-20,-13,-20,-13,-22,-14,-22,-14,-19,-17,-25,-12,-22,-17,-20,-13,-17,-20,-19,-17,-22,-23,-17,-22,-22,-22,-22,-20,-20,-22,-24,-20,-23,-25,-25,-23,-23,-22,-19,-25,-20,0,0,0,0,0,0,-23,24,-29,28,-20,23,-23,26,-28,29,-22,22,-25,28,-19,20,-24,26,-19,23,-18,24,-19,28,-18,25,-18,29,-15,24,-15,25,-14,28,-15,26,-13,24,-18,29,-13,25,-15,30,-9,24,-11,25,-12,30,-11,26,-11,31,-9,28,-9,29,-8,30,-9,30,-7,29,-14,33,-11,26,-9,29,-11,24,-9,31,-11,28,-9,29,-12,29,-14,28,-15,24,-15,25,-15,26,-13,24,-17,24,-14,18,-13,22,-13,14,-15,19,-14,17,-13,18,-15,15,-17,17,-14,12,-17,9,-17,9,0,0,0,0,0,0,0,0,0,0]"""
1782031928927,2026-06-21T17:52:08.927,safe,posture,mhw,standing_still,t017,"CSI_DATA,534772,1a:00:00:00:00:00,-43,11,-99,17,28,11,514707692,47,2,256,0,""[0,0,0,0,0,0,0,0,0,0,0,0,-5,6,-6,5,-5,8,-3,5,-7,7,-5,8,-5,8,-7,11,-6,10,-5,12,-7,8,-7,10,-7,10,-7,12,-8,11,-10,15,-7,13,-11,16,-8,13,-7,12,-10,15,-7,17,-8,21,-10,16,-8,17,-7,17,-11,20,-6,20,-7,21,-7,18,-6,22,-3,22,-1,21,-1,22,2,25,1,25,0,25,-2,23,1,25,3,27,5,23,5,26,3,26,8,26,6,21,12,23,11,25,16,22,16,27,17,28,12,26,16,30,18,27,18,27,17,28,21,26,23,23,0,0,0,0,0,0,23,-26,30,-26,20,-23,18,-27,27,-31,21,-23,23,-28,17,-26,20,-28,15,-25,13,-26,13,-27,11,-32,11,-32,13,-26,11,-28,7,-30,8,-31,6,-28,6,-32,1,-27,3,-32,1,-22,-2,-28,-3,-30,-3,-30,-3,-31,-2,-30,-2,-31,-5,-31,-7,-32,-7,-30,-7,-33,-7,-28,-8,-28,-8,-23,-12,-26,-8,-28,-13,-27,-11,-28,-10,-28,-6,-27,-7,-28,-8,-30,-8,-26,-7,-27,-5,-23,-8,-26,-3,-18,-7,-22,-7,-20,-10,-20,-7,-20,-5,-22,-1,-16,-1,-18,-1,-17,0,0,0,0,0,0,0,0,0,0]"""
1782031928937,2026-06-21T17:52:08.937,safe,posture,mhw,standing_still,t017,"CSI_DATA,534773,1a:00:00:00:00:00,-43,11,-99,17,28,11,514718692,47,2,256,0,""[0,0,0,0,0,0,0,0,0,0,0,0,-3,-6,-2,-6,-3,-7,-2,-7,-3,-8,-1,-8,-5,-7,-3,-12,-3,-11,-3,-12,-2,-11,-3,-12,-1,-13,-2,-15,-1,-16,-2,-17,-1,-16,0,-18,-1,-13,-1,-17,-3,-18,-1,-21,-1,-20,2,-18,1,-21,0,-18,2,-21,2,-21,1,-23,0,-18,1,-22,0,-18,-2,-21,-1,-22,-1,-25,-3,-25,-2,-23,0,-22,-2,-25,-1,-26,-1,-26,-5,-26,-3,-25,-5,-27,-3,-22,-7,-26,-6,-28,-8,-27,-8,-30,-6,-32,-5,-28,-6,-33,-6,-32,-7,-33,-5,-33,-6,-30,-8,-32,0,0,0,0,0,0,-33,5,-39,5,-31,7,-33,7,-39,6,-31,2,-35,6,-31,5,-35,3,-28,5,-31,6,-31,6,-32,7,-32,8,-30,3,-30,6,-30,8,-31,7,-30,5,-33,10,-26,8,-31,7,-25,10,-26,11,-28,8,-31,13,-31,12,-27,10,-30,11,-27,12,-32,8,-28,11,-32,10,-27,8,-28,8,-26,8,-27,10,-28,8,-28,8,-31,6,-30,5,-27,1,-30,2,-31,2,-27,1,-28,1,-25,-2,-25,-2,-21,-1,-23,-1,-22,-1,-21,-2,-22,-5,-20,-6,-16,-7,-15,-8,-16,-8,0,0,0,0,0,0,0,0,0,0]"""
1782031928947,2026-06-21T17:52:08.947,safe,posture,mhw,standing_still,t017,"CSI_DATA,534774,1a:00:00:00:00:00,-43,11,-99,18,28,11,514729692,47,2,256,0,""[0,0,0,0,0,0,0,0,0,0,0,0,6,1,8,0,7,0,9,1,7,1,11,1,11,4,9,3,12,3,11,4,13,3,14,3,14,6,14,4,15,9,13,4,17,7,13,7,15,11,15,11,12,8,15,11,12,13,18,13,17,12,17,13,15,13,17,15,13,8,19,14,15,12,22,17,17,17,15,14,18,15,17,13,17,12,23,9,20,12,18,12,20,15,20,7,25,12,23,14,31,18,20,18,25,14,22,17,20,15,25,15,34,14,28,11,29,18,25,18,33,12,34,19,29,18,0,0,0,0,0,0,20,-29,17,-24,23,-34,22,-26,18,-22,23,-30,15,-24,23,-30,15,-23,25,-29,22,-26,22,-22,18,-23,17,-23,18,-28,15,-26,15,-28,13,-24,20,-25,11,-22,15,-30,14,-24,15,-29,18,-26,17,-23,15,-25,15,-22,13,-28,13,-26,14,-26,15,-25,19,-26,11,-23,13,-29,15,-23,22,-33,22,-23,20,-23,22,-22,19,-19,17,-20,19,-23,19,-22,17,-18,23,-17,15,-15,22,-19,20,-13,26,-14,20,-8,22,-9,22,-4,18,-4,17,-3,20,-7,18,-6,19,-1,0,0,0,0,0,0,0,0,0,0]"""
1782031928959,2026-06-21T17:52:08.959,safe,posture,mhw,standing_still,t017,"CSI_DATA,534775,1a:00:00:00:00:00,-43,11,-99,17,28,11,514740692,47,2,256,0,""[0,0,0,0,0,0,0,0,0,0,0,0,-6,-5,-6,-5,-3,-5,-6,-6,-6,-5,-7,-6,-6,-10,-7,-7,-6,-8,-6,-8,-8,-8,-8,-10,-8,-11,-8,-11,-6,-13,-7,-12,-7,-16,-8,-13,-6,-17,-5,-20,-5,-18,-3,-17,-3,-18,-7,-18,-5,-20,-6,-21,-3,-17,-5,-21,-2,-17,-6,-20,-6,-20,-5,-26,-2,-23,-3,-21,-2,-23,-2,-22,-6,-20,-8,-22,-5,-22,-6,-21,-6,-22,-8,-21,-11,-26,-8,-25,-8,-30,-6,-28,-8,-27,-5,-28,-6,-25,-8,-28,-12,-31,-10,-27,-8,-31,-7,-31,-11,-32,-8,-35,-10,-31,0,0,0,0,0,0,-35,6,-31,6,-41,7,-33,3,-27,5,-35,3,-31,5,-37,5,-30,5,-39,3,-36,2,-30,1,-30,2,-28,1,-33,5,-32,7,-31,6,-27,3,-31,3,-26,3,-32,6,-28,6,-32,6,-31,2,-30,5,-28,2,-27,2,-30,10,-30,7,-31,6,-27,5,-31,3,-26,3,-31,5,-30,5,-37,1,-31,-2,-30,-1,-31,-3,-27,-5,-26,-3,-31,-1,-26,-5,-25,-3,-25,-6,-23,-5,-26,-8,-25,-8,-26,-12,-20,-13,-18,-12,-15,-13,-15,-12,-13,-12,-16,-12,-12,-12,-11,-15,0,0,0,0,0,0,0,0,0,0]"""
1782031928968,2026-06-21T17:52:08.968,safe,posture,mhw,standing_still,t017,"CSI_DATA,534776,1a:00:00:00:00:00,-43,11,-99,19,28,11,514751692,47,2,256,0,""[0,0,0,0,0,0,0,0,0,0,0,0,3,5,4,7,3,7,4,9,3,5,4,10,4,9,3,10,4,10,3,10,4,11,4,11,4,14,4,15,0,19,2,14,2,17,0,16,2,19,0,17,-3,15,2,20,-4,16,-2,20,-2,21,-3,20,-3,21,-4,23,-1,17,-2,21,-4,20,-2,23,-5,22,-3,20,-5,23,-3,23,-2,22,-3,23,-1,23,-3,23,-5,26,-1,22,-1,27,-4,26,-4,32,-5,24,-2,29,-4,29,-2,28,-4,29,-1,33,-3,32,-7,34,-5,29,-4,34,-4,36,-8,34,0,0,0,0,0,0,38,13,30,13,38,11,33,14,29,11,36,15,28,10,33,14,28,11,33,15,32,13,26,15,30,13,26,14,30,14,30,11,29,10,27,11,30,16,26,8,30,10,26,13,29,11,29,14,24,11,28,11,26,13,28,11,29,13,29,13,27,14,29,17,26,11,28,14,23,16,32,20,22,20,26,17,23,21,23,20,20,17,22,20,21,21,17,19,17,23,16,17,14,23,11,23,11,26,7,22,9,21,5,20,5,22,2,20,3,20,3,19,-1,19,0,0,0,0,0,0,0,0,0,0]"""
1782031928981,2026-06-21T17:52:08.981,safe,posture,mhw,standing_still,t017,"CSI_DATA,534777,1a:00:00:00:00:00,-43,11,-99,19,28,11,514762692,47,2,256,0,""[0,0,0,0,0,0,0,0,0,0,0,0,1,-7,-1,-7,1,-7,1,-9,1,-7,3,-10,3,-9,3,-10,3,-9,3,-9,3,-13,7,-11,7,-11,5,-13,7,-13,9,-10,8,-14,10,-13,14,-15,15,-13,14,-14,14,-11,13,-11,16,-15,14,-14,14,-14,16,-11,17,-13,16,-10,15,-14,15,-14,22,-15,21,-10,20,-10,19,-11,19,-10,17,-14,19,-15,20,-13,19,-11,19,-15,20,-14,22,-19,21,-16,27,-19,24,-16,24,-15,24,-14,23,-14,24,-15,27,-20,23,-15,27,-15,30,-14,28,-16,32,-14,32,-15,0,0,0,0,0,0,-13,-34,-11,-32,-15,-36,-10,-32,-8,-29,-10,-34,-8,-30,-9,-36,-9,-30,-7,-36,-7,-35,-5,-30,-4,-28,-5,-30,-8,-33,-7,-30,-7,-29,-5,-28,-5,-28,-5,-27,-8,-32,-7,-30,-5,-33,-3,-33,-4,-30,-1,-28,-4,-29,-8,-32,-3,-30,-5,-30,-3,-28,-1,-28,-1,-30,-1,-32,0,-30,2,-38,3,-34,5,-28,4,-32,8,-26,7,-27,7,-32,9,-27,5,-24,9,-26,10,-23,14,-24,11,-23,19,-23,15,-20,15,-17,16,-15,17,-11,19,-13,17,-14,15,-10,16,-8,0,0,0,0,0,0,0,0,0,0]"""
1782031928991,2026-06-21T17:52:08.991,safe,posture,mhw,standing_still,t017,"CSI_DATA,534778,1a:00:00:00:00:00,-43,11,-99,14,29,11,514773692,47,2,256,0,""[0,0,0,0,0,0,0,0,0,0,0,0,6,-3,6,-3,7,-4,6,-4,7,-7,6,-7,7,-8,6,-8,7,-9,9,-8,11,-8,11,-9,9,-11,11,-11,11,-11,11,-12,9,-11,12,-14,9,-12,11,-14,12,-18,9,-15,12,-15,12,-14,11,-18,11,-18,12,-17,11,-19,11,-22,8,-19,7,-20,7,-19,6,-22,3,-22,2,-22,2,-24,2,-24,2,-22,1,-24,-1,-28,-1,-24,-2,-26,-3,-25,-6,-26,-7,-23,-8,-25,-9,-26,-11,-25,-13,-26,-14,-29,-13,-26,-14,-28,-17,-29,-17,-28,-18,-28,-18,-25,-20,-24,0,0,0,0,0,0,-28,22,-29,26,-23,22,-24,25,-25,29,-22,22,-22,26,-18,25,-22,28,-17,24,-13,26,-13,28,-11,31,-12,30,-14,26,-11,28,-7,30,-8,29,-6,30,-4,31,-1,28,-3,31,2,26,1,29,2,29,6,31,3,31,4,28,4,31,8,29,6,31,9,30,9,33,9,28,11,28,9,25,12,28,12,28,14,30,13,28,13,28,8,28,9,28,11,28,11,26,11,26,9,24,11,26,8,19,9,22,8,22,9,20,8,19,8,22,3,19,3,18,3,20,0,0,0,0,0,0,0,0,0,0]"""
1782031929003,2026-06-21T17:52:09.003,safe,posture,mhw,standing_still,t017,"CSI_DATA,534779,1a:00:00:00:00:00,-43,11,-99,17,28,11,514784692,47,2,256,0,""[0,0,0,0,0,0,0,0,0,0,0,0,-6,0,-6,1,-8,0,-8,2,-8,0,-11,2,-10,1,-10,3,-12,2,-12,3,-12,1,-11,1,-15,1,-15,2,-15,2,-17,3,-15,2,-17,5,-17,5,-18,3,-20,3,-17,5,-17,3,-18,6,-18,5,-18,5,-18,10,-16,10,-21,7,-20,8,-16,12,-20,10,-20,13,-17,12,-17,15,-16,12,-17,15,-17,17,-18,15,-16,20,-15,21,-16,21,-16,20,-12,22,-12,22,-12,26,-12,25,-10,25,-12,27,-11,28,-12,30,-11,28,-10,32,-11,35,-8,32,-6,33,-5,33,0,0,0,0,0,0,33,5,36,0,33,1,35,-2,36,0,32,0,35,-1,33,-2,33,-5,32,-2,32,-6,31,-8,30,-6,31,-10,31,-8,30,-10,28,-12,27,-11,23,-13,30,-15,26,-17,23,-17,22,-17,23,-18,22,-21,21,-18,22,-21,21,-23,23,-21,20,-25,20,-25,16,-23,21,-23,18,-25,16,-23,18,-25,17,-30,17,-23,15,-26,16,-23,16,-23,16,-23,18,-23,15,-25,13,-22,16,-21,17,-20,13,-23,13,-18,13,-21,13,-17,11,-18,15,-15,13,-16,16,-13,13,-13,13,-12,0,0,0,0,0,0,0,0,0,0]"""
1782031929013,2026-06-21T17:52:09.013,safe,posture,mhw,standing_still,t017,"CSI_DATA,534780,1a:00:00:00:00:00,-43,11,-99,17,28,11,514795692,47,2,256,0,""[0,0,0,0,0,0,0,0,0,0,0,0,7,3,5,2,7,5,7,5,7,7,7,6,7,5,8,5,8,7,11,7,10,7,8,6,12,8,12,7,11,8,15,11,15,8,16,12,12,10,15,7,17,8,16,10,16,8,17,8,17,10,17,10,16,11,18,7,20,12,20,8,18,8,18,7,22,6,20,5,23,2,22,3,22,5,23,3,23,3,26,0,23,-1,26,2,25,1,27,-3,23,-3,28,-7,27,-3,26,-11,30,-7,30,-7,28,-7,31,-7,30,-12,32,-11,32,-12,30,-11,30,-16,0,0,0,0,0,0,-16,-30,-17,-35,-17,-27,-18,-28,-20,-32,-15,-28,-21,-30,-20,-25,-21,-28,-18,-22,-20,-23,-25,-21,-21,-22,-26,-22,-22,-20,-23,-18,-26,-18,-27,-17,-23,-15,-26,-20,-26,-12,-28,-12,-23,-10,-26,-10,-30,-10,-27,-10,-32,-10,-30,-7,-32,-7,-30,-5,-31,-6,-30,-2,-33,-10,-30,-5,-28,-3,-27,-5,-32,0,-28,-5,-31,0,-30,-5,-30,-2,-28,-6,-30,-6,-28,-5,-27,-3,-28,-5,-22,-7,-26,-3,-20,-6,-25,-3,-21,-6,-22,-3,-20,-6,-20,-5,-18,-6,-17,-7,-16,-7,0,0,0,0,0,0,0,0,0,0]"""
1782031929023,2026-06-21T17:52:09.023,safe,posture,mhw,standing_still,t017,"CSI_DATA,534781,1a:00:00:00:00:00,-43,11,-99,18,28,11,514806692,47,2,256,0,""[0,0,0,0,0,0,0,0,0,0,0,0,2,6,2,8,2,7,2,9,2,9,2,9,2,9,2,9,1,12,2,12,0,11,1,14,2,13,0,14,-2,18,0,15,-1,15,-3,17,-1,15,-3,15,-4,14,-2,20,-4,19,-4,19,-4,22,-3,20,-6,19,-6,20,-4,20,-4,20,-7,22,-4,22,-2,20,-3,22,-6,23,-3,25,-3,22,-6,24,-4,24,-4,24,-4,24,-2,28,-3,25,-4,28,-2,25,-3,25,-1,29,-1,29,-1,30,-3,31,-3,30,-4,31,-3,34,-3,31,-4,31,-2,33,-4,34,0,0,0,0,0,0,36,9,34,12,34,6,34,11,34,8,31,13,31,9,33,9,29,11,31,8,31,7,28,9,33,4,31,6,29,8,31,7,31,7,30,9,30,9,30,4,30,4,30,7,28,3,29,3,29,6,33,2,29,6,29,7,30,4,29,3,30,8,33,8,30,4,31,6,29,9,31,7,29,7,30,7,29,9,29,11,26,11,26,13,26,12,26,14,23,15,24,14,20,15,20,17,19,15,15,14,17,14,14,15,15,15,13,17,9,18,8,17,7,19,0,0,0,0,0,0,0,0,0,0]"""
1782031929036,2026-06-21T17:52:09.036,safe,posture,mhw,standing_still,t017,"CSI_DATA,534782,1a:00:00:00:00:00,-43,11,-99,18,28,11,514817701,47,2,256,0,""[0,0,0,0,0,0,0,0,0,0,0,0,7,4,4,3,7,4,6,4,8,6,7,4,8,6,11,6,11,6,13,6,11,7,9,6,12,7,9,8,11,8,14,11,13,9,14,9,12,8,13,8,15,7,15,12,15,11,15,12,17,12,15,11,15,14,17,11,19,13,17,8,19,12,18,9,20,9,22,9,22,8,20,8,23,8,22,8,23,8,26,6,24,4,28,7,24,4,28,2,23,2,29,0,28,2,28,-3,30,0,31,-1,31,0,31,0,33,-1,36,-2,34,0,33,-2,35,-7,0,0,0,0,0,0,-3,-35,-6,-39,-6,-30,-7,-34,-7,-39,-6,-33,-7,-36,-8,-30,-8,-35,-8,-29,-12,-30,-12,-30,-13,-30,-14,-30,-9,-29,-12,-26,-15,-28,-14,-29,-12,-24,-18,-29,-15,-24,-18,-28,-14,-18,-18,-20,-19,-22,-22,-22,-23,-24,-18,-22,-22,-23,-23,-20,-22,-23,-23,-20,-22,-24,-22,-20,-22,-20,-20,-18,-26,-18,-23,-19,-24,-18,-23,-20,-22,-20,-18,-20,-19,-20,-20,-23,-18,-20,-18,-20,-14,-19,-19,-20,-12,-15,-14,-19,-13,-17,-14,-18,-12,-18,-13,-17,-6,-18,-7,-19,-4,-17,0,0,0,0,0,0,0,0,0,0]"""
1782031929045,2026-06-21T17:52:09.045,safe,posture,mhw,standing_still,t017,"CSI_DATA,534783,1a:00:00:00:00:00,-43,11,-99,17,28,11,514828692,47,2,256,0,""[0,0,0,0,0,0,0,0,0,0,0,0,-2,7,-2,8,-3,6,-5,7,-5,8,-6,8,-6,10,-6,8,-7,8,-7,8,-8,8,-8,11,-8,10,-8,11,-10,10,-15,8,-15,10,-13,10,-16,10,-17,10,-16,11,-17,6,-16,8,-17,10,-17,8,-18,8,-18,6,-21,8,-20,5,-20,7,-20,6,-22,7,-22,10,-20,7,-20,6,-22,6,-21,8,-22,10,-23,6,-21,8,-22,10,-22,6,-25,8,-23,10,-26,8,-27,10,-27,10,-26,10,-27,7,-27,8,-31,12,-28,8,-31,7,-33,7,-33,8,-33,7,-33,8,0,0,0,0,0,0,6,35,3,32,7,36,5,36,3,32,2,35,1,33,1,33,1,33,1,37,1,33,1,32,-2,30,2,31,3,31,2,31,3,31,1,30,2,28,-1,28,1,30,1,30,0,32,-1,31,2,30,-2,30,1,30,5,31,0,31,2,31,0,30,-1,30,-5,30,-2,32,-2,30,-5,33,-5,32,-6,30,-7,30,-11,27,-8,26,-8,31,-10,28,-8,23,-10,25,-12,22,-13,22,-13,21,-18,18,-16,18,-17,16,-17,15,-17,11,-17,11,-17,12,-16,8,-17,7,0,0,0,0,0,0,0,0,0,0]"""
1782031929059,2026-06-21T17:52:09.059,safe,posture,mhw,standing_still,t017,"CSI_DATA,534784,1a:00:00:00:00:00,-43,11,-99,17,28,11,514839692,47,2,256,0,""[0,0,0,0,0,0,0,0,0,0,0,0,6,-3,8,-3,7,-3,7,-3,7,-3,8,-3,11,-3,10,-3,11,-5,10,-2,11,-5,15,-5,13,-6,13,-3,16,-5,13,-5,18,-6,16,-3,17,-5,18,-6,18,-5,20,-7,17,-5,18,-5,21,-5,20,-7,20,-5,23,-6,17,-5,22,-11,20,-3,22,-8,21,-6,18,-8,22,-8,20,-10,21,-10,21,-12,18,-11,20,-12,23,-13,17,-15,21,-17,22,-15,23,-18,21,-12,21,-20,22,-16,21,-20,21,-20,22,-22,22,-23,26,-21,23,-21,23,-23,23,-26,23,-23,0,0,0,0,0,0,-25,-27,-23,-23,-26,-23,-23,-25,-23,-22,-23,-27,-22,-21,-26,-25,-21,-22,-25,-23,-25,-21,-21,-21,-27,-20,-23,-18,-25,-18,-26,-18,-26,-16,-27,-16,-27,-18,-23,-12,-28,-12,-26,-15,-26,-15,-26,-13,-22,-13,-30,-10,-26,-11,-27,-10,-30,-11,-27,-8,-27,-11,-31,-12,-27,-8,-31,-8,-28,-12,-33,-12,-27,-11,-27,-10,-27,-12,-28,-11,-27,-12,-25,-11,-25,-12,-25,-13,-25,-16,-22,-12,-23,-15,-21,-15,-21,-16,-17,-13,-18,-15,-16,-15,-17,-17,-12,-13,-15,-15,-12,-12,-11,-16,0,0,0,0,0,0,0,0,0,0]"""
1782031929070,2026-06-21T17:52:09.070,safe,posture,mhw,standing_still,t017,"CSI_DATA,534785,1a:00:00:00:00:00,-43,11,-99,15,29,11,514850692,47,2,256,0,""[0,0,0,0,0,0,0,0,0,0,0,0,-3,-7,-1,-5,-2,-9,-2,-8,-2,-9,0,-8,-3,-9,-3,-11,-1,-11,-2,-13,-1,-13,-3,-14,-3,-13,-3,-14,0,-13,-1,-17,-2,-15,-1,-19,-1,-15,1,-17,0,-20,1,-16,-1,-22,-1,-19,-1,-21,-1,-21,1,-21,0,-20,1,-24,-1,-21,0,-23,-1,-19,-2,-22,-1,-22,-3,-22,-2,-23,-2,-24,-2,-22,-3,-24,-5,-27,-5,-22,-4,-28,-4,-24,-9,-26,-5,-20,-9,-27,-7,-27,-11,-24,-10,-30,-11,-30,-10,-27,-11,-29,-8,-30,-11,-34,-10,-32,-10,-28,-14,-33,0,0,0,0,0,0,-33,9,-39,13,-27,10,-35,13,-39,15,-29,8,-36,13,-29,9,-36,11,-26,11,-27,11,-29,13,-32,14,-30,19,-27,13,-28,14,-27,17,-27,15,-23,16,-29,16,-22,15,-28,19,-19,14,-22,16,-23,19,-23,20,-27,22,-22,17,-23,21,-23,22,-27,21,-21,22,-28,21,-23,16,-26,19,-20,15,-22,20,-24,17,-22,21,-26,17,-26,16,-24,13,-27,15,-27,15,-23,14,-28,13,-22,7,-26,11,-17,7,-23,9,-22,5,-19,7,-22,4,-21,3,-19,2,-17,1,-17,-1,0,0,0,0,0,0,0,0,0,0]"""
1782031929080,2026-06-21T17:52:09.080,safe,posture,mhw,standing_still,t017,"CSI_DATA,534786,1a:00:00:00:00:00,-43,11,-99,17,28,11,514861692,47,2,256,0,""[0,0,0,0,0,0,0,0,0,0,0,0,6,-2,7,-3,6,-2,8,-1,7,-2,11,-2,10,-2,10,-1,11,-5,11,-1,11,-3,13,-2,13,-3,15,-2,18,0,12,-2,17,-2,16,-3,18,-2,20,0,18,-1,20,-1,17,0,18,0,21,0,20,-1,20,0,25,1,18,-2,22,-2,21,0,26,-1,21,1,22,-2,23,-2,23,-2,21,-2,23,-5,23,-5,22,-3,27,-3,21,-8,27,-8,27,-5,31,-6,23,-3,27,-8,27,-5,27,-7,27,-7,30,-11,30,-13,33,-10,28,-10,31,-13,33,-11,33,-8,0,0,0,0,0,0,-8,-35,-7,-28,-11,-39,-6,-33,-7,-27,-8,-35,-8,-27,-8,-37,-8,-27,-10,-35,-8,-32,-5,-28,-12,-31,-7,-28,-10,-28,-12,-30,-13,-28,-11,-27,-10,-32,-11,-21,-16,-28,-11,-26,-13,-28,-12,-28,-10,-26,-13,-27,-12,-25,-15,-26,-13,-28,-16,-26,-12,-25,-13,-31,-13,-22,-16,-26,-13,-28,-17,-32,-10,-27,-12,-27,-8,-30,-8,-28,-8,-25,-11,-27,-10,-27,-8,-23,-3,-28,-7,-22,-5,-27,-2,-23,0,-28,1,-22,0,-25,3,-22,2,-21,2,-18,3,-21,3,-20,7,-18,0,0,0,0,0,0,0,0,0,0]"""
1782031929091,2026-06-21T17:52:09.091,safe,posture,mhw,standing_still,t017,"CSI_DATA,534787,1a:00:00:00:00:00,-43,11,-99,19,28,11,514873832,47,2,256,0,""[0,0,0,0,0,0,0,0,0,0,0,0,7,0,8,1,8,1,10,0,9,1,10,1,11,0,10,1,11,1,11,3,11,4,15,3,13,3,15,4,16,7,14,3,17,4,15,5,15,7,17,5,19,4,19,8,16,9,16,9,19,10,17,10,17,11,20,13,16,8,20,9,20,11,21,11,17,10,20,8,22,10,23,10,21,9,21,9,22,9,21,11,23,11,23,7,26,8,26,11,26,10,24,9,29,7,26,9,29,7,28,8,29,9,32,8,33,11,29,9,32,10,33,11,33,10,0,0,0,0,0,0,14,-35,14,-32,13,-32,11,-33,13,-30,16,-32,11,-28,14,-34,11,-30,13,-29,10,-30,13,-27,10,-33,14,-27,13,-26,13,-28,9,-29,9,-27,14,-32,8,-26,7,-29,10,-28,9,-28,7,-28,9,-27,5,-30,10,-29,9,-28,9,-32,8,-29,10,-30,13,-33,7,-28,7,-29,10,-28,13,-32,10,-27,9,-27,11,-28,13,-28,14,-26,15,-24,16,-26,17,-23,17,-22,15,-21,16,-21,16,-20,17,-17,16,-15,17,-16,16,-14,16,-15,20,-9,16,-10,19,-5,19,-7,0,0,0,0,0,0,0,0,0,0]"""
1782031929104,2026-06-21T17:52:09.104,safe,posture,mhw,standing_still,t017,"CSI_DATA,534788,1a:00:00:00:00:00,-43,11,-99,18,28,11,514884229,47,2,256,0,""[0,0,0,0,0,0,0,0,0,0,0,0,-7,0,-7,1,-7,1,-9,2,-7,2,-8,1,-11,1,-8,0,-12,2,-11,1,-13,1,-13,2,-13,2,-14,1,-17,1,-15,2,-18,4,-17,2,-18,2,-18,3,-14,1,-20,4,-18,0,-19,3,-20,3,-20,4,-20,2,-23,2,-19,6,-20,7,-19,6,-23,8,-22,6,-20,7,-22,8,-20,11,-18,9,-19,12,-19,12,-19,12,-23,13,-18,18,-20,19,-22,18,-23,20,-19,14,-20,23,-22,20,-18,23,-23,24,-17,25,-20,26,-20,28,-19,23,-17,29,-20,31,-18,29,0,0,0,0,0,0,29,19,30,17,34,18,31,18,28,13,29,18,26,13,33,13,28,14,31,13,30,11,28,12,33,7,29,9,30,11,30,7,31,6,29,4,33,7,26,0,31,0,30,2,33,1,30,0,28,2,31,-3,29,-3,29,-3,31,-4,28,-6,28,-2,35,-3,25,-9,30,-9,29,-4,34,-8,30,-4,30,-7,30,-4,30,-6,26,-6,30,-4,28,-7,26,-4,28,-2,24,-6,28,-4,25,-2,28,0,22,1,24,-1,22,1,23,-1,20,3,19,2,20,2,19,3,0,0,0,0,0,0,0,0,0,0]"""
1782031929115,2026-06-21T17:52:09.115,safe,posture,mhw,standing_still,t017,"CSI_DATA,534789,1a:00:00:00:00:00,-43,11,-99,17,28,11,514894692,47,2,256,0,""[0,0,0,0,0,0,0,0,0,0,0,0,-5,-3,-5,-5,-5,-5,-6,-6,-5,-6,-6,-8,-5,-10,-5,-10,-5,-10,-5,-11,-6,-12,-5,-12,-6,-12,-5,-13,-2,-13,-3,-15,-5,-16,-5,-16,-3,-18,-2,-18,-2,-13,-1,-18,0,-20,-2,-20,-1,-20,0,-20,-1,-20,-1,-21,0,-20,-1,-22,0,-21,-1,-25,2,-22,1,-21,1,-22,2,-21,-1,-21,-2,-25,-1,-23,-1,-22,0,-23,-1,-25,-3,-27,-1,-26,-2,-30,0,-30,0,-28,1,-28,0,-27,-1,-31,-5,-32,-1,-28,-1,-32,2,-35,-1,-35,0,-35,0,-35,0,0,0,0,0,0,-37,-3,-31,-3,-40,-3,-35,-2,-31,-3,-35,-3,-32,-5,-35,-5,-32,-1,-33,-7,-35,-7,-31,-5,-27,-6,-28,-6,-32,-5,-31,-3,-31,-3,-28,-5,-28,-3,-28,-3,-31,-3,-30,-3,-31,-6,-30,-6,-28,-5,-27,-6,-30,-7,-32,-2,-31,-5,-30,-5,-27,-6,-30,-6,-28,-7,-30,-7,-31,-8,-33,-12,-31,-12,-28,-10,-28,-12,-25,-13,-26,-12,-28,-13,-25,-15,-21,-13,-22,-15,-21,-15,-21,-15,-20,-17,-17,-21,-13,-18,-13,-18,-11,-18,-8,-15,-10,-18,-7,-21,-7,-18,-3,-16,0,0,0,0,0,0,0,0,0,0]"""
1782031929123,2026-06-21T17:52:09.123,safe,posture,mhw,standing_still,t017,"CSI_DATA,534790,1a:00:00:00:00:00,-43,11,-99,18,28,11,514905692,47,2,256,0,""[0,0,0,0,0,0,0,0,0,0,0,0,0,7,-1,7,-2,7,-2,8,-1,9,-2,7,-1,9,-3,11,-3,11,-3,14,-7,9,-6,11,-7,13,-7,14,-8,12,-11,13,-9,13,-12,12,-11,9,-9,12,-12,9,-13,17,-17,13,-14,11,-15,12,-15,13,-18,12,-18,12,-18,13,-17,12,-18,13,-15,11,-17,12,-18,13,-18,15,-18,15,-20,13,-20,13,-20,14,-22,15,-20,14,-23,15,-22,13,-23,15,-18,12,-22,14,-22,15,-20,18,-25,19,-25,18,-25,15,-29,17,-28,15,-31,17,-30,17,-29,17,-28,18,0,0,0,0,0,0,15,33,14,36,11,28,11,34,11,37,8,30,11,35,8,31,8,34,8,28,11,29,8,30,11,31,9,33,6,28,6,29,7,31,7,31,6,29,11,31,8,26,6,33,7,25,9,28,7,29,9,29,7,31,4,29,4,30,7,30,2,31,4,29,3,33,3,30,2,31,0,26,2,30,2,31,2,30,0,31,-2,31,-6,28,-6,30,-9,28,-7,25,-11,26,-11,22,-11,24,-12,18,-11,19,-11,19,-12,19,-13,17,-15,17,-15,13,-15,11,-15,9,0,0,0,0,0,0,0,0,0,0]"""
1782031929136,2026-06-21T17:52:09.136,safe,posture,mhw,standing_still,t017,"CSI_DATA,534791,1a:00:00:00:00:00,-43,11,-99,17,28,11,514916692,47,2,256,0,""[0,0,0,0,0,0,0,0,0,0,0,0,1,-5,6,-8,3,-6,5,-8,3,-7,6,-7,7,-7,8,-6,8,-8,8,-6,10,-10,10,-10,10,-11,10,-11,11,-12,10,-10,12,-13,12,-12,12,-12,15,-12,16,-11,12,-15,13,-11,16,-13,15,-13,15,-15,16,-12,20,-15,12,-13,13,-16,15,-13,17,-18,17,-15,16,-15,17,-16,16,-17,13,-15,13,-21,15,-20,13,-18,15,-20,10,-21,11,-26,15,-23,15,-26,13,-22,12,-25,16,-25,12,-25,15,-28,11,-30,8,-31,12,-32,8,-28,8,-32,13,-33,12,-31,0,0,0,0,0,0,-33,-16,-31,-13,-35,-12,-32,-16,-30,-11,-36,-15,-28,-10,-36,-11,-27,-11,-32,-11,-31,-12,-28,-13,-32,-7,-27,-8,-30,-8,-31,-6,-30,-5,-30,-5,-31,-7,-26,-1,-30,0,-31,-3,-31,-2,-30,-3,-27,-5,-30,0,-27,-3,-30,1,-31,0,-30,1,-31,0,-35,-1,-27,5,-31,3,-31,0,-35,1,-30,-2,-30,-1,-30,-3,-28,-2,-27,-3,-31,-1,-28,-1,-26,-3,-27,-6,-26,-1,-28,-5,-26,-6,-26,-8,-20,-10,-22,-7,-18,-11,-20,-6,-17,-8,-17,-10,-17,-10,-16,-12,0,0,0,0,0,0,0,0,0,0]"""
1782031929146,2026-06-21T17:52:09.146,safe,posture,mhw,standing_still,t017,"CSI_DATA,534792,1a:00:00:00:00:00,-43,11,-99,17,28,11,514927692,47,2,256,0,""[0,0,0,0,0,0,0,0,0,0,0,0,-5,-5,-2,-8,-3,-7,-3,-7,-6,-6,-3,-7,-6,-8,-3,-8,-3,-7,-6,-10,-8,-11,-8,-11,-8,-11,-10,-10,-7,-12,-7,-15,-8,-15,-10,-12,-8,-17,-11,-18,-12,-13,-10,-15,-12,-15,-16,-16,-13,-15,-13,-13,-12,-13,-16,-15,-13,-13,-18,-13,-16,-12,-20,-16,-18,-16,-17,-13,-20,-15,-18,-10,-20,-8,-25,-6,-21,-7,-21,-6,-22,-7,-23,-3,-26,-2,-26,-2,-32,-3,-27,-5,-27,0,-30,-2,-26,0,-30,1,-32,6,-26,7,-31,5,-32,3,-31,12,-31,8,-32,8,0,0,0,0,0,0,10,32,11,30,17,35,13,32,12,26,16,30,16,28,20,31,18,25,20,31,20,30,17,26,17,22,20,22,25,22,23,18,25,17,23,17,23,18,23,16,26,13,28,13,30,12,28,13,26,12,27,10,26,8,31,5,30,6,31,3,27,5,30,5,28,2,32,1,32,2,39,3,32,5,30,3,30,5,26,5,28,1,32,-1,28,0,25,-1,26,2,26,1,27,0,26,1,28,6,22,2,25,5,20,7,18,3,20,5,21,2,18,3,20,5,0,0,0,0,0,0,0,0,0,0]"""
1782031929157,2026-06-21T17:52:09.157,safe,posture,mhw,standing_still,t017,"CSI_DATA,534793,1a:00:00:00:00:00,-44,11,-99,15,29,11,514938692,47,2,256,0,""[0,0,0,0,0,0,0,0,0,0,0,0,3,7,4,8,3,5,4,8,2,7,4,8,7,10,3,8,7,9,4,10,4,11,7,11,8,13,9,13,8,16,7,13,10,15,7,13,10,15,9,16,10,17,11,16,10,15,10,15,13,15,14,14,14,17,15,17,14,13,17,16,13,15,19,16,15,15,17,14,17,15,20,11,17,11,22,10,22,10,19,8,24,11,22,4,27,5,26,8,32,8,26,7,28,4,28,3,29,2,28,1,32,-2,30,-3,34,-1,32,-1,34,-3,36,-5,34,0,0,0,0,0,0,0,-5,-38,-4,-30,-8,-39,-5,-34,-7,-28,-9,-36,-8,-26,-10,-38,-9,-29,-11,-34,-13,-32,-10,-29,-15,-30,-11,-24,-16,-27,-19,-26,-20,-24,-17,-22,-20,-27,-17,-17,-24,-20,-21,-21,-26,-21,-23,-19,-21,-16,-24,-16,-22,-16,-27,-15,-27,-14,-26,-13,-23,-14,-29,-17,-23,-8,-30,-13,-27,-13,-33,-15,-26,-15,-27,-10,-26,-14,-26,-11,-24,-10,-28,-11,-28,-10,-24,-9,-26,-13,-22,-7,-26,-10,-21,-11,-23,-14,-19,-11,-22,-10,-17,-13,-20,-11,-15,-10,-17,-11,-15,-9,-15,-14,0,0,0,0,0,0,0,0,0,0]"""
1782031929168,2026-06-21T17:52:09.168,safe,posture,mhw,standing_still,t017,"CSI_DATA,534794,1a:00:00:00:00:00,-45,11,-99,21,29,11,514949692,47,2,256,0,""[0,0,0,0,0,0,0,0,0,0,0,0,7,-1,5,-1,8,-1,8,-2,10,-3,10,-1,10,-1,13,-4,11,-4,12,-4,12,-3,13,-4,13,-4,14,-3,14,-4,17,-2,16,-4,17,-5,17,-3,19,-5,19,-10,18,-3,20,-7,20,-7,19,-6,21,-7,20,-9,19,-8,22,-6,20,-8,19,-11,21,-8,21,-13,20,-10,18,-12,20,-13,19,-14,19,-17,19,-14,18,-18,16,-17,17,-18,19,-20,14,-23,17,-20,16,-25,16,-23,14,-25,15,-24,16,-28,17,-29,14,-27,14,-29,17,-32,13,-32,13,-29,12,-35,0,0,0,0,0,0,-32,-12,-35,-9,-34,-8,-34,-8,-34,-10,-33,-6,-35,-7,-35,-7,-34,-3,-33,-5,-33,-4,-32,1,-30,-1,-32,1,-32,1,-30,2,-32,4,-30,5,-28,6,-31,6,-27,8,-30,10,-28,7,-30,11,-27,12,-26,10,-28,12,-27,15,-27,14,-27,15,-26,14,-25,17,-30,16,-27,16,-25,18,-28,15,-28,18,-26,17,-25,17,-27,15,-26,16,-27,15,-25,15,-24,14,-22,15,-25,12,-24,11,-22,15,-20,10,-22,12,-21,9,-20,10,-17,7,-20,8,-21,6,-17,4,-19,4,0,0,0,0,0,0,0,0,0,0]"""
1782031929179,2026-06-21T17:52:09.179,safe,posture,mhw,standing_still,t017,"CSI_DATA,534795,1a:00:00:00:00:00,-43,11,-99,18,28,11,514960692,47,2,256,0,""[0,0,0,0,0,0,0,0,0,0,0,0,-3,6,-3,7,-3,8,-3,7,-3,8,-6,6,-3,7,-7,11,-7,9,-7,11,-7,11,-8,11,-8,11,-9,11,-9,9,-13,14,-11,12,-13,12,-12,8,-11,12,-13,11,-14,12,-17,13,-17,12,-18,9,-18,12,-18,12,-17,11,-24,12,-17,11,-20,11,-17,9,-17,13,-18,11,-18,13,-19,14,-22,14,-20,13,-22,13,-23,14,-19,15,-23,15,-22,12,-22,18,-17,12,-22,19,-23,15,-20,20,-24,20,-25,19,-23,15,-25,18,-28,18,-28,19,-29,19,-25,20,-26,20,0,0,0,0,0,0,15,29,18,34,15,24,17,30,19,35,13,28,15,33,14,28,14,31,12,25,13,25,14,28,14,29,17,29,11,26,13,28,15,28,13,29,12,24,15,30,15,23,15,29,12,20,14,24,15,28,15,26,18,30,13,25,14,26,17,25,14,29,14,25,14,33,13,26,12,26,8,24,14,26,9,28,11,28,8,30,7,30,3,28,2,29,3,30,2,28,1,29,-1,24,1,26,-1,20,-1,22,-4,20,-3,22,-6,23,-7,20,-8,15,-9,15,-9,14,0,0,0,0,0,0,0,0,0,0]"""
1782031929191,2026-06-21T17:52:09.191,safe,posture,mhw,standing_still,t017,"CSI_DATA,534796,1a:00:00:00:00:00,-43,11,-99,19,28,11,514971692,47,2,256,0,""[0,0,0,0,0,0,0,0,0,0,0,0,-5,-2,-7,-3,-7,-2,-8,-4,-7,-3,-8,-4,-7,-7,-8,-8,-8,-8,-8,-7,-10,-9,-10,-10,-10,-9,-9,-9,-10,-14,-8,-9,-11,-14,-13,-13,-11,-17,-8,-15,-3,-14,-10,-19,-4,-17,-9,-19,-8,-19,-8,-20,-8,-19,-8,-20,-7,-15,-9,-19,-9,-20,-10,-24,-4,-22,-7,-21,-7,-23,-5,-22,-9,-19,-11,-21,-9,-20,-9,-20,-8,-22,-14,-20,-15,-22,-13,-26,-14,-30,-7,-26,-13,-27,-7,-28,-9,-24,-10,-28,-15,-29,-14,-27,-11,-30,-10,-32,-15,-32,-11,-34,-9,-34,0,0,0,0,0,0,-34,7,-29,7,-36,10,-34,7,-29,4,-36,7,-28,7,-39,5,-30,7,-38,5,-35,2,-28,0,-32,4,-29,1,-32,4,-32,5,-30,7,-28,7,-32,2,-24,5,-30,7,-28,5,-33,4,-32,2,-30,0,-30,2,-28,1,-29,5,-30,4,-29,5,-28,1,-34,1,-26,3,-30,5,-32,3,-38,0,-32,-4,-32,-2,-30,-7,-26,-5,-27,-5,-33,-3,-28,-4,-24,-5,-26,-9,-23,-4,-27,-8,-24,-11,-26,-16,-17,-15,-17,-13,-13,-20,-14,-13,-13,-15,-14,-16,-11,-14,-9,-16,0,0,0,0,0,0,0,0,0,0]"""
1782031929200,2026-06-21T17:52:09.200,safe,posture,mhw,standing_still,t017,"CSI_DATA,534797,1a:00:00:00:00:00,-43,11,-99,19,28,11,514982692,47,2,256,0,""[0,0,0,0,0,0,0,0,0,0,0,0,-1,5,-3,5,-3,8,-3,9,-4,7,-5,8,-4,8,-5,7,-5,11,-5,11,-9,10,-8,11,-8,11,-9,11,-13,10,-14,11,-13,10,-14,8,-13,10,-10,11,-11,10,-17,13,-17,11,-16,8,-17,10,-17,10,-20,7,-20,9,-19,8,-21,9,-20,7,-17,8,-21,9,-20,10,-20,10,-21,10,-22,10,-22,9,-21,10,-24,11,-26,10,-23,9,-27,8,-26,10,-22,8,-24,10,-24,11,-24,13,-26,13,-28,11,-29,9,-33,10,-33,9,-32,10,-34,7,-35,11,-32,10,0,0,0,0,0,0,3,35,3,39,5,32,3,35,4,36,-1,36,1,34,1,35,0,35,1,30,3,29,2,33,3,33,2,33,-3,29,0,32,1,30,0,30,-2,34,-2,33,1,30,-2,33,2,27,2,27,1,29,2,32,0,30,-3,29,-2,30,-1,32,-3,32,-4,32,-4,30,-5,30,-8,30,-5,28,-4,29,-7,29,-5,29,-9,29,-9,28,-14,23,-13,27,-15,26,-17,24,-15,22,-19,20,-15,19,-16,15,-15,16,-16,17,-15,15,-20,13,-17,10,-17,7,-19,8,-19,4,0,0,0,0,0,0,0,0,0,0]"""
1782031929212,2026-06-21T17:52:09.212,safe,posture,mhw,standing_still,t017,"CSI_DATA,534798,1a:00:00:00:00:00,-43,11,-99,15,29,11,514993692,47,2,256,0,""[0,0,0,0,0,0,0,0,0,0,0,0,4,5,4,5,5,8,3,7,3,8,3,9,5,8,7,8,3,10,5,11,7,10,4,13,5,14,5,14,5,11,4,17,5,16,5,16,3,16,7,15,8,16,2,17,5,20,7,20,5,20,4,20,5,20,7,17,5,22,5,20,5,20,5,21,9,22,7,23,9,21,9,20,10,22,9,22,8,21,13,23,14,20,11,23,11,23,17,21,14,20,21,21,15,23,21,20,16,26,17,24,17,23,19,27,20,26,22,28,22,27,20,26,22,26,0,0,0,0,0,0,27,-23,27,-24,23,-23,26,-22,28,-26,24,-23,28,-23,24,-21,24,-23,26,-21,22,-23,21,-24,21,-20,22,-23,21,-23,19,-22,21,-26,19,-26,16,-22,22,-23,16,-24,17,-26,15,-22,16,-24,14,-28,16,-23,14,-27,14,-28,16,-27,14,-28,15,-27,10,-27,17,-28,16,-27,14,-27,17,-24,15,-29,17,-26,13,-28,16,-23,16,-24,16,-22,21,-22,19,-23,15,-22,21,-19,19,-17,16,-20,16,-15,19,-17,19,-14,16,-14,17,-11,17,-11,17,-8,17,-5,16,-5,0,0,0,0,0,0,0,0,0,0]"""
1782031929225,2026-06-21T17:52:09.225,safe,posture,mhw,standing_still,t017,"CSI_DATA,534799,1a:00:00:00:00:00,-43,11,-99,19,28,11,515004692,47,2,256,0,""[0,0,0,0,0,0,0,0,0,0,0,0,-7,-4,-4,-4,-4,-4,-5,-7,-5,-7,-5,-8,-7,-7,-5,-8,-7,-9,-7,-10,-4,-11,-7,-13,-8,-10,-8,-13,-5,-14,-8,-15,-10,-14,-5,-16,-7,-14,-7,-13,-4,-16,-9,-17,-8,-19,-5,-17,-7,-21,-8,-17,-7,-20,-7,-20,-8,-20,-13,-21,-7,-20,-8,-17,-10,-21,-10,-20,-13,-21,-11,-20,-10,-21,-9,-21,-11,-20,-11,-21,-11,-22,-15,-21,-16,-22,-16,-22,-15,-21,-16,-21,-17,-21,-20,-22,-21,-22,-20,-24,-17,-23,-20,-24,-22,-27,-21,-26,-23,-28,-22,-27,-24,-26,0,0,0,0,0,0,-28,21,-30,23,-26,21,-26,23,-28,22,-28,20,-26,21,-24,22,-26,21,-23,20,-23,21,-23,21,-23,26,-24,22,-24,20,-22,21,-21,23,-22,22,-22,22,-20,26,-19,23,-21,23,-17,22,-15,23,-17,22,-17,27,-20,26,-19,23,-20,24,-17,24,-21,23,-19,24,-16,24,-17,26,-19,22,-17,24,-17,23,-19,22,-19,24,-20,23,-21,21,-22,19,-23,19,-22,20,-23,16,-21,17,-21,14,-21,14,-20,9,-20,10,-20,13,-20,13,-20,9,-22,7,-16,4,-19,3,-20,1,0,0,0,0,0,0,0,0,0,0]"""
1782031929234,2026-06-21T17:52:09.234,safe,posture,mhw,standing_still,t017,"CSI_DATA,534800,1a:00:00:00:00:00,-43,11,-99,17,28,11,515015692,47,2,256,0,""[0,0,0,0,0,0,0,0,0,0,0,0,2,7,2,8,1,7,1,8,2,7,2,11,0,12,0,12,5,10,1,13,2,13,3,15,2,13,5,13,2,16,3,12,5,16,5,16,3,18,0,20,0,18,3,17,2,20,6,18,7,21,6,18,5,20,5,22,8,16,11,18,8,20,10,23,8,22,10,21,10,21,12,18,10,17,17,16,15,17,18,15,17,20,18,12,21,16,22,18,26,20,20,16,25,16,23,18,23,13,26,13,31,12,30,10,30,13,30,12,33,8,35,11,33,10,0,0,0,0,0,0,11,-36,7,-32,7,-37,6,-35,5,-28,6,-35,2,-30,1,-37,1,-31,3,-36,2,-32,3,-30,-1,-31,0,-28,-3,-32,-5,-32,-8,-31,-6,-28,-6,-32,-11,-23,-11,-28,-10,-26,-12,-28,-10,-27,-10,-26,-13,-27,-12,-25,-17,-25,-16,-25,-17,-25,-15,-25,-17,-26,-18,-20,-22,-23,-18,-22,-23,-28,-13,-25,-18,-22,-17,-28,-16,-23,-16,-21,-22,-22,-20,-22,-17,-18,-16,-22,-18,-17,-18,-21,-16,-21,-16,-23,-10,-18,-10,-20,-7,-20,-11,-17,-10,-18,-10,-18,-8,-17,-7,-18,0,0,0,0,0,0,0,0,0,0]"""
1782031929245,2026-06-21T17:52:09.245,safe,posture,mhw,standing_still,t017,"CSI_DATA,534801,1a:00:00:00:00:00,-44,11,-99,18,28,11,515026692,47,2,256,0,""[0,0,0,0,0,0,0,0,0,0,0,0,4,3,4,3,6,7,6,4,4,7,7,6,7,4,8,6,9,9,9,8,9,7,9,9,12,8,11,9,11,11,12,12,12,11,13,12,13,11,12,12,18,14,12,11,17,12,15,12,14,13,15,12,18,12,15,11,20,17,15,11,19,11,15,11,20,11,18,11,23,8,23,8,23,8,22,9,23,8,26,4,23,4,28,6,25,6,28,2,20,0,29,-2,28,1,26,-4,30,0,31,-2,30,1,31,1,33,-1,35,-3,34,-2,30,-4,34,-7,0,0,0,0,0,0,-6,-35,-9,-37,-11,-28,-9,-33,-11,-39,-7,-30,-12,-36,-9,-26,-13,-36,-12,-26,-13,-28,-14,-29,-15,-28,-19,-29,-13,-26,-15,-25,-19,-26,-19,-25,-18,-19,-22,-26,-19,-19,-23,-24,-19,-17,-22,-18,-24,-19,-22,-18,-26,-18,-24,-17,-25,-19,-26,-15,-26,-18,-26,-12,-29,-20,-25,-15,-25,-15,-22,-14,-30,-13,-24,-15,-28,-11,-26,-14,-26,-14,-24,-17,-23,-17,-25,-15,-23,-12,-23,-17,-18,-15,-23,-13,-14,-11,-22,-13,-17,-13,-19,-14,-17,-12,-17,-15,-13,-12,-11,-13,-9,-14,0,0,0,0,0,0,0,0,0,0]"""
1782031929255,2026-06-21T17:52:09.255,safe,posture,mhw,standing_still,t017,"CSI_DATA,534802,1a:00:00:00:00:00,-43,11,-99,18,28,11,515037692,47,2,256,0,""[0,0,0,0,0,0,0,0,0,0,0,0,-6,4,-6,4,-6,6,-6,4,-8,4,-6,4,-7,7,-8,6,-12,7,-9,6,-11,6,-12,6,-12,7,-15,6,-14,4,-15,6,-14,3,-17,6,-14,3,-15,6,-17,4,-20,4,-20,3,-19,1,-20,2,-19,1,-22,1,-22,2,-23,2,-20,2,-22,1,-18,2,-22,3,-23,3,-22,4,-24,4,-24,3,-23,1,-23,2,-26,3,-25,3,-26,4,-25,3,-28,4,-22,4,-24,6,-26,6,-28,8,-30,7,-31,4,-30,4,-33,3,-34,3,-33,6,-34,3,-31,6,-35,3,0,0,0,0,0,0,0,34,-1,39,2,29,1,36,0,40,-2,33,-1,35,0,31,-3,36,0,30,1,30,-2,31,1,34,0,34,-4,31,-3,30,-1,31,-2,30,-3,30,0,33,1,29,-2,33,0,25,2,29,0,30,2,31,0,33,-3,29,-2,31,-1,31,-2,31,-2,30,-3,34,-2,30,-4,30,-3,29,-2,30,-4,30,-6,29,-7,30,-8,30,-11,25,-11,28,-12,26,-11,25,-13,26,-13,19,-14,23,-13,17,-13,20,-14,17,-13,17,-15,18,-15,14,-17,11,-15,9,-17,7,0,0,0,0,0,0,0,0,0,0]"""
1782031929267,2026-06-21T17:52:09.267,safe,posture,mhw,standing_still,t017,"CSI_DATA,534803,1a:00:00:00:00:00,-43,11,-99,19,28,11,515049719,47,2,256,0,""[0,0,0,0,0,0,0,0,0,0,0,0,-3,5,-5,5,-4,5,-4,5,-5,8,-8,5,-8,8,-8,7,-10,7,-9,8,-11,7,-11,8,-11,7,-10,8,-11,7,-16,7,-15,7,-16,7,-17,5,-16,3,-17,3,-16,4,-21,4,-19,5,-20,3,-22,3,-19,2,-20,4,-21,2,-21,2,-22,3,-22,0,-24,2,-22,2,-22,2,-24,1,-22,3,-24,3,-23,3,-24,4,-24,4,-26,3,-28,3,-27,4,-27,1,-29,3,-27,2,-29,3,-26,1,-30,2,-30,3,-28,2,-33,1,-34,-1,-34,2,-35,1,-35,-1,0,0,0,0,0,0,-3,35,-2,35,-3,35,-4,35,-5,34,-4,34,-4,34,-5,33,-3,33,-7,34,-8,34,-5,32,-8,29,-5,30,-5,33,-4,29,-4,29,-4,30,-4,28,-7,30,-5,30,-4,30,-4,29,-7,29,-5,30,-7,28,-4,30,-3,30,-5,30,-7,32,-8,28,-7,29,-10,29,-9,28,-8,29,-14,30,-14,29,-14,28,-14,27,-15,23,-15,24,-17,26,-17,22,-16,22,-17,21,-20,19,-21,17,-19,17,-21,14,-21,14,-20,11,-19,9,-19,8,-19,7,-20,7,-17,3,-19,2,0,0,0,0,0,0,0,0,0,0]"""
1782031929279,2026-06-21T17:52:09.279,safe,posture,mhw,standing_still,t017,"CSI_DATA,534804,1a:00:00:00:00:00,-43,11,-99,18,28,11,515059692,47,2,256,0,""[0,0,0,0,0,0,0,0,0,0,0,0,-3,-7,-2,-8,-3,-7,-3,-8,-2,-9,-2,-8,-2,-8,-2,-11,-4,-11,-4,-11,-2,-12,-4,-12,-3,-12,-2,-13,-2,-15,-3,-17,-6,-17,-1,-19,-2,-18,-3,-14,-3,-15,-6,-20,-3,-19,-1,-18,-2,-22,-2,-18,-2,-22,-3,-22,-2,-20,-4,-20,-3,-22,-4,-19,-7,-19,-7,-19,-8,-22,-9,-22,-8,-22,-4,-20,-9,-22,-9,-23,-9,-24,-11,-23,-11,-22,-12,-25,-12,-23,-14,-22,-15,-22,-17,-22,-20,-25,-19,-26,-14,-25,-17,-26,-18,-29,-19,-25,-19,-26,-20,-26,-20,-26,0,0,0,0,0,0,-29,20,-33,22,-25,19,-26,20,-28,24,-25,17,-28,20,-25,20,-26,22,-24,19,-22,22,-22,20,-20,26,-22,25,-23,18,-20,23,-17,25,-20,23,-20,23,-19,24,-15,25,-18,23,-13,23,-12,24,-13,25,-13,29,-15,29,-14,25,-15,28,-13,28,-17,26,-14,29,-14,28,-12,25,-15,26,-13,25,-12,26,-12,28,-12,29,-13,29,-14,26,-17,23,-17,24,-17,23,-17,23,-17,20,-17,19,-18,20,-15,17,-14,15,-14,17,-15,18,-17,14,-17,14,-14,9,-15,9,-17,8,0,0,0,0,0,0,0,0,0,0]"""
1782031929290,2026-06-21T17:52:09.290,safe,posture,mhw,standing_still,t017,"CSI_DATA,534805,1a:00:00:00:00:00,-43,11,-99,18,28,11,515071338,47,2,256,0,""[0,0,0,0,0,0,0,0,0,0,0,0,6,-3,7,-2,6,-6,4,-4,8,-6,9,-6,7,-4,9,-7,9,-3,9,-8,9,-8,9,-6,11,-8,12,-7,11,-6,13,-11,12,-11,15,-11,13,-12,11,-9,14,-12,15,-13,15,-13,14,-12,14,-12,17,-13,13,-15,12,-15,17,-17,15,-14,12,-18,12,-15,9,-20,9,-19,7,-23,11,-20,7,-23,7,-22,8,-23,4,-24,3,-24,6,-26,4,-26,0,-25,2,-22,-2,-29,0,-28,-7,-28,-4,-29,-7,-30,-3,-30,-4,-31,-6,-31,-8,-34,-8,-33,-8,-29,-15,-31,0,0,0,0,0,0,-30,14,-34,17,-28,15,-29,18,-34,20,-28,17,-30,19,-26,18,-28,22,-24,22,-23,22,-22,25,-20,24,-20,26,-18,24,-17,24,-18,26,-15,28,-13,25,-17,29,-12,26,-11,30,-7,25,-7,28,-4,31,-6,28,-4,31,-2,29,-2,31,0,31,-1,34,2,29,-4,34,-1,30,1,30,1,26,4,33,1,30,6,29,1,30,2,29,0,29,2,30,0,30,2,26,1,29,-2,25,3,25,2,22,2,24,0,22,3,22,1,20,2,22,-2,18,-2,18,-3,17,0,0,0,0,0,0,0,0,0,0]"""
1782031929300,2026-06-21T17:52:09.300,safe,posture,mhw,standing_still,t017,"CSI_DATA,534806,1a:00:00:00:00:00,-44,11,-99,17,28,11,515081854,47,2,256,0,""[0,0,0,0,0,0,0,0,0,0,0,0,1,6,2,7,2,7,3,7,2,8,2,7,3,7,3,12,3,11,5,12,2,11,5,12,5,11,2,13,3,13,5,18,6,16,3,17,6,15,5,16,6,20,8,16,8,21,6,20,7,18,8,18,8,20,8,20,11,21,11,17,11,20,10,15,15,15,15,17,17,16,17,15,18,18,17,17,18,15,20,17,20,12,23,13,21,13,25,13,20,10,26,10,26,8,28,6,30,7,32,8,30,8,31,7,32,6,36,7,33,6,30,3,35,1,0,0,0,0,0,0,3,-37,2,-40,0,-28,-5,-35,-2,-42,0,-30,-3,-36,-3,-30,-3,-36,-5,-27,-7,-28,-7,-31,-12,-32,-12,-32,-7,-28,-11,-28,-13,-27,-13,-28,-13,-25,-17,-27,-17,-21,-18,-26,-13,-18,-21,-20,-20,-21,-25,-18,-23,-22,-21,-21,-22,-20,-25,-18,-26,-20,-22,-17,-27,-21,-23,-16,-26,-17,-20,-15,-25,-13,-25,-16,-28,-12,-26,-15,-27,-15,-21,-17,-23,-17,-23,-16,-23,-13,-23,-16,-18,-15,-23,-15,-16,-12,-18,-12,-18,-13,-20,-12,-17,-12,-18,-13,-15,-11,-13,-12,-11,-12,0,0,0,0,0,0,0,0,0,0]"""
1782031929310,2026-06-21T17:52:09.310,safe,posture,mhw,standing_still,t017,"CSI_DATA,534807,1a:00:00:00:00:00,-43,11,-99,17,28,11,515092693,47,2,256,0,""[0,0,0,0,0,0,0,0,0,0,0,0,-2,-6,-3,-6,-3,-7,-2,-6,-3,-8,-5,-8,-6,-7,-6,-10,-7,-10,-6,-11,-6,-12,-6,-11,-7,-11,-7,-12,-6,-13,-7,-15,-8,-13,-8,-16,-7,-13,-12,-15,-11,-15,-11,-16,-11,-20,-10,-17,-10,-18,-12,-17,-10,-17,-12,-17,-13,-16,-12,-15,-15,-18,-13,-12,-17,-15,-17,-12,-18,-15,-20,-13,-20,-13,-20,-15,-20,-13,-22,-12,-22,-12,-26,-11,-22,-10,-26,-10,-22,-7,-25,-7,-28,-7,-28,-3,-30,-3,-31,-6,-28,-6,-33,-5,-32,-5,-33,-1,-33,-3,-33,-1,-36,2,0,0,0,0,0,0,-1,33,1,39,1,31,3,35,3,37,2,32,5,35,5,31,3,35,6,30,8,27,7,30,13,31,11,31,8,27,12,28,15,27,13,27,12,26,17,26,17,22,20,26,16,21,18,21,20,22,25,22,22,22,21,22,23,22,23,20,22,21,25,21,26,21,22,17,25,20,23,17,23,16,25,16,27,16,25,18,23,17,21,18,23,18,22,20,20,17,22,17,18,16,20,16,16,13,17,15,18,15,16,13,17,13,15,16,11,15,11,16,10,16,0,0,0,0,0,0,0,0,0,0]"""
1782031929321,2026-06-21T17:52:09.321,safe,posture,mhw,standing_still,t017,"CSI_DATA,534808,1a:00:00:00:00:00,-43,11,-99,14,29,11,515103693,47,2,256,0,""[0,0,0,0,0,0,0,0,0,0,0,0,3,7,3,7,3,4,3,7,4,8,4,9,6,9,4,8,6,11,6,11,3,11,6,12,6,12,6,14,6,17,7,15,8,14,7,17,7,15,7,14,3,15,11,17,8,17,7,18,8,19,9,18,8,20,12,20,12,18,12,17,11,18,12,17,12,15,14,17,17,15,18,17,15,15,15,17,17,17,19,17,20,17,22,13,24,13,23,13,23,12,22,12,25,12,24,9,28,11,29,12,28,9,30,12,31,12,31,11,34,11,34,8,30,8,0,0,0,0,0,0,6,-36,9,-37,4,-33,7,-33,4,-34,6,-34,3,-33,3,-35,3,-34,2,-31,0,-30,0,-31,-2,-36,-1,-31,0,-29,-2,-30,-4,-29,-4,-31,-3,-33,-7,-29,-11,-29,-7,-30,-11,-25,-11,-26,-9,-26,-15,-29,-12,-26,-12,-25,-13,-29,-13,-26,-14,-28,-15,-30,-15,-25,-18,-26,-15,-26,-17,-26,-15,-23,-17,-24,-18,-26,-18,-26,-14,-25,-12,-25,-14,-25,-13,-25,-11,-25,-14,-22,-11,-24,-9,-23,-7,-20,-7,-19,-9,-20,-8,-19,-7,-20,-6,-20,-3,-19,-3,-19,-1,-18,0,0,0,0,0,0,0,0,0,0]"""
1782031929332,2026-06-21T17:52:09.332,safe,posture,mhw,standing_still,t017,"CSI_DATA,534809,1a:00:00:00:00:00,-44,11,-99,18,28,11,515114692,47,2,256,0,""[0,0,0,0,0,0,0,0,0,0,0,0,3,-3,6,-3,8,-4,7,-6,8,-6,6,-6,6,-4,8,-7,8,-7,9,-8,11,-6,11,-7,9,-9,12,-8,11,-7,15,-9,13,-9,18,-7,13,-8,12,-9,14,-9,15,-11,17,-13,15,-8,17,-11,15,-12,18,-12,15,-11,20,-13,17,-11,19,-13,15,-13,14,-17,17,-14,17,-17,15,-18,17,-18,15,-15,15,-19,15,-19,13,-19,15,-23,14,-19,15,-24,9,-18,9,-25,11,-25,7,-28,11,-28,12,-30,11,-26,13,-29,12,-30,13,-33,14,-31,8,-29,11,-34,0,0,0,0,0,0,-34,-8,-39,-12,-30,-6,-33,-9,-39,-8,-29,-9,-36,-9,-30,-7,-36,-9,-29,-4,-29,-3,-33,-2,-33,0,-35,1,-29,-2,-30,0,-31,2,-31,2,-28,2,-34,2,-28,4,-31,3,-23,4,-28,7,-30,7,-28,9,-33,12,-26,8,-30,11,-29,12,-31,9,-26,11,-34,9,-28,9,-29,11,-24,9,-29,13,-28,12,-28,14,-28,11,-28,11,-26,6,-29,9,-29,8,-26,7,-26,6,-23,2,-26,6,-19,6,-23,4,-22,3,-22,4,-20,2,-23,3,-17,-1,-19,-1,-17,-3,0,0,0,0,0,0,0,0,0,0]"""
1782031929342,2026-06-21T17:52:09.342,safe,posture,mhw,standing_still,t017,"CSI_DATA,534810,1a:00:00:00:00:00,-43,11,-99,19,28,11,515125692,47,2,256,0,""[0,0,0,0,0,0,0,0,0,0,0,0,-7,2,-7,3,-8,3,-8,2,-8,3,-8,0,-10,3,-10,3,-10,2,-13,3,-13,2,-11,3,-14,2,-14,2,-14,2,-19,1,-16,2,-16,0,-15,1,-17,3,-20,5,-19,0,-20,3,-20,3,-20,1,-21,1,-21,1,-17,1,-22,0,-20,2,-21,3,-21,2,-23,4,-23,4,-23,7,-22,5,-23,5,-22,7,-23,7,-24,9,-21,10,-26,8,-24,10,-23,11,-23,11,-24,17,-26,13,-22,17,-24,15,-26,15,-27,15,-27,14,-26,16,-29,19,-28,21,-26,16,-24,22,0,0,0,0,0,0,19,29,23,29,22,26,24,27,23,27,22,24,22,28,22,23,22,26,20,26,23,22,24,21,21,21,26,20,24,21,23,19,24,19,24,16,22,15,28,17,26,16,28,15,26,15,27,14,28,15,26,13,28,14,28,11,28,13,30,13,29,11,27,9,29,15,28,11,28,10,28,13,32,9,27,11,28,10,27,15,27,14,27,15,26,17,26,15,23,11,22,17,20,15,22,13,16,13,21,14,16,13,19,14,15,14,16,16,13,15,11,14,10,15,0,0,0,0,0,0,0,0,0,0]"""
1782031929353,2026-06-21T17:52:09.353,safe,posture,mhw,standing_still,t017,"CSI_DATA,534811,1a:00:00:00:00:00,-43,11,-99,18,28,11,515136692,47,2,256,0,""[0,0,0,0,0,0,0,0,0,0,0,0,3,-7,1,-6,4,-8,3,-8,3,-11,3,-7,6,-6,7,-8,7,-9,7,-11,9,-8,9,-9,9,-11,14,-9,12,-8,15,-11,13,-11,15,-9,12,-8,12,-8,17,-7,15,-9,19,-7,18,-8,20,-7,19,-6,19,-6,19,-4,23,-6,19,-6,22,-6,18,-4,19,-7,20,-6,22,-8,24,-7,23,-6,22,-3,24,-3,26,-4,24,-6,26,-4,25,-4,25,-7,22,-6,24,-8,25,-6,28,-8,30,-7,31,-8,26,-1,33,-3,33,-3,33,-4,35,-1,31,-4,33,-2,0,0,0,0,0,0,3,-36,3,-40,1,-29,2,-36,3,-39,6,-31,6,-36,7,-31,8,-33,6,-26,4,-28,6,-31,6,-33,6,-34,11,-28,9,-28,6,-29,9,-31,9,-28,7,-33,4,-28,9,-31,3,-23,6,-25,8,-29,8,-31,9,-31,9,-26,12,-28,9,-29,13,-28,11,-30,15,-30,14,-26,14,-26,12,-22,13,-26,15,-23,15,-26,20,-26,20,-23,19,-18,23,-19,22,-19,22,-17,24,-15,22,-11,22,-13,18,-8,20,-9,20,-7,20,-8,23,-6,23,-2,19,-1,17,1,18,3,0,0,0,0,0,0,0,0,0,0]"""
1782031929365,2026-06-21T17:52:09.365,safe,posture,mhw,standing_still,t017,"CSI_DATA,534812,1a:00:00:00:00:00,-43,11,-99,18,28,11,515147692,47,2,256,0,""[0,0,0,0,0,0,0,0,0,0,0,0,-7,1,-8,3,-7,1,-9,0,-9,2,-11,1,-11,1,-12,1,-12,0,-11,1,-14,1,-12,-1,-14,0,-15,1,-14,1,-15,-2,-18,-1,-17,-2,-19,-2,-17,-3,-17,-2,-17,-1,-19,-3,-20,-1,-20,-1,-20,-3,-20,-1,-19,-2,-19,-3,-20,-1,-22,0,-24,-3,-25,-1,-22,-2,-23,0,-22,-1,-23,0,-26,1,-22,0,-23,2,-24,0,-25,3,-25,2,-26,4,-30,3,-28,3,-29,3,-28,4,-25,3,-29,4,-31,8,-29,6,-33,7,-35,6,-35,11,-30,6,-33,9,0,0,0,0,0,0,9,33,8,31,9,36,7,36,7,34,8,30,7,33,8,35,6,31,6,35,9,34,8,31,6,29,8,28,11,30,9,29,11,30,11,28,9,28,11,28,13,28,12,26,13,28,12,28,14,26,12,26,12,28,15,25,13,26,15,25,13,25,14,24,13,26,15,26,15,25,15,30,13,30,12,28,9,28,11,26,11,26,12,29,8,29,9,24,8,24,7,26,6,25,6,25,2,25,2,23,1,24,1,23,0,20,-1,22,-2,23,-2,17,-6,17,0,0,0,0,0,0,0,0,0,0]"""
1782031929379,2026-06-21T17:52:09.379,safe,posture,mhw,standing_still,t017,"CSI_DATA,534813,1a:00:00:00:00:00,-44,11,-99,17,28,11,515161001,47,2,256,0,""[0,0,0,0,0,0,0,0,0,0,0,0,8,1,8,1,5,1,10,2,7,0,11,0,12,1,7,2,12,1,11,2,13,1,15,0,12,-1,13,-1,16,1,15,0,18,0,15,-1,17,2,20,0,15,1,18,0,18,2,20,-1,20,-1,20,-1,18,-1,22,-1,18,-3,23,-6,20,-5,26,-6,21,-1,23,-3,22,-5,21,-7,21,-8,21,-13,20,-11,20,-12,22,-12,16,-17,20,-18,22,-18,25,-21,20,-15,20,-20,22,-17,18,-18,21,-22,17,-28,13,-27,20,-26,16,-27,15,-33,20,-31,16,-31,0,0,0,0,0,0,-31,-17,-30,-13,-37,-16,-32,-15,-25,-10,-31,-13,-28,-8,-35,-10,-30,-8,-33,-11,-32,-10,-27,-11,-30,-5,-28,-6,-32,-1,-30,-1,-30,1,-28,1,-31,-1,-27,5,-30,7,-28,6,-32,7,-30,5,-28,5,-31,7,-26,6,-26,12,-27,10,-26,13,-26,11,-31,11,-21,16,-26,18,-27,16,-32,17,-27,10,-28,13,-28,10,-25,12,-25,12,-26,17,-25,15,-20,13,-25,11,-20,16,-23,16,-23,11,-27,11,-20,7,-23,6,-22,5,-20,7,-18,5,-20,7,-18,6,-18,3,0,0,0,0,0,0,0,0,0,0]"""
1782031929390,2026-06-21T17:52:09.390,safe,posture,mhw,standing_still,t017,"CSI_DATA,534814,1a:00:00:00:00:00,-43,11,-99,18,28,11,515169693,47,2,256,0,""[0,0,0,0,0,0,0,0,0,0,0,0,-6,-6,-6,-3,-4,-4,-7,-7,-6,-7,-7,-7,-4,-8,-6,-11,-7,-8,-6,-9,-7,-11,-7,-12,-6,-13,-7,-13,-6,-12,-6,-15,-4,-15,-6,-15,-4,-19,-4,-18,-3,-18,-4,-17,-6,-19,-4,-20,-4,-19,-4,-19,-4,-20,-6,-18,-1,-22,-4,-20,-4,-20,-4,-23,-6,-23,-4,-22,-4,-23,-6,-23,-6,-20,-7,-23,-4,-23,-6,-23,-8,-22,-9,-24,-7,-24,-11,-25,-11,-26,-11,-26,-9,-25,-13,-26,-8,-25,-12,-26,-12,-29,-11,-28,-12,-30,-11,-34,-13,-31,-8,-33,-14,-33,0,0,0,0,0,0,-31,9,-34,11,-33,13,-34,8,-33,9,-33,11,-34,11,-31,9,-31,9,-33,8,-31,8,-29,11,-29,8,-29,8,-30,9,-29,9,-30,11,-28,11,-28,9,-29,9,-28,11,-25,13,-28,12,-28,12,-26,12,-28,11,-28,11,-28,14,-29,12,-28,12,-26,12,-25,12,-30,8,-29,11,-26,11,-31,8,-30,12,-30,8,-30,9,-29,3,-28,4,-30,6,-29,3,-28,0,-28,1,-25,1,-25,-1,-25,1,-24,-3,-24,-2,-22,-7,-20,-2,-19,-6,-20,-6,-17,-9,-15,-11,-14,-9,0,0,0,0,0,0,0,0,0,0]"""
1782031929398,2026-06-21T17:52:09.398,safe,posture,mhw,standing_still,t017,"CSI_DATA,534815,1a:00:00:00:00:00,-43,11,-99,20,28,11,515180931,47,2,256,0,""[0,0,0,0,0,0,0,0,0,0,0,0,3,8,2,8,2,6,2,9,1,10,2,11,2,9,2,11,3,11,2,10,1,12,0,12,0,13,0,13,0,18,-1,17,0,17,-1,17,-1,18,-3,16,-5,17,-1,20,-4,21,-4,18,-4,20,-3,19,-5,19,-4,23,-5,20,-4,23,-8,20,-5,20,-3,20,-4,21,-3,23,-3,25,-4,24,-5,21,-5,23,-4,25,-5,26,-3,26,-4,25,-5,28,-2,25,-3,26,-1,28,-2,28,-2,31,-4,32,-4,28,-5,33,-5,34,-4,32,-5,33,-5,33,-6,35,0,0,0,0,0,0,35,11,34,10,32,9,34,13,34,10,32,12,33,11,31,12,31,13,30,11,30,9,28,10,33,8,31,11,27,13,31,11,31,8,30,12,30,11,27,9,28,6,30,11,27,8,28,6,26,8,32,6,31,8,26,9,30,10,30,9,28,12,32,11,27,9,30,8,27,11,28,12,27,11,28,11,28,12,28,17,25,16,23,17,24,18,23,19,20,19,20,18,18,19,17,18,16,18,13,16,12,18,13,19,11,19,8,16,5,17,4,18,3,19,0,0,0,0,0,0,0,0,0,0]"""
1782031929410,2026-06-21T17:52:09.410,safe,posture,mhw,standing_still,t017,"CSI_DATA,534816,1a:00:00:00:00:00,-43,11,-99,18,28,11,515191692,47,2,256,0,""[0,0,0,0,0,0,0,0,0,0,0,0,2,-6,2,-7,2,-6,2,-8,1,-8,3,-11,6,-8,4,-7,3,-9,4,-9,6,-12,6,-13,6,-13,6,-13,7,-14,7,-13,7,-15,3,-15,8,-17,9,-18,11,-15,7,-15,9,-17,8,-19,8,-19,9,-19,8,-17,11,-18,8,-17,6,-22,6,-19,9,-24,7,-20,7,-20,7,-22,8,-22,4,-22,2,-25,6,-22,1,-22,3,-24,-1,-23,1,-28,-2,-26,0,-34,1,-28,-2,-30,0,-29,-1,-25,-2,-30,-6,-34,-6,-28,-4,-34,-2,-34,-11,-34,-6,-36,-8,-34,0,0,0,0,0,0,-31,7,-30,7,-40,13,-34,9,-28,7,-35,12,-29,8,-35,13,-28,12,-36,12,-34,12,-28,11,-26,11,-28,12,-29,14,-26,14,-26,17,-24,14,-25,14,-20,15,-24,20,-23,20,-26,20,-25,19,-20,19,-23,17,-22,18,-20,24,-20,22,-19,22,-19,19,-22,22,-18,22,-17,25,-19,23,-26,28,-22,22,-20,22,-23,22,-20,19,-19,18,-20,23,-20,19,-15,17,-22,15,-18,19,-20,20,-19,17,-25,18,-19,12,-20,12,-19,8,-18,9,-18,7,-19,8,-15,8,-18,6,0,0,0,0,0,0,0,0,0,0]"""
1782031929419,2026-06-21T17:52:09.419,safe,posture,mhw,standing_still,t017,"CSI_DATA,534817,1a:00:00:00:00:00,-43,11,-99,18,28,11,515202692,47,2,256,0,""[0,0,0,0,0,0,0,0,0,0,0,0,1,6,0,7,0,7,-2,8,0,8,-2,9,-3,9,-2,11,-2,9,-3,12,-4,14,-4,12,-6,12,-6,12,-7,12,-9,13,-9,15,-8,14,-12,12,-9,14,-12,13,-12,13,-12,13,-13,17,-15,14,-15,13,-15,12,-15,14,-18,12,-17,13,-17,14,-19,14,-18,12,-19,12,-19,13,-19,11,-17,13,-19,17,-19,14,-18,17,-19,14,-19,15,-20,15,-19,17,-24,17,-23,17,-24,18,-23,17,-22,14,-25,17,-28,20,-25,17,-26,17,-31,19,-28,18,-29,14,-29,19,0,0,0,0,0,0,13,29,13,30,15,35,12,34,12,29,13,31,11,31,9,33,9,31,8,34,9,34,9,30,8,30,8,31,9,31,8,28,9,30,9,28,7,26,7,29,8,29,7,29,7,30,6,30,7,29,3,26,6,29,11,30,8,30,7,29,4,29,4,29,3,30,2,30,3,29,0,34,-1,33,-1,33,-1,29,-2,28,-3,29,-3,30,-6,28,-6,26,-6,25,-9,23,-9,24,-9,23,-14,22,-13,22,-14,18,-13,17,-14,13,-17,14,-15,14,-15,11,-15,9,0,0,0,0,0,0,0,0,0,0]"""
1782031929432,2026-06-21T17:52:09.432,safe,posture,mhw,standing_still,t017,"CSI_DATA,534818,1a:00:00:00:00:00,-43,11,-99,19,28,11,515213692,47,2,256,0,""[0,0,0,0,0,0,0,0,0,0,0,0,-5,4,-4,4,-7,5,-5,5,-8,7,-8,5,-8,5,-8,8,-9,7,-7,8,-7,9,-8,9,-8,11,-10,11,-9,10,-13,13,-10,13,-11,14,-9,14,-10,11,-13,15,-10,16,-13,17,-11,16,-11,17,-10,17,-11,17,-10,16,-11,20,-9,19,-8,21,-7,19,-5,22,-7,21,-2,23,-4,22,-3,24,-3,24,-1,26,0,27,3,22,2,27,1,26,5,26,3,23,9,28,7,27,13,26,11,29,13,28,10,28,13,29,14,27,17,33,16,30,16,28,21,27,0,0,0,0,0,0,27,-24,28,-24,22,-21,24,-24,27,-26,21,-22,26,-28,20,-24,23,-28,17,-27,17,-28,16,-28,14,-28,11,-30,13,-28,11,-28,7,-30,8,-30,4,-27,7,-32,2,-29,2,-30,1,-26,-1,-30,-1,-32,-1,-29,-3,-32,-5,-29,-4,-30,-7,-33,-8,-32,-9,-26,-7,-33,-8,-29,-10,-27,-8,-26,-13,-29,-11,-28,-13,-26,-10,-28,-11,-28,-9,-27,-10,-27,-11,-28,-10,-24,-9,-28,-7,-24,-10,-24,-7,-20,-9,-22,-5,-21,-8,-19,-7,-21,-8,-22,-5,-17,-3,-16,-2,-17,0,0,0,0,0,0,0,0,0,0]"""
1782031929443,2026-06-21T17:52:09.443,safe,posture,mhw,standing_still,t017,"CSI_DATA,534819,1a:00:00:00:00:00,-43,11,-99,14,29,11,515224692,47,2,256,0,""[0,0,0,0,0,0,0,0,0,0,0,0,6,-2,6,-2,9,-2,7,-2,9,-2,9,-3,8,-1,11,-4,11,-2,11,-7,12,-3,12,-6,13,-4,14,-4,14,-4,17,-7,14,-4,17,-6,13,-6,14,-7,17,-12,18,-7,17,-11,15,-8,18,-8,18,-11,19,-11,17,-13,20,-11,18,-12,18,-14,13,-12,15,-15,17,-14,13,-18,14,-18,15,-20,13,-19,12,-22,12,-22,12,-20,15,-25,12,-22,8,-26,7,-20,6,-29,7,-28,2,-30,7,-30,3,-30,4,-29,4,-29,3,-34,2,-35,4,-33,0,-33,-1,-35,0,0,0,0,0,0,-35,2,-37,4,-29,3,-34,4,-40,7,-31,4,-35,8,-29,7,-34,8,-28,9,-29,12,-29,14,-29,13,-29,18,-25,14,-25,17,-24,20,-25,19,-22,19,-25,20,-20,19,-23,23,-14,20,-17,23,-18,25,-17,23,-17,29,-15,25,-17,29,-13,30,-14,29,-9,25,-18,31,-13,26,-11,28,-12,23,-8,31,-11,29,-7,28,-11,29,-8,29,-11,26,-11,29,-12,29,-11,25,-12,26,-12,22,-9,24,-8,17,-9,23,-8,19,-7,19,-9,18,-8,20,-11,14,-11,15,-11,15,0,0,0,0,0,0,0,0,0,0]"""
1782031929454,2026-06-21T17:52:09.454,safe,posture,mhw,standing_still,t017,"CSI_DATA,534820,1a:00:00:00:00:00,-44,11,-99,14,29,11,515235693,47,2,256,0,""[0,0,0,0,0,0,0,0,0,0,0,0,-1,6,-2,6,-2,6,-2,8,-3,8,-2,9,-2,11,-3,11,-2,13,-3,12,-3,12,-3,14,-3,13,-4,14,-4,17,-4,15,-3,17,-4,17,-4,17,-3,15,-4,14,-2,22,-3,18,-6,18,-3,22,-3,19,-3,20,-2,23,-1,23,0,22,-2,22,1,22,0,20,2,22,3,23,4,24,6,20,3,23,7,23,8,25,8,24,12,23,11,23,13,23,12,23,13,20,17,23,17,23,22,24,20,23,19,24,22,25,23,25,22,24,26,24,25,24,26,24,0,0,0,0,0,0,24,-28,22,-26,20,-29,24,-28,19,-29,22,-26,19,-25,17,-29,18,-28,15,-28,13,-28,13,-28,11,-34,9,-29,11,-26,8,-30,6,-31,8,-29,7,-34,3,-30,1,-33,4,-30,0,-28,0,-26,-1,-28,-4,-33,-2,-30,-2,-28,-4,-33,-6,-30,-3,-31,-6,-34,-7,-29,-9,-30,-7,-30,-9,-31,-7,-26,-9,-28,-9,-28,-8,-30,-7,-28,-6,-28,-7,-29,-6,-26,-6,-28,-7,-24,-4,-25,-4,-26,-4,-24,-4,-22,-6,-20,-3,-22,-3,-22,-2,-20,2,-18,0,-20,0,-19,0,0,0,0,0,0,0,0,0,0]"""
1782031929465,2026-06-21T17:52:09.465,safe,posture,mhw,standing_still,t017,"CSI_DATA,534821,1a:00:00:00:00:00,-44,11,-99,14,29,11,515247414,47,2,256,0,""[0,0,0,0,0,0,0,0,0,0,0,0,8,1,7,0,8,1,7,1,8,2,8,2,8,1,12,3,11,2,12,2,12,4,13,4,13,4,14,6,14,6,15,9,14,7,15,11,12,8,13,7,14,7,18,11,18,12,13,11,14,13,15,11,15,15,17,13,18,15,17,14,14,14,15,13,17,11,18,13,18,11,22,13,23,15,17,15,20,15,22,15,19,14,23,15,20,15,25,13,18,13,23,12,24,14,28,12,28,15,29,17,24,15,26,18,28,19,28,18,28,19,26,17,31,18,0,0,0,0,0,0,20,-30,25,-31,15,-23,22,-26,23,-33,22,-23,23,-26,20,-25,23,-28,20,-22,18,-23,18,-26,19,-28,19,-29,19,-19,19,-24,19,-25,19,-24,18,-24,19,-25,15,-24,19,-26,13,-22,14,-23,15,-25,17,-28,18,-26,17,-23,18,-26,18,-25,19,-25,18,-25,22,-28,18,-24,18,-24,19,-19,17,-24,18,-22,18,-26,20,-23,22,-22,22,-15,25,-18,25,-17,22,-15,24,-14,23,-12,24,-13,18,-9,20,-9,20,-8,22,-9,22,-6,22,-6,19,-1,19,0,19,1,0,0,0,0,0,0,0,0,0,0]"""
1782031929475,2026-06-21T17:52:09.475,safe,posture,mhw,standing_still,t017,"CSI_DATA,534822,1a:00:00:00:00:00,-43,11,-99,18,28,11,515257693,47,2,256,0,""[0,0,0,0,0,0,0,0,0,0,0,0,-6,2,-6,1,-8,2,-7,1,-9,1,-9,2,-7,3,-11,2,-13,2,-12,3,-11,2,-14,1,-13,3,-13,2,-14,1,-18,3,-14,4,-18,2,-15,3,-15,1,-18,2,-18,4,-20,6,-19,2,-19,2,-20,4,-20,2,-20,4,-23,4,-18,4,-22,4,-18,7,-19,8,-20,8,-22,9,-20,12,-23,11,-22,9,-22,12,-23,14,-20,14,-23,15,-22,14,-20,18,-17,13,-17,19,-19,20,-18,23,-19,23,-22,25,-20,22,-22,23,-20,23,-20,26,-23,26,-17,26,-18,30,0,0,0,0,0,0,26,19,29,20,26,15,28,19,33,19,25,18,31,19,28,15,31,17,26,13,26,13,29,12,33,9,33,11,25,12,30,11,31,7,30,9,28,7,31,6,26,3,31,6,25,1,26,1,29,2,30,-2,34,0,29,1,30,-1,30,-2,30,-1,30,-1,33,-2,30,-2,30,-2,26,-2,30,-4,29,-4,29,-4,31,-3,31,-2,26,1,29,0,29,-1,26,0,29,0,25,1,25,1,20,2,22,1,22,2,22,1,20,2,22,3,18,4,18,6,17,7,0,0,0,0,0,0,0,0,0,0]"""
1782031929488,2026-06-21T17:52:09.488,safe,posture,mhw,standing_still,t017,"CSI_DATA,534823,1a:00:00:00:00:00,-44,11,-99,18,28,11,515268794,47,2,256,0,""[0,0,0,0,0,0,0,0,0,0,0,0,0,-7,1,-8,0,-8,-1,-7,0,-9,1,-9,-1,-8,2,-11,1,-12,2,-12,3,-12,4,-13,2,-13,3,-15,6,-15,6,-14,7,-15,8,-14,7,-14,7,-18,6,-17,9,-18,11,-15,11,-15,12,-18,12,-15,12,-17,15,-18,11,-17,11,-18,14,-17,12,-18,14,-17,11,-15,14,-19,14,-20,13,-18,14,-17,13,-20,15,-20,17,-20,13,-22,15,-23,18,-22,15,-23,17,-20,15,-23,17,-23,15,-25,18,-25,18,-24,19,-28,24,-26,19,-24,23,-25,22,-28,24,-26,0,0,0,0,0,0,-22,-28,-23,-25,-23,-26,-22,-28,-22,-26,-19,-30,-18,-25,-22,-29,-17,-25,-19,-26,-18,-26,-15,-24,-22,-26,-18,-25,-15,-25,-17,-26,-18,-25,-17,-26,-15,-28,-18,-22,-19,-24,-17,-25,-17,-23,-17,-24,-15,-24,-19,-25,-15,-24,-17,-23,-18,-28,-17,-25,-15,-26,-14,-30,-15,-24,-15,-25,-12,-29,-13,-28,-12,-26,-12,-26,-12,-29,-11,-29,-8,-28,-4,-29,-6,-28,-3,-28,-2,-29,-2,-26,-1,-26,1,-25,2,-25,3,-22,3,-23,4,-20,4,-23,8,-18,8,-15,8,-17,11,-14,0,0,0,0,0,0,0,0,0,0]"""
1782031929498,2026-06-21T17:52:09.498,safe,posture,mhw,standing_still,t017,"CSI_DATA,534824,1a:00:00:00:00:00,-43,11,-99,23,27,11,515279692,47,2,256,0,""[0,0,0,0,0,0,0,0,0,0,0,0,-7,-1,-9,-1,-7,-1,-8,-2,-9,0,-10,-2,-10,-3,-11,-3,-11,-3,-11,-3,-13,-3,-13,-3,-14,-4,-15,-4,-14,-3,-16,-7,-16,-5,-16,-5,-16,-8,-19,-7,-16,-3,-17,-9,-19,-8,-19,-5,-20,-7,-20,-7,-20,-5,-20,-7,-17,-9,-21,-8,-19,-7,-22,-8,-22,-7,-21,-8,-23,-5,-22,-5,-22,-5,-26,-2,-23,-4,-23,-2,-24,-2,-23,-2,-27,-2,-27,-1,-29,-1,-28,1,-30,-1,-28,0,-28,0,-28,2,-34,2,-30,1,-32,1,-34,3,-34,5,-33,1,-35,3,0,0,0,0,0,0,4,33,3,33,4,39,4,34,3,33,4,33,4,33,7,34,5,30,5,34,5,33,5,30,7,30,7,30,9,32,9,29,11,30,11,27,11,27,9,28,14,29,14,27,14,29,13,28,15,26,11,27,13,26,20,24,17,28,17,26,17,24,15,26,15,26,16,26,17,24,17,30,16,28,14,27,15,27,11,26,13,26,15,28,13,26,13,24,11,24,10,24,9,24,10,23,7,24,4,24,4,22,3,22,1,19,2,22,1,22,0,20,0,20,0,0,0,0,0,0,0,0,0,0]"""
1782031929507,2026-06-21T17:52:09.507,safe,posture,mhw,standing_still,t017,"CSI_DATA,534825,1a:00:00:00:00:00,-44,11,-99,17,28,11,515290692,47,2,256,0,""[0,0,0,0,0,0,0,0,0,0,0,0,1,7,2,7,2,7,1,7,1,10,1,10,3,8,2,10,1,13,3,13,2,11,2,12,2,13,1,15,2,13,2,18,2,15,0,17,0,15,1,16,1,17,2,21,1,21,-1,18,-1,21,0,20,-1,23,0,20,-2,22,-1,21,0,22,2,20,3,22,1,21,3,23,5,23,3,25,2,22,5,25,5,26,6,23,5,25,3,25,8,28,6,20,10,25,8,26,12,23,12,28,12,28,8,27,12,30,11,30,12,32,13,31,13,28,15,32,0,0,0,0,0,0,35,-11,36,-11,27,-10,32,-12,37,-15,30,-8,36,-12,30,-12,33,-13,27,-11,27,-13,27,-12,30,-15,30,-17,27,-11,26,-13,26,-17,27,-15,26,-15,28,-18,22,-17,26,-16,20,-15,22,-18,23,-17,23,-18,25,-20,22,-17,25,-20,23,-20,23,-20,22,-18,27,-21,22,-16,25,-18,21,-17,21,-18,23,-17,22,-18,25,-18,25,-17,25,-11,26,-13,26,-15,22,-11,26,-11,23,-7,23,-10,18,-6,22,-8,22,-7,21,-6,21,-5,23,-3,18,-1,18,-1,16,0,0,0,0,0,0,0,0,0,0,0]"""
1782031929519,2026-06-21T17:52:09.519,safe,posture,mhw,standing_still,t017,"CSI_DATA,534826,1a:00:00:00:00:00,-43,11,-99,17,28,11,515301693,47,2,256,0,""[0,0,0,0,0,0,0,0,0,0,0,0,2,-7,2,-7,2,-5,3,-10,2,-7,5,-10,2,-11,3,-7,5,-11,5,-8,5,-13,3,-13,5,-12,3,-13,6,-15,6,-13,5,-18,3,-16,8,-18,5,-17,7,-16,3,-17,5,-18,5,-21,5,-21,3,-20,3,-20,3,-20,3,-18,1,-21,1,-21,0,-26,1,-25,0,-21,-1,-22,-2,-21,-2,-20,-6,-25,-5,-23,-7,-21,-8,-23,-8,-20,-12,-25,-12,-23,-13,-27,-12,-26,-15,-25,-13,-25,-16,-22,-16,-25,-23,-25,-20,-21,-22,-26,-20,-26,-26,-25,-25,-26,-27,-25,0,0,0,0,0,0,-21,27,-17,25,-22,35,-20,28,-16,25,-18,31,-15,25,-17,32,-12,27,-17,32,-13,30,-11,27,-10,27,-11,28,-8,32,-5,30,-3,30,-2,27,-2,31,-1,27,1,31,0,28,1,35,1,33,3,28,2,28,3,27,10,30,7,28,8,28,6,27,10,30,10,27,12,27,12,26,13,37,10,31,12,27,10,30,8,26,10,26,12,30,11,26,11,23,10,26,11,21,12,25,8,23,8,28,7,22,7,21,3,21,5,20,3,18,5,20,2,18,2,17,0,0,0,0,0,0,0,0,0,0]"""
1782031929530,2026-06-21T17:52:09.530,safe,posture,mhw,standing_still,t017,"CSI_DATA,534827,1a:00:00:00:00:00,-43,11,-99,18,28,11,515312693,47,2,256,0,""[0,0,0,0,0,0,0,0,0,0,0,0,-6,2,-7,2,-7,2,-7,2,-9,2,-9,2,-11,3,-9,3,-9,3,-11,2,-13,4,-12,4,-14,4,-13,4,-15,4,-17,4,-17,4,-15,6,-18,4,-18,4,-20,7,-17,4,-17,7,-20,9,-18,7,-19,8,-19,8,-18,9,-19,7,-19,12,-19,9,-22,12,-19,12,-19,11,-18,13,-18,13,-18,14,-18,18,-17,17,-15,19,-14,19,-17,18,-17,23,-14,23,-15,22,-14,25,-14,24,-13,25,-12,25,-13,28,-13,30,-11,26,-11,31,-13,31,-11,33,-9,35,-11,33,0,0,0,0,0,0,34,7,33,7,37,4,36,7,30,3,34,6,34,4,34,3,30,0,35,3,34,1,31,-2,29,-1,30,-3,33,-6,30,-4,29,-8,28,-8,29,-8,29,-7,29,-11,28,-12,29,-13,29,-13,26,-14,25,-12,25,-14,24,-19,23,-18,23,-19,25,-15,23,-19,25,-17,25,-19,23,-19,26,-22,24,-20,24,-18,22,-20,24,-15,22,-17,22,-19,22,-18,20,-17,20,-17,22,-15,23,-14,20,-15,23,-13,20,-13,20,-12,19,-9,17,-8,18,-11,20,-9,17,-6,17,-7,0,0,0,0,0,0,0,0,0,0]"""
1782031929540,2026-06-21T17:52:09.540,safe,posture,mhw,standing_still,t017,"CSI_DATA,534828,1a:00:00:00:00:00,-43,11,-99,14,29,11,515323692,47,2,256,0,""[0,0,0,0,0,0,0,0,0,0,0,0,8,-4,4,-3,8,-6,6,-3,8,-4,6,-3,7,-4,11,-4,11,-4,12,-6,13,-3,13,-6,12,-6,15,-6,14,-3,18,-4,15,-3,17,-2,14,-1,18,-3,18,-4,19,-2,23,-3,19,-1,22,-1,20,0,22,1,22,0,24,2,22,-1,23,0,18,-1,23,-1,23,0,22,-2,24,-2,25,-2,24,1,24,-1,26,-3,24,-3,29,-1,25,1,28,-3,20,-2,28,-6,28,-2,28,-7,30,-4,29,-6,30,-2,33,-3,31,-2,34,-3,33,-1,30,-3,36,-4,0,0,0,0,0,0,2,-34,1,-41,0,-30,0,-33,0,-41,3,-30,1,-39,1,-30,3,-36,1,-28,0,-30,0,-33,0,-31,-2,-35,2,-30,0,-30,-1,-33,-1,-31,1,-29,0,-34,-2,-28,1,-31,-1,-24,-3,-26,-1,-31,-2,-31,-4,-34,-2,-29,-2,-30,-2,-31,-1,-33,-2,-29,1,-35,2,-29,1,-30,1,-25,0,-31,2,-30,-1,-30,3,-31,6,-31,8,-26,7,-28,9,-30,8,-26,11,-28,12,-19,9,-24,9,-17,12,-22,12,-18,9,-19,14,-18,13,-17,14,-13,14,-11,15,-11,0,0,0,0,0,0,0,0,0,0]"""
1782031929550,2026-06-21T17:52:09.550,safe,posture,mhw,standing_still,t017,"CSI_DATA,534829,1a:00:00:00:00:00,-43,11,-99,15,29,11,515334692,47,2,256,0,""[0,0,0,0,0,0,0,0,0,0,0,0,3,4,3,7,4,4,3,8,2,8,4,9,2,10,3,8,4,10,1,10,2,14,3,14,2,14,2,16,1,16,2,14,2,17,0,16,-1,20,0,19,-1,15,-2,20,-3,15,-2,20,-3,20,-2,21,-4,19,-5,23,-2,17,-3,22,-4,19,-3,26,-4,21,-4,21,-5,22,-5,22,-4,21,-2,24,-3,23,-3,22,-4,26,0,23,-2,28,-4,27,-4,33,-3,26,-2,28,-5,28,-4,28,-5,30,-4,33,-2,33,-5,35,-5,30,-4,33,-7,35,-7,34,0,0,0,0,0,0,36,13,30,11,38,13,33,10,24,9,35,14,28,9,34,15,27,10,34,14,32,14,24,13,32,11,26,13,29,11,29,9,30,10,27,9,29,14,26,8,30,10,26,11,30,10,29,13,27,13,28,9,24,10,29,9,29,11,29,10,26,10,30,15,24,8,30,11,26,10,30,17,23,17,26,16,26,20,22,19,20,17,23,19,22,17,19,17,19,22,17,16,17,21,13,21,16,27,8,21,9,22,7,20,8,19,5,19,4,20,3,19,1,19,0,0,0,0,0,0,0,0,0,0]"""
1782031929563,2026-06-21T17:52:09.563,safe,posture,mhw,standing_still,t017,"CSI_DATA,534830,1a:00:00:00:00:00,-43,11,-99,23,27,11,515345693,47,2,256,0,""[0,0,0,0,0,0,0,0,0,0,0,0,7,2,8,2,7,3,9,3,9,1,10,4,9,3,10,4,9,5,10,4,13,5,13,5,14,4,14,4,15,7,14,8,16,8,15,7,20,8,15,9,15,10,15,8,16,9,20,10,19,8,17,8,19,9,20,8,19,10,22,8,19,8,24,10,21,11,20,8,22,8,21,5,21,4,26,3,23,5,23,4,24,3,26,2,28,2,27,0,32,1,28,2,30,0,28,0,27,0,30,-1,33,-3,28,-2,34,-3,33,-2,35,-5,36,-2,35,-3,0,0,0,0,0,0,-5,-36,-4,-33,-4,-39,-3,-34,-5,-29,-7,-35,-5,-30,-5,-36,-8,-28,-8,-38,-7,-34,-5,-29,-5,-28,-8,-28,-10,-30,-11,-28,-11,-29,-13,-27,-13,-28,-10,-24,-16,-28,-15,-24,-16,-28,-14,-27,-16,-26,-14,-24,-14,-23,-21,-23,-19,-24,-20,-23,-16,-22,-20,-24,-15,-22,-21,-23,-20,-21,-22,-30,-20,-28,-19,-24,-17,-24,-15,-23,-15,-23,-19,-26,-14,-23,-15,-21,-14,-23,-13,-22,-14,-24,-11,-23,-9,-27,-7,-22,-5,-21,-5,-21,-4,-21,-4,-19,-5,-20,-4,-17,-3,-19,0,0,0,0,0,0,0,0,0,0]"""
1782031929576,2026-06-21T17:52:09.576,safe,posture,mhw,standing_still,t017,"CSI_DATA,534831,1a:00:00:00:00:00,-43,11,-99,14,29,11,515356693,47,2,256,0,""[0,0,0,0,0,0,0,0,0,0,0,0,-7,-2,-7,-1,-7,-3,-7,-3,-7,-6,-7,-3,-7,-4,-9,-7,-8,-7,-11,-8,-11,-8,-9,-8,-9,-9,-9,-11,-9,-12,-9,-14,-8,-12,-9,-14,-7,-13,-8,-18,-9,-18,-6,-17,-8,-19,-8,-17,-8,-18,-7,-20,-6,-20,-7,-19,-4,-24,-6,-20,-4,-20,-4,-20,-6,-22,-4,-23,-6,-22,-4,-24,-6,-22,-4,-25,-3,-25,-6,-26,-7,-24,-4,-26,-2,-25,-9,-24,-4,-23,-7,-29,-4,-28,-8,-26,-3,-30,-4,-29,-3,-29,-2,-30,-2,-34,-1,-35,1,-34,-1,-33,-2,-36,0,0,0,0,0,0,-34,-3,-39,-3,-31,-3,-35,-4,-39,-4,-30,-6,-36,-7,-30,-6,-36,-7,-30,-9,-30,-7,-31,-6,-30,-9,-34,-6,-29,-6,-30,-7,-31,-6,-31,-7,-28,-7,-31,-9,-28,-7,-30,-9,-25,-7,-25,-7,-29,-9,-26,-11,-31,-8,-28,-7,-28,-11,-30,-11,-29,-12,-28,-9,-31,-15,-25,-14,-26,-13,-22,-14,-28,-14,-24,-18,-25,-17,-22,-22,-22,-20,-20,-22,-18,-23,-19,-23,-18,-20,-14,-26,-12,-23,-13,-20,-8,-19,-12,-22,-7,-23,-8,-22,-2,-19,-3,-22,0,-18,1,-18,2,-18,0,0,0,0,0,0,0,0,0,0]"""
1782031929585,2026-06-21T17:52:09.585,safe,posture,mhw,standing_still,t017,"CSI_DATA,534832,1a:00:00:00:00:00,-43,11,-99,15,29,11,515367693,47,2,256,0,""[0,0,0,0,0,0,0,0,0,0,0,0,-7,-1,-4,-2,-9,-3,-7,-3,-9,-4,-9,-3,-8,-3,-11,-3,-10,-3,-11,-2,-13,-2,-13,-3,-13,-4,-14,-3,-13,-4,-17,-4,-15,-2,-20,-5,-15,-4,-14,-2,-16,-4,-20,-2,-21,-3,-20,-4,-20,-4,-20,-2,-22,-2,-21,0,-23,-2,-20,0,-22,-1,-17,0,-23,3,-22,2,-26,7,-21,5,-24,7,-22,5,-23,9,-24,11,-21,13,-27,11,-22,10,-24,15,-19,13,-21,19,-22,16,-19,22,-22,22,-22,22,-20,22,-23,23,-21,24,-23,28,-21,26,-19,24,-20,28,0,0,0,0,0,0,30,16,35,17,28,13,30,13,38,17,28,13,33,14,28,11,33,13,29,7,30,8,32,5,33,4,34,1,30,3,30,2,34,-2,30,-1,28,-3,35,-3,27,-5,32,-7,24,-9,28,-9,29,-10,27,-10,29,-15,26,-13,27,-14,27,-15,28,-17,23,-16,32,-15,26,-15,24,-17,21,-13,26,-22,24,-15,22,-20,26,-17,24,-20,24,-16,23,-16,24,-19,21,-16,23,-15,20,-10,21,-16,15,-11,21,-15,19,-11,17,-14,20,-10,17,-13,17,-9,15,-8,16,-8,0,0,0,0,0,0,0,0,0,0]"""
1782031929595,2026-06-21T17:52:09.595,safe,posture,mhw,standing_still,t017,"CSI_DATA,534833,1a:00:00:00:00:00,-43,11,-99,18,28,11,515378693,47,2,256,0,""[0,0,0,0,0,0,0,0,0,0,0,0,7,2,6,3,8,4,8,3,9,4,9,3,8,4,11,3,9,4,12,3,12,4,12,4,13,6,15,7,11,6,15,6,13,4,18,7,13,4,18,7,22,6,18,6,20,6,18,4,19,4,20,4,19,7,19,3,23,7,19,3,24,3,18,2,23,-1,23,1,23,-1,23,-3,25,-2,23,1,25,-3,25,-4,22,-6,29,-6,22,-6,28,-12,19,-8,24,-15,26,-13,23,-17,26,-15,28,-18,28,-15,28,-17,26,-17,28,-20,28,-20,23,-19,26,-23,0,0,0,0,0,0,-24,-25,-28,-25,-22,-19,-25,-22,-29,-26,-23,-19,-30,-23,-24,-17,-29,-20,-25,-15,-25,-14,-29,-14,-31,-13,-31,-12,-26,-13,-30,-9,-30,-8,-30,-8,-28,-6,-33,-7,-28,-3,-31,-4,-25,0,-28,1,-29,1,-30,2,-33,3,-29,1,-31,2,-30,6,-31,4,-28,7,-35,4,-29,4,-29,6,-24,6,-30,11,-29,7,-28,12,-31,8,-30,8,-28,4,-28,6,-30,4,-25,6,-29,4,-25,2,-26,4,-19,3,-23,4,-23,6,-23,3,-22,2,-22,2,-18,1,-19,0,-17,0,0,0,0,0,0,0,0,0,0,0]"""
1782031929607,2026-06-21T17:52:09.607,safe,posture,mhw,standing_still,t017,"CSI_DATA,534834,1a:00:00:00:00:00,-44,11,-99,18,28,11,515389692,47,2,256,0,""[0,0,0,0,0,0,0,0,0,0,0,0,-2,6,-2,8,-3,7,-3,8,-3,8,-4,9,-6,9,-4,9,-7,8,-6,9,-7,12,-7,11,-7,12,-8,11,-11,13,-11,11,-12,13,-12,13,-13,13,-14,12,-15,13,-13,11,-14,12,-14,14,-14,12,-15,13,-15,12,-18,14,-17,12,-17,13,-17,13,-22,14,-18,14,-19,14,-17,15,-18,13,-15,14,-18,18,-19,19,-18,18,-17,17,-17,15,-20,18,-18,22,-20,22,-19,20,-20,19,-19,22,-20,18,-19,22,-22,25,-20,20,-23,24,-25,23,-24,24,-24,25,-23,23,0,0,0,0,0,0,24,25,22,24,26,25,25,28,22,24,23,28,22,26,23,26,22,23,22,29,22,25,20,24,18,25,22,22,23,24,22,22,23,22,22,19,22,20,19,22,23,22,23,19,22,20,23,20,23,19,19,20,22,19,25,17,24,19,23,18,20,20,23,19,19,23,23,22,22,22,22,25,23,24,19,23,18,24,17,24,17,24,18,25,14,25,14,22,14,23,12,24,11,24,11,23,7,24,6,24,4,22,3,23,2,20,1,20,1,23,-1,18,-1,19,0,0,0,0,0,0,0,0,0,0]"""
1782031929617,2026-06-21T17:52:09.617,safe,posture,mhw,standing_still,t017,"CSI_DATA,534835,1a:00:00:00:00:00,-43,11,-99,17,28,11,515400693,47,2,256,0,""[0,0,0,0,0,0,0,0,0,0,0,0,0,7,0,6,2,7,0,7,0,10,0,10,-1,10,1,11,1,11,2,12,1,13,0,12,0,13,0,16,0,13,-1,18,-1,18,-1,17,-1,16,1,18,1,18,-1,20,1,20,0,18,-1,21,1,21,0,22,2,21,0,25,1,20,2,21,2,18,5,22,5,22,7,22,7,22,7,23,7,23,7,25,11,23,11,21,10,27,11,23,16,23,12,18,18,21,16,23,20,18,18,23,21,22,17,23,21,25,20,23,22,27,22,23,21,22,25,23,0,0,0,0,0,0,25,-25,27,-27,18,-22,23,-26,25,-30,20,-25,25,-28,17,-26,22,-31,17,-25,16,-26,15,-30,16,-26,15,-30,13,-27,11,-27,10,-31,11,-30,10,-27,11,-32,7,-27,7,-31,3,-25,5,-28,3,-32,3,-28,2,-32,2,-30,2,-30,0,-31,0,-32,0,-28,3,-35,1,-30,0,-30,0,-26,-2,-31,0,-28,-2,-30,2,-31,1,-31,3,-28,3,-28,2,-30,1,-26,2,-28,5,-23,1,-26,2,-21,3,-26,6,-22,2,-20,3,-21,6,-22,6,-18,7,-17,8,-16,0,0,0,0,0,0,0,0,0,0]"""
1782031929630,2026-06-21T17:52:09.630,safe,posture,mhw,standing_still,t017,"CSI_DATA,534836,1a:00:00:00:00:00,-43,11,-99,23,27,11,515411693,47,2,256,0,""[0,0,0,0,0,0,0,0,0,0,0,0,2,-7,1,-5,4,-9,2,-8,3,-9,3,-9,1,-8,3,-13,2,-11,4,-13,2,-13,2,-13,3,-13,4,-14,5,-11,5,-16,4,-15,7,-17,5,-17,7,-15,7,-17,4,-17,7,-22,7,-19,4,-19,5,-20,5,-20,5,-19,8,-22,4,-20,7,-21,3,-20,2,-21,2,-22,-1,-23,1,-26,2,-27,2,-23,1,-24,-1,-27,-1,-22,0,-28,0,-23,-3,-28,-2,-20,-7,-28,-4,-28,-11,-27,-7,-29,-9,-32,-5,-29,-5,-29,-9,-30,-9,-34,-11,-30,-11,-32,-14,-33,0,0,0,0,0,0,-33,13,-36,14,-28,14,-30,14,-39,15,-29,11,-36,15,-27,14,-33,14,-26,14,-24,15,-27,17,-28,19,-27,22,-26,16,-23,19,-23,21,-23,21,-20,17,-26,22,-19,20,-24,23,-16,17,-17,21,-20,24,-19,23,-20,27,-17,23,-17,26,-17,29,-16,24,-14,24,-22,28,-17,23,-17,24,-13,21,-15,28,-17,24,-14,27,-17,26,-17,26,-19,22,-19,23,-20,23,-16,20,-21,22,-19,15,-17,20,-13,14,-17,16,-17,14,-15,17,-16,13,-16,13,-15,9,-17,8,-15,7,0,0,0,0,0,0,0,0,0,0]"""
1782031929640,2026-06-21T17:52:09.640,safe,posture,mhw,standing_still,t017,"CSI_DATA,534837,1a:00:00:00:00:00,-44,11,-99,18,28,11,515422692,47,2,256,0,""[0,0,0,0,0,0,0,0,0,0,0,0,-1,7,-2,7,-2,7,-1,8,-2,9,-2,9,-3,11,-3,12,-3,9,-3,12,-3,12,-4,12,-3,13,-6,13,-6,13,-8,15,-4,15,-8,17,-9,15,-6,15,-7,15,-8,17,-8,18,-9,19,-9,18,-8,19,-9,18,-8,17,-12,18,-8,19,-7,19,-11,22,-7,23,-7,20,-4,23,-7,22,-4,23,-4,23,-7,23,-4,24,-1,24,-4,26,-3,25,0,25,-1,26,1,31,-2,29,2,28,-1,28,1,29,0,30,-1,31,1,31,-1,33,2,36,1,35,4,35,0,0,0,0,0,0,34,-1,35,-3,35,-3,35,-6,35,-4,34,-4,35,-4,34,-3,36,-6,34,-3,33,-6,30,-9,30,-4,30,-11,31,-9,29,-8,29,-11,28,-11,24,-11,30,-11,26,-12,28,-13,26,-13,26,-14,26,-15,25,-13,26,-15,26,-15,26,-17,25,-17,25,-14,24,-18,28,-17,25,-18,23,-17,28,-17,26,-19,25,-15,26,-18,26,-14,25,-14,26,-13,26,-11,26,-12,25,-12,25,-8,25,-7,24,-12,23,-7,24,-11,23,-4,22,-6,18,-3,22,-4,20,-1,18,0,18,-1,0,0,0,0,0,0,0,0,0,0]"""
1782031929651,2026-06-21T17:52:09.651,safe,posture,mhw,standing_still,t017,"CSI_DATA,534838,1a:00:00:00:00:00,-43,11,-99,17,28,11,515433693,47,2,256,0,""[0,0,0,0,0,0,0,0,0,0,0,0,0,-7,1,-6,1,-7,2,-8,2,-8,2,-8,0,-8,3,-10,2,-11,3,-12,5,-12,5,-12,5,-13,6,-15,7,-13,6,-15,5,-16,7,-16,6,-16,7,-13,11,-16,7,-18,10,-18,10,-15,8,-18,10,-17,10,-17,10,-20,10,-22,7,-18,8,-18,8,-18,7,-21,7,-20,6,-22,6,-23,6,-23,7,-21,7,-23,6,-25,7,-25,5,-26,3,-22,6,-27,3,-23,2,-26,2,-27,-1,-26,0,-31,3,-35,2,-28,1,-33,3,-35,2,-33,0,-33,1,-33,0,-33,0,0,0,0,0,0,-35,-1,-40,-2,-31,-1,-35,1,-37,-3,-32,-2,-32,-1,-32,-2,-33,0,-30,1,-28,1,-30,0,-33,5,-32,3,-31,1,-31,0,-31,3,-31,3,-31,3,-31,7,-26,8,-31,7,-25,7,-27,8,-28,8,-28,11,-30,10,-27,7,-28,7,-27,11,-30,8,-30,10,-30,11,-27,10,-30,10,-27,8,-27,12,-27,11,-28,11,-31,11,-28,7,-28,3,-30,5,-30,2,-28,3,-27,3,-25,1,-26,1,-21,1,-22,1,-22,1,-21,0,-21,0,-21,-2,-17,-5,-17,-7,-17,-7,0,0,0,0,0,0,0,0,0,0]"""
1782031929675,2026-06-21T17:52:09.675,safe,posture,mhw,standing_still,t017,"CSI_DATA,534840,1a:00:00:00:00:00,-43,11,-99,18,28,11,515455693,47,2,256,0,""[0,0,0,0,0,0,0,0,0,0,0,0,1,-7,1,-8,1,-8,2,-7,1,-9,2,-9,4,-9,2,-8,4,-11,4,-11,4,-12,6,-13,4,-12,6,-12,6,-12,7,-13,8,-15,7,-14,8,-14,9,-17,7,-13,12,-14,11,-13,12,-18,12,-17,11,-17,11,-15,12,-15,13,-15,13,-17,11,-17,14,-19,15,-18,14,-17,14,-19,12,-17,12,-19,11,-23,13,-19,12,-19,9,-19,9,-23,12,-25,9,-25,12,-28,14,-24,12,-25,14,-25,13,-23,13,-26,12,-33,12,-29,14,-26,18,-31,11,-31,14,-30,14,-33,0,0,0,0,0,0,-31,-15,-29,-14,-35,-17,-30,-17,-25,-13,-31,-15,-29,-12,-33,-17,-29,-13,-34,-17,-31,-18,-26,-15,-25,-14,-25,-14,-30,-14,-29,-11,-29,-11,-25,-9,-26,-12,-25,-8,-29,-11,-28,-8,-30,-11,-29,-11,-28,-9,-26,-9,-28,-8,-31,-6,-30,-7,-29,-7,-25,-8,-29,-11,-26,-9,-31,-8,-29,-8,-33,-13,-28,-14,-25,-12,-26,-14,-24,-13,-24,-12,-29,-13,-24,-14,-22,-13,-22,-14,-20,-13,-22,-14,-19,-14,-19,-19,-14,-19,-14,-18,-12,-18,-12,-17,-11,-17,-11,-15,-8,-17,-7,-17,0,0,0,0,0,0,0,0,0,0]"""
1782031929685,2026-06-21T17:52:09.685,safe,posture,mhw,standing_still,t017,"CSI_DATA,534841,1a:00:00:00:00:00,-43,11,-99,17,28,11,515466693,47,2,256,0,""[0,0,0,0,0,0,0,0,0,0,0,0,-1,-6,1,-6,0,-8,-1,-7,0,-10,0,-10,0,-8,0,-11,0,-11,-1,-12,-1,-13,-1,-13,-1,-15,0,-15,1,-13,-1,-16,-1,-15,0,-18,0,-18,0,-17,-1,-18,-1,-18,-1,-21,-2,-21,-1,-20,-2,-21,-2,-21,-5,-20,-1,-25,-2,-21,-5,-22,-5,-18,-7,-22,-6,-22,-10,-22,-7,-20,-8,-22,-8,-21,-10,-21,-15,-21,-13,-18,-13,-25,-12,-22,-17,-20,-13,-18,-20,-22,-17,-23,-22,-17,-21,-21,-21,-21,-21,-21,-22,-21,-22,-21,-26,-23,-26,-21,-26,-20,-30,-17,0,0,0,0,0,0,-20,28,-21,31,-13,28,-16,28,-18,35,-15,27,-16,32,-15,27,-13,30,-12,28,-10,28,-7,32,-8,30,-8,32,-10,30,-6,28,-5,32,-3,31,-2,26,-5,32,-1,28,0,31,0,27,2,30,2,31,2,28,5,32,6,28,5,30,6,30,7,32,8,27,3,35,7,31,7,28,5,26,11,31,7,28,11,27,6,28,8,30,6,27,3,30,5,30,6,26,2,27,1,26,7,25,2,21,5,25,1,23,3,22,0,20,2,20,0,22,0,18,-2,16,0,0,0,0,0,0,0,0,0,0]"""
1782031929697,2026-06-21T17:52:09.697,safe,posture,mhw,standing_still,t017,"CSI_DATA,534842,1a:00:00:00:00:00,-44,11,-99,14,29,11,515477693,47,2,256,0,""[0,0,0,0,0,0,0,0,0,0,0,0,0,-7,0,-8,0,-6,1,-8,1,-8,1,-11,2,-11,2,-9,2,-12,4,-11,3,-13,3,-12,4,-13,4,-13,7,-14,4,-13,6,-17,8,-15,9,-18,12,-14,12,-9,9,-15,12,-12,13,-17,14,-17,12,-15,13,-15,15,-18,11,-14,14,-19,13,-15,15,-22,15,-14,14,-14,15,-17,14,-17,13,-17,13,-20,13,-18,13,-18,17,-19,9,-20,14,-24,15,-22,19,-28,17,-20,15,-23,19,-20,14,-20,18,-23,17,-30,13,-25,20,-26,19,-25,18,-29,22,-29,22,-26,0,0,0,0,0,0,-25,-25,-22,-23,-30,-28,-23,-24,-19,-20,-24,-28,-22,-19,-26,-28,-20,-18,-25,-29,-22,-26,-18,-23,-20,-22,-18,-23,-23,-23,-22,-22,-23,-22,-20,-19,-22,-25,-19,-15,-25,-20,-19,-20,-25,-24,-22,-24,-18,-20,-20,-22,-18,-19,-24,-18,-23,-22,-20,-20,-19,-19,-20,-25,-19,-18,-24,-23,-18,-20,-24,-30,-15,-28,-17,-25,-13,-25,-12,-24,-12,-24,-15,-26,-13,-25,-11,-22,-8,-26,-11,-23,-9,-26,-6,-24,-3,-30,-1,-22,-1,-23,1,-20,1,-19,1,-20,3,-20,2,-19,4,-17,0,0,0,0,0,0,0,0,0,0]"""
1782031929706,2026-06-21T17:52:09.706,safe,posture,mhw,standing_still,t017,"CSI_DATA,534843,1a:00:00:00:00:00,-44,11,-99,23,27,11,515488693,47,2,256,0,""[0,0,0,0,0,0,0,0,0,0,0,0,-7,1,-9,1,-7,2,-10,0,-8,1,-10,1,-13,1,-9,1,-13,0,-9,-2,-13,-1,-13,-1,-14,0,-14,0,-16,-1,-15,0,-17,0,-15,0,-19,-1,-20,-2,-17,-2,-20,-1,-17,-3,-20,-1,-22,-1,-20,-1,-21,-1,-21,-1,-20,1,-21,2,-22,0,-26,1,-23,-1,-22,1,-23,0,-23,2,-21,2,-24,7,-23,5,-22,4,-24,3,-21,10,-23,13,-26,10,-30,11,-27,5,-28,10,-28,8,-26,13,-26,13,-27,19,-24,17,-28,15,-28,15,-24,21,-29,19,-29,16,0,0,0,0,0,0,21,30,19,26,23,29,17,29,16,22,21,30,19,22,23,29,20,23,21,29,23,27,16,26,22,23,19,23,23,22,24,20,24,19,22,19,24,22,22,11,27,15,24,16,28,17,26,16,22,16,26,15,23,15,27,13,27,13,26,13,24,11,28,14,26,9,29,8,29,11,36,15,27,15,29,13,27,16,22,15,24,14,28,13,26,13,22,10,21,14,23,9,24,14,21,15,23,20,16,14,19,14,13,16,14,14,14,15,15,16,13,14,11,15,0,0,0,0,0,0,0,0,0,0]"""
1782031929717,2026-06-21T17:52:09.717,safe,posture,mhw,standing_still,t017,"CSI_DATA,534844,1a:00:00:00:00:00,-43,11,-99,18,28,11,515499693,47,2,256,0,""[0,0,0,0,0,0,0,0,0,0,0,0,2,8,0,7,0,7,1,8,0,9,1,8,1,9,0,11,1,12,1,12,-1,13,-1,13,0,13,-1,17,-2,14,-1,17,-1,17,-3,17,-2,17,-1,18,1,20,-2,20,-1,19,-3,18,-3,19,-3,19,-4,23,-2,22,-6,22,-2,22,-1,22,-1,22,1,22,1,22,2,23,3,25,3,25,0,22,0,24,2,26,6,25,3,25,3,28,6,26,4,23,9,25,8,26,14,26,12,28,9,30,8,29,9,31,11,31,12,31,12,31,14,30,14,30,0,0,0,0,0,0,34,-12,34,-14,30,-11,33,-13,35,-15,31,-12,30,-12,31,-14,30,-13,26,-11,25,-15,25,-17,28,-20,28,-19,26,-12,26,-15,26,-18,25,-17,25,-18,25,-19,20,-19,24,-20,18,-17,18,-19,19,-22,20,-23,22,-24,22,-19,23,-22,20,-24,23,-23,23,-24,23,-24,19,-23,20,-23,18,-20,17,-24,18,-23,17,-24,22,-24,22,-20,22,-17,22,-18,24,-18,23,-17,22,-17,19,-12,22,-15,18,-9,18,-13,18,-12,19,-13,20,-12,19,-9,18,-7,19,-4,19,-4,0,0,0,0,0,0,0,0,0,0]"""
1782031929730,2026-06-21T17:52:09.730,safe,posture,mhw,standing_still,t017,"CSI_DATA,534845,1a:00:00:00:00:00,-43,11,-99,17,28,11,515510693,47,2,256,0,""[0,0,0,0,0,0,0,0,0,0,0,0,-6,-3,-6,-2,-7,-3,-7,-6,-8,-5,-6,-7,-8,-6,-7,-7,-6,-8,-8,-8,-10,-10,-7,-10,-7,-11,-8,-12,-6,-11,-6,-15,-7,-15,-8,-16,-5,-15,-5,-18,-7,-20,-3,-16,-5,-18,-6,-20,-2,-20,-2,-20,-1,-21,-2,-21,0,-21,-1,-22,0,-21,0,-22,-1,-25,0,-22,0,-21,1,-21,0,-23,0,-23,1,-23,-2,-26,-2,-23,1,-25,1,-23,-1,-26,2,-26,0,-30,3,-28,1,-28,2,-28,3,-31,2,-33,5,-28,5,-32,6,-33,7,-35,8,-31,10,-33,0,0,0,0,0,0,-32,-11,-32,-12,-32,-12,-31,-13,-31,-15,-30,-13,-32,-16,-30,-16,-31,-15,-30,-17,-28,-17,-28,-16,-26,-15,-27,-16,-27,-17,-26,-16,-27,-17,-23,-15,-22,-15,-25,-18,-25,-15,-25,-17,-25,-17,-25,-18,-26,-17,-22,-18,-23,-18,-25,-17,-23,-20,-23,-20,-21,-18,-22,-17,-21,-23,-20,-22,-21,-21,-18,-26,-22,-26,-16,-23,-17,-26,-12,-25,-13,-26,-12,-27,-10,-27,-10,-25,-10,-23,-6,-26,-1,-25,-5,-25,-1,-26,-1,-25,2,-23,2,-22,5,-18,5,-21,6,-17,7,-17,8,-17,0,0,0,0,0,0,0,0,0,0]"""
1782031929740,2026-06-21T17:52:09.740,safe,posture,mhw,standing_still,t017,"CSI_DATA,534846,1a:00:00:00:00:00,-44,11,-99,17,28,11,515521692,47,2,256,0,""[0,0,0,0,0,0,0,0,0,0,0,0,-7,2,-7,2,-8,1,-8,1,-10,2,-8,1,-8,2,-10,1,-12,5,-12,1,-11,1,-15,2,-15,2,-15,2,-16,2,-13,2,-16,3,-16,3,-16,2,-17,5,-18,6,-20,6,-20,6,-20,5,-20,5,-18,6,-21,5,-21,6,-18,8,-18,10,-20,8,-20,11,-16,11,-18,13,-18,15,-18,16,-18,15,-16,15,-17,16,-17,18,-17,18,-13,20,-13,22,-16,23,-12,22,-12,21,-10,25,-10,27,-8,27,-11,31,-8,28,-10,30,-11,33,-5,32,-7,35,-7,35,-2,35,0,0,0,0,0,0,36,2,37,1,36,1,35,1,36,0,35,1,32,0,37,-2,32,0,32,-2,31,-6,31,-6,32,-10,30,-8,28,-5,30,-10,28,-11,28,-8,30,-11,26,-15,27,-16,27,-15,21,-16,22,-16,21,-16,23,-23,23,-21,20,-18,22,-21,20,-22,21,-22,22,-23,18,-25,17,-25,17,-22,18,-26,16,-23,16,-25,17,-26,16,-26,17,-23,17,-21,17,-22,17,-21,18,-22,13,-22,15,-21,16,-21,15,-18,12,-17,13,-17,12,-16,15,-17,15,-15,13,-13,13,-12,16,-12,0,0,0,0,0,0,0,0,0,0]"""
1782031929751,2026-06-21T17:52:09.751,safe,posture,mhw,standing_still,t017,"CSI_DATA,534847,1a:00:00:00:00:00,-44,11,-99,18,28,11,515532693,47,2,256,0,""[0,0,0,0,0,0,0,0,0,0,0,0,-2,-6,-3,-7,-4,-6,-3,-9,-3,-8,-2,-9,-2,-9,-2,-9,-4,-11,-1,-11,-3,-13,-3,-12,-3,-13,-3,-14,-3,-17,-2,-13,-3,-18,-2,-15,-1,-19,-1,-17,1,-14,-1,-22,1,-17,0,-20,-1,-20,0,-19,0,-20,2,-24,0,-18,-1,-23,0,-20,0,-25,1,-22,0,-22,0,-24,0,-23,-2,-20,-3,-24,-2,-23,-3,-22,0,-25,-6,-23,-7,-25,-3,-26,-6,-33,-3,-25,-4,-30,-1,-29,-6,-28,-4,-31,-9,-30,-9,-31,-6,-34,-4,-30,-9,-34,-8,-36,-7,-33,0,0,0,0,0,0,-39,4,-31,2,-39,6,-34,2,-30,2,-36,2,-28,3,-37,3,-29,4,-35,2,-33,3,-29,-1,-33,4,-29,2,-30,4,-30,4,-30,7,-30,6,-35,3,-25,8,-30,9,-30,4,-30,8,-30,6,-28,4,-29,8,-28,3,-28,8,-31,9,-29,8,-26,7,-34,6,-24,9,-30,11,-29,6,-35,8,-30,1,-29,4,-30,1,-30,3,-28,1,-29,3,-28,2,-28,0,-28,-2,-23,1,-25,-1,-25,-3,-28,-4,-20,-7,-22,-7,-18,-7,-20,-7,-18,-7,-18,-11,-17,-8,-17,-12,0,0,0,0,0,0,0,0,0,0]"""
1782031929763,2026-06-21T17:52:09.763,safe,posture,mhw,standing_still,t017,"CSI_DATA,534848,1a:00:00:00:00:00,-43,11,-99,17,28,11,515545759,47,2,256,0,""[0,0,0,0,0,0,0,0,0,0,0,0,-2,6,-3,6,-5,7,-5,7,-6,6,-6,6,-5,7,-7,10,-8,8,-8,10,-8,10,-10,10,-11,8,-12,10,-10,8,-15,10,-13,8,-17,11,-11,5,-15,10,-15,11,-16,8,-18,10,-15,8,-18,8,-18,10,-20,8,-17,7,-23,10,-17,8,-21,7,-18,6,-20,8,-20,8,-20,11,-21,12,-22,8,-21,10,-21,10,-22,12,-21,11,-26,12,-22,11,-23,15,-18,10,-25,15,-26,12,-23,17,-25,16,-27,16,-25,13,-28,16,-27,15,-31,17,-28,16,-30,13,-32,20,0,0,0,0,0,0,12,31,16,36,11,27,13,32,15,39,10,28,12,36,10,28,11,35,11,27,10,27,10,30,11,30,15,32,10,27,10,28,12,30,11,30,10,25,12,33,12,25,11,30,11,22,12,25,12,27,12,26,13,31,12,26,11,27,15,27,11,28,13,25,13,32,8,27,10,30,7,25,10,28,7,28,10,30,6,31,5,32,2,28,1,30,1,32,1,27,-1,28,-5,25,0,28,-3,20,-2,25,-7,21,-3,21,-6,21,-7,21,-10,15,-11,16,-11,15,0,0,0,0,0,0,0,0,0,0]"""
1782031929774,2026-06-21T17:52:09.774,safe,posture,mhw,standing_still,t017,"CSI_DATA,534849,1a:00:00:00:00:00,-43,11,-99,19,28,11,515554693,47,2,256,0,""[0,0,0,0,0,0,0,0,0,0,0,0,7,3,8,2,5,3,8,4,9,3,9,5,9,5,9,4,10,4,9,4,11,7,11,5,13,5,14,7,14,5,14,8,16,9,16,8,15,10,17,9,15,8,15,10,16,9,17,9,17,10,19,10,16,9,20,9,20,11,21,9,21,8,23,8,21,9,20,8,21,8,21,5,22,4,26,4,23,3,23,3,23,1,26,3,27,2,29,0,28,1,28,0,29,0,29,-2,27,-1,30,-3,34,-4,30,-4,33,-5,36,-4,35,-8,34,-4,35,-4,0,0,0,0,0,0,-5,-35,-9,-33,-11,-36,-10,-33,-7,-30,-9,-32,-9,-32,-10,-34,-11,-29,-11,-33,-11,-33,-13,-28,-10,-28,-15,-28,-16,-29,-16,-26,-16,-26,-16,-26,-17,-22,-17,-24,-19,-23,-21,-22,-22,-22,-20,-24,-21,-22,-19,-21,-21,-20,-24,-20,-22,-20,-24,-19,-21,-17,-23,-17,-22,-20,-23,-17,-23,-17,-27,-23,-24,-20,-24,-19,-24,-19,-20,-19,-21,-19,-24,-19,-21,-20,-21,-16,-20,-17,-19,-20,-17,-19,-19,-17,-16,-21,-15,-20,-15,-19,-11,-19,-11,-15,-11,-17,-9,-19,-9,-17,-7,-16,0,0,0,0,0,0,0,0,0,0]"""
1782031929785,2026-06-21T17:52:09.785,safe,posture,mhw,standing_still,t017,"CSI_DATA,534850,1a:00:00:00:00:00,-43,11,-99,19,28,11,515565693,47,2,256,0,""[0,0,0,0,0,0,0,0,0,0,0,0,-8,1,-7,0,-9,-2,-7,-1,-10,-2,-9,-2,-10,-2,-10,-2,-11,-4,-10,-4,-10,-5,-13,-7,-13,-4,-13,-7,-10,-7,-15,-10,-15,-8,-14,-11,-11,-8,-11,-8,-13,-10,-14,-13,-17,-15,-11,-14,-13,-14,-13,-16,-13,-16,-14,-14,-14,-20,-13,-15,-13,-17,-11,-15,-14,-16,-15,-17,-15,-17,-16,-17,-17,-21,-13,-20,-15,-22,-17,-21,-15,-19,-16,-23,-15,-20,-19,-20,-14,-17,-20,-20,-17,-21,-22,-20,-19,-24,-20,-26,-16,-23,-19,-26,-17,-27,-20,-28,-20,-27,-17,-28,-19,-28,0,0,0,0,0,0,-32,14,-36,17,-24,15,-30,15,-38,16,-29,10,-35,15,-28,13,-35,11,-27,10,-27,10,-30,10,-30,11,-33,14,-30,9,-29,9,-32,10,-29,10,-27,9,-30,11,-26,11,-30,10,-21,9,-24,10,-29,10,-29,11,-32,11,-27,7,-30,9,-28,9,-32,8,-28,8,-33,8,-28,8,-30,7,-23,4,-29,7,-29,2,-30,4,-32,2,-33,0,-26,-2,-29,-4,-30,-4,-27,-4,-29,-7,-23,-8,-26,-5,-19,-8,-22,-9,-19,-9,-20,-8,-19,-11,-17,-13,-11,-14,-13,-15,-11,-14,0,0,0,0,0,0,0,0,0,0]"""
1782031929793,2026-06-21T17:52:09.793,safe,posture,mhw,standing_still,t017,"CSI_DATA,534851,1a:00:00:00:00:00,-43,11,-99,17,28,11,515576693,47,2,256,0,""[0,0,0,0,0,0,0,0,0,0,0,0,7,-2,6,0,8,0,11,-1,8,-1,11,0,10,1,11,1,11,2,12,2,15,2,13,2,13,2,15,3,15,5,16,7,17,7,15,7,17,8,16,7,16,7,15,10,16,11,16,11,16,13,16,13,15,15,17,13,13,15,17,15,15,15,17,17,18,17,16,16,17,13,15,16,15,16,18,18,16,18,17,15,17,20,16,18,20,20,18,17,21,22,21,21,18,22,20,22,18,21,18,21,21,23,20,26,21,26,18,28,18,27,17,28,21,28,0,0,0,0,0,0,30,-13,31,-16,36,-18,31,-13,30,-12,33,-15,31,-12,36,-12,28,-11,35,-8,32,-11,28,-11,30,-8,28,-8,31,-10,28,-8,31,-10,28,-10,28,-8,28,-5,31,-8,28,-8,31,-10,31,-7,30,-8,28,-3,30,-7,28,-7,30,-7,28,-6,28,-6,32,-5,30,-1,32,-3,27,-1,36,-1,32,0,30,0,28,2,27,5,28,3,31,5,27,8,27,8,25,7,23,10,23,13,23,8,21,15,21,13,18,15,17,13,12,15,12,15,12,17,10,16,8,16,0,0,0,0,0,0,0,0,0,0]"""
1782031929805,2026-06-21T17:52:09.805,safe,posture,mhw,standing_still,t017,"CSI_DATA,534852,1a:00:00:00:00:00,-43,11,-99,18,28,11,515588579,47,2,256,0,""[0,0,0,0,0,0,0,0,0,0,0,0,7,1,8,0,8,-1,9,-1,8,0,8,0,8,0,9,1,12,0,12,0,12,2,13,2,13,2,14,2,17,4,15,2,17,2,18,3,17,2,15,4,15,6,19,2,22,6,19,6,22,6,19,7,19,7,23,7,20,4,20,6,20,6,22,4,20,3,20,3,24,1,26,3,23,2,23,4,23,3,25,3,25,3,25,0,26,-1,29,1,28,0,24,-2,26,-2,28,-2,29,-4,31,-2,31,-2,34,-2,34,0,33,-1,34,-2,35,-3,35,-7,0,0,0,0,0,0,-1,-35,-1,-39,-2,-34,-2,-34,-2,-35,0,-34,-3,-33,-2,-36,-1,-33,-1,-30,-4,-30,-2,-30,-9,-33,-3,-30,-2,-30,-4,-31,-6,-30,-3,-29,-4,-30,-7,-28,-12,-28,-8,-30,-9,-26,-9,-25,-8,-28,-13,-29,-8,-29,-8,-29,-8,-29,-11,-28,-9,-28,-12,-30,-12,-28,-12,-28,-9,-29,-9,-29,-9,-28,-11,-28,-11,-28,-11,-29,-7,-28,-4,-28,-4,-28,-4,-26,-2,-25,-4,-25,-2,-25,-1,-26,1,-23,0,-23,1,-22,1,-22,2,-20,4,-22,6,-17,6,-19,9,-17,0,0,0,0,0,0,0,0,0,0]"""
1782031929819,2026-06-21T17:52:09.819,safe,posture,mhw,standing_still,t017,"CSI_DATA,534853,1a:00:00:00:00:00,-43,11,-99,17,28,11,515601042,47,2,256,0,""[0,0,0,0,0,0,0,0,0,0,0,0,-1,7,0,8,-2,7,-1,7,-2,10,-1,8,-2,10,-2,11,-1,11,-5,11,-2,13,-2,13,-1,13,-3,16,-3,16,-1,15,-2,17,-3,17,-2,17,-5,17,-6,18,-1,18,-3,20,-2,18,0,22,0,21,-1,20,-1,22,2,21,0,23,1,20,3,25,2,21,5,22,3,22,8,25,7,21,8,22,10,22,10,23,8,25,13,20,13,23,16,25,16,26,13,21,18,20,18,22,22,20,22,23,26,21,26,20,25,25,26,20,28,20,31,21,28,20,0,0,0,0,0,0,21,-31,21,-28,18,-33,20,-30,13,-28,18,-31,13,-30,13,-35,13,-28,11,-30,11,-30,11,-28,6,-33,7,-28,8,-28,5,-30,1,-28,2,-30,5,-32,-3,-26,-3,-31,0,-30,-5,-28,-3,-28,-2,-28,-6,-30,-6,-27,-7,-27,-10,-28,-11,-27,-8,-27,-10,-32,-11,-26,-13,-27,-8,-28,-13,-32,-10,-27,-13,-26,-11,-27,-12,-27,-12,-26,-12,-26,-13,-25,-11,-26,-8,-25,-12,-23,-11,-26,-7,-25,-8,-25,-6,-20,-7,-21,-7,-20,-6,-21,-5,-18,-3,-20,-5,-18,-1,-20,0,0,0,0,0,0,0,0,0,0]"""
1782031929829,2026-06-21T17:52:09.829,safe,posture,mhw,standing_still,t017,"CSI_DATA,534854,1a:00:00:00:00:00,-43,11,-99,17,28,11,515609693,47,2,256,0,""[0,0,0,0,0,0,0,0,0,0,0,0,7,2,6,0,8,2,7,2,10,5,7,3,7,1,11,3,12,3,11,2,11,2,12,5,15,3,15,6,13,5,16,7,13,5,18,6,15,5,13,3,16,6,18,3,21,6,16,7,20,6,18,6,21,8,21,5,22,6,21,3,22,3,20,1,21,0,21,0,25,-2,25,-1,25,-2,23,-2,23,-1,26,-2,23,-3,27,-6,25,-6,26,-10,21,-7,23,-11,26,-11,22,-15,25,-16,27,-16,25,-12,31,-17,27,-16,30,-18,27,-20,27,-18,27,-22,0,0,0,0,0,0,-22,-27,-26,-32,-18,-21,-26,-23,-28,-28,-21,-22,-26,-25,-22,-20,-27,-25,-22,-17,-22,-16,-25,-17,-30,-17,-28,-18,-25,-17,-27,-16,-28,-13,-30,-13,-27,-11,-31,-11,-27,-7,-32,-8,-23,-5,-27,-3,-30,-3,-30,-2,-32,-3,-28,-3,-30,-5,-30,-2,-32,-3,-30,1,-33,-2,-30,0,-30,0,-25,0,-30,3,-30,0,-31,5,-32,1,-31,0,-27,-2,-31,-1,-31,-2,-27,-1,-30,-1,-25,-2,-26,0,-20,-2,-22,-1,-22,0,-22,-1,-22,-3,-22,-5,-17,-5,-17,-6,-16,-6,0,0,0,0,0,0,0,0,0,0]"""
1782031929842,2026-06-21T17:52:09.842,safe,posture,mhw,standing_still,t017,"CSI_DATA,534855,1a:00:00:00:00:00,-43,11,-99,14,29,11,515623588,47,2,256,0,""[0,0,0,0,0,0,0,0,0,0,0,0,-4,-4,-6,-6,-6,-4,-6,-4,-7,-6,-7,-7,-7,-7,-7,-7,-9,-8,-7,-8,-8,-8,-9,-11,-11,-9,-9,-11,-11,-12,-12,-9,-13,-11,-11,-13,-12,-11,-14,-12,-14,-14,-14,-12,-14,-13,-13,-14,-15,-15,-14,-14,-14,-14,-15,-15,-15,-12,-18,-13,-15,-14,-19,-13,-18,-13,-19,-9,-19,-11,-22,-11,-20,-11,-20,-8,-22,-9,-22,-9,-23,-12,-24,-4,-28,-8,-29,-8,-26,-6,-24,-4,-30,-2,-29,-4,-30,-1,-31,-3,-30,-1,-33,-1,-36,-2,-31,-1,-35,1,-35,2,-37,1,0,0,0,0,0,0,-2,37,-1,36,3,35,1,34,3,34,0,36,3,33,3,35,3,33,4,33,7,30,4,30,11,33,8,30,7,30,11,29,13,29,9,28,11,31,13,25,15,25,13,28,18,24,17,24,15,23,19,25,17,24,17,23,20,24,20,23,19,23,22,26,22,20,23,22,18,24,24,23,20,23,22,20,22,23,23,23,19,23,18,23,18,23,18,20,15,23,15,19,17,22,13,22,14,22,12,18,13,19,12,19,12,18,9,20,7,17,8,19,6,18,0,0,0,0,0,0,0,0,0,0]"""
1782031929853,2026-06-21T17:52:09.853,safe,posture,mhw,standing_still,t017,"CSI_DATA,534856,1a:00:00:00:00:00,-43,11,-99,19,28,11,515634239,47,2,256,0,""[0,0,0,0,0,0,0,0,0,0,0,0,8,1,9,0,7,1,9,0,8,1,9,1,10,0,10,2,11,0,10,1,14,3,15,1,15,1,15,2,15,3,15,2,17,2,17,5,19,2,17,2,15,4,21,1,19,4,20,4,21,3,20,4,21,3,24,4,21,2,20,0,21,2,23,0,21,1,21,0,24,-1,24,-2,23,-2,26,-2,23,-2,26,-3,24,-3,24,-7,27,-5,24,-5,27,-8,23,-8,27,-10,27,-10,26,-14,27,-13,28,-13,29,-14,32,-14,30,-14,32,-15,29,-17,28,-15,0,0,0,0,0,0,-19,-32,-17,-32,-17,-30,-19,-32,-19,-28,-17,-32,-16,-26,-17,-32,-16,-28,-17,-27,-21,-27,-17,-23,-23,-23,-21,-22,-19,-26,-22,-22,-22,-21,-22,-22,-22,-24,-22,-17,-26,-17,-22,-20,-22,-15,-26,-16,-22,-16,-30,-14,-26,-16,-26,-15,-26,-16,-27,-13,-24,-17,-30,-16,-27,-13,-27,-11,-28,-15,-30,-14,-28,-14,-28,-10,-28,-13,-28,-13,-26,-14,-24,-17,-26,-14,-22,-15,-23,-17,-23,-11,-22,-16,-19,-15,-19,-16,-17,-14,-19,-13,-16,-14,-17,-13,-15,-15,-13,-15,-14,-17,-11,-15,0,0,0,0,0,0,0,0,0,0]"""
1782031929863,2026-06-21T17:52:09.863,safe,posture,mhw,standing_still,t017,"CSI_DATA,534857,1a:00:00:00:00:00,-43,11,-99,17,28,11,515644842,47,2,256,0,""[0,0,0,0,0,0,0,0,0,0,0,0,0,6,0,8,0,6,1,10,2,7,-1,11,-1,11,-1,8,-1,13,-3,10,-1,13,-2,12,-1,13,-1,16,-2,17,0,13,-2,17,-2,16,-1,20,-5,17,-7,17,-2,20,-6,16,-3,21,-3,21,-3,21,-3,20,-3,22,-2,18,-1,23,-2,20,-1,26,-2,22,-2,23,-2,23,0,23,-1,20,2,25,1,22,2,21,1,26,8,22,7,26,6,27,6,32,1,26,8,30,3,28,8,27,7,30,13,31,12,30,12,32,10,30,15,31,13,33,11,33,0,0,0,0,0,0,35,-12,28,-12,36,-16,32,-11,27,-12,35,-12,26,-13,35,-17,26,-12,33,-15,31,-15,27,-8,27,-15,26,-13,26,-17,27,-16,23,-18,23,-16,27,-17,18,-18,21,-23,22,-18,25,-22,23,-20,21,-17,21,-22,20,-18,21,-23,21,-22,20,-23,20,-20,23,-23,16,-22,16,-25,18,-21,25,-28,23,-20,20,-22,23,-20,21,-20,21,-18,21,-22,20,-20,17,-18,22,-16,16,-17,21,-20,20,-13,26,-15,18,-11,21,-11,18,-8,17,-11,20,-5,18,-10,17,-6,20,-5,0,0,0,0,0,0,0,0,0,0]"""
1782031929872,2026-06-21T17:52:09.872,safe,posture,mhw,standing_still,t017,"CSI_DATA,534858,1a:00:00:00:00:00,-43,11,-99,14,29,11,515653693,47,2,256,0,""[0,0,0,0,0,0,0,0,0,0,0,0,7,-3,6,-2,8,-4,7,-2,8,-3,8,-3,9,-3,9,-1,11,-3,13,-2,12,-2,13,-1,14,-3,14,-1,15,0,19,0,15,0,19,2,15,1,13,2,15,6,20,2,20,3,18,6,20,6,18,7,22,8,20,7,20,8,18,8,20,9,18,8,19,8,20,7,22,7,23,9,23,9,19,12,22,11,25,13,24,11,24,12,24,12,25,12,22,9,24,11,24,13,28,11,28,14,28,15,25,14,29,18,29,19,29,19,29,20,28,20,29,20,0,0,0,0,0,0,25,-23,28,-26,23,-23,24,-24,28,-26,25,-18,28,-20,26,-22,28,-20,24,-18,23,-18,25,-18,25,-23,28,-22,26,-15,24,-18,25,-19,28,-17,25,-14,26,-19,23,-18,28,-17,22,-14,23,-14,25,-17,25,-18,28,-17,24,-13,26,-14,26,-14,29,-13,29,-13,30,-14,25,-11,30,-9,28,-11,26,-9,29,-9,28,-9,31,-7,30,-4,29,0,29,-1,30,0,29,1,29,3,25,4,28,6,22,4,22,4,22,7,20,8,20,9,20,11,14,13,13,14,11,15,0,0,0,0,0,0,0,0,0,0]"""
1782031929883,2026-06-21T17:52:09.883,safe,posture,mhw,standing_still,t017,"CSI_DATA,534859,1a:00:00:00:00:00,-43,11,-99,17,28,11,515664693,47,2,256,0,""[0,0,0,0,0,0,0,0,0,0,0,0,3,-6,5,-7,3,-6,3,-6,5,-7,2,-10,5,-10,5,-8,5,-11,5,-10,6,-10,5,-12,7,-13,6,-15,7,-13,6,-16,7,-16,7,-16,7,-13,7,-18,5,-17,5,-20,6,-18,6,-18,5,-20,6,-20,6,-18,6,-21,5,-22,-1,-23,3,-21,1,-22,1,-21,0,-22,-2,-25,-3,-26,-1,-22,-3,-22,-3,-23,-6,-25,-6,-26,-10,-23,-10,-23,-12,-26,-11,-23,-13,-23,-15,-23,-17,-23,-18,-26,-20,-26,-17,-22,-20,-27,-22,-26,-20,-26,-25,-25,-26,-23,-27,-22,0,0,0,0,0,0,-23,30,-23,28,-18,26,-20,30,-20,28,-18,28,-16,30,-16,30,-16,30,-13,27,-10,28,-11,27,-8,33,-11,31,-10,28,-5,32,-2,31,-5,30,-5,31,1,30,3,30,0,32,2,28,6,27,3,28,8,32,8,30,5,26,8,30,10,28,8,30,11,31,12,28,12,27,12,27,12,26,15,26,16,26,16,26,16,30,12,26,11,25,13,26,12,25,11,25,13,23,10,23,10,23,10,21,8,20,10,20,10,21,10,20,6,20,5,18,5,17,3,18,0,0,0,0,0,0,0,0,0,0]"""
1782031929893,2026-06-21T17:52:09.893,safe,posture,mhw,standing_still,t017,"CSI_DATA,534860,1a:00:00:00:00:00,-43,11,-99,17,28,11,515675693,47,2,256,0,""[0,0,0,0,0,0,0,0,0,0,0,0,-3,6,-3,6,-5,7,-6,7,-5,7,-5,7,-6,10,-6,8,-5,10,-6,8,-7,11,-8,11,-8,12,-7,12,-10,15,-6,13,-7,15,-8,15,-8,17,-8,12,-10,11,-7,18,-10,17,-8,17,-8,21,-8,18,-7,17,-10,21,-7,17,-6,21,-7,18,-7,22,-6,21,-5,22,-3,23,-3,25,-1,22,0,23,0,23,2,23,0,26,5,23,3,27,5,26,7,27,5,22,10,26,8,30,12,27,12,28,15,28,17,30,16,31,13,28,18,28,18,32,18,30,0,0,0,0,0,0,30,-22,28,-20,28,-22,28,-20,25,-21,30,-22,23,-21,26,-22,22,-20,25,-21,21,-25,20,-21,21,-27,18,-25,20,-25,16,-26,13,-27,13,-26,16,-28,10,-26,8,-31,11,-27,8,-30,7,-27,7,-27,5,-30,6,-28,3,-28,1,-31,0,-31,2,-30,2,-32,0,-28,-2,-32,1,-31,0,-33,1,-28,-1,-31,1,-30,-1,-31,-1,-28,0,-28,0,-30,0,-27,2,-28,-1,-25,-1,-27,2,-26,1,-26,1,-21,2,-22,2,-21,0,-22,5,-21,2,-20,3,-18,6,-16,0,0,0,0,0,0,0,0,0,0]"""
1782031929906,2026-06-21T17:52:09.906,safe,posture,mhw,standing_still,t017,"CSI_DATA,534861,1a:00:00:00:00:00,-43,11,-99,18,28,11,515686694,47,2,256,0,""[0,0,0,0,0,0,0,0,0,0,0,0,0,-7,0,-6,2,-8,1,-8,2,-9,0,-7,1,-7,2,-11,0,-11,3,-13,6,-12,6,-13,3,-14,4,-14,7,-13,7,-14,7,-15,8,-15,7,-13,6,-15,6,-14,9,-18,9,-17,11,-12,12,-17,12,-17,14,-17,14,-18,13,-19,12,-18,13,-17,12,-15,9,-18,11,-19,9,-22,13,-23,12,-19,13,-18,13,-20,13,-23,12,-23,13,-24,12,-23,13,-25,11,-20,11,-23,11,-26,12,-25,11,-29,13,-29,13,-25,15,-30,17,-29,15,-30,17,-30,15,-30,14,-29,0,0,0,0,0,0,-31,-20,-33,-19,-26,-15,-29,-19,-33,-20,-25,-20,-29,-20,-28,-18,-28,-19,-24,-18,-25,-14,-26,-15,-31,-15,-29,-17,-24,-18,-25,-17,-28,-15,-25,-17,-25,-18,-28,-14,-26,-12,-28,-17,-23,-11,-25,-9,-26,-13,-30,-11,-29,-13,-24,-13,-29,-15,-26,-12,-26,-18,-30,-15,-28,-15,-25,-14,-25,-17,-23,-14,-25,-13,-26,-14,-26,-15,-25,-17,-24,-18,-20,-20,-22,-19,-19,-20,-18,-22,-18,-22,-14,-20,-15,-20,-12,-18,-12,-19,-12,-18,-11,-19,-9,-18,-7,-20,-3,-18,-3,-19,-1,-19,0,0,0,0,0,0,0,0,0,0]"""
1782031929916,2026-06-21T17:52:09.916,safe,posture,mhw,standing_still,t017,"CSI_DATA,534862,1a:00:00:00:00:00,-44,11,-99,18,28,11,515697693,47,2,256,0,""[0,0,0,0,0,0,0,0,0,0,0,0,-6,-3,-4,-4,-7,-4,-7,-3,-7,-4,-7,-4,-7,-4,-11,-7,-9,-6,-11,-6,-9,-7,-11,-8,-13,-8,-12,-8,-11,-7,-13,-11,-14,-9,-14,-11,-14,-12,-15,-9,-17,-9,-13,-12,-15,-11,-15,-12,-14,-12,-18,-11,-17,-11,-19,-11,-19,-12,-19,-11,-20,-11,-19,-9,-22,-9,-22,-9,-22,-7,-19,-9,-22,-6,-25,-8,-23,-7,-24,-4,-24,-3,-26,-4,-25,-4,-28,-1,-25,-2,-29,-1,-30,-2,-28,2,-29,-2,-30,0,-33,1,-29,0,-33,2,-35,2,-34,3,-34,4,-35,6,0,0,0,0,0,0,6,33,8,33,11,37,7,34,8,35,9,31,8,34,9,33,11,31,11,33,12,30,13,30,9,26,14,26,14,29,13,25,17,28,17,24,15,23,18,26,17,24,22,24,19,23,22,23,22,22,19,20,22,22,25,19,23,18,25,20,24,19,25,17,24,23,24,19,23,17,25,20,26,19,23,19,24,18,22,20,23,18,23,20,20,22,20,19,22,17,20,18,17,18,20,17,14,18,18,20,15,17,14,17,12,15,14,17,11,14,9,17,8,17,0,0,0,0,0,0,0,0,0,0]"""
1782031929927,2026-06-21T17:52:09.927,safe,posture,mhw,standing_still,t017,"CSI_DATA,534863,1a:00:00:00:00:00,-43,11,-99,18,28,11,515708693,47,2,256,0,""[0,0,0,0,0,0,0,0,0,0,0,0,6,-2,7,-1,8,-1,9,0,9,-1,9,1,11,0,11,0,12,-2,12,-1,13,1,14,0,13,-1,14,0,17,2,18,1,18,0,18,1,14,2,18,-2,17,-2,19,0,19,2,19,1,22,1,19,1,22,2,24,1,20,-2,23,-2,20,0,20,-1,23,-3,22,-4,23,-3,23,-6,23,-4,24,-6,23,-4,24,-6,26,-6,22,-9,25,-11,24,-11,24,-13,22,-13,25,-15,24,-15,26,-17,24,-17,25,-15,28,-17,30,-18,26,-18,28,-20,29,-22,28,-20,0,0,0,0,0,0,-23,-30,-19,-29,-20,-28,-22,-26,-22,-25,-18,-28,-22,-23,-24,-25,-22,-23,-20,-24,-24,-20,-23,-20,-28,-19,-23,-20,-23,-22,-25,-22,-24,-17,-24,-18,-26,-19,-25,-14,-26,-13,-25,-14,-26,-13,-26,-11,-25,-11,-29,-11,-26,-13,-28,-11,-29,-11,-28,-9,-25,-12,-31,-12,-26,-7,-30,-7,-28,-11,-30,-11,-28,-8,-29,-6,-29,-8,-29,-9,-26,-9,-26,-12,-26,-12,-24,-12,-26,-12,-23,-8,-26,-11,-22,-12,-20,-13,-19,-11,-20,-12,-18,-12,-19,-13,-15,-13,-14,-14,-13,-14,-12,-15,0,0,0,0,0,0,0,0,0,0]"""
1782031929938,2026-06-21T17:52:09.938,safe,posture,mhw,standing_still,t017,"CSI_DATA,534864,1a:00:00:00:00:00,-43,11,-99,19,28,11,515719693,47,2,256,0,""[0,0,0,0,0,0,0,0,0,0,0,0,-7,4,-7,4,-7,3,-8,2,-9,2,-9,2,-8,2,-11,2,-10,2,-13,3,-13,3,-14,2,-15,2,-14,2,-13,1,-17,-1,-16,-3,-16,-2,-17,-4,-17,-2,-17,-1,-17,-5,-20,-7,-20,-5,-20,-4,-20,-5,-19,-8,-19,-4,-21,-10,-20,-8,-20,-8,-17,-10,-23,-8,-21,-9,-23,-8,-21,-9,-22,-10,-22,-10,-22,-10,-23,-10,-23,-8,-22,-11,-23,-11,-27,-10,-21,-10,-27,-13,-24,-15,-27,-9,-26,-14,-28,-13,-27,-13,-27,-15,-28,-15,-30,-17,-28,-16,-27,-19,-30,-19,0,0,0,0,0,0,-23,27,-24,28,-20,27,-23,24,-24,26,-23,23,-27,27,-24,23,-26,24,-24,20,-23,20,-22,22,-24,20,-24,23,-23,23,-21,20,-21,22,-22,21,-21,19,-24,21,-22,20,-23,21,-21,21,-22,19,-24,21,-23,16,-23,21,-22,20,-23,17,-22,20,-24,19,-22,19,-29,16,-27,15,-26,16,-27,14,-29,16,-27,10,-27,13,-29,10,-28,10,-29,8,-28,5,-27,5,-27,4,-28,1,-26,-1,-27,2,-23,-3,-24,-2,-23,-4,-21,-3,-19,-7,-21,-5,-17,-10,-16,-9,-16,-10,0,0,0,0,0,0,0,0,0,0]"""
1782031929948,2026-06-21T17:52:09.948,safe,posture,mhw,standing_still,t017,"CSI_DATA,534865,1a:00:00:00:00:00,-43,11,-99,18,28,11,515730693,47,2,256,0,""[0,0,0,0,0,0,0,0,0,0,0,0,0,8,0,4,2,9,0,7,0,9,0,9,0,8,0,12,0,11,2,13,0,12,0,13,1,14,0,14,-2,14,0,17,-1,15,-4,18,-1,15,-1,15,-3,19,-2,19,-2,23,-3,18,-3,20,-3,20,-3,20,-2,19,-6,24,-3,20,-3,23,-1,18,-1,23,-1,23,2,23,1,24,0,24,-1,23,1,25,2,26,2,23,0,30,2,25,4,28,3,22,6,28,6,26,8,28,7,30,7,33,4,28,6,33,7,31,7,36,6,33,7,29,12,31,0,0,0,0,0,0,31,-6,37,-9,29,-7,34,-6,39,-11,30,-4,36,-8,29,-8,36,-7,28,-8,28,-9,30,-12,29,-12,33,-14,29,-11,28,-11,28,-14,28,-12,25,-12,31,-14,23,-13,29,-14,22,-11,23,-13,25,-17,25,-17,29,-20,24,-17,28,-17,26,-18,28,-18,23,-18,33,-18,24,-17,26,-15,23,-15,25,-18,25,-14,24,-19,26,-15,29,-14,25,-11,26,-12,28,-12,24,-11,28,-9,24,-6,25,-9,19,-4,24,-6,22,-4,22,-6,22,-3,24,-3,18,-1,18,2,18,2,0,0,0,0,0,0,0,0,0,0]"""
1782031929961,2026-06-21T17:52:09.961,safe,posture,mhw,standing_still,t017,"CSI_DATA,534866,1a:00:00:00:00:00,-44,11,-99,17,28,11,515741693,47,2,256,0,""[0,0,0,0,0,0,0,0,0,0,0,0,0,-8,0,-6,2,-8,1,-7,3,-8,1,-8,1,-8,2,-11,3,-10,1,-11,2,-13,3,-11,5,-13,5,-15,6,-13,8,-17,6,-16,7,-13,8,-15,6,-16,7,-16,10,-16,10,-20,8,-18,8,-17,8,-18,11,-18,7,-18,12,-20,11,-18,10,-18,11,-18,10,-22,10,-18,8,-21,10,-20,10,-22,8,-23,11,-23,8,-25,7,-23,10,-25,10,-23,5,-26,8,-23,6,-31,8,-27,3,-27,7,-28,7,-28,8,-28,8,-28,8,-32,10,-35,8,-32,7,-32,5,-33,0,0,0,0,0,0,-33,-8,-36,-7,-33,-7,-33,-6,-36,-7,-31,-6,-37,-10,-32,-6,-32,-8,-31,-8,-32,-6,-32,-6,-28,-7,-31,-5,-30,-3,-30,-3,-31,-3,-30,-2,-27,-2,-32,-3,-30,-2,-31,-1,-27,-2,-28,-1,-32,0,-28,-1,-32,1,-30,1,-31,0,-31,1,-31,0,-30,2,-33,-2,-30,-1,-30,1,-30,-2,-32,0,-31,-2,-28,0,-28,-3,-28,-5,-28,-5,-27,-5,-28,-6,-26,-3,-26,-7,-23,-8,-26,-5,-20,-8,-25,-8,-20,-11,-20,-8,-18,-11,-16,-11,-17,-12,-13,-12,-13,-12,0,0,0,0,0,0,0,0,0,0]"""
1782031929971,2026-06-21T17:52:09.971,safe,posture,mhw,standing_still,t017,"CSI_DATA,534867,1a:00:00:00:00:00,-43,11,-99,17,28,11,515752693,47,2,256,0,""[0,0,0,0,0,0,0,0,0,0,0,0,-7,0,-6,-1,-7,-1,-8,-1,-10,-2,-10,-1,-7,-1,-11,-2,-12,-2,-12,0,-11,-1,-11,-3,-12,-1,-16,-5,-15,-3,-17,-5,-16,-2,-18,-3,-15,-1,-15,-2,-18,-3,-21,-2,-21,-3,-18,-3,-21,-2,-20,-1,-22,-2,-21,0,-23,-1,-20,0,-23,1,-17,1,-21,2,-25,2,-23,6,-23,7,-23,5,-21,5,-23,7,-25,10,-22,10,-26,11,-23,11,-23,13,-20,12,-20,17,-21,16,-20,22,-23,21,-23,21,-22,17,-25,22,-23,21,-26,25,-25,26,-22,22,-21,25,0,0,0,0,0,0,30,22,31,23,26,18,28,18,35,22,27,21,31,20,26,16,31,17,25,12,27,11,30,10,31,11,33,10,27,10,28,10,31,7,32,8,28,5,32,3,27,0,32,1,25,0,26,-2,30,-1,32,-6,31,-5,27,-2,31,-3,30,-6,32,-6,27,-10,33,-6,30,-7,30,-8,23,-6,30,-10,26,-10,27,-12,30,-10,30,-7,27,-5,30,-6,30,-6,26,-6,28,-6,25,-3,26,-6,21,-3,22,-5,21,-3,21,-6,22,-3,22,-5,18,1,18,0,18,1,0,0,0,0,0,0,0,0,0,0]"""
1782031929982,2026-06-21T17:52:09.982,safe,posture,mhw,standing_still,t017,"CSI_DATA,534868,1a:00:00:00:00:00,-43,11,-99,17,28,11,515763693,47,2,256,0,""[0,0,0,0,0,0,0,0,0,0,0,0,5,5,6,5,7,5,6,5,7,8,7,5,7,6,7,6,8,8,10,8,8,7,8,10,11,10,11,8,10,8,13,11,13,10,13,13,12,10,13,10,15,11,15,13,16,13,15,12,16,13,16,13,17,16,16,12,20,15,16,11,20,12,18,8,20,11,20,12,22,8,22,10,23,10,22,8,25,10,26,6,22,5,28,7,25,5,27,1,21,2,28,1,30,3,30,-2,31,0,32,-1,27,1,31,0,31,-1,36,-5,35,-1,33,-2,33,-5,0,0,0,0,0,0,-6,-31,-6,-40,-7,-28,-8,-31,-10,-39,-8,-30,-11,-36,-11,-28,-13,-35,-10,-28,-11,-27,-15,-30,-12,-28,-16,-30,-13,-28,-15,-27,-17,-25,-17,-26,-16,-21,-21,-27,-18,-21,-22,-23,-17,-17,-21,-17,-23,-21,-23,-18,-26,-21,-23,-18,-26,-20,-27,-17,-25,-17,-25,-13,-30,-21,-25,-15,-26,-17,-21,-15,-27,-16,-25,-17,-27,-12,-25,-16,-25,-16,-22,-17,-22,-18,-23,-17,-21,-15,-22,-18,-17,-15,-22,-15,-16,-12,-20,-16,-16,-15,-16,-13,-15,-15,-15,-16,-12,-13,-12,-13,-8,-15,0,0,0,0,0,0,0,0,0,0]"""
1782031929992,2026-06-21T17:52:09.992,safe,posture,mhw,standing_still,t017,"CSI_DATA,534869,1a:00:00:00:00:00,-43,11,-99,18,28,11,515774693,47,2,256,0,""[0,0,0,0,0,0,0,0,0,0,0,0,-4,3,-7,3,-4,3,-7,3,-7,4,-6,4,-8,6,-9,6,-9,8,-8,4,-11,7,-12,8,-11,9,-12,9,-15,8,-12,8,-14,11,-15,7,-17,9,-15,8,-15,4,-17,12,-17,9,-18,9,-18,11,-15,11,-17,9,-20,11,-15,13,-17,13,-15,11,-19,17,-17,14,-17,17,-17,15,-17,15,-14,15,-15,18,-14,18,-13,19,-17,19,-11,20,-14,24,-14,23,-14,28,-14,24,-9,26,-14,25,-11,26,-12,28,-9,29,-8,30,-11,33,-11,30,-7,35,-9,35,-9,34,0,0,0,0,0,0,35,11,31,9,35,7,33,9,31,6,35,8,31,4,36,3,31,4,36,4,33,4,30,6,35,0,29,2,31,1,30,-2,31,-3,30,-3,33,0,26,-6,29,-7,29,-6,30,-8,28,-7,28,-6,28,-9,28,-7,28,-9,30,-12,26,-13,28,-12,30,-11,24,-13,28,-15,26,-12,31,-15,29,-11,28,-13,26,-11,28,-12,28,-9,28,-12,26,-12,24,-9,26,-8,24,-12,25,-8,25,-6,24,-6,20,-6,22,-3,20,-2,23,-3,19,-1,20,-1,18,-2,18,2,0,0,0,0,0,0,0,0,0,0]"""
1782031930006,2026-06-21T17:52:10.006,safe,posture,mhw,standing_still,t017,"CSI_DATA,534870,1a:00:00:00:00:00,-43,11,-99,19,28,11,515785693,47,2,256,0,""[0,0,0,0,0,0,0,0,0,0,0,0,-1,-5,-1,-8,-1,-7,-2,-8,0,-8,1,-10,2,-10,1,-9,1,-11,1,-9,2,-13,2,-14,3,-13,2,-13,4,-15,4,-13,5,-17,5,-16,8,-20,11,-17,11,-16,9,-15,9,-15,9,-17,10,-17,10,-16,11,-15,14,-17,10,-14,11,-19,14,-16,17,-22,16,-15,13,-16,16,-16,16,-15,13,-19,14,-22,14,-20,11,-19,14,-19,11,-21,14,-24,15,-22,20,-27,17,-20,17,-23,21,-21,16,-20,20,-23,19,-28,16,-26,21,-26,23,-24,19,-27,23,-26,23,-27,0,0,0,0,0,0,-23,-27,-20,-22,-28,-29,-20,-26,-17,-21,-23,-29,-19,-23,-24,-29,-20,-22,-21,-32,-19,-28,-13,-26,-16,-26,-15,-26,-22,-27,-19,-24,-21,-24,-19,-21,-16,-26,-15,-20,-21,-24,-17,-22,-20,-28,-16,-27,-14,-24,-15,-26,-14,-23,-20,-26,-17,-24,-16,-23,-14,-24,-14,-28,-15,-21,-17,-27,-14,-23,-16,-36,-10,-30,-9,-29,-8,-29,-5,-28,-5,-26,-9,-32,-4,-27,-7,-24,-2,-27,-3,-23,-3,-28,-1,-24,3,-29,7,-22,7,-21,9,-20,7,-17,8,-20,8,-19,9,-14,11,-15,0,0,0,0,0,0,0,0,0,0]"""
1782031930016,2026-06-21T17:52:10.016,safe,posture,mhw,standing_still,t017,"CSI_DATA,534871,1a:00:00:00:00:00,-43,11,-99,14,29,11,515798338,47,2,256,0,""[0,0,0,0,0,0,0,0,0,0,0,0,-6,4,-4,3,-7,4,-7,4,-9,6,-8,6,-8,4,-9,6,-9,6,-11,8,-11,6,-12,6,-13,7,-13,4,-13,6,-15,7,-15,4,-15,7,-17,6,-19,4,-20,8,-15,4,-18,8,-19,8,-19,7,-19,7,-20,6,-19,8,-23,6,-19,7,-20,8,-22,7,-23,11,-20,9,-20,11,-20,12,-20,12,-22,12,-20,13,-20,14,-18,15,-22,13,-23,14,-22,17,-20,17,-23,20,-20,17,-18,22,-23,19,-22,22,-24,22,-23,20,-23,22,-24,24,-25,23,-23,23,-24,26,0,0,0,0,0,0,24,23,25,25,26,23,25,24,28,24,24,23,26,26,23,24,26,24,24,23,25,22,26,19,24,18,28,18,25,18,24,15,29,15,26,17,24,13,28,17,26,13,28,13,26,13,26,13,29,11,25,11,29,11,29,9,29,11,30,8,28,9,28,9,29,13,28,12,25,11,29,13,30,9,29,11,28,11,25,12,28,12,26,14,25,14,24,13,25,12,23,17,20,15,20,13,18,14,20,15,15,15,18,14,13,15,14,15,13,14,11,15,11,14,0,0,0,0,0,0,0,0,0,0]"""
1782031930029,2026-06-21T17:52:10.029,safe,posture,mhw,standing_still,t017,"CSI_DATA,534872,1a:00:00:00:00:00,-43,11,-99,14,29,11,515809830,47,2,256,0,""[0,0,0,0,0,0,0,0,0,0,0,0,7,-2,8,-4,8,-3,8,-4,6,-4,8,-3,11,-4,8,-1,11,-4,11,-3,12,-4,13,-3,12,-6,14,-4,15,-3,14,-3,18,-3,17,-3,19,-3,20,-3,17,-2,20,-3,18,0,19,-4,20,-3,19,-3,20,-2,23,-2,18,-3,22,-6,19,-3,25,-6,22,-1,23,-4,23,-3,23,-6,20,-6,24,-8,23,-8,22,-9,25,-7,20,-11,24,-13,24,-11,30,-13,25,-11,25,-14,29,-9,23,-14,26,-14,28,-17,26,-17,31,-18,29,-14,28,-19,30,-19,29,-15,0,0,0,0,0,0,-19,-34,-14,-28,-19,-34,-15,-33,-13,-28,-17,-34,-14,-25,-17,-31,-15,-24,-18,-31,-17,-29,-12,-29,-18,-26,-13,-25,-18,-28,-18,-25,-19,-24,-18,-24,-18,-28,-18,-18,-22,-22,-18,-23,-22,-24,-20,-24,-17,-24,-19,-23,-17,-20,-22,-19,-23,-22,-22,-18,-20,-19,-23,-25,-20,-17,-24,-20,-22,-22,-25,-25,-17,-25,-20,-22,-18,-25,-18,-23,-17,-19,-20,-23,-17,-22,-15,-19,-13,-24,-15,-19,-14,-23,-12,-24,-11,-26,-6,-22,-6,-23,-6,-20,-4,-20,-3,-19,-4,-20,-3,-19,-1,-19,0,0,0,0,0,0,0,0,0,0]"""
1782031930039,2026-06-21T17:52:10.039,safe,posture,mhw,standing_still,t017,"CSI_DATA,534873,1a:00:00:00:00:00,-43,11,-99,18,28,11,515818693,47,2,256,0,""[0,0,0,0,0,0,0,0,0,0,0,0,-1,-7,-1,-7,0,-8,1,-9,-2,-7,-1,-11,0,-11,0,-11,0,-11,-1,-11,-1,-13,0,-13,0,-13,-1,-13,2,-15,2,-14,1,-17,1,-17,3,-19,2,-18,3,-15,3,-18,3,-18,4,-20,4,-20,3,-20,3,-20,3,-20,7,-19,3,-22,2,-19,6,-24,4,-23,3,-22,3,-23,4,-20,1,-20,2,-25,3,-23,1,-23,2,-24,1,-24,-1,-28,-3,-24,1,-33,0,-29,1,-30,0,-28,1,-25,0,-30,-2,-34,-1,-30,-1,-31,0,-33,-2,-35,0,-35,-1,-34,0,0,0,0,0,0,-35,1,-33,1,-40,1,-35,2,-31,0,-35,1,-33,1,-37,1,-31,3,-36,0,-35,0,-30,2,-30,1,-29,2,-33,3,-30,2,-31,4,-29,3,-30,4,-29,2,-31,7,-28,7,-31,6,-30,6,-28,6,-26,3,-28,7,-29,9,-30,7,-29,8,-28,8,-30,8,-28,4,-31,7,-28,7,-35,7,-31,6,-30,3,-29,3,-28,1,-28,2,-30,3,-30,0,-26,1,-28,-1,-25,-1,-28,-1,-24,-2,-26,-6,-23,-4,-22,-4,-19,-7,-19,-6,-18,-11,-19,-7,-17,-8,-14,-9,0,0,0,0,0,0,0,0,0,0]"""
1782031930048,2026-06-21T17:52:10.048,safe,posture,mhw,standing_still,t017,"CSI_DATA,534874,1a:00:00:00:00:00,-43,11,-99,18,28,11,515829693,47,2,256,0,""[0,0,0,0,0,0,0,0,0,0,0,0,-4,7,-6,4,-7,6,-7,4,-7,4,-8,3,-7,4,-11,4,-9,4,-13,7,-12,4,-12,4,-12,4,-14,3,-13,4,-17,6,-14,6,-17,4,-15,2,-14,2,-20,1,-20,4,-22,3,-19,1,-20,2,-19,2,-20,2,-19,2,-24,2,-19,2,-23,2,-19,2,-23,4,-23,2,-22,3,-23,3,-25,4,-22,3,-25,3,-28,6,-24,7,-29,4,-26,3,-26,8,-20,4,-26,8,-26,8,-26,13,-30,11,-30,11,-29,6,-31,8,-30,9,-35,8,-34,8,-31,9,-33,12,0,0,0,0,0,0,6,34,8,39,8,26,6,35,9,39,4,30,7,36,8,33,7,36,6,29,6,28,7,33,8,31,8,34,4,29,6,30,8,30,6,30,7,28,8,33,8,25,11,31,8,22,8,24,9,29,12,28,11,31,8,28,8,31,11,29,9,31,9,28,9,33,11,28,11,29,7,25,11,30,6,30,8,29,7,30,3,31,1,29,0,31,1,30,1,29,0,29,-2,23,1,26,-3,19,-2,24,-4,22,-2,20,-4,20,-7,19,-9,17,-9,17,-11,15,0,0,0,0,0,0,0,0,0,0]"""
1782031930059,2026-06-21T17:52:10.059,safe,posture,mhw,standing_still,t017,"CSI_DATA,534875,1a:00:00:00:00:00,-43,11,-99,18,28,11,515840693,47,2,256,0,""[0,0,0,0,0,0,0,0,0,0,0,0,8,0,7,1,6,0,8,1,8,1,11,0,11,1,11,1,12,2,11,2,13,1,13,2,15,1,14,2,13,2,17,2,17,1,17,2,20,1,17,2,15,2,19,2,18,3,23,1,20,2,20,1,20,1,22,1,20,2,23,-1,20,-1,25,0,25,-1,24,-2,24,-2,22,-2,20,-3,24,-7,25,-6,20,-7,23,-8,23,-9,24,-11,24,-13,29,-13,26,-13,25,-14,24,-14,23,-13,24,-17,26,-20,24,-18,24,-18,29,-18,26,-22,24,-24,29,-22,0,0,0,0,0,0,-25,-28,-22,-22,-30,-26,-23,-24,-22,-22,-26,-24,-24,-20,-28,-22,-25,-19,-28,-24,-26,-20,-25,-17,-24,-17,-25,-15,-29,-15,-28,-13,-29,-13,-25,-11,-26,-11,-26,-11,-30,-8,-28,-8,-30,-8,-31,-8,-29,-7,-26,-7,-28,-6,-31,-3,-30,-3,-29,-2,-26,-3,-29,-1,-29,-1,-30,0,-29,0,-37,-2,-34,-2,-29,-1,-30,-2,-26,-3,-29,-2,-31,0,-28,-2,-24,-2,-24,-2,-25,-2,-26,-3,-25,-1,-26,-4,-23,-4,-22,-4,-20,-7,-18,-6,-20,-4,-19,-8,-17,-8,-15,-8,0,0,0,0,0,0,0,0,0,0]"""
1782031930074,2026-06-21T17:52:10.074,safe,posture,mhw,standing_still,t017,"CSI_DATA,534876,1a:00:00:00:00:00,-43,11,-99,14,29,11,515851693,47,2,256,0,""[0,0,0,0,0,0,0,0,0,0,0,0,-6,-2,-8,-2,-8,-2,-8,-2,-7,-2,-9,-4,-11,-4,-11,-4,-11,-4,-11,-3,-12,-3,-12,-4,-14,-4,-13,-4,-14,-6,-14,-7,-18,-7,-15,-7,-17,-7,-19,-7,-18,-6,-17,-8,-17,-8,-20,-7,-17,-8,-19,-8,-17,-8,-19,-6,-18,-8,-22,-7,-20,-7,-24,-9,-24,-7,-23,-8,-22,-7,-19,-6,-22,-3,-26,-2,-24,-2,-23,1,-24,-1,-25,0,-25,0,-28,2,-33,0,-28,0,-31,1,-29,2,-26,2,-30,4,-33,7,-30,8,-31,6,-34,7,-33,9,-35,8,-34,9,0,0,0,0,0,0,7,35,12,31,13,35,11,33,11,28,12,33,13,31,15,34,12,29,13,33,14,33,13,28,13,28,14,26,19,28,17,25,19,25,18,23,18,23,18,23,22,24,20,22,23,22,20,23,19,22,19,20,20,20,28,17,24,19,25,18,23,17,24,17,23,18,25,19,25,17,28,23,25,22,23,19,24,19,19,19,23,18,25,18,23,18,20,14,20,17,19,17,19,18,19,18,18,22,15,18,12,19,12,17,13,17,11,17,13,15,11,15,7,18,0,0,0,0,0,0,0,0,0,0]"""
1782031930083,2026-06-21T17:52:10.083,safe,posture,mhw,standing_still,t017,"CSI_DATA,534877,1a:00:00:00:00:00,-43,11,-99,18,28,11,515862693,47,2,256,0,""[0,0,0,0,0,0,0,0,0,0,0,0,1,6,1,6,0,8,-1,9,0,8,0,9,1,9,0,13,0,11,-1,12,0,12,-1,13,3,13,0,14,-1,13,-3,17,0,15,-2,18,-2,19,-3,17,-4,18,-2,17,-2,20,0,22,-2,20,-1,22,-2,20,-1,20,-4,23,0,23,-2,22,-1,24,0,25,0,24,1,23,-1,23,2,23,3,25,1,24,4,25,6,24,4,28,3,24,7,24,6,28,9,28,6,29,11,25,8,28,11,30,12,30,11,28,12,30,12,34,14,29,14,33,15,34,0,0,0,0,0,0,28,-14,33,-15,30,-18,31,-15,31,-17,30,-17,33,-17,33,-15,30,-18,31,-15,30,-17,28,-19,26,-14,26,-20,25,-22,23,-18,23,-22,23,-20,20,-18,24,-19,20,-20,19,-22,19,-22,22,-24,19,-24,19,-19,18,-24,18,-28,18,-25,15,-25,17,-25,14,-26,20,-26,17,-25,15,-25,19,-25,19,-29,19,-23,17,-25,19,-20,18,-22,20,-25,19,-22,19,-20,15,-19,19,-18,19,-17,17,-19,18,-14,18,-17,19,-14,18,-14,18,-12,17,-12,18,-9,17,-7,18,-6,0,0,0,0,0,0,0,0,0,0]"""
1782031930093,2026-06-21T17:52:10.093,safe,posture,mhw,standing_still,t017,"CSI_DATA,534878,1a:00:00:00:00:00,-43,11,-99,17,28,11,515873693,47,2,256,0,""[0,0,0,0,0,0,0,0,0,0,0,0,5,3,3,5,8,6,6,5,7,7,6,6,7,5,10,6,10,7,11,6,8,7,10,7,12,10,12,8,11,8,16,10,13,7,15,10,13,7,17,8,20,8,16,8,18,8,17,8,20,11,18,8,20,7,18,6,22,8,20,5,22,5,18,3,22,2,23,2,23,0,25,-1,26,0,23,-1,25,-2,27,-6,23,-6,30,-5,23,-6,26,-12,20,-7,23,-13,26,-11,23,-17,25,-18,27,-17,26,-16,26,-20,25,-20,27,-22,26,-23,25,-22,23,-27,0,0,0,0,0,0,-28,-22,-31,-23,-23,-18,-28,-16,-33,-20,-25,-16,-31,-17,-26,-13,-33,-15,-27,-12,-28,-11,-30,-8,-32,-7,-32,-7,-30,-7,-30,-6,-32,-3,-31,-1,-28,0,-35,1,-26,5,-32,5,-23,5,-27,6,-31,8,-25,8,-32,11,-27,10,-28,10,-27,13,-27,13,-26,15,-31,16,-25,15,-26,17,-21,13,-25,20,-25,16,-23,20,-25,18,-25,17,-23,13,-23,16,-22,17,-21,15,-23,16,-20,12,-21,17,-16,11,-18,15,-17,11,-17,15,-17,11,-18,12,-16,10,-16,8,-16,5,0,0,0,0,0,0,0,0,0,0]"""
1782031930102,2026-06-21T17:52:10.102,safe,posture,mhw,standing_still,t017,"CSI_DATA,534879,1a:00:00:00:00:00,-43,11,-99,18,28,11,515884693,47,2,256,0,""[0,0,0,0,0,0,0,0,0,0,0,0,2,7,1,6,0,8,0,7,0,9,0,8,1,8,0,9,1,12,0,11,-2,11,-1,15,-1,14,-1,15,-1,18,-1,17,0,17,-1,15,-2,17,-1,17,-1,15,-2,22,-3,18,-6,17,-6,20,-3,18,-7,22,-7,23,-3,19,-2,22,-6,22,-3,24,-4,22,-1,23,-2,24,-3,25,-1,22,-1,23,-2,23,-1,24,-3,26,1,24,2,26,1,29,0,29,0,25,4,28,2,29,4,29,2,33,3,31,3,34,2,37,2,31,3,34,3,35,6,34,0,0,0,0,0,0,37,-2,35,0,37,-2,34,-3,33,-1,36,-1,31,-3,37,-3,34,-1,33,-2,31,-4,30,-2,34,-8,30,-3,29,-3,30,-6,29,-6,31,-6,31,-6,28,-8,29,-11,30,-8,26,-9,28,-9,25,-8,29,-12,28,-9,26,-9,29,-11,28,-12,29,-12,31,-9,26,-12,29,-13,28,-9,30,-11,28,-9,29,-11,29,-9,29,-9,26,-6,29,-4,28,-6,28,-6,29,-2,25,-4,28,-1,28,-1,26,0,22,0,25,0,20,2,22,1,22,4,17,6,15,6,19,7,0,0,0,0,0,0,0,0,0,0]"""
1782031930116,2026-06-21T17:52:10.116,safe,posture,mhw,standing_still,t017,"CSI_DATA,534880,1a:00:00:00:00:00,-43,11,-99,17,28,11,515897857,47,2,256,0,""[0,0,0,0,0,0,0,0,0,0,0,0,7,-1,8,-2,7,-2,10,-2,8,-3,11,-1,11,-2,11,-1,10,-1,12,-2,12,-2,13,-2,13,-3,13,-3,16,-3,16,-2,18,-2,15,-6,20,-2,18,-5,16,-3,18,-3,18,-3,20,-7,21,-6,20,-7,20,-5,21,-7,20,-6,21,-8,18,-8,22,-11,22,-12,20,-10,20,-12,20,-12,18,-13,20,-16,17,-15,16,-16,17,-18,16,-18,17,-22,13,-22,20,-26,17,-23,13,-22,13,-23,13,-23,15,-27,15,-30,12,-28,12,-30,15,-30,11,-33,11,-31,10,-35,0,0,0,0,0,0,-33,-7,-31,-7,-36,-6,-33,-6,-30,-3,-32,-2,-32,-3,-36,-2,-30,0,-36,-2,-35,1,-31,3,-30,0,-30,3,-32,5,-31,6,-30,8,-27,8,-30,8,-27,10,-30,12,-27,12,-31,15,-28,15,-26,15,-26,12,-22,15,-23,18,-25,17,-23,18,-22,17,-23,21,-22,18,-23,22,-21,20,-27,25,-25,21,-22,21,-22,20,-21,17,-21,17,-21,22,-22,17,-17,18,-20,20,-20,17,-21,18,-18,18,-22,15,-18,13,-18,13,-17,13,-17,10,-16,10,-18,12,-16,8,-16,8,0,0,0,0,0,0,0,0,0,0]"""
1782031930125,2026-06-21T17:52:10.125,safe,posture,mhw,standing_still,t017,"CSI_DATA,534881,1a:00:00:00:00:00,-44,11,-99,18,28,11,515908226,47,2,256,0,""[0,0,0,0,0,0,0,0,0,0,0,0,1,8,2,7,1,8,0,7,1,8,0,8,0,11,0,12,-1,11,1,14,-1,12,-1,13,0,13,-2,15,-2,13,-4,18,-2,15,-6,17,-6,15,-4,14,-6,17,-4,17,-7,22,-7,18,-7,19,-7,19,-8,20,-7,18,-11,22,-8,20,-11,19,-9,19,-7,22,-9,19,-8,20,-7,23,-8,22,-9,23,-9,24,-7,24,-6,24,-12,25,-9,24,-6,26,-6,22,-7,30,-9,25,-3,29,-9,30,-7,29,-8,28,-11,28,-12,30,-9,33,-12,31,-12,30,-8,35,0,0,0,0,0,0,31,12,36,13,31,11,31,13,37,15,29,13,33,15,29,13,33,14,29,13,28,12,33,11,26,12,31,11,28,11,29,11,30,9,30,11,26,11,33,14,28,9,29,11,26,9,26,7,30,8,25,11,33,8,29,8,30,9,29,7,30,9,29,8,31,13,30,9,28,12,25,13,31,11,26,13,29,12,25,14,26,14,24,17,23,18,23,15,23,15,20,20,15,20,19,17,14,17,17,17,14,17,15,15,11,18,13,18,8,18,6,19,7,18,0,0,0,0,0,0,0,0,0,0]"""
1782031930136,2026-06-21T17:52:10.136,safe,posture,mhw,standing_still,t017,"CSI_DATA,534882,1a:00:00:00:00:00,-43,11,-99,18,28,11,515917693,47,2,256,0,""[0,0,0,0,0,0,0,0,0,0,0,0,7,4,6,6,4,3,6,6,7,3,8,7,8,7,6,8,11,7,8,8,8,8,9,9,9,9,11,11,11,12,11,9,14,11,13,12,13,13,14,15,13,15,15,13,13,12,14,12,17,13,15,13,15,14,18,15,15,11,18,11,17,13,20,14,18,13,19,11,20,12,22,9,20,9,22,9,22,9,22,7,25,9,23,3,26,6,26,6,31,6,25,6,29,2,29,3,28,2,30,2,31,0,31,-2,35,2,31,0,35,-3,37,-1,34,0,0,0,0,0,0,0,-1,-39,-1,-34,-4,-40,-2,-33,-3,-31,-2,-36,-4,-29,-7,-37,-4,-30,-8,-34,-9,-33,-4,-29,-12,-30,-8,-28,-8,-29,-13,-29,-13,-26,-12,-26,-12,-31,-14,-23,-18,-25,-14,-26,-18,-25,-17,-23,-15,-24,-22,-22,-18,-23,-19,-22,-22,-23,-20,-20,-18,-22,-23,-25,-22,-17,-23,-19,-22,-22,-24,-22,-22,-22,-23,-19,-20,-22,-22,-20,-19,-18,-20,-22,-22,-20,-19,-19,-19,-23,-18,-17,-19,-19,-14,-19,-17,-22,-12,-18,-14,-19,-12,-19,-12,-17,-9,-18,-8,-15,-8,-18,-7,-19,0,0,0,0,0,0,0,0,0,0]"""
1782031930148,2026-06-21T17:52:10.148,safe,posture,mhw,standing_still,t017,"CSI_DATA,534883,1a:00:00:00:00:00,-43,11,-99,17,28,11,515928693,47,2,256,0,""[0,0,0,0,0,0,0,0,0,0,0,0,0,-7,2,-7,2,-7,2,-8,3,-8,2,-8,1,-10,2,-10,1,-12,2,-11,3,-11,3,-15,2,-15,3,-15,6,-15,5,-15,5,-16,6,-17,5,-16,5,-15,7,-16,3,-20,6,-18,7,-18,7,-21,5,-18,8,-20,6,-22,6,-21,5,-20,6,-22,3,-21,2,-21,1,-22,0,-23,0,-23,1,-23,2,-23,0,-25,-1,-26,-1,-26,-2,-25,-3,-26,-3,-28,-2,-25,-6,-26,-8,-27,-8,-26,-8,-30,-8,-32,-7,-28,-11,-32,-10,-33,-11,-31,-11,-31,-13,-30,-11,-31,0,0,0,0,0,0,-35,12,-36,12,-31,13,-31,13,-33,15,-33,8,-32,13,-31,15,-31,12,-27,12,-26,17,-27,16,-27,22,-26,20,-25,12,-25,18,-22,20,-23,17,-25,20,-22,20,-20,21,-23,20,-18,21,-17,22,-18,23,-17,27,-18,25,-17,22,-20,26,-17,26,-21,25,-18,26,-17,26,-17,25,-18,25,-17,26,-15,25,-13,25,-15,28,-16,27,-17,22,-18,21,-17,25,-20,22,-21,20,-17,21,-18,17,-18,18,-15,16,-15,16,-15,17,-16,17,-17,15,-16,12,-17,10,-16,8,-17,6,0,0,0,0,0,0,0,0,0,0]"""
1782031930157,2026-06-21T17:52:10.157,safe,posture,mhw,standing_still,t017,"CSI_DATA,534884,1a:00:00:00:00:00,-43,11,-99,17,28,11,515939693,47,2,256,0,""[0,0,0,0,0,0,0,0,0,0,0,0,1,7,1,6,1,10,-1,8,1,10,0,7,0,8,1,11,0,11,-1,15,-3,12,-2,12,-2,15,-2,15,-3,12,-6,17,-5,16,-8,18,-6,15,-6,15,-7,16,-8,17,-12,20,-10,16,-11,17,-11,17,-13,17,-12,16,-16,20,-12,15,-15,17,-12,15,-12,17,-15,17,-13,18,-15,18,-18,21,-15,18,-17,18,-17,21,-15,20,-20,20,-17,17,-17,23,-15,15,-16,21,-18,22,-16,25,-20,23,-21,25,-20,20,-23,22,-23,21,-25,27,-26,22,-23,22,-25,26,0,0,0,0,0,0,17,27,23,33,20,22,18,27,20,32,15,27,21,33,16,27,16,33,13,26,15,25,16,28,15,28,18,30,15,26,13,26,15,27,15,28,12,25,13,31,15,23,12,30,12,21,11,25,15,28,12,27,15,31,11,27,13,28,11,27,11,30,11,26,7,33,8,30,8,30,6,25,8,30,6,30,8,30,3,31,2,31,-1,27,-1,30,-2,31,-2,27,-7,31,-8,23,-5,26,-5,18,-7,23,-10,20,-8,20,-11,20,-12,20,-13,13,-13,12,-13,11,0,0,0,0,0,0,0,0,0,0]"""
1782031930169,2026-06-21T17:52:10.169,safe,posture,mhw,standing_still,t017,"CSI_DATA,534885,1a:00:00:00:00:00,-43,11,-99,17,28,11,515950693,47,2,256,0,""[0,0,0,0,0,0,0,0,0,0,0,0,3,-6,5,-7,3,-6,3,-8,5,-8,5,-7,5,-10,5,-8,6,-12,5,-10,7,-10,6,-12,7,-12,7,-12,11,-13,8,-12,10,-13,11,-13,10,-13,11,-13,13,-12,11,-17,13,-13,15,-15,13,-16,12,-17,13,-15,17,-16,12,-15,13,-18,15,-15,12,-18,12,-17,11,-20,11,-21,12,-21,12,-18,11,-20,11,-21,11,-21,13,-22,10,-22,11,-23,11,-25,11,-27,10,-23,6,-27,7,-27,8,-30,8,-31,7,-30,8,-33,11,-35,10,-31,8,-32,7,-36,10,-33,0,0,0,0,0,0,-36,-13,-32,-11,-35,-10,-35,-12,-31,-8,-33,-12,-30,-7,-33,-10,-31,-10,-33,-7,-32,-6,-28,-6,-33,-2,-30,-3,-28,-8,-31,-5,-30,-2,-30,-5,-32,-5,-26,-1,-31,-1,-28,-3,-30,1,-30,2,-28,-1,-32,3,-30,1,-30,0,-32,1,-31,2,-31,0,-33,1,-28,3,-31,3,-28,-1,-32,5,-30,1,-31,3,-31,2,-30,1,-28,-1,-28,-3,-30,-1,-27,-5,-28,-5,-25,-2,-26,-2,-25,-6,-25,-5,-18,-7,-22,-6,-22,-6,-20,-7,-17,-8,-17,-8,-16,-10,-16,-11,0,0,0,0,0,0,0,0,0,0]"""
1782031930179,2026-06-21T17:52:10.179,safe,posture,mhw,standing_still,t017,"CSI_DATA,534886,1a:00:00:00:00:00,-43,11,-99,17,28,11,515961693,47,2,256,0,""[0,0,0,0,0,0,0,0,0,0,0,0,2,-6,5,-5,5,-8,3,-8,5,-8,6,-8,5,-10,5,-11,6,-10,5,-12,5,-10,5,-11,6,-13,7,-12,6,-12,8,-16,6,-12,8,-16,7,-15,8,-15,8,-16,6,-16,8,-18,7,-18,7,-18,8,-18,7,-21,5,-21,7,-21,5,-20,5,-21,3,-18,2,-23,0,-21,0,-23,-1,-22,-1,-26,-1,-23,-1,-23,-6,-26,-5,-23,-5,-27,-3,-25,-10,-25,-6,-21,-12,-25,-11,-26,-16,-23,-15,-25,-16,-26,-15,-27,-15,-27,-18,-27,-20,-27,-21,-27,-21,-25,-25,-22,0,0,0,0,0,0,-22,26,-26,27,-18,26,-22,27,-25,28,-20,25,-22,28,-18,26,-20,28,-15,27,-16,27,-13,31,-12,28,-10,31,-10,28,-10,28,-7,30,-7,31,-6,27,-7,32,-3,28,-1,31,-1,26,0,31,2,31,2,30,3,32,5,30,5,32,8,30,6,32,8,28,5,33,6,31,8,27,7,27,11,31,8,27,12,28,8,30,8,27,6,27,6,27,10,28,8,25,7,27,5,25,8,25,6,20,8,25,6,22,8,21,6,20,5,20,2,20,1,18,2,18,0,0,0,0,0,0,0,0,0,0]"""
1782031930192,2026-06-21T17:52:10.192,safe,posture,mhw,standing_still,t017,"CSI_DATA,534887,1a:00:00:00:00:00,-43,11,-99,18,28,11,515972693,47,2,256,0,""[0,0,0,0,0,0,0,0,0,0,0,0,2,-6,3,-7,3,-3,6,-7,3,-8,6,-9,9,-9,6,-7,7,-8,8,-6,8,-11,9,-9,8,-9,8,-11,13,-11,11,-8,12,-13,13,-12,17,-12,15,-8,14,-6,15,-11,14,-7,17,-13,18,-11,18,-11,17,-9,19,-11,15,-9,19,-13,17,-12,22,-13,20,-12,18,-11,20,-12,19,-11,17,-12,18,-17,19,-14,17,-14,19,-14,17,-18,19,-19,20,-19,25,-22,20,-15,22,-19,24,-17,19,-17,24,-19,24,-25,18,-23,23,-22,25,-22,23,-26,26,-25,26,-24,0,0,0,0,0,0,-23,-28,-19,-23,-25,-30,-22,-28,-18,-23,-23,-28,-19,-22,-25,-28,-20,-23,-24,-30,-23,-29,-17,-25,-19,-23,-17,-20,-23,-24,-22,-23,-22,-23,-20,-20,-19,-23,-19,-18,-24,-18,-22,-18,-24,-22,-22,-24,-20,-19,-20,-20,-18,-19,-25,-18,-23,-22,-23,-18,-20,-19,-23,-23,-22,-15,-24,-19,-23,-19,-28,-25,-18,-25,-19,-24,-17,-24,-15,-22,-17,-22,-19,-23,-17,-24,-13,-19,-13,-24,-13,-20,-15,-24,-12,-23,-11,-28,-6,-20,-6,-23,-2,-20,-4,-18,0,-20,-6,-22,-2,-18,0,-17,0,0,0,0,0,0,0,0,0,0]"""
1782031930202,2026-06-21T17:52:10.202,safe,posture,mhw,standing_still,t017,"CSI_DATA,534888,1a:00:00:00:00:00,-43,11,-99,18,28,11,515983693,47,2,256,0,""[0,0,0,0,0,0,0,0,0,0,0,0,-4,-6,-3,-6,-4,-7,-6,-7,-4,-8,-4,-8,-3,-8,-6,-11,-3,-9,-7,-12,-4,-11,-4,-13,-6,-13,-3,-13,-3,-12,-4,-18,-3,-17,-2,-17,-3,-17,0,-19,-2,-22,-2,-18,-3,-22,-3,-18,-3,-19,-2,-20,-1,-20,-1,-19,0,-23,0,-20,-1,-22,-1,-20,-3,-24,-1,-23,-4,-23,-1,-23,-3,-23,-2,-24,-2,-24,-3,-25,-4,-23,-1,-28,-2,-26,-6,-26,-3,-23,-8,-28,-4,-28,-8,-26,-3,-29,-4,-29,-4,-30,-4,-30,-4,-31,-3,-35,-4,-34,-4,-34,-4,-34,0,0,0,0,0,0,-36,1,-36,3,-34,6,-34,2,-36,4,-31,0,-37,2,-33,2,-34,2,-34,0,-30,2,-33,3,-30,1,-33,4,-31,1,-28,3,-33,4,-30,2,-28,2,-31,1,-29,3,-30,3,-26,3,-29,3,-30,4,-29,3,-31,7,-30,6,-30,6,-31,7,-30,4,-28,6,-33,0,-30,3,-31,2,-29,0,-31,3,-30,0,-30,1,-29,-2,-29,-2,-29,-3,-28,-4,-29,-3,-26,-3,-26,-8,-24,-8,-25,-7,-20,-8,-23,-9,-20,-9,-20,-9,-18,-11,-17,-12,-13,-12,-12,-13,-11,-13,0,0,0,0,0,0,0,0,0,0]"""
1782031930213,2026-06-21T17:52:10.213,safe,posture,mhw,standing_still,t017,"CSI_DATA,534889,1a:00:00:00:00:00,-43,11,-99,18,28,11,515994693,47,2,256,0,""[0,0,0,0,0,0,0,0,0,0,0,0,-3,6,-3,6,-6,6,-4,8,-3,7,-6,8,-4,9,-6,11,-4,8,-7,8,-7,12,-7,12,-7,11,-9,12,-8,11,-9,13,-9,15,-9,14,-13,14,-9,13,-9,12,-11,15,-12,17,-12,17,-12,17,-12,17,-13,17,-11,18,-12,17,-11,18,-9,19,-12,20,-12,22,-9,20,-9,20,-8,20,-8,22,-7,24,-8,24,-6,24,-4,23,-4,25,-6,28,-1,25,-4,28,-1,30,-2,29,1,29,-2,29,0,30,0,31,-1,29,1,33,0,35,0,33,0,35,4,35,0,0,0,0,0,0,35,-6,35,-3,36,-6,33,-8,33,-6,31,-7,33,-6,34,-7,31,-9,34,-7,31,-11,30,-12,29,-9,28,-12,29,-12,28,-12,26,-14,26,-13,25,-13,28,-14,26,-18,23,-17,24,-19,23,-20,22,-22,23,-17,24,-20,22,-22,23,-20,22,-22,20,-22,19,-23,24,-19,20,-23,18,-23,24,-23,22,-24,22,-22,22,-22,22,-19,20,-18,23,-22,23,-18,22,-18,19,-19,22,-17,22,-15,18,-17,20,-15,19,-14,19,-11,19,-12,18,-9,19,-11,18,-9,17,-7,18,-6,0,0,0,0,0,0,0,0,0,0]"""
1782031930225,2026-06-21T17:52:10.225,safe,posture,mhw,standing_still,t017,"CSI_DATA,534890,1a:00:00:00:00:00,-43,11,-99,17,28,11,516005693,47,2,256,0,""[0,0,0,0,0,0,0,0,0,0,0,0,-2,-6,-1,-7,0,-10,1,-8,-1,-10,0,-8,-1,-8,0,-11,1,-12,0,-12,1,-13,2,-11,2,-15,2,-15,3,-12,6,-17,6,-16,6,-18,5,-15,7,-15,11,-20,7,-16,10,-18,8,-17,10,-18,12,-18,12,-18,10,-17,13,-18,11,-17,11,-18,11,-15,10,-20,13,-17,12,-20,13,-20,15,-22,15,-18,15,-20,15,-21,12,-22,16,-23,16,-18,13,-23,11,-16,13,-25,16,-22,15,-27,16,-27,18,-26,18,-22,20,-25,20,-26,23,-27,22,-26,20,-23,20,-28,0,0,0,0,0,0,-23,-23,-27,-28,-20,-22,-25,-23,-26,-28,-18,-23,-25,-30,-21,-23,-21,-27,-17,-22,-17,-22,-21,-26,-20,-25,-23,-26,-17,-26,-16,-22,-21,-25,-20,-23,-17,-23,-21,-26,-18,-20,-20,-26,-16,-18,-16,-21,-18,-26,-18,-22,-21,-27,-17,-22,-16,-25,-18,-25,-17,-27,-16,-23,-17,-30,-13,-25,-16,-26,-12,-22,-15,-26,-12,-28,-15,-25,-11,-30,-10,-28,-5,-27,-5,-30,-6,-31,-2,-27,-3,-28,0,-25,-2,-26,1,-18,1,-23,3,-22,3,-23,6,-21,6,-22,8,-18,11,-17,11,-16,0,0,0,0,0,0,0,0,0,0]"""
1782031930234,2026-06-21T17:52:10.234,safe,posture,mhw,standing_still,t017,"CSI_DATA,534891,1a:00:00:00:00:00,-43,11,-99,17,28,11,516016693,47,2,256,0,""[0,0,0,0,0,0,0,0,0,0,0,0,3,6,1,3,2,8,5,8,0,10,1,10,1,8,2,12,1,11,1,12,1,15,1,15,2,15,0,16,-2,15,-3,18,-3,17,-3,18,-6,16,-6,15,-5,15,-7,16,-6,20,-5,20,-8,20,-10,20,-10,17,-8,18,-13,17,-12,20,-12,18,-12,17,-12,20,-12,18,-12,21,-11,20,-12,20,-13,21,-15,21,-12,21,-11,22,-16,20,-16,21,-11,23,-15,21,-15,25,-17,20,-16,25,-17,22,-17,25,-18,26,-17,23,-21,26,-23,25,-21,25,-23,26,-21,26,0,0,0,0,0,0,22,26,22,27,23,26,23,30,23,30,17,26,20,31,17,28,20,28,17,28,18,27,20,26,15,26,18,26,17,26,15,26,18,26,16,25,15,26,15,30,16,25,16,27,16,25,15,26,17,26,11,25,15,27,16,25,15,27,16,27,12,27,13,26,10,30,11,30,11,28,7,28,10,31,7,31,7,28,3,28,3,28,2,30,-1,30,1,30,-1,28,-5,27,-7,26,-3,26,-7,22,-8,23,-8,21,-8,21,-10,17,-10,18,-12,16,-12,16,-13,12,0,0,0,0,0,0,0,0,0,0]"""
1782031930247,2026-06-21T17:52:10.247,safe,posture,mhw,standing_still,t017,"CSI_DATA,534892,1a:00:00:00:00:00,-43,11,-99,18,28,11,516027693,47,2,256,0,""[0,0,0,0,0,0,0,0,0,0,0,0,4,-6,7,-4,6,-6,7,-6,6,-6,8,-6,8,-4,8,-7,9,-4,11,-6,11,-7,12,-7,12,-7,12,-8,14,-7,15,-7,14,-7,14,-8,17,-8,18,-9,17,-9,18,-6,18,-7,19,-8,20,-9,18,-8,18,-7,19,-9,19,-7,19,-8,20,-9,20,-9,20,-11,20,-11,20,-11,19,-11,19,-11,23,-15,20,-12,19,-13,18,-14,20,-14,20,-14,20,-19,23,-18,22,-19,23,-17,20,-19,23,-17,23,-20,25,-23,23,-20,24,-23,26,-23,26,-24,25,-24,24,-24,0,0,0,0,0,0,-23,-24,-22,-24,-26,-25,-24,-25,-23,-24,-24,-24,-22,-23,-22,-25,-24,-22,-23,-24,-23,-24,-23,-20,-20,-20,-22,-19,-25,-20,-25,-19,-26,-18,-24,-17,-23,-17,-24,-19,-25,-15,-28,-14,-26,-15,-26,-17,-28,-14,-24,-15,-26,-14,-29,-12,-28,-13,-28,-11,-25,-12,-28,-12,-26,-17,-25,-13,-26,-13,-29,-15,-28,-15,-26,-15,-24,-15,-22,-17,-23,-17,-25,-15,-23,-17,-22,-15,-22,-15,-19,-17,-18,-20,-20,-17,-15,-18,-14,-18,-14,-18,-13,-18,-11,-17,-12,-17,-11,-18,-7,-15,-7,-15,0,0,0,0,0,0,0,0,0,0]"""
1782031930257,2026-06-21T17:52:10.257,safe,posture,mhw,standing_still,t017,"CSI_DATA,534893,1a:00:00:00:00:00,-43,11,-99,17,28,11,516038693,47,2,256,0,""[0,0,0,0,0,0,0,0,0,0,0,0,-5,-5,-5,-5,-7,-5,-6,-3,-7,-6,-8,-7,-8,-5,-8,-6,-11,-6,-10,-6,-10,-8,-11,-7,-12,-6,-12,-8,-12,-8,-13,-8,-13,-8,-15,-12,-13,-7,-16,-7,-17,-7,-18,-10,-16,-8,-16,-10,-18,-10,-20,-7,-17,-8,-21,-10,-20,-8,-20,-7,-21,-8,-21,-5,-21,-5,-22,-1,-22,-2,-25,-1,-23,-1,-22,-1,-25,1,-25,1,-26,0,-25,2,-28,3,-27,5,-23,6,-25,7,-27,12,-25,12,-28,13,-28,15,-27,12,-28,16,-31,15,-28,17,-30,15,-28,20,-28,21,0,0,0,0,0,0,22,30,22,30,22,27,22,26,25,27,21,26,22,25,26,23,22,21,23,20,27,17,25,18,31,15,27,16,25,18,27,13,30,12,27,13,28,15,28,8,31,7,30,11,28,6,30,2,28,3,32,1,31,1,28,3,31,1,32,-1,31,1,33,-1,30,-1,30,-5,30,1,31,-6,28,-3,30,-7,31,-6,32,-6,27,-3,31,-2,28,-5,30,-3,28,-2,27,-2,26,-1,26,-1,23,-1,22,-2,22,-1,23,-2,21,-1,21,0,18,1,20,1,18,3,0,0,0,0,0,0,0,0,0,0]"""
1782031930268,2026-06-21T17:52:10.268,safe,posture,mhw,standing_still,t017,"CSI_DATA,534894,1a:00:00:00:00:00,-43,11,-99,14,29,11,516049693,47,2,256,0,""[0,0,0,0,0,0,0,0,0,0,0,0,6,-4,6,-6,6,-3,6,-6,7,-6,8,-6,8,-4,8,-7,9,-7,9,-6,11,-4,13,-7,11,-6,14,-4,14,-4,15,-4,14,-7,17,-4,15,-6,15,-4,17,-2,19,-8,20,-2,19,-2,20,-3,18,-4,22,-2,23,-4,20,-4,22,-4,22,-4,22,-4,20,-4,22,-7,23,-6,24,-8,23,-6,22,-4,24,-6,24,-7,26,-7,23,-9,24,-9,26,-9,26,-9,22,-9,25,-14,26,-11,26,-13,26,-13,28,-11,30,-12,30,-14,29,-9,33,-12,30,-14,29,-14,0,0,0,0,0,0,-12,-35,-13,-36,-11,-34,-12,-34,-9,-34,-7,-34,-8,-31,-11,-34,-8,-31,-9,-30,-11,-30,-11,-29,-14,-31,-9,-29,-7,-30,-9,-29,-11,-28,-11,-30,-11,-31,-12,-28,-15,-28,-11,-30,-11,-25,-13,-25,-12,-26,-14,-26,-12,-28,-11,-25,-13,-29,-12,-25,-9,-29,-13,-30,-12,-26,-14,-28,-11,-28,-12,-28,-11,-28,-12,-26,-11,-30,-9,-29,-7,-26,-4,-28,-4,-28,-3,-28,-2,-29,-3,-24,-2,-25,0,-25,2,-24,1,-20,1,-22,2,-23,2,-22,3,-20,7,-18,9,-19,8,-19,0,0,0,0,0,0,0,0,0,0]"""
1782031930278,2026-06-21T17:52:10.278,safe,posture,mhw,standing_still,t017,"CSI_DATA,534895,1a:00:00:00:00:00,-43,11,-99,14,29,11,516060693,47,2,256,0,""[0,0,0,0,0,0,0,0,0,0,0,0,-7,-1,-7,0,-7,-2,-8,-2,-7,0,-11,-2,-9,-2,-8,-1,-12,-2,-9,-3,-13,-3,-14,-3,-14,-3,-14,-2,-15,-4,-14,-2,-17,-4,-15,-2,-17,-3,-19,-4,-18,-4,-20,-6,-17,-6,-19,-3,-20,-4,-20,-2,-20,-3,-23,-4,-18,0,-23,0,-22,-1,-25,-1,-20,-2,-23,-1,-22,-1,-24,1,-22,1,-25,4,-24,3,-20,4,-25,3,-19,8,-25,9,-25,9,-30,12,-24,6,-26,12,-26,9,-26,12,-28,13,-28,18,-26,19,-30,18,-25,17,-25,23,-29,23,-26,19,0,0,0,0,0,0,23,29,20,25,26,30,20,29,22,23,24,28,22,22,26,28,20,22,24,26,23,23,19,22,26,20,22,19,24,19,25,17,26,14,25,13,28,19,24,8,30,11,26,11,30,11,28,12,26,11,29,9,25,8,29,6,30,6,30,4,26,6,34,8,28,2,31,2,30,4,37,4,28,8,31,3,31,8,30,7,28,4,29,3,28,2,24,2,26,8,25,2,26,4,24,7,26,8,20,8,23,9,18,9,19,7,18,9,18,7,17,7,15,11,0,0,0,0,0,0,0,0,0,0]"""
1782031930288,2026-06-21T17:52:10.288,safe,posture,mhw,standing_still,t017,"CSI_DATA,534896,1a:00:00:00:00:00,-43,11,-99,14,29,11,516071693,47,2,256,0,""[0,0,0,0,0,0,0,0,0,0,0,0,6,-3,7,-2,7,-2,8,-2,9,-3,9,-2,8,-4,9,-2,12,-2,12,-1,13,-2,13,-1,14,-2,14,0,18,1,13,0,17,-1,17,1,19,1,17,3,15,4,20,1,18,4,17,6,22,4,19,3,20,7,22,7,20,3,23,3,20,7,24,6,20,7,22,4,23,7,25,6,20,6,23,6,24,6,24,4,25,7,24,2,28,4,26,7,30,7,24,4,29,6,28,7,30,4,29,7,30,7,31,9,33,11,28,8,35,8,36,8,34,8,0,0,0,0,0,0,14,-36,13,-31,12,-36,13,-33,14,-31,18,-31,13,-26,17,-33,14,-28,17,-29,12,-29,14,-26,13,-31,14,-25,15,-25,14,-29,12,-28,14,-28,17,-28,11,-24,9,-29,13,-25,14,-28,12,-26,13,-24,12,-30,13,-25,13,-25,15,-29,12,-26,15,-26,19,-29,12,-24,13,-28,18,-25,19,-29,17,-24,15,-25,20,-22,20,-25,18,-19,20,-20,20,-20,20,-18,24,-15,20,-17,22,-17,20,-12,23,-11,19,-9,22,-9,22,-7,20,-7,19,-3,18,-6,18,-1,19,-1,0,0,0,0,0,0,0,0,0,0]"""
1782031930302,2026-06-21T17:52:10.302,safe,posture,mhw,standing_still,t017,"CSI_DATA,534897,1a:00:00:00:00:00,-43,11,-99,17,28,11,516082693,47,2,256,0,""[0,0,0,0,0,0,0,0,0,0,0,0,-2,-6,-3,-5,-3,-8,-2,-7,-2,-8,-2,-8,-3,-10,-1,-11,0,-11,-2,-12,0,-12,0,-12,-1,-13,-1,-15,1,-13,2,-17,0,-18,1,-18,2,-16,5,-17,6,-20,2,-16,5,-18,3,-21,5,-18,5,-18,6,-18,6,-18,10,-21,8,-20,6,-18,8,-18,7,-22,8,-22,7,-21,8,-21,10,-23,8,-23,10,-22,7,-25,6,-23,11,-23,11,-23,8,-26,10,-22,7,-28,11,-25,7,-28,11,-27,12,-27,12,-28,12,-26,13,-30,13,-30,16,-31,16,-30,17,-32,0,0,0,0,0,0,-31,-18,-32,-20,-28,-17,-28,-20,-28,-21,-23,-20,-27,-23,-26,-21,-26,-21,-23,-23,-22,-21,-26,-20,-23,-20,-25,-20,-25,-21,-22,-20,-23,-21,-22,-21,-21,-17,-23,-22,-22,-18,-23,-21,-21,-18,-21,-20,-25,-21,-21,-20,-25,-20,-23,-18,-23,-21,-21,-21,-21,-21,-22,-21,-20,-25,-18,-23,-20,-21,-17,-23,-20,-26,-16,-26,-17,-25,-15,-26,-15,-25,-12,-27,-8,-27,-10,-26,-10,-25,-6,-26,-2,-26,-6,-23,-1,-23,-2,-25,1,-23,1,-22,3,-20,2,-21,5,-18,6,-17,8,-18,0,0,0,0,0,0,0,0,0,0]"""
1782031930311,2026-06-21T17:52:10.311,safe,posture,mhw,standing_still,t017,"CSI_DATA,534898,1a:00:00:00:00:00,-43,11,-99,17,28,11,516093693,47,2,256,0,""[0,0,0,0,0,0,0,0,0,0,0,0,2,8,2,6,1,7,2,8,1,8,1,10,1,10,2,12,-1,12,1,12,1,13,0,12,-2,13,-2,15,-2,13,-6,16,-6,17,-6,16,-7,13,-6,16,-5,18,-8,15,-10,18,-7,17,-11,16,-10,16,-11,17,-10,17,-15,17,-13,17,-11,18,-13,17,-13,20,-13,17,-13,18,-15,18,-13,18,-15,20,-17,17,-13,20,-13,18,-16,18,-17,17,-15,22,-17,20,-18,23,-18,21,-17,23,-21,21,-21,23,-21,21,-22,18,-21,22,-25,21,-25,23,-23,20,-27,21,0,0,0,0,0,0,20,30,20,28,21,28,18,32,20,30,15,28,17,33,16,30,16,30,11,31,13,27,15,28,12,26,15,28,13,28,12,26,16,30,13,28,12,25,11,30,11,27,11,28,11,26,11,28,12,28,7,27,12,28,12,28,11,28,10,28,8,30,8,27,3,33,6,30,6,30,2,30,5,32,1,30,3,31,-1,28,-2,30,-3,28,-5,28,-5,30,-5,26,-10,26,-10,23,-7,25,-12,18,-11,23,-12,17,-12,17,-13,15,-16,17,-13,12,-13,11,-17,8,0,0,0,0,0,0,0,0,0,0]"""
1782031930324,2026-06-21T17:52:10.324,safe,posture,mhw,standing_still,t017,"CSI_DATA,534899,1a:00:00:00:00:00,-43,11,-99,18,28,11,516104693,47,2,256,0,""[0,0,0,0,0,0,0,0,0,0,0,0,6,-6,6,-4,6,-7,6,-6,9,-4,7,-4,7,-6,9,-6,9,-8,8,-9,11,-6,13,-7,11,-8,13,-8,14,-8,15,-8,14,-7,17,-7,14,-7,12,-7,15,-7,17,-11,18,-9,17,-6,20,-8,18,-8,22,-7,20,-8,20,-8,17,-9,20,-7,17,-9,18,-12,19,-13,19,-13,20,-14,20,-13,19,-11,20,-13,22,-17,20,-15,22,-15,22,-13,20,-18,18,-14,19,-19,19,-18,17,-24,20,-23,23,-23,20,-20,23,-23,23,-23,24,-24,26,-23,23,-24,22,-26,0,0,0,0,0,0,-25,-26,-25,-30,-22,-22,-24,-26,-26,-26,-20,-25,-24,-25,-24,-24,-23,-24,-20,-19,-24,-18,-25,-19,-28,-20,-25,-19,-20,-20,-23,-20,-25,-18,-24,-22,-23,-20,-24,-19,-23,-14,-25,-17,-22,-12,-25,-12,-25,-14,-29,-13,-30,-15,-23,-15,-28,-17,-28,-12,-28,-17,-28,-14,-28,-17,-26,-17,-24,-15,-23,-14,-25,-12,-25,-13,-29,-14,-28,-14,-25,-17,-22,-18,-23,-20,-22,-20,-23,-19,-19,-20,-15,-18,-17,-19,-13,-17,-14,-18,-14,-17,-14,-17,-14,-17,-13,-17,-6,-15,-7,-18,-6,-17,0,0,0,0,0,0,0,0,0,0]"""
1782031930333,2026-06-21T17:52:10.333,safe,posture,mhw,standing_still,t017,"CSI_DATA,534900,1a:00:00:00:00:00,-43,11,-99,14,29,11,516115693,47,2,256,0,""[0,0,0,0,0,0,0,0,0,0,0,0,-4,6,-6,6,-4,7,-6,4,-7,6,-7,6,-6,7,-7,7,-8,9,-9,7,-11,7,-12,7,-11,7,-13,9,-13,7,-14,7,-13,7,-15,8,-14,9,-17,7,-18,9,-18,9,-19,8,-18,6,-20,8,-18,8,-20,6,-22,7,-20,8,-20,7,-19,6,-22,7,-18,8,-18,9,-20,11,-23,13,-19,13,-20,9,-22,13,-20,11,-23,11,-20,14,-23,15,-22,13,-22,13,-19,14,-23,18,-20,19,-25,20,-24,18,-24,17,-29,19,-28,20,-26,20,-28,18,-28,20,-28,19,0,0,0,0,0,0,19,31,17,35,19,28,18,30,19,29,14,30,17,28,19,30,15,30,17,28,19,25,17,25,22,26,19,24,14,26,18,25,18,24,18,26,18,28,18,24,22,22,18,26,19,20,20,22,19,22,24,20,20,22,19,20,20,23,22,19,19,24,20,25,22,20,23,22,19,24,20,23,20,22,20,22,20,23,20,23,17,24,13,25,17,24,13,24,13,25,12,23,11,23,9,23,7,23,8,22,6,22,7,20,3,22,2,20,2,20,0,19,-2,18,0,0,0,0,0,0,0,0,0,0]"""
1782031930344,2026-06-21T17:52:10.344,safe,posture,mhw,standing_still,t017,"CSI_DATA,534901,1a:00:00:00:00:00,-43,11,-99,14,29,11,516126693,47,2,256,0,""[0,0,0,0,0,0,0,0,0,0,0,0,-1,6,0,7,0,9,0,9,-1,8,-1,9,-1,11,-1,11,-2,11,0,13,1,12,0,13,0,14,-1,15,0,13,-2,17,0,15,0,18,-1,18,-1,19,1,20,-3,15,0,19,2,19,0,19,1,20,0,22,1,20,0,22,2,22,3,22,3,23,6,24,4,23,6,22,7,23,7,23,11,22,9,22,12,23,13,22,12,24,14,23,18,23,15,23,18,23,15,24,20,22,19,22,20,24,22,23,23,20,24,24,24,24,26,22,25,20,26,20,0,0,0,0,0,0,20,-28,18,-29,19,-30,18,-30,18,-31,18,-31,19,-31,15,-30,14,-30,14,-29,14,-30,12,-29,11,-28,8,-29,8,-30,6,-30,6,-31,3,-29,3,-29,6,-30,1,-30,1,-31,0,-29,0,-30,-2,-31,-1,-26,-3,-31,-7,-30,-6,-30,-6,-31,-7,-30,-8,-28,-6,-30,-6,-30,-7,-29,-7,-30,-9,-31,-4,-29,-8,-29,-6,-28,-6,-29,-6,-30,-4,-29,-7,-26,-4,-24,-4,-26,-3,-25,-6,-24,-3,-23,-2,-23,0,-23,-2,-23,0,-19,-2,-22,-1,-20,1,-15,2,-18,0,0,0,0,0,0,0,0,0,0]"""
1782031930357,2026-06-21T17:52:10.357,safe,posture,mhw,standing_still,t017,"CSI_DATA,534902,1a:00:00:00:00:00,-43,11,-99,14,29,11,516137693,47,2,256,0,""[0,0,0,0,0,0,0,0,0,0,0,0,-7,-1,-7,-2,-7,-1,-9,-2,-9,-2,-11,-4,-9,-6,-9,-3,-9,-4,-11,-4,-13,-6,-12,-6,-13,-6,-12,-6,-12,-8,-13,-9,-14,-9,-13,-9,-15,-13,-13,-12,-14,-13,-13,-12,-14,-13,-15,-13,-13,-13,-15,-14,-13,-14,-15,-15,-13,-17,-14,-17,-14,-14,-15,-17,-17,-17,-15,-15,-15,-17,-15,-17,-14,-15,-19,-18,-15,-18,-18,-17,-19,-17,-18,-17,-20,-17,-18,-17,-22,-19,-22,-18,-20,-19,-22,-19,-19,-19,-22,-20,-24,-20,-22,-20,-24,-23,-22,-24,-24,-23,-25,-24,-24,-26,0,0,0,0,0,0,-28,24,-25,23,-29,26,-26,22,-25,20,-28,23,-24,20,-28,20,-23,19,-30,22,-26,19,-25,20,-24,18,-23,18,-25,20,-24,19,-22,22,-20,19,-24,19,-22,17,-24,20,-22,22,-24,20,-23,20,-22,19,-22,15,-23,19,-20,23,-23,19,-23,22,-23,17,-23,20,-23,18,-25,19,-23,17,-28,17,-26,18,-26,14,-25,13,-25,11,-26,13,-26,13,-26,9,-24,8,-25,9,-24,6,-26,6,-23,6,-26,1,-23,2,-23,1,-20,0,-19,-3,-19,-2,-22,-3,-18,-3,-18,-6,0,0,0,0,0,0,0,0,0,0]"""
1782031930365,2026-06-21T17:52:10.365,safe,posture,mhw,standing_still,t017,"CSI_DATA,534903,1a:00:00:00:00:00,-43,11,-99,17,28,11,516148693,47,2,256,0,""[0,0,0,0,0,0,0,0,0,0,0,0,5,5,3,3,2,6,6,6,5,8,5,8,5,8,6,8,5,11,5,12,6,12,5,12,6,13,3,13,5,13,1,16,2,17,3,17,2,17,1,21,2,21,-1,17,1,20,1,21,0,20,1,21,-1,21,-1,21,-2,21,-2,21,0,22,-2,22,-2,23,-2,23,-2,23,-1,23,-2,23,-1,25,-1,26,-1,26,0,25,-2,27,-3,26,0,26,-2,26,0,30,-3,27,1,28,-2,28,0,30,-2,33,-3,30,-5,30,-5,32,-5,35,-3,33,-6,33,0,0,0,0,0,0,33,6,33,8,33,7,32,10,35,8,30,10,35,12,31,11,31,11,32,11,31,10,31,10,27,11,31,8,31,8,30,8,31,7,30,8,27,10,31,11,28,8,28,10,26,8,27,10,31,8,26,10,28,8,30,8,28,10,28,8,28,11,27,10,28,16,27,13,26,12,26,16,28,15,26,15,27,15,22,17,23,16,23,18,22,20,21,18,20,17,17,21,16,22,16,20,12,21,12,22,11,21,8,20,7,17,6,21,5,20,2,17,1,17,0,0,0,0,0,0,0,0,0,0]"""
1782031930378,2026-06-21T17:52:10.378,safe,posture,mhw,standing_still,t017,"CSI_DATA,534904,1a:00:00:00:00:00,-43,11,-99,17,28,11,516159693,47,2,256,0,""[0,0,0,0,0,0,0,0,0,0,0,0,5,-6,3,-5,6,-6,7,-6,7,-5,6,-6,7,-8,6,-8,7,-10,8,-8,10,-8,8,-8,10,-10,12,-8,10,-11,13,-12,11,-10,15,-10,12,-8,10,-12,13,-13,15,-13,16,-15,15,-12,16,-13,15,-12,17,-13,16,-15,16,-15,15,-13,17,-13,11,-13,13,-17,15,-17,13,-18,13,-20,15,-20,15,-15,13,-20,15,-22,12,-20,15,-23,15,-21,12,-23,10,-20,10,-25,11,-25,8,-27,10,-28,11,-30,12,-26,12,-30,12,-28,12,-32,12,-32,10,-32,10,-32,0,0,0,0,0,0,-35,-10,-37,-12,-28,-11,-35,-11,-37,-11,-28,-11,-33,-12,-28,-7,-32,-10,-28,-6,-28,-5,-30,-5,-35,-2,-35,-3,-30,-6,-30,-5,-31,-3,-31,-3,-28,-3,-31,-1,-28,2,-32,-1,-25,2,-27,5,-30,3,-31,5,-32,3,-28,2,-32,3,-30,5,-30,3,-30,6,-33,3,-30,5,-32,5,-26,5,-30,7,-28,6,-30,8,-30,3,-30,3,-27,0,-30,2,-30,0,-26,1,-27,0,-23,-1,-26,0,-20,0,-22,0,-22,-2,-23,-1,-21,-1,-21,-5,-17,-6,-18,-5,-16,-10,0,0,0,0,0,0,0,0,0,0]"""
1782031930387,2026-06-21T17:52:10.387,safe,posture,mhw,standing_still,t017,"CSI_DATA,534905,1a:00:00:00:00:00,-43,11,-99,17,28,11,516170693,47,2,256,0,""[0,0,0,0,0,0,0,0,0,0,0,0,8,-2,7,-2,7,-2,8,0,10,-1,10,0,8,1,10,0,13,1,11,1,12,2,15,2,13,2,13,3,17,7,15,3,17,5,16,7,17,10,15,10,13,12,16,10,13,12,16,12,17,13,16,12,16,12,17,16,16,11,17,13,15,15,18,16,15,16,15,16,16,17,16,15,16,15,18,16,17,16,17,16,18,18,18,15,22,17,17,20,20,22,16,21,20,21,17,23,18,21,20,23,23,22,22,22,22,27,18,25,23,23,21,30,20,28,0,0,0,0,0,0,32,-17,30,-13,35,-17,33,-12,30,-11,35,-12,28,-11,35,-12,30,-10,33,-8,31,-7,28,-6,32,-12,28,-5,30,-7,31,-8,30,-11,28,-8,33,-6,25,-8,28,-11,30,-6,30,-7,28,-5,28,-2,31,-6,30,-2,28,-6,32,-5,30,-5,30,-5,35,0,27,-5,32,-3,28,1,35,0,30,5,28,2,30,6,28,8,26,6,27,6,26,7,25,7,25,12,22,8,23,11,21,13,22,17,16,15,17,16,12,18,13,17,10,16,13,16,11,16,7,16,0,0,0,0,0,0,0,0,0,0]"""
1782031930403,2026-06-21T17:52:10.403,safe,posture,mhw,standing_still,t017,"CSI_DATA,534906,1a:00:00:00:00:00,-43,11,-99,15,29,11,516184434,47,2,256,0,""[0,0,0,0,0,0,0,0,0,0,0,0,5,-5,4,-5,3,-5,5,-4,5,-7,8,-7,7,-5,9,-4,9,-8,8,-5,11,-8,11,-8,10,-9,11,-7,14,-9,11,-8,15,-10,14,-9,16,-8,15,-9,13,-7,17,-10,16,-5,17,-7,20,-9,19,-10,19,-8,22,-9,14,-8,20,-11,19,-9,24,-13,21,-8,20,-10,22,-10,20,-11,17,-13,19,-14,19,-13,19,-14,23,-13,16,-17,19,-20,22,-16,24,-21,20,-14,21,-21,24,-17,21,-20,22,-20,21,-24,21,-24,24,-24,24,-21,23,-26,24,-26,27,-20,0,0,0,0,0,0,-23,-32,-20,-26,-26,-30,-21,-27,-20,-21,-21,-29,-19,-20,-24,-27,-19,-22,-23,-28,-21,-27,-17,-23,-23,-23,-19,-22,-22,-23,-24,-21,-23,-20,-21,-19,-24,-24,-20,-15,-27,-17,-22,-19,-26,-20,-23,-20,-21,-17,-24,-19,-21,-17,-24,-16,-26,-16,-24,-15,-23,-15,-26,-21,-22,-11,-29,-15,-22,-20,-32,-21,-22,-22,-23,-20,-22,-22,-20,-20,-21,-17,-23,-20,-21,-19,-17,-17,-17,-21,-19,-16,-17,-21,-14,-21,-15,-26,-9,-20,-11,-22,-7,-20,-9,-20,-4,-20,-8,-19,-7,-17,-1,-19,0,0,0,0,0,0,0,0,0,0]"""
1782031930412,2026-06-21T17:52:10.412,safe,posture,mhw,standing_still,t017,"CSI_DATA,534907,1a:00:00:00:00:00,-43,11,-99,18,28,11,516192693,47,2,256,0,""[0,0,0,0,0,0,0,0,0,0,0,0,-6,6,-6,4,-6,3,-8,3,-6,4,-9,4,-8,3,-9,4,-9,4,-11,3,-13,6,-11,6,-13,6,-12,4,-13,4,-15,2,-17,7,-15,4,-19,3,-18,3,-15,3,-17,2,-15,2,-19,3,-19,0,-20,4,-22,2,-19,6,-19,3,-22,4,-22,3,-25,2,-24,3,-23,3,-23,3,-20,4,-22,6,-23,8,-23,6,-22,7,-23,6,-23,9,-25,9,-25,9,-30,9,-26,9,-26,9,-26,11,-25,8,-26,11,-31,14,-25,11,-30,13,-33,11,-29,13,-33,12,-33,14,0,0,0,0,0,0,12,34,11,30,12,36,11,33,9,30,9,34,9,31,12,35,12,29,11,35,11,33,8,29,7,26,8,29,13,31,11,29,13,29,11,28,11,26,11,26,13,29,13,25,15,30,12,28,14,26,9,25,13,25,17,26,17,28,15,26,13,25,14,28,12,25,15,25,14,26,14,33,12,30,12,26,9,29,6,26,7,26,11,31,8,28,8,24,7,25,4,26,3,26,4,25,0,28,0,24,-1,23,-3,20,-4,19,-3,19,-4,22,-4,17,-6,18,0,0,0,0,0,0,0,0,0,0]"""
1782031930423,2026-06-21T17:52:10.423,safe,posture,mhw,standing_still,t017,"CSI_DATA,534908,1a:00:00:00:00:00,-44,11,-99,14,29,11,516205081,47,2,256,0,""[0,0,0,0,0,0,0,0,0,0,0,0,-4,-4,-6,-6,-4,-3,-7,-6,-7,-3,-7,-6,-8,-6,-7,-7,-11,-8,-8,-7,-9,-9,-12,-8,-12,-7,-12,-8,-13,-11,-9,-9,-13,-9,-14,-9,-15,-11,-14,-13,-12,-14,-15,-11,-13,-12,-17,-11,-18,-11,-17,-9,-14,-11,-18,-13,-15,-8,-19,-9,-17,-9,-23,-11,-18,-11,-22,-8,-20,-12,-22,-8,-19,-7,-24,-3,-24,-6,-22,-4,-25,-4,-23,2,-26,0,-26,-1,-33,-1,-25,-1,-29,0,-29,-1,-28,2,-29,1,-31,6,-31,7,-33,6,-31,7,-31,11,-34,9,-33,7,0,0,0,0,0,0,11,36,9,33,13,37,9,34,9,28,12,34,13,28,15,33,13,29,13,33,14,30,11,29,17,28,14,26,17,26,20,24,22,23,19,22,19,26,20,17,24,19,20,20,24,20,22,20,22,19,24,18,20,15,25,13,26,14,25,13,23,15,26,18,23,11,30,11,28,13,34,17,25,15,28,12,26,18,26,14,25,13,28,13,25,12,23,11,23,15,23,9,24,13,20,13,24,15,18,14,18,14,14,14,17,13,14,15,13,13,14,12,12,15,0,0,0,0,0,0,0,0,0,0]"""
1782031930434,2026-06-21T17:52:10.434,safe,posture,mhw,standing_still,t017,"CSI_DATA,534909,1a:00:00:00:00:00,-43,11,-99,21,27,11,516214693,47,2,256,0,""[0,0,0,0,0,0,0,0,0,0,0,0,-25,-12,-15,27,6,-8,13,11,11,22,-1,7,-21,-13,-31,-26,-5,3,-15,-10,2,10,-13,-15,-12,-15,-12,5,-15,-18,-13,-1,-12,5,-17,0,-17,-5,-12,-17,-11,-12,-17,-15,-12,-10,-15,-16,-13,-11,-15,-15,-15,-15,-17,-13,-15,-15,-16,-15,-17,-15,-16,-13,-17,-17,-16,-13,-20,-15,-13,-16,-17,-15,-18,-15,-16,-15,-20,-15,-18,-15,-20,-15,-21,-17,-22,-16,-23,-20,-21,-18,-23,-17,-21,-17,-22,-17,-23,-20,-25,-21,-23,-20,-22,-22,-21,-25,-25,-23,-26,-27,-26,-22,0,0,0,0,0,0,-26,23,-26,23,-27,23,-27,22,-25,22,-26,23,-25,21,-27,23,-25,22,-26,21,-26,21,-22,18,-25,20,-23,20,-23,22,-22,21,-22,22,-22,20,-21,21,-25,18,-21,20,-22,20,-22,20,-23,20,-22,20,-22,17,-21,20,-21,22,-22,21,-22,22,-21,21,-21,21,-25,18,-26,20,-22,18,-28,18,-26,18,-27,13,-26,15,-26,12,-27,12,-27,12,-30,8,-26,10,-25,8,-25,6,-26,3,-25,6,-26,1,-25,1,-25,0,-21,0,-21,-2,-21,-1,-22,-3,-17,-5,-18,-7,0,0,0,0,0,0,0,0,0,0]"""
1782031930443,2026-06-21T17:52:10.443,safe,posture,mhw,standing_still,t017,"CSI_DATA,534910,1a:00:00:00:00:00,-43,11,-99,17,28,11,516226005,47,2,256,0,""[0,0,0,0,0,0,0,0,0,0,0,0,-8,1,-6,0,-8,3,-8,0,-11,1,-8,0,-7,1,-10,0,-10,1,-13,2,-12,-1,-13,0,-13,0,-15,0,-13,-1,-18,0,-15,1,-18,-1,-15,1,-16,0,-20,-2,-18,0,-21,0,-17,0,-21,-2,-20,-1,-21,-3,-21,1,-25,-1,-21,1,-22,1,-20,1,-22,2,-22,3,-23,5,-23,5,-25,2,-22,5,-25,3,-25,7,-22,7,-26,8,-23,7,-25,11,-18,7,-23,13,-26,11,-25,18,-27,16,-28,16,-25,12,-32,13,-28,16,-28,17,-28,15,-28,17,-27,21,0,0,0,0,0,0,20,28,23,32,17,25,21,27,25,31,17,26,23,30,21,23,22,28,17,21,20,21,22,22,26,22,26,25,20,22,25,20,25,18,23,21,22,18,26,18,23,13,27,18,21,11,25,12,26,15,28,12,30,15,26,13,27,13,27,12,30,13,28,10,31,15,27,11,27,12,25,12,28,8,26,11,30,10,30,12,28,13,23,16,25,15,26,16,22,13,25,15,20,15,22,13,15,11,20,13,17,12,18,11,18,15,16,13,12,12,12,16,10,13,0,0,0,0,0,0,0,0,0,0]"""
1782031930455,2026-06-21T17:52:10.455,safe,posture,mhw,standing_still,t017,"CSI_DATA,534911,1a:00:00:00:00:00,-43,11,-99,17,28,11,516236693,47,2,256,0,""[0,0,0,0,0,0,0,0,0,0,0,0,-5,-5,-5,-6,-3,-5,-5,-6,-7,-5,-7,-7,-7,-10,-5,-8,-6,-10,-6,-10,-7,-10,-8,-11,-10,-11,-8,-12,-10,-15,-10,-12,-10,-13,-10,-12,-11,-16,-8,-18,-7,-17,-8,-16,-7,-17,-11,-17,-12,-18,-10,-17,-11,-17,-10,-20,-11,-15,-13,-18,-12,-16,-16,-20,-13,-18,-13,-17,-13,-18,-13,-16,-13,-15,-20,-17,-17,-15,-17,-15,-17,-17,-20,-11,-22,-13,-22,-17,-27,-20,-18,-17,-22,-16,-21,-18,-22,-13,-25,-17,-31,-15,-28,-13,-28,-17,-28,-17,-31,-12,-31,-16,-31,-15,0,0,0,0,0,0,-17,32,-15,28,-17,35,-17,32,-11,26,-15,32,-11,28,-15,35,-11,30,-15,32,-15,30,-13,27,-10,28,-12,26,-10,31,-8,31,-7,30,-6,28,-10,28,-2,26,-1,32,-3,28,-5,32,-5,31,-6,26,-2,30,-5,27,0,30,-1,31,0,30,-2,27,-3,32,3,27,2,30,0,31,-1,37,-6,31,-2,31,-5,31,-3,28,-3,27,-2,31,-2,28,-2,26,-7,26,-1,26,-3,27,-7,25,-11,28,-8,20,-8,22,-11,18,-8,17,-11,18,-10,17,-8,15,-10,15,0,0,0,0,0,0,0,0,0,0]"""
1782031930466,2026-06-21T17:52:10.466,safe,posture,mhw,standing_still,t017,"CSI_DATA,534912,1a:00:00:00:00:00,-43,11,-99,17,28,11,516247693,47,2,256,0,""[0,0,0,0,0,0,0,0,0,0,0,0,-2,-6,-2,-5,-3,-7,-3,-7,-3,-7,-2,-8,-3,-8,-6,-8,-6,-10,-7,-12,-5,-11,-6,-11,-7,-11,-8,-13,-7,-12,-10,-15,-8,-12,-11,-16,-8,-12,-8,-15,-10,-16,-12,-13,-16,-16,-11,-16,-13,-17,-13,-16,-15,-16,-15,-13,-17,-16,-16,-12,-17,-13,-16,-11,-18,-11,-18,-11,-22,-10,-22,-10,-22,-8,-20,-11,-23,-10,-26,-7,-23,-6,-27,-6,-25,-3,-27,-3,-23,-2,-25,2,-27,0,-28,6,-30,3,-33,5,-28,3,-32,5,-31,6,-33,6,-32,7,-32,10,-31,12,0,0,0,0,0,0,11,31,16,37,13,27,15,32,20,35,13,28,20,31,17,23,20,28,16,22,20,23,23,22,25,22,27,22,21,21,23,20,27,16,26,18,23,16,30,16,25,10,28,13,23,8,26,7,28,8,30,6,32,6,28,3,31,5,31,2,32,3,30,2,35,3,27,1,32,0,27,0,31,-3,30,0,30,-3,31,-2,30,-2,26,1,30,-1,30,0,28,-1,28,-2,23,2,27,-3,20,-1,21,-2,22,-1,23,-1,22,-1,23,2,17,2,20,2,17,3,0,0,0,0,0,0,0,0,0,0]"""
1782031930477,2026-06-21T17:52:10.477,safe,posture,mhw,standing_still,t017,"CSI_DATA,534913,1a:00:00:00:00:00,-44,11,-99,14,29,11,516258693,47,2,256,0,""[0,0,0,0,0,0,0,0,0,0,0,0,1,-7,2,-6,1,-6,3,-8,2,-8,3,-9,3,-11,4,-8,4,-11,4,-11,7,-13,6,-13,4,-13,7,-14,9,-14,6,-12,9,-13,8,-14,8,-15,12,-15,9,-17,11,-17,12,-14,12,-15,13,-15,12,-17,13,-15,15,-18,11,-17,11,-18,12,-17,13,-19,13,-19,11,-18,12,-18,13,-19,11,-18,11,-20,11,-22,9,-22,13,-24,7,-22,8,-25,12,-24,11,-26,11,-23,9,-26,11,-25,7,-26,9,-30,8,-30,7,-33,12,-33,11,-30,9,-33,9,-34,11,-30,0,0,0,0,0,0,-35,-14,-31,-14,-35,-9,-34,-15,-29,-12,-31,-14,-30,-9,-35,-12,-31,-13,-31,-12,-31,-12,-26,-13,-33,-9,-26,-11,-29,-12,-30,-8,-30,-6,-29,-7,-30,-9,-28,-2,-30,-1,-29,-7,-30,-4,-30,-6,-26,-7,-31,-3,-26,-6,-28,-2,-33,-4,-30,-3,-29,-6,-34,-7,-28,-2,-31,-1,-30,-6,-33,-4,-29,-7,-31,-6,-30,-8,-29,-7,-26,-8,-26,-7,-28,-8,-24,-9,-26,-13,-25,-7,-25,-9,-23,-12,-23,-14,-17,-13,-19,-13,-15,-13,-17,-14,-14,-12,-15,-15,-13,-13,-11,-15,0,0,0,0,0,0,0,0,0,0]"""
1782031930488,2026-06-21T17:52:10.488,safe,posture,mhw,standing_still,t017,"CSI_DATA,534914,1a:00:00:00:00:00,-43,11,-99,17,28,11,516269693,47,2,256,0,""[0,0,0,0,0,0,0,0,0,0,0,0,-6,1,-8,0,-6,-1,-10,-1,-6,1,-12,0,-12,1,-10,-1,-10,1,-10,-1,-13,1,-13,2,-13,2,-13,1,-16,2,-13,-1,-18,2,-15,2,-20,0,-18,0,-15,-1,-18,2,-18,-1,-21,3,-21,5,-20,3,-18,2,-22,2,-17,3,-21,7,-20,5,-25,7,-23,5,-21,6,-22,7,-20,6,-17,10,-21,13,-21,12,-17,12,-20,12,-13,15,-20,20,-18,20,-23,22,-21,17,-20,20,-21,20,-17,18,-18,23,-17,27,-15,26,-18,26,-21,28,-13,33,-17,33,-18,31,0,0,0,0,0,0,31,16,27,12,37,13,32,13,25,11,35,12,28,8,36,11,27,6,36,12,32,8,28,10,30,5,28,6,33,2,28,-1,32,-1,27,-1,31,0,25,-3,31,-3,28,-5,35,-6,31,-5,30,-6,28,-5,26,-7,28,-13,30,-11,26,-12,25,-11,28,-13,25,-13,26,-15,26,-13,35,-17,28,-11,27,-12,30,-11,26,-8,23,-12,27,-17,26,-15,21,-13,25,-11,21,-13,26,-15,23,-10,28,-8,22,-7,21,-7,21,-3,18,-5,21,-5,21,-6,18,-6,17,-2,0,0,0,0,0,0,0,0,0,0]"""
1782031930499,2026-06-21T17:52:10.499,safe,posture,mhw,standing_still,t017,"CSI_DATA,534915,1a:00:00:00:00:00,-43,11,-99,14,29,11,516280693,47,2,256,0,""[0,0,0,0,0,0,0,0,0,0,0,0,-3,7,-2,6,-3,9,-3,8,-6,8,-4,8,-4,8,-6,11,-4,9,-4,12,-4,11,-4,11,-3,12,-7,13,-7,11,-8,17,-6,15,-9,17,-8,15,-8,13,-7,15,-8,18,-11,20,-7,19,-8,17,-6,19,-8,20,-6,19,-9,22,-7,19,-6,20,-6,18,-4,23,-6,22,-2,25,-3,24,-2,25,-3,24,-2,25,1,25,1,23,1,29,0,26,6,26,2,22,7,30,3,29,11,28,7,30,9,31,7,26,8,30,9,33,11,33,11,31,12,31,14,29,0,0,0,0,0,0,31,-13,35,-17,25,-17,31,-17,35,-18,29,-13,34,-18,28,-15,30,-19,25,-17,25,-17,26,-22,25,-19,24,-24,23,-20,22,-22,20,-24,20,-24,17,-20,23,-24,17,-23,18,-26,12,-20,15,-24,14,-28,14,-25,14,-31,11,-28,13,-26,9,-31,11,-29,7,-28,17,-31,12,-28,8,-29,11,-25,8,-30,12,-28,7,-30,12,-29,12,-29,12,-26,12,-26,12,-29,9,-25,14,-24,13,-20,9,-25,9,-17,12,-23,11,-19,9,-20,13,-17,11,-17,11,-15,12,-14,12,-12,0,0,0,0,0,0,0,0,0,0]"""
1782031930509,2026-06-21T17:52:10.509,safe,posture,mhw,standing_still,t017,"CSI_DATA,534916,1a:00:00:00:00:00,-43,11,-99,23,27,11,516291693,47,2,256,0,""[0,0,0,0,0,0,0,0,0,0,0,0,-5,-7,-4,-5,-3,-8,-3,-8,-5,-7,-4,-9,-5,-10,-4,-10,-5,-9,-5,-10,-7,-11,-7,-13,-7,-14,-7,-11,-7,-13,-4,-15,-9,-15,-8,-15,-7,-16,-8,-16,-8,-14,-5,-17,-7,-17,-9,-17,-8,-19,-9,-17,-8,-20,-8,-17,-9,-19,-9,-17,-11,-19,-13,-20,-13,-20,-13,-19,-14,-19,-13,-17,-15,-17,-17,-17,-15,-20,-16,-16,-19,-16,-20,-17,-20,-16,-24,-15,-21,-16,-23,-17,-26,-17,-23,-14,-23,-15,-28,-16,-28,-15,-27,-15,-29,-15,-29,-16,-29,-15,-29,-14,-32,-14,0,0,0,0,0,0,-11,32,-14,34,-11,33,-10,35,-10,33,-10,32,-10,32,-8,33,-8,32,-9,33,-8,34,-4,30,-7,29,-5,32,-3,33,-3,32,-2,33,0,29,-1,28,-1,32,1,29,4,30,2,32,3,32,5,30,3,28,4,30,7,29,7,30,8,29,7,28,9,28,5,32,9,28,9,30,5,33,8,32,8,30,9,28,8,28,7,28,8,32,4,29,4,26,7,28,3,28,3,26,4,27,1,26,2,24,-1,23,0,21,0,22,-1,21,-2,21,-3,20,-3,20,0,0,0,0,0,0,0,0,0,0]"""
1782031930518,2026-06-21T17:52:10.518,safe,posture,mhw,standing_still,t017,"CSI_DATA,534917,1a:00:00:00:00:00,-43,11,-99,14,29,11,516302693,47,2,256,0,""[0,0,0,0,0,0,0,0,0,0,0,0,7,4,4,2,8,4,6,4,8,4,6,6,6,6,9,8,9,8,9,9,7,9,8,11,9,11,8,13,7,11,11,15,9,12,7,17,6,14,7,13,7,15,8,18,8,20,7,18,6,20,7,22,7,23,7,20,4,25,4,20,6,22,4,19,8,20,6,20,7,22,7,24,4,23,4,23,3,25,6,28,7,23,7,26,3,23,9,28,4,19,8,25,6,26,12,28,8,30,11,33,4,26,4,33,4,33,7,35,4,33,4,33,7,36,0,0,0,0,0,0,34,-1,40,0,29,0,35,-2,42,0,31,3,39,2,30,2,37,3,28,3,29,1,33,0,33,1,34,1,30,3,31,3,31,1,31,4,30,2,34,2,26,0,33,3,24,1,26,1,31,3,31,1,33,1,28,3,31,4,30,3,34,4,29,3,35,8,26,4,31,7,25,7,30,6,29,11,30,6,30,12,29,11,23,14,25,15,26,17,23,14,22,18,17,17,19,18,12,15,15,15,14,17,15,17,13,20,11,18,7,18,4,19,4,17,0,0,0,0,0,0,0,0,0,0]"""
1782031930532,2026-06-21T17:52:10.532,safe,posture,mhw,standing_still,t017,"CSI_DATA,534918,1a:00:00:00:00:00,-43,11,-99,17,28,11,516313693,47,2,256,0,""[0,0,0,0,0,0,0,0,0,0,0,0,-1,-7,0,-7,-1,-6,-1,-8,0,-8,-2,-7,0,-8,-1,-10,-1,-12,-1,-12,1,-15,0,-13,-1,-13,1,-15,1,-16,-1,-16,0,-17,0,-18,0,-15,2,-18,2,-20,0,-21,1,-20,3,-18,2,-20,0,-20,3,-21,1,-22,0,-23,0,-21,1,-22,0,-21,-1,-22,-2,-21,-2,-25,-3,-25,-1,-26,-2,-23,-2,-25,-3,-25,-3,-25,-5,-26,-7,-25,-7,-26,-7,-23,-8,-23,-8,-27,-12,-27,-13,-28,-11,-30,-11,-28,-12,-33,-12,-31,-13,-31,-12,-32,-13,-31,-15,-30,0,0,0,0,0,0,-33,13,-35,15,-31,13,-33,15,-33,15,-30,12,-31,17,-31,15,-31,13,-26,13,-25,15,-26,12,-28,20,-27,17,-26,13,-27,16,-25,16,-26,18,-26,16,-23,21,-21,20,-26,20,-20,20,-20,20,-21,20,-21,23,-21,22,-21,20,-22,23,-20,23,-22,21,-23,23,-21,25,-20,23,-20,22,-18,21,-18,22,-20,23,-21,22,-21,22,-21,20,-22,18,-22,18,-23,20,-22,17,-22,17,-20,15,-21,15,-20,13,-18,12,-20,11,-20,11,-20,10,-20,7,-17,5,-20,3,-18,2,0,0,0,0,0,0,0,0,0,0]"""
1782031930542,2026-06-21T17:52:10.542,safe,posture,mhw,standing_still,t017,"CSI_DATA,534919,1a:00:00:00:00:00,-43,11,-99,17,28,11,516324693,47,2,256,0,""[0,0,0,0,0,0,0,0,0,0,0,0,5,5,6,3,6,3,6,6,7,3,8,6,10,7,6,6,8,7,6,8,10,10,10,10,10,10,10,11,11,12,8,12,11,15,11,12,11,13,10,18,10,16,10,15,8,15,12,16,12,17,11,16,10,16,10,18,11,15,12,18,11,17,15,22,11,20,11,17,12,20,12,17,15,15,20,16,16,16,15,15,17,17,18,13,21,18,20,17,25,20,18,17,21,17,21,21,20,16,23,18,28,17,25,16,27,20,26,22,31,20,28,20,27,20,0,0,0,0,0,0,20,-31,18,-23,22,-33,25,-28,17,-23,22,-27,18,-25,21,-31,16,-26,23,-30,21,-28,20,-25,16,-25,17,-23,15,-30,13,-28,12,-28,11,-26,15,-27,11,-23,10,-28,11,-27,12,-32,13,-28,11,-26,11,-27,11,-25,7,-31,8,-30,7,-30,8,-26,11,-28,8,-26,7,-30,8,-30,13,-35,15,-28,12,-27,15,-27,15,-23,11,-23,11,-28,13,-26,11,-22,13,-21,12,-21,15,-23,15,-21,18,-22,16,-16,17,-16,20,-12,15,-11,16,-12,16,-13,15,-11,17,-10,0,0,0,0,0,0,0,0,0,0]"""
1782031930555,2026-06-21T17:52:10.555,safe,posture,mhw,standing_still,t017,"CSI_DATA,534920,1a:00:00:00:00:00,-43,11,-99,18,28,11,516335693,47,2,256,0,""[0,0,0,0,0,0,0,0,0,0,0,0,3,-6,2,-4,3,-8,4,-6,4,-7,8,-7,7,-9,6,-7,8,-6,9,-9,7,-9,8,-9,9,-9,9,-11,9,-11,13,-11,13,-11,13,-12,15,-9,13,-12,13,-9,15,-11,15,-11,15,-11,18,-11,17,-12,17,-11,15,-12,20,-11,17,-11,18,-12,20,-9,18,-15,20,-12,18,-14,18,-12,19,-15,19,-15,19,-15,17,-15,17,-17,19,-18,20,-18,18,-22,19,-18,19,-22,22,-20,17,-22,20,-20,19,-22,22,-23,22,-23,22,-24,24,-25,23,-25,24,-23,24,-26,0,0,0,0,0,0,-24,-24,-25,-24,-26,-24,-26,-23,-23,-24,-23,-23,-25,-24,-22,-23,-24,-22,-22,-23,-26,-24,-24,-19,-22,-20,-23,-20,-25,-20,-24,-18,-26,-20,-22,-17,-23,-17,-23,-18,-24,-18,-25,-18,-25,-17,-25,-18,-26,-14,-23,-17,-25,-14,-28,-14,-25,-15,-28,-15,-24,-15,-25,-13,-26,-19,-25,-15,-25,-17,-25,-20,-28,-17,-24,-19,-25,-17,-20,-19,-22,-19,-23,-20,-20,-23,-18,-19,-18,-18,-17,-22,-14,-20,-15,-19,-13,-19,-14,-20,-11,-19,-9,-18,-6,-18,-9,-20,-6,-19,-4,-18,-2,-19,0,0,0,0,0,0,0,0,0,0]"""
1782031930565,2026-06-21T17:52:10.565,safe,posture,mhw,standing_still,t017,"CSI_DATA,534921,1a:00:00:00:00:00,-43,11,-99,18,28,11,516346693,47,2,256,0,""[0,0,0,0,0,0,0,0,0,0,0,0,-6,2,-8,3,-7,2,-9,2,-7,2,-8,2,-9,3,-9,2,-11,4,-9,4,-13,2,-14,4,-14,6,-14,4,-15,2,-14,4,-17,6,-18,2,-17,4,-17,7,-13,3,-19,8,-18,6,-19,6,-19,6,-19,7,-19,7,-22,7,-19,9,-20,11,-20,8,-22,14,-19,12,-17,13,-20,13,-19,14,-17,14,-19,15,-17,17,-15,18,-18,19,-13,22,-15,22,-17,22,-15,25,-14,20,-12,25,-13,25,-12,28,-14,30,-11,29,-9,30,-12,31,-11,31,-11,31,-8,34,-9,34,0,0,0,0,0,0,37,9,34,11,35,6,34,11,33,6,35,7,31,4,36,3,30,4,35,3,33,1,30,3,33,-3,30,-1,31,0,30,-4,30,-7,29,-6,31,-4,26,-8,29,-12,29,-8,26,-12,28,-11,25,-9,28,-15,25,-13,24,-13,28,-15,25,-15,25,-15,29,-15,22,-18,24,-19,25,-17,25,-19,23,-17,23,-18,23,-18,25,-17,23,-17,24,-18,25,-18,22,-14,24,-14,20,-15,22,-14,23,-13,24,-12,20,-11,19,-12,19,-9,19,-11,19,-9,19,-6,19,-7,19,-4,0,0,0,0,0,0,0,0,0,0]"""
1782031930576,2026-06-21T17:52:10.576,safe,posture,mhw,standing_still,t017,"CSI_DATA,534922,1a:00:00:00:00:00,-43,11,-99,18,28,11,516357693,47,2,256,0,""[0,0,0,0,0,0,0,0,0,0,0,0,3,7,6,7,6,6,6,7,6,7,4,8,4,9,7,8,6,8,7,11,7,12,8,11,7,11,7,12,8,12,8,14,8,15,9,14,8,15,8,13,9,15,11,14,11,15,12,17,11,18,12,18,12,17,12,17,12,19,12,17,13,15,13,19,15,18,15,17,18,13,17,17,17,15,19,15,20,14,19,13,22,9,23,12,22,14,24,11,24,12,26,12,25,12,28,7,26,11,29,8,30,11,31,11,33,9,34,9,33,11,31,9,35,8,0,0,0,0,0,0,7,-33,6,-34,2,-37,4,-35,1,-34,3,-35,3,-33,2,-34,0,-34,1,-34,0,-34,-2,-31,0,-29,-6,-30,-4,-31,-4,-29,-7,-31,-8,-30,-7,-28,-6,-31,-9,-28,-11,-28,-12,-28,-12,-28,-12,-28,-11,-25,-15,-26,-17,-26,-14,-28,-18,-26,-17,-25,-19,-24,-15,-29,-17,-26,-17,-24,-17,-26,-20,-28,-17,-25,-18,-24,-13,-24,-15,-25,-15,-24,-13,-26,-14,-25,-13,-23,-12,-23,-11,-23,-13,-20,-9,-22,-12,-24,-7,-22,-8,-19,-6,-19,-7,-18,-7,-20,-3,-18,-3,-18,0,0,0,0,0,0,0,0,0,0]"""
1782031930589,2026-06-21T17:52:10.589,safe,posture,mhw,standing_still,t017,"CSI_DATA,534923,1a:00:00:00:00:00,-43,11,-99,19,28,11,516368693,47,2,256,0,""[0,0,0,0,0,0,0,0,0,0,0,0,-8,-1,-7,-1,-8,-2,-8,-2,-9,-3,-9,-3,-8,-3,-11,-4,-10,-4,-11,-3,-11,-4,-13,-4,-11,-7,-13,-8,-10,-8,-14,-13,-13,-10,-14,-13,-10,-10,-11,-13,-11,-15,-13,-13,-15,-16,-13,-15,-13,-15,-11,-14,-13,-16,-13,-15,-11,-20,-13,-17,-11,-19,-10,-15,-14,-16,-11,-20,-16,-17,-15,-17,-15,-19,-14,-17,-15,-20,-17,-21,-15,-17,-16,-23,-13,-20,-17,-22,-14,-16,-20,-22,-15,-22,-22,-20,-19,-24,-21,-24,-16,-23,-16,-24,-17,-27,-20,-32,-17,-27,-16,-26,-20,-29,0,0,0,0,0,0,-30,14,-35,19,-26,14,-30,14,-38,17,-27,10,-35,14,-28,13,-33,13,-29,9,-27,13,-30,15,-30,13,-32,16,-27,11,-28,10,-28,14,-29,14,-24,8,-32,13,-26,13,-30,13,-22,10,-26,13,-29,14,-27,11,-30,15,-26,11,-30,13,-27,16,-30,10,-26,11,-33,10,-28,8,-30,9,-26,7,-30,9,-29,5,-29,9,-30,5,-32,3,-28,1,-29,0,-29,-1,-26,-2,-29,-4,-23,-7,-26,-2,-20,-4,-24,-4,-21,-8,-22,-7,-21,-8,-21,-9,-14,-10,-15,-13,-14,-14,0,0,0,0,0,0,0,0,0,0]"""
1782031930598,2026-06-21T17:52:10.598,safe,posture,mhw,standing_still,t017,"CSI_DATA,534924,1a:00:00:00:00:00,-43,11,-99,18,28,11,516379693,47,2,256,0,""[0,0,0,0,0,0,0,0,0,0,0,0,-1,7,0,4,-1,7,-1,8,-2,8,-3,8,-1,8,-1,12,-2,11,-1,14,-2,12,-2,13,-1,13,-1,13,-3,13,-4,18,-3,14,-4,17,-4,14,-2,15,-4,17,-6,17,-6,20,-4,17,-7,18,-7,18,-6,23,-4,19,-8,23,-4,20,-6,20,-3,18,-3,23,-4,20,-1,23,-1,23,-2,23,-4,20,-1,26,0,26,0,22,-1,31,-1,26,3,26,0,20,6,28,3,28,6,26,6,31,6,30,2,29,3,31,4,33,7,35,4,31,6,31,11,34,0,0,0,0,0,0,31,-7,41,-9,29,-9,34,-9,39,-11,29,-7,37,-9,30,-8,34,-12,28,-8,28,-11,30,-12,28,-12,30,-14,26,-13,26,-13,29,-15,28,-15,23,-14,30,-17,23,-17,26,-18,20,-14,22,-19,23,-19,23,-19,26,-22,22,-19,23,-18,23,-22,25,-22,19,-22,28,-23,23,-20,20,-22,19,-17,22,-25,22,-19,20,-23,24,-19,24,-19,24,-15,24,-17,24,-15,20,-15,25,-14,22,-9,22,-14,17,-9,22,-12,20,-9,19,-11,19,-8,22,-9,19,-4,19,-4,19,-2,0,0,0,0,0,0,0,0,0,0]"""
1782031930608,2026-06-21T17:52:10.608,safe,posture,mhw,standing_still,t017,"CSI_DATA,534925,1a:00:00:00:00:00,-43,11,-99,14,29,11,516390693,47,2,256,0,""[0,0,0,0,0,0,0,0,0,0,0,0,-1,6,-2,9,-1,6,-1,11,-2,8,-2,11,-6,11,-4,8,-4,11,-6,9,-4,12,-4,12,-7,12,-7,12,-11,12,-7,9,-12,14,-11,13,-13,14,-14,12,-12,9,-15,12,-15,7,-17,13,-15,13,-15,12,-15,9,-19,12,-14,9,-18,13,-15,9,-23,13,-20,8,-19,8,-22,8,-20,8,-17,8,-19,13,-19,14,-17,12,-23,11,-17,15,-24,15,-24,11,-33,14,-25,9,-26,13,-28,8,-25,11,-25,11,-30,15,-28,13,-33,12,-29,8,-31,14,-36,13,-30,9,0,0,0,0,0,0,6,35,2,30,6,40,1,34,1,26,1,37,3,28,3,39,0,28,-2,37,-2,35,-4,28,1,31,-3,28,0,34,0,31,-1,31,0,29,-3,33,0,25,0,34,-1,28,-1,35,-4,31,-6,29,-4,28,-4,26,-1,31,-2,33,-2,29,-3,28,-9,33,-2,25,-4,31,-6,28,-11,37,-13,28,-13,29,-15,26,-13,24,-12,22,-15,25,-15,25,-14,20,-19,20,-13,19,-18,20,-18,15,-24,19,-20,11,-20,11,-20,7,-19,7,-18,7,-19,6,-17,3,-20,2,0,0,0,0,0,0,0,0,0,0]"""
1782031930619,2026-06-21T17:52:10.619,safe,posture,mhw,standing_still,t017,"CSI_DATA,534926,1a:00:00:00:00:00,-43,11,-99,18,28,11,516401693,47,2,256,0,""[0,0,0,0,0,0,0,0,0,0,0,0,-4,4,-4,6,-4,6,-7,7,-6,6,-6,6,-7,8,-7,8,-7,9,-8,6,-9,8,-9,11,-9,11,-11,11,-12,11,-11,11,-12,14,-12,12,-13,11,-11,15,-9,15,-13,18,-13,15,-11,14,-14,14,-9,15,-12,18,-13,20,-11,18,-11,22,-9,18,-9,22,-8,19,-6,20,-7,23,-4,24,-4,23,-4,24,-2,25,-1,25,-2,28,1,25,3,28,2,26,3,26,4,24,8,28,8,26,11,29,9,29,9,30,12,31,13,31,13,29,15,30,18,31,17,31,0,0,0,0,0,0,31,-18,31,-22,29,-20,28,-22,26,-23,28,-20,24,-24,24,-24,24,-20,23,-23,18,-24,19,-23,19,-28,18,-25,17,-23,17,-28,14,-26,13,-28,15,-29,8,-28,6,-30,9,-29,4,-28,4,-28,4,-25,1,-31,3,-29,1,-29,1,-30,0,-29,1,-31,1,-34,-2,-29,-3,-30,-2,-31,-2,-31,-3,-29,-6,-30,-4,-33,-4,-30,-3,-29,-3,-28,-2,-28,-3,-26,-2,-28,-6,-25,-3,-25,-2,-25,-1,-24,-2,-20,-2,-24,-2,-22,-3,-23,0,-23,2,-17,1,-20,2,-19,0,0,0,0,0,0,0,0,0,0]"""
1782031930632,2026-06-21T17:52:10.632,safe,posture,mhw,standing_still,t017,"CSI_DATA,534927,1a:00:00:00:00:00,-43,11,-99,18,28,11,516412699,47,2,256,0,""[0,0,0,0,0,0,0,0,0,0,0,0,-6,-3,-7,-2,-4,-3,-7,-4,-8,-3,-9,-6,-9,-7,-6,-6,-8,-6,-7,-7,-9,-6,-11,-9,-12,-9,-11,-9,-11,-11,-9,-9,-13,-13,-12,-11,-13,-13,-11,-15,-8,-12,-12,-14,-9,-14,-13,-15,-11,-15,-13,-15,-13,-15,-12,-18,-12,-13,-14,-17,-13,-15,-17,-20,-12,-19,-13,-18,-13,-19,-13,-17,-14,-15,-19,-17,-14,-15,-17,-13,-17,-18,-19,-12,-23,-14,-22,-18,-25,-20,-17,-19,-22,-19,-18,-23,-19,-18,-23,-20,-29,-18,-26,-15,-26,-20,-25,-22,-30,-18,-28,-20,-26,-25,0,0,0,0,0,0,-25,26,-20,23,-26,29,-23,26,-19,22,-25,26,-19,24,-25,29,-19,24,-25,25,-25,24,-22,19,-20,23,-22,20,-19,25,-19,24,-18,25,-17,23,-20,25,-14,23,-14,28,-14,26,-18,28,-19,25,-17,22,-17,25,-14,22,-14,28,-15,26,-14,26,-17,22,-18,28,-11,23,-13,29,-15,26,-22,31,-22,24,-19,23,-22,22,-19,18,-19,20,-18,25,-19,20,-15,18,-20,17,-15,19,-18,18,-20,15,-25,15,-19,8,-20,11,-22,8,-18,6,-19,4,-19,8,-18,6,-18,3,0,0,0,0,0,0,0,0,0,0]"""
1782031930639,2026-06-21T17:52:10.639,safe,posture,mhw,standing_still,t017,"CSI_DATA,534928,1a:00:00:00:00:00,-43,11,-99,19,28,11,516423693,47,2,256,0,""[0,0,0,0,0,0,0,0,0,0,0,0,4,8,2,7,3,7,2,9,2,9,3,8,3,9,0,10,2,11,2,11,1,11,0,15,2,14,1,13,-1,17,-1,15,1,17,0,15,-1,17,1,19,0,16,-3,21,-3,17,-3,20,-4,20,-4,20,-5,20,-7,21,-3,20,-2,21,-5,20,-3,23,-3,21,-1,22,-3,22,-1,24,-2,22,-3,22,-2,22,-3,26,-3,27,0,24,-1,28,-2,27,-1,28,-1,24,1,32,-1,29,0,28,1,32,-1,32,-1,32,-1,35,-2,32,-2,35,-1,35,-2,33,0,0,0,0,0,0,35,4,35,5,35,2,35,8,34,4,34,7,33,5,34,5,30,5,32,4,32,3,29,7,34,2,29,4,32,7,32,3,32,2,30,4,33,5,28,0,30,1,29,4,29,0,29,0,28,2,32,-1,30,2,30,2,32,1,30,0,29,4,34,4,29,1,32,1,30,5,34,3,30,4,30,3,30,5,32,5,27,5,28,8,27,7,27,9,26,13,23,9,23,11,23,14,23,13,17,13,20,13,19,13,19,14,15,13,11,16,13,16,9,19,0,0,0,0,0,0,0,0,0,0]"""
1782031930653,2026-06-21T17:52:10.653,safe,posture,mhw,standing_still,t017,"CSI_DATA,534929,1a:00:00:00:00:00,-43,11,-99,18,28,11,516434693,47,2,256,0,""[0,0,0,0,0,0,0,0,0,0,0,0,7,1,7,0,8,1,8,2,8,0,11,1,9,2,12,1,12,2,12,2,13,1,14,0,13,0,15,0,17,0,17,2,17,3,15,1,18,3,18,2,17,1,20,3,19,3,22,1,20,2,20,1,19,1,20,0,20,2,20,0,23,0,25,0,26,0,22,-1,22,-1,22,-2,22,-4,24,-6,24,-4,23,-6,20,-8,24,-8,24,-11,24,-12,26,-11,29,-13,26,-12,25,-13,24,-13,25,-14,26,-17,24,-15,26,-17,30,-19,29,-22,26,-18,30,-23,0,0,0,0,0,0,-22,-28,-22,-25,-25,-25,-25,-25,-20,-23,-23,-23,-24,-23,-24,-24,-24,-19,-25,-23,-24,-23,-25,-18,-23,-19,-23,-19,-26,-17,-26,-15,-28,-15,-26,-13,-26,-13,-26,-14,-28,-12,-29,-11,-28,-9,-30,-11,-28,-8,-26,-9,-28,-7,-31,-6,-29,-7,-29,-3,-28,-6,-30,-2,-29,-7,-31,-3,-30,-2,-31,-6,-31,-4,-29,-4,-29,-3,-26,-7,-28,-3,-31,-4,-28,-8,-26,-6,-26,-6,-25,-7,-25,-8,-25,-6,-24,-9,-24,-9,-22,-9,-18,-9,-15,-8,-18,-9,-19,-9,-15,-9,-15,-9,0,0,0,0,0,0,0,0,0,0]"""
1782031930663,2026-06-21T17:52:10.663,safe,posture,mhw,standing_still,t017,"CSI_DATA,534930,1a:00:00:00:00:00,-43,11,-99,14,29,11,516445693,47,2,256,0,""[0,0,0,0,0,0,0,0,0,0,0,0,-7,-2,-6,-3,-8,-2,-7,-2,-8,-3,-7,-2,-9,-4,-8,-3,-12,-3,-12,-4,-12,-7,-12,-6,-9,-6,-14,-7,-12,-7,-15,-8,-15,-8,-15,-11,-12,-7,-15,-6,-13,-7,-19,-8,-18,-9,-15,-9,-18,-11,-17,-8,-18,-11,-18,-9,-19,-9,-19,-9,-20,-9,-19,-7,-20,-6,-20,-3,-22,-6,-24,-6,-24,-6,-23,-7,-23,-4,-25,-4,-24,-4,-26,-2,-25,-1,-29,-2,-25,0,-26,1,-28,0,-31,4,-30,3,-31,3,-30,1,-33,6,-33,4,-31,3,-36,6,-33,7,-35,6,0,0,0,0,0,0,4,37,3,37,6,31,8,35,9,36,4,31,7,34,9,33,9,33,8,30,9,29,9,29,17,31,13,30,8,28,13,29,12,26,13,29,14,28,15,25,17,25,17,26,15,22,17,22,18,23,22,23,22,24,18,23,20,25,22,22,20,24,22,24,24,23,23,22,22,22,20,20,20,19,23,22,22,22,24,23,22,23,18,23,19,22,19,23,15,23,17,22,14,20,15,20,12,19,12,19,12,19,13,18,11,20,9,20,4,17,7,18,3,18,0,0,0,0,0,0,0,0,0,0]"""
1782031930674,2026-06-21T17:52:10.674,safe,posture,mhw,standing_still,t017,"CSI_DATA,534931,1a:00:00:00:00:00,-43,11,-99,23,27,11,516456693,47,2,256,0,""[0,0,0,0,0,0,0,0,0,0,0,0,7,0,8,2,5,1,9,1,8,1,8,1,10,0,9,2,13,1,11,2,11,3,14,3,13,2,14,2,16,4,16,3,16,4,17,3,16,3,17,5,17,7,20,3,20,5,19,5,20,5,20,5,21,7,22,7,19,5,22,4,21,7,22,4,20,5,22,2,23,2,23,1,22,1,23,1,26,1,26,2,27,1,26,-2,27,-1,28,-1,28,-2,24,-2,28,-7,28,-4,29,-5,32,-7,28,-5,32,-8,35,-4,30,-7,32,-9,35,-7,32,-7,0,0,0,0,0,0,-8,-38,-5,-34,-9,-34,-8,-32,-9,-34,-7,-34,-11,-30,-9,-35,-8,-30,-8,-30,-11,-28,-8,-29,-14,-30,-11,-28,-11,-28,-14,-28,-15,-28,-14,-28,-14,-30,-16,-24,-19,-24,-14,-26,-15,-22,-17,-22,-17,-24,-22,-24,-17,-24,-19,-20,-20,-26,-20,-22,-20,-24,-22,-27,-20,-20,-21,-20,-19,-23,-20,-23,-19,-22,-21,-21,-20,-23,-20,-26,-17,-23,-15,-23,-16,-22,-16,-23,-14,-24,-15,-21,-14,-21,-13,-24,-10,-22,-8,-19,-8,-21,-8,-20,-8,-20,-5,-19,-2,-20,-2,-19,-3,-19,0,0,0,0,0,0,0,0,0,0]"""
1782031930686,2026-06-21T17:52:10.686,safe,posture,mhw,standing_still,t017,"CSI_DATA,534932,1a:00:00:00:00:00,-43,11,-99,17,28,11,516467693,47,2,256,0,""[0,0,0,0,0,0,0,0,0,0,0,0,6,0,6,0,7,-2,7,-1,10,-2,8,-1,7,-1,12,-2,11,-1,11,-3,12,-2,13,-3,15,-5,13,-3,12,-3,18,-6,13,-5,17,-5,15,-6,16,-5,17,-5,16,-7,21,-7,16,-7,18,-7,18,-10,20,-10,16,-10,21,-11,18,-10,17,-12,13,-12,17,-15,17,-15,15,-18,15,-16,16,-18,13,-18,13,-18,12,-22,11,-21,15,-25,11,-21,8,-26,7,-20,6,-28,8,-26,3,-28,5,-27,3,-31,3,-30,5,-30,2,-30,3,-35,0,-33,-1,-31,-3,-36,0,0,0,0,0,0,-33,3,-39,7,-26,6,-33,8,-39,11,-30,6,-36,12,-30,10,-33,13,-27,11,-27,13,-27,17,-28,16,-27,21,-25,17,-23,18,-23,23,-23,23,-18,21,-25,23,-17,21,-17,26,-11,21,-15,23,-15,27,-13,26,-13,31,-12,28,-12,28,-8,31,-8,31,-5,27,-13,32,-8,27,-5,28,-6,25,-3,33,-6,30,-2,31,-6,30,-5,31,-6,28,-6,27,-5,30,-3,26,-6,27,-6,22,-3,27,-3,20,-5,26,-6,22,-1,22,-5,20,-5,22,-5,18,-6,17,-7,16,0,0,0,0,0,0,0,0,0,0]"""
1782031930695,2026-06-21T17:52:10.695,safe,posture,mhw,standing_still,t017,"CSI_DATA,534933,1a:00:00:00:00:00,-43,11,-99,17,28,11,516478693,47,2,256,0,""[0,0,0,0,0,0,0,0,0,0,0,0,7,0,8,0,5,-1,8,-1,10,0,11,-1,12,0,10,1,11,1,10,1,12,2,13,0,13,0,12,2,17,3,12,0,17,3,16,2,20,3,18,7,16,7,18,3,16,6,18,5,20,5,20,5,20,6,22,7,16,3,22,3,18,3,26,6,22,8,22,6,22,6,21,5,21,3,25,1,23,2,21,1,26,5,22,-2,26,-1,26,2,32,0,25,2,28,-1,27,1,27,-1,28,0,33,-3,32,-5,35,-2,31,-1,33,-6,36,-3,36,-2,0,0,0,0,0,0,0,-39,2,-32,1,-40,2,-35,-1,-28,0,-37,0,-28,-2,-36,-2,-30,0,-37,1,-33,3,-28,-2,-32,0,-27,-2,-33,-6,-31,-5,-30,-5,-27,-2,-33,-5,-25,-8,-31,-5,-27,-7,-32,-5,-31,-2,-27,-6,-30,-3,-25,-10,-28,-8,-30,-8,-27,-7,-27,-5,-33,-10,-25,-10,-30,-7,-28,-7,-36,-1,-31,-5,-30,-1,-30,-2,-28,-2,-26,-5,-30,-2,-28,-2,-25,1,-30,-3,-23,-2,-28,2,-23,5,-30,6,-20,3,-22,7,-20,3,-20,7,-17,7,-17,7,-18,11,-15,0,0,0,0,0,0,0,0,0,0]"""
1782031930709,2026-06-21T17:52:10.709,safe,posture,mhw,standing_still,t017,"CSI_DATA,534934,1a:00:00:00:00:00,-43,11,-99,18,28,11,516489693,47,2,256,0,""[0,0,0,0,0,0,0,0,0,0,0,0,2,-8,2,-6,3,-8,3,-7,4,-9,6,-8,4,-8,3,-11,6,-8,4,-12,6,-11,8,-11,8,-12,8,-12,7,-12,13,-13,12,-12,11,-13,12,-12,14,-13,14,-17,12,-9,15,-15,14,-14,13,-14,14,-13,15,-13,13,-13,18,-14,15,-14,15,-13,15,-15,14,-15,19,-14,15,-18,18,-18,17,-18,18,-18,18,-18,17,-22,15,-18,19,-19,18,-19,13,-22,17,-18,17,-24,18,-20,14,-25,19,-23,18,-25,17,-24,20,-24,19,-25,23,-25,22,-26,20,-26,22,-30,0,0,0,0,0,0,-29,-23,-28,-23,-26,-19,-26,-22,-28,-24,-26,-20,-28,-25,-25,-23,-25,-22,-24,-22,-25,-19,-25,-19,-24,-20,-25,-19,-24,-18,-22,-18,-28,-17,-25,-18,-23,-15,-25,-19,-24,-15,-28,-15,-23,-14,-26,-14,-29,-14,-24,-17,-25,-15,-28,-13,-26,-15,-28,-15,-26,-14,-26,-11,-26,-19,-25,-15,-24,-14,-25,-19,-28,-15,-24,-14,-26,-18,-22,-19,-22,-19,-20,-19,-19,-22,-20,-20,-18,-18,-17,-22,-14,-22,-18,-20,-11,-18,-14,-19,-9,-19,-12,-19,-7,-19,-7,-19,-6,-19,-3,-19,-3,-18,0,0,0,0,0,0,0,0,0,0]"""
1782031930717,2026-06-21T17:52:10.717,safe,posture,mhw,standing_still,t017,"CSI_DATA,534935,1a:00:00:00:00:00,-43,11,-99,17,28,11,516500693,47,2,256,0,""[0,0,0,0,0,0,0,0,0,0,0,0,5,3,6,3,5,5,7,6,6,7,6,8,6,8,6,7,6,8,6,8,8,10,8,11,7,12,7,10,7,13,6,13,7,15,8,15,8,18,5,17,3,17,6,17,5,18,7,21,7,21,7,18,6,18,7,20,5,18,6,22,6,20,7,25,5,22,5,21,5,22,3,21,7,21,10,21,7,22,8,20,7,21,10,21,12,25,12,26,12,30,7,28,11,28,8,27,11,25,11,30,16,30,12,26,11,30,11,32,15,31,12,33,13,32,0,0,0,0,0,0,32,-12,32,-11,37,-15,33,-10,27,-8,32,-10,30,-7,35,-10,30,-10,36,-6,35,-7,30,-6,28,-6,27,-6,31,-10,31,-10,30,-11,27,-10,27,-10,26,-8,28,-12,27,-11,30,-11,31,-7,28,-10,27,-7,28,-7,28,-15,27,-10,27,-11,26,-10,28,-10,27,-8,30,-12,28,-8,37,-10,32,-5,28,-6,32,-2,28,-1,30,-2,31,-6,28,-3,25,-2,26,-2,27,-1,27,1,26,2,28,5,23,7,22,7,18,8,17,8,17,7,21,8,16,8,13,11,0,0,0,0,0,0,0,0,0,0]"""
1782031930729,2026-06-21T17:52:10.729,safe,posture,mhw,standing_still,t017,"CSI_DATA,534936,1a:00:00:00:00:00,-43,11,-99,18,28,11,516512304,47,2,256,0,""[0,0,0,0,0,0,0,0,0,0,0,0,4,6,2,7,3,6,3,7,3,7,3,8,6,9,3,9,6,11,4,11,4,11,6,13,6,13,6,14,3,15,8,13,7,17,7,17,8,15,6,17,6,19,9,18,8,18,7,19,9,20,8,18,8,19,9,20,9,18,12,18,9,20,12,20,13,15,14,17,15,18,17,19,14,17,14,18,17,18,18,18,19,18,20,15,19,17,22,18,20,14,23,13,24,13,24,12,26,13,28,13,26,14,30,14,31,17,30,14,30,13,33,13,31,12,0,0,0,0,0,0,12,-34,15,-31,11,-33,15,-31,11,-35,13,-33,11,-30,11,-33,9,-29,8,-31,4,-31,6,-31,3,-34,6,-31,4,-31,1,-31,1,-31,2,-33,3,-31,-2,-28,-3,-30,-1,-29,-3,-28,-6,-29,-6,-29,-7,-30,-7,-30,-4,-28,-6,-31,-7,-28,-7,-30,-7,-33,-9,-29,-9,-31,-7,-29,-9,-31,-8,-28,-12,-28,-9,-28,-9,-29,-8,-28,-7,-29,-8,-25,-6,-28,-4,-28,-7,-23,-3,-25,-2,-26,-1,-24,-2,-19,-3,-22,-2,-22,-1,-22,1,-19,3,-17,4,-20,3,-20,0,0,0,0,0,0,0,0,0,0]"""
1782031930739,2026-06-21T17:52:10.739,safe,posture,mhw,standing_still,t017,"CSI_DATA,534937,1a:00:00:00:00:00,-43,11,-99,18,28,11,516522693,47,2,256,0,""[0,0,0,0,0,0,0,0,0,0,0,0,4,3,4,7,4,3,7,6,6,6,4,9,6,9,3,9,6,9,4,8,4,12,4,12,6,13,6,13,4,17,3,11,4,17,4,15,4,22,1,20,-1,19,1,19,0,17,1,19,1,20,1,20,-1,19,-1,24,2,19,0,23,0,20,-1,26,-3,23,-2,22,-3,24,-2,20,0,22,2,24,2,23,0,20,-3,24,3,22,2,29,0,25,-1,35,-2,26,2,31,-4,29,-1,26,-1,29,1,34,2,30,-2,36,-3,31,1,33,-4,37,-4,35,0,0,0,0,0,0,37,7,29,8,39,9,33,11,26,7,35,12,28,6,35,12,28,8,35,12,31,13,25,13,30,11,25,12,34,9,31,9,30,9,26,8,31,14,24,6,31,9,26,9,33,11,29,12,25,13,29,11,24,12,30,8,29,11,28,11,25,9,30,17,25,8,30,11,26,14,34,18,24,18,26,17,23,19,20,18,19,15,25,19,22,19,18,17,18,23,17,14,19,20,12,20,13,26,9,20,7,22,4,20,6,19,4,17,4,20,3,19,1,20,0,0,0,0,0,0,0,0,0,0]"""
1782031930752,2026-06-21T17:52:10.752,safe,posture,mhw,standing_still,t017,"CSI_DATA,534938,1a:00:00:00:00:00,-43,11,-99,19,28,11,516533693,47,2,256,0,""[0,0,0,0,0,0,0,0,0,0,0,0,0,-7,1,-8,0,-7,1,-8,2,-9,3,-9,2,-10,3,-8,4,-10,4,-10,7,-11,7,-11,8,-11,7,-13,10,-13,9,-13,10,-16,11,-11,13,-13,11,-11,13,-9,13,-15,15,-11,16,-11,19,-11,17,-13,17,-11,21,-13,16,-13,17,-11,17,-10,19,-11,19,-11,17,-11,20,-13,20,-14,20,-9,19,-11,22,-11,22,-11,22,-13,20,-13,24,-14,23,-13,23,-14,21,-11,23,-15,24,-14,26,-16,27,-14,27,-14,29,-15,33,-13,28,-14,32,-13,33,-15,33,-14,0,0,0,0,0,0,-11,-39,-7,-36,-9,-33,-8,-33,-7,-33,-3,-35,-3,-32,-3,-34,-3,-33,-1,-32,-3,-30,-2,-30,-5,-34,-2,-30,1,-30,-2,-33,-2,-30,0,-33,1,-34,-3,-28,-4,-32,-1,-32,-1,-28,-3,-28,0,-28,-2,-33,0,-30,0,-29,1,-32,1,-30,2,-32,3,-34,2,-29,1,-29,4,-30,3,-30,3,-30,5,-29,8,-30,10,-30,10,-27,13,-27,14,-24,14,-24,16,-24,14,-23,15,-21,17,-19,17,-16,15,-15,16,-14,16,-13,19,-14,17,-10,19,-7,20,-5,19,-4,0,0,0,0,0,0,0,0,0,0]"""
1782031930762,2026-06-21T17:52:10.762,safe,posture,mhw,standing_still,t017,"CSI_DATA,534939,1a:00:00:00:00:00,-43,11,-99,15,29,11,516544693,47,2,256,0,""[0,0,0,0,0,0,0,0,0,0,0,0,-4,3,-7,4,-5,2,-8,3,-7,5,-9,5,-11,3,-8,2,-10,5,-10,3,-10,4,-13,3,-13,5,-13,4,-17,3,-14,5,-16,5,-14,7,-19,7,-20,2,-19,4,-17,3,-19,2,-20,5,-20,5,-20,3,-19,3,-22,3,-16,5,-21,7,-20,5,-24,8,-22,2,-20,5,-22,5,-21,5,-19,8,-22,10,-21,10,-19,10,-23,10,-19,14,-23,15,-23,14,-28,16,-23,10,-24,16,-27,9,-22,14,-24,16,-26,21,-22,20,-27,20,-27,16,-24,23,-30,21,-30,21,0,0,0,0,0,0,17,32,17,27,23,32,19,29,16,24,22,29,17,24,22,29,20,23,21,30,20,28,14,24,19,26,17,24,22,24,21,22,22,21,20,20,20,24,20,15,26,21,22,20,27,21,22,22,20,21,22,21,20,19,27,14,27,19,23,17,21,19,26,21,22,14,26,17,24,17,30,24,21,21,23,20,20,23,20,21,19,19,24,20,21,19,19,15,16,21,17,16,19,21,15,20,16,26,9,20,10,21,5,20,8,20,5,20,8,17,7,19,3,19,0,0,0,0,0,0,0,0,0,0]"""
1782031930774,2026-06-21T17:52:10.774,safe,posture,mhw,standing_still,t017,"CSI_DATA,534940,1a:00:00:00:00:00,-43,11,-99,17,28,11,516555693,47,2,256,0,""[0,0,0,0,0,0,0,0,0,0,0,0,1,6,0,7,0,8,1,10,1,8,1,8,2,11,1,10,3,11,2,11,1,13,1,13,2,12,2,15,2,18,5,15,3,15,2,17,3,17,2,17,0,17,7,17,3,18,3,20,6,20,6,18,7,20,7,22,7,18,10,18,8,20,11,18,10,18,12,17,13,17,13,21,13,16,16,17,17,17,17,16,18,20,20,13,22,13,22,16,25,13,22,13,25,12,25,13,28,11,28,12,30,11,31,8,32,11,30,8,33,6,36,6,32,7,0,0,0,0,0,0,5,-37,3,-33,3,-36,2,-33,0,-32,5,-36,0,-28,0,-35,-1,-31,-1,-33,-3,-31,-1,-30,-8,-33,-6,-30,-6,-31,-11,-28,-12,-28,-11,-27,-10,-31,-15,-25,-17,-25,-13,-26,-16,-23,-17,-25,-16,-22,-20,-23,-18,-21,-21,-20,-21,-22,-22,-20,-18,-22,-23,-22,-23,-17,-26,-18,-25,-20,-27,-21,-21,-20,-25,-17,-25,-20,-23,-18,-22,-18,-23,-17,-23,-17,-21,-16,-23,-18,-22,-16,-21,-15,-18,-15,-17,-17,-16,-15,-18,-15,-15,-16,-16,-15,-13,-15,-12,-16,-13,-15,-12,-17,0,0,0,0,0,0,0,0,0,0]"""
1782031930785,2026-06-21T17:52:10.785,safe,posture,mhw,standing_still,t017,"CSI_DATA,534941,1a:00:00:00:00:00,-43,11,-99,15,29,11,516568719,47,2,256,0,""[0,0,0,0,0,0,0,0,0,0,0,0,-7,4,-8,4,-5,3,-5,4,-7,4,-9,4,-8,5,-9,3,-10,4,-10,3,-13,5,-13,5,-13,4,-14,3,-15,3,-13,3,-17,4,-15,4,-19,3,-21,-1,-20,0,-17,1,-19,-1,-22,4,-20,1,-21,2,-20,0,-21,2,-19,-1,-22,2,-21,3,-26,1,-23,0,-24,1,-23,1,-22,1,-21,3,-24,4,-21,2,-22,5,-23,3,-23,7,-24,9,-26,7,-33,5,-27,3,-30,5,-29,3,-27,4,-29,4,-33,10,-29,8,-33,4,-35,4,-33,10,-38,7,-34,7,0,0,0,0,0,0,3,34,3,33,7,39,4,35,3,30,4,36,7,30,5,38,7,29,2,35,2,35,2,29,3,30,2,30,4,34,4,32,7,32,5,29,4,32,7,27,9,30,7,27,8,32,7,32,4,28,4,30,4,28,10,30,7,32,8,29,4,27,8,29,7,27,9,30,7,28,5,35,4,30,3,32,0,33,0,29,1,27,2,32,-1,28,0,24,-2,26,-1,26,-1,27,-2,26,-8,29,-8,22,-7,22,-9,19,-8,19,-11,19,-9,17,-8,15,-11,14,0,0,0,0,0,0,0,0,0,0]"""
1782031930796,2026-06-21T17:52:10.796,safe,posture,mhw,standing_still,t017,"CSI_DATA,534942,1a:00:00:00:00:00,-43,11,-99,19,28,11,516577693,47,2,256,0,""[0,0,0,0,0,0,0,0,0,0,0,0,-1,8,0,7,-1,8,-1,9,-2,10,-3,10,-2,8,-3,10,-3,10,-4,11,-4,11,-7,13,-4,13,-7,14,-8,13,-8,15,-8,13,-11,15,-8,13,-10,15,-9,16,-10,16,-11,16,-13,15,-14,15,-11,15,-14,16,-15,16,-15,16,-13,16,-15,15,-15,14,-11,16,-14,16,-13,19,-13,20,-15,20,-16,16,-14,17,-14,21,-17,20,-15,19,-17,19,-17,21,-11,19,-14,23,-14,24,-13,26,-16,27,-19,27,-19,23,-21,27,-21,26,-17,26,-22,26,-20,27,-20,29,0,0,0,0,0,0,27,26,29,26,26,21,26,26,27,24,21,26,23,24,22,23,23,27,20,22,21,20,23,22,24,21,26,22,19,23,23,22,23,21,21,22,21,22,23,20,23,19,23,23,23,15,21,16,22,19,26,17,24,21,21,20,23,21,23,20,22,22,23,21,23,22,21,22,20,21,23,21,22,17,21,19,24,22,21,24,20,26,14,24,15,26,13,28,13,24,13,24,8,24,8,23,8,21,7,22,4,22,4,22,3,23,3,21,-2,19,-1,20,-4,19,0,0,0,0,0,0,0,0,0,0]"""
1782031930806,2026-06-21T17:52:10.806,safe,posture,mhw,standing_still,t017,"CSI_DATA,534943,1a:00:00:00:00:00,-43,11,-99,19,28,11,516588693,47,2,256,0,""[0,0,0,0,0,0,0,0,0,0,0,0,5,-4,2,-4,8,-5,7,-3,8,-4,5,-3,8,-5,10,-5,9,-4,10,-7,11,-7,13,-5,13,-3,13,-5,13,-4,17,-2,16,-4,16,-4,17,-2,19,-1,23,-1,17,-1,21,-2,20,-1,21,0,20,-2,20,1,19,0,23,2,22,0,22,0,21,2,24,0,23,1,23,-1,23,1,24,0,26,1,26,0,26,-1,23,-2,28,1,26,2,26,-2,23,0,30,-2,28,0,27,-4,30,1,30,-1,30,2,30,2,32,2,36,1,34,1,32,1,33,1,0,0,0,0,0,0,5,-34,4,-40,4,-34,5,-35,7,-38,8,-33,8,-38,7,-33,8,-34,8,-30,7,-32,5,-33,8,-29,7,-34,5,-29,5,-30,3,-32,7,-29,5,-28,9,-32,4,-28,8,-32,5,-27,7,-28,3,-32,7,-29,5,-32,5,-29,7,-30,7,-30,8,-28,5,-28,11,-30,9,-28,9,-29,9,-26,10,-30,10,-28,9,-29,15,-26,14,-26,16,-24,16,-24,16,-22,15,-21,21,-20,20,-17,17,-19,17,-15,19,-17,20,-13,17,-13,19,-9,20,-8,20,-7,17,-5,17,-3,0,0,0,0,0,0,0,0,0,0]"""
1782031930816,2026-06-21T17:52:10.816,safe,posture,mhw,standing_still,t017,"CSI_DATA,534944,1a:00:00:00:00:00,-43,11,-99,19,28,11,516599693,47,2,256,0,""[0,0,0,0,0,0,0,0,0,0,0,0,4,5,3,7,3,4,3,8,4,7,3,11,3,8,2,9,2,10,2,10,3,14,1,14,2,15,2,15,-1,15,0,14,1,17,0,16,0,20,-4,17,-5,17,-2,19,-4,16,-4,21,-5,20,-4,19,-5,19,-8,22,-3,15,-5,22,-7,20,-9,26,-9,20,-8,22,-9,22,-7,20,-7,20,-4,24,-8,21,-7,19,-10,22,-4,23,-5,27,-7,27,-11,32,-9,23,-9,28,-14,27,-9,24,-11,29,-11,34,-8,28,-11,33,-14,30,-10,34,-15,32,-14,34,0,0,0,0,0,0,32,16,28,15,34,21,29,21,26,16,29,21,24,17,30,22,26,16,27,24,28,22,20,21,26,19,21,21,26,20,23,19,24,19,22,19,24,21,22,15,26,19,23,19,27,21,24,21,19,19,21,20,19,20,24,20,24,21,23,21,21,20,23,23,20,17,24,21,22,21,24,29,17,26,19,27,15,27,13,24,14,24,17,28,11,24,10,23,8,26,9,21,9,26,7,26,4,29,0,22,0,24,-2,22,-2,20,-3,17,-4,23,-3,17,-5,17,0,0,0,0,0,0,0,0,0,0]"""
1782031930830,2026-06-21T17:52:10.830,safe,posture,mhw,standing_still,t017,"CSI_DATA,534945,1a:00:00:00:00:00,-43,11,-99,18,28,11,516611501,47,2,256,0,""[0,0,0,0,0,0,0,0,0,0,0,0,1,7,1,7,2,8,2,8,1,8,0,9,1,8,0,11,0,12,0,12,-1,11,-1,13,-1,12,-3,15,-4,15,-3,15,-4,17,-6,17,-6,14,-6,17,-8,19,-8,18,-9,19,-9,17,-9,17,-11,17,-13,17,-13,18,-13,18,-12,18,-15,15,-11,17,-12,18,-11,17,-13,20,-14,20,-14,18,-14,17,-14,19,-17,20,-17,19,-15,20,-17,18,-18,19,-17,19,-15,20,-17,24,-18,24,-17,25,-20,23,-20,22,-24,22,-25,25,-24,22,-25,22,-25,24,-25,22,0,0,0,0,0,0,18,29,19,33,19,28,18,31,17,33,11,30,14,30,14,31,13,31,12,30,12,25,13,28,14,30,14,28,7,28,13,28,13,28,9,29,9,30,12,28,12,26,9,30,9,26,11,26,9,26,13,29,9,30,7,26,8,30,9,29,7,30,6,33,6,30,6,30,2,30,3,29,3,29,2,28,2,30,1,34,-1,29,-6,28,-3,29,-7,29,-9,26,-8,25,-9,24,-11,24,-11,20,-12,20,-12,22,-11,18,-12,19,-15,15,-15,12,-14,11,-15,11,0,0,0,0,0,0,0,0,0,0]"""
1782031930840,2026-06-21T17:52:10.840,safe,posture,mhw,standing_still,t017,"CSI_DATA,534946,1a:00:00:00:00:00,-43,11,-99,18,28,11,516621693,47,2,256,0,""[0,0,0,0,0,0,0,0,0,0,0,0,2,-7,1,-6,2,-7,2,-7,1,-7,3,-9,2,-11,3,-9,3,-11,3,-12,3,-12,6,-12,4,-12,4,-12,6,-13,7,-14,6,-14,8,-15,8,-15,7,-14,9,-14,9,-15,8,-18,8,-18,9,-17,8,-18,13,-17,7,-17,13,-19,9,-19,9,-19,11,-17,8,-22,12,-20,8,-22,11,-20,8,-22,8,-22,8,-20,11,-24,7,-25,9,-24,8,-24,6,-25,7,-23,6,-28,6,-28,2,-29,7,-28,6,-30,6,-31,7,-29,6,-31,8,-34,8,-31,7,-31,2,-35,0,0,0,0,0,0,-34,-7,-35,-6,-31,-6,-34,-6,-36,-7,-31,-6,-35,-6,-31,-7,-35,-6,-31,-6,-31,-4,-33,-2,-31,-6,-33,-1,-31,-3,-29,-1,-31,-1,-30,-2,-26,0,-33,-2,-29,0,-31,1,-28,2,-29,1,-31,3,-29,1,-31,3,-29,4,-30,3,-31,6,-31,2,-30,6,-34,0,-30,1,-29,3,-28,0,-33,6,-30,1,-30,3,-29,-1,-29,0,-29,-2,-29,-3,-30,-4,-26,-2,-28,-6,-24,-8,-25,-4,-19,-7,-24,-6,-20,-8,-22,-6,-19,-9,-20,-8,-18,-12,-15,-12,-14,-11,0,0,0,0,0,0,0,0,0,0]"""
1782031930851,2026-06-21T17:52:10.851,safe,posture,mhw,standing_still,t017,"CSI_DATA,534947,1a:00:00:00:00:00,-43,11,-99,20,28,11,516632693,47,2,256,0,""[0,0,0,0,0,0,0,0,0,0,0,0,-6,3,-5,2,-8,3,-8,4,-9,3,-6,5,-8,4,-9,5,-10,6,-11,6,-11,5,-11,6,-12,6,-15,6,-15,6,-12,9,-12,9,-16,9,-13,9,-15,6,-18,8,-16,13,-17,11,-17,10,-17,11,-13,12,-17,12,-16,12,-17,13,-15,15,-16,15,-13,15,-13,16,-13,18,-12,19,-12,20,-12,19,-10,18,-10,21,-11,23,-12,24,-8,24,-9,23,-8,26,-5,23,-4,25,-4,28,-1,30,-1,31,-1,32,-1,28,0,32,-1,34,1,34,1,33,4,34,5,34,0,0,0,0,0,0,41,-5,39,-4,32,-5,35,-8,35,-8,35,-5,35,-9,31,-8,33,-9,27,-9,27,-15,27,-12,28,-19,28,-16,26,-12,26,-16,26,-19,27,-18,26,-17,23,-21,20,-21,23,-20,18,-20,18,-23,18,-23,17,-27,18,-27,16,-24,17,-27,15,-27,17,-26,15,-28,15,-30,13,-28,15,-27,11,-26,11,-28,9,-28,10,-30,13,-30,13,-28,13,-24,13,-28,13,-27,15,-25,11,-25,13,-23,12,-24,11,-19,9,-20,10,-21,10,-19,12,-20,10,-18,12,-15,13,-16,13,-15,0,0,0,0,0,0,0,0,0,0]"""
1782031930862,2026-06-21T17:52:10.862,safe,posture,mhw,standing_still,t017,"CSI_DATA,534948,1a:00:00:00:00:00,-43,11,-99,17,28,11,516643693,47,2,256,0,""[0,0,0,0,0,0,0,0,0,0,0,0,-1,-6,-1,-7,0,-8,0,-7,-1,-10,1,-10,1,-10,0,-10,1,-10,1,-12,1,-12,1,-13,3,-13,1,-12,5,-13,5,-15,5,-16,5,-17,6,-18,8,-18,6,-18,6,-16,7,-18,6,-20,7,-21,7,-18,7,-18,8,-18,10,-18,8,-20,8,-21,10,-21,8,-21,10,-20,7,-21,10,-18,10,-21,8,-23,8,-22,6,-22,6,-23,7,-25,7,-25,6,-27,8,-27,6,-27,8,-27,6,-26,8,-25,8,-30,7,-32,7,-30,10,-30,13,-33,8,-33,11,-31,10,-36,0,0,0,0,0,0,-32,-12,-33,-11,-35,-13,-33,-11,-31,-11,-31,-12,-32,-12,-32,-13,-31,-10,-32,-13,-31,-13,-30,-11,-28,-12,-28,-11,-31,-10,-28,-7,-32,-8,-27,-8,-27,-7,-28,-10,-28,-7,-30,-5,-30,-8,-31,-7,-28,-7,-26,-8,-28,-6,-31,-5,-30,-5,-31,-5,-26,-8,-30,-3,-30,-10,-30,-8,-28,-8,-32,-12,-30,-11,-27,-11,-28,-11,-25,-13,-26,-12,-28,-12,-26,-15,-23,-12,-23,-13,-22,-15,-21,-17,-20,-16,-18,-17,-16,-17,-16,-16,-15,-17,-10,-16,-11,-16,-11,-20,-7,-15,-6,-16,0,0,0,0,0,0,0,0,0,0]"""
1782031930872,2026-06-21T17:52:10.872,safe,posture,mhw,standing_still,t017,"CSI_DATA,534949,1a:00:00:00:00:00,-43,11,-99,14,29,11,516654693,47,2,256,0,""[0,0,0,0,0,0,0,0,0,0,0,0,-3,6,-3,6,-6,7,-3,6,-4,7,-4,7,-6,7,-7,8,-9,7,-8,8,-9,7,-12,8,-11,11,-14,7,-11,8,-15,11,-13,8,-15,8,-13,7,-15,7,-19,9,-17,8,-19,11,-17,7,-19,7,-18,8,-20,7,-18,7,-23,7,-18,6,-22,6,-17,7,-20,7,-20,7,-20,9,-22,8,-24,11,-23,6,-23,9,-24,9,-22,11,-25,11,-23,8,-26,12,-19,11,-24,13,-25,13,-25,14,-28,15,-28,15,-26,12,-29,12,-30,14,-33,13,-33,12,-30,14,-33,12,0,0,0,0,0,0,8,35,13,37,9,28,8,35,11,37,3,30,9,37,7,31,6,34,7,29,8,29,8,31,11,33,11,33,6,30,7,28,9,31,7,30,7,28,9,31,8,25,7,31,9,23,8,26,8,29,9,29,12,31,7,28,8,30,9,29,8,31,8,28,6,33,6,28,4,30,6,26,6,29,4,29,6,30,2,31,1,31,-2,29,-1,29,-3,30,-3,26,-7,28,-6,23,-6,25,-7,19,-6,22,-7,20,-8,20,-11,20,-9,20,-11,14,-12,13,-13,13,0,0,0,0,0,0,0,0,0,0]"""
1782031930884,2026-06-21T17:52:10.884,safe,posture,mhw,standing_still,t017,"CSI_DATA,534950,1a:00:00:00:00:00,-43,11,-99,18,28,11,516665693,47,2,256,0,""[0,0,0,0,0,0,0,0,0,0,0,0,7,1,6,2,8,1,8,3,9,2,7,3,9,3,11,2,12,2,13,3,9,4,12,4,13,3,14,6,14,6,17,7,17,6,17,8,13,7,14,2,13,4,19,4,19,8,15,8,19,11,19,8,19,9,20,7,20,9,22,7,20,8,19,4,20,3,20,3,25,2,25,2,24,2,23,3,24,2,26,1,25,1,29,0,25,-1,28,-1,22,-2,24,-4,28,-4,28,-9,33,-8,33,-7,26,-4,34,-7,34,-7,31,-7,31,-8,33,-9,33,-11,0,0,0,0,0,0,-9,-34,-12,-36,-9,-30,-12,-33,-13,-35,-8,-31,-12,-33,-12,-29,-11,-35,-11,-25,-13,-25,-13,-28,-19,-29,-19,-29,-11,-26,-17,-29,-18,-25,-15,-28,-17,-26,-23,-25,-20,-19,-20,-23,-17,-18,-20,-18,-22,-20,-24,-19,-24,-22,-19,-18,-24,-23,-23,-18,-23,-23,-24,-19,-25,-20,-23,-18,-23,-20,-22,-17,-23,-15,-24,-18,-25,-17,-25,-19,-24,-19,-18,-18,-19,-20,-19,-20,-20,-19,-19,-19,-14,-19,-18,-19,-13,-14,-15,-15,-14,-15,-14,-15,-14,-18,-12,-19,-8,-14,-8,-17,-7,-17,0,0,0,0,0,0,0,0,0,0]"""
1782031930894,2026-06-21T17:52:10.894,safe,posture,mhw,standing_still,t017,"CSI_DATA,534951,1a:00:00:00:00:00,-43,11,-99,19,28,11,516676693,47,2,256,0,""[0,0,0,0,0,0,0,0,0,0,0,0,1,5,1,7,0,8,0,9,1,8,-1,10,-1,11,1,11,-2,11,-1,10,-3,14,-2,13,-3,14,-3,13,-4,14,-5,14,-5,16,-5,15,-9,17,-8,15,-8,13,-9,16,-13,13,-11,19,-10,16,-11,16,-13,14,-13,15,-14,14,-14,17,-14,16,-15,19,-17,16,-15,15,-16,17,-16,15,-14,16,-15,20,-16,17,-14,16,-14,17,-15,20,-16,21,-17,22,-22,21,-20,21,-19,21,-20,19,-19,19,-21,21,-23,26,-20,22,-22,22,-28,21,-24,23,-26,23,-24,23,0,0,0,0,0,0,19,28,19,24,23,30,17,29,14,27,17,30,17,28,17,33,16,29,15,33,14,33,13,28,13,29,11,28,15,29,15,28,15,28,14,26,11,27,10,28,13,28,16,27,14,29,11,29,13,28,10,28,9,28,14,28,11,28,10,29,9,26,8,28,9,29,10,28,10,30,8,35,3,33,3,30,2,32,-1,27,1,28,2,32,-2,29,-2,27,-3,26,-3,24,-7,26,-4,24,-8,26,-10,21,-11,21,-13,20,-10,16,-15,15,-13,17,-11,14,-13,11,0,0,0,0,0,0,0,0,0,0]"""
1782031930907,2026-06-21T17:52:10.907,safe,posture,mhw,standing_still,t017,"CSI_DATA,534952,1a:00:00:00:00:00,-43,11,-99,14,29,11,516687693,47,2,256,0,""[0,0,0,0,0,0,0,0,0,0,0,0,6,-2,7,-1,7,-1,8,-2,7,-2,8,-2,9,-2,9,-1,12,-3,13,-2,12,-1,14,-3,13,-3,14,-2,17,0,15,-3,18,-4,17,0,18,-1,17,-4,14,-3,20,-2,18,-1,19,-1,20,-1,20,-2,19,-1,23,1,19,-2,22,-4,22,-2,24,-3,22,-3,20,-3,23,-3,24,-7,22,-6,23,-6,24,-4,23,-7,24,-8,22,-12,24,-12,25,-9,26,-12,23,-8,26,-13,25,-12,24,-14,28,-14,28,-15,26,-18,31,-18,26,-14,30,-18,30,-19,26,-17,0,0,0,0,0,0,-15,-33,-17,-31,-17,-31,-15,-31,-17,-29,-17,-34,-17,-26,-19,-30,-14,-28,-18,-29,-19,-26,-13,-26,-20,-25,-17,-25,-18,-26,-19,-25,-20,-24,-18,-23,-18,-26,-19,-19,-24,-22,-20,-23,-22,-19,-22,-20,-18,-20,-25,-19,-22,-19,-22,-18,-24,-20,-24,-18,-22,-19,-24,-23,-24,-17,-25,-18,-23,-19,-26,-20,-22,-19,-24,-18,-20,-20,-23,-20,-19,-20,-20,-20,-20,-20,-18,-19,-15,-23,-17,-18,-17,-20,-13,-20,-14,-20,-11,-19,-12,-19,-8,-19,-11,-18,-7,-19,-7,-19,-6,-18,-4,-19,0,0,0,0,0,0,0,0,0,0]"""
1782031930917,2026-06-21T17:52:10.917,safe,posture,mhw,standing_still,t017,"CSI_DATA,534953,1a:00:00:00:00:00,-43,11,-99,17,28,11,516698693,47,2,256,0,""[0,0,0,0,0,0,0,0,0,0,0,0,2,-7,2,-7,3,-7,0,-7,3,-8,2,-8,1,-8,2,-11,3,-11,3,-11,3,-12,2,-12,3,-13,6,-15,3,-13,2,-17,2,-15,3,-18,0,-13,2,-17,2,-21,1,-18,3,-21,2,-20,2,-20,0,-20,1,-22,1,-20,1,-23,-2,-20,-1,-22,-3,-21,-5,-21,-5,-21,-6,-22,-8,-25,-6,-23,-7,-21,-8,-22,-11,-23,-11,-22,-15,-25,-11,-21,-17,-23,-15,-17,-17,-18,-20,-20,-22,-18,-21,-18,-22,-22,-22,-20,-25,-21,-25,-18,-26,-22,-27,-20,-28,-16,-28,-16,0,0,0,0,0,0,-17,31,-18,36,-11,28,-12,33,-15,36,-12,27,-11,33,-8,28,-11,35,-5,28,-5,30,-6,31,-2,33,-3,33,-2,30,-2,30,1,32,0,32,0,28,5,31,6,28,6,30,8,23,10,27,10,28,12,28,12,30,11,26,13,27,15,26,13,30,15,26,17,28,18,23,17,26,15,22,18,22,18,22,18,23,20,25,17,26,15,22,16,23,17,23,15,22,17,25,12,20,16,22,12,17,12,18,13,18,12,18,12,17,11,18,7,16,8,17,5,16,0,0,0,0,0,0,0,0,0,0]"""
1782031930928,2026-06-21T17:52:10.928,safe,posture,mhw,standing_still,t017,"CSI_DATA,534954,1a:00:00:00:00:00,-43,11,-99,14,29,11,516709693,47,2,256,0,""[0,0,0,0,0,0,0,0,0,0,0,0,-6,2,-6,2,-8,4,-6,3,-9,2,-8,3,-9,4,-11,6,-12,3,-11,7,-11,7,-9,6,-11,7,-13,7,-12,4,-15,8,-14,8,-15,9,-13,6,-15,6,-18,8,-15,8,-19,12,-15,9,-15,11,-17,11,-18,12,-14,12,-18,12,-17,12,-15,13,-14,13,-15,17,-15,17,-14,19,-14,18,-13,20,-13,20,-13,20,-12,24,-9,23,-14,25,-12,22,-8,25,-8,22,-7,29,-8,28,-1,29,-6,29,-6,31,-4,30,-6,31,-3,31,-3,36,-3,33,-1,33,1,34,0,0,0,0,0,0,34,-1,37,-2,30,-4,35,-4,40,-4,31,-3,35,-4,31,-6,36,-7,30,-7,30,-7,30,-12,30,-9,31,-14,28,-11,25,-14,26,-17,26,-15,24,-14,29,-17,23,-17,25,-19,20,-15,20,-18,20,-23,20,-19,20,-24,18,-24,20,-24,18,-26,19,-26,15,-24,23,-26,17,-24,15,-25,14,-23,14,-28,17,-24,13,-28,17,-24,15,-25,17,-23,19,-23,18,-24,14,-22,18,-22,17,-17,14,-20,13,-15,14,-19,13,-15,13,-19,13,-17,14,-17,14,-14,13,-12,13,-9,0,0,0,0,0,0,0,0,0,0]"""
1782031930939,2026-06-21T17:52:10.939,safe,posture,mhw,standing_still,t017,"CSI_DATA,534955,1a:00:00:00:00:00,-43,11,-99,14,29,11,516720693,47,2,256,0,""[0,0,0,0,0,0,0,0,0,0,0,0,7,-3,4,-2,7,-3,8,-3,9,-2,8,-3,8,-3,9,-6,11,-6,12,-7,12,-7,12,-7,12,-6,14,-6,12,-6,17,-7,13,-6,18,-7,12,-6,15,-11,15,-12,18,-8,19,-12,17,-8,18,-8,18,-9,19,-11,17,-11,22,-12,17,-9,18,-12,13,-12,17,-14,14,-15,14,-18,15,-18,17,-19,17,-18,14,-20,14,-22,12,-20,18,-24,14,-19,13,-23,11,-18,9,-26,11,-25,4,-28,11,-29,9,-30,8,-26,9,-30,9,-29,8,-34,9,-33,7,-31,3,-34,0,0,0,0,0,0,-34,-7,-40,-6,-30,-2,-34,-4,-40,-3,-29,-4,-37,-3,-30,-2,-37,-2,-29,1,-29,1,-33,4,-33,4,-34,8,-30,3,-30,7,-30,9,-29,8,-26,8,-33,9,-26,9,-29,12,-20,12,-24,14,-26,15,-25,15,-28,20,-25,15,-25,18,-24,20,-26,19,-20,19,-30,18,-24,18,-24,20,-20,14,-24,23,-23,18,-22,23,-24,19,-23,22,-23,14,-24,18,-24,19,-22,15,-26,14,-20,11,-22,15,-17,9,-22,13,-18,12,-18,14,-19,11,-22,11,-17,7,-18,6,-17,3,0,0,0,0,0,0,0,0,0,0]"""
1782031930948,2026-06-21T17:52:10.948,safe,posture,mhw,standing_still,t017,"CSI_DATA,534956,1a:00:00:00:00:00,-43,11,-99,14,29,11,516731693,47,2,256,0,""[0,0,0,0,0,0,0,0,0,0,0,0,4,-4,6,-3,6,-3,7,-4,6,-3,11,-6,9,-4,9,-4,9,-4,9,-2,13,-6,11,-3,14,-4,13,-4,15,-3,12,-2,17,-3,14,-3,19,-3,20,-2,17,-2,19,0,17,2,20,-3,19,-1,20,-1,20,1,22,2,19,-1,23,-2,20,0,26,0,23,3,22,2,24,2,23,1,20,-1,25,-1,23,0,22,-1,24,0,23,-4,26,-3,26,-2,34,-1,29,1,30,-2,28,1,26,-2,31,-1,34,-3,30,-2,34,-1,34,0,35,-3,37,1,35,0,0,0,0,0,0,0,3,-36,4,-31,1,-40,2,-35,3,-29,3,-37,1,-29,4,-39,2,-30,6,-36,6,-34,6,-29,4,-31,7,-28,4,-33,4,-31,2,-30,4,-28,6,-30,1,-26,1,-33,2,-29,2,-33,4,-33,3,-28,6,-29,4,-26,1,-31,4,-30,3,-30,4,-28,6,-33,2,-25,3,-33,6,-29,8,-36,11,-31,9,-29,12,-28,13,-26,11,-25,9,-30,13,-26,11,-23,15,-23,9,-22,13,-24,17,-20,20,-20,18,-17,17,-14,17,-12,17,-12,17,-9,17,-12,17,-8,14,-6,0,0,0,0,0,0,0,0,0,0]"""
1782031930961,2026-06-21T17:52:10.961,safe,posture,mhw,standing_still,t017,"CSI_DATA,534957,1a:00:00:00:00:00,-43,11,-99,18,28,11,516742693,47,2,256,0,""[0,0,0,0,0,0,0,0,0,0,0,0,2,-6,1,-7,3,-7,2,-8,4,-8,2,-7,3,-8,4,-8,6,-11,3,-11,3,-12,3,-12,4,-12,4,-13,4,-11,7,-14,6,-14,8,-15,8,-15,6,-15,7,-15,9,-17,8,-17,7,-18,8,-18,8,-19,9,-19,7,-18,9,-20,7,-19,6,-22,7,-22,6,-23,6,-22,6,-23,6,-20,6,-22,4,-24,4,-24,3,-25,1,-23,3,-26,2,-26,0,-25,0,-26,-2,-28,0,-29,-3,-28,-1,-29,-2,-29,-4,-31,-3,-30,-4,-31,-3,-35,-4,-34,-4,-34,-6,-34,0,0,0,0,0,0,-34,6,-35,6,-35,8,-34,9,-34,8,-33,9,-33,8,-33,8,-29,11,-33,8,-30,12,-30,11,-28,9,-28,12,-29,13,-28,14,-26,15,-25,15,-23,15,-28,15,-25,18,-24,18,-23,18,-26,18,-23,22,-22,15,-22,20,-22,23,-23,20,-22,23,-22,22,-19,22,-24,22,-22,22,-19,23,-24,22,-23,24,-20,20,-23,24,-23,17,-22,19,-22,20,-23,19,-20,18,-20,17,-23,15,-22,14,-19,17,-20,12,-19,12,-19,12,-19,11,-18,8,-19,11,-18,7,-17,4,-18,3,0,0,0,0,0,0,0,0,0,0]"""
1782031930970,2026-06-21T17:52:10.970,safe,posture,mhw,standing_still,t017,"CSI_DATA,534958,1a:00:00:00:00:00,-43,11,-99,17,28,11,516753693,47,2,256,0,""[0,0,0,0,0,0,0,0,0,0,0,0,5,6,3,5,6,7,5,7,5,7,3,7,5,7,5,8,6,8,6,12,5,10,3,12,3,11,2,15,1,12,3,18,3,16,2,18,1,15,0,17,-1,18,1,18,1,22,-1,18,-2,18,-2,20,-2,22,-1,20,-6,25,-2,20,-2,22,-3,17,-1,22,-3,20,-3,22,-3,25,-6,25,-3,22,-6,25,-5,27,-2,25,-6,27,-6,23,-2,27,-3,18,-3,30,-7,25,-1,30,-6,31,-7,30,-7,26,-8,31,-10,30,-10,32,-11,32,-10,28,-10,33,0,0,0,0,0,0,30,13,35,17,27,12,30,16,35,18,23,15,33,21,26,17,30,20,22,17,23,17,27,18,27,18,31,18,25,18,25,17,26,17,26,18,22,16,27,18,23,15,26,20,21,15,22,16,25,18,23,17,27,21,22,17,23,20,23,21,22,21,22,18,25,26,21,22,22,23,17,20,20,22,17,25,20,23,16,26,16,27,12,25,11,28,11,28,10,25,6,28,3,25,7,23,2,18,5,23,0,23,2,22,0,22,-3,21,-5,18,-7,17,-8,16,0,0,0,0,0,0,0,0,0,0]"""
1782031930983,2026-06-21T17:52:10.983,safe,posture,mhw,standing_still,t017,"CSI_DATA,534959,1a:00:00:00:00:00,-43,11,-99,17,28,11,516764693,47,2,256,0,""[0,0,0,0,0,0,0,0,0,0,0,0,7,-2,7,-1,8,-1,8,-3,7,-2,8,-3,8,-3,8,-3,10,-6,10,-6,10,-3,12,-6,12,-5,15,-6,16,-5,15,-7,15,-7,16,-6,12,-8,15,-11,16,-12,13,-10,15,-12,17,-8,16,-12,15,-13,17,-13,18,-13,16,-13,13,-13,16,-13,13,-15,11,-17,10,-20,10,-21,11,-22,11,-20,11,-20,10,-21,10,-25,10,-23,6,-23,6,-25,5,-27,2,-25,0,-23,0,-27,-2,-30,-3,-31,-2,-31,-1,-30,-3,-32,-5,-33,-7,-32,-5,-35,-10,-33,-6,-32,0,0,0,0,0,0,-36,12,-36,15,-31,13,-33,13,-33,16,-32,11,-31,16,-30,17,-30,15,-26,17,-23,18,-23,21,-23,25,-22,25,-21,20,-20,23,-17,25,-20,25,-20,26,-16,26,-13,26,-16,26,-10,27,-8,25,-8,27,-5,30,-7,30,-7,27,-8,31,-5,28,-7,28,-3,33,-3,31,-3,30,-2,31,0,28,2,28,2,30,2,30,2,31,1,30,-2,27,1,28,-1,30,-1,28,1,27,-2,27,0,25,-1,23,1,23,2,23,1,21,1,23,-1,20,-3,20,-2,20,-5,17,0,0,0,0,0,0,0,0,0,0]"""
1782031930993,2026-06-21T17:52:10.993,safe,posture,mhw,standing_still,t017,"CSI_DATA,534960,1a:00:00:00:00:00,-43,11,-99,17,28,11,516775693,47,2,256,0,""[0,0,0,0,0,0,0,0,0,0,0,0,-5,6,-5,6,-3,8,-3,6,-5,6,-6,7,-3,8,-6,10,-3,11,-6,10,-6,11,-6,12,-5,10,-6,12,-8,12,-8,13,-7,15,-10,13,-8,15,-5,16,-5,15,-6,18,-6,17,-8,18,-6,20,-6,18,-7,20,-7,22,-3,20,-5,22,-5,21,-2,22,-2,21,0,22,0,23,1,23,1,23,1,23,3,23,3,25,3,25,8,23,8,26,6,27,10,25,11,23,15,23,16,25,17,25,16,25,17,25,20,25,17,28,21,25,21,28,25,26,25,26,0,0,0,0,0,0,23,-23,27,-23,23,-26,25,-26,22,-27,25,-25,20,-26,20,-27,18,-27,17,-27,13,-27,13,-25,11,-31,12,-28,12,-27,10,-30,7,-31,10,-28,8,-30,3,-28,1,-31,6,-28,0,-28,0,-28,-1,-28,-2,-30,-1,-31,-3,-30,-5,-31,-6,-30,-3,-30,-5,-33,-8,-27,-8,-30,-6,-30,-10,-31,-7,-27,-10,-28,-8,-28,-11,-28,-8,-27,-6,-28,-8,-28,-7,-27,-7,-27,-8,-26,-6,-26,-5,-26,-5,-23,-6,-21,-7,-22,-6,-20,-5,-21,-2,-20,-1,-20,-1,-18,0,-20,0,0,0,0,0,0,0,0,0,0]"""
1782031931007,2026-06-21T17:52:11.007,safe,posture,mhw,standing_still,t017,"CSI_DATA,534961,1a:00:00:00:00:00,-43,11,-99,18,28,11,516786693,47,2,256,0,""[0,0,0,0,0,0,0,0,0,0,0,0,2,-7,1,-4,2,-8,3,-8,2,-9,3,-9,3,-8,3,-8,4,-11,4,-11,7,-12,4,-12,7,-12,7,-12,6,-11,11,-14,8,-13,12,-15,12,-13,11,-13,9,-14,11,-12,13,-14,13,-14,14,-13,15,-13,14,-14,12,-14,17,-15,14,-15,14,-17,14,-15,14,-18,14,-17,13,-18,13,-18,15,-19,15,-19,15,-18,15,-20,12,-19,15,-22,15,-20,13,-24,15,-22,14,-25,17,-25,12,-24,17,-24,15,-26,15,-26,17,-25,15,-26,23,-29,18,-26,17,-26,19,-28,0,0,0,0,0,0,-28,-18,-29,-23,-28,-19,-29,-18,-26,-20,-28,-18,-30,-22,-26,-22,-29,-20,-24,-20,-26,-18,-28,-15,-24,-18,-29,-17,-25,-17,-23,-17,-28,-17,-26,-14,-23,-13,-26,-19,-25,-14,-28,-14,-25,-14,-26,-13,-28,-14,-23,-14,-28,-14,-28,-12,-26,-15,-28,-12,-26,-14,-25,-11,-28,-18,-25,-15,-26,-14,-24,-15,-29,-14,-26,-18,-25,-17,-22,-17,-23,-19,-23,-19,-20,-19,-20,-18,-19,-17,-18,-19,-14,-20,-18,-18,-12,-19,-15,-20,-11,-19,-9,-18,-7,-19,-8,-19,-7,-19,-4,-17,-2,-18,0,0,0,0,0,0,0,0,0,0]"""
1782031931015,2026-06-21T17:52:11.015,safe,posture,mhw,standing_still,t017,"CSI_DATA,534962,1a:00:00:00:00:00,-43,11,-99,18,28,11,516797693,47,2,256,0,""[0,0,0,0,0,0,0,0,0,0,0,0,-4,7,-2,4,-4,8,-3,6,-6,7,-6,7,-4,7,-8,9,-6,8,-8,9,-7,9,-7,9,-9,11,-12,9,-11,8,-15,9,-11,9,-15,9,-12,8,-13,7,-18,7,-14,9,-19,11,-17,9,-18,9,-17,9,-19,9,-15,8,-23,8,-17,9,-20,8,-17,7,-19,11,-19,8,-19,12,-22,12,-22,11,-19,9,-22,11,-23,14,-19,13,-25,13,-20,11,-23,17,-15,12,-22,18,-23,14,-22,19,-24,15,-25,17,-25,14,-28,15,-26,15,-31,18,-28,17,-28,17,-31,19,0,0,0,0,0,0,14,31,18,36,12,26,17,30,15,36,11,26,14,35,12,30,13,35,9,26,12,26,13,30,14,28,18,30,11,26,12,26,15,26,14,28,12,23,17,31,14,25,14,29,15,23,13,23,17,28,14,25,17,30,14,24,15,26,15,26,15,28,15,24,15,31,12,26,14,28,9,24,13,26,11,28,12,28,8,29,8,30,6,28,6,29,6,30,4,28,1,31,-1,24,1,26,0,18,0,24,-3,23,0,22,-4,19,-6,22,-7,17,-7,18,-8,15,0,0,0,0,0,0,0,0,0,0]"""
1782031931028,2026-06-21T17:52:11.028,safe,posture,mhw,standing_still,t017,"CSI_DATA,534963,1a:00:00:00:00:00,-43,11,-99,18,28,11,516810081,47,2,256,0,""[0,0,0,0,0,0,0,0,0,0,0,0,-6,-4,-4,-3,-8,-4,-7,-4,-8,-7,-7,-4,-6,-4,-8,-8,-7,-7,-9,-8,-8,-8,-11,-9,-11,-9,-11,-12,-9,-11,-12,-13,-12,-8,-13,-12,-12,-9,-9,-12,-11,-15,-14,-13,-17,-15,-12,-12,-13,-14,-14,-13,-14,-17,-14,-12,-17,-17,-15,-13,-18,-14,-13,-11,-18,-12,-17,-12,-22,-12,-20,-13,-22,-13,-19,-12,-23,-12,-25,-12,-23,-8,-26,-11,-22,-8,-26,-7,-20,-7,-26,-6,-26,-7,-28,-2,-31,-3,-31,-6,-28,-7,-34,-6,-31,-4,-35,-4,-35,-4,-31,-4,-33,-1,0,0,0,0,0,0,-3,33,-1,41,0,28,1,34,0,39,-2,31,1,39,1,30,2,35,1,30,6,30,4,31,6,33,8,34,3,29,6,29,8,31,9,31,7,25,12,31,9,25,13,30,11,22,12,24,14,28,14,26,17,29,13,24,15,26,17,26,17,28,17,24,18,30,15,24,18,24,13,20,19,24,15,25,18,24,18,26,14,28,12,24,13,28,14,28,14,23,14,26,8,23,13,22,8,17,9,22,8,22,11,20,7,20,7,19,3,19,4,19,2,18,0,0,0,0,0,0,0,0,0,0]"""
1782031931037,2026-06-21T17:52:11.037,safe,posture,mhw,standing_still,t017,"CSI_DATA,534964,1a:00:00:00:00:00,-44,11,-99,18,28,11,516819693,47,2,256,0,""[0,0,0,0,0,0,0,0,0,0,0,0,-2,7,-2,6,-2,8,-2,7,-4,11,-3,8,-3,8,-4,9,-4,9,-7,12,-6,11,-7,11,-7,12,-9,11,-9,11,-12,13,-9,11,-15,11,-13,9,-11,8,-15,9,-15,12,-18,13,-15,11,-17,11,-18,12,-20,9,-17,9,-22,8,-18,9,-20,8,-17,7,-18,12,-19,11,-19,11,-19,13,-23,11,-22,8,-23,11,-23,14,-20,12,-26,11,-22,11,-24,12,-18,9,-25,15,-25,12,-23,18,-28,15,-29,14,-25,11,-28,11,-29,11,-31,15,-31,11,-29,12,-30,14,0,0,0,0,0,0,8,33,9,39,7,30,9,33,7,40,4,30,7,37,4,30,3,36,3,29,6,30,7,31,7,33,6,35,2,30,4,29,6,30,6,31,3,28,3,34,6,26,2,33,4,24,6,28,4,29,3,31,4,34,3,29,3,31,4,31,1,31,3,29,1,34,1,29,-1,30,0,24,0,31,-2,29,0,30,-2,29,-7,30,-8,28,-11,28,-11,29,-8,25,-12,28,-12,19,-13,24,-9,17,-11,20,-13,19,-11,19,-15,17,-14,14,-14,11,-15,9,-17,7,0,0,0,0,0,0,0,0,0,0]"""
1782031931048,2026-06-21T17:52:11.048,safe,posture,mhw,standing_still,t017,"CSI_DATA,534965,1a:00:00:00:00:00,-44,11,-99,18,28,11,516830693,47,2,256,0,""[0,0,0,0,0,0,0,0,0,0,0,0,2,-8,2,-6,3,-7,2,-9,3,-9,3,-8,4,-11,6,-7,7,-8,6,-12,8,-9,8,-11,9,-11,9,-12,9,-11,13,-11,13,-12,13,-12,14,-9,12,-11,13,-12,17,-8,18,-9,17,-9,19,-8,18,-9,18,-7,17,-9,22,-6,18,-7,19,-7,19,-7,23,-9,22,-7,19,-9,23,-7,22,-7,22,-8,24,-6,24,-9,22,-9,25,-7,24,-6,22,-12,23,-8,28,-11,26,-8,25,-12,28,-7,30,-9,29,-7,28,-6,29,-7,35,-4,34,-7,31,-7,34,-7,0,0,0,0,0,0,-2,-34,-1,-36,-2,-35,-3,-35,0,-36,0,-31,1,-36,3,-33,3,-34,4,-34,3,-33,3,-34,2,-30,1,-33,3,-31,1,-29,1,-30,2,-30,2,-26,6,-31,3,-29,3,-31,3,-29,3,-30,3,-31,3,-28,4,-29,3,-28,6,-30,4,-30,7,-30,3,-29,12,-30,9,-29,9,-29,11,-28,9,-31,13,-28,12,-29,15,-23,14,-26,17,-25,18,-22,18,-22,18,-20,20,-17,20,-15,18,-18,19,-12,22,-14,20,-11,19,-11,20,-7,19,-7,20,-4,18,-1,17,0,0,0,0,0,0,0,0,0,0,0]"""
1782031931058,2026-06-21T17:52:11.058,safe,posture,mhw,standing_still,t017,"CSI_DATA,534966,1a:00:00:00:00:00,-43,11,-99,18,28,11,516841693,47,2,256,0,""[0,0,0,0,0,0,0,0,0,0,0,0,-7,0,-7,0,-11,0,-7,-1,-9,1,-8,-1,-8,0,-11,-1,-11,0,-13,-1,-11,-2,-12,-3,-14,-2,-13,-4,-13,-3,-19,-3,-15,-2,-17,-6,-13,-3,-13,-3,-17,-8,-20,-2,-20,-6,-17,-6,-18,-7,-18,-7,-20,-7,-19,-7,-23,-8,-18,-6,-20,-7,-17,-4,-20,-3,-22,-3,-23,-3,-25,-2,-25,-6,-22,-6,-24,-6,-26,-3,-23,-2,-28,-2,-25,-4,-26,0,-19,-1,-25,1,-28,0,-26,3,-33,2,-31,2,-30,-2,-34,0,-31,1,-35,2,-34,1,-30,3,-31,3,0,0,0,0,0,0,-1,35,1,40,2,28,2,34,1,41,-2,30,2,36,1,31,1,36,1,28,3,28,4,31,6,34,6,34,0,29,4,31,6,29,6,31,6,29,8,34,8,26,7,31,8,22,8,25,11,28,12,29,12,31,8,26,9,29,11,29,11,31,12,28,11,31,9,28,11,29,7,24,12,26,9,29,12,30,9,30,7,29,2,26,3,29,3,29,3,26,3,29,0,23,2,26,0,19,1,23,0,22,2,22,-1,22,-4,23,-2,17,-7,18,-8,17,0,0,0,0,0,0,0,0,0,0]"""
1782031931071,2026-06-21T17:52:11.071,safe,posture,mhw,standing_still,t017,"CSI_DATA,534967,1a:00:00:00:00:00,-43,11,-99,18,28,11,516852693,47,2,256,0,""[0,0,0,0,0,0,0,0,0,0,0,0,-1,7,-1,6,-1,9,1,7,-2,9,-1,8,-1,9,0,12,-1,11,1,14,0,12,-1,13,-1,13,-1,14,-2,14,-2,17,0,17,-1,18,0,14,2,18,4,19,-1,19,1,22,-1,18,1,20,2,19,1,23,3,19,2,24,2,20,6,22,6,17,7,22,6,20,9,22,9,20,11,24,9,23,11,19,14,22,15,18,18,25,13,20,19,20,13,17,22,17,19,19,23,13,24,18,26,19,23,17,24,18,25,18,30,19,30,18,26,14,34,15,0,0,0,0,0,0,12,-33,14,-36,9,-26,12,-33,12,-39,11,-28,11,-34,9,-28,7,-35,6,-29,4,-30,3,-34,2,-31,-1,-34,1,-30,-1,-29,-3,-30,-3,-33,-4,-29,-7,-34,-6,-25,-7,-30,-7,-23,-9,-25,-11,-28,-13,-28,-14,-29,-14,-26,-12,-28,-18,-28,-18,-26,-17,-23,-17,-31,-14,-24,-18,-25,-14,-22,-20,-25,-18,-24,-20,-22,-18,-24,-19,-23,-15,-24,-14,-24,-17,-24,-15,-22,-15,-25,-11,-20,-17,-22,-12,-15,-13,-20,-12,-17,-13,-18,-12,-17,-11,-20,-7,-15,-6,-15,-4,-17,0,0,0,0,0,0,0,0,0,0]"""
1782031931081,2026-06-21T17:52:11.081,safe,posture,mhw,standing_still,t017,"CSI_DATA,534968,1a:00:00:00:00:00,-43,11,-99,18,28,11,516863693,47,2,256,0,""[0,0,0,0,0,0,0,0,0,0,0,0,-4,-3,-6,-4,-7,-6,-4,-6,-7,-4,-8,-6,-7,-7,-7,-6,-8,-7,-9,-7,-12,-8,-9,-8,-11,-8,-12,-7,-12,-8,-12,-11,-14,-11,-14,-8,-15,-11,-15,-12,-15,-12,-13,-11,-14,-12,-18,-9,-17,-11,-17,-9,-17,-8,-19,-8,-18,-11,-19,-9,-20,-8,-22,-11,-23,-7,-19,-8,-23,-7,-22,-6,-22,-6,-25,-2,-24,-4,-22,-1,-24,0,-24,1,-28,1,-28,1,-30,1,-28,2,-28,2,-28,4,-26,4,-30,6,-34,9,-29,7,-31,8,-34,8,-31,13,-33,12,-33,13,0,0,0,0,0,0,14,33,13,30,19,34,18,33,15,28,17,30,18,29,18,29,19,26,18,30,19,28,18,24,18,25,20,23,23,24,20,22,24,20,23,19,23,17,24,17,26,17,26,15,29,15,29,17,28,12,26,14,26,12,30,9,29,9,29,9,26,9,29,8,28,8,30,6,29,6,35,9,31,9,28,6,31,8,26,11,28,8,30,8,29,7,25,6,25,7,24,6,25,8,25,7,24,11,22,9,22,7,22,9,18,8,19,11,18,11,15,8,15,12,0,0,0,0,0,0,0,0,0,0]"""
1782031931092,2026-06-21T17:52:11.092,safe,posture,mhw,standing_still,t017,"CSI_DATA,534969,1a:00:00:00:00:00,-43,11,-99,19,28,11,516874693,47,2,256,0,""[0,0,0,0,0,0,0,0,0,0,0,0,2,7,2,7,2,8,3,5,3,7,2,9,2,9,4,10,2,10,4,11,4,14,4,11,5,11,4,15,5,11,3,16,5,15,7,17,4,17,5,16,7,15,7,17,7,19,8,19,4,19,9,20,8,19,8,19,8,21,9,19,10,17,10,21,14,21,11,20,14,17,13,17,15,16,15,19,16,20,19,16,19,15,17,19,19,16,23,14,22,16,26,16,23,15,27,13,24,14,27,14,28,14,24,15,28,16,29,16,32,14,32,13,32,14,0,0,0,0,0,0,11,-35,10,-33,8,-35,7,-34,9,-34,9,-32,8,-33,10,-33,5,-33,8,-32,4,-33,3,-32,4,-32,0,-32,0,-32,0,-30,0,-32,-4,-30,-2,-27,-2,-32,-5,-28,-5,-30,-5,-28,-8,-30,-10,-29,-7,-28,-9,-29,-11,-29,-9,-28,-11,-29,-10,-29,-15,-24,-13,-32,-13,-28,-14,-27,-11,-28,-15,-29,-11,-27,-14,-27,-10,-27,-13,-28,-11,-28,-9,-28,-10,-26,-10,-23,-8,-27,-7,-26,-10,-24,-5,-23,-8,-23,-5,-21,-4,-22,-2,-20,-4,-21,-2,-21,-1,-19,-1,-17,0,0,0,0,0,0,0,0,0,0]"""
1782031931103,2026-06-21T17:52:11.103,safe,posture,mhw,standing_still,t017,"CSI_DATA,534970,1a:00:00:00:00:00,-43,11,-99,14,29,11,516885693,47,2,256,0,""[0,0,0,0,0,0,0,0,0,0,0,0,-6,-3,-7,-6,-6,-3,-7,-4,-7,-4,-8,-6,-9,-6,-7,-4,-11,-7,-8,-8,-9,-7,-12,-8,-9,-8,-11,-9,-12,-11,-12,-9,-15,-8,-12,-12,-12,-12,-13,-8,-11,-11,-15,-11,-14,-13,-12,-12,-15,-13,-14,-12,-15,-14,-18,-14,-18,-11,-19,-12,-17,-12,-18,-12,-18,-11,-19,-9,-22,-11,-23,-9,-22,-8,-19,-8,-22,-9,-23,-7,-24,-9,-24,-4,-25,-4,-26,-4,-28,-6,-25,-2,-29,-2,-28,-2,-29,0,-31,-2,-30,0,-31,-2,-34,-2,-33,-2,-34,-1,-34,1,-33,2,0,0,0,0,0,0,2,36,2,36,3,34,2,34,3,34,2,36,4,31,3,35,4,33,4,33,6,31,4,29,11,31,8,30,6,30,8,30,12,29,9,29,9,30,14,25,17,26,13,26,13,25,15,24,14,25,20,25,15,26,15,24,17,26,18,23,17,24,20,28,18,23,20,22,19,23,19,26,19,23,20,23,19,25,19,24,19,24,14,24,18,24,17,24,17,25,15,20,13,23,12,22,12,22,11,19,12,20,9,20,9,20,7,18,7,18,3,19,3,19,0,0,0,0,0,0,0,0,0,0]"""
1782031931114,2026-06-21T17:52:11.114,safe,posture,mhw,standing_still,t017,"CSI_DATA,534971,1a:00:00:00:00:00,-43,11,-99,19,28,11,516896693,47,2,256,0,""[0,0,0,0,0,0,0,0,0,0,0,0,8,-4,7,-3,9,-3,9,-3,8,-2,9,-3,10,-4,11,-2,13,-2,10,-2,13,0,14,-1,14,0,16,0,15,1,16,1,16,1,17,1,15,0,17,1,20,0,20,2,19,3,17,7,19,7,19,4,21,8,21,8,20,7,20,5,19,9,20,7,20,7,21,7,22,7,23,5,22,8,21,8,21,8,26,10,26,9,23,7,24,7,26,9,23,8,24,5,27,8,29,7,30,9,30,9,27,11,32,13,34,14,30,14,33,13,30,14,33,13,0,0,0,0,0,0,20,-30,22,-30,20,-27,21,-28,21,-30,26,-24,21,-26,21,-27,22,-23,20,-23,20,-22,21,-23,20,-29,20,-26,21,-21,21,-24,20,-23,20,-23,22,-22,20,-24,17,-24,21,-21,15,-21,16,-22,19,-22,19,-27,20,-23,21,-21,22,-23,20,-23,23,-21,24,-21,22,-22,24,-21,24,-19,23,-21,21,-17,22,-19,24,-19,27,-17,26,-15,27,-10,27,-11,28,-10,27,-8,27,-8,24,-5,24,-3,22,-2,22,-2,22,-2,23,0,23,0,20,4,17,3,19,7,16,5,0,0,0,0,0,0,0,0,0,0]"""
1782031931125,2026-06-21T17:52:11.125,safe,posture,mhw,standing_still,t017,"CSI_DATA,534972,1a:00:00:00:00:00,-43,11,-99,18,28,11,516907693,47,2,256,0,""[0,0,0,0,0,0,0,0,0,0,0,0,-6,1,-7,0,-6,1,-8,1,-8,0,-9,1,-11,0,-8,-1,-13,2,-11,0,-13,0,-14,0,-13,0,-14,0,-17,-2,-14,0,-18,-2,-15,-1,-18,-2,-17,-1,-14,-3,-19,-2,-15,-3,-18,-3,-20,-2,-20,-1,-19,-3,-23,-3,-19,0,-23,-1,-19,-2,-26,-1,-22,-2,-22,0,-22,-1,-23,0,-19,0,-23,1,-23,2,-20,3,-26,2,-20,6,-26,7,-26,3,-31,6,-26,2,-26,8,-29,6,-26,7,-29,9,-30,12,-29,12,-34,12,-30,8,-30,14,-34,12,-33,11,0,0,0,0,0,0,11,35,11,29,12,36,11,35,11,29,14,36,11,26,13,34,12,28,12,34,12,33,9,28,14,29,11,26,14,28,17,25,17,25,15,24,15,30,14,20,20,24,15,23,19,26,18,26,17,23,19,25,17,23,22,22,22,24,23,20,18,23,22,26,18,17,23,22,18,22,24,28,18,26,19,24,17,25,17,24,17,23,19,24,18,22,17,22,13,24,14,19,14,24,9,23,13,25,7,20,8,22,3,22,7,20,6,20,3,20,4,18,2,20,0,0,0,0,0,0,0,0,0,0]"""
1782031931136,2026-06-21T17:52:11.136,safe,posture,mhw,standing_still,t017,"CSI_DATA,534973,1a:00:00:00:00:00,-43,11,-99,17,28,11,516918693,47,2,256,0,""[0,0,0,0,0,0,0,0,0,0,0,0,6,-1,7,0,6,-1,10,0,7,0,11,-1,11,1,8,2,12,1,10,2,15,2,13,2,15,2,13,2,15,5,12,1,18,2,16,1,20,3,18,7,17,6,17,3,17,6,21,5,20,7,18,5,18,5,21,6,17,3,22,3,20,5,27,5,21,7,22,5,22,6,22,3,20,2,23,0,25,1,21,0,26,2,22,-3,28,-2,27,0,35,0,26,1,30,-1,30,1,26,-3,30,-1,33,-6,30,-7,33,-2,32,-5,33,-8,36,-3,35,-3,0,0,0,0,0,0,-3,-35,-2,-31,-3,-41,-1,-35,-2,-26,-3,-37,-3,-30,-5,-39,-5,-28,-3,-37,-3,-35,-1,-28,-5,-31,-3,-28,-5,-32,-7,-30,-8,-30,-6,-27,-6,-31,-10,-25,-11,-30,-8,-26,-11,-33,-7,-31,-8,-27,-8,-27,-6,-23,-12,-27,-10,-28,-12,-27,-8,-26,-11,-31,-12,-21,-15,-27,-12,-27,-13,-36,-7,-30,-10,-28,-5,-30,-6,-28,-6,-25,-10,-28,-7,-27,-6,-25,-1,-27,-6,-22,-5,-26,-2,-23,0,-30,2,-23,1,-23,6,-20,2,-20,5,-18,5,-21,3,-20,8,-17,0,0,0,0,0,0,0,0,0,0]"""
1782031931149,2026-06-21T17:52:11.149,safe,posture,mhw,standing_still,t017,"CSI_DATA,534974,1a:00:00:00:00:00,-43,11,-99,17,28,11,516932240,47,2,256,0,""[0,0,0,0,0,0,0,0,0,0,0,0,6,5,5,2,7,5,6,3,10,3,8,5,8,3,11,3,10,5,11,5,13,3,11,3,12,5,12,5,12,3,16,8,15,5,17,6,16,7,17,7,21,6,15,7,21,6,18,6,17,6,18,6,20,6,18,3,22,7,20,3,22,5,21,3,23,2,22,1,23,-1,21,1,23,-1,25,-2,25,-2,25,-5,22,-6,27,-5,22,-5,26,-8,21,-6,26,-13,26,-10,23,-16,27,-11,28,-16,27,-15,27,-16,26,-16,28,-18,30,-21,26,-16,27,-21,0,0,0,0,0,0,-21,-25,-23,-27,-22,-23,-25,-22,-27,-28,-23,-21,-27,-25,-25,-21,-30,-20,-26,-18,-25,-18,-28,-17,-25,-16,-31,-13,-28,-15,-26,-11,-30,-10,-30,-10,-25,-7,-31,-11,-27,-6,-30,-6,-26,-3,-28,-2,-31,-2,-27,-3,-32,0,-30,1,-30,0,-31,5,-31,2,-27,5,-35,-1,-28,2,-28,3,-26,1,-32,6,-31,2,-30,7,-28,2,-30,5,-27,2,-28,2,-28,2,-27,5,-27,2,-23,0,-25,3,-22,1,-25,2,-23,1,-22,1,-21,0,-22,-1,-18,-1,-17,-2,-17,-2,0,0,0,0,0,0,0,0,0,0]"""
1782031931160,2026-06-21T17:52:11.160,safe,posture,mhw,standing_still,t017,"CSI_DATA,534975,1a:00:00:00:00:00,-43,11,-99,17,28,11,516940693,47,2,256,0,""[0,0,0,0,0,0,0,0,0,0,0,0,-6,3,-6,1,-8,2,-7,2,-10,2,-7,2,-8,3,-11,5,-10,3,-10,5,-11,5,-12,5,-13,5,-15,5,-13,5,-16,5,-15,5,-17,5,-13,3,-15,10,-16,10,-17,8,-18,8,-15,7,-18,7,-17,7,-18,8,-18,10,-21,10,-17,11,-18,11,-15,10,-16,13,-16,13,-17,17,-17,17,-17,17,-16,15,-17,17,-17,20,-15,20,-16,21,-16,18,-13,22,-12,18,-10,23,-11,23,-8,27,-8,30,-10,28,-12,26,-11,31,-12,31,-10,31,-12,33,-10,33,-8,35,0,0,0,0,0,0,32,8,40,8,28,5,35,3,41,5,32,6,35,5,32,3,36,3,28,1,30,-3,31,-2,35,-2,32,-3,30,-1,30,-3,30,-6,31,-6,28,-6,31,-7,26,-11,31,-11,23,-11,25,-12,26,-13,27,-17,30,-16,23,-13,27,-16,25,-18,27,-16,23,-18,28,-18,23,-17,26,-17,21,-15,23,-21,22,-18,21,-21,25,-22,25,-20,22,-15,25,-15,25,-17,23,-15,22,-15,20,-12,23,-15,17,-11,17,-11,18,-12,18,-15,18,-12,20,-10,16,-7,17,-7,17,-5,0,0,0,0,0,0,0,0,0,0]"""
1782031931171,2026-06-21T17:52:11.171,safe,posture,mhw,standing_still,t017,"CSI_DATA,534976,1a:00:00:00:00:00,-43,11,-99,17,28,11,516951693,47,2,256,0,""[0,0,0,0,0,0,0,0,0,0,0,0,3,-5,2,-7,2,-6,5,-6,3,-7,5,-10,6,-10,5,-10,5,-10,5,-10,6,-12,6,-11,6,-12,5,-12,7,-13,7,-12,7,-16,5,-15,10,-16,10,-18,5,-16,8,-15,7,-16,8,-18,10,-18,7,-18,7,-17,8,-18,7,-18,6,-20,5,-20,7,-25,7,-22,6,-21,6,-22,5,-20,3,-22,2,-26,5,-23,1,-22,1,-26,-1,-22,-3,-26,-3,-26,-2,-31,-2,-27,-3,-27,-3,-27,-5,-25,-5,-30,-11,-33,-10,-27,-10,-30,-7,-33,-15,-32,-12,-31,-11,-33,0,0,0,0,0,0,-31,12,-28,12,-32,17,-32,16,-26,12,-31,17,-28,15,-31,17,-25,16,-32,17,-28,18,-25,16,-27,17,-22,16,-25,20,-23,20,-22,21,-20,20,-22,22,-18,21,-18,26,-17,23,-21,27,-18,23,-16,26,-17,22,-16,22,-15,28,-15,27,-13,27,-13,23,-13,27,-11,26,-12,28,-11,26,-15,33,-15,27,-12,27,-15,27,-13,23,-13,23,-12,28,-15,25,-11,22,-12,22,-12,22,-12,25,-12,22,-16,23,-12,17,-13,17,-16,15,-13,13,-15,16,-15,15,-13,11,-15,12,0,0,0,0,0,0,0,0,0,0]"""
1782031931180,2026-06-21T17:52:11.180,safe,posture,mhw,standing_still,t017,"CSI_DATA,534977,1a:00:00:00:00:00,-43,11,-99,17,28,11,516962693,47,2,256,0,""[0,0,0,0,0,0,0,0,0,0,0,0,1,7,1,5,0,8,1,7,0,10,1,7,1,8,1,10,1,13,0,12,-1,11,0,13,-1,13,-2,13,-2,13,-2,16,-2,15,-5,16,-5,15,-2,20,-2,17,-7,20,-7,20,-8,16,-10,18,-7,18,-11,18,-10,17,-11,20,-10,17,-12,20,-8,18,-10,18,-10,18,-10,21,-10,22,-11,22,-12,20,-11,20,-13,25,-10,21,-12,25,-12,21,-12,26,-11,21,-10,26,-10,27,-8,27,-11,28,-15,28,-15,27,-16,28,-16,28,-17,31,-17,31,-15,28,-16,31,0,0,0,0,0,0,27,22,28,25,25,21,27,23,32,23,22,22,27,23,22,21,25,25,20,20,23,18,23,20,27,20,26,21,20,22,23,20,23,20,23,22,20,21,25,21,21,20,25,22,18,15,21,16,22,18,25,18,25,22,21,21,23,22,25,21,22,25,22,20,23,23,20,21,21,25,18,21,21,21,20,23,21,25,18,25,17,27,11,26,11,27,11,28,8,25,8,27,6,23,6,27,3,20,5,22,2,22,3,21,2,20,-2,22,-5,18,-5,18,-6,17,0,0,0,0,0,0,0,0,0,0]"""
1782031931192,2026-06-21T17:52:11.192,safe,posture,mhw,standing_still,t017,"CSI_DATA,534978,1a:00:00:00:00:00,-43,11,-99,17,28,11,516973693,47,2,256,0,""[0,0,0,0,0,0,0,0,0,0,0,0,2,-7,2,-6,3,-7,3,-6,3,-8,5,-7,3,-7,5,-8,7,-8,6,-11,6,-8,8,-8,8,-11,10,-12,8,-8,13,-11,13,-10,15,-11,12,-10,15,-10,20,-12,15,-10,17,-11,16,-10,18,-11,17,-8,17,-11,17,-8,22,-8,20,-8,18,-7,18,-8,21,-11,21,-8,20,-10,22,-10,22,-10,22,-8,23,-8,23,-12,22,-11,26,-8,23,-7,23,-13,21,-10,27,-13,26,-7,25,-13,28,-11,27,-10,26,-10,30,-10,30,-10,33,-10,32,-10,31,-7,32,-10,0,0,0,0,0,0,-5,-33,-5,-36,-6,-32,-5,-36,-5,-37,-1,-32,-3,-37,-1,-32,-1,-35,0,-32,-2,-31,-1,-32,2,-30,-3,-33,-1,-31,-1,-28,-2,-31,1,-30,-2,-27,0,-33,0,-30,-1,-32,-1,-27,0,-27,-1,-33,1,-27,-1,-31,-2,-30,2,-32,0,-31,1,-30,0,-30,6,-32,6,-30,3,-30,6,-27,5,-32,7,-28,6,-31,11,-27,11,-26,12,-26,15,-25,12,-25,12,-23,18,-22,17,-18,15,-20,16,-15,17,-17,18,-13,17,-13,18,-11,18,-10,17,-8,18,-6,18,-3,0,0,0,0,0,0,0,0,0,0]"""
1782031931201,2026-06-21T17:52:11.201,safe,posture,mhw,standing_still,t017,"CSI_DATA,534979,1a:00:00:00:00:00,-43,11,-99,18,28,11,516984693,47,2,256,0,""[0,0,0,0,0,0,0,0,0,0,0,0,6,0,8,0,7,0,9,0,8,0,11,1,9,1,9,2,12,3,9,4,12,2,13,3,12,6,13,6,15,7,12,4,14,4,15,8,17,9,15,13,15,12,14,13,13,12,17,12,15,13,14,13,12,14,13,18,13,12,15,15,12,17,18,19,12,18,14,17,13,20,14,18,14,17,17,17,15,17,15,17,14,20,18,15,18,18,14,20,19,26,12,22,17,23,14,24,17,22,17,26,22,25,19,23,19,30,15,28,20,28,18,33,17,31,0,0,0,0,0,0,36,-13,30,-8,36,-12,34,-9,29,-7,36,-8,28,-9,36,-8,30,-6,35,-7,33,-4,30,-2,33,-7,29,-3,33,-3,31,-6,31,-7,28,-6,33,-1,24,-4,31,-7,28,-2,31,-4,31,-2,26,0,30,-3,28,0,30,-3,31,-2,30,-2,29,-1,33,2,26,-2,31,-1,29,3,36,4,30,8,31,6,30,11,28,9,24,8,29,8,28,8,23,9,23,14,23,9,22,14,18,15,22,20,14,17,15,17,12,17,9,17,9,18,8,19,7,17,4,18,0,0,0,0,0,0,0,0,0,0]"""
1782031931213,2026-06-21T17:52:11.213,safe,posture,mhw,standing_still,t017,"CSI_DATA,534980,1a:00:00:00:00:00,-43,11,-99,18,28,11,516995693,47,2,256,0,""[0,0,0,0,0,0,0,0,0,0,0,0,3,7,2,7,2,7,3,7,4,8,3,8,2,9,3,9,4,11,6,9,7,12,6,12,7,12,8,13,7,13,7,14,9,14,8,14,11,14,9,15,13,15,9,14,12,15,12,15,12,15,12,15,13,14,13,13,14,17,14,14,15,14,17,14,19,14,18,13,20,12,18,12,20,12,22,8,23,12,22,8,22,7,26,8,23,9,26,1,25,6,28,6,28,4,26,0,26,1,31,1,33,0,30,0,33,-1,36,-2,34,-3,31,-3,34,-6,0,0,0,0,0,0,-8,-33,-11,-35,-12,-31,-14,-34,-12,-33,-13,-31,-14,-33,-13,-29,-17,-29,-13,-29,-18,-28,-18,-25,-15,-26,-20,-26,-20,-24,-20,-22,-23,-22,-22,-19,-23,-17,-23,-20,-24,-17,-28,-14,-25,-15,-26,-14,-28,-12,-24,-13,-28,-11,-29,-9,-28,-11,-30,-9,-29,-8,-28,-4,-29,-12,-29,-6,-29,-6,-30,-7,-33,-3,-29,-7,-30,-3,-29,-7,-29,-6,-28,-7,-28,-7,-26,-6,-26,-4,-25,-8,-25,-6,-26,-3,-23,-4,-24,-6,-22,-7,-22,-6,-20,-7,-22,-6,-18,-6,-17,-7,-15,-8,0,0,0,0,0,0,0,0,0,0]"""
1782031931223,2026-06-21T17:52:11.223,safe,posture,mhw,standing_still,t017,"CSI_DATA,534981,1a:00:00:00:00:00,-43,11,-99,18,28,11,517006770,47,2,256,0,""[0,0,0,0,0,0,0,0,0,0,0,0,0,6,-1,8,0,8,-1,9,-1,8,-2,11,-3,9,-4,11,-1,14,-2,11,-3,12,-3,14,-3,14,-4,14,-6,14,-4,14,-6,14,-6,14,-7,15,-8,18,-7,15,-6,18,-8,15,-8,15,-9,18,-9,18,-11,17,-12,19,-8,18,-8,19,-11,19,-11,22,-9,19,-9,20,-12,20,-8,20,-8,20,-9,22,-8,22,-9,22,-12,23,-3,24,-6,24,-11,24,-8,29,-7,24,-7,29,-8,26,-7,28,-7,30,-8,33,-6,33,-8,31,-8,31,-6,31,-11,35,-9,33,0,0,0,0,0,0,35,8,34,13,35,11,31,13,31,11,34,12,29,8,34,13,28,13,33,12,30,11,28,13,31,9,28,9,28,12,30,9,29,7,28,7,30,12,28,3,29,3,30,6,30,4,30,7,28,6,31,4,29,4,28,4,31,4,30,3,29,7,34,8,29,3,30,3,30,9,35,7,28,8,29,6,30,9,29,9,25,8,28,9,28,8,25,11,25,14,23,11,24,13,22,17,23,15,15,13,18,14,14,15,17,14,13,17,12,15,11,15,8,15,0,0,0,0,0,0,0,0,0,0]"""
1782031931235,2026-06-21T17:52:11.235,safe,posture,mhw,standing_still,t017,"CSI_DATA,534982,1a:00:00:00:00:00,-43,11,-99,18,28,11,517017693,47,2,256,0,""[0,0,0,0,0,0,0,0,0,0,0,0,6,0,8,0,7,0,7,0,9,1,9,1,11,0,11,1,12,0,13,1,12,2,14,1,14,1,15,2,17,3,15,1,17,0,17,2,18,1,14,0,15,2,22,-1,19,3,19,0,23,2,20,0,22,1,23,-1,22,0,22,-4,22,-1,23,-2,20,-3,22,-6,22,-6,24,-6,23,-6,22,-7,22,-6,24,-9,24,-9,22,-13,22,-14,23,-14,22,-14,20,-14,22,-19,24,-17,23,-20,23,-20,20,-20,24,-23,25,-24,23,-23,20,-25,23,-26,23,-26,0,0,0,0,0,0,-30,-23,-28,-22,-28,-20,-30,-22,-29,-20,-29,-24,-28,-17,-31,-17,-28,-17,-28,-17,-26,-13,-25,-13,-30,-13,-28,-13,-28,-13,-29,-12,-30,-8,-30,-8,-31,-9,-29,-3,-30,-2,-31,-6,-28,-3,-29,-1,-29,-1,-31,2,-29,0,-28,0,-31,1,-29,3,-33,1,-35,3,-29,4,-29,7,-31,3,-31,4,-29,4,-28,7,-31,6,-31,6,-29,3,-28,2,-28,2,-26,2,-29,1,-25,3,-26,1,-25,0,-24,0,-19,0,-22,0,-19,0,-24,1,-20,-1,-19,-1,-18,-2,-17,-3,0,0,0,0,0,0,0,0,0,0]"""
1782031931245,2026-06-21T17:52:11.245,safe,posture,mhw,standing_still,t017,"CSI_DATA,534983,1a:00:00:00:00:00,-43,11,-99,18,28,11,517028693,47,2,256,0,""[0,0,0,0,0,0,0,0,0,0,0,0,-6,3,-8,1,-6,2,-7,2,-7,3,-9,3,-9,2,-8,3,-11,4,-9,3,-11,3,-13,4,-13,4,-13,4,-17,4,-13,4,-14,6,-15,4,-17,6,-17,8,-18,6,-17,8,-17,6,-18,6,-19,4,-18,7,-20,6,-22,7,-15,9,-18,11,-20,8,-20,9,-19,9,-19,13,-20,12,-19,14,-18,13,-19,15,-17,14,-17,15,-20,17,-14,18,-17,20,-18,18,-18,23,-18,18,-17,24,-15,23,-17,26,-14,25,-17,29,-15,29,-15,30,-15,25,-13,31,-14,34,-14,31,0,0,0,0,0,0,33,17,33,14,36,12,30,15,30,12,33,14,31,8,35,12,30,9,34,11,31,8,29,9,33,6,28,6,29,6,31,3,30,2,30,2,33,3,28,-1,31,-3,33,1,30,-2,29,-2,26,-2,31,-6,29,-1,28,-7,30,-4,28,-7,29,-4,33,-6,25,-9,30,-9,29,-8,33,-9,28,-6,29,-11,30,-7,30,-8,26,-7,28,-7,29,-7,26,-6,28,-3,24,-7,26,-6,25,-3,26,-2,22,-1,24,-2,22,-1,22,-2,20,0,19,2,18,2,19,2,0,0,0,0,0,0,0,0,0,0]"""
1782031931256,2026-06-21T17:52:11.256,safe,posture,mhw,standing_still,t017,"CSI_DATA,534984,1a:00:00:00:00:00,-43,11,-99,15,29,11,517039693,47,2,256,0,""[0,0,0,0,0,0,0,0,0,0,0,0,8,-1,7,-1,9,-1,7,-1,9,0,9,0,10,-1,11,0,10,0,14,-1,13,0,11,1,14,1,16,0,14,1,17,5,14,4,17,5,14,3,16,5,23,7,16,7,20,8,17,7,20,9,19,9,19,10,16,7,20,14,19,9,19,11,16,11,21,9,21,11,20,10,21,10,22,11,21,13,21,11,23,11,21,9,23,15,22,14,24,11,19,11,28,10,22,14,27,9,26,14,28,15,26,15,24,16,26,19,30,20,28,19,26,17,30,19,0,0,0,0,0,0,20,-26,24,-28,19,-26,22,-27,26,-29,21,-20,27,-27,23,-22,27,-24,21,-21,21,-22,21,-26,21,-21,23,-26,21,-21,21,-21,22,-23,21,-22,20,-19,23,-22,20,-21,22,-22,20,-20,21,-21,22,-23,21,-19,23,-22,20,-22,23,-20,22,-22,22,-21,20,-20,29,-20,23,-16,24,-20,23,-16,26,-19,26,-16,24,-17,26,-13,28,-11,28,-9,29,-10,28,-9,26,-8,29,-5,24,-3,26,-5,20,0,24,-2,23,1,22,0,21,1,22,3,17,4,17,7,15,8,0,0,0,0,0,0,0,0,0,0]"""
1782031931267,2026-06-21T17:52:11.267,safe,posture,mhw,standing_still,t017,"CSI_DATA,534985,1a:00:00:00:00:00,-43,11,-99,23,27,11,517050693,47,2,256,0,""[0,0,0,0,0,0,0,0,0,0,0,0,-5,4,-7,3,-4,3,-8,3,-7,5,-10,4,-9,3,-9,3,-10,4,-10,3,-13,5,-11,5,-13,7,-11,5,-16,5,-14,5,-16,7,-15,7,-17,9,-21,4,-19,3,-17,5,-16,7,-19,9,-20,8,-20,9,-19,7,-21,7,-16,8,-21,10,-17,7,-24,11,-22,9,-22,9,-20,11,-19,10,-17,10,-19,14,-20,14,-16,13,-21,15,-16,16,-19,19,-20,17,-24,22,-22,15,-20,21,-21,19,-17,19,-17,21,-20,24,-19,23,-21,23,-22,24,-17,28,-23,29,-21,27,0,0,0,0,0,0,28,23,26,19,34,24,27,21,23,19,29,23,24,16,32,21,24,15,29,21,29,19,23,19,27,16,23,17,30,16,29,11,28,11,27,10,28,13,24,7,32,8,26,8,33,9,30,10,27,10,29,9,24,9,30,5,29,5,29,4,26,7,33,8,27,1,32,4,29,5,38,7,29,9,30,8,30,10,27,9,24,8,30,5,26,7,23,7,26,10,24,5,29,9,22,9,27,13,19,11,19,13,16,14,16,11,14,11,19,11,14,11,13,15,0,0,0,0,0,0,0,0,0,0]"""
1782031931280,2026-06-21T17:52:11.280,safe,posture,mhw,standing_still,t017,"CSI_DATA,534986,1a:00:00:00:00:00,-43,11,-99,15,29,11,517061693,47,2,256,0,""[0,0,0,0,0,0,0,0,0,0,0,0,8,-2,8,-2,5,-2,8,-1,8,-2,9,-1,13,-1,10,0,13,-2,10,0,14,-1,13,-1,14,-2,14,-2,14,-1,14,0,19,0,16,-1,20,0,21,-1,15,0,21,1,17,2,22,0,21,1,20,0,19,1,21,0,19,0,21,-2,21,0,27,-1,23,2,21,0,24,-1,21,-1,22,-4,24,-4,21,-4,20,-5,24,-3,24,-7,26,-8,26,-10,32,-8,27,-4,26,-9,28,-5,24,-5,28,-9,32,-14,27,-14,29,-11,33,-10,33,-14,33,-13,32,-13,0,0,0,0,0,0,-9,-32,-10,-28,-16,-36,-13,-34,-11,-28,-14,-35,-13,-28,-14,-33,-14,-26,-13,-34,-13,-34,-11,-27,-10,-27,-13,-27,-16,-28,-16,-26,-19,-26,-16,-23,-16,-24,-16,-22,-21,-23,-20,-22,-21,-27,-17,-27,-17,-22,-16,-22,-16,-21,-23,-21,-21,-22,-20,-21,-19,-21,-19,-23,-19,-19,-23,-22,-20,-23,-26,-28,-17,-27,-19,-24,-17,-26,-15,-23,-17,-23,-21,-23,-19,-22,-15,-19,-13,-23,-15,-21,-14,-22,-11,-23,-10,-26,-7,-23,-5,-21,-3,-20,-3,-20,-2,-22,-5,-20,-2,-17,0,-19,0,0,0,0,0,0,0,0,0,0]"""
1782031931290,2026-06-21T17:52:11.290,safe,posture,mhw,standing_still,t017,"CSI_DATA,534987,1a:00:00:00:00:00,-43,11,-99,17,28,11,517072693,47,2,256,0,""[0,0,0,0,0,0,0,0,0,0,0,0,3,-5,5,-5,5,-6,6,-7,3,-7,5,-7,3,-7,6,-8,5,-12,5,-11,5,-10,6,-12,6,-11,7,-12,7,-15,7,-15,7,-13,8,-15,7,-12,5,-16,6,-15,7,-18,8,-18,8,-16,8,-20,6,-20,8,-21,6,-20,7,-21,3,-21,3,-21,2,-20,1,-20,1,-21,-2,-21,-1,-26,-1,-25,0,-21,-1,-23,-3,-25,-5,-23,-7,-23,-7,-25,-10,-26,-10,-21,-13,-22,-13,-23,-15,-25,-17,-25,-16,-27,-16,-25,-18,-26,-17,-28,-18,-27,-21,-27,-22,-26,-23,-25,0,0,0,0,0,0,-23,25,-26,28,-20,23,-21,26,-22,30,-21,23,-21,30,-18,27,-20,30,-15,25,-12,26,-12,28,-11,32,-11,31,-13,25,-11,30,-7,31,-7,30,-8,30,-3,32,-1,28,-2,32,0,25,1,27,2,28,6,31,3,32,1,26,3,32,6,30,5,32,7,30,6,32,10,28,7,30,8,25,10,27,10,28,12,27,11,30,8,30,6,27,8,27,7,28,7,28,8,27,6,26,7,23,5,18,6,21,6,22,6,21,6,21,3,22,2,17,0,20,1,20,0,0,0,0,0,0,0,0,0,0]"""
1782031931299,2026-06-21T17:52:11.299,safe,posture,mhw,standing_still,t017,"CSI_DATA,534988,1a:00:00:00:00:00,-43,11,-99,17,28,11,517083693,47,2,256,0,""[0,0,0,0,0,0,0,0,0,0,0,0,2,6,5,6,3,7,2,7,2,10,2,8,3,8,2,12,3,11,3,12,0,12,2,13,2,15,3,16,1,13,2,18,2,15,1,18,1,16,1,18,0,21,0,18,1,22,0,18,-1,21,-1,20,-1,20,0,21,-2,25,-1,20,-2,23,1,18,1,21,0,22,1,22,3,23,2,25,0,22,1,26,2,27,2,23,2,27,1,25,3,28,2,20,6,28,6,28,7,28,6,31,7,30,3,27,3,31,5,31,7,35,3,31,5,32,7,32,0,0,0,0,0,0,31,-2,40,-5,31,-3,35,-3,40,-3,31,-1,39,-2,30,-2,36,0,27,-2,28,-5,32,-5,33,-5,33,-7,30,-2,30,-5,31,-7,32,-5,27,-3,35,-5,27,-7,31,-5,23,-6,27,-8,28,-8,28,-8,32,-8,28,-7,31,-7,30,-8,31,-6,28,-6,33,-7,27,-5,30,-6,26,-5,28,-7,30,-5,30,-6,31,-3,32,-2,28,0,30,1,30,2,26,1,28,3,23,3,25,3,18,5,22,3,21,5,21,5,20,8,21,10,15,10,16,10,13,12,0,0,0,0,0,0,0,0,0,0]"""
1782031931312,2026-06-21T17:52:11.312,safe,posture,mhw,standing_still,t017,"CSI_DATA,534989,1a:00:00:00:00:00,-43,11,-99,14,29,11,517094693,47,2,256,0,""[0,0,0,0,0,0,0,0,0,0,0,0,6,-4,3,-4,6,-6,6,-7,8,-6,7,-4,4,-7,7,-9,8,-8,9,-9,8,-8,9,-11,9,-9,12,-9,11,-9,12,-13,12,-9,14,-12,13,-11,8,-12,9,-13,12,-14,13,-15,13,-13,14,-14,14,-14,17,-14,13,-15,15,-18,12,-15,13,-18,9,-17,9,-18,9,-19,11,-22,8,-23,9,-23,11,-20,9,-23,9,-24,8,-24,8,-26,7,-24,4,-26,2,-20,1,-28,2,-28,-3,-28,-1,-31,0,-33,1,-29,1,-34,-1,-33,-1,-34,0,-34,-3,-30,-3,-33,0,0,0,0,0,0,-35,6,-39,6,-30,7,-34,8,-39,8,-30,4,-35,8,-29,9,-35,8,-28,8,-28,12,-28,13,-31,17,-31,15,-26,11,-28,13,-28,15,-29,17,-25,17,-26,19,-20,19,-25,18,-18,17,-18,20,-20,22,-19,24,-22,24,-19,20,-22,24,-18,25,-22,24,-19,25,-22,26,-18,23,-19,25,-15,22,-14,25,-15,25,-14,28,-17,26,-18,25,-18,20,-18,23,-20,22,-17,22,-18,20,-17,17,-18,22,-13,14,-12,17,-15,17,-13,18,-17,17,-15,14,-17,9,-15,11,-15,8,0,0,0,0,0,0,0,0,0,0]"""
1782031931322,2026-06-21T17:52:11.322,safe,posture,mhw,standing_still,t017,"CSI_DATA,534990,1a:00:00:00:00:00,-43,11,-99,18,28,11,517105693,47,2,256,0,""[0,0,0,0,0,0,0,0,0,0,0,0,1,7,0,6,-1,8,0,8,-2,8,0,9,-1,9,-3,12,-4,12,-3,12,-4,12,-3,13,-4,12,-4,12,-6,12,-9,15,-7,13,-9,14,-8,12,-9,14,-11,18,-11,12,-12,18,-11,14,-11,14,-13,14,-13,15,-12,15,-17,15,-14,13,-15,17,-13,14,-13,17,-13,15,-13,17,-15,19,-15,17,-17,18,-17,19,-14,22,-13,18,-19,20,-18,17,-17,23,-14,15,-15,24,-17,19,-14,25,-20,24,-19,25,-19,22,-20,22,-20,23,-24,26,-22,23,-22,24,-20,25,0,0,0,0,0,0,22,25,28,28,20,22,24,26,25,29,19,25,24,30,19,25,22,29,17,25,18,25,22,25,18,25,24,25,19,23,18,23,20,24,20,23,18,23,20,26,18,20,20,23,17,19,17,22,22,24,18,23,23,24,19,20,20,24,20,22,19,24,19,22,19,29,15,24,18,24,13,24,17,28,13,25,17,25,13,26,12,28,9,26,11,28,8,30,8,25,4,29,2,25,4,25,1,20,2,24,0,23,1,22,-1,23,-3,23,-4,18,-4,18,-7,18,0,0,0,0,0,0,0,0,0,0]"""
1782031931335,2026-06-21T17:52:11.335,safe,posture,mhw,standing_still,t017,"CSI_DATA,534991,1a:00:00:00:00:00,-43,11,-99,14,29,11,517116693,47,2,256,0,""[0,0,0,0,0,0,0,0,0,0,0,0,6,-2,4,-2,8,-4,7,-3,9,-3,8,-2,8,-3,9,-6,9,-4,12,-6,12,-6,11,-6,13,-4,13,-6,12,-4,15,-4,14,-4,17,-6,17,-6,17,-4,17,-6,17,-7,19,-7,19,-4,19,-6,18,-7,18,-7,17,-7,22,-7,19,-6,20,-8,18,-7,22,-12,20,-11,19,-13,19,-11,20,-13,20,-11,20,-14,19,-17,17,-15,20,-15,19,-15,18,-20,15,-15,17,-24,19,-19,15,-25,19,-22,20,-24,22,-23,19,-24,20,-25,22,-30,20,-26,20,-26,18,-29,0,0,0,0,0,0,-28,-19,-31,-20,-29,-15,-30,-15,-33,-19,-25,-18,-33,-19,-26,-14,-31,-17,-28,-14,-28,-14,-31,-11,-26,-12,-31,-13,-29,-9,-28,-8,-31,-8,-29,-8,-24,-7,-31,-11,-29,-7,-31,-6,-28,-3,-29,-2,-34,-3,-26,-3,-34,-1,-30,-1,-30,-2,-31,0,-31,-1,-29,2,-35,-3,-31,-1,-29,0,-28,-1,-34,2,-30,-1,-30,2,-30,-1,-31,-2,-29,-4,-28,-4,-28,-4,-25,-3,-28,-8,-23,-7,-26,-4,-22,-6,-24,-6,-22,-6,-23,-4,-18,-8,-19,-9,-17,-8,-15,-7,-15,-11,0,0,0,0,0,0,0,0,0,0]"""
1782031931343,2026-06-21T17:52:11.343,safe,posture,mhw,standing_still,t017,"CSI_DATA,534992,1a:00:00:00:00:00,-43,11,-99,18,28,11,517127693,47,2,256,0,""[0,0,0,0,0,0,0,0,0,0,0,0,7,2,8,2,8,2,7,3,6,3,8,6,11,6,9,4,8,6,9,7,12,6,9,9,11,8,12,9,9,9,9,11,12,13,12,12,9,14,11,14,11,12,9,17,9,17,11,17,8,18,9,18,8,18,9,18,7,19,9,19,9,20,8,23,8,23,7,20,7,20,7,20,8,20,11,22,7,23,9,22,9,23,9,22,9,24,11,25,11,28,8,28,8,26,8,28,9,26,9,29,9,31,8,29,8,33,6,34,9,34,6,34,8,34,0,0,0,0,0,0,33,-7,34,-2,37,-3,35,-2,31,0,36,-1,31,0,35,1,33,0,34,3,35,1,30,1,29,4,31,3,31,2,29,2,31,1,29,1,30,2,30,3,30,2,30,2,31,3,31,4,30,3,26,4,29,3,31,2,30,6,30,4,28,4,30,4,28,8,30,7,28,8,35,13,31,12,28,12,28,12,25,14,25,14,28,15,24,18,22,17,22,17,19,18,19,19,18,19,17,20,14,22,11,19,9,19,7,19,8,20,4,20,2,18,2,19,0,0,0,0,0,0,0,0,0,0]"""
1782031931357,2026-06-21T17:52:11.357,safe,posture,mhw,standing_still,t017,"CSI_DATA,534993,1a:00:00:00:00:00,-43,11,-99,18,28,11,517138693,47,2,256,0,""[0,0,0,0,0,0,0,0,0,0,0,0,-4,-6,-3,-6,-3,-4,-2,-7,-3,-7,-2,-8,-2,-8,-2,-9,-4,-11,-2,-11,-2,-12,-3,-14,-3,-13,-3,-14,-3,-15,-3,-14,-4,-17,-2,-15,-2,-17,-4,-17,-3,-17,-2,-18,-1,-18,-2,-19,-2,-20,-2,-19,0,-19,0,-23,-2,-18,-6,-20,-1,-20,-4,-24,-3,-23,-6,-22,-6,-22,-3,-22,-6,-20,-8,-22,-9,-22,-8,-22,-6,-24,-11,-20,-12,-23,-9,-23,-12,-25,-8,-23,-14,-23,-11,-25,-14,-25,-15,-28,-17,-28,-18,-25,-15,-30,-14,-26,-19,-25,-18,-29,-18,-29,0,0,0,0,0,0,-33,18,-30,15,-34,18,-30,17,-26,15,-31,15,-24,15,-30,19,-25,17,-30,17,-28,19,-26,15,-25,20,-25,15,-28,17,-25,18,-23,19,-23,19,-28,18,-19,20,-19,22,-22,19,-22,22,-22,20,-23,18,-20,24,-19,19,-19,23,-20,23,-19,22,-20,20,-24,23,-17,22,-18,25,-20,22,-23,26,-23,20,-20,23,-24,20,-23,22,-20,18,-22,20,-22,19,-22,17,-23,14,-19,15,-22,15,-23,12,-24,13,-19,7,-22,11,-19,7,-19,8,-19,4,-19,4,-17,3,-20,2,0,0,0,0,0,0,0,0,0,0]"""
1782031931368,2026-06-21T17:52:11.368,safe,posture,mhw,standing_still,t017,"CSI_DATA,534994,1a:00:00:00:00:00,-43,11,-99,19,28,11,517149693,47,2,256,0,""[0,0,0,0,0,0,0,0,0,0,0,0,-2,5,-3,7,-3,7,-5,9,-2,7,-4,8,-5,8,-4,8,-5,9,-7,10,-8,11,-7,11,-7,11,-9,11,-9,11,-13,10,-13,11,-10,13,-14,13,-13,14,-10,13,-14,10,-14,14,-14,14,-14,13,-15,14,-16,13,-14,14,-15,13,-16,15,-15,14,-19,14,-17,15,-17,16,-16,16,-16,15,-16,17,-15,20,-15,19,-15,21,-14,20,-16,20,-16,21,-15,21,-19,22,-17,23,-17,22,-15,24,-20,23,-17,24,-19,27,-17,24,-20,26,-20,27,-20,29,-19,29,-17,29,0,0,0,0,0,0,26,22,30,20,32,21,26,22,27,19,28,23,26,21,27,23,26,19,27,21,26,20,27,17,22,19,27,16,27,15,27,15,29,15,27,13,26,13,26,17,28,14,26,15,27,14,28,15,28,13,24,15,27,11,29,9,28,11,30,10,27,10,28,10,27,14,28,13,27,11,29,16,28,15,27,15,26,14,23,16,24,14,27,15,26,16,22,16,22,15,20,17,19,19,19,17,16,17,15,20,14,17,14,19,10,20,10,17,13,17,9,16,7,17,0,0,0,0,0,0,0,0,0,0]"""
1782031931379,2026-06-21T17:52:11.379,safe,posture,mhw,standing_still,t017,"CSI_DATA,534995,1a:00:00:00:00:00,-43,11,-99,18,28,11,517160693,47,2,256,0,""[0,0,0,0,0,0,0,0,0,0,0,0,4,4,3,4,7,7,6,4,7,6,7,7,6,6,7,7,8,8,11,9,8,8,9,7,11,8,13,11,9,9,13,12,12,9,12,13,12,11,12,9,14,9,15,12,17,13,17,13,15,13,15,11,18,14,17,12,19,14,17,11,19,11,17,8,20,8,20,7,23,7,23,8,24,6,22,8,24,4,28,6,23,2,28,6,26,2,28,2,20,2,28,-1,29,-2,26,-4,30,-3,33,-3,29,-2,31,-4,33,-4,35,-7,33,-7,30,-7,35,-11,0,0,0,0,0,0,-12,-33,-11,-36,-8,-26,-13,-30,-14,-36,-9,-30,-14,-35,-13,-28,-14,-33,-14,-25,-17,-25,-19,-25,-19,-26,-22,-26,-15,-25,-20,-24,-23,-22,-22,-25,-20,-19,-24,-24,-22,-17,-24,-19,-22,-12,-24,-14,-26,-15,-25,-13,-28,-15,-25,-14,-28,-12,-29,-11,-29,-12,-28,-9,-33,-14,-26,-8,-28,-12,-24,-8,-31,-8,-29,-11,-29,-7,-29,-9,-29,-9,-23,-12,-28,-12,-28,-11,-23,-9,-26,-13,-22,-12,-24,-11,-18,-8,-20,-9,-20,-9,-20,-8,-20,-11,-19,-11,-14,-9,-14,-11,-14,-11,0,0,0,0,0,0,0,0,0,0]"""
1782031931390,2026-06-21T17:52:11.390,safe,posture,mhw,standing_still,t017,"CSI_DATA,534996,1a:00:00:00:00:00,-43,11,-99,14,29,11,517171693,47,2,256,0,""[0,0,0,0,0,0,0,0,0,0,0,0,-6,3,-6,2,-7,4,-8,3,-8,3,-8,4,-8,3,-9,3,-9,3,-12,3,-14,2,-13,2,-13,2,-15,1,-12,1,-18,1,-15,2,-15,1,-15,-1,-18,1,-22,1,-19,-1,-22,1,-18,0,-18,-1,-20,-1,-20,-2,-20,-1,-24,-3,-19,-2,-22,-3,-18,-2,-22,-1,-22,-2,-22,-1,-24,-1,-25,0,-24,-2,-24,-2,-26,-1,-24,1,-29,-2,-24,-1,-26,2,-19,0,-28,4,-29,-1,-29,4,-31,2,-33,0,-26,0,-31,0,-31,0,-36,0,-33,-1,-30,-1,-34,1,0,0,0,0,0,0,-2,33,-3,40,-3,29,-2,35,-4,39,-6,29,-6,37,-6,31,-6,36,-6,28,-3,30,-3,33,-2,31,-2,35,-4,29,-3,29,-2,31,-3,33,-3,28,-3,35,0,28,-1,33,-1,24,-1,26,-2,33,-1,30,-1,34,-2,29,-3,30,-1,33,-3,31,-1,29,-6,34,-3,29,-4,31,-4,25,-3,33,-6,29,-4,29,-8,29,-11,31,-11,26,-12,29,-12,28,-11,24,-14,25,-13,19,-13,24,-11,14,-13,19,-15,15,-13,17,-15,17,-17,13,-14,9,-15,8,-18,7,0,0,0,0,0,0,0,0,0,0]"""
1782031931399,2026-06-21T17:52:11.399,safe,posture,mhw,standing_still,t017,"CSI_DATA,534997,1a:00:00:00:00:00,-43,11,-99,14,29,11,517183219,47,2,256,0,""[0,0,0,0,0,0,0,0,0,0,0,0,6,4,3,3,4,6,3,6,6,8,4,7,6,8,6,11,4,9,6,11,7,12,6,13,6,13,6,14,3,12,6,17,6,14,4,17,2,15,1,17,1,19,2,17,3,22,2,18,1,20,2,20,1,22,1,19,0,23,1,20,1,23,-1,19,1,22,0,24,2,24,1,24,0,24,0,23,0,25,2,28,3,24,1,29,-1,24,4,28,1,20,2,29,0,28,7,29,1,31,2,33,0,28,2,30,0,31,-1,36,1,34,0,31,2,36,0,0,0,0,0,0,35,4,39,1,29,2,34,3,40,4,30,6,37,7,31,4,36,6,28,6,30,4,33,4,33,4,34,4,29,7,29,3,31,2,31,4,25,4,34,4,28,1,33,4,25,2,28,3,31,6,30,3,33,3,28,3,31,6,31,3,31,6,29,4,35,9,28,6,31,7,25,7,30,7,30,9,29,9,26,13,30,14,24,15,24,17,26,15,22,14,23,19,17,17,20,17,13,14,17,17,13,17,13,18,13,17,11,19,7,17,4,18,4,18,0,0,0,0,0,0,0,0,0,0]"""
1782031931411,2026-06-21T17:52:11.411,safe,posture,mhw,standing_still,t017,"CSI_DATA,534998,1a:00:00:00:00:00,-43,11,-99,18,28,11,517193693,47,2,256,0,""[0,0,0,0,0,0,0,0,0,0,0,0,-4,7,-2,6,-3,6,-6,7,-4,7,-7,8,-8,8,-7,8,-8,6,-8,8,-11,9,-9,8,-11,8,-11,8,-11,7,-15,7,-14,7,-14,8,-15,4,-15,8,-15,9,-17,3,-18,6,-18,6,-19,6,-20,6,-18,4,-19,6,-20,3,-20,3,-22,3,-22,4,-23,3,-22,3,-20,4,-23,3,-23,4,-23,6,-24,6,-24,4,-25,7,-25,4,-25,4,-25,7,-25,3,-28,8,-28,6,-28,6,-29,3,-28,4,-31,6,-29,4,-33,3,-33,4,-35,3,-36,3,-35,4,0,0,0,0,0,0,-2,35,0,37,0,36,-2,36,-1,34,-2,34,-3,35,-4,33,-4,34,-4,34,-3,33,-3,33,-6,30,-2,31,-2,31,-2,30,0,30,-3,29,-3,29,-6,29,-4,30,-2,29,-4,30,-4,30,-3,29,-6,28,-3,30,-3,30,-6,30,-4,30,-4,30,-7,30,-9,29,-8,30,-7,30,-11,29,-12,30,-12,26,-13,28,-14,23,-13,24,-14,26,-17,25,-15,22,-17,23,-19,18,-20,17,-18,18,-20,13,-20,14,-19,12,-18,12,-19,7,-18,8,-19,6,-18,6,-18,3,0,0,0,0,0,0,0,0,0,0]"""
1782031931423,2026-06-21T17:52:11.423,safe,posture,mhw,standing_still,t017,"CSI_DATA,534999,1a:00:00:00:00:00,-43,11,-99,18,28,11,517204693,47,2,256,0,""[0,0,0,0,0,0,0,0,0,0,0,0,2,-8,4,-7,3,-6,3,-6,4,-6,6,-7,8,-9,7,-6,6,-9,7,-7,9,-9,8,-11,8,-12,9,-12,12,-13,8,-9,13,-13,12,-12,11,-13,12,-13,11,-14,13,-14,13,-12,13,-13,13,-14,13,-15,13,-14,17,-18,11,-13,13,-17,13,-14,13,-20,14,-15,12,-17,15,-17,14,-20,12,-17,12,-20,11,-22,9,-19,15,-22,6,-23,9,-26,12,-23,13,-30,12,-23,8,-26,11,-26,8,-26,8,-29,6,-33,6,-30,11,-33,8,-30,7,-35,7,-35,11,-33,0,0,0,0,0,0,-35,-12,-30,-11,-39,-7,-34,-8,-30,-7,-35,-12,-28,-6,-35,-7,-30,-7,-35,-8,-33,-6,-28,-7,-33,-3,-29,-6,-30,-4,-31,-1,-31,0,-29,-1,-33,-2,-26,2,-31,2,-29,0,-33,2,-30,0,-29,1,-31,2,-28,1,-26,4,-31,3,-29,4,-26,1,-35,1,-25,7,-31,7,-30,2,-35,4,-29,0,-28,3,-31,2,-29,1,-26,1,-30,3,-29,1,-25,0,-29,-2,-24,2,-26,0,-24,-3,-28,-6,-20,-4,-24,-4,-19,-7,-20,-4,-18,-7,-19,-6,-17,-7,-17,-8,0,0,0,0,0,0,0,0,0,0]"""
1782031931432,2026-06-21T17:52:11.432,safe,posture,mhw,standing_still,t017,"CSI_DATA,535000,1a:00:00:00:00:00,-43,11,-99,18,28,11,517215693,47,2,256,0,""[0,0,0,0,0,0,0,0,0,0,0,0,-7,1,-7,1,-7,1,-7,2,-8,1,-8,1,-9,1,-11,0,-13,1,-12,0,-13,-2,-13,-1,-14,0,-14,-1,-13,-1,-18,-1,-15,-1,-15,-3,-17,-1,-15,-6,-19,-4,-19,-1,-20,-3,-18,-3,-22,-2,-20,-3,-19,-4,-23,-3,-22,-3,-20,-2,-22,-3,-19,-3,-22,-1,-22,0,-22,0,-24,-1,-23,-1,-23,-1,-25,0,-26,0,-25,0,-28,0,-26,1,-28,1,-22,2,-24,3,-26,4,-28,6,-30,6,-31,6,-28,4,-34,7,-34,6,-33,6,-33,4,-34,6,-33,8,0,0,0,0,0,0,6,35,6,37,6,29,6,36,6,39,2,31,4,35,4,31,4,35,4,29,7,26,7,33,9,33,8,33,4,30,7,31,9,29,11,30,9,30,12,29,13,25,12,31,11,23,12,25,11,25,15,29,14,28,12,24,13,29,15,28,13,29,14,28,14,29,14,26,12,28,12,24,13,28,13,26,13,26,13,30,9,29,8,28,8,28,7,29,6,28,7,28,3,24,4,25,2,20,3,23,2,23,2,23,1,23,-1,20,-2,19,-4,19,-6,19,0,0,0,0,0,0,0,0,0,0]"""
1782031931445,2026-06-21T17:52:11.445,safe,posture,mhw,standing_still,t017,"CSI_DATA,535001,1a:00:00:00:00:00,-43,11,-99,18,28,11,517226693,47,2,256,0,""[0,0,0,0,0,0,0,0,0,0,0,0,6,-4,7,-3,4,-3,7,-4,6,-4,8,-4,7,-4,9,-4,11,-6,11,-6,11,-3,14,-4,12,-6,15,-4,15,-6,14,-6,17,-6,15,-4,14,-3,15,-6,14,-6,19,-4,19,-4,17,-2,20,-3,19,-3,19,-2,24,-6,20,-4,19,-6,20,-4,20,-6,19,-7,19,-7,23,-7,23,-8,23,-6,22,-6,23,-8,24,-9,25,-8,23,-13,23,-12,24,-12,22,-12,24,-13,24,-14,24,-13,25,-14,28,-13,25,-15,29,-17,31,-14,29,-14,30,-17,29,-17,30,-15,0,0,0,0,0,0,-18,-34,-14,-31,-15,-28,-14,-30,-15,-33,-12,-33,-15,-29,-15,-31,-12,-30,-12,-30,-17,-28,-12,-29,-18,-29,-15,-28,-12,-28,-14,-28,-15,-25,-14,-26,-14,-29,-17,-24,-18,-25,-17,-28,-15,-20,-15,-22,-15,-23,-22,-24,-18,-23,-15,-22,-19,-24,-19,-24,-15,-26,-19,-26,-19,-24,-19,-24,-17,-24,-17,-24,-15,-23,-18,-24,-14,-24,-15,-28,-14,-26,-11,-25,-12,-26,-11,-26,-11,-26,-9,-23,-8,-25,-6,-25,-3,-24,-3,-22,-3,-22,-2,-20,-3,-22,1,-22,2,-19,3,-19,4,-18,0,0,0,0,0,0,0,0,0,0]"""
1782031931467,2026-06-21T17:52:11.467,safe,posture,mhw,standing_still,t017,"CSI_DATA,535003,1a:00:00:00:00:00,-43,11,-99,14,29,11,517248693,47,2,256,0,""[0,0,0,0,0,0,0,0,0,0,0,0,3,-7,2,-7,4,-7,4,-8,4,-7,6,-9,8,-8,6,-7,7,-9,6,-8,9,-12,8,-12,9,-9,9,-11,12,-9,11,-9,12,-12,12,-12,14,-12,18,-9,17,-9,14,-8,15,-8,17,-13,17,-12,17,-12,15,-11,19,-9,17,-9,17,-12,18,-12,23,-13,23,-8,19,-9,20,-11,19,-9,19,-11,22,-15,19,-14,18,-13,20,-12,18,-15,22,-15,22,-18,26,-18,24,-15,23,-17,26,-14,22,-15,25,-18,28,-24,23,-17,28,-19,29,-17,26,-20,29,-19,31,-18,0,0,0,0,0,0,-15,-29,-17,-26,-20,-34,-15,-31,-13,-26,-15,-31,-14,-28,-17,-31,-14,-28,-14,-33,-13,-33,-11,-28,-11,-26,-11,-26,-15,-29,-14,-25,-15,-26,-14,-25,-12,-25,-13,-23,-15,-24,-15,-24,-15,-28,-15,-29,-12,-26,-11,-25,-13,-25,-18,-28,-13,-25,-15,-26,-13,-23,-13,-26,-13,-26,-15,-25,-13,-26,-13,-34,-9,-30,-8,-30,-7,-30,-6,-26,-7,-26,-8,-30,-6,-28,-6,-25,-3,-25,-3,-26,-3,-26,-1,-26,2,-29,6,-23,3,-23,6,-20,6,-19,8,-22,6,-20,7,-15,8,-15,0,0,0,0,0,0,0,0,0,0]"""
1782031931479,2026-06-21T17:52:11.479,safe,posture,mhw,standing_still,t017,"CSI_DATA,535004,1a:00:00:00:00:00,-43,11,-99,19,28,11,517259693,47,2,256,0,""[0,0,0,0,0,0,0,0,0,0,0,0,-7,2,-7,2,-8,0,-7,0,-10,1,-8,0,-9,1,-10,1,-11,0,-13,0,-13,-1,-14,-2,-14,-3,-14,-2,-14,-3,-16,-4,-15,-4,-17,-5,-15,-5,-15,-7,-19,-8,-19,-7,-20,-9,-15,-8,-17,-9,-17,-9,-19,-11,-19,-9,-20,-11,-17,-10,-16,-11,-16,-10,-17,-10,-19,-11,-20,-10,-22,-10,-21,-11,-20,-13,-20,-13,-22,-13,-23,-10,-23,-14,-22,-13,-26,-15,-20,-10,-23,-10,-24,-14,-27,-11,-27,-13,-28,-15,-24,-16,-28,-19,-29,-17,-28,-19,-27,-19,-27,-16,-27,-19,0,0,0,0,0,0,-22,28,-24,29,-17,24,-23,27,-27,29,-21,21,-24,27,-21,22,-26,26,-21,22,-19,23,-21,22,-23,26,-24,24,-23,20,-21,21,-20,23,-23,22,-21,21,-21,23,-19,22,-23,22,-16,20,-17,21,-20,22,-19,24,-23,24,-21,20,-23,20,-20,22,-24,21,-22,21,-24,21,-22,20,-26,19,-22,16,-23,21,-24,19,-24,19,-27,17,-28,15,-26,10,-26,10,-28,10,-24,8,-27,8,-23,4,-26,5,-20,3,-23,3,-22,1,-21,0,-23,0,-20,-1,-17,-3,-19,-7,-17,-7,0,0,0,0,0,0,0,0,0,0]"""
1782031931489,2026-06-21T17:52:11.489,safe,posture,mhw,standing_still,t017,"CSI_DATA,535005,1a:00:00:00:00:00,-43,11,-99,23,27,11,517270693,47,2,256,0,""[0,0,0,0,0,0,0,0,0,0,0,0,1,8,2,7,-1,10,1,8,-1,9,0,8,0,7,-1,11,-1,11,0,13,0,13,0,14,0,13,-1,15,-1,13,-3,20,0,17,-2,19,-3,14,0,14,-2,16,-1,19,-2,21,-2,19,-4,19,-1,20,-4,22,-1,21,-3,23,-1,20,-1,22,-1,20,0,22,-1,22,3,23,4,24,1,24,1,22,2,26,4,27,5,23,5,28,4,26,9,27,4,21,11,27,8,26,13,26,11,29,11,32,9,27,11,29,11,29,15,32,14,29,11,29,16,29,0,0,0,0,0,0,32,-15,38,-16,26,-14,30,-15,33,-19,29,-11,33,-19,28,-16,32,-16,23,-15,27,-15,26,-17,27,-20,27,-21,24,-16,24,-17,24,-20,24,-20,22,-19,26,-22,19,-21,22,-22,16,-19,17,-21,20,-26,19,-24,21,-26,19,-22,20,-23,16,-26,20,-26,17,-24,21,-27,17,-23,17,-26,16,-21,16,-26,17,-23,16,-26,20,-26,20,-23,20,-19,22,-20,22,-23,20,-21,21,-20,19,-17,20,-21,14,-13,17,-15,17,-13,17,-14,19,-13,17,-11,17,-9,19,-7,17,-5,0,0,0,0,0,0,0,0,0,0]"""
1782031931501,2026-06-21T17:52:11.501,safe,posture,mhw,standing_still,t017,"CSI_DATA,535006,1a:00:00:00:00:00,-43,11,-99,14,29,11,517281693,47,2,256,0,""[0,0,0,0,0,0,0,0,0,0,0,0,-7,-1,-7,-1,-7,-3,-7,-3,-8,-4,-8,-3,-9,-4,-11,-6,-9,-4,-11,-6,-11,-7,-11,-8,-11,-8,-9,-8,-9,-11,-12,-13,-12,-12,-11,-13,-8,-13,-11,-14,-13,-14,-6,-15,-9,-18,-8,-17,-9,-17,-8,-19,-7,-19,-6,-17,-6,-22,-6,-20,-6,-20,-7,-19,-11,-22,-6,-20,-8,-20,-7,-22,-8,-23,-7,-24,-4,-25,-9,-25,-9,-23,-6,-26,-7,-24,-11,-25,-4,-22,-9,-29,-6,-26,-11,-25,-6,-30,-7,-30,-4,-30,-3,-29,-3,-33,-4,-34,-6,-34,-2,-33,-7,-34,0,0,0,0,0,0,-31,0,-39,-2,-33,1,-34,-2,-37,-1,-31,-2,-37,-3,-33,-4,-34,-7,-31,-6,-31,-4,-34,-4,-29,-7,-31,-4,-30,-6,-29,-6,-33,-4,-29,-6,-28,-6,-31,-8,-30,-4,-30,-8,-28,-6,-29,-7,-30,-8,-26,-8,-31,-7,-29,-6,-28,-9,-30,-9,-29,-11,-28,-8,-29,-14,-28,-12,-26,-9,-26,-14,-29,-14,-24,-15,-26,-15,-24,-18,-23,-18,-22,-20,-22,-22,-20,-20,-18,-19,-15,-23,-12,-23,-14,-22,-9,-20,-12,-22,-7,-22,-8,-19,-4,-19,-2,-20,-1,-19,0,-18,2,-18,0,0,0,0,0,0,0,0,0,0]"""
1782031931511,2026-06-21T17:52:11.511,safe,posture,mhw,standing_still,t017,"CSI_DATA,535007,1a:00:00:00:00:00,-44,11,-99,18,28,11,517292693,47,2,256,0,""[0,0,0,0,0,0,0,0,0,0,0,0,6,-2,9,-1,7,-1,8,-1,7,-1,11,-1,12,-1,9,0,12,-2,11,0,12,-1,14,-1,14,-1,14,-1,15,1,15,0,15,1,15,0,19,-1,20,1,19,2,19,2,17,3,20,2,20,2,19,1,20,2,22,3,18,1,23,0,20,1,25,1,23,4,22,1,20,2,22,1,20,0,24,-2,22,-2,22,-2,23,-1,22,-6,25,-7,28,-4,34,-6,24,-1,26,-6,30,-1,25,-4,29,-6,33,-9,28,-12,33,-6,31,-6,31,-11,33,-7,35,-9,0,0,0,0,0,0,-8,-35,-4,-33,-11,-41,-6,-35,-7,-29,-9,-34,-7,-28,-8,-35,-11,-29,-7,-36,-7,-34,-4,-29,-8,-29,-4,-28,-9,-33,-11,-30,-12,-28,-9,-26,-9,-30,-9,-22,-14,-26,-12,-25,-13,-30,-12,-30,-12,-25,-13,-26,-9,-26,-17,-25,-14,-26,-13,-25,-13,-23,-13,-29,-15,-23,-17,-25,-15,-26,-18,-35,-8,-29,-11,-28,-8,-29,-7,-26,-9,-26,-11,-28,-8,-28,-7,-24,-6,-26,-7,-23,-7,-26,-3,-25,-2,-29,-2,-22,-1,-24,3,-22,1,-19,2,-18,2,-20,3,-20,6,-18,0,0,0,0,0,0,0,0,0,0]"""
1782031931522,2026-06-21T17:52:11.522,safe,posture,mhw,standing_still,t017,"CSI_DATA,535008,1a:00:00:00:00:00,-43,11,-99,17,28,11,517303693,47,2,256,0,""[0,0,0,0,0,0,0,0,0,0,0,0,-3,-7,-2,-8,-1,-6,-2,-8,-3,-7,-5,-10,-3,-10,-1,-8,-6,-11,-3,-10,-6,-12,-7,-11,-7,-12,-6,-10,-6,-15,-5,-12,-8,-16,-6,-13,-10,-16,-6,-17,-3,-16,-10,-17,-7,-16,-10,-18,-12,-17,-12,-16,-11,-15,-11,-18,-10,-13,-15,-16,-11,-17,-20,-20,-13,-16,-16,-15,-16,-15,-16,-15,-15,-12,-20,-12,-20,-12,-21,-10,-22,-15,-21,-6,-26,-8,-25,-8,-32,-10,-25,-12,-27,-7,-27,-8,-26,-7,-28,-6,-32,-1,-31,0,-33,-3,-31,-2,-35,1,-37,2,-35,0,0,0,0,0,0,0,1,39,2,32,6,40,2,35,5,28,5,37,6,28,7,37,6,27,8,36,8,32,6,28,12,28,8,26,13,28,16,27,17,25,15,23,17,28,16,18,21,23,18,22,23,23,20,23,18,22,21,21,18,18,25,17,25,16,25,15,22,16,27,21,22,11,27,16,25,16,32,20,22,18,26,15,25,18,23,17,23,15,27,15,25,11,21,11,22,16,21,8,25,13,20,15,25,18,16,12,20,12,15,12,16,13,13,12,16,13,13,12,13,13,0,0,0,0,0,0,0,0,0,0]"""
1782031931531,2026-06-21T17:52:11.531,safe,posture,mhw,standing_still,t017,"CSI_DATA,535009,1a:00:00:00:00:00,-43,11,-99,18,28,11,517314693,47,2,256,0,""[0,0,0,0,0,0,0,0,0,0,0,0,0,6,2,7,1,8,0,8,0,8,0,9,0,11,1,12,0,9,0,11,-2,12,-2,12,-2,13,-3,14,-2,12,-4,15,-3,17,-4,18,-4,15,-9,15,-8,18,-4,15,-7,19,-7,19,-8,19,-8,17,-9,18,-7,17,-12,18,-9,20,-7,19,-8,19,-11,22,-11,20,-9,20,-8,18,-8,23,-9,23,-8,24,-6,24,-6,23,-11,26,-11,24,-7,25,-11,24,-7,30,-9,26,-6,28,-8,28,-9,30,-9,29,-11,28,-9,29,-11,33,-11,31,-11,30,-13,33,0,0,0,0,0,0,31,13,36,13,34,13,30,12,31,15,30,14,34,17,30,17,31,14,30,15,29,12,30,12,26,13,31,9,30,12,29,9,30,8,29,11,26,9,29,14,29,9,30,11,28,9,29,9,30,8,25,8,30,7,30,6,29,7,29,7,29,9,28,8,30,13,29,12,28,12,28,12,30,12,28,15,29,12,24,14,26,14,26,17,24,19,24,15,20,15,20,19,17,19,18,17,15,17,17,19,12,17,14,17,11,18,11,19,9,20,7,15,4,18,0,0,0,0,0,0,0,0,0,0]"""
1782031931545,2026-06-21T17:52:11.545,safe,posture,mhw,standing_still,t017,"CSI_DATA,535010,1a:00:00:00:00:00,-43,11,-99,18,28,11,517325693,47,2,256,0,""[0,0,0,0,0,0,0,0,0,0,0,0,0,-7,0,-7,-1,-8,0,-8,1,-8,2,-11,1,-11,1,-11,2,-9,2,-12,1,-12,2,-12,3,-13,2,-14,4,-13,7,-15,4,-15,6,-17,7,-15,6,-15,6,-17,11,-17,9,-14,9,-17,9,-17,9,-18,9,-17,9,-17,12,-17,13,-18,12,-15,13,-17,13,-19,13,-19,11,-20,12,-18,11,-18,13,-20,13,-20,13,-22,12,-22,15,-20,15,-22,12,-23,13,-19,14,-25,14,-25,12,-25,14,-24,13,-26,15,-28,14,-25,18,-26,20,-29,19,-29,18,-26,18,-29,0,0,0,0,0,0,-25,-22,-26,-19,-29,-20,-26,-22,-25,-23,-25,-20,-25,-24,-24,-23,-25,-22,-24,-24,-23,-23,-24,-20,-22,-22,-25,-18,-24,-19,-24,-18,-26,-17,-25,-17,-22,-18,-23,-19,-23,-17,-24,-18,-23,-18,-24,-18,-25,-18,-22,-17,-24,-19,-25,-17,-24,-18,-25,-18,-23,-20,-23,-17,-22,-22,-22,-23,-22,-19,-20,-22,-23,-23,-19,-23,-20,-22,-15,-23,-17,-22,-17,-24,-15,-24,-14,-24,-14,-23,-11,-24,-8,-24,-11,-20,-4,-23,-6,-24,-4,-23,-2,-22,-1,-18,-2,-23,2,-23,1,-17,4,-18,0,0,0,0,0,0,0,0,0,0]"""
1782031931554,2026-06-21T17:52:11.554,safe,posture,mhw,standing_still,t017,"CSI_DATA,535011,1a:00:00:00:00:00,-43,11,-99,18,28,11,517336693,47,2,256,0,""[0,0,0,0,0,0,0,0,0,0,0,0,-4,6,-3,7,-2,6,-4,8,-3,8,-4,8,-2,8,-4,8,-3,12,-4,11,-4,11,-7,12,-8,12,-7,12,-8,13,-8,12,-8,14,-8,14,-8,14,-7,17,-7,13,-9,18,-11,15,-9,15,-12,18,-8,17,-13,17,-12,19,-8,17,-8,20,-9,18,-9,22,-7,19,-8,22,-6,23,-7,24,-6,20,-6,23,-6,24,-4,24,-7,25,-2,24,-4,26,-3,28,-2,26,0,24,1,28,0,29,2,30,0,30,2,30,2,33,0,34,1,31,1,35,3,36,6,33,0,0,0,0,0,0,35,-6,35,-4,36,-6,34,-4,35,-6,35,-3,31,-6,35,-7,31,-7,31,-7,30,-8,29,-7,31,-14,31,-8,30,-7,29,-13,29,-13,28,-9,30,-13,24,-13,25,-15,28,-13,25,-15,23,-15,24,-15,24,-19,25,-17,22,-17,24,-20,20,-18,24,-17,25,-20,20,-20,23,-22,23,-18,22,-22,23,-18,23,-22,23,-20,23,-18,23,-17,23,-17,24,-17,23,-15,25,-13,20,-14,22,-14,23,-13,22,-12,19,-11,20,-11,20,-8,22,-8,19,-8,18,-4,20,-3,19,-3,0,0,0,0,0,0,0,0,0,0]"""
1782031931566,2026-06-21T17:52:11.566,safe,posture,mhw,standing_still,t017,"CSI_DATA,535012,1a:00:00:00:00:00,-44,11,-99,19,28,11,517347693,47,2,256,0,""[0,0,0,0,0,0,0,0,0,0,0,0,7,-1,5,1,9,-1,7,0,10,0,9,1,10,0,11,-1,10,0,13,-1,10,1,13,1,15,1,15,1,14,2,17,3,15,1,19,3,14,1,17,1,21,1,21,3,21,2,17,2,20,3,20,1,22,4,21,2,22,3,21,0,22,2,19,1,22,-1,23,0,22,-2,26,-3,24,-1,24,0,24,-1,27,-3,23,-4,28,-4,23,-4,27,-7,22,-5,26,-10,26,-9,27,-13,28,-13,29,-10,28,-8,32,-10,32,-11,30,-11,32,-10,29,-11,30,-14,0,0,0,0,0,0,-10,-34,-15,-36,-13,-28,-15,-32,-16,-38,-10,-29,-13,-35,-14,-26,-16,-34,-15,-26,-16,-26,-17,-27,-19,-28,-19,-29,-15,-24,-17,-26,-19,-24,-20,-27,-17,-24,-21,-26,-20,-20,-19,-24,-19,-17,-21,-17,-21,-22,-24,-21,-24,-22,-21,-20,-22,-21,-26,-20,-24,-22,-23,-19,-26,-23,-23,-17,-23,-20,-21,-17,-24,-17,-22,-19,-24,-17,-23,-21,-22,-22,-17,-22,-20,-22,-20,-22,-17,-21,-17,-22,-11,-19,-15,-22,-13,-16,-15,-19,-13,-19,-14,-19,-11,-17,-10,-22,-5,-17,-5,-19,-4,-17,0,0,0,0,0,0,0,0,0,0]"""
1782031931576,2026-06-21T17:52:11.576,safe,posture,mhw,standing_still,t017,"CSI_DATA,535013,1a:00:00:00:00:00,-43,11,-99,18,28,11,517358693,47,2,256,0,""[0,0,0,0,0,0,0,0,0,0,0,0,1,7,1,8,0,8,1,11,1,8,1,8,0,12,-1,8,0,11,-3,9,-1,13,0,14,-2,14,1,13,-2,18,-1,13,-2,17,-1,14,-1,19,-2,19,-1,18,-3,20,-4,17,-3,20,-3,20,-3,20,-3,20,-6,24,-2,17,-1,23,-3,20,-2,25,-3,22,-2,23,-3,24,-1,22,-1,20,2,24,2,23,1,22,0,26,7,22,6,28,3,26,4,33,1,26,4,29,1,28,6,28,3,29,9,33,11,30,7,34,6,33,9,33,9,34,7,31,0,0,0,0,0,0,36,-8,31,-7,39,-11,35,-6,28,-7,37,-9,29,-9,36,-11,26,-7,35,-8,31,-8,29,-4,30,-11,25,-7,31,-9,28,-13,28,-13,25,-12,30,-11,22,-12,29,-18,25,-13,28,-15,28,-13,26,-12,25,-15,23,-12,24,-19,25,-18,24,-18,23,-15,29,-15,20,-17,24,-19,25,-14,31,-22,28,-14,26,-14,29,-13,24,-13,24,-11,26,-14,26,-14,20,-12,26,-9,22,-12,26,-11,24,-8,29,-7,22,-2,23,-3,20,-1,20,-2,18,0,23,-1,18,-1,18,1,0,0,0,0,0,0,0,0,0,0]"""
1782031931589,2026-06-21T17:52:11.589,safe,posture,mhw,standing_still,t017,"CSI_DATA,535014,1a:00:00:00:00:00,-43,11,-99,14,29,11,517369693,47,2,256,0,""[0,0,0,0,0,0,0,0,0,0,0,0,4,-6,6,-4,6,-4,7,-6,6,-4,7,-6,6,-6,8,-6,9,-9,9,-6,8,-4,12,-6,13,-8,12,-7,14,-7,13,-8,14,-7,15,-6,14,-9,14,-7,19,-6,18,-8,18,-8,18,-4,19,-7,19,-7,20,-7,22,-7,19,-9,20,-8,20,-7,19,-8,18,-9,18,-11,22,-11,22,-11,20,-11,20,-9,20,-9,20,-13,23,-13,19,-15,20,-17,22,-14,22,-15,19,-17,20,-19,22,-18,23,-19,25,-20,25,-19,25,-22,26,-22,24,-19,28,-23,26,-23,24,-23,0,0,0,0,0,0,-23,-30,-20,-29,-20,-26,-23,-26,-22,-26,-18,-28,-20,-24,-22,-28,-19,-26,-18,-23,-22,-23,-18,-24,-24,-24,-20,-24,-18,-23,-19,-24,-20,-23,-22,-23,-22,-24,-23,-19,-22,-18,-23,-22,-20,-17,-23,-18,-23,-19,-26,-19,-23,-19,-22,-19,-24,-20,-24,-18,-24,-19,-25,-22,-25,-17,-24,-17,-22,-20,-23,-19,-22,-19,-24,-17,-23,-20,-24,-22,-19,-20,-18,-22,-18,-23,-17,-23,-15,-23,-15,-20,-15,-20,-13,-23,-13,-20,-11,-18,-12,-20,-8,-20,-9,-22,-6,-19,-3,-19,-4,-18,-2,-19,0,0,0,0,0,0,0,0,0,0]"""
1782031931598,2026-06-21T17:52:11.598,safe,posture,mhw,standing_still,t017,"CSI_DATA,535015,1a:00:00:00:00:00,-44,11,-99,17,28,11,517380693,47,2,256,0,""[0,0,0,0,0,0,0,0,0,0,0,0,-7,-1,-7,-2,-7,-2,-7,-5,-7,-5,-8,-2,-10,-3,-8,-3,-12,-3,-10,-5,-12,-5,-12,-6,-12,-5,-13,-3,-13,-7,-15,-5,-16,-7,-15,-7,-16,-5,-15,-3,-12,-6,-20,-5,-17,-7,-18,-7,-20,-7,-18,-5,-18,-6,-21,-7,-20,-3,-22,-3,-20,-3,-22,-1,-20,-1,-21,0,-22,2,-23,2,-22,1,-23,2,-22,5,-23,3,-26,3,-22,7,-26,8,-26,8,-26,11,-22,11,-25,12,-23,12,-25,16,-25,16,-26,17,-27,17,-28,18,-26,18,-27,22,-27,25,-25,22,0,0,0,0,0,0,25,28,23,26,26,22,25,26,26,20,23,25,25,21,26,21,23,21,26,20,27,16,25,17,31,15,27,15,26,13,30,12,27,10,28,12,30,13,27,6,30,3,30,7,30,3,28,3,28,2,32,1,30,1,28,2,31,0,30,-2,30,0,35,0,30,-5,30,-5,28,-1,32,-3,28,-2,28,-6,30,-3,32,-6,28,-2,30,-2,28,-5,27,-5,30,-1,25,-3,26,-1,26,0,26,-1,20,-1,22,-1,22,1,22,1,21,1,20,3,18,2,18,6,0,0,0,0,0,0,0,0,0,0]"""
1782031931612,2026-06-21T17:52:11.612,safe,posture,mhw,standing_still,t017,"CSI_DATA,535016,1a:00:00:00:00:00,-43,11,-99,17,28,11,517394083,47,2,256,0,""[0,0,0,0,0,0,0,0,0,0,0,0,3,6,6,3,5,6,5,5,6,6,6,7,7,6,7,7,8,7,10,8,7,10,8,10,10,8,8,11,11,13,11,12,11,12,12,15,8,11,12,12,13,15,13,15,15,15,12,13,13,15,15,12,15,17,15,16,17,13,15,13,16,16,16,12,16,11,18,11,20,11,22,10,21,10,20,11,22,7,23,10,23,10,25,8,25,8,27,6,22,5,25,3,27,2,30,-1,30,0,31,1,28,2,31,3,35,2,31,1,33,1,35,-2,33,-1,0,0,0,0,0,0,-2,-36,-2,-37,-3,-30,-3,-35,-6,-35,-1,-33,-5,-33,-5,-33,-5,-35,-8,-30,-10,-28,-7,-28,-12,-31,-12,-28,-7,-27,-13,-27,-15,-26,-15,-28,-13,-28,-15,-27,-16,-22,-15,-27,-15,-20,-18,-21,-18,-21,-22,-22,-22,-22,-18,-21,-23,-22,-23,-20,-21,-23,-23,-20,-23,-21,-23,-20,-22,-22,-23,-17,-22,-18,-25,-17,-25,-16,-25,-18,-23,-18,-20,-20,-20,-20,-22,-20,-21,-20,-20,-17,-16,-20,-17,-17,-15,-16,-16,-16,-13,-16,-15,-17,-15,-18,-12,-16,-10,-16,-10,-18,-7,-17,0,0,0,0,0,0,0,0,0,0]"""
1782031931623,2026-06-21T17:52:11.623,safe,posture,mhw,standing_still,t017,"CSI_DATA,535017,1a:00:00:00:00:00,-44,11,-99,14,29,11,517402693,47,2,256,0,""[0,0,0,0,0,0,0,0,0,0,0,0,1,8,0,9,0,7,0,9,1,7,0,12,-1,11,-1,9,-2,11,-3,9,-2,12,-3,13,-2,13,-3,12,-4,15,-4,13,-6,17,-4,14,-9,15,-9,17,-7,13,-9,17,-9,13,-11,15,-12,18,-11,17,-12,17,-15,17,-9,15,-13,19,-11,15,-15,24,-15,17,-14,18,-17,19,-12,17,-12,17,-13,22,-12,19,-12,18,-15,20,-7,20,-12,26,-14,22,-18,29,-13,22,-15,25,-17,23,-14,23,-15,25,-17,30,-13,26,-18,29,-18,24,-15,31,-20,30,-20,29,0,0,0,0,0,0,28,23,22,20,33,28,25,22,23,19,26,26,22,18,28,26,22,19,28,25,23,24,17,23,23,22,17,19,23,24,23,20,24,19,20,18,23,24,20,15,25,19,22,18,26,23,22,20,19,22,22,19,18,19,23,19,24,22,23,18,19,19,23,25,19,17,25,22,20,20,25,29,17,26,18,24,15,26,14,24,13,23,17,25,15,25,12,22,8,26,11,19,12,25,7,25,6,29,2,22,2,23,-1,23,1,19,0,19,-1,22,-1,19,-4,19,0,0,0,0,0,0,0,0,0,0]"""
1782031931631,2026-06-21T17:52:11.631,safe,posture,mhw,standing_still,t017,"CSI_DATA,535018,1a:00:00:00:00:00,-44,11,-99,15,29,11,517413693,47,2,256,0,""[0,0,0,0,0,0,0,0,0,0,0,0,4,7,4,5,5,5,3,7,3,8,4,7,4,7,7,8,7,9,7,9,4,10,7,10,8,11,7,14,5,14,8,14,8,14,10,16,7,11,10,14,10,17,10,15,11,17,8,17,9,17,10,17,9,19,10,20,13,20,11,17,11,17,11,16,14,15,15,15,16,16,17,15,16,19,15,16,17,17,20,17,20,16,20,16,20,15,21,16,17,14,23,13,24,13,27,9,28,13,27,13,24,15,28,16,30,15,30,14,33,15,30,15,34,11,0,0,0,0,0,0,14,-30,15,-33,10,-27,13,-32,14,-35,14,-29,13,-33,13,-30,9,-34,8,-28,5,-29,7,-29,4,-34,5,-32,8,-28,4,-29,3,-32,5,-32,4,-28,1,-32,0,-29,2,-30,-1,-24,-2,-27,-3,-29,-4,-30,-3,-34,-1,-28,-3,-32,-5,-29,-2,-32,-5,-32,-4,-32,-4,-29,-4,-30,-4,-27,-7,-28,-5,-29,-7,-29,-7,-32,-3,-30,1,-28,-1,-28,0,-30,-1,-27,0,-28,2,-24,0,-26,2,-21,0,-23,1,-21,0,-23,2,-23,5,-22,3,-19,5,-17,5,-16,0,0,0,0,0,0,0,0,0,0]"""
1782031931642,2026-06-21T17:52:11.642,safe,posture,mhw,standing_still,t017,"CSI_DATA,535019,1a:00:00:00:00:00,-44,11,-99,23,27,11,517424693,47,2,256,0,""[0,0,0,0,0,0,0,0,0,0,0,0,-7,1,-8,0,-8,0,-8,-1,-9,1,-10,-1,-10,-2,-10,0,-11,-1,-10,-1,-14,-1,-14,-2,-13,-1,-15,-1,-15,-3,-14,-3,-17,-3,-16,-2,-19,-4,-21,-5,-17,-4,-17,-4,-16,-5,-20,-3,-20,-5,-20,-4,-17,-4,-21,-4,-19,-5,-21,-2,-21,-3,-26,-3,-22,-4,-23,-3,-23,-4,-22,-2,-22,-1,-24,0,-23,-2,-23,0,-26,1,-22,3,-27,3,-26,4,-30,3,-28,3,-29,3,-29,2,-27,4,-30,4,-34,9,-29,5,-32,8,-34,4,-33,10,-34,8,-30,7,0,0,0,0,0,0,9,34,8,29,14,38,10,34,9,29,10,34,10,29,13,34,13,28,10,38,11,32,10,29,10,28,10,28,15,28,15,28,15,27,15,24,15,27,15,23,21,23,19,22,20,27,19,26,19,24,16,23,16,22,22,22,20,23,20,21,17,22,21,23,19,22,22,24,22,21,23,29,19,26,19,23,17,24,15,24,17,22,21,24,17,23,14,21,15,22,15,21,15,23,14,22,10,27,9,22,8,21,5,21,3,20,4,19,4,22,3,17,2,19,0,0,0,0,0,0,0,0,0,0]"""
1782031931653,2026-06-21T17:52:11.653,safe,posture,mhw,standing_still,t017,"CSI_DATA,535020,1a:00:00:00:00:00,-43,11,-99,18,28,11,517435693,47,2,256,0,""[0,0,0,0,0,0,0,0,0,0,0,0,4,-4,4,-4,6,-4,6,-4,4,-3,7,-4,8,-6,8,-6,8,-2,11,-6,11,-4,13,-4,13,-4,13,-3,13,-2,17,-1,17,-3,17,-2,17,0,18,-1,15,-1,18,1,18,3,22,2,20,3,20,3,19,2,20,2,22,4,20,4,20,4,23,4,23,6,22,6,22,4,22,7,22,6,23,6,23,8,23,7,23,4,23,8,25,9,25,8,25,11,28,9,26,9,26,7,26,12,28,11,29,12,25,14,29,14,31,18,29,18,26,18,30,19,0,0,0,0,0,0,20,-26,22,-28,22,-29,22,-28,23,-25,24,-24,24,-25,24,-24,25,-24,25,-20,24,-20,25,-24,23,-19,23,-22,24,-22,22,-18,25,-20,23,-19,22,-18,24,-18,24,-19,22,-19,24,-18,24,-18,24,-20,23,-14,25,-19,24,-18,26,-14,25,-17,26,-13,24,-18,29,-13,28,-13,28,-13,31,-11,33,-11,29,-8,30,-8,28,-4,29,-3,31,-3,30,0,28,0,25,-1,26,3,26,4,25,2,23,7,24,6,23,7,19,8,18,9,18,12,17,12,12,12,13,14,0,0,0,0,0,0,0,0,0,0]"""
1782031931664,2026-06-21T17:52:11.664,safe,posture,mhw,standing_still,t017,"CSI_DATA,535021,1a:00:00:00:00:00,-43,11,-99,18,28,11,517446693,47,2,256,0,""[0,0,0,0,0,0,0,0,0,0,0,0,1,-6,2,-6,2,-7,0,-6,3,-9,2,-8,3,-8,3,-11,2,-13,3,-12,3,-11,4,-13,3,-13,3,-14,4,-12,4,-17,1,-14,4,-17,3,-15,2,-15,4,-14,1,-18,4,-20,3,-18,4,-20,2,-20,3,-22,2,-20,0,-23,0,-19,1,-20,-1,-18,-3,-22,-3,-22,-6,-22,-6,-23,-7,-23,-6,-24,-7,-23,-8,-24,-8,-23,-13,-25,-11,-20,-13,-24,-12,-18,-17,-20,-17,-22,-20,-19,-20,-22,-22,-22,-22,-20,-23,-23,-23,-23,-25,-22,-24,-22,-26,-22,-30,-18,0,0,0,0,0,0,-19,31,-22,31,-15,28,-17,30,-17,34,-15,26,-17,33,-13,30,-14,33,-11,28,-9,28,-11,29,-4,33,-7,34,-8,29,-6,30,-2,31,-3,34,0,30,0,31,2,29,2,30,3,24,6,26,4,29,9,30,9,30,7,29,8,30,12,29,11,30,13,28,12,31,13,26,12,28,13,23,17,26,15,26,17,26,15,28,13,29,11,25,12,26,12,26,11,25,14,26,9,24,11,24,8,19,11,20,9,22,12,20,11,20,8,19,4,17,4,19,2,18,0,0,0,0,0,0,0,0,0,0]"""
1782031931675,2026-06-21T17:52:11.675,safe,posture,mhw,standing_still,t017,"CSI_DATA,535022,1a:00:00:00:00:00,-44,11,-99,14,29,11,517457693,47,2,256,0,""[0,0,0,0,0,0,0,0,0,0,0,0,4,6,4,6,3,4,4,7,7,7,6,9,6,9,6,8,7,9,8,9,8,12,8,9,8,12,8,11,7,12,9,12,11,13,12,12,11,15,11,14,8,14,11,14,9,14,14,15,13,14,14,14,14,14,14,14,14,13,17,14,15,14,19,17,18,15,19,14,18,13,18,12,19,9,22,9,22,11,22,8,22,8,23,6,26,7,25,4,31,7,28,7,29,3,30,3,26,2,29,2,33,-2,28,-3,31,1,35,0,35,-4,33,-2,36,-3,0,0,0,0,0,0,-4,-36,-4,-31,-9,-37,-6,-34,-8,-28,-9,-35,-9,-30,-9,-34,-11,-30,-11,-35,-13,-31,-12,-28,-13,-29,-12,-25,-17,-29,-17,-25,-18,-24,-17,-22,-17,-23,-18,-20,-23,-20,-22,-22,-23,-23,-24,-24,-22,-18,-18,-19,-24,-18,-28,-15,-25,-15,-24,-15,-24,-13,-26,-15,-24,-13,-28,-12,-28,-13,-31,-18,-26,-17,-25,-13,-26,-17,-23,-15,-24,-15,-29,-13,-25,-14,-22,-12,-22,-12,-23,-12,-23,-14,-20,-13,-23,-17,-18,-13,-19,-12,-15,-14,-14,-13,-15,-14,-15,-12,-13,-11,-13,-13,0,0,0,0,0,0,0,0,0,0]"""
1782031931688,2026-06-21T17:52:11.688,safe,posture,mhw,standing_still,t017,"CSI_DATA,535023,1a:00:00:00:00:00,-44,11,-99,19,28,11,517468693,47,2,256,0,""[0,0,0,0,0,0,0,0,0,0,0,0,3,-5,3,-7,3,-7,2,-7,4,-9,4,-8,3,-7,4,-10,5,-11,4,-11,5,-10,5,-13,5,-13,7,-14,7,-11,8,-15,5,-13,11,-16,8,-13,7,-11,8,-14,7,-19,8,-20,9,-16,9,-17,9,-19,9,-20,8,-19,9,-21,7,-20,7,-20,4,-20,3,-21,4,-22,2,-22,3,-24,2,-23,3,-22,1,-23,1,-26,0,-23,0,-28,-1,-23,-2,-28,-3,-22,-5,-28,-5,-28,-10,-26,-9,-27,-9,-30,-9,-28,-8,-30,-10,-30,-11,-33,-8,-32,-10,-29,-15,-30,0,0,0,0,0,0,-33,14,-36,17,-26,15,-33,16,-35,19,-29,14,-32,17,-26,16,-30,17,-23,16,-24,19,-24,19,-26,23,-24,22,-22,17,-21,21,-21,24,-20,22,-20,22,-19,26,-15,23,-20,26,-11,22,-14,24,-15,26,-13,28,-14,28,-14,26,-14,28,-11,27,-13,29,-9,28,-13,30,-9,27,-10,29,-8,26,-9,30,-9,28,-8,29,-10,30,-10,28,-13,24,-11,29,-11,26,-10,24,-11,27,-10,20,-11,23,-10,19,-11,22,-10,21,-10,19,-10,20,-11,19,-13,13,-14,14,-14,11,0,0,0,0,0,0,0,0,0,0]"""
1782031931696,2026-06-21T17:52:11.696,safe,posture,mhw,standing_still,t017,"CSI_DATA,535024,1a:00:00:00:00:00,-43,11,-99,19,28,11,517479693,47,2,256,0,""[0,0,0,0,0,0,0,0,0,0,0,0,4,5,2,5,4,7,3,5,4,8,3,7,3,9,3,10,4,9,4,13,2,13,4,11,2,13,3,14,1,14,1,19,2,15,1,16,0,15,1,17,3,20,0,17,0,20,0,20,-2,20,-1,20,-2,23,-2,19,-4,23,-2,20,-2,23,-3,19,-2,24,-4,23,-2,22,-2,23,-2,26,-1,22,-4,23,-2,27,0,24,-3,29,-3,24,0,28,-1,22,0,30,-2,28,2,29,-2,30,-2,30,-4,29,-4,32,-3,33,-4,38,-4,35,-5,33,-2,35,0,0,0,0,0,0,34,7,40,8,32,8,34,7,39,8,29,10,36,11,29,10,35,10,28,9,29,8,32,9,29,10,34,8,29,10,28,8,30,7,29,10,24,7,34,10,28,7,30,9,26,7,28,7,33,7,28,8,33,8,28,8,29,9,30,7,29,9,27,8,33,13,27,10,28,10,23,10,30,11,26,15,28,11,27,15,26,16,23,17,21,20,23,20,21,15,20,21,16,20,19,19,11,16,14,17,10,19,13,19,9,19,7,21,7,19,4,17,2,19,0,0,0,0,0,0,0,0,0,0]"""
1782031931708,2026-06-21T17:52:11.708,safe,posture,mhw,standing_still,t017,"CSI_DATA,535025,1a:00:00:00:00:00,-44,11,-99,19,28,11,517490693,47,2,256,0,""[0,0,0,0,0,0,0,0,0,0,0,0,-5,-3,-7,-4,-4,-2,-5,-5,-7,-4,-7,-5,-8,-5,-7,-8,-9,-8,-7,-7,-9,-8,-10,-8,-9,-9,-10,-8,-10,-10,-9,-8,-13,-13,-11,-10,-15,-14,-13,-16,-14,-14,-13,-14,-10,-13,-16,-14,-15,-14,-15,-14,-13,-14,-14,-15,-14,-13,-19,-14,-15,-13,-20,-16,-16,-16,-16,-13,-17,-15,-16,-13,-17,-10,-22,-10,-20,-11,-20,-9,-22,-11,-22,-7,-27,-8,-26,-8,-29,-13,-24,-11,-28,-9,-27,-13,-24,-8,-27,-8,-34,-5,-29,-5,-32,-8,-33,-8,-33,-4,-34,-7,-33,-4,0,0,0,0,0,0,-8,32,-5,30,-4,40,-8,34,-2,28,-3,36,-3,32,-2,36,0,29,-5,38,-3,33,-3,30,-1,29,-2,29,3,34,2,32,4,30,3,27,3,30,4,27,8,32,5,29,8,35,5,32,7,28,4,28,7,27,11,29,13,29,10,28,9,27,9,30,11,24,13,28,10,27,13,36,7,30,9,28,7,30,7,27,8,27,13,28,8,27,8,23,4,26,7,23,7,28,4,23,3,29,0,23,0,23,-2,22,-1,21,-2,20,-1,22,-1,19,-2,19,0,0,0,0,0,0,0,0,0,0]"""
1782031931718,2026-06-21T17:52:11.718,safe,posture,mhw,standing_still,t017,"CSI_DATA,535026,1a:00:00:00:00:00,-43,11,-99,18,28,11,517501693,47,2,256,0,""[0,0,0,0,0,0,0,0,0,0,0,0,6,2,8,2,4,3,7,4,6,2,9,4,9,6,7,4,9,6,8,6,12,7,12,7,12,7,12,7,13,9,13,7,14,8,13,8,15,13,13,12,9,13,14,11,13,12,18,13,18,12,17,12,18,12,17,14,14,12,20,12,17,11,22,15,18,14,18,12,18,13,18,12,17,8,24,7,22,9,19,7,23,12,22,6,26,6,25,7,33,12,26,11,26,7,25,11,24,7,28,7,34,3,29,2,33,6,33,6,35,2,36,6,33,7,0,0,0,0,0,0,8,-34,4,-31,4,-40,7,-36,4,-26,6,-37,3,-29,3,-37,2,-29,6,-37,4,-34,6,-28,3,-30,3,-28,0,-35,-1,-30,-2,-31,-1,-29,0,-33,-3,-25,-6,-31,-3,-28,-4,-34,-1,-31,-3,-28,-2,-28,-3,-25,-9,-30,-8,-30,-8,-28,-6,-26,-8,-31,-7,-25,-8,-30,-8,-26,-8,-39,-2,-31,-3,-29,-2,-31,-1,-26,-4,-26,-8,-30,-4,-29,-4,-25,-1,-26,-2,-23,-2,-26,0,-24,1,-30,6,-22,3,-24,7,-19,4,-18,6,-20,2,-20,3,-17,7,-17,0,0,0,0,0,0,0,0,0,0]"""
1782031931732,2026-06-21T17:52:11.732,safe,posture,mhw,standing_still,t017,"CSI_DATA,535027,1a:00:00:00:00:00,-43,11,-99,18,28,11,517512693,47,2,256,0,""[0,0,0,0,0,0,0,0,0,0,0,0,-4,-3,-4,-6,-3,-4,-6,-8,-6,-7,-7,-8,-8,-8,-6,-7,-7,-7,-6,-8,-8,-11,-8,-11,-8,-11,-9,-11,-7,-12,-8,-12,-8,-15,-9,-13,-8,-15,-9,-19,-11,-15,-6,-15,-7,-15,-12,-19,-9,-17,-9,-17,-9,-18,-8,-18,-8,-18,-11,-19,-11,-18,-13,-23,-11,-20,-11,-19,-11,-19,-11,-17,-13,-17,-17,-20,-14,-18,-14,-15,-14,-17,-17,-17,-18,-17,-19,-17,-22,-23,-18,-19,-20,-19,-19,-20,-19,-19,-22,-20,-25,-20,-23,-17,-23,-22,-24,-24,-26,-19,-25,-23,-25,-23,0,0,0,0,0,0,-25,25,-19,26,-23,30,-24,28,-19,20,-22,26,-20,24,-23,26,-19,25,-24,29,-22,25,-18,24,-18,20,-20,23,-19,28,-17,25,-18,25,-14,25,-15,24,-14,24,-13,25,-13,26,-14,30,-17,30,-14,25,-13,23,-13,25,-9,30,-12,29,-11,28,-12,25,-12,26,-12,25,-11,30,-11,29,-15,33,-15,28,-15,26,-17,25,-15,23,-14,23,-15,26,-17,24,-12,22,-14,20,-14,22,-17,20,-15,18,-20,20,-18,14,-17,17,-17,11,-15,11,-17,13,-18,12,-15,8,-17,8,0,0,0,0,0,0,0,0,0,0]"""
1782031931742,2026-06-21T17:52:11.742,safe,posture,mhw,standing_still,t017,"CSI_DATA,535028,1a:00:00:00:00:00,-43,11,-99,17,28,11,517523693,47,2,256,0,""[0,0,0,0,0,0,0,0,0,0,0,0,-5,5,-3,7,-6,6,-5,7,-5,6,-6,8,-6,8,-5,7,-6,10,-5,8,-8,10,-7,11,-6,12,-7,13,-10,13,-8,11,-8,15,-8,13,-7,15,-10,16,-11,17,-8,18,-8,16,-10,16,-8,17,-7,17,-10,18,-8,20,-6,20,-7,21,-7,18,-5,22,-3,21,-2,23,-5,22,-2,25,-1,21,0,22,2,23,1,25,1,27,6,23,3,26,6,26,8,27,6,23,10,26,12,26,12,27,11,27,12,27,16,27,17,32,13,28,16,28,18,27,20,27,0,0,0,0,0,0,28,-22,30,-20,27,-25,27,-21,23,-23,27,-22,25,-22,23,-23,22,-22,21,-23,18,-26,18,-23,15,-28,15,-26,17,-26,13,-27,11,-28,13,-26,13,-30,7,-26,7,-30,10,-28,5,-28,5,-28,5,-26,1,-32,2,-27,2,-27,1,-31,0,-28,1,-30,0,-33,-5,-30,-3,-30,-1,-30,-2,-32,-3,-30,-5,-28,-5,-30,-6,-31,-5,-26,-2,-28,-3,-28,-2,-30,-1,-30,-3,-26,-1,-27,1,-25,0,-25,-1,-21,-3,-23,0,-22,-2,-23,1,-20,2,-18,1,-20,5,-20,0,0,0,0,0,0,0,0,0,0]"""
1782031931755,2026-06-21T17:52:11.755,safe,posture,mhw,standing_still,t017,"CSI_DATA,535029,1a:00:00:00:00:00,-45,11,-99,18,30,11,517536295,47,2,256,0,""[0,0,0,0,0,0,0,0,0,0,0,0,-6,1,-6,0,-7,0,-6,0,-8,0,-6,0,-7,0,-10,0,-11,0,-13,0,-11,-1,-12,0,-14,0,-15,-1,-14,-1,-18,-3,-14,-2,-17,-4,-13,-3,-15,-2,-19,-3,-18,-5,-20,-6,-16,-6,-19,-7,-19,-6,-19,-8,-19,-6,-21,-10,-18,-6,-19,-7,-17,-6,-23,-5,-21,-7,-22,-5,-22,-7,-23,-6,-21,-8,-24,-5,-27,-7,-24,-4,-25,-9,-23,-8,-25,-4,-20,-3,-27,-4,-27,-5,-29,-1,-31,-5,-31,-3,-27,-4,-31,-8,-32,-7,-34,-9,-33,-8,-31,-6,-34,-6,0,0,0,0,0,0,-9,32,-11,37,-7,27,-11,34,-13,36,-9,26,-13,36,-9,29,-12,34,-10,26,-8,28,-10,32,-9,30,-7,33,-10,26,-7,28,-6,31,-6,30,-7,27,-9,33,-5,25,-7,31,-3,24,-4,26,-5,30,-4,30,-4,32,-5,29,-6,32,-2,31,-5,31,-3,29,-9,34,-7,28,-9,29,-7,23,-6,31,-8,28,-6,29,-10,29,-12,28,-13,22,-14,25,-14,27,-12,22,-17,23,-15,17,-15,21,-10,13,-16,17,-17,15,-14,15,-17,14,-18,14,-14,9,-17,8,-16,6,0,0,0,0,0,0,0,0,0,0]"""
1782031931764,2026-06-21T17:52:11.764,safe,posture,mhw,standing_still,t017,"CSI_DATA,535030,1a:00:00:00:00:00,-44,11,-99,11,29,11,517545693,47,2,256,0,""[0,0,0,0,0,0,0,0,0,0,0,0,17,16,16,-12,-14,-5,18,-8,16,21,-9,18,17,-8,8,8,-1,-6,-9,36,1,2,-9,16,-8,2,-9,16,-4,-5,-13,18,-12,6,-16,6,-9,9,-20,9,-13,13,-20,13,-13,17,-14,9,-18,10,-21,10,-18,10,-16,12,-20,10,-17,10,-18,14,-16,10,-18,13,-16,10,-18,17,-18,13,-20,14,-17,13,-20,14,-20,16,-17,16,-21,17,-21,14,-21,18,-16,13,-20,20,-22,17,-18,22,-22,20,-24,22,-22,18,-25,18,-25,18,-29,20,-29,18,-26,21,-25,21,0,0,0,0,0,0,20,28,22,34,17,24,16,30,21,36,14,28,17,33,13,26,16,32,14,25,16,25,18,28,17,28,20,29,14,28,16,25,20,26,17,26,14,24,16,29,16,24,17,28,14,20,17,24,18,25,17,24,20,28,18,24,18,26,20,24,18,28,16,22,16,32,13,26,14,28,12,24,17,26,12,26,16,26,12,28,9,29,6,28,6,29,8,30,5,26,2,29,0,24,2,25,1,18,1,25,-2,22,2,21,-4,21,-2,21,-6,17,-6,18,-6,17,0,0,0,0,0,0,0,0,0,0]"""
1782031931777,2026-06-21T17:52:11.777,safe,posture,mhw,standing_still,t017,"CSI_DATA,535031,1a:00:00:00:00:00,-44,11,-99,23,27,11,517558648,47,2,256,0,""[0,0,0,0,0,0,0,0,0,0,0,0,-8,-1,-8,0,-7,-2,-8,-2,-9,-2,-9,-2,-9,-3,-10,-2,-11,-2,-9,-3,-13,-2,-13,-3,-14,-2,-14,-1,-15,-4,-14,-2,-17,-2,-15,-5,-19,-4,-17,-5,-17,-3,-19,-4,-20,-4,-19,-3,-20,-5,-19,-4,-20,-4,-21,-7,-19,-3,-21,-3,-20,-3,-23,-3,-21,-3,-22,-2,-22,-2,-23,0,-22,-3,-24,1,-22,1,-23,3,-27,1,-22,5,-26,7,-27,4,-27,5,-24,2,-28,9,-26,4,-27,9,-29,9,-29,14,-29,14,-32,11,-30,11,-30,16,-35,14,-29,14,0,0,0,0,0,0,11,35,11,32,17,33,14,32,15,29,14,34,16,28,17,32,14,28,17,29,17,27,13,28,21,26,17,26,19,26,20,22,22,22,21,21,20,27,20,16,24,17,22,21,23,20,23,20,21,17,24,19,22,19,24,15,26,16,28,15,24,16,27,20,24,11,27,13,26,15,32,16,26,16,27,14,27,15,24,16,24,14,24,16,26,14,24,15,22,19,21,15,22,15,19,17,19,19,16,15,17,17,14,15,16,16,11,17,13,15,10,15,8,16,0,0,0,0,0,0,0,0,0,0]"""
1782031931787,2026-06-21T17:52:11.787,safe,posture,mhw,standing_still,t017,"CSI_DATA,535032,1a:00:00:00:00:00,-44,11,-99,18,28,11,517568868,47,2,256,0,""[0,0,0,0,0,0,0,0,0,0,0,0,-7,-1,-7,-2,-7,-1,-8,-2,-8,-3,-9,-3,-8,-2,-8,-4,-11,-4,-11,-7,-9,-7,-9,-8,-11,-8,-11,-9,-11,-9,-9,-11,-14,-9,-12,-14,-9,-13,-11,-12,-9,-9,-13,-15,-9,-18,-8,-15,-9,-18,-9,-17,-8,-18,-9,-19,-9,-17,-11,-19,-9,-20,-9,-19,-9,-19,-9,-18,-9,-20,-12,-22,-9,-20,-11,-20,-11,-22,-9,-22,-11,-25,-13,-20,-13,-22,-12,-24,-12,-25,-9,-22,-13,-23,-12,-24,-14,-26,-13,-30,-13,-28,-14,-30,-13,-31,-13,-31,-12,-30,-14,-33,-11,-31,0,0,0,0,0,0,-36,8,-33,8,-33,6,-33,8,-34,4,-34,3,-30,6,-36,4,-33,4,-31,3,-30,4,-28,2,-34,7,-30,2,-29,2,-30,1,-30,2,-31,2,-31,1,-29,4,-30,6,-31,2,-29,2,-29,4,-29,0,-31,3,-29,0,-28,1,-30,0,-29,1,-29,-2,-34,-3,-30,-1,-30,-1,-30,-3,-30,-2,-28,-4,-30,-4,-30,-4,-29,-8,-28,-8,-26,-11,-25,-12,-25,-11,-24,-14,-24,-11,-23,-14,-22,-14,-18,-15,-15,-14,-17,-15,-14,-17,-15,-18,-11,-17,-9,-18,-8,-17,-4,-19,0,0,0,0,0,0,0,0,0,0]"""
1782031931799,2026-06-21T17:52:11.799,safe,posture,mhw,standing_still,t017,"CSI_DATA,535033,1a:00:00:00:00:00,-44,11,-99,18,28,11,517578693,47,2,256,0,""[0,0,0,0,0,0,0,0,0,0,0,0,-4,0,-7,1,-8,1,-8,0,-7,0,-12,1,-9,0,-8,-2,-12,0,-8,0,-11,-1,-14,-1,-14,-2,-13,-3,-17,-6,-13,-3,-15,-6,-15,-6,-17,-8,-18,-8,-13,-6,-15,-11,-13,-9,-15,-11,-15,-12,-15,-11,-14,-12,-18,-17,-12,-11,-17,-13,-14,-13,-20,-18,-15,-17,-17,-15,-15,-17,-15,-17,-15,-14,-18,-14,-15,-14,-15,-13,-17,-19,-20,-13,-20,-17,-18,-19,-24,-22,-17,-19,-19,-22,-17,-24,-18,-20,-20,-22,-25,-23,-23,-20,-23,-26,-18,-23,-22,-25,-23,-26,-18,-29,0,0,0,0,0,0,-34,18,-26,13,-35,15,-31,11,-28,11,-35,12,-25,14,-35,13,-26,9,-35,12,-31,11,-28,7,-30,11,-26,8,-29,8,-29,12,-29,11,-28,9,-31,7,-23,8,-30,8,-26,7,-33,9,-29,6,-28,4,-30,6,-25,4,-28,9,-30,7,-28,8,-26,4,-34,3,-26,6,-31,6,-29,1,-36,2,-29,-3,-31,-1,-30,-4,-28,-4,-25,-2,-28,-3,-28,-4,-24,-3,-26,-12,-22,-6,-26,-11,-22,-14,-26,-14,-15,-14,-17,-14,-13,-15,-13,-15,-13,-17,-13,-15,-11,-13,-8,-18,0,0,0,0,0,0,0,0,0,0]"""
1782031931808,2026-06-21T17:52:11.808,safe,posture,mhw,standing_still,t017,"CSI_DATA,535034,1a:00:00:00:00:00,-43,11,-99,18,28,11,517589693,47,2,256,0,""[0,0,0,0,0,0,0,0,0,0,0,0,-1,-6,0,-6,-2,-8,-2,-6,-1,-11,0,-9,-1,-8,-2,-9,-1,-11,-3,-13,-3,-11,-2,-12,-2,-14,-3,-15,-2,-13,-2,-17,-4,-14,-3,-17,-2,-15,-6,-17,-8,-17,-2,-18,-8,-18,-4,-17,-7,-19,-7,-18,-7,-20,-7,-17,-8,-22,-8,-17,-11,-19,-11,-15,-13,-18,-13,-15,-15,-18,-15,-17,-17,-17,-17,-15,-18,-17,-20,-17,-20,-12,-23,-17,-19,-15,-24,-12,-20,-12,-26,-9,-26,-11,-28,-6,-29,-9,-30,-8,-28,-8,-30,-8,-31,-8,-31,-7,-33,-7,-33,-3,-33,0,0,0,0,0,0,0,-2,33,1,36,3,31,2,35,3,37,2,30,4,37,3,31,7,34,6,30,9,29,14,30,11,30,14,29,9,26,14,26,15,26,15,26,15,23,18,26,18,23,22,23,17,19,20,20,22,19,23,18,25,19,25,17,25,19,28,15,28,17,25,12,29,20,25,14,25,13,22,13,30,12,26,13,29,11,26,13,28,12,25,13,24,13,26,13,23,9,24,14,20,12,24,9,18,8,22,12,19,8,20,8,18,12,19,9,15,12,13,11,14,11,0,0,0,0,0,0,0,0,0,0]"""
1782031931818,2026-06-21T17:52:11.818,safe,posture,mhw,standing_still,t017,"CSI_DATA,535035,1a:00:00:00:00:00,-43,11,-99,18,28,11,517600693,47,2,256,0,""[0,0,0,0,0,0,0,0,0,0,0,0,8,2,7,1,7,3,8,2,8,2,9,2,11,3,11,2,9,3,9,2,12,3,13,3,13,3,14,2,14,3,14,4,15,2,15,2,17,3,19,6,19,3,18,3,18,3,22,2,20,2,20,2,20,1,19,1,20,2,20,0,22,0,24,-1,23,-2,23,-1,22,-2,22,-3,22,-4,24,-8,23,-7,22,-8,23,-9,24,-9,23,-11,24,-15,25,-15,24,-15,24,-17,23,-18,23,-18,23,-19,23,-23,22,-22,23,-22,26,-23,23,-25,23,-25,23,-28,0,0,0,0,0,0,-26,-20,-28,-18,-31,-19,-29,-19,-28,-17,-29,-17,-29,-17,-29,-15,-31,-11,-31,-15,-31,-14,-29,-9,-28,-12,-30,-8,-34,-8,-29,-4,-31,-2,-30,-2,-29,-2,-30,-3,-30,0,-30,2,-31,1,-30,1,-30,3,-28,2,-29,4,-29,11,-30,8,-29,9,-28,9,-26,9,-29,8,-26,12,-28,12,-31,11,-31,9,-30,8,-29,9,-26,8,-26,11,-28,12,-28,8,-25,11,-24,9,-24,8,-24,7,-24,8,-24,7,-25,4,-23,6,-20,4,-20,2,-20,4,-20,3,-17,3,-15,2,0,0,0,0,0,0,0,0,0,0]"""
1782031931829,2026-06-21T17:52:11.829,safe,posture,mhw,standing_still,t017,"CSI_DATA,535036,1a:00:00:00:00:00,-43,11,-99,18,28,11,517611693,47,2,256,0,""[0,0,0,0,0,0,0,0,0,0,0,0,-2,7,-2,8,-2,7,-4,8,-2,7,-6,9,-4,8,-4,9,-6,9,-4,8,-7,12,-7,12,-8,11,-7,11,-8,12,-8,11,-9,13,-11,13,-13,14,-12,12,-13,9,-14,13,-17,12,-15,13,-15,12,-17,13,-15,11,-17,14,-14,12,-17,14,-14,12,-18,17,-18,14,-17,14,-17,15,-15,13,-15,14,-17,18,-17,15,-14,15,-17,17,-15,18,-17,22,-15,20,-22,23,-19,20,-18,20,-19,20,-18,19,-20,22,-22,26,-18,23,-22,24,-22,26,-23,26,-25,26,-22,26,0,0,0,0,0,0,25,23,23,23,28,26,25,23,18,23,24,26,22,22,24,26,22,22,24,28,23,24,20,23,22,23,19,22,23,25,22,22,22,22,22,19,23,20,18,19,24,20,23,19,25,22,23,20,22,19,20,19,22,19,25,20,23,20,22,19,19,18,24,20,20,20,25,20,23,19,25,26,19,25,19,24,19,24,15,22,17,24,19,24,15,25,14,22,13,24,13,22,12,24,11,23,8,26,7,24,6,22,3,20,2,19,2,20,1,23,0,20,-3,18,0,0,0,0,0,0,0,0,0,0]"""
1782031931840,2026-06-21T17:52:11.840,safe,posture,mhw,standing_still,t017,"CSI_DATA,535037,1a:00:00:00:00:00,-44,11,-99,18,28,11,517622693,47,2,256,0,""[0,0,0,0,0,0,0,0,0,0,0,0,7,-2,9,-2,4,0,7,-2,7,-3,9,-2,11,-2,8,-2,11,-1,9,-2,12,-3,14,-3,13,-3,13,-6,13,-4,13,-3,17,-6,15,-6,17,-4,20,-4,19,-7,17,-6,17,-4,19,-7,18,-7,18,-6,17,-7,20,-7,18,-7,19,-12,18,-9,24,-12,20,-8,19,-8,20,-9,18,-11,18,-12,19,-15,18,-14,15,-14,18,-17,14,-17,18,-22,17,-20,20,-25,19,-19,18,-22,20,-19,15,-20,15,-25,17,-29,13,-26,17,-25,19,-28,14,-33,15,-30,18,-31,0,0,0,0,0,0,-30,-14,-28,-12,-37,-13,-30,-14,-26,-11,-33,-12,-29,-9,-35,-12,-30,-7,-35,-12,-33,-9,-30,-9,-28,-7,-26,-7,-34,-3,-30,-1,-30,-1,-28,-1,-30,-2,-26,1,-30,4,-31,3,-34,2,-33,2,-29,2,-28,1,-26,3,-30,12,-28,7,-28,8,-25,7,-30,8,-25,9,-28,13,-28,11,-36,9,-31,6,-29,7,-31,4,-25,3,-26,8,-29,11,-28,8,-23,7,-26,6,-24,7,-26,7,-25,6,-30,3,-23,0,-23,1,-20,-2,-19,-1,-19,0,-23,0,-19,0,-18,-2,0,0,0,0,0,0,0,0,0,0]"""
1782031931850,2026-06-21T17:52:11.850,safe,posture,mhw,standing_still,t017,"CSI_DATA,535038,1a:00:00:00:00:00,-44,11,-99,15,29,11,517633693,47,2,256,0,""[0,0,0,0,0,0,0,0,0,0,0,0,-7,2,-8,1,-5,1,-8,0,-5,2,-10,0,-10,-1,-9,1,-11,1,-10,1,-14,0,-14,1,-14,2,-15,2,-14,0,-14,0,-19,2,-16,2,-20,2,-19,-2,-16,-4,-17,0,-19,-1,-22,2,-22,2,-20,2,-17,2,-22,1,-17,2,-22,5,-19,3,-26,3,-22,2,-22,3,-21,3,-21,4,-20,5,-23,10,-21,8,-20,9,-21,8,-19,13,-22,15,-23,15,-28,16,-24,11,-23,15,-27,14,-22,13,-23,17,-24,23,-22,19,-26,20,-28,20,-24,24,-24,22,-27,22,0,0,0,0,0,0,24,27,21,24,29,30,23,26,22,20,26,24,22,22,27,23,24,19,27,27,24,24,21,20,22,20,22,20,29,19,26,15,29,15,23,11,26,15,24,11,28,11,27,10,32,13,29,14,27,11,28,11,26,8,32,5,30,7,29,5,26,5,30,8,27,4,32,3,29,4,39,10,30,10,28,8,29,11,27,9,27,8,32,7,28,7,22,5,26,10,24,7,27,8,23,9,28,14,20,10,20,11,17,14,15,9,17,13,19,11,15,10,14,13,0,0,0,0,0,0,0,0,0,0]"""
1782031931862,2026-06-21T17:52:11.862,safe,posture,mhw,standing_still,t017,"CSI_DATA,535039,1a:00:00:00:00:00,-43,11,-99,18,28,11,517645167,47,2,256,0,""[0,0,0,0,0,0,0,0,0,0,0,0,4,-1,6,-4,7,-3,7,-3,8,-2,11,-2,11,-1,9,0,12,-2,9,-1,13,-3,13,-2,15,-2,14,-2,17,0,14,0,17,-1,15,1,19,2,17,7,13,7,20,4,17,7,19,4,19,6,19,4,18,7,22,11,17,4,22,6,19,8,24,9,19,12,18,11,22,12,20,11,18,8,24,7,22,8,22,7,23,11,23,4,26,8,25,9,29,12,23,13,26,12,25,15,25,12,26,13,30,11,30,12,31,17,26,18,31,14,31,18,28,18,0,0,0,0,0,0,20,-31,19,-24,24,-29,24,-24,22,-23,25,-29,18,-23,25,-26,20,-24,26,-24,25,-22,25,-17,24,-22,22,-17,22,-20,20,-22,20,-23,20,-19,25,-20,17,-19,19,-24,20,-19,23,-22,23,-19,23,-14,24,-22,23,-17,22,-20,23,-20,23,-20,22,-18,26,-17,20,-17,24,-20,25,-17,31,-19,26,-12,26,-12,30,-8,28,-9,25,-8,28,-12,28,-7,26,-8,30,-4,24,-6,26,-3,26,0,28,1,20,6,23,4,20,7,20,7,18,8,20,7,18,7,15,11,0,0,0,0,0,0,0,0,0,0]"""
1782031931873,2026-06-21T17:52:11.873,safe,posture,mhw,standing_still,t017,"CSI_DATA,535040,1a:00:00:00:00:00,-44,11,-99,18,28,11,517655693,47,2,256,0,""[0,0,0,0,0,0,0,0,0,0,0,0,1,-6,2,-6,1,-6,2,-8,3,-8,1,-8,2,-9,2,-11,4,-9,4,-13,4,-12,2,-13,3,-12,4,-13,6,-13,8,-15,7,-14,9,-15,8,-13,7,-13,7,-15,8,-15,8,-18,9,-17,9,-18,9,-19,11,-19,7,-18,12,-18,9,-19,9,-19,11,-19,8,-23,7,-19,7,-22,8,-20,8,-24,7,-20,8,-23,7,-25,4,-23,8,-24,7,-25,3,-26,4,-24,1,-30,4,-28,0,-28,3,-29,3,-30,4,-30,4,-30,3,-31,4,-35,3,-34,3,-33,0,-36,0,0,0,0,0,0,-33,-4,-36,-2,-33,0,-34,-1,-37,-2,-31,-2,-37,-2,-31,-1,-33,0,-31,-1,-31,-1,-33,3,-30,-1,-31,3,-30,1,-30,2,-30,3,-30,3,-28,4,-33,2,-28,6,-29,7,-28,6,-28,7,-30,9,-28,6,-31,8,-28,9,-29,9,-29,11,-30,6,-26,11,-33,7,-30,7,-28,9,-28,6,-30,12,-28,8,-29,9,-28,6,-29,4,-29,3,-30,2,-29,2,-25,3,-26,1,-24,-1,-24,2,-22,-2,-26,0,-22,-3,-22,-1,-20,-3,-23,-3,-17,-6,-19,-7,-17,-7,0,0,0,0,0,0,0,0,0,0]"""
1782031931883,2026-06-21T17:52:11.883,safe,posture,mhw,standing_still,t017,"CSI_DATA,535041,1a:00:00:00:00:00,-44,11,-99,18,28,11,517666693,47,2,256,0,""[0,0,0,0,0,0,0,0,0,0,0,0,6,0,7,2,8,1,8,2,8,1,11,2,11,3,8,3,11,2,9,3,13,3,14,4,14,4,13,3,13,7,13,4,19,6,14,6,18,8,15,9,13,7,19,8,13,11,19,9,18,11,18,8,17,11,18,12,14,7,22,11,18,9,23,13,20,13,19,12,20,11,18,11,18,9,24,7,23,7,19,6,23,9,20,2,28,6,25,7,34,11,25,9,28,7,24,11,25,4,29,7,34,3,29,2,34,6,30,8,33,2,35,6,35,7,0,0,0,0,0,0,8,-36,7,-30,7,-40,8,-34,7,-25,7,-36,3,-28,7,-37,3,-29,8,-36,9,-34,9,-28,4,-30,7,-26,3,-33,2,-30,2,-31,2,-26,3,-31,0,-25,0,-34,1,-28,0,-33,2,-33,2,-30,1,-28,1,-26,-4,-29,-1,-30,-3,-30,-1,-28,0,-35,-2,-25,-4,-31,-1,-29,1,-39,3,-31,2,-30,6,-30,3,-28,3,-25,1,-30,4,-29,3,-25,7,-25,3,-23,3,-29,7,-23,12,-29,12,-20,11,-20,12,-18,9,-17,11,-15,13,-19,11,-15,13,-13,0,0,0,0,0,0,0,0,0,0]"""
1782031931896,2026-06-21T17:52:11.896,safe,posture,mhw,standing_still,t017,"CSI_DATA,535042,1a:00:00:00:00:00,-44,11,-99,18,28,11,517677693,47,2,256,0,""[0,0,0,0,0,0,0,0,0,0,0,0,4,-4,4,-3,7,-7,6,-6,7,-6,6,-4,8,-6,9,-8,7,-7,9,-7,9,-7,9,-7,9,-8,13,-7,12,-6,14,-8,13,-8,18,-6,13,-6,13,-7,14,-8,18,-7,18,-7,18,-6,18,-7,19,-7,19,-6,18,-7,23,-9,18,-7,20,-7,17,-7,19,-8,20,-8,22,-11,20,-11,22,-11,22,-9,23,-11,24,-13,20,-12,25,-13,24,-11,22,-15,17,-11,24,-17,25,-13,19,-19,26,-17,25,-18,25,-15,28,-14,26,-15,30,-19,28,-18,26,-17,26,-20,0,0,0,0,0,0,-15,-29,-19,-34,-14,-24,-15,-31,-19,-34,-13,-28,-18,-34,-14,-26,-17,-33,-15,-24,-14,-25,-15,-29,-15,-28,-20,-30,-15,-25,-17,-25,-18,-24,-17,-26,-15,-23,-19,-29,-17,-23,-18,-25,-17,-19,-19,-20,-20,-24,-20,-23,-22,-24,-20,-23,-19,-25,-20,-23,-19,-24,-19,-19,-19,-29,-17,-23,-18,-25,-13,-20,-19,-24,-15,-25,-18,-24,-15,-26,-15,-26,-11,-26,-12,-26,-12,-26,-12,-22,-9,-26,-6,-24,-7,-25,-3,-19,-6,-22,-3,-22,-3,-20,-1,-22,0,-22,1,-19,2,-18,4,-18,0,0,0,0,0,0,0,0,0,0]"""
1782031931906,2026-06-21T17:52:11.906,safe,posture,mhw,standing_still,t017,"CSI_DATA,535043,1a:00:00:00:00:00,-44,11,-99,18,28,11,517688693,47,2,256,0,""[0,0,0,0,0,0,0,0,0,0,0,0,-4,-3,-6,-3,-6,-3,-7,-3,-8,-6,-8,-4,-8,-4,-8,-4,-8,-6,-11,-6,-12,-4,-11,-6,-11,-6,-12,-7,-13,-7,-13,-8,-14,-7,-14,-7,-14,-8,-17,-8,-20,-7,-14,-11,-18,-8,-18,-6,-17,-8,-19,-7,-18,-8,-17,-6,-19,-9,-18,-7,-19,-7,-19,-6,-23,-6,-22,-6,-22,-2,-23,-4,-24,-3,-24,-2,-25,-2,-24,0,-23,1,-26,-2,-25,0,-25,4,-25,2,-28,6,-28,4,-28,8,-26,6,-29,7,-30,8,-30,6,-30,8,-34,12,-31,11,-30,12,-31,14,0,0,0,0,0,0,14,33,17,31,18,29,17,30,17,30,17,29,17,30,15,28,20,28,19,28,20,26,20,24,18,23,23,20,23,22,22,20,25,20,24,18,23,17,24,20,25,15,26,17,23,13,26,14,28,13,25,12,30,12,29,11,28,12,31,9,29,9,28,6,29,12,28,11,29,8,26,9,33,8,30,11,30,4,28,9,26,8,28,8,26,12,26,11,24,9,26,11,23,12,24,7,22,9,23,11,19,9,20,11,17,11,19,9,15,12,14,11,13,11,0,0,0,0,0,0,0,0,0,0]"""
1782031931917,2026-06-21T17:52:11.917,safe,posture,mhw,standing_still,t017,"CSI_DATA,535044,1a:00:00:00:00:00,-43,11,-99,20,28,11,517699693,47,2,256,0,""[0,0,0,0,0,0,0,0,0,0,0,0,4,-4,4,-4,8,-6,5,-3,6,-4,6,-2,9,-4,9,-4,10,-3,12,-6,12,-4,11,-5,12,-4,15,-4,15,-2,17,-3,16,-3,17,-1,13,-1,15,-3,16,-3,20,-3,20,-1,19,0,19,-1,20,-1,21,0,20,-1,24,1,20,1,21,0,18,0,20,-1,21,-2,23,-3,24,0,24,-1,24,1,25,-1,26,-1,23,-3,27,-1,24,1,27,-2,20,-1,27,-3,30,0,28,-5,31,-2,31,-2,30,0,33,-1,32,0,36,-2,35,-1,32,-1,34,1,0,0,0,0,0,0,3,-34,5,-36,4,-28,4,-34,3,-40,6,-31,5,-36,5,-31,5,-34,3,-27,3,-31,2,-32,3,-33,4,-34,5,-30,4,-31,3,-32,3,-32,4,-27,4,-34,1,-27,4,-32,0,-24,1,-27,2,-31,1,-32,2,-32,4,-27,3,-31,3,-30,4,-32,4,-30,8,-34,4,-27,6,-30,5,-26,4,-30,8,-28,5,-30,11,-30,11,-28,12,-24,13,-26,15,-26,13,-24,17,-24,15,-18,16,-21,12,-15,15,-17,16,-16,13,-16,17,-12,18,-13,17,-10,17,-8,16,-5,0,0,0,0,0,0,0,0,0,0]"""
1782031931929,2026-06-21T17:52:11.929,safe,posture,mhw,standing_still,t017,"CSI_DATA,535045,1a:00:00:00:00:00,-43,11,-99,16,29,11,517710693,47,2,256,0,""[0,0,0,0,0,0,0,0,0,0,0,0,-6,1,-6,2,-9,1,-9,0,-8,1,-9,0,-11,1,-10,1,-10,0,-11,1,-12,0,-12,-1,-15,-2,-13,0,-13,-2,-17,-4,-16,-2,-15,-3,-15,-4,-18,-4,-19,-3,-16,-6,-20,-6,-18,-8,-17,-8,-17,-8,-18,-9,-18,-6,-19,-11,-19,-10,-19,-8,-18,-11,-20,-9,-18,-10,-20,-10,-19,-10,-20,-10,-19,-12,-20,-12,-24,-10,-23,-9,-23,-12,-21,-16,-25,-10,-20,-11,-27,-12,-25,-13,-27,-10,-25,-12,-26,-15,-26,-15,-25,-16,-26,-16,-30,-19,-30,-17,-27,-16,-28,-18,0,0,0,0,0,0,-20,26,-25,30,-18,26,-20,27,-24,28,-21,24,-25,26,-23,23,-23,25,-21,21,-21,21,-20,25,-21,23,-20,24,-21,23,-18,19,-21,23,-20,20,-18,20,-23,21,-19,23,-21,23,-19,20,-20,21,-21,24,-20,19,-21,23,-19,23,-21,20,-21,21,-21,20,-20,21,-27,19,-25,18,-23,19,-24,15,-25,20,-25,16,-24,18,-25,12,-26,13,-27,11,-26,8,-27,9,-25,8,-27,3,-25,2,-25,5,-21,0,-24,2,-23,-1,-21,1,-20,-3,-21,-2,-20,-3,-17,-6,-16,-6,0,0,0,0,0,0,0,0,0,0]"""
1782031931938,2026-06-21T17:52:11.938,safe,posture,mhw,standing_still,t017,"CSI_DATA,535046,1a:00:00:00:00:00,-43,11,-99,16,29,11,517721693,47,2,256,0,""[0,0,0,0,0,0,0,0,0,0,0,0,8,-1,5,-1,8,0,6,0,9,-1,8,0,9,1,11,1,10,1,13,0,11,2,11,3,13,3,15,3,13,4,17,6,15,6,17,8,13,8,15,5,15,8,16,9,19,12,16,12,17,13,17,12,18,15,15,11,17,18,16,11,17,16,12,12,17,13,17,15,18,13,18,15,19,17,17,17,18,17,20,18,18,16,19,18,16,18,21,18,15,15,21,17,20,19,24,17,20,21,24,21,19,21,20,24,20,24,24,25,21,25,19,25,21,26,0,0,0,0,0,0,28,-17,35,-19,25,-15,30,-15,35,-19,26,-11,36,-16,27,-12,34,-13,27,-11,26,-12,30,-13,27,-13,31,-15,30,-10,26,-12,28,-13,27,-10,24,-9,33,-11,24,-12,31,-10,23,-9,25,-9,28,-10,27,-10,31,-11,26,-8,28,-8,28,-10,32,-9,27,-8,35,-6,27,-4,33,-3,24,-3,31,-4,31,-1,30,-5,32,0,33,2,27,4,28,3,31,5,25,4,27,9,21,9,25,8,17,8,20,10,19,10,19,10,18,13,17,13,12,15,11,13,9,15,0,0,0,0,0,0,0,0,0,0]"""
1782031931951,2026-06-21T17:52:11.951,safe,posture,mhw,standing_still,t017,"CSI_DATA,535047,1a:00:00:00:00:00,-43,11,-99,17,28,11,517732693,47,2,256,0,""[0,0,0,0,0,0,0,0,0,0,0,0,6,-1,6,0,7,-1,7,-1,10,0,8,-1,8,-1,10,-2,12,-1,12,-3,12,-2,12,-3,12,-3,13,-3,13,-3,17,-3,13,-5,18,-6,13,-5,17,-5,17,-8,17,-7,18,-8,16,-7,18,-10,18,-10,18,-7,18,-10,20,-11,17,-8,18,-12,13,-10,17,-15,16,-15,15,-17,16,-16,15,-20,15,-17,13,-20,15,-23,11,-20,15,-25,10,-21,10,-26,7,-17,7,-27,8,-27,1,-30,6,-30,6,-32,5,-30,3,-32,3,-32,2,-36,3,-35,1,-31,-2,-36,0,0,0,0,0,0,-33,3,-39,3,-27,3,-35,7,-41,7,-28,6,-37,11,-27,8,-35,11,-25,10,-27,12,-27,15,-28,16,-28,18,-25,15,-23,17,-23,21,-25,20,-20,18,-25,23,-17,20,-21,25,-12,20,-13,22,-16,25,-16,25,-15,30,-12,26,-13,28,-11,30,-10,31,-7,27,-15,33,-11,27,-8,30,-7,23,-5,32,-8,27,-3,31,-7,31,-7,32,-7,26,-7,26,-6,30,-6,25,-7,28,-8,21,-5,26,-5,18,-5,22,-6,21,-5,21,-6,18,-7,22,-7,16,-7,15,-8,16,0,0,0,0,0,0,0,0,0,0]"""
1782031931960,2026-06-21T17:52:11.960,safe,posture,mhw,standing_still,t017,"CSI_DATA,535048,1a:00:00:00:00:00,-43,11,-99,18,28,11,517743693,47,2,256,0,""[0,0,0,0,0,0,0,0,0,0,0,0,7,-1,8,0,7,0,9,1,8,1,9,-1,11,0,9,1,12,-1,9,2,12,2,12,1,13,1,15,2,15,4,14,2,18,2,14,3,18,4,17,3,14,3,20,3,15,7,18,7,20,6,19,6,20,6,22,8,18,3,20,4,20,7,23,6,20,9,23,6,22,6,23,6,22,4,23,2,22,3,24,3,25,6,22,-1,25,1,26,4,30,2,25,4,29,1,30,4,28,0,28,2,33,-1,30,-2,35,2,31,0,34,-2,36,0,34,0,0,0,0,0,0,0,2,-39,3,-34,3,-39,4,-36,2,-30,4,-36,1,-28,3,-37,2,-30,3,-35,2,-34,6,-29,0,-33,1,-29,0,-31,-1,-31,-1,-30,-1,-30,1,-34,-3,-25,-6,-29,-1,-29,-3,-30,-1,-29,-1,-28,-4,-31,-2,-28,-4,-29,-3,-31,-4,-29,-4,-28,-2,-33,-8,-25,-8,-30,-2,-30,-4,-34,-1,-31,-2,-30,0,-31,-1,-30,-1,-28,0,-28,0,-29,0,-26,4,-29,0,-25,2,-26,6,-25,6,-25,7,-19,7,-22,11,-19,8,-19,9,-18,11,-18,7,-15,12,-15,0,0,0,0,0,0,0,0,0,0]"""
1782031931974,2026-06-21T17:52:11.974,safe,posture,mhw,standing_still,t017,"CSI_DATA,535049,1a:00:00:00:00:00,-44,11,-99,18,28,11,517754755,47,2,256,0,""[0,0,0,0,0,0,0,0,0,0,0,0,2,-6,2,-6,3,-7,3,-7,4,-7,4,-7,3,-9,6,-9,6,-8,6,-8,7,-11,8,-11,8,-12,8,-11,9,-8,12,-12,11,-13,12,-11,12,-9,9,-12,11,-13,13,-12,15,-14,14,-13,17,-13,15,-12,15,-12,14,-12,20,-12,14,-12,18,-13,17,-12,18,-15,17,-14,17,-15,15,-15,17,-17,18,-15,19,-15,18,-18,15,-18,19,-15,19,-17,17,-20,18,-17,18,-22,19,-20,15,-25,22,-22,19,-23,20,-23,23,-22,22,-22,25,-24,25,-25,22,-25,24,-26,0,0,0,0,0,0,-24,-25,-26,-24,-24,-23,-24,-24,-26,-25,-22,-24,-24,-28,-22,-23,-23,-25,-22,-24,-22,-24,-24,-22,-22,-22,-25,-22,-22,-23,-20,-19,-24,-22,-24,-19,-20,-17,-24,-23,-23,-18,-24,-20,-22,-17,-23,-17,-24,-17,-22,-18,-25,-17,-25,-15,-24,-19,-25,-18,-25,-17,-24,-14,-24,-22,-22,-20,-22,-18,-19,-20,-25,-22,-20,-20,-23,-19,-18,-22,-18,-22,-17,-23,-17,-24,-18,-23,-15,-22,-14,-24,-9,-23,-14,-22,-7,-19,-11,-24,-7,-20,-8,-18,-6,-20,-3,-20,-2,-20,-2,-18,1,-20,0,0,0,0,0,0,0,0,0,0]"""
1782031931984,2026-06-21T17:52:11.984,safe,posture,mhw,standing_still,t017,"CSI_DATA,535050,1a:00:00:00:00:00,-44,11,-99,18,28,11,517765693,47,2,256,0,""[0,0,0,0,0,0,0,0,0,0,0,0,-3,7,-1,7,-3,7,-4,6,-3,7,-4,7,-3,7,-6,11,-6,8,-8,11,-8,9,-7,11,-7,11,-8,11,-9,9,-13,11,-12,11,-13,12,-14,11,-15,12,-15,13,-13,8,-15,13,-14,13,-17,12,-15,12,-17,12,-15,12,-20,11,-17,11,-18,13,-19,11,-19,13,-19,12,-18,13,-19,13,-19,13,-19,14,-18,13,-19,17,-18,15,-22,15,-22,14,-19,17,-18,15,-22,20,-22,19,-18,20,-23,17,-23,22,-24,19,-24,18,-25,18,-28,19,-25,19,-28,17,-26,23,0,0,0,0,0,0,20,29,18,33,18,28,18,30,19,31,17,28,17,31,17,29,15,29,14,28,14,28,18,28,13,26,18,25,17,25,17,24,20,26,15,25,14,22,17,28,17,25,18,26,18,22,17,23,18,24,15,23,20,24,18,22,18,24,19,24,17,25,18,22,17,30,15,25,15,26,13,26,15,28,13,28,15,25,9,26,11,28,9,28,7,28,8,26,6,25,4,28,2,25,4,25,1,23,1,25,-2,22,0,22,-4,19,-2,20,-4,19,-4,17,-6,17,0,0,0,0,0,0,0,0,0,0]"""
1782031931996,2026-06-21T17:52:11.996,safe,posture,mhw,standing_still,t017,"CSI_DATA,535051,1a:00:00:00:00:00,-43,11,-99,19,28,11,517776693,47,2,256,0,""[0,0,0,0,0,0,0,0,0,0,0,0,0,-7,0,-7,-1,-7,0,-9,2,-9,1,-9,0,-9,2,-10,0,-11,2,-10,4,-10,2,-14,2,-13,4,-14,5,-16,5,-15,8,-14,7,-15,5,-15,7,-16,9,-19,8,-17,9,-17,10,-15,11,-16,10,-16,14,-16,15,-19,13,-17,11,-16,14,-19,11,-17,11,-17,10,-19,10,-21,11,-21,14,-21,14,-19,14,-19,13,-21,14,-22,14,-21,13,-22,15,-22,14,-22,13,-23,14,-24,14,-26,13,-26,16,-28,19,-24,19,-27,20,-28,19,-27,20,-26,17,-28,19,-26,0,0,0,0,0,0,-28,-28,-28,-26,-26,-21,-26,-24,-27,-24,-22,-26,-23,-26,-23,-24,-21,-24,-22,-21,-22,-21,-22,-22,-26,-23,-22,-22,-17,-24,-22,-22,-23,-22,-21,-21,-21,-23,-22,-21,-22,-21,-21,-23,-19,-16,-20,-19,-21,-17,-24,-20,-22,-22,-17,-21,-20,-22,-22,-21,-20,-23,-20,-24,-20,-23,-20,-22,-17,-26,-17,-22,-17,-23,-17,-23,-19,-22,-16,-27,-15,-26,-8,-26,-13,-28,-10,-27,-8,-28,-7,-26,-4,-26,-4,-26,-4,-22,-3,-21,-2,-22,-1,-22,0,-21,2,-22,4,-17,4,-19,5,-17,0,0,0,0,0,0,0,0,0,0]"""
1782031932005,2026-06-21T17:52:12.005,safe,posture,mhw,standing_still,t017,"CSI_DATA,535052,1a:00:00:00:00:00,-44,11,-99,18,28,11,517787693,47,2,256,0,""[0,0,0,0,0,0,0,0,0,0,0,0,-1,7,-1,7,-2,8,-3,9,-2,8,-4,9,-3,9,-3,9,-4,8,-3,11,-4,12,-6,11,-8,13,-7,12,-8,12,-11,12,-12,13,-11,13,-13,13,-12,15,-11,14,-13,9,-13,11,-13,14,-17,12,-15,13,-15,11,-18,12,-15,11,-18,12,-17,13,-20,13,-20,12,-18,12,-19,12,-19,9,-18,13,-20,14,-19,12,-18,13,-20,14,-20,13,-22,15,-22,14,-26,15,-24,15,-24,15,-23,15,-23,14,-24,15,-26,18,-25,15,-29,14,-30,13,-28,14,-30,17,-31,15,0,0,0,0,0,0,12,35,12,31,14,35,11,33,8,29,9,34,9,30,8,34,9,29,8,35,7,31,7,29,6,30,6,29,9,31,8,29,9,30,8,29,7,28,6,28,8,31,8,28,8,30,6,31,7,28,3,28,6,29,7,31,6,31,6,30,4,29,6,30,3,28,4,33,2,28,1,36,1,30,-1,29,-2,30,-3,26,-4,28,-3,31,-7,28,-6,25,-6,26,-8,24,-12,24,-7,23,-14,23,-12,20,-13,19,-13,15,-13,14,-14,13,-17,14,-15,11,-17,9,0,0,0,0,0,0,0,0,0,0]"""
1782031932015,2026-06-21T17:52:12.015,safe,posture,mhw,standing_still,t017,"CSI_DATA,535053,1a:00:00:00:00:00,-43,11,-99,19,28,11,517798693,47,2,256,0,""[0,0,0,0,0,0,0,0,0,0,0,0,4,5,4,4,7,7,5,5,7,7,5,10,4,8,7,9,3,8,8,9,8,10,7,11,9,11,8,11,5,10,8,15,9,15,8,16,8,16,8,14,7,16,9,15,9,19,9,17,8,19,10,17,8,19,10,17,9,20,9,20,10,17,10,20,13,20,10,19,14,17,13,19,14,19,16,20,15,20,17,20,16,16,17,20,19,21,20,17,19,20,23,20,20,21,24,15,22,17,23,20,24,21,24,17,23,23,26,21,28,22,26,20,29,20,0,0,0,0,0,0,21,-27,20,-29,20,-28,19,-28,21,-29,20,-24,21,-29,20,-26,20,-29,20,-27,16,-28,15,-29,16,-26,15,-29,15,-28,14,-28,13,-30,13,-28,10,-24,14,-29,9,-29,9,-29,8,-28,7,-29,7,-30,9,-27,8,-30,5,-32,8,-29,5,-30,7,-29,4,-29,9,-32,7,-29,7,-29,7,-28,5,-33,8,-29,8,-30,10,-28,9,-28,10,-28,10,-26,11,-26,9,-26,11,-23,14,-21,10,-24,13,-20,13,-22,13,-19,11,-17,11,-15,11,-16,15,-15,13,-13,13,-10,0,0,0,0,0,0,0,0,0,0]"""
1782031932028,2026-06-21T17:52:12.028,safe,posture,mhw,standing_still,t017,"CSI_DATA,535054,1a:00:00:00:00:00,-43,11,-99,19,28,11,517809693,47,2,256,0,""[0,0,0,0,0,0,0,0,0,0,0,0,-8,-2,-7,-3,-4,-2,-7,-4,-7,-1,-9,-5,-9,-4,-9,-5,-11,-4,-9,-3,-11,-5,-14,-5,-14,-4,-14,-3,-13,-5,-15,-4,-17,-3,-14,-5,-17,-7,-17,-5,-14,-5,-20,-3,-17,-7,-21,-4,-21,-4,-19,-3,-19,-3,-22,-4,-19,0,-22,0,-21,-2,-27,0,-22,0,-22,0,-22,1,-22,2,-21,4,-23,8,-20,5,-19,7,-23,8,-17,11,-22,16,-23,14,-29,17,-24,11,-23,16,-24,15,-22,14,-23,19,-22,27,-19,23,-23,23,-21,24,-17,28,-21,30,-22,27,0,0,0,0,0,0,30,20,27,16,36,17,29,17,24,14,34,16,28,10,35,14,28,8,36,15,32,10,29,11,32,7,27,8,34,3,32,1,30,-1,27,-1,33,1,24,-4,30,-8,29,-3,34,-7,30,-5,29,-5,28,-7,27,-8,28,-14,26,-13,24,-14,26,-11,29,-13,22,-16,26,-19,24,-17,33,-19,26,-14,26,-17,29,-14,23,-14,24,-15,24,-20,22,-17,20,-16,23,-13,19,-16,23,-17,21,-13,27,-13,19,-9,20,-11,20,-8,19,-9,19,-7,19,-9,15,-7,19,-7,0,0,0,0,0,0,0,0,0,0]"""
1782031932039,2026-06-21T17:52:12.039,safe,posture,mhw,standing_still,t017,"CSI_DATA,535055,1a:00:00:00:00:00,-44,11,-99,17,28,11,517820693,47,2,256,0,""[0,0,0,0,0,0,0,0,0,0,0,0,5,5,7,5,3,5,5,6,6,5,7,7,8,7,6,8,10,8,6,7,11,8,10,8,11,10,11,8,12,10,11,8,13,10,13,8,15,11,13,16,13,13,13,11,13,11,18,12,18,12,16,11,16,11,18,12,16,8,21,10,20,10,23,11,20,11,20,8,21,8,21,7,20,3,23,3,22,5,22,2,26,3,23,-1,26,-3,26,-3,32,-1,26,0,28,-2,30,-1,25,-3,30,-6,31,-11,27,-8,31,-8,32,-10,32,-17,33,-13,32,-12,0,0,0,0,0,0,-17,-31,-15,-28,-21,-33,-17,-31,-15,-25,-20,-28,-17,-23,-23,-28,-21,-22,-22,-30,-21,-26,-17,-23,-18,-22,-20,-20,-25,-23,-26,-18,-26,-17,-23,-15,-25,-17,-25,-11,-30,-10,-27,-12,-31,-12,-26,-13,-26,-12,-27,-12,-26,-8,-30,-5,-30,-5,-28,-5,-26,-5,-32,-5,-27,-1,-31,1,-31,-1,-37,-1,-30,-7,-31,-3,-31,-6,-27,-3,-26,-3,-31,0,-28,-2,-25,0,-26,-1,-25,1,-27,-1,-25,-1,-28,-5,-22,-5,-22,-5,-18,-7,-17,-3,-18,-5,-20,-5,-18,-5,-18,-6,0,0,0,0,0,0,0,0,0,0]"""
1782031932049,2026-06-21T17:52:12.049,safe,posture,mhw,standing_still,t017,"CSI_DATA,535056,1a:00:00:00:00:00,-43,11,-99,18,28,11,517831693,47,2,256,0,""[0,0,0,0,0,0,0,0,0,0,0,0,-7,2,-8,3,-7,3,-6,4,-6,2,-9,2,-9,2,-8,2,-12,3,-9,2,-13,2,-14,3,-14,2,-14,3,-15,1,-13,1,-18,1,-14,0,-20,1,-18,0,-13,-4,-20,1,-14,-2,-19,-1,-19,-1,-20,-1,-18,-1,-24,-3,-17,0,-23,-1,-19,-1,-26,-2,-23,-3,-22,-2,-22,-1,-23,-1,-19,-1,-25,1,-23,0,-22,1,-25,-1,-20,6,-28,3,-26,0,-33,2,-26,0,-29,3,-29,0,-28,2,-29,2,-33,4,-29,7,-35,3,-31,2,-31,7,-37,3,-35,2,0,0,0,0,0,0,0,36,1,30,3,41,-1,34,0,28,-1,37,0,29,0,40,0,29,-1,40,-1,34,-4,30,1,31,-1,28,-1,33,1,34,4,31,1,29,1,34,4,24,6,33,3,26,4,34,2,33,0,28,2,30,2,25,6,30,6,31,6,29,3,28,2,36,6,25,6,31,2,28,2,40,-3,31,0,29,-4,30,-3,29,-2,26,-1,33,-2,29,-2,25,-7,28,-1,23,-6,26,-7,23,-11,28,-9,19,-11,20,-12,18,-9,15,-12,15,-13,15,-12,14,-13,12,0,0,0,0,0,0,0,0,0,0]"""
1782031932061,2026-06-21T17:52:12.061,safe,posture,mhw,standing_still,t017,"CSI_DATA,535057,1a:00:00:00:00:00,-43,11,-99,18,28,11,517843177,47,2,256,0,""[0,0,0,0,0,0,0,0,0,0,0,0,-4,-6,-3,-6,-4,-7,-4,-6,-3,-8,-2,-8,-3,-8,-4,-11,-4,-9,-6,-12,-6,-11,-4,-9,-4,-12,-4,-14,-3,-13,-6,-17,-7,-14,-7,-18,-7,-13,-6,-14,-4,-19,-8,-17,-9,-18,-7,-15,-7,-19,-9,-18,-8,-19,-8,-15,-11,-23,-11,-18,-12,-20,-9,-14,-14,-17,-13,-17,-15,-17,-15,-19,-17,-18,-14,-18,-17,-18,-18,-18,-18,-14,-22,-18,-18,-18,-24,-13,-17,-12,-25,-12,-23,-15,-26,-9,-29,-13,-29,-11,-25,-14,-29,-14,-28,-12,-31,-14,-31,-15,-28,-9,-31,-8,0,0,0,0,0,0,-12,31,-12,37,-7,28,-9,35,-8,40,-8,28,-8,36,-4,30,-6,35,-3,28,-2,29,-2,33,-2,34,0,36,-2,29,-1,30,0,33,1,31,2,29,4,35,4,25,7,31,4,25,8,25,9,28,9,28,11,30,8,28,9,31,11,29,12,30,13,25,12,35,12,26,13,26,8,22,15,28,13,28,14,25,13,28,12,29,8,25,8,26,8,29,9,25,9,28,4,24,9,24,3,19,9,22,4,20,7,20,2,22,3,22,1,19,-1,19,-1,18,0,0,0,0,0,0,0,0,0,0]"""
1782031932072,2026-06-21T17:52:12.072,safe,posture,mhw,standing_still,t017,"CSI_DATA,535058,1a:00:00:00:00:00,-44,11,-99,16,28,11,517853693,47,2,256,0,""[0,0,0,0,0,0,0,0,0,0,0,0,31,-3,-5,-25,1,11,-16,1,-16,-12,-2,-6,24,7,33,12,6,-3,15,6,-5,-10,14,9,14,9,18,-9,15,10,16,-6,16,-11,24,-7,20,-6,15,5,12,-2,20,3,16,-5,16,-1,20,-1,20,-2,22,0,23,-2,20,0,20,-2,20,-3,20,-3,22,-5,20,-6,24,-7,22,-5,22,-9,22,-10,23,-9,19,-10,20,-11,23,-11,24,-10,23,-12,24,-11,23,-16,24,-15,22,-19,23,-15,23,-18,27,-20,22,-18,25,-22,28,-19,27,-22,27,-23,25,-23,0,0,0,0,0,0,-23,-27,-24,-24,-24,-23,-24,-24,-27,-24,-23,-23,-25,-23,-24,-23,-27,-22,-25,-22,-25,-20,-25,-19,-25,-19,-27,-16,-27,-16,-25,-14,-27,-12,-27,-14,-25,-12,-27,-15,-27,-11,-28,-10,-27,-9,-29,-10,-28,-7,-25,-10,-29,-9,-31,-3,-29,-6,-32,-5,-31,-6,-29,-3,-31,-9,-29,-6,-29,-5,-29,-6,-33,-5,-28,-7,-29,-3,-27,-6,-27,-6,-28,-7,-27,-7,-25,-7,-27,-7,-25,-9,-24,-11,-25,-6,-22,-9,-24,-9,-19,-9,-19,-10,-16,-9,-19,-9,-15,-10,-14,-10,-15,-11,0,0,0,0,0,0,0,0,0,0]"""
1782031932081,2026-06-21T17:52:12.081,safe,posture,mhw,standing_still,t017,"CSI_DATA,535059,1a:00:00:00:00:00,-43,11,-99,18,28,11,517864693,47,2,256,0,""[0,0,0,0,0,0,0,0,0,0,0,0,2,6,2,7,2,7,2,7,3,9,1,9,1,11,1,11,-1,11,1,12,0,12,0,13,-1,14,-1,14,-3,13,-3,17,-3,15,-3,15,-3,18,-6,18,-9,18,-8,15,-7,18,-6,20,-7,17,-8,20,-9,18,-9,17,-13,15,-11,18,-11,18,-12,20,-12,20,-12,17,-12,19,-13,18,-12,18,-12,22,-12,19,-11,19,-11,22,-13,22,-13,22,-12,24,-15,23,-14,25,-17,24,-15,24,-17,24,-18,26,-18,26,-18,23,-20,26,-22,24,-20,26,-23,26,-20,26,0,0,0,0,0,0,24,24,25,24,26,25,24,25,23,25,20,25,24,25,22,26,23,25,19,28,19,28,20,24,17,25,19,24,19,25,18,24,22,23,18,23,18,23,18,25,19,24,19,24,18,25,17,26,17,25,14,24,15,23,19,24,18,24,18,24,15,24,17,24,13,28,15,28,14,29,13,29,13,31,8,29,9,29,6,28,7,28,8,30,2,28,3,28,2,25,0,28,0,26,0,25,-4,24,-3,24,-6,23,-7,22,-8,17,-9,19,-9,18,-11,15,-12,13,0,0,0,0,0,0,0,0,0,0]"""
1782031932093,2026-06-21T17:52:12.093,safe,posture,mhw,standing_still,t017,"CSI_DATA,535060,1a:00:00:00:00:00,-44,11,-99,18,28,11,517875693,47,2,256,0,""[0,0,0,0,0,0,0,0,0,0,0,0,7,0,7,1,11,0,7,1,11,2,7,0,8,1,12,3,12,1,12,2,9,3,13,6,13,3,15,7,11,3,15,7,15,4,17,6,13,4,15,4,20,6,17,6,20,7,17,7,19,8,17,7,19,8,18,7,24,9,18,7,20,8,18,6,20,3,22,4,22,3,22,4,24,7,22,4,22,7,26,4,24,2,29,4,25,3,26,0,20,1,25,-1,26,1,29,-3,31,-1,33,0,29,2,34,1,34,0,35,0,34,0,33,-2,34,-4,0,0,0,0,0,0,-2,-34,0,-41,-2,-26,-4,-35,-3,-41,0,-31,-2,-36,-2,-30,-1,-36,-2,-26,-6,-29,-6,-31,-6,-31,-6,-35,-2,-30,-3,-29,-7,-30,-6,-30,-4,-28,-8,-31,-9,-26,-9,-31,-8,-23,-13,-24,-11,-26,-12,-28,-14,-31,-9,-25,-11,-29,-14,-28,-12,-30,-14,-26,-12,-33,-12,-26,-13,-28,-11,-23,-14,-25,-12,-28,-14,-26,-13,-28,-11,-29,-6,-26,-4,-29,-7,-30,-6,-28,-4,-29,-3,-22,-6,-26,-2,-19,-3,-24,-2,-22,-6,-23,-1,-22,1,-22,3,-17,3,-18,6,-18,0,0,0,0,0,0,0,0,0,0]"""
1782031932106,2026-06-21T17:52:12.106,safe,posture,mhw,standing_still,t017,"CSI_DATA,535061,1a:00:00:00:00:00,-43,11,-99,19,27,11,517886693,47,2,256,0,""[0,0,0,0,0,0,0,0,0,0,0,0,-6,-2,-8,-2,-9,-5,-8,-4,-9,-4,-6,-4,-9,-5,-9,-8,-9,-4,-12,-8,-10,-9,-10,-6,-12,-6,-12,-9,-10,-8,-14,-14,-14,-9,-12,-16,-9,-10,-10,-6,-13,-14,-10,-10,-21,-13,-14,-10,-10,6,24,-52,-108,4,-61,-42,-8,-5,-9,-16,-18,-13,-16,-8,-17,-16,-14,-13,-20,-12,-18,-16,-21,-14,-16,-16,-18,-16,-21,-16,-18,-16,-25,-14,-20,-13,-25,-14,-17,-12,-24,-10,-25,-13,-26,-10,-28,-12,-29,-14,-26,-14,-30,-17,-28,-18,-30,-17,-30,-16,-30,-12,-30,-14,0,0,0,0,0,0,-17,32,-20,36,-13,25,-17,32,-21,36,-17,25,-18,33,-16,28,-17,32,-13,25,-12,29,-12,29,-12,32,-10,33,-13,26,-12,29,-9,30,-12,29,-10,26,-12,33,-8,26,-8,32,-6,24,-4,28,-6,29,-4,30,-9,33,-8,29,-8,30,-5,32,-8,32,-4,29,-9,34,-8,28,-9,29,-6,24,-5,32,-6,29,-6,30,-8,30,-12,29,-10,26,-13,25,-12,28,-12,25,-14,25,-14,20,-13,24,-10,14,-12,21,-12,18,-13,20,-13,17,-16,17,-13,12,-14,10,-17,10,0,0,0,0,0,0,0,0,0,0]"""
1782031932115,2026-06-21T17:52:12.115,safe,posture,mhw,standing_still,t017,"CSI_DATA,535062,1a:00:00:00:00:00,-44,11,-99,17,28,11,517897693,47,2,256,0,""[0,0,0,0,0,0,0,0,0,0,0,0,7,2,7,2,6,3,8,3,7,2,10,3,10,5,7,5,10,3,10,3,12,6,12,5,13,3,13,5,15,7,13,3,15,3,16,6,16,3,16,7,17,10,20,6,17,6,20,6,18,3,18,5,21,5,22,7,18,2,23,2,21,3,25,1,22,1,22,0,21,0,22,-2,22,-1,23,-3,25,-5,22,-5,27,-5,21,-11,26,-10,26,-11,27,-12,23,-10,25,-13,26,-13,25,-13,27,-16,26,-20,23,-21,30,-20,25,-18,25,-26,28,-23,25,-22,0,0,0,0,0,0,-26,-28,-23,-22,-27,-23,-23,-23,-23,-20,-26,-23,-25,-18,-30,-22,-25,-18,-28,-20,-27,-18,-25,-17,-30,-12,-26,-12,-28,-12,-28,-11,-31,-8,-27,-7,-30,-11,-27,-3,-31,-3,-30,-5,-31,-2,-28,-3,-26,-3,-30,0,-27,0,-28,2,-31,2,-30,3,-30,1,-35,1,-26,6,-30,8,-31,5,-33,7,-30,2,-28,7,-31,3,-28,5,-27,6,-28,6,-27,6,-26,6,-27,3,-25,7,-26,5,-26,2,-26,2,-22,0,-22,1,-21,-1,-22,2,-20,1,-20,0,-20,1,-20,-2,0,0,0,0,0,0,0,0,0,0]"""
1782031932127,2026-06-21T17:52:12.127,safe,posture,mhw,standing_still,t017,"CSI_DATA,535063,1a:00:00:00:00:00,-43,11,-99,17,28,11,517909012,47,2,256,0,""[0,0,0,0,0,0,0,0,0,0,0,0,5,-1,7,0,8,0,8,0,10,0,11,-1,10,0,11,0,11,0,11,0,13,-1,12,0,13,-1,16,-1,13,0,17,1,16,-1,17,-1,16,0,18,-1,21,-5,17,-1,21,-3,18,-2,18,-2,21,-3,21,-1,20,-2,22,-2,20,-3,21,-5,20,-5,23,-8,21,-7,22,-10,22,-10,22,-10,22,-11,20,-11,22,-13,20,-13,25,-13,22,-15,21,-16,18,-15,20,-22,20,-17,18,-22,21,-22,20,-23,20,-22,21,-23,21,-23,22,-27,20,-26,17,-26,18,-27,0,0,0,0,0,0,-30,-16,-31,-18,-28,-13,-31,-15,-32,-16,-30,-15,-32,-16,-27,-13,-31,-13,-28,-12,-31,-8,-32,-8,-30,-7,-33,-5,-31,-5,-28,-5,-32,-1,-30,-1,-26,-1,-32,-3,-30,0,-31,1,-27,1,-30,3,-32,5,-28,2,-31,6,-28,6,-30,7,-30,8,-30,8,-26,10,-33,7,-30,7,-30,8,-28,6,-32,10,-30,10,-27,13,-28,8,-27,8,-28,7,-27,7,-28,8,-25,7,-27,5,-25,2,-25,7,-21,6,-25,5,-21,2,-22,6,-20,2,-21,0,-20,1,-17,1,-17,0,0,0,0,0,0,0,0,0,0,0]"""
1782031932138,2026-06-21T17:52:12.138,safe,posture,mhw,standing_still,t017,"CSI_DATA,535064,1a:00:00:00:00:00,-43,11,-99,19,28,11,517919693,47,2,256,0,""[0,0,0,0,0,0,0,0,0,0,0,0,4,2,8,4,4,3,9,5,7,3,10,4,9,7,8,5,10,5,9,5,11,7,13,5,11,8,13,8,13,10,11,5,16,8,13,8,17,9,16,11,13,14,15,8,15,10,19,9,19,9,17,8,16,8,19,13,16,8,21,9,19,9,26,10,20,10,21,8,21,7,22,7,19,5,23,3,23,4,22,2,26,5,22,-2,28,-1,27,0,33,-1,27,3,28,-1,29,0,27,-2,29,-4,33,-8,32,-7,34,-5,34,-4,32,-11,36,-8,36,-8,0,0,0,0,0,0,-7,-35,-8,-29,-13,-40,-8,-34,-9,-27,-10,-34,-10,-26,-15,-36,-11,-27,-15,-36,-11,-30,-10,-26,-15,-29,-11,-24,-16,-28,-17,-26,-19,-24,-17,-21,-17,-27,-17,-16,-23,-21,-19,-20,-23,-23,-21,-22,-19,-21,-22,-21,-20,-16,-26,-16,-26,-19,-26,-15,-21,-16,-26,-21,-23,-13,-28,-15,-24,-17,-32,-21,-22,-21,-24,-16,-24,-21,-23,-16,-21,-15,-26,-16,-23,-15,-22,-15,-22,-16,-20,-13,-22,-17,-17,-19,-21,-21,-13,-16,-17,-19,-11,-19,-13,-15,-10,-15,-10,-16,-10,-15,-9,-16,0,0,0,0,0,0,0,0,0,0]"""
1782031932149,2026-06-21T17:52:12.149,safe,posture,mhw,standing_still,t017,"CSI_DATA,535065,1a:00:00:00:00:00,-43,11,-99,18,28,11,517930693,47,2,256,0,""[0,0,0,0,0,0,0,0,0,0,0,0,4,-4,4,-4,4,-4,6,-6,6,-7,7,-6,7,-7,7,-9,8,-7,8,-8,9,-7,8,-8,11,-8,11,-9,9,-9,13,-12,12,-9,14,-12,13,-9,17,-12,15,-14,13,-8,15,-12,14,-13,15,-13,15,-13,15,-13,13,-13,18,-13,14,-14,13,-15,14,-13,13,-17,15,-17,13,-18,13,-18,14,-19,13,-19,14,-19,14,-22,11,-20,13,-23,12,-20,9,-24,11,-22,9,-30,11,-26,7,-28,11,-26,8,-29,8,-30,9,-28,9,-31,12,-31,9,-34,8,-30,7,-34,0,0,0,0,0,0,-33,-7,-36,-8,-33,-4,-36,-6,-35,-6,-33,-6,-36,-6,-31,-2,-34,-3,-31,-4,-31,-2,-33,-1,-31,-3,-31,0,-30,1,-30,3,-31,3,-30,2,-28,3,-33,3,-28,4,-30,7,-28,7,-30,7,-30,11,-26,7,-30,11,-28,12,-29,12,-29,12,-28,11,-24,13,-33,9,-28,12,-26,12,-26,11,-30,14,-29,11,-28,13,-26,8,-26,11,-30,8,-28,8,-28,8,-24,7,-28,3,-24,3,-24,8,-22,2,-24,6,-23,2,-20,3,-20,-1,-20,0,-20,-1,-17,-2,-18,-3,0,0,0,0,0,0,0,0,0,0]"""
1782031932158,2026-06-21T17:52:12.158,safe,posture,mhw,standing_still,t017,"CSI_DATA,535066,1a:00:00:00:00:00,-43,11,-99,17,28,11,517941693,47,2,256,0,""[0,0,0,0,0,0,0,0,0,0,0,0,5,3,6,5,5,5,6,6,5,6,6,7,6,7,6,7,6,8,7,10,7,10,7,11,6,12,6,12,5,13,5,15,6,16,3,16,3,18,2,16,2,17,1,17,2,18,2,20,1,18,1,20,1,21,1,20,-2,21,0,22,0,21,-1,23,0,22,1,22,0,21,0,22,0,22,1,23,1,23,1,23,1,23,0,25,-1,27,1,27,-1,26,1,30,-1,27,0,28,-3,30,-1,32,-2,31,-2,30,-3,32,-3,35,-5,32,-5,36,-5,33,0,0,0,0,0,0,30,10,33,8,35,7,32,11,33,11,32,11,32,11,32,13,31,12,30,15,30,13,30,12,25,13,30,11,30,11,28,10,28,11,28,11,25,11,28,15,28,13,27,12,27,13,26,13,27,13,23,13,27,11,27,13,27,13,28,15,25,13,27,13,26,17,26,16,23,18,26,21,25,20,22,21,22,21,18,21,20,20,20,23,18,22,16,21,13,22,12,23,11,23,10,23,7,23,8,23,6,22,5,21,1,21,-1,20,0,20,-1,17,-2,17,0,0,0,0,0,0,0,0,0,0]"""
1782031932172,2026-06-21T17:52:12.172,safe,posture,mhw,standing_still,t017,"CSI_DATA,535067,1a:00:00:00:00:00,-43,11,-99,20,28,11,517952693,47,2,256,0,""[0,0,0,0,0,0,0,0,0,0,0,0,5,-5,4,-3,6,-5,6,-6,6,-5,5,-5,6,-5,9,-8,9,-6,10,-6,10,-8,11,-6,11,-8,11,-8,12,-9,16,-9,15,-9,13,-10,15,-9,16,-9,18,-12,15,-6,18,-9,16,-11,16,-10,19,-9,17,-9,16,-10,18,-10,18,-10,17,-10,18,-11,19,-11,19,-12,19,-13,18,-12,19,-11,19,-15,20,-15,18,-18,18,-17,19,-17,19,-17,17,-20,18,-19,18,-24,20,-19,17,-23,19,-21,21,-21,20,-24,19,-24,20,-24,24,-26,21,-27,23,-24,20,-26,0,0,0,0,0,0,-26,-20,-27,-19,-28,-19,-28,-21,-28,-20,-27,-19,-28,-20,-27,-20,-30,-18,-26,-20,-27,-18,-26,-17,-24,-17,-26,-17,-27,-16,-25,-15,-28,-13,-27,-15,-25,-12,-28,-16,-27,-11,-28,-11,-27,-10,-30,-10,-30,-11,-26,-9,-28,-10,-30,-8,-28,-10,-28,-9,-30,-9,-27,-8,-30,-10,-31,-10,-28,-8,-28,-11,-31,-10,-27,-11,-28,-10,-25,-11,-26,-12,-27,-12,-26,-15,-26,-13,-24,-11,-24,-15,-21,-13,-24,-11,-18,-15,-20,-15,-17,-13,-16,-13,-13,-15,-12,-15,-13,-17,-11,-16,-8,-16,0,0,0,0,0,0,0,0,0,0]"""
1782031932180,2026-06-21T17:52:12.180,safe,posture,mhw,standing_still,t017,"CSI_DATA,535068,1a:00:00:00:00:00,-43,11,-99,19,28,11,517963693,47,2,256,0,""[0,0,0,0,0,0,0,0,0,0,0,0,3,4,4,7,4,4,4,7,7,5,7,8,4,8,4,8,7,10,3,8,8,10,7,11,8,13,8,11,7,15,5,13,9,14,9,14,8,19,5,19,4,17,8,16,5,17,8,20,8,20,7,17,5,17,5,21,8,16,10,21,7,19,11,24,7,22,9,21,8,21,9,21,9,19,13,21,13,20,15,19,14,22,15,16,17,20,14,22,20,27,11,23,17,23,15,24,16,22,17,24,23,23,21,21,20,27,21,26,22,24,23,28,23,28,0,0,0,0,0,0,33,-22,26,-17,34,-24,29,-17,22,-16,30,-22,23,-17,30,-22,23,-19,29,-21,28,-20,24,-16,24,-19,22,-17,24,-21,24,-23,21,-22,19,-19,24,-23,17,-19,20,-26,20,-21,22,-24,22,-22,20,-20,20,-21,17,-19,17,-23,20,-26,17,-24,17,-21,23,-23,15,-22,17,-24,20,-22,24,-28,23,-21,21,-21,24,-19,22,-16,19,-19,23,-21,21,-19,17,-16,22,-16,17,-17,22,-17,22,-11,27,-14,21,-9,22,-10,21,-5,20,-5,19,-4,21,-5,16,-4,17,-2,0,0,0,0,0,0,0,0,0,0]"""
1782031932193,2026-06-21T17:52:12.193,safe,posture,mhw,standing_still,t017,"CSI_DATA,535069,1a:00:00:00:00:00,-43,11,-99,18,28,11,517974693,47,2,256,0,""[0,0,0,0,0,0,0,0,0,0,0,0,3,7,3,3,6,6,4,6,6,9,4,8,3,6,6,8,6,9,8,11,7,8,7,9,7,9,9,11,7,11,11,14,9,11,12,14,9,12,9,12,13,18,13,15,14,17,12,14,12,15,14,13,15,15,15,14,17,17,15,13,18,14,14,12,19,11,18,9,22,11,22,11,22,12,20,11,22,11,25,9,22,7,28,9,24,7,26,3,20,3,26,2,28,3,28,-1,30,0,33,0,28,2,33,1,33,0,34,-2,34,-1,33,-2,33,-7,0,0,0,0,0,0,-7,-34,-6,-39,-7,-29,-9,-33,-11,-39,-7,-30,-11,-35,-11,-29,-12,-34,-11,-28,-11,-26,-15,-29,-14,-28,-19,-28,-14,-25,-15,-25,-19,-24,-19,-24,-17,-22,-23,-26,-19,-19,-23,-22,-18,-17,-22,-17,-25,-19,-24,-15,-26,-17,-24,-15,-26,-18,-28,-14,-28,-17,-28,-9,-30,-18,-26,-14,-28,-13,-23,-11,-29,-9,-26,-14,-29,-9,-28,-11,-26,-13,-23,-14,-24,-14,-26,-14,-24,-12,-25,-13,-20,-13,-25,-11,-17,-9,-22,-11,-18,-11,-19,-11,-18,-12,-18,-12,-14,-12,-13,-12,-13,-12,0,0,0,0,0,0,0,0,0,0]"""
1782031932204,2026-06-21T17:52:12.204,safe,posture,mhw,standing_still,t017,"CSI_DATA,535070,1a:00:00:00:00:00,-44,11,-99,18,28,11,517985693,47,2,256,0,""[0,0,0,0,0,0,0,0,0,0,0,0,-7,2,-6,0,-8,1,-8,0,-8,1,-9,1,-9,2,-13,1,-9,-1,-13,0,-12,0,-12,-1,-13,-1,-14,-1,-15,-1,-19,-3,-15,-2,-18,-6,-14,-6,-14,-3,-18,-6,-17,-6,-20,-6,-18,-4,-18,-6,-20,-6,-19,-8,-18,-7,-20,-11,-19,-8,-20,-11,-18,-7,-20,-6,-20,-8,-22,-7,-23,-7,-23,-7,-22,-8,-23,-8,-25,-8,-22,-7,-26,-9,-24,-9,-25,-7,-22,-6,-29,-6,-26,-8,-29,-3,-29,-7,-29,-7,-26,-8,-28,-11,-30,-9,-36,-12,-31,-12,-31,-9,-34,-7,0,0,0,0,0,0,-15,31,-13,36,-11,29,-14,33,-15,35,-12,25,-17,34,-13,28,-15,33,-13,29,-12,26,-12,31,-13,26,-11,30,-13,28,-9,28,-9,29,-9,29,-9,25,-13,33,-9,26,-9,30,-8,26,-8,28,-11,30,-8,28,-8,31,-7,29,-9,29,-8,30,-9,30,-7,28,-14,33,-12,29,-13,29,-11,25,-12,30,-14,25,-11,29,-14,26,-15,26,-17,23,-18,24,-18,23,-14,19,-22,22,-20,14,-19,18,-14,12,-17,18,-19,12,-17,13,-18,11,-18,9,-17,7,-18,6,-18,4,0,0,0,0,0,0,0,0,0,0]"""
1782031932216,2026-06-21T17:52:12.216,safe,posture,mhw,standing_still,t017,"CSI_DATA,535071,1a:00:00:00:00:00,-43,11,-99,18,28,11,517996693,47,2,256,0,""[0,0,0,0,0,0,0,0,0,0,0,0,-1,-6,-1,-6,0,-7,0,-8,-1,-7,1,-11,1,-11,1,-11,1,-11,2,-11,1,-13,1,-13,2,-14,3,-14,6,-14,2,-14,4,-17,4,-15,6,-15,6,-18,6,-15,9,-15,9,-14,8,-18,9,-18,9,-15,9,-18,11,-18,11,-17,9,-19,11,-17,13,-22,13,-19,12,-17,14,-19,11,-18,11,-18,11,-22,12,-19,8,-20,12,-19,8,-22,12,-24,9,-24,14,-29,13,-24,13,-26,15,-25,13,-24,13,-26,14,-34,13,-26,17,-26,19,-28,15,-33,18,-30,19,-30,0,0,0,0,0,0,-26,-19,-25,-19,-34,-23,-28,-20,-25,-19,-29,-22,-24,-19,-29,-23,-25,-18,-29,-24,-25,-24,-22,-22,-22,-22,-22,-20,-26,-22,-24,-18,-26,-19,-23,-15,-20,-19,-22,-17,-25,-18,-23,-17,-25,-19,-24,-22,-20,-18,-20,-19,-23,-18,-26,-17,-25,-18,-25,-17,-22,-17,-22,-19,-20,-18,-24,-19,-22,-20,-24,-26,-20,-25,-18,-23,-15,-25,-13,-23,-15,-23,-20,-26,-14,-23,-13,-20,-11,-24,-11,-23,-11,-25,-9,-23,-6,-26,-3,-24,-2,-24,0,-22,0,-19,1,-20,1,-22,1,-18,3,-17,0,0,0,0,0,0,0,0,0,0]"""
1782031932227,2026-06-21T17:52:12.227,safe,posture,mhw,standing_still,t017,"CSI_DATA,535072,1a:00:00:00:00:00,-44,11,-99,18,28,11,518008518,47,2,256,0,""[0,0,0,0,0,0,0,0,0,0,0,0,-4,-1,-7,-1,-6,-1,-8,-2,-8,-2,-9,-3,-8,-4,-8,-3,-9,-4,-8,-4,-11,-6,-11,-7,-12,-7,-11,-6,-13,-9,-9,-8,-15,-11,-11,-9,-13,-13,-13,-14,-11,-11,-12,-15,-8,-13,-13,-13,-13,-15,-11,-15,-11,-15,-12,-19,-9,-14,-13,-18,-12,-15,-14,-23,-9,-19,-11,-18,-12,-22,-9,-20,-9,-17,-14,-18,-13,-17,-12,-15,-12,-22,-15,-18,-19,-22,-15,-22,-18,-28,-12,-23,-14,-22,-12,-26,-13,-20,-14,-23,-22,-26,-18,-24,-17,-29,-14,-29,-22,-29,-18,-35,-14,-29,0,0,0,0,0,0,-34,12,-26,11,-39,15,-33,12,-25,8,-36,11,-28,11,-34,12,-28,9,-37,7,-34,7,-29,4,-30,7,-28,3,-31,7,-30,8,-30,9,-25,7,-33,7,-25,7,-31,11,-25,8,-33,8,-31,7,-28,4,-29,6,-26,3,-30,11,-30,8,-29,8,-26,4,-33,3,-24,4,-31,8,-28,6,-37,2,-33,-2,-30,-2,-30,-4,-26,-4,-28,-3,-29,-1,-28,-4,-24,-3,-26,-8,-23,-4,-26,-9,-22,-8,-24,-14,-18,-13,-18,-14,-15,-15,-15,-13,-12,-13,-15,-14,-12,-14,-9,-13,0,0,0,0,0,0,0,0,0,0]"""
1782031932238,2026-06-21T17:52:12.238,safe,posture,mhw,standing_still,t017,"CSI_DATA,535073,1a:00:00:00:00:00,-43,11,-99,19,28,11,518018693,47,2,256,0,""[0,0,0,0,0,0,0,0,0,0,0,0,-1,-5,-3,-8,-2,-4,-2,-9,-2,-7,-1,-10,-1,-11,0,-9,-1,-10,-1,-9,0,-13,0,-13,1,-13,0,-13,1,-15,1,-13,1,-17,2,-15,4,-19,5,-15,5,-14,5,-19,8,-15,7,-19,9,-19,8,-19,8,-19,13,-20,7,-14,8,-20,9,-19,10,-23,14,-20,13,-19,13,-19,11,-16,9,-20,9,-22,11,-20,9,-20,15,-20,8,-20,10,-26,11,-22,19,-30,15,-20,15,-24,19,-22,14,-20,17,-24,14,-30,14,-29,19,-28,21,-24,19,-30,26,-28,23,-23,0,0,0,0,0,0,-23,-27,-21,-21,-24,-29,-23,-27,-17,-20,-23,-30,-16,-21,-23,-29,-19,-23,-22,-32,-19,-29,-14,-26,-17,-27,-14,-23,-17,-28,-20,-26,-19,-24,-15,-23,-15,-28,-14,-19,-20,-24,-15,-22,-17,-28,-15,-27,-13,-24,-14,-27,-10,-24,-17,-24,-15,-27,-15,-26,-10,-24,-11,-30,-13,-22,-16,-28,-11,-26,-14,-36,-4,-30,-5,-30,-4,-30,-4,-29,-4,-27,-5,-30,-3,-28,-2,-24,1,-28,-2,-22,2,-27,4,-23,9,-30,8,-21,8,-21,11,-19,9,-16,11,-16,10,-16,11,-14,14,-13,0,0,0,0,0,0,0,0,0,0]"""
1782031932249,2026-06-21T17:52:12.249,safe,posture,mhw,standing_still,t017,"CSI_DATA,535074,1a:00:00:00:00:00,-43,11,-99,17,28,11,518029693,47,2,256,0,""[0,0,0,0,0,0,0,0,0,0,0,0,-1,6,-3,6,-3,6,-5,7,-5,6,-6,8,-7,7,-7,7,-8,7,-8,7,-8,8,-8,10,-11,10,-10,7,-12,8,-12,7,-15,8,-15,8,-17,8,-20,3,-20,3,-16,3,-18,6,-20,5,-20,5,-18,5,-20,5,-21,2,-18,3,-21,2,-21,2,-26,2,-21,0,-22,0,-23,1,-21,0,-22,1,-26,3,-22,1,-22,1,-23,0,-25,2,-26,2,-28,1,-31,-1,-28,-1,-28,0,-28,-2,-26,-1,-31,-1,-33,-1,-28,-1,-31,-2,-33,-5,-37,-2,-33,-6,-32,-8,0,0,0,0,0,0,-12,33,-11,32,-12,35,-13,31,-15,28,-15,32,-15,31,-15,31,-15,30,-18,30,-17,27,-16,26,-16,25,-16,26,-16,28,-15,26,-16,28,-15,26,-16,23,-16,23,-15,27,-15,26,-17,26,-21,25,-18,25,-17,22,-17,22,-17,26,-18,25,-18,23,-18,20,-20,22,-21,21,-22,22,-21,21,-27,23,-26,17,-25,16,-26,16,-25,12,-25,12,-27,15,-27,11,-23,10,-25,6,-25,7,-25,6,-25,5,-27,0,-25,1,-22,-2,-21,-3,-18,-3,-20,-5,-20,-6,-16,-7,-15,-10,0,0,0,0,0,0,0,0,0,0]"""
1782031932259,2026-06-21T17:52:12.259,safe,posture,mhw,standing_still,t017,"CSI_DATA,535075,1a:00:00:00:00:00,-43,11,-99,17,28,11,518040693,47,2,256,0,""[0,0,0,0,0,0,0,0,0,0,0,0,-6,2,-6,2,-8,5,-7,3,-10,2,-7,2,-6,3,-8,6,-11,6,-11,6,-10,5,-10,6,-11,7,-13,8,-13,6,-16,8,-12,8,-15,10,-11,8,-15,8,-18,11,-15,8,-16,13,-16,10,-16,11,-13,12,-17,12,-13,13,-17,15,-15,13,-16,16,-11,13,-13,17,-12,17,-12,18,-12,20,-12,21,-12,20,-11,23,-11,25,-8,23,-11,26,-8,22,-7,25,-7,21,-5,27,-5,27,2,30,-2,31,-1,32,-1,27,-2,32,0,33,0,32,0,35,3,32,5,33,0,0,0,0,0,0,36,-5,39,-3,30,-6,31,-8,40,-10,28,-7,35,-11,28,-8,32,-12,25,-11,27,-12,27,-15,28,-16,28,-18,26,-13,25,-17,25,-20,26,-21,22,-17,25,-23,17,-20,22,-22,15,-20,16,-22,17,-23,16,-26,16,-27,13,-23,15,-27,12,-28,13,-30,10,-28,16,-32,11,-26,11,-28,8,-22,7,-28,10,-28,7,-28,11,-30,11,-28,10,-23,11,-27,11,-28,10,-25,10,-25,11,-21,8,-23,7,-18,8,-22,8,-20,6,-21,11,-20,10,-20,8,-15,8,-15,11,-13,0,0,0,0,0,0,0,0,0,0]"""
1782031932270,2026-06-21T17:52:12.270,safe,posture,mhw,standing_still,t017,"CSI_DATA,535076,1a:00:00:00:00:00,-44,11,-99,19,28,11,518051693,47,2,256,0,""[0,0,0,0,0,0,0,0,0,0,0,0,5,-5,4,-5,5,-4,7,-5,7,-8,8,-7,7,-7,7,-8,7,-7,8,-7,8,-9,9,-9,8,-9,9,-10,9,-10,13,-10,11,-13,10,-13,11,-13,13,-11,14,-14,13,-11,11,-16,11,-16,13,-15,13,-16,13,-15,10,-16,14,-17,10,-17,10,-20,13,-20,11,-22,10,-21,8,-22,9,-20,7,-20,7,-23,8,-24,4,-23,3,-23,5,-26,4,-24,0,-27,2,-27,-1,-29,-1,-28,-3,-28,-1,-28,-3,-29,-3,-30,-3,-30,-5,-32,-5,-36,-7,-34,-7,-35,-8,-35,0,0,0,0,0,0,-34,13,-34,14,-32,14,-33,13,-34,13,-29,13,-30,14,-29,16,-30,15,-29,14,-29,16,-26,20,-27,15,-23,20,-26,20,-23,20,-22,22,-22,21,-19,19,-22,23,-20,23,-16,24,-17,23,-17,24,-15,26,-16,24,-15,27,-13,28,-14,27,-11,28,-13,28,-9,27,-14,29,-10,28,-10,30,-13,29,-9,30,-11,28,-10,29,-11,27,-10,27,-10,29,-13,27,-8,24,-8,26,-10,23,-11,23,-9,23,-11,21,-9,23,-11,20,-9,19,-13,17,-13,17,-10,17,-9,14,-11,13,0,0,0,0,0,0,0,0,0,0]"""
1782031932281,2026-06-21T17:52:12.281,safe,posture,mhw,standing_still,t017,"CSI_DATA,535077,1a:00:00:00:00:00,-43,11,-99,19,28,11,518062693,47,2,256,0,""[0,0,0,0,0,0,0,0,0,0,0,0,2,5,4,5,4,7,5,8,3,7,4,8,4,11,3,8,5,9,4,10,7,13,7,14,9,11,7,13,5,14,5,10,10,16,7,13,8,17,5,16,3,15,10,16,7,15,11,17,11,16,9,19,9,15,13,20,11,15,14,16,11,16,17,21,13,21,14,17,14,17,14,16,14,15,21,14,20,14,17,11,19,16,21,9,24,11,23,11,29,15,22,15,26,11,26,16,23,9,26,10,33,9,28,5,32,10,30,10,34,4,35,9,34,9,0,0,0,0,0,0,7,-36,5,-30,4,-41,7,-35,3,-27,3,-38,2,-28,2,-36,0,-30,3,-38,3,-33,3,-29,-2,-29,1,-29,-4,-34,-5,-30,-7,-30,-7,-28,-5,-32,-9,-23,-10,-30,-9,-26,-13,-32,-9,-32,-9,-28,-10,-27,-11,-26,-15,-26,-16,-27,-15,-24,-14,-22,-15,-28,-16,-21,-21,-23,-16,-23,-22,-33,-13,-28,-14,-24,-13,-28,-14,-23,-11,-23,-19,-24,-16,-24,-14,-20,-10,-24,-15,-20,-17,-23,-10,-21,-10,-28,-7,-21,-8,-23,-4,-22,-7,-19,-3,-19,-7,-21,-5,-17,-3,-19,0,0,0,0,0,0,0,0,0,0]"""
1782031932292,2026-06-21T17:52:12.292,safe,posture,mhw,standing_still,t017,"CSI_DATA,535078,1a:00:00:00:00:00,-43,11,-99,18,28,11,518073693,47,2,256,0,""[0,0,0,0,0,0,0,0,0,0,0,0,7,0,6,1,9,1,9,-1,9,0,9,0,8,0,11,-1,11,0,13,-1,13,-1,13,-1,13,1,14,0,13,0,17,0,15,1,19,0,18,1,17,2,18,1,18,0,20,-1,19,0,19,1,19,0,20,1,20,-2,23,1,20,-1,22,-2,20,-1,22,-6,22,-2,22,-4,22,-4,24,-6,23,-7,24,-7,25,-8,20,-9,28,-8,24,-8,23,-12,22,-9,25,-17,24,-13,22,-15,24,-14,26,-17,24,-17,25,-18,26,-19,29,-22,29,-19,25,-20,25,-23,0,0,0,0,0,0,-22,-24,-25,-29,-22,-23,-24,-25,-26,-28,-20,-23,-26,-25,-20,-20,-26,-24,-22,-20,-22,-20,-28,-19,-23,-19,-28,-18,-25,-18,-23,-18,-28,-15,-29,-14,-25,-13,-30,-15,-26,-12,-29,-12,-24,-8,-29,-9,-30,-9,-25,-8,-30,-9,-29,-8,-29,-7,-29,-6,-31,-7,-28,-3,-33,-9,-29,-7,-29,-4,-28,-6,-33,-3,-30,-7,-31,-2,-30,-7,-28,-7,-28,-8,-28,-11,-28,-7,-28,-6,-26,-11,-23,-11,-24,-7,-19,-9,-23,-8,-19,-9,-20,-7,-18,-11,-20,-9,-17,-12,-14,-13,-14,-12,0,0,0,0,0,0,0,0,0,0]"""
1782031932301,2026-06-21T17:52:12.301,safe,posture,mhw,standing_still,t017,"CSI_DATA,535079,1a:00:00:00:00:00,-44,11,-99,18,28,11,518084693,47,2,256,0,""[0,0,0,0,0,0,0,0,0,0,0,0,4,2,6,2,8,2,7,6,7,3,9,3,7,3,8,4,11,4,9,7,9,7,11,7,11,8,12,8,11,12,11,9,12,12,11,13,11,12,8,14,8,17,12,15,11,17,8,17,9,18,8,18,9,19,8,19,11,19,11,18,8,20,9,20,9,19,9,19,9,20,11,22,11,20,9,20,11,20,9,23,9,25,11,22,12,24,11,25,11,24,12,22,13,24,13,25,13,28,14,29,12,28,13,31,13,33,11,28,12,31,12,33,11,31,0,0,0,0,0,0,35,-4,36,-7,35,-6,35,-4,35,-4,35,-1,31,-3,35,-3,34,-2,31,-2,31,-3,30,-2,33,-4,31,-2,30,0,31,-2,30,-3,30,-1,33,0,30,-3,30,-3,29,1,28,-3,26,-2,29,-1,31,-4,29,-1,28,0,31,0,30,-1,30,1,31,0,30,0,31,1,30,4,33,2,29,3,30,2,30,4,31,7,29,7,26,11,29,11,26,12,25,13,24,13,23,14,22,17,19,14,17,13,18,15,15,14,14,17,13,15,9,18,8,17,7,18,0,0,0,0,0,0,0,0,0,0]"""
1782031932315,2026-06-21T17:52:12.315,safe,posture,mhw,standing_still,t017,"CSI_DATA,535080,1a:00:00:00:00:00,-43,11,-99,19,28,11,518095693,47,2,256,0,""[0,0,0,0,0,0,0,0,0,0,0,0,7,-2,5,-1,9,-2,8,-2,9,-3,9,-1,10,-3,10,-3,9,-1,11,-1,13,-2,13,-2,14,-1,13,-2,14,-2,16,-1,16,-3,17,-2,19,-1,17,-1,21,-1,16,0,21,-2,20,-3,21,-1,19,-2,20,-2,20,-3,22,0,21,-2,21,-3,22,-1,22,-3,22,-3,21,-5,22,-3,24,-5,23,-7,23,-4,23,-7,22,-10,26,-4,26,-8,22,-13,23,-9,28,-14,26,-10,24,-16,26,-11,27,-14,28,-16,27,-13,28,-14,30,-16,29,-16,30,-16,30,-19,0,0,0,0,0,0,-17,-29,-19,-29,-16,-30,-21,-30,-19,-32,-17,-29,-17,-32,-17,-29,-19,-28,-16,-29,-19,-27,-22,-26,-16,-24,-21,-26,-21,-24,-19,-22,-21,-23,-21,-22,-20,-20,-21,-24,-22,-20,-23,-21,-22,-19,-22,-20,-24,-19,-20,-20,-24,-19,-26,-16,-23,-20,-26,-16,-24,-19,-26,-14,-26,-20,-24,-19,-24,-16,-24,-20,-28,-17,-23,-17,-24,-16,-21,-20,-22,-19,-21,-20,-21,-20,-19,-19,-19,-19,-17,-21,-14,-21,-19,-20,-14,-19,-14,-20,-11,-19,-13,-20,-8,-20,-10,-17,-8,-20,-7,-16,-5,-17,0,0,0,0,0,0,0,0,0,0]"""
1782031932324,2026-06-21T17:52:12.324,safe,posture,mhw,standing_still,t017,"CSI_DATA,535081,1a:00:00:00:00:00,-43,11,-99,18,28,11,518106693,47,2,256,0,""[0,0,0,0,0,0,0,0,0,0,0,0,-3,-4,-3,-7,-4,-6,-3,-7,-4,-8,-4,-7,-6,-7,-6,-8,-7,-9,-8,-9,-7,-9,-6,-9,-7,-9,-8,-13,-9,-13,-11,-14,-11,-12,-11,-12,-9,-11,-11,-12,-15,-13,-14,-14,-15,-13,-13,-13,-13,-13,-13,-13,-15,-17,-15,-13,-17,-15,-17,-12,-18,-13,-17,-11,-18,-8,-20,-8,-23,-6,-24,-6,-23,-8,-22,-8,-22,-7,-25,-6,-24,-4,-28,-3,-25,-3,-26,0,-22,0,-26,2,-26,2,-28,8,-31,7,-30,7,-26,2,-34,4,-34,7,-31,11,-35,8,-30,12,-30,12,0,0,0,0,0,0,17,35,15,35,15,25,18,30,20,33,15,29,19,29,18,28,22,29,19,22,20,20,25,20,26,20,25,20,20,20,23,19,25,15,26,19,26,15,28,15,25,9,28,12,23,8,26,7,29,7,31,4,31,6,28,6,31,4,29,2,33,4,33,2,34,2,30,1,30,0,26,0,29,-3,29,-3,30,-7,33,-2,30,-2,28,3,29,0,29,0,28,-1,28,1,24,2,28,-1,20,0,23,0,22,-1,23,-2,23,0,22,1,19,2,19,3,18,4,0,0,0,0,0,0,0,0,0,0]"""
1782031932336,2026-06-21T17:52:12.336,safe,posture,mhw,standing_still,t017,"CSI_DATA,535082,1a:00:00:00:00:00,-44,11,-99,18,28,11,518118296,47,2,256,0,""[0,0,0,0,0,0,0,0,0,0,0,0,-1,8,-1,7,-1,7,-1,8,0,8,-1,9,-2,11,-2,11,-2,11,-2,9,-2,13,-2,14,-2,14,0,13,-2,15,-1,13,-2,19,0,15,-2,18,-1,18,0,15,0,20,-2,17,1,19,0,22,0,20,0,18,1,22,2,17,3,23,2,22,2,26,4,23,6,23,4,22,4,23,7,19,12,20,9,23,11,19,11,23,14,19,17,20,18,19,19,24,17,22,19,22,19,22,19,19,22,20,25,22,23,17,26,18,25,20,30,18,29,19,29,19,0,0,0,0,0,0,17,-31,12,-30,17,-36,14,-31,12,-26,13,-33,11,-29,9,-34,8,-29,13,-34,9,-33,8,-29,6,-30,6,-29,3,-34,1,-30,1,-31,0,-30,-2,-30,-2,-26,-7,-31,-6,-26,-6,-33,-4,-31,-7,-28,-6,-26,-7,-26,-13,-28,-11,-29,-11,-28,-9,-25,-12,-29,-12,-24,-17,-26,-15,-26,-17,-34,-13,-30,-13,-25,-13,-28,-11,-24,-12,-24,-17,-26,-13,-25,-12,-22,-13,-24,-12,-20,-13,-23,-11,-22,-11,-26,-9,-20,-8,-20,-4,-20,-7,-19,-6,-20,-4,-20,-3,-18,-4,-18,0,0,0,0,0,0,0,0,0,0]"""
1782031932345,2026-06-21T17:52:12.345,safe,posture,mhw,standing_still,t017,"CSI_DATA,535083,1a:00:00:00:00:00,-44,11,-99,18,28,11,518128693,47,2,256,0,""[0,0,0,0,0,0,0,0,0,0,0,0,-6,-1,-8,-2,-6,-2,-8,-3,-7,-1,-7,-2,-8,-3,-8,-2,-11,-4,-9,-3,-12,-4,-13,-3,-13,-3,-14,-3,-14,-4,-12,-4,-15,-3,-17,-6,-18,-3,-17,-6,-17,-7,-18,-3,-18,-6,-18,-6,-19,-4,-20,-3,-19,-3,-22,-4,-19,-2,-22,-2,-20,-3,-23,0,-23,-1,-22,2,-24,1,-24,2,-20,2,-23,3,-23,6,-23,6,-25,4,-23,8,-25,8,-24,8,-28,9,-24,9,-25,14,-26,13,-25,15,-26,15,-26,18,-25,18,-30,20,-26,18,-25,22,-28,24,-26,22,0,0,0,0,0,0,23,28,20,28,25,25,23,28,23,23,24,26,23,20,26,24,23,22,25,22,26,17,24,19,30,15,25,18,26,17,28,14,28,12,28,13,30,14,25,7,29,7,29,9,29,4,29,4,28,6,31,3,26,4,29,2,30,2,29,0,29,2,34,1,28,-1,30,-1,30,1,33,-2,29,1,30,-3,30,0,31,0,29,0,29,1,30,-1,29,0,30,2,25,0,28,1,26,3,25,3,20,2,23,2,22,2,23,3,20,4,19,4,18,6,18,8,0,0,0,0,0,0,0,0,0,0]"""
1782031932358,2026-06-21T17:52:12.358,safe,posture,mhw,standing_still,t017,"CSI_DATA,535084,1a:00:00:00:00:00,-44,11,-99,17,28,11,518139693,47,2,256,0,""[0,0,0,0,0,0,0,0,0,0,0,0,7,3,7,2,6,1,7,2,10,2,8,2,10,3,8,2,13,2,11,3,12,3,13,5,13,3,15,3,16,5,15,5,16,3,15,6,17,5,16,3,13,2,21,3,17,5,20,6,20,5,20,5,18,6,22,6,20,3,21,1,20,5,22,2,20,2,22,-1,22,0,25,-2,22,-1,23,0,23,-1,25,-2,26,-1,22,-7,26,-7,27,-6,27,-7,23,-8,25,-13,26,-11,26,-13,28,-12,27,-13,28,-16,31,-16,28,-13,31,-17,31,-21,30,-16,0,0,0,0,0,0,-22,-31,-17,-28,-20,-28,-18,-28,-18,-28,-18,-32,-18,-25,-22,-27,-18,-23,-20,-26,-22,-22,-20,-22,-26,-22,-21,-20,-20,-21,-22,-18,-25,-17,-25,-18,-26,-21,-25,-12,-26,-13,-25,-17,-26,-12,-26,-10,-25,-11,-30,-10,-25,-11,-28,-10,-30,-11,-30,-8,-28,-10,-31,-10,-28,-5,-30,-5,-28,-10,-32,-7,-28,-7,-30,-5,-31,-6,-28,-6,-28,-6,-27,-8,-27,-7,-26,-10,-27,-10,-25,-6,-26,-10,-23,-11,-22,-11,-20,-8,-21,-11,-17,-8,-20,-8,-17,-10,-16,-11,-16,-10,-15,-11,0,0,0,0,0,0,0,0,0,0]"""
1782031932369,2026-06-21T17:52:12.369,safe,posture,mhw,standing_still,t017,"CSI_DATA,535085,1a:00:00:00:00:00,-44,11,-99,19,28,11,518150716,47,2,256,0,""[0,0,0,0,0,0,0,0,0,0,0,0,0,-8,0,-7,0,-9,0,-7,1,-9,0,-8,0,-9,-1,-10,-1,-11,0,-11,0,-13,1,-14,0,-13,0,-15,0,-14,1,-17,0,-16,-1,-17,-1,-15,0,-17,-1,-19,1,-21,0,-21,1,-17,0,-20,0,-19,2,-22,-1,-20,0,-23,-1,-20,-1,-22,-1,-20,-3,-22,-3,-23,-4,-22,-4,-23,-5,-24,-3,-23,-5,-23,-9,-26,-8,-21,-9,-27,-8,-23,-11,-26,-9,-19,-14,-22,-13,-23,-17,-23,-16,-26,-19,-28,-14,-26,-17,-29,-17,-28,-20,-28,-20,-27,-20,-24,-22,-27,0,0,0,0,0,0,-28,23,-30,23,-21,20,-26,23,-30,27,-24,20,-27,26,-22,20,-26,26,-20,20,-19,22,-19,23,-22,27,-21,27,-20,22,-19,23,-17,26,-17,28,-16,23,-16,29,-11,24,-15,28,-10,22,-9,27,-10,28,-10,29,-11,30,-9,26,-10,29,-9,32,-10,30,-5,27,-11,33,-7,28,-9,30,-8,23,-4,29,-7,29,-5,29,-10,30,-10,30,-10,24,-11,27,-10,28,-10,23,-13,27,-11,21,-9,24,-8,17,-10,22,-10,19,-11,19,-9,19,-13,20,-13,15,-14,13,-14,11,0,0,0,0,0,0,0,0,0,0]"""
1782031932377,2026-06-21T17:52:12.377,safe,posture,mhw,standing_still,t017,"CSI_DATA,535086,1a:00:00:00:00:00,-43,11,-99,15,29,11,518161693,47,2,256,0,""[0,0,0,0,0,0,0,0,0,0,0,0,8,3,7,2,7,2,7,3,8,4,8,4,9,5,9,5,10,7,10,5,9,8,10,8,11,9,13,10,10,10,10,14,11,11,11,14,9,11,8,13,8,17,10,15,13,17,9,16,10,16,10,17,9,20,9,16,9,21,8,17,8,19,7,16,9,20,9,21,9,20,10,21,10,22,8,22,9,23,10,26,10,22,9,27,7,23,11,24,9,21,13,26,9,26,15,24,11,28,15,29,9,27,9,32,9,32,11,34,9,33,8,29,8,34,0,0,0,0,0,0,34,-2,40,-5,28,-4,35,-2,40,-3,30,-1,38,0,30,-1,35,1,32,0,30,-1,32,-1,33,0,34,-2,32,-1,28,0,30,-2,30,0,27,0,35,0,28,-1,32,1,26,0,28,-1,30,0,29,2,33,-1,29,0,29,2,30,-1,30,2,29,1,33,4,28,3,30,5,27,4,29,5,28,8,29,7,29,11,29,10,24,13,27,13,27,15,21,14,22,19,16,17,21,15,14,13,17,17,13,19,14,15,11,17,11,19,8,19,7,19,5,17,0,0,0,0,0,0,0,0,0,0]"""
1782031932391,2026-06-21T17:52:12.391,safe,posture,mhw,standing_still,t017,"CSI_DATA,535087,1a:00:00:00:00:00,-44,11,-99,14,29,11,518172693,47,2,256,0,""[0,0,0,0,0,0,0,0,0,0,0,0,7,-4,6,-2,7,-4,6,-3,9,-3,6,-3,7,-3,9,-6,11,-7,11,-8,11,-6,9,-7,11,-8,12,-9,12,-8,14,-11,9,-11,14,-12,11,-9,12,-12,12,-15,13,-13,14,-14,13,-12,13,-14,13,-14,13,-14,13,-15,14,-15,11,-15,11,-19,9,-17,6,-20,8,-20,7,-23,7,-23,6,-24,7,-22,4,-23,3,-26,1,-23,1,-28,1,-25,-1,-28,-1,-22,-6,-26,-4,-26,-9,-26,-9,-28,-9,-31,-7,-26,-9,-31,-12,-30,-11,-33,-12,-34,-13,-29,-19,-29,0,0,0,0,0,0,-30,18,-34,23,-25,18,-26,22,-31,24,-25,18,-29,24,-22,22,-26,25,-18,23,-17,23,-19,25,-18,29,-17,30,-17,24,-14,26,-13,29,-12,28,-11,25,-11,31,-6,28,-6,31,-1,25,-1,26,-2,30,0,31,0,34,-2,28,1,30,3,31,2,33,6,29,3,35,6,29,6,30,7,25,9,28,8,29,12,28,9,30,8,29,7,28,7,29,6,29,7,25,7,28,4,24,8,25,7,19,6,22,6,20,8,22,6,23,4,22,2,19,2,20,1,18,0,0,0,0,0,0,0,0,0,0]"""
1782031932401,2026-06-21T17:52:12.401,safe,posture,mhw,standing_still,t017,"CSI_DATA,535088,1a:00:00:00:00:00,-44,11,-99,15,29,11,518184781,47,2,256,0,""[0,0,0,0,0,0,0,0,0,0,0,0,-7,1,-5,2,-7,1,-8,2,-9,2,-10,1,-11,0,-9,0,-10,1,-10,0,-14,2,-13,0,-14,1,-14,1,-14,0,-15,0,-19,0,-14,0,-19,-1,-19,-1,-16,-1,-20,-2,-17,-3,-21,-2,-21,-4,-20,-3,-19,-4,-21,-2,-17,-2,-22,-1,-20,0,-26,-2,-22,-3,-21,-1,-22,-2,-21,-2,-21,-1,-24,2,-22,-2,-22,0,-24,1,-22,3,-28,3,-24,5,-32,3,-26,2,-28,3,-29,2,-27,3,-29,3,-33,7,-30,5,-32,7,-34,2,-33,7,-34,4,-33,7,0,0,0,0,0,0,5,34,4,32,7,38,4,34,3,28,4,36,5,30,5,35,7,29,5,36,7,35,4,29,4,29,4,28,8,32,8,30,9,30,8,26,8,28,8,26,11,30,10,26,10,33,9,29,10,27,10,27,10,26,15,27,13,28,13,29,10,26,13,29,11,24,15,29,11,26,13,34,9,30,9,27,8,29,5,26,7,27,10,29,5,29,5,23,5,26,3,24,4,29,1,24,-1,29,0,24,-1,22,-3,21,-3,19,-4,20,-3,21,-4,19,-7,17,0,0,0,0,0,0,0,0,0,0]"""
1782031932412,2026-06-21T17:52:12.412,safe,posture,mhw,standing_still,t017,"CSI_DATA,535089,1a:00:00:00:00:00,-44,11,-99,19,28,11,518194693,47,2,256,0,""[0,0,0,0,0,0,0,0,0,0,0,0,1,-5,1,-7,1,-7,1,-8,2,-9,2,-9,1,-8,2,-10,0,-11,3,-11,3,-10,2,-14,1,-14,3,-14,3,-17,3,-15,2,-15,3,-15,1,-15,4,-19,3,-19,2,-20,1,-20,4,-17,3,-21,2,-19,3,-20,2,-22,1,-22,-2,-22,-1,-21,-3,-20,-4,-20,-3,-21,-7,-22,-8,-23,-5,-22,-7,-23,-7,-22,-9,-22,-9,-23,-14,-21,-14,-22,-15,-22,-14,-22,-17,-21,-20,-20,-19,-21,-22,-22,-22,-22,-21,-21,-24,-23,-24,-23,-23,-20,-24,-21,-27,-21,-28,-17,0,0,0,0,0,0,-22,29,-21,30,-16,28,-16,29,-15,32,-19,29,-15,29,-15,32,-13,32,-11,28,-10,30,-8,29,-5,33,-9,33,-9,29,-7,32,-3,30,-3,29,-4,32,1,30,2,29,0,32,2,28,5,28,2,27,7,32,5,30,5,27,7,32,9,29,5,29,8,32,10,28,11,28,11,28,10,27,11,26,14,26,11,28,11,29,9,28,9,27,8,27,9,27,8,28,10,24,10,24,8,24,4,22,7,20,5,22,7,19,7,22,4,21,0,19,2,19,0,19,0,0,0,0,0,0,0,0,0,0]"""
1782031932423,2026-06-21T17:52:12.423,safe,posture,mhw,standing_still,t017,"CSI_DATA,535090,1a:00:00:00:00:00,-44,11,-99,15,29,11,518205693,47,2,256,0,""[0,0,0,0,0,0,0,0,0,0,0,0,2,8,1,5,2,8,0,9,2,8,2,8,2,10,1,9,2,10,2,11,4,14,4,13,3,14,5,14,2,15,1,15,3,16,4,15,2,17,2,20,5,19,2,17,3,17,7,20,5,20,5,19,4,16,7,20,7,19,9,20,8,20,10,23,8,22,9,19,10,21,11,19,11,16,17,20,14,19,15,17,15,19,19,15,20,17,19,17,23,20,21,20,22,16,23,17,21,16,26,16,28,15,27,13,26,17,29,20,32,13,29,15,33,14,0,0,0,0,0,0,14,-33,14,-30,10,-38,14,-32,8,-27,10,-33,9,-29,10,-34,5,-29,11,-34,7,-35,7,-29,5,-29,3,-29,1,-32,-2,-30,-1,-30,-2,-29,-1,-30,-3,-28,-5,-30,-5,-29,-7,-33,-4,-32,-7,-28,-5,-27,-8,-24,-14,-28,-13,-28,-14,-27,-10,-24,-11,-27,-11,-26,-15,-27,-15,-27,-15,-34,-11,-30,-11,-27,-9,-29,-9,-26,-13,-26,-15,-27,-10,-26,-11,-21,-10,-24,-11,-22,-10,-23,-10,-23,-10,-27,-7,-23,-7,-21,-1,-21,-3,-19,-3,-21,-4,-20,-2,-17,-1,-19,0,0,0,0,0,0,0,0,0,0]"""
1782031932435,2026-06-21T17:52:12.435,safe,posture,mhw,standing_still,t017,"CSI_DATA,535091,1a:00:00:00:00:00,-43,11,-99,19,28,11,518216693,47,2,256,0,""[0,0,0,0,0,0,0,0,0,0,0,0,-2,-5,-3,-8,-2,-5,-4,-7,-3,-7,-4,-9,-5,-9,-3,-7,-5,-10,-3,-9,-5,-13,-7,-10,-5,-13,-8,-13,-7,-16,-7,-11,-8,-15,-7,-14,-7,-17,-7,-19,-5,-17,-8,-16,-8,-16,-9,-19,-9,-16,-10,-16,-10,-17,-9,-20,-10,-14,-11,-19,-11,-17,-15,-21,-10,-19,-14,-19,-13,-19,-14,-19,-13,-14,-19,-15,-19,-16,-17,-14,-19,-19,-20,-10,-23,-11,-22,-16,-27,-17,-21,-17,-26,-13,-23,-16,-26,-11,-26,-13,-30,-10,-30,-10,-32,-15,-29,-10,-33,-7,-33,-10,-33,-13,0,0,0,0,0,0,-11,38,-8,28,-9,40,-11,33,-8,29,-9,36,-5,28,-7,35,-7,28,-7,35,-5,33,-5,28,-1,30,-3,28,-1,33,0,30,2,32,1,29,1,34,5,24,8,30,4,28,8,34,4,30,5,28,8,29,7,26,10,27,10,29,11,27,10,26,10,33,13,23,15,28,10,27,15,34,8,27,13,28,9,30,10,26,9,26,11,28,13,27,10,24,7,27,11,21,9,26,5,24,5,28,2,20,4,22,0,21,2,21,-1,19,2,20,0,20,-1,20,0,0,0,0,0,0,0,0,0,0]"""
1782031932444,2026-06-21T17:52:12.444,safe,posture,mhw,standing_still,t017,"CSI_DATA,535092,1a:00:00:00:00:00,-43,11,-99,18,28,11,518227693,47,2,256,0,""[0,0,0,0,0,0,0,0,0,0,0,0,-7,4,-3,3,-7,6,-4,4,-8,4,-6,3,-7,4,-9,6,-9,7,-9,7,-11,6,-9,4,-12,7,-13,7,-12,7,-14,8,-13,8,-17,7,-14,8,-13,7,-15,6,-14,11,-17,11,-17,8,-18,9,-17,11,-19,11,-17,12,-18,12,-15,11,-17,13,-15,12,-18,14,-15,13,-17,17,-17,17,-19,17,-15,15,-17,17,-18,20,-15,19,-17,22,-15,19,-18,24,-12,18,-11,24,-13,24,-12,26,-14,28,-14,28,-13,24,-15,28,-15,29,-14,30,-15,29,-13,30,-13,31,0,0,0,0,0,0,33,14,35,18,28,11,33,14,39,13,29,13,35,13,30,9,34,13,26,8,29,7,31,6,33,4,35,6,28,7,29,4,30,4,33,2,28,4,33,1,26,-1,31,1,25,-2,28,-2,31,-1,30,-3,33,-4,29,-4,31,-3,30,-4,31,-3,30,-7,33,-6,28,-6,31,-6,26,-6,29,-8,30,-6,29,-7,31,-6,30,-4,29,-1,30,-2,29,-1,25,-1,29,-1,23,1,25,0,19,0,23,-1,22,1,22,0,22,2,22,3,18,4,18,4,17,6,0,0,0,0,0,0,0,0,0,0]"""
1782031932456,2026-06-21T17:52:12.456,safe,posture,mhw,standing_still,t017,"CSI_DATA,535093,1a:00:00:00:00:00,-43,11,-99,18,28,11,518239782,47,2,256,0,""[0,0,0,0,0,0,0,0,0,0,0,0,4,4,3,3,3,7,4,6,4,8,4,8,6,8,4,8,4,11,6,11,6,11,6,12,7,12,3,13,4,12,3,17,4,14,3,18,1,17,1,19,1,20,1,17,2,19,1,19,-1,19,1,19,-1,20,0,18,-4,23,-2,19,-3,22,-2,22,-1,24,-2,22,-1,22,-2,22,-3,22,-3,24,-2,24,-3,25,-1,24,-4,28,-6,24,-1,28,-2,23,-1,30,-3,26,0,29,-7,29,-2,29,-6,31,-6,30,-7,30,-9,35,-9,33,-8,29,-9,33,0,0,0,0,0,0,33,12,34,13,31,8,30,15,33,17,28,13,31,17,28,17,29,18,26,17,28,15,30,14,24,17,29,15,26,17,24,14,28,15,26,15,23,14,25,18,24,17,24,18,23,14,24,15,25,15,23,17,26,18,25,15,25,18,26,18,25,18,23,17,23,23,22,22,23,20,20,22,24,22,19,24,20,22,17,24,15,24,15,26,12,26,12,24,11,23,8,28,4,25,7,24,2,22,4,24,2,23,3,22,-1,20,-2,22,-4,18,-6,19,-6,18,0,0,0,0,0,0,0,0,0,0]"""
1782031932467,2026-06-21T17:52:12.467,safe,posture,mhw,standing_still,t017,"CSI_DATA,535094,1a:00:00:00:00:00,-44,11,-99,19,28,11,518249693,47,2,256,0,""[0,0,0,0,0,0,0,0,0,0,0,0,0,5,1,7,0,7,0,8,0,9,0,8,1,9,-1,11,1,13,-1,10,0,11,-1,14,-3,14,-3,13,-3,14,-3,16,-1,17,-2,17,-3,16,-2,15,-4,13,-3,21,-5,19,-7,16,-5,21,-5,20,-7,20,-5,23,-4,20,-2,22,-4,21,-4,21,-5,21,-1,20,-4,24,-1,24,-2,22,-2,23,-3,23,-2,26,-1,26,1,27,1,28,1,27,1,26,1,26,4,28,4,29,5,30,4,32,4,29,4,33,4,34,3,34,4,34,4,36,4,34,0,0,0,0,0,0,38,-4,38,-4,33,-5,34,-5,35,-3,33,-1,33,-3,35,-7,32,-3,30,-4,28,-7,30,-4,32,-11,30,-7,28,-5,30,-8,28,-10,28,-8,33,-8,27,-13,28,-14,29,-11,23,-11,24,-11,26,-11,28,-17,27,-13,26,-14,28,-14,24,-14,29,-13,29,-14,27,-16,26,-16,28,-13,29,-14,26,-13,26,-14,28,-11,28,-11,28,-9,27,-8,28,-8,28,-9,28,-5,24,-8,24,-5,26,-3,23,-3,21,-2,24,-3,22,-3,22,-2,19,0,20,2,20,2,19,4,0,0,0,0,0,0,0,0,0,0]"""
1782031932479,2026-06-21T17:52:12.479,safe,posture,mhw,standing_still,t017,"CSI_DATA,535095,1a:00:00:00:00:00,-44,11,-99,18,28,11,518260693,47,2,256,0,""[0,0,0,0,0,0,0,0,0,0,0,0,4,-4,7,-3,6,-2,7,-4,7,-4,9,-7,9,-6,8,-4,9,-8,8,-6,8,-6,12,-8,11,-8,12,-7,14,-8,12,-9,13,-12,13,-11,13,-11,14,-12,15,-11,13,-13,13,-11,14,-13,17,-14,13,-14,14,-13,15,-15,13,-15,13,-18,14,-15,11,-18,12,-15,11,-20,9,-20,9,-22,8,-20,8,-22,7,-22,6,-23,7,-25,2,-23,2,-26,4,-25,1,-29,3,-24,0,-29,-1,-29,-3,-28,-4,-30,-6,-30,-7,-31,-6,-33,-7,-30,-9,-33,-11,-33,-9,-35,0,0,0,0,0,0,-35,11,-34,12,-33,14,-30,12,-30,13,-33,13,-28,14,-31,18,-26,14,-28,18,-23,17,-25,17,-24,23,-22,19,-23,20,-20,22,-18,26,-18,23,-22,23,-13,24,-15,26,-17,24,-14,28,-12,25,-13,25,-9,30,-9,25,-7,26,-9,30,-4,29,-8,28,-8,33,-4,29,-3,30,-6,29,-3,33,-4,29,-2,29,-4,30,-4,30,-3,29,-3,28,-1,28,-2,26,-4,29,-1,25,-2,26,-4,25,-4,26,-2,20,-3,22,-6,19,-3,23,-6,20,-6,18,-7,18,-8,19,0,0,0,0,0,0,0,0,0,0]"""
1782031932488,2026-06-21T17:52:12.489,safe,posture,mhw,standing_still,t017,"CSI_DATA,535096,1a:00:00:00:00:00,-44,11,-99,19,28,11,518271693,47,2,256,0,""[0,0,0,0,0,0,0,0,0,0,0,0,5,3,7,5,4,3,5,7,7,4,8,7,7,9,5,7,7,8,7,7,9,8,10,9,10,8,10,9,10,14,8,10,13,13,10,10,11,19,10,17,9,14,9,16,8,16,11,15,11,17,10,17,10,17,9,20,8,15,13,19,9,16,14,23,10,21,8,20,10,22,10,19,11,17,15,20,14,19,14,16,14,21,16,14,19,17,16,21,21,27,14,22,17,21,14,24,16,20,17,23,24,22,24,21,22,24,21,24,27,23,23,28,20,27,0,0,0,0,0,0,29,-22,22,-17,32,-24,28,-21,22,-15,29,-21,24,-19,30,-22,23,-17,32,-21,28,-20,26,-14,24,-19,23,-15,26,-22,21,-21,21,-22,20,-20,24,-21,16,-19,22,-24,17,-21,24,-24,23,-20,22,-19,21,-19,19,-16,20,-26,20,-24,20,-23,20,-20,24,-22,16,-20,20,-26,20,-21,27,-27,27,-17,23,-17,27,-16,23,-14,21,-15,23,-20,23,-16,20,-15,23,-11,19,-14,24,-14,22,-10,27,-9,23,-3,22,-5,21,0,20,-3,17,-2,21,-2,17,-2,19,1,0,0,0,0,0,0,0,0,0,0]"""
1782031932501,2026-06-21T17:52:12.501,safe,posture,mhw,standing_still,t017,"CSI_DATA,535097,1a:00:00:00:00:00,-44,11,-99,18,28,11,518282693,47,2,256,0,""[0,0,0,0,0,0,0,0,0,0,0,0,1,-7,2,-7,1,-7,2,-8,0,-7,1,-8,2,-8,3,-8,2,-11,3,-9,1,-12,2,-13,2,-14,3,-14,2,-15,2,-13,3,-18,2,-17,2,-19,4,-17,8,-15,3,-18,6,-18,2,-20,3,-20,1,-19,2,-18,2,-23,0,-18,-1,-22,0,-20,0,-26,1,-20,1,-22,0,-23,0,-22,-2,-19,-6,-23,-4,-24,-8,-20,-4,-24,-11,-19,-12,-24,-11,-24,-14,-30,-8,-25,-13,-25,-11,-28,-13,-24,-17,-26,-22,-26,-19,-22,-19,-28,-19,-25,-25,-24,-23,-28,-20,-28,0,0,0,0,0,0,-28,26,-22,23,-28,29,-25,24,-20,20,-25,28,-17,24,-23,29,-17,23,-24,28,-23,26,-20,22,-18,26,-15,23,-15,28,-13,28,-12,26,-12,24,-14,28,-7,24,-6,30,-8,29,-8,31,-8,30,-8,26,-7,29,-4,28,0,30,-2,31,-1,28,-3,28,-3,33,2,25,3,30,0,29,0,37,-6,29,-1,30,-4,31,-1,28,-2,28,2,31,0,29,0,25,-3,26,1,25,0,28,-4,24,-4,29,-6,22,-6,22,-7,18,-6,19,-7,17,-4,19,-7,19,-8,15,0,0,0,0,0,0,0,0,0,0]"""
1782031932510,2026-06-21T17:52:12.510,safe,posture,mhw,standing_still,t017,"CSI_DATA,535098,1a:00:00:00:00:00,-44,11,-99,20,28,11,518293782,47,2,256,0,""[0,0,0,0,0,0,0,0,0,0,0,0,6,3,6,5,5,4,8,5,5,4,8,5,5,6,5,6,9,9,6,6,10,10,9,11,10,10,10,9,10,13,6,11,9,15,9,12,9,17,9,16,6,13,6,18,5,16,8,19,8,20,6,18,4,19,6,21,6,17,10,21,4,19,9,26,5,24,5,21,6,21,6,19,8,19,11,21,10,20,8,19,6,24,11,18,12,25,11,26,13,32,6,24,11,26,9,27,10,25,10,27,15,30,15,26,11,30,10,31,15,30,13,33,11,33,0,0,0,0,0,0,33,-6,31,-6,39,-10,34,-6,26,-3,36,-6,27,-5,38,-5,26,-5,38,-5,34,-3,30,-1,30,-6,27,-2,32,-5,32,-8,30,-6,27,-5,32,-4,25,-6,31,-8,26,-6,32,-9,32,-5,26,-2,28,-5,26,-2,31,-8,30,-8,28,-8,27,-4,33,-4,26,-5,32,-6,28,-2,39,-5,31,2,31,-1,32,3,27,2,25,3,30,1,30,2,24,3,27,8,24,2,26,6,21,8,26,11,18,11,19,11,16,12,17,11,15,12,15,12,13,12,10,16,0,0,0,0,0,0,0,0,0,0]"""
1782031932524,2026-06-21T17:52:12.524,safe,posture,mhw,standing_still,t017,"CSI_DATA,535099,1a:00:00:00:00:00,-44,11,-99,18,28,11,518304693,47,2,256,0,""[0,0,0,0,0,0,0,0,0,0,0,0,-2,-6,-3,-6,-3,-7,-3,-7,-3,-7,-4,-7,-2,-9,-3,-9,-1,-11,-3,-9,-2,-13,-3,-13,-2,-14,-4,-14,-2,-15,-2,-15,-2,-15,-1,-15,1,-18,1,-17,1,-17,3,-18,2,-19,1,-20,2,-22,2,-20,3,-19,4,-20,4,-19,4,-20,3,-20,4,-23,8,-20,6,-22,4,-23,7,-20,4,-19,3,-25,3,-24,2,-22,4,-22,4,-25,3,-24,4,-26,6,-29,7,-28,6,-26,8,-26,7,-26,6,-30,7,-33,6,-29,8,-31,11,-34,8,-33,9,-31,12,-33,0,0,0,0,0,0,-33,-13,-30,-13,-35,-14,-29,-14,-26,-13,-30,-15,-29,-14,-30,-18,-29,-13,-29,-18,-29,-19,-26,-15,-25,-17,-25,-15,-28,-17,-28,-14,-28,-15,-24,-13,-24,-14,-23,-15,-26,-15,-26,-13,-28,-15,-26,-17,-24,-15,-20,-17,-24,-15,-28,-13,-25,-15,-25,-14,-23,-14,-25,-15,-23,-17,-25,-18,-24,-18,-25,-24,-23,-22,-20,-23,-19,-23,-15,-23,-19,-22,-19,-23,-14,-24,-15,-22,-13,-22,-12,-24,-8,-23,-12,-24,-7,-26,-3,-24,-3,-22,-2,-20,0,-18,0,-19,-2,-22,1,-18,3,-17,0,0,0,0,0,0,0,0,0,0]"""
1782031932533,2026-06-21T17:52:12.533,safe,posture,mhw,standing_still,t017,"CSI_DATA,535100,1a:00:00:00:00:00,-44,11,-99,18,28,11,518315693,47,2,256,0,""[0,0,0,0,0,0,0,0,0,0,0,0,-2,7,-3,6,-2,7,-2,9,-2,8,-3,9,-3,8,-4,8,-4,12,-4,11,-3,11,-6,13,-4,12,-6,14,-7,15,-6,14,-6,14,-8,14,-7,14,-7,14,-9,12,-9,18,-11,15,-9,17,-9,18,-8,17,-11,18,-12,20,-8,18,-8,20,-8,18,-9,22,-9,20,-7,19,-8,20,-8,23,-4,22,-4,22,-6,23,-6,24,-8,24,-2,24,-2,25,-3,26,-3,28,-3,24,-2,28,-3,29,0,30,-2,30,0,31,2,33,-2,35,0,30,2,34,1,35,1,33,0,0,0,0,0,0,35,2,35,2,36,0,36,1,34,1,36,0,33,-1,35,-2,33,-1,35,-1,33,-2,28,0,33,-6,30,-3,30,-3,30,-6,29,-8,29,-7,33,-6,26,-7,29,-9,29,-7,28,-8,26,-11,26,-7,29,-13,26,-8,26,-11,28,-13,24,-13,28,-11,30,-12,24,-14,25,-14,26,-12,29,-14,26,-9,26,-12,28,-8,29,-11,26,-8,25,-8,28,-12,25,-8,26,-4,23,-8,25,-6,24,-4,25,-3,22,-1,22,-2,22,0,22,-2,20,0,18,1,20,2,19,3,0,0,0,0,0,0,0,0,0,0]"""
1782031932543,2026-06-21T17:52:12.543,safe,posture,mhw,standing_still,t017,"CSI_DATA,535101,1a:00:00:00:00:00,-44,11,-99,18,28,11,518326834,47,2,256,0,""[0,0,0,0,0,0,0,0,0,0,0,0,4,2,8,0,8,1,8,1,9,1,7,3,8,1,12,1,12,3,12,2,11,4,12,4,13,3,15,4,13,6,17,7,14,6,14,8,12,6,17,4,19,6,17,6,18,8,17,7,18,9,17,7,19,9,18,9,19,11,18,8,19,9,17,8,19,4,19,6,24,6,24,6,23,6,22,8,23,6,26,6,25,4,28,6,24,6,28,3,20,3,25,0,25,2,28,0,31,1,31,2,28,3,34,3,35,3,34,2,35,4,33,-1,34,1,0,0,0,0,0,0,2,-36,3,-40,1,-29,1,-35,2,-39,4,-30,3,-36,2,-31,2,-35,2,-29,1,-28,0,-30,-1,-34,-2,-34,1,-29,0,-30,-2,-30,-2,-33,-3,-30,-3,-31,-4,-28,-3,-31,-3,-23,-7,-25,-7,-29,-8,-30,-9,-31,-6,-26,-7,-30,-9,-29,-7,-30,-8,-29,-4,-33,-6,-28,-8,-29,-6,-26,-9,-29,-9,-26,-11,-29,-7,-30,-6,-30,0,-25,-1,-29,-1,-29,-1,-28,0,-29,1,-25,0,-26,2,-19,0,-23,1,-20,1,-20,2,-22,4,-20,4,-17,7,-17,8,-14,0,0,0,0,0,0,0,0,0,0]"""
1782031932556,2026-06-21T17:52:12.556,safe,posture,mhw,standing_still,t017,"CSI_DATA,535102,1a:00:00:00:00:00,-44,11,-99,18,28,11,518337693,47,2,256,0,""[0,0,0,0,0,0,0,0,0,0,0,0,-6,0,-9,1,-6,-1,-7,1,-8,1,-9,0,-11,-1,-11,-1,-11,0,-12,0,-13,1,-13,1,-13,2,-13,2,-15,1,-14,0,-18,1,-15,2,-18,1,-20,0,-19,2,-18,0,-18,1,-19,4,-20,3,-19,3,-18,2,-20,4,-19,6,-20,8,-19,8,-25,8,-22,8,-20,8,-20,9,-19,9,-18,12,-20,15,-20,14,-17,14,-18,14,-18,15,-17,20,-14,20,-20,24,-19,22,-15,23,-15,23,-14,22,-14,26,-14,29,-11,26,-15,29,-17,31,-9,34,-13,31,-13,33,0,0,0,0,0,0,35,11,30,8,37,7,34,9,30,6,33,6,31,2,35,3,30,2,35,2,34,3,30,1,30,1,28,-1,31,-4,29,-7,30,-7,28,-7,29,-6,25,-8,28,-12,26,-13,29,-12,29,-11,25,-13,25,-13,24,-15,24,-20,24,-19,24,-18,22,-15,23,-20,20,-17,20,-23,22,-22,26,-24,24,-19,23,-19,23,-19,22,-15,20,-19,20,-24,20,-18,18,-17,18,-18,18,-17,20,-19,19,-17,22,-15,20,-13,18,-14,17,-11,14,-12,18,-11,15,-9,15,-11,15,-8,0,0,0,0,0,0,0,0,0,0]"""
1782031932565,2026-06-21T17:52:12.565,safe,posture,mhw,standing_still,t017,"CSI_DATA,535103,1a:00:00:00:00:00,-44,11,-99,18,28,11,518348693,47,2,256,0,""[0,0,0,0,0,0,0,0,0,0,0,0,6,-1,6,-1,8,-1,7,-1,11,0,7,1,9,1,12,1,12,1,13,1,12,1,13,1,12,2,13,2,13,3,18,4,15,4,17,6,13,7,17,4,18,4,17,7,19,7,18,8,18,9,20,6,19,7,18,8,20,11,17,7,20,8,17,7,22,7,19,9,22,7,20,7,23,8,22,8,23,9,24,7,24,4,26,9,23,9,26,6,22,6,29,6,26,8,28,3,30,8,30,7,29,8,28,9,31,8,35,9,31,9,31,8,36,8,0,0,0,0,0,0,12,-30,12,-35,8,-30,12,-34,12,-36,9,-29,13,-36,12,-29,13,-33,11,-28,9,-29,9,-33,11,-28,7,-33,11,-30,7,-29,7,-30,8,-29,7,-26,9,-33,6,-26,7,-30,6,-25,4,-28,4,-29,7,-28,4,-33,3,-29,4,-30,4,-30,4,-30,3,-28,9,-34,6,-28,7,-30,8,-25,6,-31,9,-29,7,-30,9,-28,12,-28,12,-26,13,-25,12,-25,12,-22,17,-23,15,-18,13,-24,12,-15,15,-19,14,-17,14,-18,15,-13,15,-14,15,-11,15,-8,15,-7,0,0,0,0,0,0,0,0,0,0]"""
1782031932579,2026-06-21T17:52:12.579,safe,posture,mhw,standing_still,t017,"CSI_DATA,535104,1a:00:00:00:00:00,-43,11,-99,18,28,11,518359693,47,2,256,0,""[0,0,0,0,0,0,0,0,0,0,0,0,-7,0,-6,0,-9,0,-8,0,-8,-1,-8,-1,-8,0,-12,-1,-11,-2,-13,-2,-12,-2,-12,-3,-11,-2,-13,-4,-11,-3,-17,-4,-13,-4,-17,-7,-14,-6,-14,-8,-17,-9,-17,-8,-20,-9,-17,-8,-18,-11,-17,-8,-19,-11,-17,-8,-20,-12,-17,-11,-18,-11,-14,-9,-20,-9,-18,-12,-20,-11,-20,-11,-20,-13,-20,-12,-20,-14,-24,-12,-22,-9,-25,-13,-20,-12,-25,-9,-20,-8,-26,-8,-24,-12,-28,-8,-26,-12,-29,-12,-26,-14,-28,-15,-26,-15,-33,-17,-30,-15,-28,-13,-33,-14,0,0,0,0,0,0,-17,29,-22,36,-13,23,-18,29,-22,31,-15,23,-20,31,-17,26,-22,29,-17,24,-14,24,-18,26,-18,26,-18,29,-18,25,-17,24,-15,28,-17,24,-15,22,-17,29,-13,24,-15,28,-12,22,-13,24,-14,25,-13,26,-17,29,-15,25,-15,26,-14,26,-14,28,-12,25,-19,29,-15,24,-17,25,-14,20,-15,26,-19,22,-18,23,-20,22,-20,23,-22,18,-22,18,-23,18,-19,18,-24,17,-22,12,-22,15,-17,8,-20,13,-22,7,-20,8,-20,7,-22,4,-19,3,-19,1,-18,-1,0,0,0,0,0,0,0,0,0,0]"""
1782031932589,2026-06-21T17:52:12.589,safe,posture,mhw,standing_still,t017,"CSI_DATA,535105,1a:00:00:00:00:00,-44,11,-99,19,28,11,518370693,47,2,256,0,""[0,0,0,0,0,0,0,0,0,0,0,0,5,-2,8,-4,7,-2,8,-3,5,-4,10,-2,10,-3,9,-3,10,-4,10,-3,11,-5,13,-5,10,-4,13,-5,15,-4,15,-5,16,-8,15,-7,20,-8,17,-5,15,-1,16,-4,17,-5,21,-10,19,-9,17,-10,16,-8,19,-7,16,-8,20,-13,17,-11,24,-13,21,-10,19,-11,20,-11,17,-10,17,-13,19,-19,19,-14,16,-15,17,-16,11,-19,16,-21,17,-21,21,-27,17,-19,16,-22,19,-22,15,-21,15,-24,15,-32,11,-27,17,-27,17,-30,13,-33,14,-30,17,-28,0,0,0,0,0,0,-34,-15,-29,-11,-40,-15,-30,-14,-24,-9,-34,-11,-29,-9,-36,-10,-29,-7,-35,-13,-34,-10,-28,-10,-28,-8,-28,-8,-33,-4,-30,-3,-30,-2,-28,-1,-30,-3,-26,0,-32,3,-29,2,-34,1,-32,0,-29,1,-28,0,-28,2,-32,9,-29,7,-27,8,-26,5,-30,5,-26,7,-29,10,-27,9,-38,7,-32,3,-28,5,-32,3,-28,2,-27,4,-29,8,-29,5,-22,5,-26,3,-24,3,-28,4,-23,3,-29,1,-23,-1,-23,-2,-22,-3,-17,-2,-20,-1,-22,-1,-17,-3,-19,-3,0,0,0,0,0,0,0,0,0,0]"""
1782031932600,2026-06-21T17:52:12.600,safe,posture,mhw,standing_still,t017,"CSI_DATA,535106,1a:00:00:00:00:00,-44,11,-99,20,28,11,518381693,47,2,256,0,""[0,0,0,0,0,0,0,0,0,0,0,0,-8,0,-6,1,-6,0,-9,0,-9,1,-6,1,-10,1,-11,0,-12,1,-11,0,-12,-2,-13,-1,-12,0,-15,0,-16,-1,-15,0,-18,0,-16,-2,-16,-2,-17,2,-15,1,-20,1,-19,-2,-18,-4,-20,-1,-18,-1,-19,-3,-23,-1,-19,1,-21,2,-21,-1,-21,0,-21,3,-21,3,-21,3,-25,3,-21,3,-21,2,-24,4,-24,4,-26,5,-25,10,-24,10,-30,8,-26,9,-24,10,-25,13,-26,12,-26,16,-28,12,-27,13,-31,15,-31,15,-28,15,-27,17,-31,18,-28,18,0,0,0,0,0,0,20,32,19,33,19,30,20,28,19,28,15,28,18,26,19,27,17,27,19,26,20,23,18,24,24,24,18,25,18,25,20,24,20,20,21,24,21,24,23,18,25,17,23,20,23,17,24,16,23,15,27,15,25,18,23,16,26,17,26,15,26,16,27,17,26,13,27,12,27,15,27,15,27,12,26,12,26,15,27,15,24,15,24,15,24,17,21,18,23,18,21,13,20,17,19,16,18,17,16,16,16,16,15,16,16,15,13,16,11,15,11,17,9,17,0,0,0,0,0,0,0,0,0,0]"""
1782031932611,2026-06-21T17:52:12.611,safe,posture,mhw,standing_still,t017,"CSI_DATA,535107,1a:00:00:00:00:00,-44,11,-99,16,29,11,518392693,47,2,256,0,""[0,0,0,0,0,0,0,0,0,0,0,0,3,-6,2,-6,2,-8,2,-8,4,-6,3,-6,4,-9,3,-9,4,-10,4,-10,8,-9,8,-11,8,-11,9,-10,11,-10,11,-10,12,-12,12,-11,12,-9,12,-9,16,-13,15,-11,16,-11,17,-9,19,-10,15,-8,19,-9,20,-8,18,-9,19,-8,20,-6,19,-8,17,-8,18,-11,18,-9,21,-10,20,-10,21,-6,20,-8,23,-9,24,-10,24,-9,25,-8,25,-8,24,-9,21,-10,25,-13,24,-13,28,-12,27,-12,28,-8,32,-8,34,-8,31,-6,35,-5,32,-9,31,-6,0,0,0,0,0,0,-1,-36,-1,-39,-3,-33,-1,-34,0,-36,5,-33,2,-33,2,-34,4,-32,2,-31,-1,-30,0,-32,0,-34,1,-31,6,-28,2,-32,0,-31,4,-28,4,-31,2,-30,3,-31,6,-32,2,-27,1,-28,2,-27,1,-31,3,-28,4,-27,5,-31,4,-27,9,-30,9,-31,9,-28,9,-28,12,-27,10,-28,10,-27,9,-26,9,-30,11,-28,13,-25,17,-23,16,-23,19,-21,20,-19,18,-18,21,-16,20,-15,18,-12,18,-11,18,-11,18,-12,20,-9,18,-8,18,-2,19,-2,19,-1,0,0,0,0,0,0,0,0,0,0]"""
1782031932623,2026-06-21T17:52:12.623,safe,posture,mhw,standing_still,t017,"CSI_DATA,535108,1a:00:00:00:00:00,-44,11,-99,18,28,11,518404748,47,2,256,0,""[0,0,0,0,0,0,0,0,0,0,0,0,-1,6,0,7,0,8,0,7,0,7,0,11,0,9,0,12,0,12,1,13,1,12,1,12,1,13,1,14,1,13,0,17,2,17,2,17,2,15,3,15,4,17,1,17,3,18,6,19,3,18,4,19,4,20,6,19,4,20,7,20,9,20,8,20,9,22,11,18,13,19,12,19,14,19,15,19,15,18,17,18,17,14,19,19,20,18,22,14,20,15,25,14,24,15,26,12,25,13,28,12,29,12,28,11,29,12,33,12,33,9,33,9,33,8,0,0,0,0,0,0,4,-33,3,-35,2,-31,3,-36,1,-36,2,-34,2,-36,-1,-33,-2,-34,-2,-33,-3,-33,-7,-31,-4,-31,-9,-31,-9,-29,-11,-26,-13,-29,-13,-28,-13,-25,-13,-28,-14,-24,-17,-23,-15,-20,-18,-24,-19,-23,-18,-22,-20,-23,-23,-19,-24,-19,-25,-19,-24,-18,-24,-14,-25,-22,-24,-18,-24,-15,-24,-17,-28,-17,-24,-17,-26,-13,-24,-18,-24,-14,-25,-15,-24,-17,-24,-14,-23,-14,-23,-18,-18,-14,-22,-12,-18,-13,-19,-14,-18,-13,-19,-13,-14,-13,-18,-12,-14,-13,-13,-11,-12,-12,0,0,0,0,0,0,0,0,0,0]"""
1782031932634,2026-06-21T17:52:12.634,safe,posture,mhw,standing_still,t017,"CSI_DATA,535109,1a:00:00:00:00:00,-44,11,-99,18,28,11,518414693,47,2,256,0,""[0,0,0,0,0,0,0,0,0,0,0,0,2,-6,4,-7,2,-4,2,-7,3,-7,6,-8,7,-9,6,-7,4,-11,6,-7,8,-9,8,-9,7,-11,8,-9,12,-12,7,-8,12,-13,11,-13,14,-14,14,-11,14,-7,13,-13,14,-9,15,-14,14,-13,14,-12,14,-12,18,-14,11,-12,17,-15,14,-12,20,-19,17,-13,17,-12,17,-14,15,-13,14,-15,14,-19,15,-17,14,-15,17,-19,11,-19,14,-23,14,-22,20,-26,15,-20,17,-25,20,-23,14,-20,19,-25,17,-29,14,-24,20,-29,18,-24,15,-31,23,-29,19,-26,0,0,0,0,0,0,-30,-22,-25,-17,-31,-24,-25,-23,-20,-17,-26,-23,-22,-17,-31,-22,-24,-15,-29,-24,-26,-22,-20,-19,-24,-18,-22,-19,-26,-17,-28,-15,-28,-15,-24,-12,-24,-18,-22,-11,-29,-14,-25,-12,-31,-15,-28,-15,-25,-14,-24,-12,-22,-13,-28,-11,-28,-13,-26,-11,-23,-13,-28,-15,-24,-9,-30,-11,-25,-13,-34,-18,-24,-17,-25,-13,-24,-19,-20,-17,-22,-14,-25,-17,-23,-17,-19,-13,-22,-18,-19,-13,-20,-19,-15,-19,-19,-23,-11,-19,-12,-19,-9,-19,-9,-17,-8,-18,-9,-18,-7,-15,-3,-18,0,0,0,0,0,0,0,0,0,0]"""
1782031932644,2026-06-21T17:52:12.644,safe,posture,mhw,standing_still,t017,"CSI_DATA,535110,1a:00:00:00:00:00,-44,11,-99,18,28,11,518425693,47,2,256,0,""[0,0,0,0,0,0,0,0,0,0,0,0,-4,-4,-6,-6,-4,-3,-4,-4,-6,-4,-6,-6,-8,-6,-7,-6,-8,-7,-8,-6,-8,-8,-11,-8,-11,-7,-11,-8,-12,-9,-12,-9,-14,-9,-11,-11,-13,-11,-14,-8,-13,-8,-19,-11,-14,-12,-13,-13,-15,-13,-15,-11,-15,-13,-17,-13,-18,-11,-19,-11,-18,-11,-19,-11,-19,-8,-20,-6,-19,-7,-22,-4,-22,-6,-22,-6,-23,-3,-24,-3,-24,-4,-25,-1,-28,-1,-26,-2,-26,0,-25,3,-28,3,-26,4,-30,7,-29,3,-28,4,-33,6,-35,4,-31,8,-34,7,-33,9,-33,14,0,0,0,0,0,0,11,34,9,37,15,34,13,34,13,31,9,33,14,30,17,31,12,29,15,28,19,24,19,24,24,25,18,24,15,26,19,24,22,23,20,22,22,24,23,18,23,19,22,18,24,15,25,14,25,15,29,13,28,14,25,14,28,14,26,11,26,14,30,15,29,9,29,9,28,11,31,11,26,8,28,7,29,7,29,9,28,9,26,12,28,9,25,11,26,12,23,9,24,12,23,11,23,9,19,9,20,9,18,8,20,9,17,8,15,13,15,12,14,11,0,0,0,0,0,0,0,0,0,0]"""
1782031932655,2026-06-21T17:52:12.655,safe,posture,mhw,standing_still,t017,"CSI_DATA,535111,1a:00:00:00:00:00,-44,11,-99,21,28,11,518436693,47,2,256,0,""[0,0,0,0,0,0,0,0,0,0,0,0,5,5,6,5,5,4,6,4,6,5,7,3,8,4,8,6,10,6,10,6,10,8,10,8,11,6,11,7,12,12,12,8,13,8,14,11,13,8,14,11,14,12,15,8,15,10,15,11,14,12,16,11,15,12,17,13,19,8,16,8,16,13,20,10,20,8,20,6,21,6,24,6,22,6,21,5,22,4,23,5,24,6,25,2,24,3,29,3,26,0,23,0,28,0,28,-3,31,-3,31,-3,30,-1,34,-5,34,-1,30,-5,32,-3,35,-7,32,-7,0,0,0,0,0,0,-10,-37,-7,-38,-8,-31,-8,-33,-8,-35,-6,-33,-8,-32,-11,-34,-8,-31,-11,-28,-12,-26,-12,-29,-19,-29,-16,-28,-12,-28,-15,-25,-19,-25,-16,-25,-17,-24,-17,-23,-20,-21,-17,-24,-20,-20,-22,-17,-22,-20,-25,-17,-21,-20,-20,-19,-23,-21,-24,-17,-23,-20,-25,-20,-25,-16,-24,-16,-24,-19,-26,-15,-23,-15,-25,-14,-26,-15,-26,-16,-24,-15,-22,-16,-23,-17,-23,-17,-21,-19,-20,-15,-19,-15,-16,-20,-17,-14,-16,-14,-16,-15,-15,-14,-16,-13,-12,-16,-11,-15,-11,-15,-11,-16,0,0,0,0,0,0,0,0,0,0]"""
1782031932666,2026-06-21T17:52:12.666,safe,posture,mhw,standing_still,t017,"CSI_DATA,535112,1a:00:00:00:00:00,-44,11,-99,20,28,11,518447693,47,2,256,0,""[0,0,0,0,0,0,0,0,0,0,0,0,-5,0,-6,0,-6,0,-6,0,-8,-2,-10,-2,-9,-1,-9,-2,-12,0,-11,-2,-12,-3,-13,-2,-13,-2,-13,-3,-16,-3,-13,-1,-16,-2,-16,-4,-17,-4,-18,-2,-15,-2,-20,-1,-18,-4,-18,-4,-20,-3,-20,-3,-20,-4,-23,-4,-20,-1,-21,-2,-20,-3,-24,-2,-21,-1,-21,0,-23,0,-23,2,-21,3,-24,1,-23,4,-21,4,-25,2,-23,6,-26,10,-26,8,-30,9,-23,8,-26,11,-26,8,-25,11,-26,11,-30,13,-28,17,-31,13,-28,15,-30,17,-31,17,-30,19,0,0,0,0,0,0,19,31,17,30,21,31,17,30,18,26,18,31,18,26,21,28,17,26,19,27,20,25,17,25,23,23,19,24,21,23,23,20,23,20,21,20,23,23,21,16,26,16,23,18,25,18,25,16,23,15,27,15,23,15,26,15,27,16,26,12,25,13,28,18,26,8,28,9,28,13,31,12,28,15,28,11,27,13,28,12,24,12,27,11,26,12,24,12,24,15,23,11,23,13,19,15,21,16,18,12,17,13,15,13,16,13,13,15,13,13,13,15,10,16,0,0,0,0,0,0,0,0,0,0]"""
1782031932677,2026-06-21T17:52:12.677,safe,posture,mhw,standing_still,t017,"CSI_DATA,535113,1a:00:00:00:00:00,-44,11,-99,18,28,11,518458693,47,2,256,0,""[0,0,0,0,0,0,0,0,0,0,0,0,0,7,0,6,0,9,0,8,-1,8,-1,8,1,9,0,11,-1,11,0,13,0,13,-1,13,0,12,0,13,-1,13,-3,17,-2,15,-3,17,-3,17,0,18,1,18,-4,18,-1,19,-3,18,-3,20,-4,22,-3,19,-3,18,-6,23,-2,20,-2,22,-2,22,-1,23,-1,23,1,22,0,22,0,24,1,24,1,24,4,25,6,24,2,26,3,26,6,26,6,25,8,28,6,26,12,26,7,29,11,29,8,30,8,29,9,31,13,33,12,31,9,31,11,33,0,0,0,0,0,0,33,-14,33,-14,33,-15,31,-12,33,-14,30,-12,30,-14,30,-12,29,-14,30,-14,26,-15,25,-18,26,-14,25,-18,26,-18,24,-18,24,-19,23,-19,20,-17,24,-18,22,-19,22,-20,20,-20,20,-20,19,-23,19,-20,20,-23,19,-24,18,-23,19,-24,19,-24,17,-23,22,-23,19,-24,19,-23,19,-22,19,-25,19,-22,17,-24,19,-20,18,-23,22,-20,20,-22,22,-18,18,-18,20,-17,22,-13,17,-17,18,-13,20,-14,17,-12,15,-15,17,-9,15,-9,18,-9,18,-7,18,-6,0,0,0,0,0,0,0,0,0,0]"""
1782031932687,2026-06-21T17:52:12.687,safe,posture,mhw,standing_still,t017,"CSI_DATA,535114,1a:00:00:00:00:00,-43,11,-99,14,29,11,518469693,47,2,256,0,""[0,0,0,0,0,0,0,0,0,0,0,0,-1,6,-4,6,-4,6,-6,7,-6,8,-6,8,-7,7,-7,7,-8,7,-9,7,-9,8,-11,6,-11,7,-11,8,-13,6,-13,6,-14,7,-14,7,-17,7,-20,4,-18,6,-17,2,-19,3,-20,6,-18,4,-20,3,-19,1,-20,2,-19,1,-22,2,-20,3,-24,1,-24,0,-23,1,-23,0,-20,-1,-19,0,-25,3,-24,1,-22,2,-22,1,-23,2,-26,2,-26,2,-31,0,-29,-1,-29,1,-28,-2,-25,-1,-30,-2,-34,-1,-29,0,-31,-3,-34,-6,-36,-3,-35,-6,-31,-6,0,0,0,0,0,0,-8,34,-8,31,-9,37,-12,34,-11,29,-12,33,-11,30,-13,33,-9,26,-15,34,-15,30,-13,28,-14,25,-14,26,-13,29,-12,29,-12,29,-13,25,-14,25,-14,24,-13,28,-13,24,-17,28,-17,25,-17,24,-15,22,-15,23,-14,29,-17,26,-15,26,-15,23,-17,24,-18,22,-18,24,-18,22,-24,25,-23,22,-23,22,-24,19,-23,14,-20,15,-25,19,-24,14,-20,12,-23,12,-23,11,-24,8,-25,9,-28,6,-24,3,-22,1,-23,0,-18,-2,-20,-3,-20,-1,-17,-2,-15,-6,0,0,0,0,0,0,0,0,0,0]"""
1782031932697,2026-06-21T17:52:12.697,safe,posture,mhw,standing_still,t017,"CSI_DATA,535115,1a:00:00:00:00:00,-44,11,-99,18,28,11,518480693,47,2,256,0,""[0,0,0,0,0,0,0,0,0,0,0,0,6,1,7,1,6,1,8,1,7,1,9,1,11,2,9,2,11,2,8,3,12,4,12,4,11,4,13,4,14,7,13,6,17,6,15,4,17,8,15,8,12,9,15,6,14,9,18,8,18,9,18,9,18,8,19,11,15,8,20,9,19,8,23,12,20,11,20,8,20,9,18,8,18,8,25,4,20,8,20,6,22,8,23,3,26,4,28,4,33,7,26,8,29,6,29,7,25,4,29,7,33,3,30,2,33,4,31,3,35,2,37,6,34,6,0,0,0,0,0,0,6,-36,6,-30,6,-39,6,-35,6,-28,6,-36,3,-30,4,-37,3,-30,6,-36,6,-34,4,-30,4,-30,6,-28,2,-33,1,-31,1,-30,0,-26,1,-31,-1,-25,-3,-30,-2,-28,-1,-34,-1,-31,-2,-28,0,-29,-1,-28,-6,-33,-2,-29,-3,-29,-2,-26,-3,-33,-4,-26,-6,-30,-3,-28,-2,-39,0,-31,0,-29,2,-30,2,-28,1,-29,-2,-29,0,-30,1,-26,3,-24,1,-24,2,-28,3,-23,8,-30,6,-20,8,-22,9,-18,7,-18,11,-17,9,-19,9,-15,11,-14,0,0,0,0,0,0,0,0,0,0]"""
1782031932709,2026-06-21T17:52:12.709,safe,posture,mhw,standing_still,t017,"CSI_DATA,535116,1a:00:00:00:00:00,-43,11,-99,17,28,11,518491693,47,2,256,0,""[0,0,0,0,0,0,0,0,0,0,0,0,7,2,7,2,8,1,8,1,8,3,8,2,8,1,12,1,10,2,10,1,11,1,12,2,13,2,13,3,13,2,18,2,16,2,18,1,16,1,16,3,20,3,16,0,20,0,20,0,20,1,20,0,22,1,20,-1,22,0,21,-1,20,-2,18,-2,21,-5,22,-3,22,-7,22,-7,23,-7,21,-7,22,-10,22,-13,20,-12,25,-12,22,-12,20,-16,18,-13,22,-18,21,-17,18,-21,22,-21,21,-22,21,-21,22,-22,21,-23,23,-26,22,-26,20,-25,18,-28,0,0,0,0,0,0,-30,-18,-31,-17,-27,-13,-30,-15,-35,-18,-27,-16,-32,-16,-28,-12,-33,-12,-28,-11,-28,-8,-33,-6,-31,-10,-33,-5,-30,-6,-28,-3,-31,-1,-31,-1,-28,1,-32,-1,-28,2,-31,3,-25,3,-28,5,-30,6,-28,6,-30,8,-28,10,-28,8,-28,11,-30,11,-25,12,-31,10,-28,12,-26,13,-26,11,-27,16,-26,11,-26,16,-28,11,-25,13,-25,11,-26,11,-26,11,-23,13,-26,10,-22,8,-22,11,-20,7,-23,8,-21,6,-20,8,-18,5,-21,7,-17,3,-17,3,-17,2,0,0,0,0,0,0,0,0,0,0]"""
1782031932721,2026-06-21T17:52:12.721,safe,posture,mhw,standing_still,t017,"CSI_DATA,535117,1a:00:00:00:00:00,-44,11,-99,18,28,11,518502693,47,2,256,0,""[0,0,0,0,0,0,0,0,0,0,0,0,-6,3,-4,6,-6,6,-6,4,-7,6,-6,6,-7,7,-7,7,-7,9,-8,7,-9,8,-12,9,-9,9,-12,9,-12,8,-11,9,-11,11,-14,9,-11,11,-13,12,-13,13,-13,14,-14,14,-15,13,-14,12,-13,13,-15,14,-15,14,-14,15,-12,18,-14,15,-12,17,-11,17,-11,19,-9,22,-9,24,-9,22,-11,20,-11,22,-9,24,-8,23,-7,25,-6,23,-6,28,-4,25,-3,26,-1,29,0,29,2,31,-1,33,-1,33,0,31,-1,31,2,33,3,33,3,31,4,35,0,0,0,0,0,0,36,-6,39,-6,31,-4,34,-6,36,-4,33,-3,33,-6,31,-7,34,-7,28,-9,28,-11,29,-9,30,-15,30,-14,29,-8,28,-13,26,-14,25,-15,26,-14,25,-19,22,-19,23,-15,19,-17,19,-19,20,-19,20,-24,20,-24,20,-22,20,-23,17,-24,20,-22,19,-24,17,-25,14,-26,17,-24,17,-25,14,-25,13,-26,14,-26,15,-28,17,-24,15,-20,17,-23,19,-23,15,-22,14,-22,14,-18,15,-19,15,-15,13,-15,13,-17,13,-15,14,-18,17,-17,15,-11,15,-9,17,-11,0,0,0,0,0,0,0,0,0,0]"""
1782031932733,2026-06-21T17:52:12.733,safe,posture,mhw,standing_still,t017,"CSI_DATA,535118,1a:00:00:00:00:00,-44,11,-99,17,28,11,518513693,47,2,256,0,""[0,0,0,0,0,0,0,0,0,0,0,0,3,-7,2,-6,2,-7,5,-7,2,-7,5,-7,3,-7,3,-8,3,-12,5,-10,5,-11,5,-12,6,-11,6,-15,8,-13,7,-13,7,-16,7,-15,7,-15,5,-15,6,-12,6,-18,8,-15,10,-17,10,-18,8,-20,8,-18,10,-21,6,-17,6,-20,7,-18,6,-21,5,-21,3,-21,2,-23,3,-25,1,-21,2,-22,2,-25,2,-25,0,-26,-3,-23,-2,-26,1,-27,-2,-27,-3,-23,-6,-26,-6,-27,-10,-28,-8,-30,-8,-28,-8,-30,-8,-33,-8,-30,-10,-32,-12,-33,-11,-30,0,0,0,0,0,0,-33,12,-33,12,-32,16,-31,15,-31,13,-32,13,-27,16,-32,16,-30,15,-30,16,-25,17,-25,16,-26,21,-23,17,-26,16,-26,20,-23,20,-23,18,-26,21,-17,22,-18,25,-22,22,-17,22,-17,25,-16,23,-15,28,-17,23,-15,23,-17,25,-15,25,-16,25,-16,30,-13,26,-12,28,-15,26,-13,28,-11,25,-10,27,-12,27,-12,27,-13,26,-15,23,-13,25,-15,23,-16,25,-11,22,-15,22,-12,20,-13,20,-12,17,-12,18,-12,17,-13,16,-13,15,-13,13,-16,12,-15,12,0,0,0,0,0,0,0,0,0,0]"""
1782031932743,2026-06-21T17:52:12.743,safe,posture,mhw,standing_still,t017,"CSI_DATA,535119,1a:00:00:00:00:00,-44,11,-99,18,28,11,518524693,47,2,256,0,""[0,0,0,0,0,0,0,0,0,0,0,0,0,6,0,8,-1,7,0,11,-1,8,0,11,-1,11,-1,7,0,12,-2,11,-1,12,-2,13,0,13,-2,14,-2,17,-2,13,-3,17,-2,15,0,17,-4,19,-7,18,-2,19,-4,17,-3,19,-3,22,-2,19,-3,19,-3,23,0,20,0,22,-2,20,-1,25,-1,20,0,23,0,23,1,24,1,22,3,20,4,24,4,24,3,28,7,23,7,25,6,26,8,28,7,25,9,29,11,26,11,25,11,29,14,29,14,29,15,33,14,25,19,28,17,30,19,29,0,0,0,0,0,0,33,-17,28,-17,33,-22,30,-15,25,-15,31,-17,26,-17,30,-22,26,-15,28,-18,26,-18,24,-17,24,-23,22,-17,23,-18,23,-23,19,-22,20,-23,23,-24,14,-20,19,-25,19,-22,18,-26,17,-23,15,-22,15,-26,15,-24,14,-25,12,-26,12,-25,14,-26,17,-29,9,-25,12,-29,13,-25,15,-33,12,-25,14,-26,15,-25,14,-28,12,-25,15,-25,12,-24,14,-23,17,-24,11,-20,14,-23,15,-19,15,-22,13,-15,14,-17,14,-15,15,-15,14,-12,15,-13,14,-13,17,-11,0,0,0,0,0,0,0,0,0,0]"""
1782031932754,2026-06-21T17:52:12.754,safe,posture,mhw,standing_still,t017,"CSI_DATA,535120,1a:00:00:00:00:00,-44,11,-99,18,28,11,518535693,47,2,256,0,""[0,0,0,0,0,0,0,0,0,0,0,0,-1,-6,-1,-8,-2,-4,-2,-8,-2,-7,-3,-9,0,-9,0,-9,-3,-12,0,-9,-2,-11,-3,-12,-2,-14,-3,-13,-1,-17,-1,-13,-2,-18,-2,-15,-1,-19,-3,-18,-2,-14,0,-19,0,-18,-2,-19,-2,-22,-2,-18,-1,-19,-2,-23,-3,-17,-3,-22,-1,-19,-6,-26,-2,-22,-6,-20,-6,-22,-4,-23,-6,-19,-9,-24,-8,-20,-9,-20,-9,-23,-12,-19,-14,-23,-11,-23,-17,-29,-9,-25,-14,-25,-12,-26,-15,-22,-15,-23,-22,-28,-20,-22,-20,-29,-18,-25,-22,-24,-22,-29,-22,-25,0,0,0,0,0,0,-29,23,-24,18,-31,26,-25,19,-23,15,-29,23,-22,19,-29,24,-22,19,-28,24,-26,23,-23,19,-22,24,-20,19,-22,24,-19,25,-19,25,-17,23,-23,23,-11,22,-17,26,-15,23,-18,29,-15,25,-15,24,-13,26,-14,23,-13,28,-12,28,-11,28,-12,24,-15,30,-7,23,-12,29,-13,26,-15,35,-15,25,-13,26,-18,26,-15,23,-11,24,-13,26,-12,26,-12,22,-18,23,-11,22,-14,23,-14,18,-19,23,-17,13,-15,17,-18,12,-14,14,-17,12,-14,14,-13,13,-15,11,0,0,0,0,0,0,0,0,0,0]"""
1782031932765,2026-06-21T17:52:12.765,safe,posture,mhw,standing_still,t017,"CSI_DATA,535121,1a:00:00:00:00:00,-44,11,-99,19,28,11,518546693,47,2,256,0,""[0,0,0,0,0,0,0,0,0,0,0,0,-1,-5,-1,-5,-2,-9,-2,-5,-4,-7,0,-8,-2,-8,-3,-9,-4,-9,-4,-11,-3,-11,-3,-11,-4,-13,-4,-15,-4,-14,-5,-17,-5,-14,-5,-17,-5,-14,-7,-13,-10,-16,-8,-19,-9,-17,-7,-16,-8,-17,-10,-19,-10,-20,-10,-17,-11,-20,-13,-16,-15,-17,-11,-13,-16,-14,-16,-14,-19,-13,-20,-13,-22,-14,-19,-13,-20,-14,-26,-10,-22,-9,-26,-11,-23,-8,-27,-5,-22,-5,-26,-3,-26,-4,-29,0,-32,-1,-33,0,-29,-2,-32,0,-34,1,-35,1,-33,0,-32,5,-32,7,0,0,0,0,0,0,5,34,10,41,9,28,10,34,13,39,9,28,14,33,11,27,15,30,14,24,16,26,19,24,21,26,22,27,15,24,20,24,23,19,24,22,22,20,24,21,22,15,26,16,21,11,24,11,29,11,29,9,32,10,28,9,30,10,30,7,33,9,29,3,35,8,29,4,30,4,26,2,30,2,28,3,33,0,33,2,32,2,28,5,28,4,32,3,27,2,29,3,22,3,27,1,19,2,23,1,22,2,23,-1,22,1,22,2,17,3,19,4,17,5,0,0,0,0,0,0,0,0,0,0]"""
1782031932774,2026-06-21T17:52:12.774,safe,posture,mhw,standing_still,t017,"CSI_DATA,535122,1a:00:00:00:00:00,-44,11,-99,18,28,11,518557693,47,2,256,0,""[0,0,0,0,0,0,0,0,0,0,0,0,6,1,6,1,9,2,8,1,8,3,7,2,6,2,12,2,11,3,12,2,12,4,13,3,13,3,13,7,11,7,15,7,13,4,15,8,14,7,13,8,15,12,15,8,19,9,17,9,17,9,15,8,18,12,17,9,19,14,17,11,19,11,15,8,20,8,19,9,23,9,22,9,23,9,20,12,23,11,24,9,22,7,26,13,22,11,26,8,20,6,28,6,26,7,29,2,30,8,30,7,26,9,30,9,30,11,34,11,33,12,30,7,34,7,0,0,0,0,0,0,9,-33,11,-36,7,-29,9,-31,11,-37,12,-29,12,-34,8,-31,12,-35,8,-26,4,-30,6,-31,7,-30,4,-34,8,-29,4,-29,3,-31,6,-29,3,-26,4,-34,2,-29,3,-33,1,-25,0,-29,1,-30,1,-29,-1,-33,1,-28,1,-30,-1,-31,0,-31,-2,-28,2,-34,1,-29,1,-28,1,-26,-2,-31,1,-29,1,-30,3,-30,3,-29,7,-28,8,-28,7,-29,4,-26,11,-26,9,-22,7,-24,6,-18,9,-23,9,-19,7,-20,12,-20,11,-18,13,-15,13,-12,13,-12,0,0,0,0,0,0,0,0,0,0]"""
1782031932785,2026-06-21T17:52:12.785,safe,posture,mhw,standing_still,t017,"CSI_DATA,535123,1a:00:00:00:00:00,-44,11,-99,18,28,11,518568693,47,2,256,0,""[0,0,0,0,0,0,0,0,0,0,0,0,23,15,24,24,4,24,-8,-2,8,14,-12,34,-12,22,9,1,-13,31,-11,19,-9,14,-12,12,-8,17,-7,11,-7,12,-11,3,-2,14,-1,18,-7,14,-8,17,-4,15,-3,15,-4,15,-2,19,-3,22,-3,20,-4,19,-7,23,-2,17,-4,22,-4,19,-4,26,-7,22,-7,22,-7,22,-7,22,-1,20,-2,24,-1,23,-2,20,-6,25,2,22,1,28,-2,25,-1,33,-3,26,-1,28,-6,28,0,28,0,28,2,34,3,31,0,34,-1,33,2,36,0,36,-2,34,0,0,0,0,0,0,35,4,33,2,39,2,34,3,28,4,37,4,29,1,37,4,29,2,37,6,35,4,28,4,31,2,28,4,33,1,30,0,31,-1,28,-1,33,2,24,-2,30,-1,28,-1,33,-1,30,1,26,1,29,0,28,-1,30,-4,30,-2,30,-3,28,-2,33,0,25,-2,33,-3,29,-2,37,-1,31,4,29,1,33,4,26,4,28,3,30,1,29,2,24,3,26,6,24,2,29,7,24,7,26,9,19,11,20,9,15,13,17,9,15,12,17,11,13,11,12,14,0,0,0,0,0,0,0,0,0,0]"""
1782031932798,2026-06-21T17:52:12.798,safe,posture,mhw,standing_still,t017,"CSI_DATA,535124,1a:00:00:00:00:00,-44,11,-99,18,28,11,518579693,47,2,256,0,""[0,0,0,0,0,0,0,0,0,0,0,0,6,-4,4,-4,6,-6,6,-6,7,-4,7,-6,8,-6,9,-7,8,-6,9,-4,11,-3,11,-4,13,-6,14,-4,13,-4,17,-6,13,-6,17,-3,15,-4,14,-2,15,-2,19,-6,20,-3,20,-2,19,-2,20,-2,22,-1,20,-1,22,-3,18,-3,23,-2,20,-2,22,-4,20,-3,22,-6,23,-7,24,-6,23,-3,24,-4,25,-3,23,-4,26,-7,24,-6,26,-7,23,-6,25,-8,25,-9,25,-11,28,-12,30,-9,29,-7,31,-7,33,-7,33,-8,33,-7,30,-9,31,-11,0,0,0,0,0,0,-6,-35,-4,-36,-6,-30,-7,-34,-6,-37,-1,-33,-6,-34,-3,-33,-2,-34,-3,-30,-6,-28,-6,-31,-7,-33,-6,-33,-1,-30,-4,-31,-6,-30,-3,-30,-3,-29,-7,-31,-7,-26,-6,-30,-7,-25,-8,-25,-7,-28,-11,-29,-7,-30,-6,-26,-7,-30,-9,-29,-6,-30,-6,-30,-7,-33,-6,-28,-4,-29,-4,-26,-6,-28,-4,-28,-3,-29,-4,-30,-1,-30,2,-28,2,-29,4,-28,4,-26,3,-26,4,-23,7,-26,4,-22,6,-22,7,-20,7,-20,7,-22,9,-19,12,-14,12,-14,13,-12,0,0,0,0,0,0,0,0,0,0]"""
1782031932809,2026-06-21T17:52:12.809,safe,posture,mhw,standing_still,t017,"CSI_DATA,535125,1a:00:00:00:00:00,-44,11,-99,15,29,11,518590693,47,2,256,0,""[0,0,0,0,0,0,0,0,0,0,0,0,0,7,-3,7,-1,5,-2,9,-3,8,-4,9,-7,9,-5,9,-5,9,-7,9,-4,11,-7,10,-8,11,-7,11,-8,9,-9,10,-11,13,-11,13,-15,11,-15,9,-14,9,-15,11,-16,10,-16,15,-16,11,-16,13,-16,11,-17,10,-19,10,-17,13,-17,11,-21,13,-21,13,-20,10,-21,11,-19,11,-17,13,-20,15,-19,13,-16,14,-20,13,-21,15,-22,17,-21,17,-24,17,-23,16,-23,16,-23,16,-22,15,-24,17,-26,21,-24,17,-24,16,-29,16,-27,21,-30,17,-30,19,0,0,0,0,0,0,16,32,14,29,19,32,16,32,13,29,16,33,16,32,15,33,14,28,13,33,13,32,10,27,10,27,10,29,15,30,13,26,14,27,13,23,11,27,11,26,15,27,14,26,13,28,11,29,13,27,10,26,10,27,16,27,13,27,15,26,11,24,13,28,11,26,13,27,13,27,10,33,8,32,5,28,5,30,3,28,4,28,5,30,3,29,3,24,1,27,1,26,-1,27,-2,26,-5,27,-7,23,-7,21,-8,19,-8,17,-8,17,-10,19,-8,16,-11,15,0,0,0,0,0,0,0,0,0,0]"""
1782031932820,2026-06-21T17:52:12.820,safe,posture,mhw,standing_still,t017,"CSI_DATA,535126,1a:00:00:00:00:00,-43,11,-99,16,29,11,518601693,47,2,256,0,""[0,0,0,0,0,0,0,0,0,0,0,0,2,-8,1,-6,1,-6,2,-6,2,-8,4,-10,5,-10,3,-9,4,-8,5,-9,5,-11,5,-12,6,-12,6,-12,8,-12,8,-11,10,-13,9,-13,11,-15,13,-15,11,-13,12,-11,13,-11,12,-15,15,-13,15,-12,16,-12,16,-11,15,-12,16,-13,15,-15,19,-17,20,-13,17,-12,19,-13,17,-11,16,-13,18,-18,18,-15,15,-16,18,-13,18,-16,20,-18,20,-18,25,-19,23,-18,21,-17,23,-16,21,-15,24,-18,26,-23,21,-18,26,-18,31,-18,26,-19,28,-19,28,-18,0,0,0,0,0,0,-17,-30,-15,-27,-19,-34,-15,-31,-13,-25,-12,-34,-11,-28,-15,-32,-15,-27,-12,-34,-11,-34,-9,-26,-11,-27,-10,-28,-12,-32,-12,-27,-12,-30,-10,-24,-10,-27,-9,-26,-13,-27,-11,-27,-10,-28,-11,-30,-9,-27,-6,-26,-8,-26,-13,-28,-10,-28,-10,-26,-9,-26,-8,-27,-8,-27,-10,-28,-8,-28,-6,-35,-3,-32,-3,-31,1,-28,0,-27,-1,-27,-1,-31,2,-27,1,-24,2,-25,3,-24,5,-25,4,-27,10,-26,10,-23,11,-19,12,-17,10,-17,13,-16,12,-17,12,-13,11,-11,0,0,0,0,0,0,0,0,0,0]"""
1782031932831,2026-06-21T17:52:12.831,safe,posture,mhw,standing_still,t017,"CSI_DATA,535127,1a:00:00:00:00:00,-44,11,-99,16,29,11,518612693,47,2,256,0,""[0,0,0,0,0,0,0,0,0,0,0,0,-4,5,-4,4,-6,5,-4,4,-6,5,-6,5,-6,4,-8,5,-10,5,-11,6,-10,4,-12,4,-12,4,-15,5,-15,4,-16,4,-13,2,-16,4,-13,2,-17,3,-19,3,-19,3,-20,1,-19,-1,-20,0,-18,0,-21,-2,-19,-1,-23,-2,-19,-1,-21,-2,-18,-2,-21,-1,-23,-3,-23,-2,-25,-1,-26,-2,-21,-4,-24,-2,-25,-3,-25,-3,-26,-3,-25,-3,-28,-2,-21,-3,-26,-2,-27,-4,-30,-1,-31,-2,-31,-3,-30,-5,-31,-5,-32,-9,-35,-6,-31,-8,-30,-6,-33,-10,0,0,0,0,0,0,-13,34,-17,35,-11,28,-15,31,-17,34,-18,27,-19,32,-15,28,-19,30,-15,26,-13,27,-17,25,-16,30,-17,28,-18,24,-16,25,-17,26,-18,24,-17,25,-18,26,-16,24,-18,25,-13,21,-16,23,-15,25,-17,26,-19,25,-17,23,-19,24,-18,24,-20,24,-18,21,-23,25,-19,20,-23,21,-18,18,-20,20,-23,19,-24,20,-25,18,-26,16,-25,12,-24,12,-27,12,-25,9,-27,10,-24,4,-25,6,-20,5,-21,3,-23,1,-21,2,-21,0,-20,-2,-18,-3,-18,-6,-16,-6,0,0,0,0,0,0,0,0,0,0]"""
1782031932841,2026-06-21T17:52:12.841,safe,posture,mhw,standing_still,t017,"CSI_DATA,535128,1a:00:00:00:00:00,-44,11,-99,15,29,11,518623693,47,2,256,0,""[0,0,0,0,0,0,0,0,0,0,0,0,7,-1,7,0,7,0,8,0,9,0,10,1,11,1,11,1,11,0,10,2,13,1,14,1,14,1,14,3,16,1,14,3,17,3,15,1,19,5,19,4,20,2,16,5,16,3,21,4,19,4,20,4,20,5,22,4,20,7,21,3,20,3,24,7,22,5,22,4,23,3,21,4,21,2,24,0,24,1,23,1,24,1,24,1,29,-1,26,-2,33,0,29,0,29,-1,29,0,26,-2,28,-1,34,-4,28,-2,34,-2,34,-3,34,-4,34,-3,35,-3,0,0,0,0,0,0,-3,-35,-3,-32,-4,-38,-4,-36,-2,-30,-5,-34,-3,-33,-3,-35,-7,-30,-3,-39,-5,-34,-4,-29,-4,-29,-4,-29,-7,-32,-8,-30,-9,-30,-9,-27,-8,-28,-10,-26,-13,-29,-9,-28,-10,-29,-10,-30,-11,-27,-9,-24,-10,-26,-15,-27,-14,-28,-15,-27,-13,-26,-14,-26,-11,-26,-14,-27,-13,-23,-15,-34,-10,-29,-10,-27,-11,-28,-7,-26,-9,-26,-10,-28,-8,-27,-9,-23,-7,-24,-5,-23,-4,-27,-4,-24,-2,-27,-2,-24,0,-22,1,-22,2,-20,1,-19,2,-21,2,-17,4,-17,0,0,0,0,0,0,0,0,0,0]"""
1782031932854,2026-06-21T17:52:12.854,safe,posture,mhw,standing_still,t017,"CSI_DATA,535129,1a:00:00:00:00:00,-43,11,-99,14,29,11,518634693,47,2,256,0,""[0,0,0,0,0,0,0,0,0,0,0,0,-4,-4,-3,-4,-6,-7,-3,-4,-4,-8,-4,-8,-4,-8,-7,-9,-6,-9,-7,-11,-7,-12,-7,-12,-7,-12,-6,-12,-6,-12,-6,-18,-7,-15,-7,-15,-4,-15,-7,-12,-9,-14,-6,-17,-7,-19,-8,-18,-6,-18,-7,-19,-6,-19,-6,-18,-4,-23,-6,-19,-7,-19,-7,-18,-9,-22,-7,-19,-11,-20,-9,-19,-11,-23,-9,-23,-11,-22,-13,-22,-12,-19,-11,-24,-11,-25,-15,-22,-11,-18,-18,-24,-13,-24,-18,-23,-15,-24,-17,-25,-15,-26,-15,-26,-17,-28,-19,-30,-17,-30,-18,-28,-18,-28,0,0,0,0,0,0,-26,19,-33,19,-26,18,-28,19,-31,18,-26,15,-33,20,-28,15,-29,19,-26,17,-25,17,-26,18,-24,17,-25,22,-25,19,-22,18,-24,22,-23,18,-22,17,-26,20,-22,19,-25,20,-22,18,-22,22,-22,24,-20,19,-22,23,-20,23,-20,23,-20,24,-19,23,-18,22,-25,22,-20,19,-22,22,-20,19,-22,24,-22,20,-20,23,-23,18,-24,18,-24,17,-24,15,-24,17,-22,15,-24,13,-24,8,-24,13,-20,8,-23,11,-20,8,-20,9,-19,3,-20,6,-18,2,-18,1,-18,0,0,0,0,0,0,0,0,0,0,0]"""
1782031932864,2026-06-21T17:52:12.863,safe,posture,mhw,standing_still,t017,"CSI_DATA,535130,1a:00:00:00:00:00,-43,11,-99,15,29,11,518645693,47,2,256,0,""[0,0,0,0,0,0,0,0,0,0,0,0,5,4,5,4,7,5,8,5,8,4,7,7,8,8,9,7,8,5,10,8,8,8,9,10,9,8,10,10,10,9,10,14,11,11,10,14,10,13,9,15,13,17,8,15,13,16,13,16,10,17,10,16,10,17,11,15,10,21,10,17,9,20,10,17,13,19,11,20,13,17,14,17,15,19,14,20,14,20,16,21,16,17,15,23,15,22,19,21,15,19,20,21,17,21,22,17,19,23,21,21,21,23,19,23,21,24,23,28,20,27,20,24,24,28,0,0,0,0,0,0,28,-20,30,-21,27,-22,29,-20,29,-22,26,-17,29,-21,27,-17,29,-20,27,-19,26,-20,26,-22,23,-17,23,-20,24,-19,22,-21,22,-22,24,-22,20,-19,26,-20,21,-21,22,-20,20,-20,21,-21,21,-24,20,-19,22,-23,20,-21,21,-21,20,-24,20,-21,19,-21,26,-21,22,-21,22,-20,23,-16,23,-22,23,-19,22,-21,24,-17,26,-17,26,-15,26,-13,26,-15,22,-14,26,-11,24,-7,23,-11,22,-7,23,-8,21,-5,20,-7,21,-3,21,-2,21,0,19,0,16,2,0,0,0,0,0,0,0,0,0,0]"""
1782031932874,2026-06-21T17:52:12.874,safe,posture,mhw,standing_still,t017,"CSI_DATA,535131,1a:00:00:00:00:00,-44,11,-99,15,29,11,518656693,47,2,256,0,""[0,0,0,0,0,0,0,0,0,0,0,0,-7,0,-7,-2,-5,-2,-9,-2,-7,-1,-13,-3,-10,-1,-10,-2,-11,-2,-9,-2,-13,-1,-14,-1,-14,-2,-14,-1,-15,-3,-13,-2,-17,-3,-16,-1,-20,-2,-17,-5,-14,-7,-17,-2,-16,-4,-20,-3,-21,-2,-20,-1,-19,-2,-22,-3,-17,0,-22,0,-19,-2,-27,1,-21,-1,-23,2,-23,-1,-22,2,-20,3,-23,5,-23,5,-22,5,-24,7,-20,10,-27,11,-24,9,-29,14,-23,10,-24,14,-27,10,-22,13,-26,15,-27,21,-24,20,-28,21,-27,19,-24,24,-29,22,-27,22,0,0,0,0,0,0,22,27,22,23,30,30,22,24,20,21,26,27,21,19,29,26,22,17,27,24,26,22,21,20,24,19,22,16,28,16,28,13,28,14,26,10,28,14,23,8,33,8,26,10,34,10,30,10,26,8,28,7,27,7,30,3,30,2,29,2,26,3,33,4,27,0,30,-1,28,2,39,2,29,4,30,1,32,4,28,3,26,3,32,0,29,0,24,1,27,3,23,0,28,3,22,3,30,8,21,5,22,7,21,5,20,5,19,5,19,7,17,5,17,9,0,0,0,0,0,0,0,0,0,0]"""
1782031932885,2026-06-21T17:52:12.885,safe,posture,mhw,standing_still,t017,"CSI_DATA,535132,1a:00:00:00:00:00,-44,11,-99,15,29,11,518667693,47,2,256,0,""[0,0,0,0,0,0,0,0,0,0,0,0,7,-3,7,-1,5,-1,9,0,8,-1,11,-1,10,0,9,0,11,1,10,0,11,3,11,2,13,3,14,3,15,4,14,5,16,5,16,4,16,5,17,7,20,7,14,8,17,7,19,8,19,7,19,9,17,10,19,11,16,10,20,10,19,10,21,11,20,11,19,11,21,11,20,11,19,10,21,11,21,11,21,10,22,10,21,11,24,11,23,11,26,14,26,13,26,13,27,11,24,13,26,13,29,14,26,14,30,15,28,19,29,19,29,19,30,19,0,0,0,0,0,0,21,-28,21,-24,21,-32,21,-28,21,-27,22,-28,21,-24,26,-26,19,-23,24,-24,22,-24,19,-26,22,-23,19,-22,20,-24,17,-23,17,-26,20,-23,19,-23,20,-21,20,-23,17,-22,20,-24,21,-23,19,-23,19,-21,16,-22,16,-24,17,-24,19,-24,19,-21,19,-23,20,-21,22,-22,20,-20,26,-23,22,-21,23,-20,23,-19,23,-15,23,-15,24,-17,26,-14,22,-13,24,-13,24,-8,26,-9,23,-9,26,-5,22,-4,22,-4,20,-3,21,-1,19,1,19,-1,19,2,19,3,0,0,0,0,0,0,0,0,0,0]"""
1782031932896,2026-06-21T17:52:12.896,safe,posture,mhw,standing_still,t017,"CSI_DATA,535133,1a:00:00:00:00:00,-44,11,-99,17,28,11,518678693,47,2,256,0,""[0,0,0,0,0,0,0,0,0,0,0,0,1,7,1,7,-1,6,1,7,1,7,0,11,0,11,-2,11,1,10,-1,7,-1,12,-1,13,-5,13,-5,15,-6,17,1,13,-3,16,-5,15,-7,16,-12,15,-11,11,-6,17,-10,13,-11,18,-11,18,-13,15,-11,13,-13,17,-7,15,-12,20,-12,16,-16,20,-15,17,-15,16,-16,18,-15,17,-13,17,-13,21,-13,18,-11,16,-16,18,-8,22,-12,25,-16,22,-21,28,-17,18,-17,25,-22,20,-16,22,-20,22,-20,28,-16,25,-22,26,-22,22,-20,30,-23,27,-23,26,0,0,0,0,0,0,25,27,20,25,27,30,21,27,17,23,22,30,17,21,23,30,20,22,20,30,17,30,12,26,17,26,12,25,17,27,17,26,18,25,16,25,16,28,15,18,21,23,17,23,18,27,15,27,11,25,16,25,12,25,17,25,17,26,15,23,12,25,15,30,15,22,17,26,13,25,15,35,7,30,10,27,6,28,6,27,6,26,10,30,5,27,3,23,-1,27,5,22,2,28,0,26,-5,28,-7,22,-5,21,-11,20,-7,17,-10,16,-8,20,-8,16,-12,15,0,0,0,0,0,0,0,0,0,0]"""
1782031932907,2026-06-21T17:52:12.907,safe,posture,mhw,standing_still,t017,"CSI_DATA,535134,1a:00:00:00:00:00,-44,11,-99,14,29,11,518689693,47,2,256,0,""[0,0,0,0,0,0,0,0,0,0,0,0,7,-2,7,-2,7,-2,8,-3,9,-2,8,-1,8,-2,9,-1,11,-2,12,-3,12,0,13,-1,15,-1,14,1,17,1,18,0,15,2,18,2,15,2,13,1,15,4,20,1,19,4,18,8,19,6,18,6,20,8,20,8,19,7,19,7,20,8,18,7,20,7,22,7,22,7,24,8,23,8,19,11,23,11,23,11,23,11,25,11,23,11,25,12,22,9,24,8,25,11,28,9,29,13,29,14,26,15,28,17,29,19,29,17,29,18,29,15,30,17,0,0,0,0,0,0,23,-26,28,-25,23,-24,23,-23,25,-28,26,-20,25,-22,25,-20,28,-20,22,-18,22,-20,24,-20,23,-24,24,-22,25,-15,25,-18,22,-19,25,-17,28,-19,24,-19,22,-19,26,-17,20,-17,20,-18,23,-15,25,-19,26,-19,24,-15,25,-15,24,-17,28,-13,26,-14,28,-15,26,-12,29,-11,25,-11,24,-13,28,-14,28,-13,31,-11,29,-6,29,-3,29,-3,31,-1,29,0,26,1,24,3,26,3,20,3,22,3,20,4,22,4,20,7,18,9,17,11,15,12,13,13,0,0,0,0,0,0,0,0,0,0]"""
1782031932920,2026-06-21T17:52:12.920,safe,posture,mhw,standing_still,t017,"CSI_DATA,535135,1a:00:00:00:00:00,-44,11,-99,18,28,11,518700693,47,2,256,0,""[0,0,0,0,0,0,0,0,0,0,0,0,-3,-7,-2,-4,-3,-8,-3,-6,-3,-8,-3,-8,-4,-7,-4,-9,-3,-11,-4,-12,-3,-13,-4,-12,-4,-12,-3,-14,-3,-13,-4,-17,-3,-17,-4,-19,-3,-14,-4,-17,-4,-19,-3,-17,-6,-19,-1,-18,-3,-22,-3,-20,-3,-20,-3,-18,-1,-23,-2,-20,-2,-22,-4,-18,-6,-20,-7,-20,-8,-22,-8,-23,-8,-23,-6,-22,-7,-23,-9,-24,-8,-24,-9,-26,-9,-23,-12,-25,-9,-18,-14,-24,-14,-25,-18,-24,-15,-25,-17,-26,-12,-25,-14,-30,-15,-28,-17,-30,-13,-31,-15,-28,-19,-30,0,0,0,0,0,0,-31,14,-36,19,-24,17,-30,15,-35,19,-28,12,-33,18,-26,13,-33,15,-24,15,-23,17,-28,17,-29,19,-26,19,-25,14,-25,17,-24,23,-26,19,-23,19,-24,19,-20,19,-25,20,-17,18,-18,20,-20,23,-20,22,-23,25,-20,20,-22,23,-19,23,-22,22,-19,23,-24,23,-20,22,-22,22,-18,19,-18,24,-20,23,-18,24,-24,22,-22,22,-23,17,-23,18,-23,18,-22,17,-26,17,-22,11,-22,14,-17,9,-20,9,-22,11,-19,11,-20,7,-19,7,-19,4,-18,3,-19,1,0,0,0,0,0,0,0,0,0,0]"""
1782031932930,2026-06-21T17:52:12.930,safe,posture,mhw,standing_still,t017,"CSI_DATA,535136,1a:00:00:00:00:00,-43,11,-99,18,28,11,518712293,47,2,256,0,""[0,0,0,0,0,0,0,0,0,0,0,0,-6,-3,-6,-3,-8,-3,-7,-4,-8,-3,-9,-4,-8,-4,-8,-4,-9,-6,-11,-3,-12,-4,-9,-4,-12,-4,-13,-4,-13,-6,-14,-8,-15,-4,-14,-4,-15,-8,-17,-8,-18,-3,-15,-7,-19,-7,-20,-6,-17,-6,-19,-6,-19,-4,-19,-3,-19,-7,-22,-3,-20,-3,-24,-3,-24,-1,-20,-2,-24,0,-23,0,-22,2,-24,3,-24,1,-25,3,-22,6,-24,6,-26,6,-23,9,-25,9,-28,13,-25,13,-24,14,-24,13,-26,14,-28,14,-25,14,-25,18,-26,19,-26,22,-28,22,-28,22,0,0,0,0,0,0,22,25,23,23,26,23,26,23,26,23,26,22,28,22,28,22,29,18,28,20,29,18,28,15,25,15,28,11,29,12,29,9,31,9,28,7,26,4,30,8,29,4,30,2,30,3,30,3,30,0,29,1,30,-1,31,-4,30,-3,31,-6,29,-4,29,-7,31,-2,30,-6,29,-6,31,-4,33,-8,30,-7,30,-8,26,-4,29,-6,29,-7,29,-6,26,-7,26,-6,25,-4,25,-3,24,-6,24,-3,25,-4,23,-2,22,-2,22,-2,22,-1,19,-1,19,0,18,1,0,0,0,0,0,0,0,0,0,0]"""
1782031932940,2026-06-21T17:52:12.940,safe,posture,mhw,standing_still,t017,"CSI_DATA,535137,1a:00:00:00:00:00,-44,11,-99,14,29,11,518722693,47,2,256,0,""[0,0,0,0,0,0,0,0,0,0,0,0,-7,-2,-8,-3,-6,-2,-7,-4,-7,-2,-9,-2,-11,-2,-8,-4,-12,-3,-8,-3,-12,-3,-14,-4,-12,-3,-13,-3,-14,-4,-14,-3,-17,-3,-15,-2,-18,-4,-17,-7,-13,-8,-18,-2,-17,-7,-19,-3,-20,-3,-20,-3,-19,-2,-20,-6,-19,-1,-23,0,-20,-3,-25,-1,-22,-2,-23,-2,-24,-1,-23,1,-20,1,-25,4,-23,4,-22,6,-24,3,-20,11,-24,12,-25,9,-30,13,-26,7,-26,13,-25,9,-23,13,-28,14,-26,22,-23,20,-29,19,-25,19,-24,23,-28,22,-28,20,0,0,0,0,0,0,24,28,22,24,28,28,24,26,22,19,25,26,23,19,29,23,23,18,26,22,26,19,22,20,26,15,25,17,29,15,28,13,29,11,28,8,29,13,25,6,33,3,28,7,33,7,29,8,26,6,30,2,28,3,29,0,31,1,29,-1,29,1,33,1,26,-4,30,-7,31,-2,37,-4,31,2,30,-3,31,2,28,-1,26,-1,30,-3,30,-3,24,-3,28,1,24,-4,28,-3,24,0,29,1,22,3,23,2,20,4,19,2,19,4,20,4,19,2,17,3,0,0,0,0,0,0,0,0,0,0]"""
1782031932952,2026-06-21T17:52:12.952,safe,posture,mhw,standing_still,t017,"CSI_DATA,535138,1a:00:00:00:00:00,-44,11,-99,14,29,11,518733693,47,2,256,0,""[0,0,0,0,0,0,0,0,0,0,0,0,2,-6,3,-7,3,-7,4,-7,3,-6,6,-8,7,-8,6,-7,6,-11,7,-7,9,-8,9,-8,9,-8,12,-9,12,-9,12,-11,13,-9,14,-9,13,-8,15,-11,13,-9,17,-9,15,-8,18,-8,19,-9,18,-7,18,-7,22,-8,17,-9,20,-11,19,-9,22,-11,19,-7,20,-9,20,-11,20,-12,19,-11,20,-12,19,-12,19,-12,23,-12,19,-13,22,-17,24,-13,25,-17,20,-12,24,-17,24,-15,25,-15,24,-15,25,-18,28,-18,29,-17,26,-15,26,-19,31,-20,29,-15,0,0,0,0,0,0,-17,-36,-14,-33,-15,-33,-12,-33,-14,-30,-12,-34,-12,-28,-13,-34,-12,-30,-12,-33,-12,-30,-9,-29,-14,-30,-8,-29,-11,-29,-12,-29,-13,-28,-13,-29,-11,-33,-13,-23,-15,-26,-12,-26,-13,-28,-13,-26,-11,-25,-15,-28,-11,-25,-13,-23,-13,-28,-13,-24,-11,-28,-11,-31,-13,-24,-14,-28,-9,-29,-12,-31,-7,-29,-9,-28,-7,-29,-6,-29,-6,-25,-7,-29,-6,-26,-3,-28,0,-29,-4,-23,-1,-26,1,-25,1,-26,3,-22,3,-24,7,-22,4,-22,6,-19,8,-18,7,-17,11,-15,0,0,0,0,0,0,0,0,0,0]"""
1782031932963,2026-06-21T17:52:12.963,safe,posture,mhw,standing_still,t017,"CSI_DATA,535139,1a:00:00:00:00:00,-43,11,-99,15,29,11,518744693,47,2,256,0,""[0,0,0,0,0,0,0,0,0,0,0,0,1,-7,2,-5,1,-8,2,-7,3,-8,3,-8,2,-8,2,-11,4,-8,2,-11,3,-11,4,-11,2,-14,3,-13,4,-13,8,-16,5,-14,9,-17,4,-15,4,-16,7,-21,7,-16,8,-21,7,-17,8,-16,8,-19,8,-19,5,-19,9,-21,7,-17,5,-21,5,-19,3,-23,3,-21,2,-22,3,-23,1,-26,3,-24,3,-23,0,-27,-1,-23,0,-28,-2,-26,-3,-27,-2,-23,-7,-28,-2,-29,-9,-28,-7,-28,-7,-30,-5,-30,-4,-29,-8,-32,-9,-34,-8,-34,-8,-30,-14,-33,0,0,0,0,0,0,-33,11,-36,13,-28,11,-33,14,-36,15,-30,11,-34,14,-28,11,-32,14,-27,11,-27,15,-28,17,-28,17,-28,20,-27,16,-23,17,-24,21,-23,19,-20,17,-26,21,-19,21,-22,23,-17,20,-20,22,-19,24,-17,23,-21,24,-17,23,-19,24,-19,26,-16,26,-14,24,-21,27,-17,23,-16,26,-14,22,-15,28,-17,26,-15,27,-17,26,-17,23,-19,22,-17,22,-19,22,-15,21,-19,21,-19,16,-16,21,-15,13,-17,19,-16,16,-15,16,-16,13,-16,16,-17,9,-15,9,-16,8,0,0,0,0,0,0,0,0,0,0]"""
1782031932973,2026-06-21T17:52:12.973,safe,posture,mhw,standing_still,t017,"CSI_DATA,535140,1a:00:00:00:00:00,-43,11,-99,23,27,11,518755693,47,2,256,0,""[0,0,0,0,0,0,0,0,0,0,0,0,1,7,1,5,0,8,1,8,1,9,0,8,1,8,2,11,1,10,2,13,-1,11,1,14,1,14,2,14,0,14,2,17,1,16,-1,19,-1,16,1,15,1,16,1,20,1,22,0,19,-1,20,0,21,0,22,2,21,0,23,1,21,1,22,2,17,2,20,2,20,5,22,7,24,5,23,2,22,4,22,8,27,8,23,9,27,7,24,11,26,7,20,15,22,11,23,19,24,15,26,17,28,11,24,15,28,16,28,19,29,17,29,16,26,21,27,0,0,0,0,0,0,29,-22,33,-21,24,-17,29,-21,33,-23,26,-15,32,-21,26,-19,30,-23,22,-16,22,-20,23,-23,23,-24,23,-24,21,-19,21,-22,19,-23,21,-23,20,-21,22,-23,16,-24,19,-24,11,-21,14,-23,15,-26,13,-27,15,-29,15,-24,17,-26,14,-28,16,-28,11,-29,16,-30,13,-26,13,-27,11,-22,10,-26,13,-24,10,-27,13,-28,14,-27,16,-21,17,-26,15,-24,15,-23,16,-24,16,-19,14,-22,11,-14,14,-19,15,-16,14,-19,15,-15,17,-16,15,-10,17,-10,16,-7,0,0,0,0,0,0,0,0,0,0]"""
1782031932985,2026-06-21T17:52:12.985,safe,posture,mhw,standing_still,t017,"CSI_DATA,535141,1a:00:00:00:00:00,-43,11,-99,14,29,11,518766693,47,2,256,0,""[0,0,0,0,0,0,0,0,0,0,0,0,6,-2,7,-1,8,-3,7,-1,11,-1,8,-2,7,-2,11,-4,11,-3,11,-6,12,-3,11,-3,13,-4,13,-4,13,-4,17,-6,13,-7,15,-7,13,-7,17,-7,17,-12,15,-8,17,-12,14,-9,15,-11,15,-11,18,-11,15,-13,19,-15,15,-13,15,-14,12,-13,14,-17,14,-18,11,-20,12,-19,13,-23,12,-22,9,-22,9,-25,7,-23,9,-28,7,-23,3,-28,3,-20,2,-29,3,-28,-3,-28,1,-30,-1,-33,-1,-29,-1,-31,-3,-33,-3,-31,-3,-33,-6,-31,-12,-34,0,0,0,0,0,0,-34,11,-35,14,-28,13,-31,14,-36,18,-26,13,-31,18,-26,15,-31,20,-23,17,-23,19,-23,22,-24,23,-24,25,-20,22,-18,23,-18,25,-17,24,-14,23,-17,28,-12,26,-12,30,-8,23,-7,25,-8,29,-7,28,-7,33,-3,29,-4,31,-1,33,-2,31,1,29,-3,34,-2,29,2,30,0,25,4,31,1,30,6,29,1,33,2,30,1,28,0,28,2,30,2,26,0,29,0,23,3,26,1,20,2,24,0,22,3,22,0,22,1,24,-1,18,0,18,-2,19,0,0,0,0,0,0,0,0,0,0]"""
1782031932996,2026-06-21T17:52:12.996,safe,posture,mhw,standing_still,t017,"CSI_DATA,535142,1a:00:00:00:00:00,-44,11,-99,20,28,11,518777693,47,2,256,0,""[0,0,0,0,0,0,0,0,0,0,0,0,3,5,3,8,3,6,5,8,6,8,5,5,6,9,5,8,9,9,5,9,8,10,10,11,11,10,10,10,11,12,10,9,13,15,12,10,11,13,15,15,12,12,13,12,12,12,15,12,17,13,16,11,16,12,19,17,15,10,20,10,18,12,23,10,18,10,20,8,19,9,21,8,20,5,24,5,24,3,24,1,26,4,23,-1,27,-2,28,-1,31,-3,24,0,27,-4,30,-3,27,-5,28,-8,31,-11,30,-12,34,-11,32,-9,28,-16,33,-16,32,-15,0,0,0,0,0,0,-17,-34,-16,-30,-21,-33,-17,-32,-17,-24,-17,-31,-18,-24,-25,-27,-19,-23,-24,-26,-21,-21,-19,-21,-25,-19,-21,-18,-25,-16,-28,-15,-27,-15,-27,-13,-30,-18,-25,-9,-31,-8,-27,-12,-32,-9,-28,-8,-26,-9,-31,-5,-26,-4,-28,-2,-30,-1,-28,1,-28,-1,-34,-2,-26,3,-31,4,-32,0,-36,3,-28,-2,-31,4,-31,1,-30,1,-26,3,-30,5,-27,5,-25,5,-28,2,-24,5,-28,2,-26,1,-28,1,-21,0,-23,-1,-20,-1,-21,2,-20,-1,-19,0,-19,1,-19,-2,0,0,0,0,0,0,0,0,0,0]"""
1782031933008,2026-06-21T17:52:13.008,safe,posture,mhw,standing_still,t017,"CSI_DATA,535143,1a:00:00:00:00:00,-43,11,-99,15,29,11,518788693,47,2,256,0,""[0,0,0,0,0,0,0,0,0,0,0,0,-4,-5,-4,-5,-4,-8,-2,-5,-4,-8,-5,-7,-4,-7,-5,-9,-4,-10,-5,-11,-4,-10,-5,-11,-4,-13,-7,-13,-3,-13,-5,-17,-7,-15,-7,-17,-4,-13,-4,-16,-5,-21,-3,-17,-7,-21,-4,-19,-4,-20,-3,-20,-4,-21,-4,-19,-4,-23,-5,-20,-4,-21,-3,-17,-7,-21,-5,-21,-8,-21,-8,-21,-8,-23,-5,-22,-4,-23,-9,-28,-11,-22,-8,-27,-9,-22,-13,-24,-8,-19,-14,-23,-10,-24,-15,-24,-15,-28,-15,-27,-13,-26,-13,-29,-13,-28,-16,-30,-15,-30,-16,-28,-16,-30,0,0,0,0,0,0,-32,13,-36,15,-26,11,-32,14,-38,16,-27,9,-34,14,-28,14,-33,13,-27,10,-24,13,-28,14,-30,16,-29,17,-27,13,-26,14,-27,16,-29,16,-24,14,-29,16,-22,15,-28,16,-19,15,-21,15,-26,19,-22,17,-27,20,-23,16,-26,17,-24,20,-27,17,-22,17,-28,19,-24,16,-26,17,-22,14,-23,19,-24,15,-24,16,-27,14,-27,13,-26,8,-28,9,-28,10,-26,10,-29,8,-23,4,-24,9,-17,2,-23,4,-21,1,-22,5,-22,1,-21,0,-17,-2,-19,-5,-17,-4,0,0,0,0,0,0,0,0,0,0]"""
1782031933019,2026-06-21T17:52:13.019,safe,posture,mhw,standing_still,t017,"CSI_DATA,535144,1a:00:00:00:00:00,-44,11,-99,14,29,11,518799693,47,2,256,0,""[0,0,0,0,0,0,0,0,0,0,0,0,2,-7,3,-6,1,-6,4,-6,2,-8,4,-8,7,-8,7,-8,4,-11,7,-7,7,-9,7,-9,7,-9,8,-11,12,-13,8,-9,9,-13,9,-13,13,-13,15,-9,13,-9,15,-12,14,-11,14,-12,15,-12,15,-12,17,-11,19,-13,13,-12,17,-14,17,-13,20,-14,19,-12,18,-12,18,-12,19,-15,17,-13,15,-15,17,-15,14,-17,19,-14,13,-19,17,-22,19,-18,23,-23,20,-15,19,-22,23,-18,20,-19,23,-22,19,-25,20,-25,24,-25,20,-22,20,-28,24,-26,24,-23,0,0,0,0,0,0,-24,-26,-22,-24,-28,-28,-23,-26,-19,-23,-23,-29,-19,-20,-24,-26,-20,-23,-23,-28,-19,-25,-15,-25,-22,-26,-14,-24,-20,-23,-22,-22,-22,-23,-22,-22,-20,-26,-20,-17,-26,-19,-20,-20,-24,-22,-20,-22,-18,-20,-22,-22,-17,-20,-23,-18,-22,-19,-23,-20,-20,-18,-23,-24,-20,-14,-25,-19,-20,-20,-26,-26,-17,-24,-18,-24,-17,-26,-15,-24,-14,-23,-18,-23,-14,-23,-13,-20,-12,-25,-13,-19,-13,-24,-9,-24,-9,-28,-3,-19,-4,-23,0,-20,-3,-20,0,-20,-2,-18,0,-18,2,-19,0,0,0,0,0,0,0,0,0,0]"""
1782031933032,2026-06-21T17:52:13.032,safe,posture,mhw,standing_still,t017,"CSI_DATA,535145,1a:00:00:00:00:00,-44,11,-99,16,29,11,518810693,47,2,256,0,""[0,0,0,0,0,0,0,0,0,0,0,0,-5,-1,-6,-1,-5,-2,-6,-4,-6,-4,-8,-5,-9,-4,-10,-5,-9,-5,-10,-5,-10,-6,-12,-6,-10,-8,-11,-6,-10,-8,-11,-12,-12,-11,-12,-10,-11,-11,-11,-12,-16,-13,-10,-13,-13,-12,-13,-15,-10,-16,-11,-13,-11,-16,-12,-16,-10,-18,-10,-17,-11,-17,-11,-19,-15,-19,-12,-18,-13,-18,-12,-18,-13,-18,-15,-19,-15,-19,-18,-17,-17,-17,-15,-21,-16,-21,-18,-18,-16,-20,-20,-23,-18,-21,-20,-19,-18,-23,-20,-21,-18,-24,-19,-25,-19,-27,-18,-28,-21,-26,-19,-27,-21,-27,0,0,0,0,0,0,-30,19,-32,19,-28,19,-31,17,-30,18,-28,16,-32,18,-30,16,-30,16,-30,15,-28,15,-26,18,-26,12,-27,17,-26,16,-24,15,-27,16,-24,16,-23,15,-27,16,-25,16,-26,16,-23,15,-26,15,-25,18,-24,12,-24,18,-24,18,-24,17,-24,19,-24,17,-23,17,-31,15,-27,15,-26,13,-26,12,-30,15,-27,11,-27,12,-28,8,-27,10,-28,8,-28,6,-26,6,-26,6,-27,1,-25,0,-25,2,-23,-1,-24,-1,-21,-3,-20,-1,-19,-5,-20,-4,-18,-5,-17,-8,-16,-8,0,0,0,0,0,0,0,0,0,0]"""
1782031933040,2026-06-21T17:52:13.040,safe,posture,mhw,standing_still,t017,"CSI_DATA,535146,1a:00:00:00:00:00,-44,11,-99,18,28,11,518821693,47,2,256,0,""[0,0,0,0,0,0,0,0,0,0,0,0,-1,7,0,7,-2,7,-3,8,-3,7,-3,7,-2,7,-3,11,-3,11,-2,12,-3,13,-2,12,-3,12,-6,13,-4,12,-6,17,-4,13,-8,17,-6,14,-4,13,-3,17,-7,18,-6,19,-6,17,-7,18,-7,18,-9,20,-6,19,-9,23,-4,18,-4,22,-3,18,-4,20,-3,22,-1,23,-2,24,-1,25,-2,23,-2,25,0,28,1,23,0,29,1,24,4,28,1,20,6,28,4,28,9,26,4,31,8,31,4,29,7,33,8,30,9,34,11,31,11,30,12,34,0,0,0,0,0,0,31,-11,39,-13,25,-12,31,-13,37,-13,29,-8,33,-13,28,-11,34,-13,26,-11,26,-14,28,-15,29,-17,28,-18,24,-14,24,-15,25,-20,26,-18,20,-17,26,-20,19,-19,24,-22,17,-17,18,-20,20,-23,18,-24,20,-25,17,-23,18,-24,17,-26,19,-25,14,-22,23,-26,17,-23,18,-25,14,-19,15,-26,18,-24,14,-25,19,-26,17,-23,17,-20,20,-22,19,-23,18,-20,20,-20,18,-15,18,-20,14,-13,17,-17,14,-13,17,-17,18,-13,17,-13,17,-9,18,-8,14,-7,0,0,0,0,0,0,0,0,0,0]"""
1782031933051,2026-06-21T17:52:13.051,safe,posture,mhw,standing_still,t017,"CSI_DATA,535147,1a:00:00:00:00:00,-44,11,-99,23,27,11,518832693,47,2,256,0,""[0,0,0,0,0,0,0,0,0,0,0,0,-7,1,-7,0,-5,-1,-7,0,-8,0,-9,0,-9,-1,-10,-2,-11,-1,-9,-1,-11,-2,-14,0,-13,0,-15,-1,-16,-2,-14,-1,-19,-3,-14,-2,-17,-2,-15,-2,-14,-3,-21,0,-16,-3,-17,-3,-22,-2,-21,-2,-20,-2,-22,-3,-17,0,-22,-1,-20,-3,-26,0,-21,-2,-22,-1,-23,0,-22,0,-21,1,-23,2,-22,2,-23,5,-27,2,-22,8,-27,7,-27,5,-32,8,-24,4,-27,10,-28,7,-27,9,-28,11,-29,14,-28,13,-34,14,-29,10,-30,15,-35,16,-32,14,0,0,0,0,0,0,15,34,13,28,19,35,11,34,13,26,15,34,15,24,15,33,11,27,16,33,15,29,13,28,19,27,13,24,17,27,21,26,21,22,16,23,20,28,17,17,23,21,19,21,23,22,21,21,21,21,22,21,19,17,23,17,26,19,23,17,22,17,26,21,21,14,26,17,23,17,29,23,23,20,23,17,21,21,22,20,20,17,23,21,23,16,20,16,20,20,19,15,20,19,15,17,17,23,11,17,14,19,9,19,11,16,8,17,10,17,9,16,8,19,0,0,0,0,0,0,0,0,0,0]"""
1782031933062,2026-06-21T17:52:13.062,safe,posture,mhw,standing_still,t017,"CSI_DATA,535148,1a:00:00:00:00:00,-44,11,-99,15,29,11,518843693,47,2,256,0,""[0,0,0,0,0,0,0,0,0,0,0,0,-2,-5,-1,-7,-2,-5,-2,-8,-2,-8,-1,-9,-1,-10,1,-10,0,-11,1,-10,1,-14,0,-13,1,-14,2,-14,5,-14,2,-13,3,-16,4,-15,5,-17,10,-17,9,-15,9,-16,8,-14,9,-17,10,-19,10,-17,11,-16,15,-17,8,-14,10,-17,11,-16,14,-20,15,-15,14,-16,15,-17,15,-19,13,-17,14,-20,13,-19,11,-19,16,-17,10,-20,15,-24,17,-20,20,-26,17,-19,17,-23,22,-19,17,-22,22,-22,20,-26,19,-26,24,-23,24,-21,23,-27,28,-23,28,-22,0,0,0,0,0,0,-17,-30,-16,-29,-20,-33,-16,-30,-13,-27,-16,-34,-15,-27,-15,-33,-15,-27,-15,-33,-13,-33,-5,-28,-11,-30,-8,-28,-10,-29,-13,-28,-13,-28,-10,-28,-8,-30,-11,-22,-14,-27,-10,-27,-11,-30,-7,-29,-4,-28,-8,-26,-5,-27,-10,-28,-9,-28,-8,-28,-5,-28,-4,-33,-7,-26,-8,-30,-3,-29,-3,-38,1,-30,1,-29,3,-29,2,-28,4,-27,1,-30,3,-27,4,-24,9,-27,4,-22,8,-24,10,-23,14,-24,13,-16,13,-19,15,-14,15,-13,14,-11,15,-14,14,-13,15,-9,0,0,0,0,0,0,0,0,0,0]"""
1782031933073,2026-06-21T17:52:13.073,safe,posture,mhw,standing_still,t017,"CSI_DATA,535149,1a:00:00:00:00:00,-44,11,-99,18,28,11,518854693,47,2,256,0,""[0,0,0,0,0,0,0,0,0,0,0,0,-6,-1,-6,-2,-6,-3,-7,-3,-7,-2,-8,-4,-9,-6,-11,-4,-9,-6,-9,-6,-11,-6,-12,-7,-12,-6,-12,-6,-12,-8,-12,-9,-15,-9,-12,-8,-13,-12,-15,-13,-14,-9,-13,-13,-14,-13,-15,-12,-15,-11,-14,-12,-14,-13,-14,-13,-15,-13,-17,-13,-17,-12,-19,-17,-19,-15,-15,-15,-18,-13,-14,-14,-18,-11,-23,-11,-20,-12,-19,-9,-20,-11,-22,-12,-25,-12,-24,-9,-26,-13,-25,-13,-26,-12,-24,-12,-23,-12,-26,-13,-31,-11,-29,-11,-29,-12,-30,-14,-33,-13,-34,-13,-31,-12,0,0,0,0,0,0,-14,31,-12,33,-15,36,-14,31,-13,29,-12,33,-12,29,-14,33,-11,30,-14,33,-13,30,-11,28,-12,28,-9,29,-8,31,-7,29,-8,30,-6,28,-8,26,-6,26,-4,30,-6,28,-6,31,-7,29,-3,29,-7,26,-6,28,-1,31,-3,29,-2,30,-3,26,-3,30,-4,29,-3,31,-2,29,-7,35,-6,31,-7,29,-8,28,-9,28,-8,28,-7,29,-8,28,-7,25,-8,24,-7,24,-11,24,-9,24,-13,24,-12,20,-12,18,-13,17,-12,14,-13,15,-14,15,-12,12,-13,11,0,0,0,0,0,0,0,0,0,0]"""
1782031933085,2026-06-21T17:52:13.085,safe,posture,mhw,standing_still,t017,"CSI_DATA,535150,1a:00:00:00:00:00,-44,11,-99,18,28,11,518867535,47,2,256,0,""[0,0,0,0,0,0,0,0,0,0,0,0,7,-1,7,0,7,0,8,-1,8,-1,11,-1,11,-1,8,1,11,-1,11,0,13,-1,12,-1,14,-2,14,-4,15,-2,13,-2,18,-4,13,-2,20,-2,17,-3,14,-2,17,-3,18,-2,20,-6,19,-4,19,-4,18,-6,22,-7,18,-6,19,-7,18,-8,23,-11,20,-9,22,-9,19,-9,19,-12,15,-12,19,-15,19,-13,18,-14,18,-17,17,-18,18,-20,15,-20,19,-25,19,-23,18,-23,17,-23,15,-23,14,-25,14,-29,13,-28,14,-29,14,-31,12,-33,14,-34,12,-31,0,0,0,0,0,0,-36,-11,-31,-8,-41,-7,-35,-9,-29,-4,-37,-4,-31,-3,-35,-3,-30,-2,-36,-4,-33,-2,-30,-1,-30,-1,-30,0,-33,3,-31,3,-31,7,-28,4,-29,6,-26,7,-29,11,-26,12,-31,12,-29,11,-26,9,-25,11,-25,11,-26,18,-26,15,-24,15,-23,14,-25,17,-22,18,-23,22,-22,20,-29,23,-25,19,-23,18,-25,17,-22,14,-20,17,-23,20,-23,18,-19,15,-20,14,-19,15,-22,18,-19,14,-23,14,-20,12,-20,12,-19,8,-15,8,-18,12,-18,9,-17,8,-17,7,0,0,0,0,0,0,0,0,0,0]"""
1782031933095,2026-06-21T17:52:13.095,safe,posture,mhw,standing_still,t017,"CSI_DATA,535151,1a:00:00:00:00:00,-44,11,-99,16,28,11,518876693,47,2,256,0,""[0,0,0,0,0,0,0,0,0,0,0,0,9,-28,-3,-37,-3,-12,24,-7,-7,14,-15,-11,1,7,-9,0,-11,1,11,-24,-6,-12,2,-11,-7,-16,0,-11,0,-25,-7,-10,-5,-20,0,-12,-6,-14,-3,-20,-3,-10,-5,-16,-2,-19,-7,-18,-7,-18,-7,-18,-9,-16,-9,-19,-9,-16,-12,-16,-10,-16,-14,-22,-11,-19,-12,-19,-14,-18,-14,-16,-14,-15,-19,-18,-16,-15,-16,-15,-20,-14,-19,-12,-24,-14,-23,-12,-29,-18,-23,-14,-24,-11,-24,-15,-22,-11,-25,-10,-33,-10,-28,-9,-32,-11,-31,-12,-33,-6,-34,-10,-34,-10,0,0,0,0,0,0,-7,38,-5,32,-6,38,-5,34,-5,29,-3,38,-1,29,-2,36,0,31,-2,37,-2,34,-1,31,0,31,3,28,3,33,3,29,6,29,7,28,6,29,9,25,11,29,10,25,11,32,11,29,11,27,11,27,11,24,19,24,15,24,16,23,14,23,18,25,15,23,19,23,18,22,20,31,16,27,18,23,16,25,15,23,15,23,19,25,16,24,15,20,15,20,14,20,15,24,12,20,12,25,10,19,10,22,6,19,6,18,7,19,9,20,5,18,5,18,0,0,0,0,0,0,0,0,0,0]"""
1782031933104,2026-06-21T17:52:13.104,safe,posture,mhw,standing_still,t017,"CSI_DATA,535152,1a:00:00:00:00:00,-44,11,-99,19,28,11,518887693,47,2,256,0,""[0,0,0,0,0,0,0,0,0,0,0,0,3,5,3,5,3,8,4,8,3,8,3,8,3,8,4,10,4,9,3,11,4,11,2,13,3,14,3,13,2,11,2,17,3,17,1,17,1,16,1,15,1,16,0,17,1,21,2,21,-1,21,0,20,-1,21,0,21,-2,24,-1,22,0,22,-3,21,0,23,0,22,-1,23,0,22,-1,23,1,24,0,24,2,27,2,22,-1,28,-2,24,3,28,0,24,2,29,-1,28,4,28,1,29,1,29,0,32,-1,30,1,30,-1,36,-1,35,0,32,-1,34,0,0,0,0,0,0,33,4,38,3,35,2,34,3,38,4,33,4,38,5,34,7,34,5,32,8,32,5,33,3,29,7,32,3,32,4,29,4,30,3,32,4,28,2,32,5,28,2,29,3,28,4,28,2,32,1,27,4,32,2,30,1,28,4,30,4,30,3,28,2,32,8,30,5,29,4,28,4,33,5,27,8,29,7,27,10,27,11,28,11,26,14,26,13,23,11,22,16,20,16,21,13,17,15,19,15,15,16,14,15,11,16,13,20,10,16,8,19,8,16,0,0,0,0,0,0,0,0,0,0]"""
1782031933118,2026-06-21T17:52:13.118,safe,posture,mhw,standing_still,t017,"CSI_DATA,535153,1a:00:00:00:00:00,-44,11,-99,15,29,11,518898693,47,2,256,0,""[0,0,0,0,0,0,0,0,0,0,0,0,-2,-4,-3,-4,-2,-7,-2,-7,-2,-8,0,-8,-3,-8,-2,-10,-1,-10,-3,-13,-2,-11,-2,-11,-2,-11,-2,-15,1,-13,1,-17,1,-17,1,-17,0,-16,2,-17,3,-21,3,-17,2,-21,3,-20,4,-19,4,-19,5,-20,4,-17,9,-22,4,-20,7,-20,5,-19,4,-23,7,-21,5,-22,5,-23,7,-22,8,-22,7,-23,7,-27,4,-23,8,-26,9,-23,4,-28,7,-21,4,-28,9,-26,3,-29,8,-28,8,-29,9,-28,11,-30,10,-30,13,-33,11,-29,13,-28,10,-32,0,0,0,0,0,0,-30,-13,-35,-16,-29,-15,-29,-17,-34,-19,-26,-15,-32,-21,-27,-16,-28,-20,-24,-17,-26,-16,-29,-17,-26,-16,-30,-16,-26,-16,-26,-17,-27,-14,-24,-15,-22,-14,-27,-20,-26,-15,-27,-17,-23,-15,-23,-14,-27,-15,-24,-17,-28,-16,-24,-14,-26,-16,-26,-15,-26,-17,-23,-14,-26,-23,-23,-19,-22,-17,-20,-20,-24,-19,-21,-20,-23,-20,-19,-22,-20,-22,-16,-22,-17,-24,-16,-24,-14,-21,-11,-27,-8,-22,-10,-23,-7,-20,-8,-22,-4,-21,-5,-20,-2,-20,-3,-22,2,-19,1,-19,3,-19,0,0,0,0,0,0,0,0,0,0]"""
1782031933127,2026-06-21T17:52:13.127,safe,posture,mhw,standing_still,t017,"CSI_DATA,535154,1a:00:00:00:00:00,-44,11,-99,15,29,11,518909693,47,2,256,0,""[0,0,0,0,0,0,0,0,0,0,0,0,3,-4,3,-7,5,-4,7,-4,5,-4,8,-7,9,-5,7,-4,10,-7,10,-4,10,-7,13,-5,13,-8,13,-3,16,-5,11,-7,16,-5,15,-5,19,-4,19,-3,19,-2,20,-4,16,-1,19,-3,20,-2,20,-1,21,0,26,0,17,-2,22,-1,21,0,24,-1,22,1,22,-1,22,0,23,1,21,-1,24,-2,23,0,23,0,27,1,23,-4,27,-2,27,0,32,0,24,2,29,-1,28,2,27,0,30,0,33,0,33,-2,36,2,32,2,34,1,36,3,34,4,0,0,0,0,0,0,11,-36,9,-30,10,-40,11,-34,9,-30,13,-35,8,-27,13,-33,13,-29,11,-33,14,-30,14,-24,13,-30,13,-26,14,-28,11,-29,10,-30,10,-26,15,-29,9,-23,10,-28,11,-27,13,-28,14,-28,14,-23,11,-28,13,-22,13,-27,13,-28,11,-27,14,-24,19,-28,11,-24,14,-28,15,-23,21,-28,19,-22,19,-23,23,-21,22,-21,19,-17,21,-21,21,-19,20,-16,26,-15,19,-16,22,-14,22,-10,26,-10,21,-4,22,-5,21,-4,21,-4,19,0,21,-2,19,0,19,2,0,0,0,0,0,0,0,0,0,0]"""
1782031933139,2026-06-21T17:52:13.139,safe,posture,mhw,standing_still,t017,"CSI_DATA,535155,1a:00:00:00:00:00,-44,11,-99,18,28,11,518920693,47,2,256,0,""[0,0,0,0,0,0,0,0,0,0,0,0,3,-6,6,-4,7,-6,6,-4,7,-6,7,-7,7,-7,8,-7,8,-7,7,-8,11,-8,8,-7,9,-8,13,-7,11,-7,15,-8,12,-9,15,-8,13,-8,15,-7,19,-9,15,-9,17,-13,14,-11,18,-9,18,-12,18,-11,15,-8,20,-12,17,-9,18,-11,17,-11,19,-13,19,-12,18,-15,18,-15,19,-15,19,-13,18,-15,18,-17,18,-18,20,-19,19,-15,17,-20,15,-17,17,-25,19,-20,14,-24,18,-24,19,-23,18,-23,19,-26,19,-25,22,-28,20,-26,17,-24,18,-29,0,0,0,0,0,0,-26,-20,-31,-24,-25,-17,-28,-20,-33,-23,-25,-18,-29,-22,-24,-18,-29,-22,-24,-18,-24,-15,-28,-17,-26,-15,-31,-17,-25,-14,-26,-14,-29,-13,-28,-13,-24,-13,-30,-14,-25,-9,-29,-13,-23,-8,-26,-8,-29,-8,-28,-8,-31,-8,-26,-7,-28,-9,-31,-7,-29,-9,-26,-6,-33,-11,-26,-8,-29,-8,-25,-8,-30,-6,-29,-9,-29,-7,-28,-11,-28,-8,-25,-13,-24,-14,-28,-13,-24,-9,-25,-14,-20,-13,-22,-11,-17,-11,-22,-14,-17,-13,-18,-12,-15,-14,-17,-14,-14,-14,-9,-14,-11,-15,0,0,0,0,0,0,0,0,0,0]"""
1782031933152,2026-06-21T17:52:13.152,safe,posture,mhw,standing_still,t017,"CSI_DATA,535156,1a:00:00:00:00:00,-44,11,-99,18,28,11,518933490,47,2,256,0,""[0,0,0,0,0,0,0,0,0,0,0,0,7,-1,8,0,6,0,9,0,7,0,11,-1,11,0,11,1,12,1,8,-1,13,0,13,0,13,-1,13,-1,17,0,13,-1,17,-2,15,-1,19,0,17,0,14,1,18,-2,17,0,22,-4,20,-3,19,-4,19,-3,23,-4,15,-7,22,-8,18,-3,25,-9,20,-7,20,-8,22,-8,20,-9,14,-9,19,-17,19,-13,15,-15,18,-17,12,-18,19,-22,15,-19,22,-26,18,-18,17,-23,18,-22,14,-22,14,-24,11,-31,9,-28,13,-31,13,-28,8,-35,11,-34,12,-31,0,0,0,0,0,0,-35,-11,-30,-7,-39,-7,-35,-8,-26,-2,-35,-6,-29,-1,-37,-2,-28,-2,-37,-1,-35,0,-30,-2,-31,3,-28,1,-31,4,-29,7,-28,9,-28,9,-31,7,-20,9,-29,15,-24,11,-31,15,-25,13,-24,13,-25,14,-22,13,-23,19,-22,19,-22,19,-20,18,-25,22,-14,19,-20,25,-19,20,-28,28,-22,18,-22,23,-22,20,-19,18,-18,19,-19,25,-18,23,-15,19,-20,20,-12,19,-18,23,-18,17,-22,20,-18,13,-18,15,-18,11,-15,13,-13,11,-15,14,-13,11,-15,11,0,0,0,0,0,0,0,0,0,0]"""
1782031933162,2026-06-21T17:52:13.162,safe,posture,mhw,standing_still,t017,"CSI_DATA,535157,1a:00:00:00:00:00,-44,11,-99,18,28,11,518942693,47,2,256,0,""[0,0,0,0,0,0,0,0,0,0,0,0,3,-6,3,-6,4,-4,4,-8,3,-7,4,-9,4,-8,4,-8,4,-8,4,-8,6,-12,6,-12,7,-12,6,-13,7,-13,7,-13,8,-15,4,-14,9,-15,9,-18,6,-18,9,-14,7,-15,6,-19,7,-18,7,-18,7,-18,7,-19,6,-18,6,-20,3,-20,6,-25,6,-24,3,-20,4,-23,3,-20,1,-22,-2,-25,-1,-22,-3,-20,-3,-23,-6,-23,-6,-25,-7,-26,-6,-30,-4,-28,-9,-25,-8,-26,-7,-24,-12,-26,-15,-30,-14,-24,-13,-28,-15,-31,-20,-28,-17,-30,-17,-29,0,0,0,0,0,0,-28,22,-25,22,-30,25,-28,20,-24,20,-26,24,-22,22,-25,25,-22,24,-26,25,-24,25,-20,23,-20,23,-15,24,-15,28,-14,26,-13,28,-12,24,-13,26,-12,26,-8,31,-8,29,-7,31,-11,29,-4,29,-7,26,-4,28,-1,33,-4,30,1,29,-2,28,-2,29,0,28,1,29,2,29,0,35,-1,31,-1,30,-1,30,-2,25,0,26,3,29,1,28,2,24,0,24,1,25,0,26,1,25,-3,28,-2,23,-3,23,-3,23,-3,18,-2,19,-3,20,-2,18,-3,17,0,0,0,0,0,0,0,0,0,0]"""
1782031933172,2026-06-21T17:52:13.172,safe,posture,mhw,standing_still,t017,"CSI_DATA,535158,1a:00:00:00:00:00,-44,11,-99,18,28,11,518953693,47,2,256,0,""[0,0,0,0,0,0,0,0,0,0,0,0,-6,2,-6,2,-8,4,-6,3,-8,4,-8,3,-7,4,-9,3,-11,4,-9,6,-11,7,-12,6,-12,8,-13,6,-12,7,-14,7,-13,8,-15,8,-14,9,-15,8,-15,8,-13,8,-17,11,-15,12,-17,12,-17,12,-17,12,-15,13,-18,12,-15,12,-15,13,-18,15,-17,15,-17,15,-14,17,-14,17,-13,18,-13,20,-12,19,-12,20,-12,20,-13,22,-12,24,-8,24,-11,25,-12,26,-9,26,-8,28,-7,26,-8,29,-7,33,-7,28,-6,30,-7,35,-4,34,-2,34,-6,35,0,0,0,0,0,0,35,2,35,2,35,0,34,1,34,0,34,1,34,1,34,1,33,-3,34,-1,31,-2,30,-4,30,-3,29,-6,31,-8,29,-8,29,-12,26,-9,25,-11,28,-9,26,-13,25,-15,26,-14,28,-15,25,-15,23,-14,25,-17,23,-19,25,-18,23,-20,22,-18,20,-19,23,-19,22,-20,22,-20,25,-19,23,-22,22,-20,22,-19,23,-15,22,-18,22,-18,23,-18,22,-17,20,-18,22,-14,20,-14,19,-15,20,-12,20,-14,19,-12,18,-11,18,-11,18,-9,20,-11,17,-6,17,-7,0,0,0,0,0,0,0,0,0,0]"""
1782031933184,2026-06-21T17:52:13.184,safe,posture,mhw,standing_still,t017,"CSI_DATA,535159,1a:00:00:00:00:00,-44,11,-99,18,28,11,518964693,47,2,256,0,""[0,0,0,0,0,0,0,0,0,0,0,0,4,-3,4,-2,6,-2,7,-2,7,-4,8,-4,9,-6,8,-6,8,-4,9,-6,9,-8,12,-6,12,-7,11,-6,12,-6,14,-6,14,-8,13,-9,14,-8,18,-11,15,-12,15,-7,17,-8,17,-11,18,-9,15,-11,15,-9,17,-12,17,-9,17,-13,18,-13,19,-14,18,-14,17,-13,17,-14,15,-14,14,-17,17,-20,17,-18,14,-19,14,-19,14,-20,14,-22,12,-24,14,-24,14,-26,12,-26,12,-25,12,-24,12,-28,11,-29,12,-29,11,-29,13,-29,9,-34,12,-33,11,-30,0,0,0,0,0,0,-35,-9,-30,-7,-36,-8,-35,-6,-33,-7,-33,-6,-34,-6,-33,-6,-31,-3,-34,-7,-33,-4,-30,-2,-28,-3,-29,0,-33,1,-30,1,-30,2,-28,3,-28,3,-30,2,-30,6,-29,7,-29,8,-30,7,-29,9,-26,6,-26,8,-28,12,-28,11,-26,14,-26,11,-25,13,-26,11,-28,14,-28,13,-30,12,-30,13,-28,11,-26,12,-25,9,-25,11,-28,13,-28,9,-24,9,-24,8,-25,9,-25,9,-23,8,-25,6,-23,7,-22,6,-22,4,-19,1,-19,2,-22,2,-17,1,-15,0,0,0,0,0,0,0,0,0,0,0]"""
1782031933196,2026-06-21T17:52:13.196,safe,posture,mhw,standing_still,t017,"CSI_DATA,535160,1a:00:00:00:00:00,-44,11,-99,17,29,11,518976743,47,2,256,0,""[0,0,0,0,0,0,0,0,0,0,0,0,-5,2,-6,4,-6,3,-8,2,-8,3,-8,3,-10,2,-10,0,-10,2,-11,1,-12,2,-13,1,-14,1,-14,0,-16,-1,-14,1,-15,0,-15,-3,-17,-2,-16,-1,-13,-3,-20,-2,-15,-6,-19,-4,-19,-7,-19,-5,-17,-6,-21,-8,-17,-4,-20,-5,-17,-7,-23,-7,-21,-8,-20,-6,-21,-10,-20,-8,-20,-7,-22,-5,-22,-5,-20,-6,-23,-12,-22,-3,-28,-6,-25,-10,-29,-8,-22,-10,-25,-8,-24,-12,-26,-8,-28,-13,-31,-8,-32,-8,-32,-12,-29,-13,-32,-11,-32,-15,-31,-13,0,0,0,0,0,0,-20,31,-16,26,-20,31,-20,28,-16,25,-22,28,-15,23,-20,28,-19,25,-21,26,-23,25,-21,19,-20,26,-19,21,-20,23,-19,26,-17,25,-17,23,-23,23,-14,21,-15,24,-20,21,-19,23,-19,23,-20,20,-17,25,-19,20,-16,23,-20,24,-19,23,-20,20,-25,24,-15,21,-20,24,-23,19,-24,24,-24,17,-23,20,-24,15,-24,14,-21,14,-24,15,-23,14,-22,12,-25,8,-21,12,-24,8,-24,5,-26,5,-21,1,-22,2,-21,-1,-21,0,-17,-3,-22,-3,-19,-1,-17,-6,0,0,0,0,0,0,0,0,0,0]"""
1782031933206,2026-06-21T17:52:13.206,safe,posture,mhw,standing_still,t017,"CSI_DATA,535161,1a:00:00:00:00:00,-44,11,-99,18,28,11,518986693,47,2,256,0,""[0,0,0,0,0,0,0,0,0,0,0,0,1,-6,0,-8,0,-7,0,-7,-1,-8,0,-8,1,-11,2,-9,0,-9,3,-9,0,-14,0,-13,0,-14,1,-14,1,-14,3,-13,1,-17,-1,-15,3,-19,1,-19,1,-15,4,-17,2,-15,1,-19,3,-20,2,-20,1,-19,2,-20,1,-18,0,-23,1,-19,0,-25,3,-22,1,-22,2,-24,3,-22,-1,-22,-4,-23,-2,-23,-3,-19,-3,-24,-4,-23,-7,-25,-6,-26,-8,-34,-3,-26,-7,-28,-3,-29,-6,-24,-9,-29,-13,-30,-11,-28,-9,-31,-8,-33,-13,-30,-13,-34,-14,-34,0,0,0,0,0,0,-31,12,-28,13,-39,15,-33,12,-28,9,-34,14,-26,12,-34,15,-25,13,-35,14,-33,15,-28,12,-26,13,-25,13,-28,18,-25,18,-24,18,-20,15,-24,14,-19,15,-23,20,-20,19,-24,23,-24,19,-22,18,-22,15,-20,18,-20,25,-20,22,-18,23,-19,20,-22,23,-15,20,-19,25,-19,22,-25,26,-25,20,-20,20,-24,18,-20,17,-20,19,-20,23,-20,18,-15,17,-20,14,-17,18,-20,17,-19,14,-24,14,-22,7,-20,9,-19,6,-17,6,-18,7,-20,7,-17,6,-15,6,0,0,0,0,0,0,0,0,0,0]"""
1782031933217,2026-06-21T17:52:13.217,safe,posture,mhw,standing_still,t017,"CSI_DATA,535162,1a:00:00:00:00:00,-44,11,-99,19,28,11,518997693,47,2,256,0,""[0,0,0,0,0,0,0,0,0,0,0,0,-5,-1,-7,-2,-7,-3,-8,-2,-8,-3,-7,-1,-8,-3,-9,-3,-10,-2,-9,-3,-9,-4,-13,-3,-13,-3,-14,-3,-15,-4,-14,-3,-15,-3,-16,-4,-14,-3,-19,-1,-20,-1,-19,-2,-20,-1,-16,-3,-20,-4,-20,-2,-21,-2,-23,-2,-20,0,-21,2,-21,0,-22,2,-20,4,-21,7,-22,8,-24,9,-22,8,-21,7,-22,10,-23,10,-23,10,-21,15,-22,14,-21,15,-17,17,-19,19,-19,20,-16,22,-17,24,-19,26,-19,26,-20,27,-19,29,-16,27,-17,28,-15,32,-14,30,0,0,0,0,0,0,35,14,32,15,33,11,33,11,33,10,30,13,30,11,34,7,32,9,32,4,30,3,29,2,34,-3,30,-1,30,2,29,-2,32,-4,29,-3,32,-5,28,-8,28,-10,29,-7,26,-10,24,-11,27,-14,26,-17,26,-15,23,-13,26,-16,22,-19,26,-16,26,-20,21,-19,22,-21,23,-19,21,-22,19,-21,19,-23,20,-23,19,-24,21,-20,21,-19,20,-21,19,-20,20,-20,19,-19,17,-17,20,-16,17,-16,15,-16,16,-16,15,-15,15,-15,15,-14,16,-11,15,-8,16,-10,0,0,0,0,0,0,0,0,0,0]"""
1782031933225,2026-06-21T17:52:13.225,safe,posture,mhw,standing_still,t017,"CSI_DATA,535163,1a:00:00:00:00:00,-44,11,-99,18,28,11,519008693,47,2,256,0,""[0,0,0,0,0,0,0,0,0,0,0,0,6,1,7,2,9,1,8,0,8,2,7,2,11,2,11,1,11,4,12,2,11,3,11,3,13,4,14,3,12,3,14,7,13,4,15,8,15,6,15,8,20,8,14,9,18,8,17,8,18,9,17,8,18,11,18,9,20,13,17,9,19,9,17,9,22,9,20,9,22,8,22,9,22,8,23,9,23,11,25,8,23,6,24,9,25,9,25,4,23,4,29,6,26,8,28,2,28,7,30,4,29,8,29,9,30,8,34,11,31,7,31,7,34,4,0,0,0,0,0,0,7,-33,7,-36,7,-33,8,-34,8,-36,7,-30,9,-36,9,-30,8,-34,9,-30,7,-30,6,-31,7,-29,4,-34,4,-30,4,-29,1,-30,4,-29,2,-25,3,-33,2,-28,1,-30,2,-26,1,-30,0,-31,3,-26,0,-33,-1,-28,0,-30,1,-30,-1,-29,-2,-26,2,-33,0,-29,-1,-29,1,-28,1,-33,3,-30,1,-30,4,-28,3,-31,4,-28,9,-28,7,-28,4,-24,11,-26,9,-22,7,-24,9,-19,9,-22,9,-19,9,-20,11,-15,12,-18,12,-15,13,-13,13,-12,0,0,0,0,0,0,0,0,0,0]"""
1782031933236,2026-06-21T17:52:13.236,safe,posture,mhw,standing_still,t017,"CSI_DATA,535164,1a:00:00:00:00:00,-44,11,-99,18,28,11,519019693,47,2,256,0,""[0,0,0,0,0,0,0,0,0,0,0,0,1,6,1,7,1,6,0,6,1,8,-1,11,-1,12,-1,9,0,12,-1,9,1,13,0,13,-1,14,0,14,-1,14,-3,12,-2,15,-2,15,-4,19,-7,17,-8,15,-4,17,-7,15,-3,19,-4,20,-6,19,-4,18,-8,22,-4,18,-4,20,-4,19,-8,25,-7,22,-7,19,-7,20,-6,19,-4,19,-2,24,-4,22,-2,20,-7,24,-1,22,-3,29,-2,25,-4,34,-7,26,-3,28,-9,28,-4,25,-2,28,-2,35,-1,28,-3,34,-6,31,-1,34,-4,36,-6,36,0,0,0,0,0,0,35,8,29,6,40,6,34,6,28,6,37,8,29,4,36,6,29,3,35,11,34,8,28,8,28,6,28,7,33,4,30,4,30,3,26,3,30,6,24,2,31,1,26,1,34,3,33,4,28,3,29,4,25,3,31,1,30,0,29,1,26,1,33,3,26,0,33,0,28,2,37,4,29,8,30,6,29,9,25,8,25,6,31,7,26,8,23,7,24,11,23,8,25,11,23,11,23,15,18,14,18,14,14,14,14,14,13,13,17,14,13,12,9,14,0,0,0,0,0,0,0,0,0,0]"""
1782031933249,2026-06-21T17:52:13.249,safe,posture,mhw,standing_still,t017,"CSI_DATA,535165,1a:00:00:00:00:00,-44,11,-99,18,28,11,519030693,47,2,256,0,""[0,0,0,0,0,0,0,0,0,0,0,0,0,6,2,7,1,8,1,7,1,9,1,8,1,11,2,9,1,12,3,12,2,11,2,11,2,13,2,14,1,14,2,17,3,15,2,18,1,14,2,19,4,20,1,17,4,19,4,18,4,19,4,20,4,20,6,19,3,23,4,20,6,19,4,20,11,20,7,20,11,20,9,20,11,22,12,20,13,20,15,20,14,18,18,23,14,20,18,20,15,17,23,18,20,20,24,15,22,20,24,18,22,19,24,19,25,18,29,22,26,19,28,17,29,15,0,0,0,0,0,0,15,-28,17,-33,14,-31,15,-30,17,-35,14,-29,14,-33,13,-28,12,-34,11,-29,9,-30,7,-31,9,-29,7,-31,7,-30,6,-28,2,-30,3,-30,1,-26,3,-33,0,-28,-1,-30,-2,-26,-2,-29,-4,-30,-3,-28,-6,-31,-7,-30,-6,-29,-8,-29,-7,-30,-9,-26,-6,-33,-7,-29,-8,-28,-6,-26,-12,-30,-9,-29,-11,-28,-7,-28,-8,-28,-6,-28,-4,-28,-7,-28,-7,-26,-4,-26,-2,-25,-7,-24,-2,-20,-6,-24,-1,-22,-4,-22,-2,-19,-1,-20,-1,-19,1,-17,3,-18,0,0,0,0,0,0,0,0,0,0]"""
1782031933262,2026-06-21T17:52:13.262,safe,posture,mhw,standing_still,t017,"CSI_DATA,535166,1a:00:00:00:00:00,-44,11,-99,16,29,11,519041693,47,2,256,0,""[0,0,0,0,0,0,0,0,0,0,0,0,-8,-1,-4,-1,-9,-2,-6,-1,-8,-3,-8,-2,-8,-2,-10,-5,-10,-4,-10,-4,-10,-6,-11,-6,-11,-8,-11,-6,-10,-8,-15,-11,-12,-10,-12,-13,-9,-12,-12,-8,-13,-10,-13,-12,-13,-15,-12,-13,-12,-15,-13,-13,-11,-17,-12,-15,-12,-20,-11,-16,-12,-17,-10,-16,-15,-16,-12,-16,-13,-15,-16,-18,-15,-20,-12,-19,-16,-20,-15,-20,-17,-18,-16,-23,-12,-20,-17,-19,-12,-16,-19,-20,-17,-20,-24,-19,-20,-23,-20,-24,-17,-23,-17,-25,-17,-26,-20,-27,-19,-27,-18,-25,-21,-27,0,0,0,0,0,0,-30,16,-35,18,-26,16,-31,16,-35,19,-28,11,-34,16,-27,11,-32,15,-26,11,-25,13,-28,15,-28,16,-31,16,-26,11,-26,12,-26,15,-28,12,-23,11,-31,12,-24,13,-28,12,-21,11,-23,13,-26,15,-25,13,-28,16,-26,12,-26,13,-26,16,-28,12,-24,12,-32,12,-26,11,-27,8,-23,9,-28,11,-27,10,-27,12,-30,6,-30,5,-28,2,-30,2,-30,1,-26,0,-28,-2,-23,-4,-24,-1,-17,-4,-24,-2,-20,-4,-23,-3,-20,-8,-19,-8,-17,-9,-16,-10,-13,-11,0,0,0,0,0,0,0,0,0,0]"""
1782031933270,2026-06-21T17:52:13.270,safe,posture,mhw,standing_still,t017,"CSI_DATA,535167,1a:00:00:00:00:00,-44,11,-99,16,29,11,519052693,47,2,256,0,""[0,0,0,0,0,0,0,0,0,0,0,0,4,-4,6,-2,8,-3,6,-2,8,-3,8,-3,6,-2,10,-2,11,-2,11,-1,11,-1,13,-1,13,1,15,-1,15,1,18,0,15,0,18,1,16,1,16,3,17,6,19,2,21,3,17,5,18,3,19,5,19,4,20,6,21,5,19,6,19,8,19,5,20,4,21,6,21,6,23,6,23,8,20,8,23,6,25,6,24,8,25,8,24,6,26,10,23,6,25,9,26,8,27,5,30,9,31,10,27,10,31,10,31,12,33,13,31,12,30,11,34,12,0,0,0,0,0,0,18,-30,19,-32,16,-26,19,-30,20,-31,19,-25,19,-28,18,-26,23,-26,17,-23,19,-24,19,-24,19,-27,19,-26,20,-20,19,-21,18,-26,19,-25,19,-23,18,-25,16,-24,19,-23,15,-20,13,-21,18,-23,17,-25,19,-24,18,-23,20,-24,18,-23,21,-21,20,-23,21,-23,21,-21,23,-20,20,-19,21,-19,23,-20,23,-19,24,-19,25,-16,25,-12,24,-11,27,-11,25,-9,25,-10,24,-6,24,-8,21,-4,21,-3,21,-2,21,-2,21,-1,20,1,18,2,18,3,19,5,0,0,0,0,0,0,0,0,0,0]"""
1782031933281,2026-06-21T17:52:13.281,safe,posture,mhw,standing_still,t017,"CSI_DATA,535168,1a:00:00:00:00:00,-44,11,-99,15,29,11,519063693,47,2,256,0,""[0,0,0,0,0,0,0,0,0,0,0,0,-1,5,0,5,-1,5,-1,8,-2,8,-3,9,-4,9,-4,9,-4,10,-5,8,-5,11,-5,10,-8,10,-7,11,-11,11,-5,10,-10,15,-8,11,-13,15,-15,13,-15,11,-13,11,-14,10,-15,11,-15,11,-15,11,-16,8,-21,11,-13,10,-19,13,-16,9,-23,15,-19,9,-17,11,-21,9,-20,9,-17,9,-20,15,-20,13,-17,13,-22,11,-17,14,-21,16,-22,11,-29,16,-24,9,-26,13,-28,9,-23,11,-27,14,-30,17,-24,16,-30,14,-30,11,-29,16,-35,15,-33,10,0,0,0,0,0,0,8,35,5,29,8,40,3,36,3,29,4,38,4,28,4,36,3,28,3,38,1,35,-1,27,2,32,-1,28,0,33,3,32,3,30,2,29,-2,32,2,24,3,33,1,27,1,33,-1,30,-2,27,-1,29,-1,27,1,30,0,32,0,30,-1,28,-4,33,-1,23,-2,33,-4,28,-8,36,-10,28,-9,28,-13,27,-11,24,-10,23,-10,30,-10,27,-11,22,-16,22,-10,20,-17,22,-16,17,-22,21,-19,13,-17,13,-19,10,-17,9,-15,8,-19,10,-17,7,-19,4,0,0,0,0,0,0,0,0,0,0]"""
1782031933293,2026-06-21T17:52:13.293,safe,posture,mhw,standing_still,t017,"CSI_DATA,535169,1a:00:00:00:00:00,-44,11,-99,19,28,11,519074693,47,2,256,0,""[0,0,0,0,0,0,0,0,0,0,0,0,7,0,7,1,7,0,9,0,7,-1,10,0,11,1,9,2,11,1,10,3,15,2,14,0,13,2,15,-1,15,2,14,1,17,2,16,3,17,4,17,4,13,5,20,4,16,7,20,4,19,3,21,4,19,5,22,7,17,4,22,3,20,4,26,5,21,7,22,4,22,5,21,4,20,3,24,-1,23,1,22,0,24,2,23,-1,27,-2,28,0,33,0,27,2,29,-1,28,2,28,-1,29,-2,32,-5,29,-7,32,-2,33,-3,34,-9,36,-4,35,-3,0,0,0,0,0,0,-1,-39,-2,-30,-4,-40,-2,-34,0,-29,-4,-38,-3,-29,-3,-36,-5,-29,-3,-35,-1,-35,0,-29,-4,-32,-1,-29,-5,-32,-8,-32,-8,-30,-8,-26,-5,-33,-9,-22,-11,-28,-8,-27,-10,-32,-7,-30,-8,-26,-8,-27,-7,-27,-14,-28,-14,-27,-11,-27,-10,-24,-11,-32,-13,-23,-15,-27,-13,-27,-14,-35,-8,-30,-9,-28,-7,-30,-5,-27,-5,-24,-10,-29,-8,-26,-5,-22,-3,-26,-7,-23,-5,-27,-2,-26,0,-28,1,-22,1,-23,4,-21,1,-19,2,-20,3,-20,3,-19,5,-16,0,0,0,0,0,0,0,0,0,0]"""
1782031933304,2026-06-21T17:52:13.304,safe,posture,mhw,standing_still,t017,"CSI_DATA,535170,1a:00:00:00:00:00,-44,11,-99,18,28,11,519085693,47,2,256,0,""[0,0,0,0,0,0,0,0,0,0,0,0,-2,-6,-1,-7,0,-7,1,-9,0,-7,1,-9,0,-11,1,-8,0,-11,0,-11,-2,-13,-2,-12,-2,-14,-3,-14,0,-17,-1,-13,-1,-18,-2,-14,-2,-18,-3,-19,-2,-15,-4,-18,-2,-18,-4,-19,-4,-18,-4,-18,-3,-18,-4,-22,-7,-15,-8,-18,-4,-18,-11,-24,-8,-19,-11,-20,-8,-19,-12,-19,-9,-15,-15,-18,-17,-17,-14,-15,-18,-20,-18,-13,-23,-15,-20,-17,-25,-19,-18,-17,-25,-13,-24,-17,-25,-12,-24,-13,-30,-12,-29,-8,-30,-13,-28,-11,-34,-6,-36,-11,-34,-13,0,0,0,0,0,0,-9,37,-9,31,-7,40,-8,31,-6,28,-7,37,-2,30,-4,37,-1,28,-1,36,-1,33,-3,33,2,31,3,25,4,30,7,29,8,29,7,28,7,33,11,24,14,26,11,26,14,28,14,26,12,26,15,25,13,19,19,22,19,23,18,23,17,20,19,26,19,17,24,22,19,22,26,28,17,23,20,20,18,24,19,20,19,19,22,20,20,19,19,15,18,20,18,15,20,18,15,17,19,22,12,18,14,17,9,18,12,15,11,15,13,17,13,15,9,15,0,0,0,0,0,0,0,0,0,0]"""
1782031933314,2026-06-21T17:52:13.314,safe,posture,mhw,standing_still,t017,"CSI_DATA,535171,1a:00:00:00:00:00,-44,11,-99,19,28,11,519096693,47,2,256,0,""[0,0,0,0,0,0,0,0,0,0,0,0,-3,5,-2,4,-3,8,-3,7,-5,8,-4,7,-3,7,-5,9,-7,9,-8,10,-8,10,-7,9,-8,10,-10,10,-9,8,-14,11,-10,11,-13,11,-11,10,-14,11,-14,13,-15,11,-17,14,-15,9,-15,11,-15,11,-17,10,-15,13,-21,13,-15,11,-16,13,-14,9,-17,14,-19,13,-16,15,-19,15,-20,15,-19,15,-20,14,-19,19,-15,17,-21,19,-21,14,-17,21,-16,15,-17,21,-21,19,-16,23,-22,22,-21,21,-21,20,-24,21,-23,21,-27,26,-26,23,-22,20,-26,23,0,0,0,0,0,0,24,27,23,30,20,21,21,27,24,32,19,24,23,32,19,26,22,30,17,23,17,22,22,24,21,26,24,23,17,22,21,22,21,22,21,24,17,19,22,24,20,21,23,22,16,17,20,21,23,23,21,21,24,21,22,20,22,21,22,20,23,21,20,16,22,26,19,20,22,22,16,21,21,22,19,23,21,21,19,23,17,26,15,22,14,26,15,27,13,23,11,27,7,22,11,22,7,17,7,21,4,21,7,22,4,21,4,23,-2,19,-2,17,-2,17,0,0,0,0,0,0,0,0,0,0]"""
1782031933325,2026-06-21T17:52:13.325,safe,posture,mhw,standing_still,t017,"CSI_DATA,535172,1a:00:00:00:00:00,-44,11,-99,18,28,11,519107693,47,2,256,0,""[0,0,0,0,0,0,0,0,0,0,0,0,7,-2,4,-3,8,-3,7,-3,6,-4,7,-2,8,-4,8,-3,8,-7,9,-6,11,-4,12,-4,12,-6,12,-7,14,-7,14,-7,13,-8,14,-8,14,-8,13,-11,12,-9,15,-11,17,-7,15,-7,19,-9,17,-9,19,-8,19,-11,17,-11,17,-13,18,-12,17,-12,15,-14,14,-14,15,-17,15,-17,15,-17,14,-15,15,-15,15,-19,15,-20,13,-23,12,-23,14,-23,12,-23,11,-23,9,-25,11,-28,7,-28,11,-30,9,-28,11,-30,9,-30,9,-30,9,-34,8,-33,6,-34,0,0,0,0,0,0,-36,-7,-35,-6,-34,-4,-34,-3,-37,-6,-31,-7,-33,-4,-35,-1,-33,-1,-33,-3,-28,1,-28,0,-31,4,-30,1,-29,0,-30,2,-29,4,-31,4,-31,4,-29,9,-26,9,-29,8,-25,9,-25,11,-26,9,-28,13,-26,12,-26,11,-28,12,-25,13,-28,12,-26,14,-26,17,-25,17,-26,15,-24,17,-23,15,-24,18,-26,17,-25,17,-26,14,-25,11,-25,13,-24,13,-24,12,-23,13,-24,12,-23,11,-20,8,-19,11,-20,9,-20,8,-20,8,-19,6,-17,4,-18,4,-19,2,0,0,0,0,0,0,0,0,0,0]"""
1782031933337,2026-06-21T17:52:13.337,safe,posture,mhw,standing_still,t017,"CSI_DATA,535173,1a:00:00:00:00:00,-44,11,-99,18,28,11,519118693,47,2,256,0,""[0,0,0,0,0,0,0,0,0,0,0,0,-4,-3,-4,-3,-8,-4,-6,-3,-8,-4,-6,-3,-7,-3,-8,-4,-9,-6,-12,-6,-9,-4,-11,-7,-11,-6,-11,-7,-11,-7,-14,-9,-12,-8,-14,-11,-12,-8,-13,-8,-19,-9,-13,-9,-18,-8,-17,-9,-14,-9,-17,-9,-17,-12,-15,-9,-19,-13,-17,-9,-18,-11,-17,-8,-20,-7,-19,-8,-23,-4,-22,-7,-24,-7,-23,-7,-23,-6,-25,-4,-22,-2,-28,-6,-24,-7,-26,-1,-20,0,-29,1,-26,-2,-29,4,-31,0,-30,2,-29,0,-29,0,-31,0,-34,1,-31,3,-33,2,-35,7,0,0,0,0,0,0,3,34,4,37,6,30,4,33,8,41,3,30,8,36,6,29,7,35,6,29,8,30,11,30,11,29,14,31,11,29,12,28,15,26,13,28,13,23,15,29,15,23,17,26,14,20,14,23,18,23,18,23,23,24,20,22,20,23,22,22,22,24,20,18,22,25,19,20,22,20,17,18,24,19,20,22,23,19,20,22,20,22,18,20,19,22,18,24,18,19,17,25,11,20,17,19,12,15,14,20,11,18,12,17,9,17,9,19,8,17,7,18,3,17,0,0,0,0,0,0,0,0,0,0]"""
1782031933347,2026-06-21T17:52:13.347,safe,posture,mhw,standing_still,t017,"CSI_DATA,535174,1a:00:00:00:00:00,-44,11,-99,18,28,11,519129693,47,2,256,0,""[0,0,0,0,0,0,0,0,0,0,0,0,7,4,4,3,7,4,7,4,7,4,4,4,6,4,11,7,8,7,11,6,8,8,9,8,9,8,11,9,9,8,14,12,12,11,12,14,12,12,11,9,11,14,14,13,14,14,12,12,13,14,14,13,15,14,13,12,17,18,13,14,17,14,14,12,19,13,17,14,19,11,19,13,22,12,19,12,22,12,23,12,22,9,24,14,22,12,25,9,19,8,28,8,26,11,28,6,31,8,29,7,29,7,31,11,29,11,35,11,34,8,29,4,34,6,0,0,0,0,0,0,8,-33,8,-39,6,-30,8,-33,6,-39,6,-29,7,-36,4,-29,7,-35,3,-28,3,-29,2,-33,2,-31,1,-33,2,-30,-1,-29,-2,-33,-2,-31,0,-26,-2,-35,-3,-26,-3,-30,-4,-24,-6,-28,-6,-29,-8,-29,-8,-31,-6,-26,-8,-28,-9,-28,-9,-29,-9,-25,-6,-34,-7,-29,-8,-28,-7,-24,-12,-29,-6,-29,-12,-28,-8,-31,-7,-29,-3,-25,-4,-29,-4,-30,-4,-26,-2,-29,0,-24,-2,-25,-1,-19,-1,-26,1,-20,-1,-22,1,-19,0,-23,3,-18,3,-18,4,-17,0,0,0,0,0,0,0,0,0,0]"""
1782031933359,2026-06-21T17:52:13.359,safe,posture,mhw,standing_still,t017,"CSI_DATA,535175,1a:00:00:00:00:00,-44,11,-99,18,28,11,519140693,47,2,256,0,""[0,0,0,0,0,0,0,0,0,0,0,0,-7,1,-6,1,-7,2,-8,2,-11,2,-9,0,-8,2,-9,1,-13,2,-12,-1,-12,-1,-13,0,-14,0,-14,0,-17,-1,-17,-1,-13,-1,-17,0,-14,0,-17,0,-20,-2,-18,0,-20,-1,-19,-2,-19,-3,-19,-1,-23,-2,-20,-2,-22,-1,-19,0,-22,-1,-18,1,-22,0,-19,1,-20,2,-23,2,-23,3,-24,2,-25,3,-26,3,-24,3,-25,4,-23,3,-25,7,-22,6,-25,8,-25,11,-26,11,-29,13,-30,9,-26,11,-30,13,-29,9,-30,11,-31,9,-29,13,-31,13,0,0,0,0,0,0,13,35,13,36,11,26,14,33,14,34,9,31,12,33,13,30,13,33,12,25,12,25,13,28,18,29,15,28,9,25,13,26,15,26,15,28,14,26,18,26,18,22,18,25,15,19,18,20,17,22,23,23,22,23,17,20,19,23,19,23,19,24,20,23,24,24,20,20,20,24,19,19,20,20,20,20,23,20,20,23,18,23,14,23,17,23,17,24,13,22,14,25,11,22,12,23,8,19,9,20,9,19,9,19,8,20,7,22,3,19,2,18,1,19,0,0,0,0,0,0,0,0,0,0]"""
1782031933370,2026-06-21T17:52:13.370,safe,posture,mhw,standing_still,t017,"CSI_DATA,535176,1a:00:00:00:00:00,-44,11,-99,18,28,11,519151693,47,2,256,0,""[0,0,0,0,0,0,0,0,0,0,0,0,1,-6,0,-7,1,-7,1,-9,1,-8,3,-9,2,-12,3,-8,3,-9,6,-9,3,-12,4,-12,4,-12,4,-13,4,-13,6,-9,6,-14,6,-14,7,-18,9,-17,7,-15,8,-15,9,-13,8,-18,9,-17,7,-17,8,-15,11,-19,7,-15,8,-22,9,-17,11,-24,12,-19,9,-20,11,-19,8,-18,7,-18,6,-24,7,-22,7,-22,9,-23,3,-22,3,-26,6,-24,7,-31,8,-25,4,-26,7,-28,4,-25,3,-28,1,-34,1,-31,4,-33,6,-31,2,-34,4,-36,6,-33,0,0,0,0,0,0,-35,-7,-29,-3,-41,-4,-34,-7,-26,-3,-36,-8,-28,-3,-37,-4,-29,-3,-37,-7,-33,-7,-29,-4,-30,-4,-28,-3,-31,-2,-30,1,-30,-1,-28,1,-31,-2,-25,2,-30,2,-28,1,-34,1,-29,0,-28,1,-28,2,-25,1,-30,6,-31,3,-28,3,-25,2,-33,1,-24,4,-30,6,-26,3,-39,3,-30,-3,-29,1,-30,-1,-25,-1,-25,-1,-31,1,-28,0,-24,1,-26,-3,-23,0,-26,-2,-25,-4,-26,-7,-20,-8,-22,-7,-19,-12,-18,-8,-15,-9,-19,-7,-15,-8,-14,-12,0,0,0,0,0,0,0,0,0,0]"""
1782031933381,2026-06-21T17:52:13.381,safe,posture,mhw,standing_still,t017,"CSI_DATA,535177,1a:00:00:00:00:00,-44,11,-99,18,28,11,519162693,47,2,256,0,""[0,0,0,0,0,0,0,0,0,0,0,0,-6,2,-6,2,-6,2,-8,2,-6,2,-9,2,-11,3,-8,2,-9,3,-11,1,-13,3,-12,4,-11,3,-12,6,-14,4,-12,6,-17,8,-15,6,-18,7,-18,3,-15,2,-17,8,-17,4,-17,9,-18,9,-18,9,-14,8,-19,8,-14,12,-18,13,-15,11,-20,15,-18,13,-15,13,-19,13,-15,15,-14,15,-12,20,-12,17,-12,18,-14,19,-7,20,-11,25,-9,23,-13,31,-13,23,-9,26,-13,25,-8,25,-7,28,-2,33,-2,30,-4,31,-7,33,0,35,-3,36,-4,35,0,0,0,0,0,0,36,-1,29,0,41,-3,35,-1,28,-2,36,-3,28,-4,36,-7,29,-6,36,-6,33,-3,29,-3,29,-7,29,-6,30,-12,28,-11,28,-14,24,-13,28,-13,20,-15,24,-20,24,-17,26,-19,24,-17,22,-17,24,-18,22,-17,19,-23,19,-23,17,-22,18,-20,22,-23,13,-23,15,-28,15,-24,20,-30,22,-22,17,-24,22,-23,17,-22,17,-20,14,-26,14,-23,12,-20,17,-22,11,-20,14,-23,15,-18,20,-22,15,-14,14,-17,17,-13,13,-17,15,-13,14,-14,13,-13,15,-9,0,0,0,0,0,0,0,0,0,0]"""
1782031933393,2026-06-21T17:52:13.393,safe,posture,mhw,standing_still,t017,"CSI_DATA,535178,1a:00:00:00:00:00,-44,11,-99,18,28,11,519174713,47,2,256,0,""[0,0,0,0,0,0,0,0,0,0,0,0,-6,2,-6,3,-6,2,-7,3,-6,3,-9,4,-9,4,-8,4,-9,6,-9,4,-12,6,-12,6,-12,7,-11,7,-13,8,-12,7,-15,8,-13,8,-17,9,-15,8,-13,4,-15,9,-14,7,-17,12,-17,9,-17,11,-17,9,-17,11,-13,12,-17,13,-17,13,-20,17,-18,13,-15,14,-15,17,-14,13,-13,15,-13,19,-14,17,-11,18,-14,20,-8,23,-9,26,-9,25,-13,28,-12,23,-11,26,-12,28,-9,25,-8,25,-6,34,-7,29,-8,33,-9,35,-3,35,-3,34,-6,33,0,0,0,0,0,0,35,2,33,1,40,1,34,1,30,-1,35,0,30,-1,36,-1,29,-3,37,-1,34,-3,30,-2,30,-3,29,-3,31,-7,30,-8,29,-9,28,-8,30,-9,25,-12,26,-14,24,-13,29,-15,28,-14,25,-13,25,-15,23,-13,24,-20,23,-18,23,-18,22,-15,24,-18,18,-18,20,-23,22,-18,26,-25,25,-18,22,-19,24,-18,20,-15,20,-17,19,-20,22,-18,18,-17,20,-17,17,-17,19,-19,20,-15,24,-15,19,-12,20,-13,19,-8,15,-11,17,-8,18,-9,15,-8,17,-6,0,0,0,0,0,0,0,0,0,0]"""
1782031933403,2026-06-21T17:52:13.403,safe,posture,mhw,standing_still,t017,"CSI_DATA,535179,1a:00:00:00:00:00,-44,11,-99,19,28,11,519185062,47,2,256,0,""[0,0,0,0,0,0,0,0,0,0,0,0,-4,-5,-4,-4,-4,-5,-5,-5,-7,-4,-7,-7,-7,-7,-7,-8,-8,-8,-7,-8,-8,-9,-10,-8,-9,-10,-10,-8,-9,-13,-9,-9,-13,-11,-10,-10,-13,-14,-10,-15,-9,-14,-13,-13,-10,-13,-16,-14,-15,-15,-14,-14,-13,-11,-16,-15,-13,-13,-16,-13,-15,-11,-22,-17,-17,-15,-17,-13,-17,-13,-19,-13,-17,-10,-22,-7,-21,-11,-19,-7,-22,-11,-22,-4,-28,-7,-24,-7,-32,-9,-26,-9,-27,-4,-24,-9,-26,-4,-29,-4,-34,-1,-30,0,-33,-3,-33,-2,-33,3,-35,0,-34,-2,0,0,0,0,0,0,2,35,0,33,3,42,1,34,1,28,3,38,4,29,7,38,7,29,4,36,4,35,3,29,7,28,4,28,8,30,10,29,13,28,11,26,10,29,11,22,17,27,15,23,16,30,15,28,14,24,14,26,15,22,20,22,20,23,19,20,17,21,20,23,20,19,23,21,21,20,27,27,17,24,20,22,17,26,16,21,16,22,22,22,17,21,16,17,16,21,17,16,20,21,14,19,15,26,10,21,11,20,8,20,8,19,8,19,9,19,7,17,3,19,0,0,0,0,0,0,0,0,0,0]"""
1782031933414,2026-06-21T17:52:13.414,safe,posture,mhw,standing_still,t017,"CSI_DATA,535180,1a:00:00:00:00:00,-44,11,-99,16,29,11,519195693,47,2,256,0,""[0,0,0,0,0,0,0,0,0,0,0,0,6,-2,8,-2,5,-1,8,-2,5,-3,11,-2,10,-3,9,-1,10,-4,9,-1,12,-4,12,-4,13,-5,12,-5,16,-5,13,-2,16,-6,15,-5,18,-5,19,-5,16,-5,18,-4,16,-3,18,-6,19,-6,19,-6,17,-5,23,-5,16,-6,18,-9,18,-6,23,-10,20,-6,20,-9,20,-9,19,-10,16,-10,19,-13,19,-13,16,-13,21,-13,13,-17,17,-19,21,-18,24,-23,21,-17,19,-20,20,-17,17,-20,20,-24,18,-27,17,-26,20,-26,20,-24,17,-31,21,-31,21,-27,0,0,0,0,0,0,-28,-20,-25,-17,-35,-19,-28,-18,-24,-15,-31,-19,-26,-13,-32,-17,-27,-13,-31,-17,-28,-16,-25,-16,-28,-12,-25,-11,-31,-9,-31,-9,-30,-8,-26,-6,-28,-10,-25,-2,-31,-2,-28,-3,-31,-3,-30,-5,-26,-5,-28,-3,-26,-3,-30,0,-30,-1,-27,3,-28,0,-33,-2,-26,3,-30,4,-28,1,-36,1,-30,-4,-30,-1,-30,-4,-27,-1,-28,-2,-30,2,-26,1,-24,0,-26,-3,-23,0,-26,-1,-24,-3,-28,-5,-21,-4,-21,-6,-19,-9,-18,-5,-18,-6,-19,-8,-17,-6,-16,-8,0,0,0,0,0,0,0,0,0,0]"""
1782031933424,2026-06-21T17:52:13.424,safe,posture,mhw,standing_still,t017,"CSI_DATA,535181,1a:00:00:00:00:00,-44,11,-99,16,29,11,519206693,47,2,256,0,""[0,0,0,0,0,0,0,0,0,0,0,0,-4,5,-3,4,-4,4,-5,5,-6,5,-5,6,-8,4,-8,5,-8,6,-8,6,-10,6,-11,5,-11,5,-12,6,-13,5,-12,5,-12,6,-17,5,-13,4,-16,4,-18,4,-18,5,-19,5,-17,3,-20,2,-19,3,-19,0,-21,1,-19,3,-19,3,-20,2,-20,3,-21,2,-21,2,-23,2,-24,3,-20,1,-23,1,-23,1,-24,1,-25,0,-24,3,-25,3,-25,1,-25,3,-25,2,-27,4,-27,2,-30,3,-31,1,-27,0,-32,0,-32,0,-33,-1,-34,-1,-35,0,-33,-1,0,0,0,0,0,0,-4,38,-6,33,-6,33,-8,33,-9,34,-11,33,-10,30,-8,33,-10,32,-9,30,-6,28,-9,28,-9,34,-11,30,-12,27,-11,28,-9,28,-11,27,-12,30,-8,26,-6,27,-10,28,-9,25,-8,25,-9,26,-9,30,-12,27,-11,24,-13,28,-11,27,-15,26,-15,30,-13,28,-13,27,-15,27,-16,25,-15,23,-16,26,-17,25,-18,24,-19,21,-19,18,-19,19,-21,16,-23,16,-19,17,-20,13,-21,12,-20,10,-20,8,-21,9,-19,6,-21,5,-19,3,-18,2,-19,1,-18,-2,0,0,0,0,0,0,0,0,0,0]"""
1782031933434,2026-06-21T17:52:13.434,safe,posture,mhw,standing_still,t017,"CSI_DATA,535182,1a:00:00:00:00:00,-44,11,-99,18,28,11,519217693,47,2,256,0,""[0,0,0,0,0,0,0,0,0,0,0,0,-1,7,-1,4,-2,7,-2,8,-3,9,-2,7,-2,9,-3,11,-4,9,-3,11,-4,13,-4,11,-6,12,-6,12,-6,11,-7,15,-7,12,-9,14,-9,13,-9,12,-12,17,-8,14,-9,18,-11,17,-9,15,-9,17,-11,18,-8,14,-14,18,-11,17,-12,18,-9,17,-9,22,-9,19,-9,20,-9,22,-9,23,-9,20,-9,23,-7,24,-6,23,-12,26,-8,22,-4,26,-6,22,-3,29,-7,25,-3,26,-6,29,-3,28,-7,26,-6,29,-7,30,-4,35,-7,33,-3,33,-4,34,0,0,0,0,0,0,34,7,37,7,30,3,35,7,37,4,29,4,36,7,30,3,36,6,29,4,30,2,33,2,31,2,34,0,29,3,29,0,31,0,30,-1,26,-1,33,-1,28,-2,31,-2,25,-2,28,-6,30,-6,28,-4,33,-6,29,-6,30,-4,31,-6,30,-6,28,-8,35,-4,29,-4,28,-4,25,-3,30,-8,29,-3,28,-8,30,-3,31,-3,29,0,26,0,29,0,25,-2,29,2,24,2,26,0,20,2,25,1,22,3,22,1,20,7,22,4,17,7,17,8,15,9,0,0,0,0,0,0,0,0,0,0]"""
1782031933447,2026-06-21T17:52:13.447,safe,posture,mhw,standing_still,t017,"CSI_DATA,535183,1a:00:00:00:00:00,-44,11,-99,18,28,11,519228693,47,2,256,0,""[0,0,0,0,0,0,0,0,0,0,0,0,7,-1,7,0,7,-1,7,-1,7,0,7,0,9,-1,11,-1,11,-2,11,-1,12,-2,11,-3,13,-1,15,-2,15,-1,15,-4,14,-2,15,-3,12,-4,17,-4,19,-7,19,-6,22,-7,15,-4,19,-4,19,-6,20,-6,18,-7,19,-9,18,-11,20,-9,17,-11,15,-12,17,-14,17,-15,17,-17,17,-15,18,-14,17,-17,15,-19,14,-18,15,-20,14,-22,13,-23,11,-20,9,-25,11,-25,7,-28,9,-29,9,-31,8,-26,7,-31,7,-33,7,-33,7,-33,3,-33,4,-33,0,0,0,0,0,0,-36,-2,-36,-2,-31,0,-34,1,-39,1,-30,-1,-36,2,-30,4,-35,3,-28,4,-29,8,-30,6,-31,11,-30,12,-26,7,-28,9,-28,13,-28,13,-26,13,-25,17,-23,17,-26,19,-19,17,-19,18,-23,20,-19,24,-20,22,-19,20,-19,23,-17,24,-18,25,-17,24,-17,26,-14,25,-15,25,-14,24,-12,28,-13,26,-13,26,-14,26,-14,25,-15,23,-14,24,-15,24,-14,24,-14,24,-13,19,-13,23,-9,18,-11,20,-12,18,-9,19,-12,18,-12,15,-12,14,-13,15,-13,12,0,0,0,0,0,0,0,0,0,0]"""
1782031933458,2026-06-21T17:52:13.458,safe,posture,mhw,standing_still,t017,"CSI_DATA,535184,1a:00:00:00:00:00,-44,11,-99,18,28,11,519239693,47,2,256,0,""[0,0,0,0,0,0,0,0,0,0,0,0,-4,3,-6,2,-6,4,-6,4,-9,4,-6,4,-9,4,-7,4,-7,7,-8,6,-11,6,-12,7,-11,6,-13,7,-12,7,-12,9,-12,9,-15,9,-12,9,-12,9,-13,8,-14,13,-15,12,-15,9,-17,12,-15,12,-15,13,-15,14,-14,14,-12,14,-13,15,-13,15,-13,17,-12,18,-11,20,-11,20,-11,19,-11,19,-11,20,-9,22,-9,24,-7,25,-6,24,-6,26,-7,24,-3,25,-2,26,-2,29,0,30,-2,31,-1,29,-1,33,0,34,2,33,1,34,3,33,4,35,0,0,0,0,0,0,36,-7,37,-6,30,-7,34,-9,35,-7,33,-6,31,-8,33,-9,33,-9,28,-9,29,-12,28,-9,29,-17,28,-14,26,-11,28,-14,25,-17,25,-17,25,-15,22,-20,20,-22,23,-20,18,-19,15,-20,18,-20,17,-26,19,-24,18,-22,18,-24,14,-24,17,-25,17,-26,13,-28,12,-26,14,-28,12,-26,12,-26,11,-25,12,-26,12,-28,13,-26,14,-24,14,-26,13,-23,13,-22,13,-24,12,-20,12,-23,12,-19,11,-18,12,-19,11,-17,9,-19,14,-17,11,-13,12,-12,13,-11,0,0,0,0,0,0,0,0,0,0]"""
1782031933469,2026-06-21T17:52:13.469,safe,posture,mhw,standing_still,t017,"CSI_DATA,535185,1a:00:00:00:00:00,-44,11,-99,18,28,11,519250693,47,2,256,0,""[0,0,0,0,0,0,0,0,0,0,0,0,6,-2,6,-3,7,-3,8,-2,7,-3,9,-3,8,-4,9,-6,8,-4,11,-6,11,-6,12,-6,12,-6,11,-7,11,-7,13,-6,15,-7,13,-9,18,-7,15,-8,14,-6,17,-7,17,-8,17,-11,17,-11,17,-8,15,-11,15,-11,17,-11,17,-12,15,-12,19,-13,18,-15,18,-14,15,-15,15,-14,13,-15,15,-19,14,-17,13,-19,12,-20,13,-20,12,-22,12,-24,13,-25,12,-25,11,-25,9,-25,9,-25,9,-29,9,-30,7,-28,7,-30,9,-33,4,-33,7,-33,6,-33,0,0,0,0,0,0,-35,-4,-31,-3,-36,-1,-35,-2,-33,-1,-35,-1,-34,-1,-36,0,-31,2,-35,0,-33,1,-30,2,-29,1,-30,3,-31,6,-29,7,-29,9,-28,8,-26,7,-29,8,-28,12,-26,13,-28,13,-28,13,-25,15,-24,13,-23,14,-24,18,-24,15,-22,18,-22,17,-23,18,-25,15,-24,19,-20,19,-28,20,-25,20,-23,19,-24,19,-22,14,-22,18,-23,19,-23,17,-20,17,-19,15,-20,14,-22,13,-20,14,-22,12,-19,13,-19,12,-18,9,-17,7,-18,8,-20,7,-17,6,-18,4,0,0,0,0,0,0,0,0,0,0]"""
1782031933478,2026-06-21T17:52:13.478,safe,posture,mhw,standing_still,t017,"CSI_DATA,535186,1a:00:00:00:00:00,-44,11,-99,19,28,11,519261693,47,2,256,0,""[0,0,0,0,0,0,0,0,0,0,0,0,5,2,5,3,5,2,9,1,8,4,9,4,9,5,7,5,9,7,9,5,9,7,11,8,9,8,10,8,11,11,10,8,13,10,14,9,13,14,15,14,10,11,11,15,8,15,13,15,11,17,11,16,9,16,11,19,10,14,13,17,13,19,16,23,11,22,11,20,13,20,10,20,11,17,16,17,14,19,13,16,14,21,16,16,19,17,16,20,20,26,14,21,19,22,15,26,17,20,19,24,23,26,21,21,20,27,17,29,22,27,21,29,19,27,0,0,0,0,0,0,33,-15,27,-14,33,-20,30,-16,26,-11,32,-16,23,-15,33,-17,26,-16,34,-15,32,-14,28,-9,27,-13,27,-10,29,-15,26,-13,27,-14,24,-11,28,-10,22,-13,27,-16,24,-13,29,-15,29,-14,24,-10,26,-11,26,-10,27,-15,27,-15,26,-13,24,-10,27,-11,22,-13,27,-13,27,-11,38,-13,29,-7,28,-8,29,-4,27,-4,27,-5,28,-7,27,-4,22,-3,27,0,24,-2,27,-2,24,2,29,4,22,5,21,5,20,8,19,7,16,9,20,7,16,9,15,10,0,0,0,0,0,0,0,0,0,0]"""
1782031933492,2026-06-21T17:52:13.492,safe,posture,mhw,standing_still,t017,"CSI_DATA,535187,1a:00:00:00:00:00,-44,11,-99,16,29,11,519272693,47,2,256,0,""[0,0,0,0,0,0,0,0,0,0,0,0,-3,-5,-4,-5,-4,-5,-3,-8,-5,-5,-5,-10,-3,-9,-3,-9,-3,-10,-2,-10,-3,-12,-4,-11,-3,-11,-3,-13,-2,-16,-2,-13,-3,-17,-3,-16,-3,-18,0,-18,1,-15,1,-17,2,-16,0,-20,2,-19,1,-19,1,-18,2,-21,2,-19,1,-21,1,-18,2,-25,4,-23,2,-21,2,-21,4,-21,1,-20,1,-25,3,-21,1,-21,2,-24,0,-24,0,-27,3,-26,3,-31,3,-26,2,-28,5,-27,4,-25,3,-27,4,-33,2,-30,4,-33,6,-31,4,-33,5,-35,5,-33,0,0,0,0,0,0,-33,-10,-30,-10,-38,-10,-32,-11,-26,-10,-34,-12,-27,-10,-34,-13,-28,-9,-33,-15,-32,-13,-27,-11,-28,-12,-24,-12,-28,-15,-27,-11,-27,-10,-26,-10,-27,-13,-25,-10,-27,-11,-25,-10,-31,-12,-28,-12,-26,-12,-25,-12,-24,-11,-28,-11,-26,-13,-26,-11,-23,-12,-27,-15,-21,-13,-28,-11,-25,-13,-31,-19,-25,-18,-24,-17,-23,-20,-19,-18,-19,-18,-21,-20,-18,-19,-17,-18,-17,-20,-16,-19,-15,-21,-12,-19,-12,-25,-8,-21,-6,-21,-4,-20,-3,-17,-2,-20,-3,-19,-1,-18,1,-18,0,0,0,0,0,0,0,0,0,0]"""
1782031933502,2026-06-21T17:52:13.502,safe,posture,mhw,standing_still,t017,"CSI_DATA,535188,1a:00:00:00:00:00,-45,11,-99,19,30,11,519283693,47,2,256,0,""[0,0,0,0,0,0,0,0,0,0,0,0,-4,-4,-2,-3,-4,-5,-5,-5,-4,-7,-4,-6,-7,-6,-7,-8,-6,-8,-9,-8,-7,-8,-7,-10,-9,-9,-8,-11,-6,-11,-9,-14,-7,-13,-8,-16,-8,-14,-8,-14,-9,-19,-7,-14,-12,-16,-10,-15,-9,-17,-11,-16,-10,-18,-11,-16,-11,-20,-10,-16,-12,-17,-10,-14,-14,-18,-13,-16,-14,-16,-14,-16,-16,-17,-15,-18,-16,-17,-18,-16,-17,-15,-20,-20,-16,-17,-21,-15,-16,-13,-27,-14,-21,-16,-25,-14,-25,-16,-26,-16,-23,-16,-25,-15,-26,-16,-28,-18,-29,-17,-26,-16,-33,-14,0,0,0,0,0,0,-16,28,-21,34,-14,28,-16,30,-16,33,-16,28,-18,33,-14,28,-17,31,-13,28,-12,27,-11,31,-12,27,-9,33,-11,27,-8,28,-7,31,-9,30,-6,26,-10,31,-6,27,-7,29,-3,24,-2,28,-2,30,-3,28,-2,33,0,29,-1,30,0,31,0,31,0,26,-4,35,-2,29,-1,30,-1,27,0,32,-4,29,0,30,-3,30,-3,30,-6,28,-6,29,-6,30,-5,26,-10,25,-9,21,-6,24,-6,17,-6,24,-7,19,-5,19,-9,19,-8,19,-10,16,-12,15,-12,14,0,0,0,0,0,0,0,0,0,0]"""
1782031933513,2026-06-21T17:52:13.513,safe,posture,mhw,standing_still,t017,"CSI_DATA,535189,1a:00:00:00:00:00,-44,11,-99,18,28,11,519294693,47,2,256,0,""[0,0,0,0,0,0,0,0,0,0,0,0,8,1,8,2,8,3,8,2,6,1,8,2,9,3,9,3,11,2,9,3,13,2,13,2,13,3,13,2,14,3,13,2,17,3,17,2,17,3,19,4,19,6,17,1,17,2,20,-1,19,0,20,-1,19,1,20,1,19,-2,22,-2,20,-2,25,-4,22,-2,20,-3,23,-3,20,-6,19,-7,20,-12,20,-11,19,-12,23,-13,14,-14,19,-19,19,-17,23,-23,22,-17,18,-20,20,-19,17,-19,19,-22,17,-29,13,-28,17,-28,18,-28,12,-31,14,-33,15,-34,0,0,0,0,0,0,-36,-12,-28,-9,-39,-9,-33,-11,-26,-7,-34,-7,-30,-3,-37,-4,-29,-2,-36,-6,-33,-4,-28,-4,-30,0,-28,-1,-31,4,-29,6,-29,8,-26,7,-30,6,-23,9,-28,14,-26,12,-29,14,-28,12,-25,13,-25,14,-22,13,-22,19,-23,19,-20,18,-20,17,-24,20,-17,22,-18,24,-19,22,-26,26,-24,18,-20,22,-24,20,-19,19,-18,20,-19,25,-18,22,-14,19,-19,19,-13,20,-17,22,-14,19,-20,19,-15,14,-17,14,-15,12,-14,12,-14,12,-15,13,-13,13,-15,11,0,0,0,0,0,0,0,0,0,0]"""
1782031933525,2026-06-21T17:52:13.525,safe,posture,mhw,standing_still,t017,"CSI_DATA,535190,1a:00:00:00:00:00,-44,11,-99,14,29,11,519305693,47,2,256,0,""[0,0,0,0,0,0,0,0,0,0,0,0,-6,-3,-7,-3,-6,-3,-6,-3,-7,-6,-7,-4,-6,-4,-8,-7,-9,-4,-8,-6,-8,-7,-8,-7,-11,-8,-11,-8,-9,-12,-12,-11,-11,-9,-13,-13,-11,-11,-11,-12,-11,-14,-13,-13,-14,-15,-11,-15,-12,-15,-13,-14,-13,-17,-12,-15,-13,-17,-13,-15,-13,-15,-13,-13,-15,-13,-14,-15,-15,-15,-19,-15,-17,-17,-14,-17,-15,-17,-19,-18,-18,-17,-20,-17,-18,-15,-22,-15,-18,-13,-24,-14,-24,-14,-25,-13,-24,-14,-25,-15,-23,-17,-25,-20,-24,-19,-28,-20,-28,-19,-28,-17,-30,-19,0,0,0,0,0,0,-20,28,-24,33,-17,26,-22,26,-23,33,-19,23,-22,29,-19,25,-20,26,-17,23,-14,25,-17,25,-15,26,-17,30,-18,23,-17,25,-15,26,-17,25,-15,24,-15,29,-12,25,-14,26,-9,23,-11,25,-11,26,-11,28,-12,28,-13,25,-13,28,-11,29,-13,28,-11,26,-14,30,-12,25,-13,26,-12,24,-9,28,-12,28,-11,29,-13,26,-15,25,-17,22,-17,23,-17,23,-15,22,-17,20,-17,17,-17,19,-14,15,-15,17,-17,17,-15,17,-15,15,-17,12,-18,8,-18,7,-17,6,0,0,0,0,0,0,0,0,0,0]"""
1782031933534,2026-06-21T17:52:13.534,safe,posture,mhw,standing_still,t017,"CSI_DATA,535191,1a:00:00:00:00:00,-44,11,-99,19,28,11,519316693,47,2,256,0,""[0,0,0,0,0,0,0,0,0,0,0,0,5,4,4,4,7,5,5,5,7,7,5,4,7,5,7,7,8,7,8,9,8,10,8,10,9,10,9,13,7,10,10,15,8,11,7,14,8,10,10,11,11,14,10,17,10,20,7,16,9,17,8,17,8,20,8,16,9,21,8,17,9,22,7,16,10,19,10,20,13,19,13,20,14,21,10,21,11,20,13,21,11,20,14,23,13,21,16,24,11,15,17,20,17,22,21,20,19,22,19,27,16,23,19,27,17,29,20,29,19,26,19,22,22,26,0,0,0,0,0,0,29,-19,34,-19,26,-16,29,-16,34,-21,27,-13,32,-16,28,-16,32,-17,24,-16,26,-17,27,-16,27,-19,27,-20,27,-14,24,-16,23,-19,26,-17,22,-15,27,-19,21,-17,27,-19,17,-16,20,-17,23,-20,21,-21,26,-22,22,-19,24,-19,22,-20,24,-21,22,-17,27,-21,22,-17,24,-17,20,-15,21,-20,24,-15,23,-19,26,-17,26,-15,23,-10,27,-11,28,-11,23,-11,27,-9,23,-5,24,-8,19,-3,22,-4,22,-4,20,-4,21,-3,22,-1,19,1,20,2,17,5,0,0,0,0,0,0,0,0,0,0]"""
1782031933546,2026-06-21T17:52:13.546,safe,posture,mhw,standing_still,t017,"CSI_DATA,535192,1a:00:00:00:00:00,-44,11,-99,19,28,11,519327693,47,2,256,0,""[0,0,0,0,0,0,0,0,0,0,0,0,0,-5,0,-8,1,-7,-1,-9,-1,-8,0,-9,0,-10,0,-8,-1,-9,1,-11,0,-14,-1,-15,-1,-14,-1,-14,0,-15,0,-14,0,-17,0,-15,0,-19,0,-17,-1,-16,0,-19,0,-17,-1,-19,-1,-19,-2,-21,-2,-20,-2,-21,-2,-19,-3,-21,-4,-20,-3,-24,-4,-22,-5,-21,-7,-20,-5,-21,-8,-20,-9,-22,-9,-21,-10,-20,-10,-20,-13,-21,-15,-23,-16,-19,-19,-26,-15,-24,-17,-23,-17,-21,-19,-20,-20,-21,-24,-22,-20,-19,-24,-21,-22,-23,-26,-21,-26,-21,-27,-26,0,0,0,0,0,0,-21,29,-20,26,-22,34,-19,30,-16,23,-20,29,-16,28,-19,32,-15,27,-16,32,-14,30,-10,28,-11,27,-11,28,-10,32,-9,29,-7,30,-5,28,-7,29,-5,28,-2,32,-2,28,-2,32,-2,30,1,29,0,28,1,28,3,30,3,30,4,30,2,28,3,30,4,28,7,29,5,28,3,36,3,30,4,29,2,32,2,26,3,28,4,30,3,28,3,23,4,26,3,24,2,28,2,24,-1,27,0,23,-1,24,-1,21,-1,21,-1,20,-3,22,-3,19,-5,17,0,0,0,0,0,0,0,0,0,0]"""
1782031933555,2026-06-21T17:52:13.555,safe,posture,mhw,standing_still,t017,"CSI_DATA,535193,1a:00:00:00:00:00,-44,11,-99,14,29,11,519338693,47,2,256,0,""[0,0,0,0,0,0,0,0,0,0,0,0,-4,3,-6,2,-6,3,-8,2,-7,1,-8,2,-9,2,-11,4,-9,2,-12,3,-12,3,-12,3,-13,3,-13,2,-12,3,-17,3,-15,3,-17,4,-17,3,-17,2,-15,2,-15,3,-17,6,-19,6,-20,6,-19,6,-20,4,-18,8,-22,4,-20,6,-18,8,-20,7,-20,11,-19,8,-19,12,-18,11,-20,12,-20,13,-20,12,-19,14,-18,15,-22,14,-20,17,-19,19,-18,15,-20,24,-19,19,-17,23,-18,22,-18,23,-20,23,-19,24,-19,24,-22,26,-22,25,-17,28,-18,30,0,0,0,0,0,0,29,18,29,18,30,17,29,17,31,17,28,17,30,17,30,15,31,17,30,15,29,12,31,9,28,11,31,11,30,9,29,7,31,7,30,7,25,3,30,7,30,4,30,2,26,3,29,1,30,0,28,0,31,1,29,-2,31,-1,31,-2,30,-2,28,-4,33,0,30,-1,29,-1,29,-1,33,-6,29,-2,30,-4,30,-2,28,-1,30,0,29,1,26,0,26,-1,26,1,24,3,24,0,22,2,24,1,20,2,22,1,19,4,20,3,18,6,17,6,15,7,0,0,0,0,0,0,0,0,0,0]"""
1782031933569,2026-06-21T17:52:13.569,safe,posture,mhw,standing_still,t017,"CSI_DATA,535194,1a:00:00:00:00:00,-44,11,-99,14,29,11,519349693,47,2,256,0,""[0,0,0,0,0,0,0,0,0,0,0,0,-3,-3,-4,-3,-7,-3,-7,-4,-7,-3,-7,-6,-8,-6,-6,-7,-6,-8,-7,-7,-8,-9,-11,-11,-9,-8,-9,-12,-7,-11,-8,-13,-11,-14,-9,-13,-8,-18,-8,-15,-7,-12,-6,-17,-6,-17,-8,-19,-6,-19,-7,-18,-6,-18,-6,-19,-4,-17,-6,-19,-7,-19,-6,-24,-6,-24,-4,-22,-6,-20,-3,-19,-6,-20,-8,-24,-6,-22,-7,-20,-7,-22,-9,-23,-9,-24,-9,-25,-7,-31,-4,-26,-7,-26,-4,-29,-6,-25,-7,-29,-11,-34,-7,-28,-6,-33,-6,-34,-7,-33,-4,-34,-4,-35,0,0,0,0,0,0,-37,1,-33,2,-40,1,-35,0,-33,-1,-36,0,-33,-1,-36,-2,-30,0,-36,-4,-35,-4,-30,-3,-29,-3,-29,-3,-31,-1,-29,-1,-30,-1,-29,-1,-28,-2,-26,-2,-29,-2,-29,-1,-33,-1,-31,-3,-30,-3,-28,-4,-26,-4,-31,1,-31,-2,-30,-1,-26,-3,-30,-4,-28,-4,-30,-3,-28,-6,-34,-9,-30,-11,-29,-9,-29,-11,-24,-14,-24,-12,-26,-11,-24,-14,-23,-12,-22,-14,-20,-13,-20,-17,-18,-18,-18,-20,-14,-19,-14,-18,-12,-18,-8,-17,-8,-17,-11,-19,-6,-15,-4,-17,0,0,0,0,0,0,0,0,0,0]"""
1782031933581,2026-06-21T17:52:13.581,safe,posture,mhw,standing_still,t017,"CSI_DATA,535195,1a:00:00:00:00:00,-44,11,-99,19,28,11,519360693,47,2,256,0,""[0,0,0,0,0,0,0,0,0,0,0,0,-1,7,-1,7,-2,8,-3,7,-3,7,-4,8,-7,9,-4,9,-5,8,-7,10,-5,9,-8,10,-9,10,-9,10,-9,8,-13,10,-10,10,-13,10,-14,9,-13,8,-17,9,-13,8,-16,13,-17,11,-17,8,-17,9,-19,9,-17,8,-21,5,-21,8,-20,7,-19,5,-21,11,-21,8,-20,9,-21,8,-22,7,-22,7,-22,5,-23,10,-21,9,-26,5,-24,5,-24,13,-22,7,-28,11,-26,5,-27,11,-27,8,-28,8,-30,8,-28,4,-32,7,-33,5,-34,5,-30,5,-35,5,0,0,0,0,0,0,1,33,2,38,2,34,1,35,0,36,-2,32,-2,36,-2,35,-3,33,-5,32,-3,32,-2,33,-5,30,-1,33,-4,30,-2,27,-3,32,-4,29,-4,27,-5,30,-4,28,-4,30,-5,28,-3,28,-3,33,-5,26,-3,30,-4,29,-5,29,-7,30,-7,29,-4,29,-13,29,-10,29,-9,27,-14,27,-11,30,-13,27,-14,27,-17,24,-14,23,-17,22,-19,21,-19,21,-16,20,-21,17,-22,15,-19,16,-19,13,-21,15,-19,9,-19,11,-20,7,-19,5,-19,3,-17,1,-19,1,0,0,0,0,0,0,0,0,0,0]"""
1782031933590,2026-06-21T17:52:13.590,safe,posture,mhw,standing_still,t017,"CSI_DATA,535196,1a:00:00:00:00:00,-44,11,-99,18,28,11,519371693,47,2,256,0,""[0,0,0,0,0,0,0,0,0,0,0,0,4,0,7,-1,7,1,9,0,7,0,9,2,11,-1,8,2,11,-1,9,0,14,-1,13,0,14,-1,15,-1,14,-1,14,-2,18,-3,13,-2,18,-1,18,0,18,0,18,-3,18,-1,22,-4,20,-4,19,-6,17,-3,20,-4,17,-6,19,-9,17,-7,24,-12,20,-8,19,-11,19,-9,17,-12,17,-11,18,-17,14,-15,14,-15,18,-18,9,-18,14,-22,14,-20,18,-28,14,-20,13,-24,17,-25,12,-23,12,-26,9,-33,7,-28,9,-31,11,-31,3,-33,7,-36,9,-34,0,0,0,0,0,0,-36,-4,-30,-2,-40,-2,-34,-3,-26,-1,-36,-1,-28,4,-39,2,-29,3,-39,3,-35,4,-30,3,-30,7,-26,6,-31,9,-29,12,-28,14,-23,13,-30,12,-22,13,-25,20,-22,17,-26,22,-25,19,-22,18,-22,17,-19,17,-19,25,-19,23,-18,23,-15,20,-22,24,-12,22,-13,26,-14,24,-20,34,-18,23,-14,25,-18,25,-14,23,-14,23,-13,28,-11,26,-9,22,-12,22,-8,22,-13,25,-11,20,-17,25,-13,17,-13,19,-13,15,-9,17,-12,13,-12,17,-9,14,-12,14,0,0,0,0,0,0,0,0,0,0]"""
1782031933600,2026-06-21T17:52:13.600,safe,posture,mhw,standing_still,t017,"CSI_DATA,535197,1a:00:00:00:00:00,-44,11,-99,15,29,11,519382743,47,2,256,0,""[0,0,0,0,0,0,0,0,0,0,0,0,-4,3,-4,4,-4,5,-5,7,-4,7,-8,7,-9,5,-8,5,-9,7,-8,4,-9,7,-11,7,-14,9,-10,9,-14,5,-13,7,-15,9,-11,9,-16,9,-19,9,-14,8,-16,7,-16,7,-19,9,-19,9,-19,7,-17,9,-21,8,-15,8,-20,10,-19,9,-23,10,-22,8,-19,9,-20,8,-20,8,-16,10,-21,14,-19,13,-17,10,-21,11,-16,15,-20,19,-22,15,-28,20,-23,14,-23,19,-26,13,-20,15,-24,19,-27,23,-22,22,-26,22,-28,20,-24,23,-29,24,-27,20,0,0,0,0,0,0,22,27,19,27,23,30,19,30,14,23,21,30,17,22,21,32,21,26,21,29,20,28,15,24,16,24,15,26,21,24,21,24,20,22,19,21,19,23,19,19,22,21,21,21,23,22,20,23,19,20,20,22,19,20,22,20,22,21,23,19,19,20,21,21,20,17,24,19,23,19,27,27,19,24,20,22,15,26,15,22,16,21,20,22,16,23,14,17,13,21,14,20,14,23,10,22,11,26,7,23,5,21,3,21,2,19,2,20,3,21,2,20,1,17,0,0,0,0,0,0,0,0,0,0]"""
1782031933612,2026-06-21T17:52:13.612,safe,posture,mhw,standing_still,t017,"CSI_DATA,535198,1a:00:00:00:00:00,-44,11,-99,15,29,11,519393693,47,2,256,0,""[0,0,0,0,0,0,0,0,0,0,0,0,4,4,5,4,3,3,5,7,5,3,8,4,7,7,5,4,10,5,8,7,10,8,10,9,13,7,10,9,13,10,11,8,11,10,11,11,14,11,16,14,11,14,15,10,13,10,16,10,17,9,16,9,16,10,19,13,16,7,20,8,17,11,24,9,19,9,21,8,21,8,22,5,20,4,22,4,23,3,23,2,26,4,23,-1,28,0,26,1,30,0,26,1,28,-2,27,-1,29,-4,29,-5,30,-9,32,-9,34,-7,28,-8,33,-13,34,-13,33,-11,0,0,0,0,0,0,-13,-35,-10,-30,-15,-36,-11,-34,-14,-27,-14,-34,-14,-26,-19,-32,-13,-27,-17,-30,-17,-28,-15,-26,-20,-26,-16,-22,-17,-23,-22,-22,-21,-21,-21,-21,-22,-23,-21,-15,-26,-17,-22,-19,-26,-17,-24,-16,-23,-14,-27,-15,-23,-11,-26,-11,-28,-10,-27,-10,-26,-11,-30,-15,-24,-5,-29,-8,-28,-11,-35,-11,-26,-11,-29,-8,-28,-11,-26,-11,-26,-9,-29,-9,-28,-7,-24,-7,-24,-10,-22,-5,-26,-8,-22,-10,-24,-13,-20,-9,-21,-10,-16,-10,-19,-9,-15,-11,-16,-9,-15,-10,-15,-13,0,0,0,0,0,0,0,0,0,0]"""
1782031933624,2026-06-21T17:52:13.624,safe,posture,mhw,standing_still,t017,"CSI_DATA,535199,1a:00:00:00:00:00,-44,11,-99,19,28,11,519404778,47,2,256,0,""[0,0,0,0,0,0,0,0,0,0,0,0,-5,-2,-5,-3,-5,-2,-8,-3,-8,-1,-8,-4,-9,-5,-7,-4,-10,-4,-9,-7,-9,-7,-10,-7,-11,-8,-13,-10,-11,-9,-8,-10,-13,-13,-11,-10,-13,-14,-14,-15,-13,-10,-9,-15,-10,-15,-14,-15,-11,-16,-11,-17,-10,-15,-11,-19,-10,-16,-14,-17,-11,-15,-15,-21,-13,-20,-13,-17,-11,-19,-11,-17,-11,-19,-16,-17,-14,-20,-14,-16,-14,-17,-17,-16,-19,-20,-17,-21,-20,-24,-17,-22,-19,-20,-16,-24,-17,-20,-19,-22,-23,-24,-20,-21,-20,-26,-19,-26,-23,-24,-20,-29,-22,-29,0,0,0,0,0,0,-32,20,-27,15,-33,21,-29,17,-24,15,-29,19,-27,16,-32,19,-26,16,-33,15,-30,16,-26,13,-27,13,-26,15,-28,17,-26,15,-27,17,-23,16,-26,16,-22,15,-26,19,-23,16,-26,17,-27,16,-22,15,-23,14,-26,14,-22,17,-27,19,-23,17,-24,14,-27,16,-23,14,-24,17,-23,15,-33,15,-29,13,-26,13,-28,9,-27,8,-26,8,-30,10,-28,7,-24,5,-26,4,-23,5,-27,4,-24,2,-28,-1,-23,-1,-22,-2,-21,-4,-19,-3,-21,-4,-19,-7,-17,-5,-16,-7,0,0,0,0,0,0,0,0,0,0]"""
1782031933632,2026-06-21T17:52:13.632,safe,posture,mhw,standing_still,t017,"CSI_DATA,535200,1a:00:00:00:00:00,-44,11,-99,18,28,11,519415693,47,2,256,0,""[0,0,0,0,0,0,0,0,0,0,0,0,-6,1,-6,2,-8,3,-8,1,-8,1,-8,1,-9,2,-11,2,-11,1,-11,2,-12,2,-12,2,-13,3,-13,1,-12,2,-18,2,-15,2,-17,2,-14,1,-14,2,-15,2,-17,2,-20,2,-19,3,-19,2,-20,3,-20,1,-20,4,-22,2,-20,3,-20,4,-20,3,-22,7,-20,4,-20,9,-20,7,-22,9,-20,8,-20,9,-22,12,-19,13,-23,12,-22,12,-22,17,-19,13,-23,17,-22,17,-19,20,-23,19,-23,20,-23,19,-24,19,-24,22,-26,24,-26,24,-23,22,-23,28,0,0,0,0,0,0,25,24,28,24,25,22,26,22,29,26,23,20,28,25,24,20,29,20,25,19,28,17,28,15,25,18,29,17,26,15,26,14,28,12,28,12,25,8,29,14,28,9,29,9,26,8,26,7,30,6,26,6,30,6,29,3,31,4,31,1,30,3,28,-1,33,6,31,3,29,1,28,4,31,1,30,4,29,0,29,4,29,3,29,4,29,6,28,4,25,3,26,7,24,7,24,4,20,6,23,7,22,7,20,7,19,7,19,9,17,9,14,9,13,9,0,0,0,0,0,0,0,0,0,0]"""
1782031933645,2026-06-21T17:52:13.645,safe,posture,mhw,standing_still,t017,"CSI_DATA,535201,1a:00:00:00:00:00,-44,11,-99,14,29,11,519426693,47,2,256,0,""[0,0,0,0,0,0,0,0,0,0,0,0,-2,-8,-1,-6,0,-8,0,-8,-1,-11,0,-9,0,-9,0,-9,1,-12,1,-11,0,-11,2,-12,1,-12,1,-14,4,-13,6,-15,4,-14,6,-15,7,-14,7,-18,6,-18,9,-14,9,-18,9,-15,11,-17,11,-17,12,-17,11,-17,13,-17,13,-15,12,-17,13,-15,14,-18,13,-18,13,-18,14,-17,13,-18,14,-18,15,-19,14,-19,13,-20,15,-18,17,-18,14,-23,15,-19,18,-24,18,-22,15,-24,19,-24,18,-23,19,-24,20,-20,20,-22,25,-26,23,-24,23,-23,25,-26,0,0,0,0,0,0,-19,-26,-22,-29,-24,-29,-19,-30,-22,-28,-17,-26,-19,-30,-18,-30,-17,-30,-15,-28,-15,-30,-17,-29,-13,-25,-17,-26,-17,-25,-17,-26,-15,-26,-15,-25,-14,-24,-13,-28,-14,-25,-15,-26,-13,-24,-13,-25,-13,-25,-12,-25,-14,-25,-17,-25,-13,-26,-17,-26,-13,-26,-13,-24,-11,-30,-12,-26,-11,-29,-8,-29,-9,-30,-6,-28,-7,-29,-1,-29,-3,-28,-2,-29,-1,-29,-2,-25,-1,-25,3,-28,4,-25,2,-23,4,-22,7,-25,8,-20,8,-19,9,-17,11,-19,13,-17,12,-15,11,-13,0,0,0,0,0,0,0,0,0,0]"""
1782031933652,2026-06-21T17:52:13.652,safe,posture,mhw,standing_still,t017,"CSI_DATA,535202,1a:00:00:00:00:00,-44,11,-99,19,28,11,519437693,47,2,256,0,""[0,0,0,0,0,0,0,0,0,0,0,0,5,1,7,3,8,2,9,1,7,1,9,4,9,4,7,4,9,5,9,7,10,7,13,9,10,9,10,8,10,11,8,9,11,13,9,10,13,16,9,16,9,17,9,15,8,16,10,17,8,19,7,17,7,17,8,19,7,15,9,20,8,19,9,24,5,22,7,20,8,21,5,21,7,20,10,23,9,22,7,22,7,23,9,21,10,24,8,24,9,33,5,27,7,27,5,27,7,27,7,30,9,32,8,29,8,33,2,33,8,33,4,36,3,35,0,0,0,0,0,0,35,-2,30,0,40,0,34,1,29,4,39,3,30,1,39,3,30,1,35,7,35,7,29,7,30,5,28,8,33,5,30,7,30,5,28,4,30,8,26,5,32,4,28,4,30,7,32,8,28,8,28,9,26,9,32,7,29,8,29,9,24,9,29,11,24,10,30,9,27,11,34,17,26,17,27,16,23,19,21,17,21,17,24,20,21,19,19,16,19,20,16,17,16,21,15,20,13,27,9,22,8,21,4,21,3,20,1,19,3,20,2,17,-1,19,0,0,0,0,0,0,0,0,0,0]"""
1782031933667,2026-06-21T17:52:13.667,safe,posture,mhw,standing_still,t017,"CSI_DATA,535203,1a:00:00:00:00:00,-44,11,-99,18,28,11,519448693,47,2,256,0,""[0,0,0,0,0,0,0,0,0,0,0,0,0,-6,0,-6,1,-4,1,-7,-1,-7,2,-9,4,-9,4,-8,4,-11,3,-9,6,-13,6,-13,3,-12,4,-13,7,-14,4,-13,7,-17,7,-14,9,-17,9,-15,8,-11,8,-18,9,-13,9,-19,9,-17,11,-18,8,-17,12,-19,7,-15,8,-19,8,-15,13,-23,12,-19,9,-18,12,-19,11,-19,7,-18,7,-23,7,-20,6,-19,9,-23,2,-22,6,-28,7,-25,7,-31,8,-25,6,-28,11,-26,6,-23,7,-28,3,-34,3,-30,7,-34,8,-30,4,-34,7,-37,8,-34,0,0,0,0,0,0,-36,-8,-30,-7,-39,-8,-33,-11,-28,-6,-36,-8,-28,-3,-36,-8,-28,-6,-35,-9,-34,-8,-29,-8,-29,-6,-26,-7,-33,-3,-31,-3,-31,-2,-28,0,-34,-6,-25,-1,-33,1,-26,0,-36,-1,-33,-2,-26,-1,-28,-1,-25,-1,-30,1,-29,2,-30,2,-26,1,-33,-1,-25,3,-29,4,-29,1,-39,0,-31,-3,-29,-1,-29,-4,-26,-4,-26,-2,-31,0,-29,0,-23,-2,-26,-6,-23,-1,-26,-3,-24,-6,-28,-9,-20,-11,-22,-9,-17,-12,-17,-8,-15,-11,-17,-12,-15,-9,-13,-13,0,0,0,0,0,0,0,0,0,0]"""
1782031933678,2026-06-21T17:52:13.678,safe,posture,mhw,standing_still,t017,"CSI_DATA,535204,1a:00:00:00:00:00,-44,11,-99,15,29,11,519459693,47,2,256,0,""[0,0,0,0,0,0,0,0,0,0,0,0,-5,-4,-4,-3,-5,-5,-5,-5,-5,-5,-5,-8,-8,-7,-5,-9,-3,-8,-8,-8,-8,-10,-5,-10,-8,-10,-7,-13,-5,-10,-5,-15,-8,-14,-7,-16,-7,-15,-5,-15,-7,-17,-4,-15,-7,-19,-7,-17,-8,-17,-7,-17,-8,-20,-7,-16,-5,-23,-7,-21,-7,-20,-4,-20,-8,-20,-8,-21,-10,-20,-10,-21,-9,-21,-8,-21,-10,-23,-13,-23,-13,-21,-10,-24,-11,-23,-14,-22,-10,-20,-19,-23,-13,-24,-19,-22,-15,-26,-17,-26,-15,-26,-14,-27,-16,-28,-16,-29,-16,-30,-16,-28,-19,-28,0,0,0,0,0,0,-30,17,-32,20,-29,15,-29,15,-33,17,-28,14,-34,16,-30,14,-32,14,-27,14,-27,15,-28,17,-28,14,-27,19,-26,16,-26,15,-24,16,-24,16,-22,16,-28,16,-23,17,-27,17,-22,16,-23,17,-26,20,-23,16,-24,20,-21,19,-22,19,-23,21,-23,19,-21,20,-29,17,-26,16,-23,17,-22,15,-24,20,-24,15,-24,16,-26,13,-26,14,-26,10,-26,13,-26,11,-24,9,-26,5,-26,3,-23,8,-21,4,-24,5,-23,1,-22,5,-22,1,-20,0,-19,-1,-19,-2,-17,-2,0,0,0,0,0,0,0,0,0,0]"""
1782031933688,2026-06-21T17:52:13.688,safe,posture,mhw,standing_still,t017,"CSI_DATA,535205,1a:00:00:00:00:00,-44,11,-99,18,28,11,519471006,47,2,256,0,""[0,0,0,0,0,0,0,0,0,0,0,0,-2,7,0,7,-1,7,-2,9,-1,9,-3,11,-1,11,-2,9,-2,9,-3,9,-1,12,-3,13,-3,14,0,12,-2,14,-3,12,-3,18,-3,14,-4,19,-3,15,-6,14,-3,18,-4,18,-3,22,-3,19,-2,19,-2,19,-2,22,-1,19,-1,22,1,20,-1,25,0,23,1,23,1,23,2,22,1,22,7,24,3,23,6,22,8,23,9,22,12,23,12,24,13,29,11,25,13,24,14,26,12,22,17,24,20,28,18,23,20,25,20,26,24,25,20,28,22,26,0,0,0,0,0,0,25,-23,24,-23,25,-30,23,-28,20,-23,23,-26,19,-24,23,-29,17,-26,24,-29,19,-28,17,-24,15,-26,14,-25,15,-30,14,-29,13,-28,9,-26,11,-29,8,-26,6,-29,6,-28,7,-31,6,-30,3,-29,6,-28,2,-26,1,-30,1,-30,1,-29,1,-28,0,-29,-1,-26,-2,-33,-3,-28,-1,-36,0,-33,-1,-30,2,-30,1,-26,0,-26,-3,-30,0,-28,0,-24,1,-25,0,-25,0,-28,-1,-25,3,-28,3,-23,3,-24,4,-19,2,-18,7,-19,3,-19,6,-18,6,-17,0,0,0,0,0,0,0,0,0,0]"""
1782031933700,2026-06-21T17:52:13.700,safe,posture,mhw,standing_still,t017,"CSI_DATA,535206,1a:00:00:00:00:00,-44,11,-99,19,28,11,519481954,47,2,256,0,""[0,0,0,0,0,0,0,0,0,0,0,0,5,-3,5,-5,7,-5,5,-5,5,-5,7,-5,5,-7,8,-7,7,-9,8,-9,9,-8,9,-8,8,-9,9,-8,11,-10,10,-10,11,-13,14,-10,13,-10,10,-11,11,-9,11,-15,14,-13,15,-11,15,-14,13,-14,16,-14,16,-14,14,-14,13,-16,15,-14,13,-17,11,-17,11,-19,11,-20,10,-21,11,-20,11,-19,11,-22,13,-22,10,-23,10,-23,9,-26,9,-24,7,-26,7,-26,4,-27,2,-28,3,-29,3,-32,7,-29,4,-33,4,-34,2,-34,4,-33,0,-35,3,-34,0,0,0,0,0,0,-35,-2,-36,-1,-34,-2,-35,1,-34,1,-35,-3,-32,0,-35,2,-34,0,-32,4,-29,7,-30,5,-33,9,-29,8,-30,3,-29,8,-30,10,-28,9,-30,9,-27,13,-26,14,-28,11,-24,14,-23,15,-24,15,-24,17,-23,16,-24,15,-26,17,-24,20,-24,17,-26,20,-24,20,-23,19,-26,17,-23,20,-21,20,-21,21,-21,21,-22,20,-22,17,-24,16,-22,17,-23,15,-23,15,-21,15,-21,14,-22,13,-21,13,-19,13,-20,13,-16,11,-19,11,-19,9,-20,5,-17,3,-17,3,0,0,0,0,0,0,0,0,0,0]"""
1782031933709,2026-06-21T17:52:13.709,safe,posture,mhw,standing_still,t017,"CSI_DATA,535207,1a:00:00:00:00:00,-44,11,-99,14,29,11,519492693,47,2,256,0,""[0,0,0,0,0,0,0,0,0,0,0,0,4,-1,7,-2,7,-1,9,-1,8,-1,9,-1,11,1,8,1,11,1,9,2,12,0,12,1,13,2,13,2,14,4,12,2,15,3,14,3,19,7,17,9,12,9,18,7,14,9,18,9,19,11,17,9,15,9,18,13,17,8,20,12,17,11,23,15,17,15,18,13,20,14,18,13,17,13,20,11,19,12,20,11,20,13,20,9,25,12,22,12,29,17,20,15,24,15,23,19,20,13,24,17,31,17,26,15,28,19,25,20,30,17,28,22,25,23,0,0,0,0,0,0,24,-26,22,-20,29,-29,24,-22,22,-19,28,-28,20,-20,29,-25,22,-22,29,-23,25,-22,24,-17,23,-19,24,-15,24,-22,23,-20,23,-20,22,-19,25,-19,17,-18,22,-23,22,-18,25,-23,24,-18,23,-15,22,-18,23,-14,23,-22,23,-20,23,-19,20,-15,25,-18,20,-14,24,-22,23,-17,31,-19,28,-12,28,-12,28,-9,26,-8,24,-9,29,-12,26,-9,24,-7,25,-4,22,-7,28,-4,23,0,29,-1,22,3,23,3,20,4,19,3,18,8,20,4,17,6,17,8,0,0,0,0,0,0,0,0,0,0]"""
1782031933721,2026-06-21T17:52:13.721,safe,posture,mhw,standing_still,t017,"CSI_DATA,535208,1a:00:00:00:00:00,-44,11,-99,18,28,11,519503693,47,2,256,0,""[0,0,0,0,0,0,0,0,0,0,0,0,7,2,4,1,7,2,7,2,9,2,7,4,8,3,11,4,8,6,12,4,11,6,11,6,13,6,13,7,11,8,15,9,13,6,15,11,14,7,12,11,17,12,15,9,18,11,15,9,17,11,18,12,18,11,17,11,19,13,17,8,19,11,14,11,20,9,20,11,22,7,22,8,23,9,20,8,22,9,25,6,22,7,28,9,23,7,28,4,20,4,28,1,28,6,29,0,30,2,31,4,30,6,31,6,30,4,36,4,35,4,33,4,36,1,0,0,0,0,0,0,3,-33,1,-40,1,-28,2,-35,1,-41,3,-30,1,-37,1,-29,2,-35,0,-29,-1,-29,-2,-33,-2,-33,-4,-35,-1,-30,-2,-29,-6,-30,-3,-33,-3,-28,-7,-34,-7,-24,-8,-30,-7,-24,-9,-26,-9,-28,-11,-26,-13,-30,-9,-25,-11,-29,-12,-26,-11,-29,-12,-25,-11,-34,-9,-26,-13,-28,-8,-23,-14,-29,-12,-29,-13,-26,-11,-30,-9,-29,-7,-25,-7,-28,-7,-29,-6,-23,-4,-28,-3,-23,-6,-25,-3,-18,-4,-23,-1,-22,-2,-22,-1,-20,1,-23,2,-18,4,-17,4,-17,0,0,0,0,0,0,0,0,0,0]"""
1782031933731,2026-06-21T17:52:13.731,safe,posture,mhw,standing_still,t017,"CSI_DATA,535209,1a:00:00:00:00:00,-44,11,-99,18,28,11,519514693,47,2,256,0,""[0,0,0,0,0,0,0,0,0,0,0,0,-2,-7,-2,-7,-3,-6,-1,-8,-3,-8,-3,-7,-2,-7,-3,-11,-3,-9,-4,-9,-4,-12,-4,-11,-6,-12,-4,-12,-6,-14,-7,-15,-8,-14,-6,-14,-7,-13,-12,-14,-11,-14,-11,-17,-8,-17,-8,-15,-11,-18,-11,-15,-12,-17,-14,-19,-14,-15,-14,-15,-17,-15,-14,-13,-17,-13,-17,-11,-18,-12,-22,-12,-20,-11,-18,-11,-22,-12,-25,-9,-24,-9,-24,-6,-25,-7,-26,-6,-23,-4,-25,-3,-28,-2,-30,1,-31,1,-33,0,-29,1,-34,0,-34,3,-33,6,-36,4,-33,8,-33,9,0,0,0,0,0,0,11,35,11,35,12,31,13,31,14,36,13,31,15,29,15,29,17,29,15,25,17,24,19,25,22,24,22,25,18,23,22,20,23,22,23,23,23,20,25,17,25,14,26,17,24,11,24,9,26,9,31,9,28,11,28,11,30,9,29,6,30,8,31,6,29,4,30,2,30,2,30,3,28,0,29,0,31,-1,31,0,29,1,26,2,28,0,29,2,28,1,29,2,26,1,26,3,23,3,22,1,22,2,22,1,23,0,20,3,19,2,17,4,17,4,0,0,0,0,0,0,0,0,0,0]"""
1782031933743,2026-06-21T17:52:13.743,safe,posture,mhw,standing_still,t017,"CSI_DATA,535210,1a:00:00:00:00:00,-44,11,-99,15,29,11,519525693,47,2,256,0,""[0,0,0,0,0,0,0,0,0,0,0,0,-4,4,-3,5,-4,5,-2,7,-4,7,-3,7,-5,8,-4,9,-5,10,-5,10,-7,8,-5,10,-5,11,-7,13,-8,13,-7,16,-5,13,-7,16,-5,13,-7,14,-10,20,-8,16,-7,20,-7,17,-8,20,-7,19,-7,21,-5,19,-7,21,-4,20,-5,20,-2,17,-2,20,-2,22,0,23,0,24,2,26,0,23,2,23,5,27,5,23,5,28,4,24,9,27,7,20,11,24,11,26,15,24,15,27,16,29,14,27,17,27,17,29,20,29,21,27,21,24,21,26,0,0,0,0,0,0,27,-23,29,-26,20,-22,23,-26,27,-29,22,-22,26,-27,19,-24,22,-29,17,-24,16,-26,16,-28,15,-30,13,-32,15,-24,11,-28,9,-29,9,-30,9,-28,8,-33,3,-27,7,-32,1,-24,1,-28,0,-30,-2,-32,-1,-34,-2,-28,-1,-30,-5,-29,-3,-33,-5,-32,-4,-34,-5,-28,-7,-29,-5,-26,-8,-28,-7,-29,-10,-27,-9,-30,-9,-28,-5,-27,-5,-28,-8,-28,-5,-26,-5,-27,-3,-23,-7,-24,-4,-19,-5,-21,-3,-21,-5,-22,-3,-20,-4,-21,-1,-17,-1,-17,1,-19,0,0,0,0,0,0,0,0,0,0]"""
1782031933755,2026-06-21T17:52:13.755,safe,posture,mhw,standing_still,t017,"CSI_DATA,535211,1a:00:00:00:00:00,-44,11,-99,15,29,11,519536693,47,2,256,0,""[0,0,0,0,0,0,0,0,0,0,0,0,4,-4,4,-4,5,-5,5,-5,7,-5,5,-4,4,-5,7,-7,8,-8,8,-10,9,-7,9,-9,9,-9,10,-10,10,-9,14,-14,9,-11,14,-11,10,-10,9,-11,9,-13,11,-15,11,-16,13,-13,13,-15,13,-15,14,-15,14,-16,14,-17,9,-17,11,-19,9,-17,8,-21,8,-19,7,-21,7,-22,8,-23,9,-21,5,-22,5,-26,4,-22,4,-27,4,-24,1,-28,-1,-22,0,-28,-1,-28,-5,-27,-4,-30,-3,-32,-3,-29,-3,-33,-4,-33,-5,-35,-7,-34,-8,-34,-9,-33,0,0,0,0,0,0,-34,11,-38,10,-28,10,-32,13,-36,15,-29,8,-33,16,-28,14,-32,15,-24,13,-26,17,-26,17,-26,21,-27,22,-24,15,-24,19,-22,22,-22,22,-20,20,-20,23,-17,22,-20,24,-13,21,-14,23,-15,27,-15,28,-14,29,-14,24,-14,28,-9,28,-14,29,-9,27,-14,33,-9,28,-10,29,-8,26,-7,29,-7,28,-5,29,-9,29,-9,29,-9,26,-10,28,-11,28,-9,24,-10,27,-9,21,-7,24,-7,19,-8,23,-9,20,-8,22,-8,20,-10,17,-10,15,-11,15,-11,13,0,0,0,0,0,0,0,0,0,0]"""
1782031933765,2026-06-21T17:52:13.765,safe,posture,mhw,standing_still,t017,"CSI_DATA,535212,1a:00:00:00:00:00,-43,11,-99,17,28,11,519547693,47,2,256,0,""[0,0,0,0,0,0,0,0,0,0,0,0,-6,1,-6,1,-8,1,-8,2,-8,1,-10,0,-8,2,-10,3,-10,2,-12,2,-12,2,-11,2,-13,1,-13,2,-13,2,-17,1,-16,3,-15,3,-16,1,-18,2,-20,7,-18,1,-20,5,-18,3,-20,2,-18,5,-20,3,-18,6,-21,3,-18,6,-20,7,-18,6,-20,7,-20,7,-21,12,-20,12,-21,11,-21,12,-22,13,-21,15,-18,15,-21,15,-21,15,-17,20,-17,15,-17,23,-20,20,-16,25,-20,22,-20,25,-20,23,-18,26,-21,26,-18,28,-20,27,-18,28,-16,30,0,0,0,0,0,0,30,17,33,17,28,15,33,13,33,15,31,13,35,15,31,15,32,12,28,12,30,10,31,6,30,8,32,5,30,6,30,6,32,3,32,3,28,0,33,2,30,0,30,-1,28,-1,28,-1,30,-3,28,-3,31,-5,30,-7,30,-6,28,-8,30,-7,27,-8,33,-6,30,-7,28,-10,27,-6,28,-11,28,-7,28,-11,28,-7,28,-7,27,-8,28,-5,28,-7,26,-7,27,-5,25,-2,23,-7,21,-2,26,-5,21,-2,22,-5,18,-1,21,-1,20,0,18,1,18,2,0,0,0,0,0,0,0,0,0,0]"""
1782031933777,2026-06-21T17:52:13.777,safe,posture,mhw,standing_still,t017,"CSI_DATA,535213,1a:00:00:00:00:00,-44,11,-99,18,28,11,519558693,47,2,256,0,""[0,0,0,0,0,0,0,0,0,0,0,0,1,-6,2,-6,2,-7,3,-8,2,-9,2,-9,3,-11,3,-9,3,-8,4,-9,3,-13,4,-12,4,-12,3,-12,6,-13,4,-13,6,-15,4,-15,6,-18,9,-18,7,-17,7,-14,6,-15,4,-20,4,-20,4,-19,6,-17,6,-19,6,-18,6,-20,6,-19,6,-24,4,-22,4,-20,3,-23,3,-22,1,-19,-1,-24,1,-24,-1,-22,-1,-25,-2,-23,-3,-25,-4,-25,-3,-29,-4,-29,-6,-29,-3,-28,-6,-26,-7,-28,-12,-31,-11,-26,-8,-30,-8,-33,-17,-31,-13,-30,-14,-33,0,0,0,0,0,0,-31,15,-30,13,-35,18,-34,13,-28,15,-31,17,-29,14,-31,15,-26,18,-33,18,-30,17,-24,15,-25,14,-24,17,-26,20,-23,19,-23,22,-19,19,-20,20,-19,19,-19,25,-18,22,-22,26,-19,24,-17,24,-18,20,-15,23,-13,28,-14,26,-13,24,-14,24,-14,25,-13,25,-12,29,-13,26,-17,31,-17,26,-14,26,-15,25,-15,23,-14,24,-15,28,-13,24,-12,23,-14,22,-13,22,-15,23,-12,20,-18,22,-14,17,-15,15,-15,14,-14,13,-13,14,-15,14,-12,13,-15,9,0,0,0,0,0,0,0,0,0,0]"""
1782031933787,2026-06-21T17:52:13.787,safe,posture,mhw,standing_still,t017,"CSI_DATA,535214,1a:00:00:00:00:00,-44,11,-99,14,29,11,519569693,47,2,256,0,""[0,0,0,0,0,0,0,0,0,0,0,0,-2,4,-3,6,-2,6,-2,7,-3,7,-6,7,-3,8,-6,8,-6,7,-8,9,-6,12,-8,9,-11,9,-11,9,-9,9,-14,12,-12,9,-12,9,-13,7,-13,12,-14,12,-14,9,-18,11,-15,11,-17,9,-18,8,-19,7,-17,7,-22,6,-20,8,-20,8,-19,7,-22,11,-22,8,-22,9,-20,9,-23,8,-23,8,-24,7,-24,11,-20,11,-25,8,-23,7,-25,12,-20,7,-26,14,-24,9,-26,14,-28,12,-29,12,-29,9,-28,7,-29,8,-35,11,-33,9,-31,9,-35,8,0,0,0,0,0,0,3,34,8,39,6,30,4,35,3,37,1,30,3,36,2,30,2,36,-1,31,0,31,3,34,0,30,3,35,1,31,2,28,2,31,0,30,0,28,1,33,2,30,1,31,1,26,1,29,2,31,0,28,2,33,2,30,0,30,0,31,-2,30,2,28,-4,34,-2,29,-2,29,-4,28,-3,31,-8,30,-3,30,-8,26,-9,28,-12,25,-12,28,-14,25,-11,22,-15,23,-14,18,-14,22,-12,15,-15,19,-15,15,-14,17,-15,13,-18,12,-17,8,-15,8,-15,6,0,0,0,0,0,0,0,0,0,0]"""
1782031933798,2026-06-21T17:52:13.798,safe,posture,mhw,standing_still,t017,"CSI_DATA,535215,1a:00:00:00:00:00,-44,11,-99,18,28,11,519580693,47,2,256,0,""[0,0,0,0,0,0,0,0,0,0,0,0,7,1,6,2,8,3,7,2,7,2,8,3,9,3,11,4,9,4,12,4,11,4,12,4,12,6,13,6,12,8,14,9,13,7,14,8,15,8,14,11,18,13,14,9,18,11,18,8,15,11,17,11,18,9,17,9,18,12,19,9,20,11,19,9,23,9,19,9,20,8,20,9,23,8,24,8,23,7,25,6,23,6,25,8,25,8,25,2,24,6,30,4,28,6,28,3,29,4,30,3,31,4,29,3,33,4,35,7,35,4,31,1,35,2,0,0,0,0,0,0,3,-35,2,-35,0,-34,1,-35,2,-36,0,-34,2,-35,2,-34,1,-34,2,-33,0,-33,-2,-33,1,-30,-2,-30,-2,-33,-2,-29,-4,-31,-4,-29,-4,-26,-4,-31,-6,-30,-8,-29,-7,-26,-8,-28,-8,-30,-6,-26,-8,-30,-11,-28,-8,-28,-12,-29,-11,-28,-11,-26,-8,-31,-11,-29,-12,-29,-11,-28,-12,-30,-8,-29,-11,-29,-6,-28,-6,-26,-7,-29,-4,-28,-6,-26,-6,-25,-3,-26,-3,-25,-4,-25,-1,-23,-2,-25,1,-22,0,-19,2,-19,2,-22,3,-20,4,-15,7,-17,0,0,0,0,0,0,0,0,0,0]"""
1782031933808,2026-06-21T17:52:13.808,safe,posture,mhw,standing_still,t017,"CSI_DATA,535216,1a:00:00:00:00:00,-44,11,-99,18,28,11,519591693,47,2,256,0,""[0,0,0,0,0,0,0,0,0,0,0,0,-8,1,-8,0,-7,1,-7,0,-8,0,-9,0,-8,0,-11,0,-11,0,-12,-1,-11,-1,-13,-3,-13,-2,-13,-2,-15,-2,-15,-2,-17,-2,-17,-2,-13,-2,-18,-3,-18,-2,-18,-1,-19,-4,-17,-4,-19,-6,-19,-3,-19,-4,-19,-4,-20,-2,-19,-3,-20,-4,-19,-3,-22,-1,-20,-1,-22,-2,-25,0,-22,-2,-22,-3,-24,-1,-24,-1,-26,-1,-25,2,-25,1,-26,1,-25,1,-25,2,-29,4,-26,4,-31,4,-31,6,-30,3,-34,2,-35,3,-34,3,-35,4,-34,4,-34,4,0,0,0,0,0,0,1,37,2,37,6,33,3,34,2,37,0,33,4,34,6,34,2,34,2,30,6,29,3,30,9,33,6,31,3,29,6,30,8,30,6,30,6,30,9,29,9,28,8,29,8,24,11,24,9,25,15,29,13,28,9,26,11,30,13,28,11,29,13,29,13,26,12,28,11,28,11,26,12,25,13,26,13,28,11,28,9,29,6,28,7,28,6,28,4,28,6,26,2,25,3,26,1,22,2,23,1,23,1,23,1,22,-2,22,-3,19,-3,19,-7,17,0,0,0,0,0,0,0,0,0,0]"""
1782031933820,2026-06-21T17:52:13.820,safe,posture,mhw,standing_still,t017,"CSI_DATA,535217,1a:00:00:00:00:00,-43,11,-99,17,28,11,519602693,47,2,256,0,""[0,0,0,0,0,0,0,0,0,0,0,0,-3,5,-3,5,-5,7,-3,5,-6,7,-7,6,-5,6,-5,7,-6,8,-5,11,-6,11,-6,11,-6,11,-7,12,-6,10,-11,13,-7,12,-7,15,-6,13,-8,16,-10,20,-7,15,-7,18,-7,18,-7,17,-7,18,-7,18,-6,18,-8,22,-6,20,-6,20,-3,20,-3,22,-3,22,0,23,-1,21,0,25,0,25,1,23,2,25,3,23,3,28,2,25,8,26,5,23,11,28,10,26,15,26,11,28,12,27,13,27,13,27,15,26,17,31,18,30,17,26,23,28,0,0,0,0,0,0,26,-22,28,-22,25,-22,25,-22,26,-25,25,-21,25,-27,22,-22,23,-26,21,-25,21,-25,18,-28,17,-25,15,-30,15,-26,12,-27,12,-30,11,-28,8,-26,13,-28,7,-28,6,-31,5,-26,3,-28,2,-31,3,-27,1,-32,0,-31,1,-31,-2,-31,-3,-31,-5,-28,1,-33,-2,-30,-5,-28,-1,-27,-6,-33,-1,-31,-6,-30,-2,-30,-5,-30,-3,-28,-2,-28,-3,-27,-5,-23,0,-27,0,-23,-3,-25,0,-22,-2,-25,1,-22,-3,-22,0,-21,0,-20,1,-20,1,-17,2,-17,0,0,0,0,0,0,0,0,0,0]"""
1782031933832,2026-06-21T17:52:13.832,safe,posture,mhw,standing_still,t017,"CSI_DATA,535218,1a:00:00:00:00:00,-44,11,-99,19,28,11,519613693,47,2,256,0,""[0,0,0,0,0,0,0,0,0,0,0,0,-8,1,-8,0,-7,1,-9,0,-9,1,-10,-1,-10,-1,-9,-1,-10,-2,-10,-1,-13,-1,-14,-1,-13,-2,-13,-2,-15,-3,-13,-3,-15,-3,-17,-4,-17,-4,-16,-5,-15,-8,-17,-5,-17,-8,-21,-5,-19,-4,-21,-8,-17,-8,-19,-7,-20,-7,-20,-8,-17,-7,-23,-10,-22,-10,-21,-7,-21,-8,-20,-8,-21,-7,-24,-5,-22,-7,-21,-5,-21,-5,-24,-4,-26,-4,-26,-5,-32,-8,-29,-7,-29,-7,-27,-7,-24,-7,-30,-8,-34,-4,-30,-5,-32,-8,-34,-9,-34,-5,-34,-8,-36,-7,0,0,0,0,0,0,-9,34,-10,33,-9,36,-10,33,-9,30,-10,34,-10,32,-11,33,-10,32,-14,34,-11,32,-9,29,-10,29,-10,30,-10,32,-8,29,-7,29,-5,27,-7,29,-8,28,-5,30,-7,30,-5,32,-7,32,-5,28,-7,27,-7,29,-4,32,-5,30,-4,29,-5,28,-4,28,-5,28,-5,28,-7,30,-9,34,-10,30,-9,29,-11,29,-11,24,-10,28,-10,30,-11,27,-11,23,-11,22,-10,22,-13,22,-13,22,-17,19,-15,17,-16,16,-16,13,-15,13,-16,11,-16,13,-16,10,-15,5,0,0,0,0,0,0,0,0,0,0]"""
1782031933842,2026-06-21T17:52:13.842,safe,posture,mhw,standing_still,t017,"CSI_DATA,535219,1a:00:00:00:00:00,-43,11,-99,18,28,11,519624693,47,2,256,0,""[0,0,0,0,0,0,0,0,0,0,0,0,6,-3,6,-1,6,-3,8,-3,8,-3,9,-4,13,-3,9,-2,9,-4,12,-1,13,-4,12,-2,13,-3,12,-3,14,-2,12,-2,18,-2,15,-1,18,-1,18,0,15,0,18,0,17,1,20,-1,22,1,20,0,19,1,23,1,18,1,20,0,20,-1,25,1,24,4,20,2,23,3,22,2,20,0,25,-2,23,0,20,-2,24,1,23,-3,28,-2,25,-2,33,-1,28,1,29,1,28,3,26,-1,30,-1,35,-2,30,-4,34,-1,36,1,35,-4,36,0,36,1,0,0,0,0,0,0,2,-36,3,-31,3,-40,4,-34,2,-29,4,-36,3,-30,4,-36,4,-31,6,-37,7,-34,8,-29,6,-30,6,-29,3,-34,2,-31,1,-31,1,-29,4,-30,2,-26,2,-31,2,-29,2,-33,6,-33,4,-26,4,-28,3,-26,0,-33,2,-30,1,-30,3,-24,3,-30,3,-26,0,-31,4,-30,7,-36,9,-30,8,-29,12,-28,12,-24,8,-24,9,-30,9,-26,8,-23,13,-25,8,-23,12,-24,13,-23,18,-20,17,-17,18,-15,18,-13,14,-12,14,-12,18,-14,14,-12,15,-8,0,0,0,0,0,0,0,0,0,0]"""
1782031933855,2026-06-21T17:52:13.855,safe,posture,mhw,standing_still,t017,"CSI_DATA,535220,1a:00:00:00:00:00,-43,11,-99,18,28,11,519635693,47,2,256,0,""[0,0,0,0,0,0,0,0,0,0,0,0,-1,-8,-1,-6,-1,-8,0,-8,1,-9,0,-7,-1,-9,0,-11,0,-8,1,-12,1,-13,1,-11,2,-13,3,-13,2,-13,4,-15,4,-15,4,-15,6,-15,6,-14,7,-15,6,-13,8,-18,8,-18,8,-17,8,-18,9,-18,8,-18,12,-18,9,-18,9,-18,12,-18,9,-20,13,-19,11,-20,13,-19,11,-20,11,-20,13,-20,11,-22,11,-24,13,-24,13,-23,11,-24,13,-20,11,-28,13,-23,11,-28,15,-25,15,-29,14,-25,15,-25,18,-26,19,-29,17,-29,18,-26,18,-29,0,0,0,0,0,0,-26,-20,-30,-23,-25,-20,-28,-20,-28,-23,-25,-19,-28,-25,-23,-23,-26,-23,-23,-25,-22,-22,-26,-20,-20,-23,-25,-22,-24,-20,-20,-20,-24,-20,-23,-19,-20,-17,-22,-22,-20,-19,-23,-20,-22,-19,-22,-19,-24,-22,-19,-19,-24,-20,-23,-18,-23,-22,-23,-20,-23,-20,-22,-17,-22,-24,-19,-22,-19,-19,-18,-23,-22,-24,-17,-24,-18,-25,-14,-24,-15,-26,-13,-29,-12,-26,-11,-25,-12,-23,-7,-28,-4,-24,-8,-24,-2,-22,-4,-24,-1,-22,-2,-22,2,-20,0,-20,3,-22,3,-18,6,-15,0,0,0,0,0,0,0,0,0,0]"""
1782031933863,2026-06-21T17:52:13.863,safe,posture,mhw,standing_still,t017,"CSI_DATA,535221,1a:00:00:00:00:00,-44,11,-99,18,28,11,519646693,47,2,256,0,""[0,0,0,0,0,0,0,0,0,0,0,0,-6,4,-4,3,-6,4,-7,4,-7,4,-8,6,-7,4,-8,6,-8,8,-9,8,-9,4,-11,7,-12,8,-13,7,-13,6,-14,8,-12,8,-14,7,-14,7,-15,6,-17,9,-15,11,-18,9,-17,8,-18,9,-17,9,-19,9,-19,12,-18,9,-18,12,-19,9,-17,11,-15,13,-17,13,-17,17,-17,19,-17,14,-17,14,-18,17,-19,18,-18,19,-17,18,-18,20,-17,24,-13,19,-14,22,-13,23,-12,25,-14,28,-14,28,-15,24,-18,28,-17,28,-15,28,-17,29,-14,31,-14,30,0,0,0,0,0,0,31,18,34,20,29,13,30,15,35,15,29,18,30,14,30,14,31,17,29,12,29,8,30,9,34,7,31,8,26,11,29,9,29,6,30,8,30,9,30,6,29,4,31,7,25,2,28,0,28,2,30,-1,30,0,28,2,31,0,29,0,30,1,33,-1,31,0,30,0,29,1,28,0,28,-2,29,-3,30,-3,31,-2,30,0,28,4,28,2,30,3,29,3,25,3,25,4,24,6,22,4,22,3,20,3,20,4,20,6,18,7,15,8,15,7,15,11,0,0,0,0,0,0,0,0,0,0]"""
1782031933876,2026-06-21T17:52:13.876,safe,posture,mhw,standing_still,t017,"CSI_DATA,535222,1a:00:00:00:00:00,-44,11,-99,18,28,11,519657693,47,2,256,0,""[0,0,0,0,0,0,0,0,0,0,0,0,-4,-7,-2,-6,-3,-6,-2,-9,-2,-8,-2,-9,-1,-9,-2,-9,0,-11,-2,-12,-1,-12,0,-13,-1,-13,0,-14,1,-13,1,-15,1,-15,2,-18,2,-19,6,-17,6,-18,4,-14,6,-18,6,-18,6,-18,7,-19,8,-18,7,-19,8,-18,8,-19,8,-19,12,-22,9,-22,9,-19,9,-19,11,-19,11,-19,11,-22,12,-20,9,-22,11,-22,13,-22,11,-23,11,-24,15,-25,14,-23,13,-25,15,-26,15,-23,15,-26,18,-28,17,-28,20,-26,24,-28,19,-28,22,-26,23,-28,0,0,0,0,0,0,-24,-26,-23,-25,-25,-28,-22,-25,-19,-23,-22,-29,-20,-26,-22,-29,-22,-24,-19,-29,-18,-28,-17,-25,-14,-25,-15,-24,-18,-26,-15,-25,-17,-25,-15,-24,-15,-25,-17,-25,-17,-26,-17,-24,-17,-25,-14,-29,-14,-25,-12,-25,-13,-26,-17,-25,-13,-26,-14,-28,-11,-28,-11,-26,-9,-28,-12,-28,-11,-26,-9,-33,-7,-30,-6,-29,-6,-30,-1,-26,-3,-28,-1,-31,2,-29,2,-25,2,-28,3,-24,4,-26,7,-23,8,-23,8,-23,8,-20,9,-17,12,-17,12,-15,12,-17,12,-14,15,-11,0,0,0,0,0,0,0,0,0,0]"""
1782031933887,2026-06-21T17:52:13.887,safe,posture,mhw,standing_still,t017,"CSI_DATA,535223,1a:00:00:00:00:00,-43,11,-99,18,28,11,519668693,47,2,256,0,""[0,0,0,0,0,0,0,0,0,0,0,0,-3,3,-4,7,-3,6,-4,7,-6,7,-4,8,-6,8,-6,6,-7,9,-7,7,-9,8,-8,8,-9,8,-8,11,-13,9,-9,9,-11,12,-12,12,-12,13,-15,9,-14,8,-13,14,-15,11,-15,11,-15,13,-14,12,-15,12,-19,13,-14,14,-17,15,-17,13,-17,17,-15,13,-15,15,-18,14,-17,18,-15,15,-15,18,-13,17,-14,17,-18,18,-11,20,-15,23,-17,22,-19,25,-17,18,-17,23,-18,22,-15,25,-15,25,-15,28,-15,29,-18,29,-18,26,-14,31,-19,31,-19,28,0,0,0,0,0,0,33,20,29,18,31,20,28,23,28,17,31,22,26,15,29,20,26,17,29,20,28,18,24,18,30,17,24,18,28,14,28,14,26,13,28,13,29,15,25,9,30,9,28,12,30,12,29,12,26,13,30,9,25,12,28,8,30,9,28,8,26,9,29,14,28,6,30,7,26,9,33,12,25,13,28,13,28,14,26,12,24,14,26,12,25,13,23,11,23,14,22,9,23,13,20,15,20,17,15,15,17,14,14,15,14,15,13,17,12,18,11,15,8,15,0,0,0,0,0,0,0,0,0,0]"""
1782031933898,2026-06-21T17:52:13.898,safe,posture,mhw,standing_still,t017,"CSI_DATA,535224,1a:00:00:00:00:00,-44,11,-99,15,29,11,519679693,47,2,256,0,""[0,0,0,0,0,0,0,0,0,0,0,0,7,3,5,3,4,4,5,4,7,5,7,5,8,4,9,7,9,5,10,5,8,9,9,8,10,10,8,10,10,11,10,13,13,11,11,13,9,11,9,9,9,11,14,15,13,17,9,15,11,16,10,17,11,20,13,16,11,17,11,16,11,19,10,14,13,15,14,16,16,16,19,17,16,19,13,19,16,20,17,21,19,17,19,20,17,17,23,20,16,16,21,15,21,17,26,15,26,19,26,20,21,20,26,24,26,23,26,21,23,23,24,22,26,22,0,0,0,0,0,0,27,-26,30,-28,21,-23,27,-26,29,-27,26,-21,27,-23,24,-24,27,-23,21,-20,21,-24,21,-21,20,-23,22,-26,21,-19,21,-22,21,-24,22,-22,21,-21,20,-26,15,-23,21,-24,15,-21,14,-23,16,-23,15,-27,19,-27,16,-21,19,-24,15,-24,20,-26,19,-26,20,-26,17,-24,19,-23,16,-21,16,-23,19,-24,17,-24,20,-23,21,-22,21,-16,22,-19,23,-19,21,-17,22,-15,21,-11,22,-13,17,-10,19,-11,19,-11,17,-13,19,-9,21,-8,19,-3,19,-2,19,-1,0,0,0,0,0,0,0,0,0,0]"""
1782031933907,2026-06-21T17:52:13.907,safe,posture,mhw,standing_still,t017,"CSI_DATA,535225,1a:00:00:00:00:00,-43,11,-99,18,28,11,519690693,47,2,256,0,""[0,0,0,0,0,0,0,0,0,0,0,0,-4,3,-7,3,-4,3,-8,3,-7,2,-8,6,-8,3,-6,2,-11,3,-11,2,-12,4,-12,4,-12,3,-13,2,-17,2,-13,2,-15,3,-17,3,-19,2,-18,-2,-17,-3,-18,1,-18,-1,-20,1,-20,-2,-19,0,-18,0,-22,-2,-17,1,-20,2,-20,1,-26,1,-23,-1,-22,-1,-25,-1,-22,-1,-19,-1,-24,2,-23,1,-20,1,-25,-1,-22,6,-26,6,-26,3,-31,4,-25,0,-29,4,-30,0,-25,1,-30,2,-33,9,-30,7,-33,3,-33,3,-33,9,-35,6,-35,4,0,0,0,0,0,0,1,39,4,34,3,41,1,35,1,29,1,37,3,30,1,37,3,30,-1,37,-2,34,-3,30,0,31,-2,29,1,33,2,30,2,30,2,28,0,33,3,26,6,33,4,29,3,35,1,30,-1,29,3,30,-1,26,6,30,3,30,4,29,2,28,1,31,3,25,6,29,4,30,1,36,-3,30,-1,30,-6,30,-4,28,-2,26,0,31,-2,29,-2,23,-6,26,-1,23,-3,28,-7,23,-11,28,-12,19,-12,22,-14,15,-12,17,-12,14,-12,17,-12,13,-14,13,0,0,0,0,0,0,0,0,0,0]"""
1782031933920,2026-06-21T17:52:13.920,safe,posture,mhw,standing_still,t017,"CSI_DATA,535226,1a:00:00:00:00:00,-43,11,-99,18,28,11,519701693,47,2,256,0,""[0,0,0,0,0,0,0,0,0,0,0,0,-4,3,-3,3,-7,3,-7,3,-6,6,-9,4,-8,4,-8,3,-11,6,-9,6,-11,6,-11,6,-12,7,-11,8,-12,7,-13,7,-15,8,-13,8,-14,8,-19,9,-17,12,-17,7,-15,8,-17,12,-17,9,-18,11,-17,8,-15,12,-19,11,-18,11,-17,13,-18,14,-18,15,-17,13,-17,17,-14,15,-14,15,-15,18,-15,18,-15,18,-13,20,-14,20,-15,23,-11,25,-14,23,-11,28,-12,25,-12,25,-11,25,-11,28,-13,31,-12,26,-11,31,-13,31,-11,34,-11,34,-9,36,0,0,0,0,0,0,35,11,33,8,35,4,34,7,34,6,34,7,34,7,35,7,35,3,34,6,33,4,30,-1,30,3,31,0,33,-2,30,-2,33,-3,28,-4,29,-4,29,-3,31,-8,30,-8,30,-8,30,-8,28,-9,26,-9,28,-9,28,-12,29,-12,28,-13,25,-13,25,-14,29,-14,28,-13,25,-15,29,-14,29,-15,28,-12,28,-14,26,-9,26,-11,28,-13,28,-11,26,-12,24,-12,25,-8,23,-8,23,-9,24,-6,22,-8,22,-6,20,-6,19,-3,19,-3,22,-3,18,-2,19,0,0,0,0,0,0,0,0,0,0,0]"""
1782031933931,2026-06-21T17:52:13.931,safe,posture,mhw,standing_still,t017,"CSI_DATA,535227,1a:00:00:00:00:00,-43,11,-99,18,28,11,519712693,47,2,256,0,""[0,0,0,0,0,0,0,0,0,0,0,0,2,-7,1,-7,0,-6,0,-8,-1,-7,1,-11,2,-11,2,-9,2,-11,2,-9,2,-12,1,-14,2,-14,1,-13,3,-17,3,-13,3,-18,1,-17,3,-20,7,-18,6,-17,4,-17,6,-17,2,-19,2,-19,3,-19,3,-17,4,-23,2,-18,1,-23,2,-19,2,-26,3,-23,2,-23,2,-23,2,-22,0,-19,-4,-25,-3,-22,-2,-22,-3,-25,-7,-20,-7,-28,-7,-24,-8,-33,-4,-29,-7,-26,-3,-29,-8,-25,-11,-26,-14,-30,-13,-26,-12,-30,-11,-30,-18,-30,-18,-34,-14,-31,0,0,0,0,0,0,-34,17,-26,14,-37,20,-33,14,-24,12,-33,17,-24,15,-33,22,-25,15,-34,19,-30,15,-25,14,-25,17,-23,14,-28,22,-23,22,-20,23,-19,20,-24,22,-15,18,-19,24,-18,22,-23,26,-20,24,-18,22,-18,22,-15,18,-13,26,-14,26,-14,25,-14,23,-18,28,-9,23,-13,30,-13,25,-20,34,-18,24,-15,26,-19,24,-17,23,-14,23,-14,26,-14,24,-12,22,-15,22,-11,20,-15,24,-15,18,-19,23,-18,14,-17,15,-17,14,-15,11,-14,12,-17,14,-13,12,-15,11,0,0,0,0,0,0,0,0,0,0]"""
1782031933941,2026-06-21T17:52:13.941,safe,posture,mhw,standing_still,t017,"CSI_DATA,535228,1a:00:00:00:00:00,-43,11,-99,18,28,11,519723693,47,2,256,0,""[0,0,0,0,0,0,0,0,0,0,0,0,-7,1,-7,1,-6,1,-7,1,-7,0,-7,1,-8,2,-12,1,-12,1,-12,3,-13,-1,-13,1,-12,2,-15,1,-15,0,-17,2,-15,3,-18,-1,-15,1,-14,1,-18,-1,-19,2,-19,-1,-19,-1,-22,-1,-19,0,-22,1,-20,0,-22,1,-20,2,-22,1,-19,2,-20,2,-22,3,-22,4,-23,6,-23,6,-23,6,-24,3,-25,8,-24,7,-23,11,-25,8,-24,9,-24,11,-24,12,-24,14,-25,15,-26,17,-28,15,-26,13,-29,17,-30,15,-29,17,-30,19,-29,18,-30,20,0,0,0,0,0,0,19,31,20,31,17,26,19,30,20,31,17,29,20,29,20,29,19,29,18,26,20,23,18,23,25,24,22,25,18,24,20,23,22,23,22,22,22,23,24,19,23,18,23,20,23,15,23,15,23,18,28,15,26,18,23,17,25,19,25,14,24,18,26,18,28,17,26,14,26,15,26,15,25,13,25,14,26,17,28,15,24,17,23,17,23,17,22,18,20,17,20,17,19,18,18,18,14,17,15,15,15,15,15,17,14,17,11,15,9,19,9,17,7,18,0,0,0,0,0,0,0,0,0,0]"""
1782031933953,2026-06-21T17:52:13.953,safe,posture,mhw,standing_still,t017,"CSI_DATA,535229,1a:00:00:00:00:00,-44,11,-99,14,29,11,519734693,47,2,256,0,""[0,0,0,0,0,0,0,0,0,0,0,0,6,-3,6,-6,6,-3,6,-4,4,-6,8,-4,9,-6,7,-4,9,-6,8,-4,11,-8,12,-7,11,-7,9,-8,12,-7,12,-6,17,-8,12,-9,17,-8,19,-6,20,-6,15,-6,17,-7,19,-9,18,-9,17,-8,17,-9,20,-9,17,-8,18,-11,19,-8,23,-13,22,-9,20,-9,20,-11,19,-11,18,-12,18,-17,17,-14,17,-14,18,-14,17,-17,19,-19,19,-19,23,-22,22,-17,19,-20,23,-19,20,-17,22,-23,22,-28,17,-24,23,-24,25,-24,22,-29,23,-28,25,-26,0,0,0,0,0,0,-26,-23,-23,-22,-30,-26,-25,-23,-20,-22,-26,-25,-24,-19,-29,-25,-25,-18,-29,-25,-26,-24,-22,-20,-24,-19,-22,-19,-29,-18,-26,-15,-28,-14,-25,-14,-24,-15,-24,-12,-30,-12,-26,-13,-30,-13,-28,-17,-24,-13,-23,-15,-25,-13,-30,-9,-30,-11,-29,-9,-25,-11,-26,-12,-26,-9,-29,-9,-28,-9,-33,-15,-28,-18,-26,-12,-26,-15,-23,-13,-25,-12,-30,-12,-25,-13,-20,-11,-20,-14,-23,-13,-24,-14,-20,-15,-22,-19,-17,-17,-15,-15,-14,-18,-11,-13,-13,-17,-13,-17,-12,-15,-9,-15,0,0,0,0,0,0,0,0,0,0]"""
1782031933965,2026-06-21T17:52:13.965,safe,posture,mhw,standing_still,t017,"CSI_DATA,535230,1a:00:00:00:00:00,-43,11,-99,15,29,11,519745693,47,2,256,0,""[0,0,0,0,0,0,0,0,0,0,0,0,-4,-4,-3,-3,-5,-5,-4,-5,-4,-7,-5,-7,-4,-5,-7,-7,-7,-8,-8,-9,-7,-10,-8,-9,-9,-9,-8,-11,-7,-10,-8,-14,-9,-14,-9,-15,-7,-15,-9,-16,-11,-14,-8,-15,-10,-17,-9,-17,-8,-19,-9,-17,-9,-17,-9,-16,-8,-20,-9,-19,-11,-19,-10,-21,-11,-20,-10,-20,-14,-20,-11,-19,-13,-20,-13,-20,-13,-21,-15,-21,-15,-19,-15,-21,-15,-21,-19,-21,-17,-20,-21,-20,-20,-23,-22,-20,-17,-22,-21,-21,-22,-24,-21,-23,-20,-22,-24,-26,-23,-24,-22,-23,-26,-24,0,0,0,0,0,0,-28,22,-27,23,-26,24,-27,24,-26,24,-22,23,-27,24,-26,22,-24,24,-26,22,-24,23,-23,23,-23,21,-24,22,-21,22,-20,22,-21,24,-19,24,-19,23,-21,24,-17,23,-16,24,-17,23,-19,24,-17,26,-16,22,-17,26,-16,26,-15,26,-17,26,-16,26,-14,27,-20,27,-16,24,-15,26,-20,24,-19,26,-19,23,-17,24,-20,21,-19,22,-21,23,-22,20,-20,21,-19,19,-22,17,-21,15,-21,16,-20,13,-20,13,-19,9,-17,10,-19,5,-20,7,-20,5,-17,4,-19,2,0,0,0,0,0,0,0,0,0,0]"""
1782031933975,2026-06-21T17:52:13.975,safe,posture,mhw,standing_still,t017,"CSI_DATA,535231,1a:00:00:00:00:00,-43,11,-99,19,28,11,519756693,47,2,256,0,""[0,0,0,0,0,0,0,0,0,0,0,0,4,-4,5,-3,4,-3,7,-4,5,-3,8,-4,10,-5,9,-2,11,-5,10,-3,11,-4,13,-4,14,-4,14,-4,16,-3,11,-3,17,-4,15,-4,19,-5,21,-3,16,-2,17,-2,16,0,19,-3,21,-3,20,-3,20,-2,23,-1,17,-3,23,-4,20,-2,27,-4,22,-2,21,-1,24,-2,22,-3,20,-4,23,-7,23,-4,20,-7,24,-5,20,-11,26,-10,27,-7,34,-10,27,-4,27,-10,29,-5,24,-9,29,-9,32,-14,28,-15,33,-9,30,-11,32,-15,34,-13,33,-9,0,0,0,0,0,0,-10,-38,-7,-29,-11,-40,-8,-33,-7,-27,-9,-38,-7,-27,-10,-38,-7,-28,-9,-36,-8,-35,-4,-28,-10,-30,-4,-29,-8,-30,-10,-29,-8,-30,-9,-27,-8,-33,-10,-22,-15,-29,-10,-27,-13,-32,-10,-30,-8,-27,-10,-28,-8,-23,-13,-28,-13,-28,-11,-26,-10,-24,-11,-33,-13,-21,-15,-28,-9,-27,-14,-35,-7,-29,-7,-28,-4,-30,-7,-28,-4,-26,-8,-30,-7,-28,-3,-24,-1,-27,-5,-23,-3,-27,0,-26,2,-30,4,-23,2,-23,7,-21,4,-20,4,-17,8,-20,7,-19,9,-17,0,0,0,0,0,0,0,0,0,0]"""
1782031933986,2026-06-21T17:52:13.986,safe,posture,mhw,standing_still,t017,"CSI_DATA,535232,1a:00:00:00:00:00,-43,11,-99,18,28,11,519767974,47,2,256,0,""[0,0,0,0,0,0,0,0,0,0,0,0,3,4,4,2,9,4,7,4,8,4,7,6,7,4,11,4,9,4,11,6,9,6,11,7,12,7,12,7,11,6,15,11,13,8,15,11,12,9,14,9,15,8,15,11,18,9,15,8,15,11,17,9,18,11,18,8,20,13,18,9,20,9,18,8,24,7,22,7,22,4,22,8,25,6,23,4,24,4,26,2,23,1,28,3,25,2,28,-1,22,1,28,-3,29,-1,26,-7,30,-4,31,-4,29,-4,31,-2,31,-6,35,-7,33,-4,31,-9,35,-9,0,0,0,0,0,0,-11,-33,-15,-39,-12,-30,-12,-33,-15,-36,-11,-28,-13,-35,-12,-26,-17,-33,-14,-25,-14,-28,-19,-28,-17,-24,-22,-28,-17,-24,-18,-23,-23,-24,-22,-23,-20,-18,-23,-25,-22,-18,-25,-22,-19,-14,-24,-17,-26,-17,-23,-15,-28,-17,-26,-15,-26,-15,-28,-13,-29,-13,-24,-9,-30,-18,-26,-14,-29,-13,-23,-12,-31,-11,-28,-13,-29,-8,-26,-12,-28,-12,-25,-14,-25,-15,-26,-14,-23,-11,-24,-15,-20,-13,-24,-12,-17,-11,-20,-14,-17,-11,-20,-11,-15,-14,-18,-11,-14,-13,-12,-13,-12,-13,0,0,0,0,0,0,0,0,0,0]"""
1782031933995,2026-06-21T17:52:13.995,safe,posture,mhw,standing_still,t017,"CSI_DATA,535233,1a:00:00:00:00:00,-43,11,-99,17,28,11,519778693,47,2,256,0,""[0,0,0,0,0,0,0,0,0,0,0,0,-7,1,-7,1,-7,2,-8,2,-10,1,-8,0,-10,2,-10,3,-8,1,-12,3,-12,2,-11,2,-13,2,-13,1,-13,0,-17,1,-15,3,-18,1,-17,2,-16,1,-20,0,-17,2,-20,2,-20,3,-20,2,-18,3,-22,1,-17,5,-23,3,-18,5,-22,6,-18,5,-21,6,-18,6,-20,10,-21,8,-22,10,-22,10,-23,10,-21,12,-20,13,-27,13,-21,13,-22,17,-17,12,-22,20,-22,17,-18,22,-23,22,-25,21,-22,20,-23,20,-21,22,-27,26,-23,23,-23,25,-22,28,0,0,0,0,0,0,26,21,32,26,25,18,28,21,33,22,25,20,30,23,25,16,30,20,25,16,27,16,30,13,27,13,31,12,28,13,27,11,30,10,28,12,26,7,32,11,27,5,31,7,26,5,28,2,31,3,27,2,33,1,31,2,31,2,32,1,30,1,27,-2,35,2,28,1,31,0,26,2,32,-2,31,-1,28,-1,30,1,31,1,28,3,30,3,28,2,26,1,30,5,23,5,26,2,20,2,23,2,21,5,22,5,20,6,21,7,17,7,16,8,15,8,0,0,0,0,0,0,0,0,0,0]"""
1782031934008,2026-06-21T17:52:14.008,safe,posture,mhw,standing_still,t017,"CSI_DATA,535234,1a:00:00:00:00:00,-43,11,-99,17,28,11,519789693,47,2,256,0,""[0,0,0,0,0,0,0,0,0,0,0,0,2,-7,2,-7,2,-8,3,-6,2,-8,3,-7,3,-7,5,-8,3,-10,5,-11,5,-10,7,-10,5,-12,10,-11,8,-11,13,-13,11,-11,12,-12,10,-8,11,-13,13,-13,12,-11,17,-15,13,-11,16,-11,15,-11,17,-11,16,-10,21,-10,17,-11,18,-12,16,-10,16,-12,18,-12,17,-13,20,-12,22,-12,21,-10,23,-13,22,-16,17,-13,25,-15,23,-11,22,-15,18,-11,23,-17,23,-12,21,-20,26,-17,26,-16,25,-13,27,-15,30,-13,31,-16,31,-16,28,-13,31,-17,0,0,0,0,0,0,-11,-31,-15,-40,-12,-28,-11,-33,-15,-39,-7,-28,-10,-39,-8,-30,-7,-35,-5,-28,-7,-28,-11,-32,-8,-31,-11,-33,-5,-30,-7,-27,-8,-31,-8,-30,-5,-25,-8,-33,-7,-27,-7,-31,-6,-23,-6,-26,-6,-30,-7,-27,-10,-31,-7,-27,-7,-28,-8,-28,-6,-32,-7,-27,-5,-35,-3,-28,-2,-31,0,-25,-3,-30,0,-31,-3,-31,1,-30,2,-31,5,-28,6,-30,7,-30,6,-26,10,-27,11,-20,10,-25,8,-17,10,-22,11,-20,10,-18,13,-17,15,-16,15,-13,13,-12,16,-10,0,0,0,0,0,0,0,0,0,0]"""
1782031934018,2026-06-21T17:52:14.018,safe,posture,mhw,standing_still,t017,"CSI_DATA,535235,1a:00:00:00:00:00,-43,11,-99,18,28,11,519800693,47,2,256,0,""[0,0,0,0,0,0,0,0,0,0,0,0,-1,6,-1,7,-1,6,-2,8,-1,7,-2,8,-3,9,-3,8,-1,11,-3,11,-3,11,-2,12,-4,14,-3,14,-4,15,-3,14,-4,17,-6,14,-7,15,-6,17,-6,13,-7,19,-7,18,-7,17,-8,17,-7,20,-8,19,-8,22,-6,19,-4,22,-7,19,-7,24,-7,20,-7,22,-7,22,-4,24,-4,20,-2,24,-2,23,-2,24,-4,24,1,23,1,28,-1,28,-2,30,-1,24,1,29,-1,29,2,29,2,30,3,33,4,30,3,34,2,33,6,35,4,37,3,35,0,0,0,0,0,0,37,-2,34,-1,37,-4,36,-2,33,-2,36,-2,31,-4,36,-4,31,-6,34,-4,34,-6,30,-2,34,-9,30,-6,30,-6,30,-9,30,-11,28,-8,31,-8,25,-11,28,-14,26,-11,28,-13,28,-12,26,-9,26,-13,25,-12,24,-14,26,-15,25,-14,25,-14,30,-14,22,-15,24,-19,26,-14,29,-18,28,-13,26,-14,28,-11,28,-14,24,-11,24,-13,26,-13,24,-12,28,-9,24,-13,25,-11,25,-7,26,-7,22,-3,23,-3,20,-2,20,-4,19,-1,19,-1,19,-2,19,2,0,0,0,0,0,0,0,0,0,0]"""
1782031934030,2026-06-21T17:52:14.030,safe,posture,mhw,standing_still,t017,"CSI_DATA,535236,1a:00:00:00:00:00,-43,11,-99,18,28,11,519811693,47,2,256,0,""[0,0,0,0,0,0,0,0,0,0,0,0,0,4,-1,7,-2,8,0,8,-2,9,-3,8,-2,9,-2,12,-3,11,-1,12,-2,13,-1,13,-2,14,-3,13,-3,13,-3,18,-1,15,-3,17,-2,15,0,18,0,18,-1,18,0,19,-1,18,-1,19,0,20,0,22,1,19,1,23,1,19,3,23,3,19,6,23,3,22,8,20,8,20,8,23,9,23,11,22,14,22,15,19,15,23,13,22,19,20,15,18,22,20,20,20,23,15,24,19,24,18,23,19,24,19,28,19,29,18,29,19,29,17,30,15,0,0,0,0,0,0,13,-31,13,-37,8,-30,9,-35,9,-36,6,-31,9,-35,7,-33,6,-35,6,-31,4,-33,-2,-33,2,-33,-3,-34,-2,-33,-4,-30,-4,-31,-6,-31,-6,-28,-7,-33,-9,-26,-11,-29,-11,-24,-13,-26,-15,-25,-12,-24,-17,-28,-15,-25,-18,-26,-19,-26,-20,-24,-22,-19,-20,-26,-19,-22,-22,-20,-19,-19,-24,-22,-20,-20,-23,-18,-20,-22,-20,-17,-20,-22,-18,-22,-20,-19,-19,-18,-18,-19,-18,-18,-19,-15,-14,-15,-18,-17,-15,-17,-17,-15,-14,-15,-14,-15,-12,-13,-9,-13,-9,-13,0,0,0,0,0,0,0,0,0,0]"""
1782031934042,2026-06-21T17:52:14.042,safe,posture,mhw,standing_still,t017,"CSI_DATA,535237,1a:00:00:00:00:00,-43,11,-99,18,28,11,519822693,47,2,256,0,""[0,0,0,0,0,0,0,0,0,0,0,0,1,6,0,7,0,7,-1,8,1,8,-1,11,-2,9,-2,8,-3,12,-3,8,-3,13,-3,13,-4,12,-3,13,-3,15,-4,13,-6,17,-4,14,-7,15,-7,18,-7,14,-8,18,-9,14,-8,17,-9,19,-8,18,-8,18,-11,20,-7,15,-8,20,-8,19,-9,25,-12,20,-9,20,-11,22,-9,19,-7,18,-6,24,-7,22,-6,20,-9,24,-1,23,-3,28,-6,29,-7,31,-8,24,-4,29,-9,28,-7,26,-7,29,-4,35,-3,31,-7,34,-7,33,-3,35,-7,37,-6,34,0,0,0,0,0,0,36,8,31,6,40,8,34,8,30,8,37,9,29,6,37,8,30,3,35,12,33,9,28,8,31,6,26,8,34,6,33,6,31,4,29,3,30,4,26,1,31,0,29,1,33,1,31,3,28,2,30,2,26,3,31,-1,31,1,29,-1,29,2,31,3,25,-2,31,-2,29,1,36,3,29,6,30,3,31,6,25,6,25,4,30,2,28,6,24,4,25,8,23,4,26,7,24,8,25,15,19,11,19,13,15,14,17,11,14,13,18,12,13,12,12,14,0,0,0,0,0,0,0,0,0,0]"""
1782031934052,2026-06-21T17:52:14.052,safe,posture,mhw,standing_still,t017,"CSI_DATA,535238,1a:00:00:00:00:00,-43,11,-99,17,28,11,519833693,47,2,256,0,""[0,0,0,0,0,0,0,0,0,0,0,0,6,2,8,2,7,1,8,2,6,2,8,2,11,3,7,3,11,2,10,3,12,3,13,5,13,3,15,5,15,6,12,3,17,3,16,3,16,5,16,6,17,7,18,3,16,5,20,3,18,5,20,3,20,5,23,6,18,2,22,2,20,3,25,2,21,1,21,1,23,0,23,-3,22,-1,23,-5,23,-3,25,-5,27,-6,22,-8,26,-11,25,-10,26,-13,23,-8,25,-13,25,-13,25,-15,23,-16,26,-18,25,-20,28,-18,26,-17,26,-23,25,-25,26,-23,0,0,0,0,0,0,-25,-31,-26,-26,-28,-27,-25,-26,-23,-20,-25,-27,-22,-18,-28,-23,-25,-20,-27,-22,-27,-17,-25,-17,-30,-15,-26,-16,-27,-15,-28,-13,-30,-12,-27,-12,-31,-12,-26,-6,-31,-6,-28,-8,-31,-5,-27,-3,-28,-3,-31,-2,-26,-3,-28,-1,-31,-1,-28,1,-28,-1,-35,-1,-27,2,-30,3,-28,0,-35,3,-28,1,-30,3,-31,2,-30,2,-27,2,-27,3,-28,2,-27,3,-28,1,-25,3,-27,2,-26,0,-26,1,-22,-1,-23,-1,-20,-2,-22,0,-18,-3,-18,-2,-18,-2,-18,-3,0,0,0,0,0,0,0,0,0,0]"""
1782031934062,2026-06-21T17:52:14.062,safe,posture,mhw,standing_still,t017,"CSI_DATA,535239,1a:00:00:00:00:00,-44,11,-99,14,29,11,519844693,47,2,256,0,""[0,0,0,0,0,0,0,0,0,0,0,0,-3,4,-6,3,-6,4,-6,4,-6,4,-8,4,-6,6,-8,6,-9,6,-8,6,-9,7,-13,7,-11,7,-12,7,-14,4,-13,8,-14,7,-17,6,-15,4,-14,6,-14,3,-18,7,-18,4,-18,4,-19,4,-18,7,-20,3,-22,6,-18,4,-20,6,-22,3,-22,7,-22,6,-22,7,-22,4,-22,7,-22,8,-23,6,-22,6,-22,8,-24,6,-20,11,-24,9,-26,8,-29,11,-24,9,-26,13,-28,11,-28,14,-30,12,-29,13,-30,13,-33,12,-33,11,-31,13,-35,12,-34,12,0,0,0,0,0,0,9,34,7,34,8,37,6,35,6,34,3,37,7,31,6,34,3,33,6,34,7,33,4,30,9,34,6,30,3,30,7,31,7,30,4,29,6,33,7,26,9,29,6,30,7,28,8,29,6,28,9,30,8,30,6,28,8,31,9,28,4,30,4,34,7,28,7,30,3,31,4,33,4,29,6,30,2,30,2,30,1,29,0,30,-1,29,-2,28,-6,29,-2,26,-4,24,-7,25,-7,25,-8,19,-7,20,-9,19,-8,19,-12,18,-11,15,-12,14,-14,13,0,0,0,0,0,0,0,0,0,0]"""
1782031934074,2026-06-21T17:52:14.074,safe,posture,mhw,standing_still,t017,"CSI_DATA,535240,1a:00:00:00:00:00,-43,11,-99,18,28,11,519855693,47,2,256,0,""[0,0,0,0,0,0,0,0,0,0,0,0,7,3,7,2,6,1,7,3,7,1,9,2,9,4,9,4,11,4,9,4,12,4,13,4,13,2,13,3,15,6,12,3,17,6,14,3,20,7,18,9,15,11,17,6,17,7,20,6,19,6,19,3,18,6,22,8,17,4,23,3,20,4,28,6,22,7,22,4,22,3,23,4,20,1,24,-1,23,0,22,-2,26,1,22,-6,26,-4,24,-3,34,-7,28,-1,29,-4,30,-3,24,-4,29,-8,31,-14,29,-11,31,-9,30,-8,30,-18,35,-14,33,-13,0,0,0,0,0,0,-12,-33,-11,-29,-17,-37,-13,-33,-11,-28,-15,-34,-15,-24,-19,-35,-17,-25,-17,-34,-15,-31,-11,-26,-17,-25,-14,-25,-22,-26,-20,-23,-20,-22,-18,-19,-20,-25,-19,-17,-25,-20,-22,-19,-26,-24,-22,-23,-20,-20,-23,-19,-20,-17,-25,-14,-26,-15,-24,-13,-24,-13,-28,-20,-24,-11,-29,-13,-24,-15,-33,-20,-24,-20,-25,-17,-24,-19,-22,-17,-23,-14,-29,-15,-24,-14,-22,-12,-20,-18,-22,-12,-23,-13,-17,-15,-22,-20,-15,-17,-17,-17,-12,-18,-12,-15,-11,-17,-13,-18,-12,-14,-11,-18,0,0,0,0,0,0,0,0,0,0]"""
1782031934085,2026-06-21T17:52:14.085,safe,posture,mhw,standing_still,t017,"CSI_DATA,535241,1a:00:00:00:00:00,-43,11,-99,18,28,11,519866693,47,2,256,0,""[0,0,0,0,0,0,0,0,0,0,0,0,3,-4,4,-4,3,-7,4,-7,6,-6,4,-6,6,-6,7,-9,7,-7,8,-11,7,-8,8,-11,9,-8,9,-9,11,-7,13,-13,9,-11,13,-13,12,-9,14,-8,14,-14,13,-12,14,-18,13,-13,14,-13,12,-15,15,-13,13,-14,18,-15,14,-14,15,-15,12,-14,14,-17,13,-17,12,-17,12,-20,14,-22,13,-18,14,-22,12,-23,11,-22,14,-24,13,-22,9,-24,8,-17,8,-28,9,-26,4,-29,9,-30,9,-30,8,-28,12,-31,9,-33,9,-34,11,-30,8,-31,8,-34,0,0,0,0,0,0,-33,-8,-40,-11,-28,-6,-33,-6,-41,-7,-28,-7,-36,-8,-29,-6,-35,-7,-29,-3,-30,-3,-31,-2,-34,-3,-36,1,-31,-2,-30,1,-31,2,-31,1,-28,2,-34,1,-26,3,-33,2,-25,3,-29,6,-30,7,-29,7,-34,8,-29,7,-31,8,-30,11,-31,11,-26,9,-34,7,-28,7,-29,8,-23,6,-29,12,-28,8,-28,12,-29,7,-30,7,-28,4,-28,3,-29,4,-26,4,-29,2,-23,0,-26,3,-20,0,-24,2,-24,0,-22,3,-20,-1,-20,-1,-18,-2,-15,-2,-15,-4,0,0,0,0,0,0,0,0,0,0]"""
1782031934095,2026-06-21T17:52:14.095,safe,posture,mhw,standing_still,t017,"CSI_DATA,535242,1a:00:00:00:00:00,-43,11,-99,18,28,11,519877693,47,2,256,0,""[0,0,0,0,0,0,0,0,0,0,0,0,3,6,3,7,2,7,3,8,3,8,2,8,6,8,4,9,3,9,3,11,6,12,4,13,4,14,4,13,4,14,4,14,4,14,4,15,6,18,2,17,3,17,4,17,4,18,4,19,6,19,6,19,6,19,6,19,4,19,6,20,6,20,6,24,8,23,7,20,6,22,7,20,8,22,12,23,11,22,12,19,12,20,12,22,14,22,17,22,17,26,15,25,15,25,17,24,17,20,19,26,22,25,19,23,19,25,22,28,23,26,22,28,25,28,0,0,0,0,0,0,28,-22,26,-23,29,-25,26,-23,25,-19,26,-24,24,-24,26,-23,23,-20,28,-23,24,-23,23,-20,23,-22,23,-23,23,-25,19,-24,20,-26,17,-24,18,-24,18,-22,17,-26,15,-25,17,-26,17,-24,15,-25,15,-22,14,-24,12,-29,13,-26,13,-28,13,-25,13,-26,13,-25,13,-26,12,-28,17,-30,17,-28,15,-26,17,-25,17,-22,15,-25,14,-26,17,-24,14,-22,15,-19,15,-20,17,-20,15,-22,18,-18,18,-17,19,-17,17,-12,17,-12,18,-12,15,-12,14,-8,15,-7,0,0,0,0,0,0,0,0,0,0]"""
1782031934106,2026-06-21T17:52:14.106,safe,posture,mhw,standing_still,t017,"CSI_DATA,535243,1a:00:00:00:00:00,-43,11,-99,17,28,11,519888693,47,2,256,0,""[0,0,0,0,0,0,0,0,0,0,0,0,3,-5,3,-6,3,-5,5,-8,2,-7,3,-7,3,-8,5,-7,3,-8,5,-8,5,-11,5,-12,5,-12,5,-13,6,-15,5,-15,5,-16,7,-16,6,-16,5,-15,6,-13,5,-20,6,-16,5,-18,5,-21,3,-20,5,-21,5,-23,2,-20,0,-21,2,-20,0,-22,0,-21,-1,-22,-1,-22,-5,-25,-3,-21,-6,-23,-5,-22,-6,-23,-7,-25,-12,-21,-12,-23,-12,-26,-15,-26,-13,-21,-16,-22,-17,-23,-21,-22,-20,-23,-22,-20,-23,-21,-25,-25,-23,-22,-28,-20,-28,-22,-26,-22,0,0,0,0,0,0,-22,32,-20,30,-17,32,-18,31,-15,30,-18,31,-13,28,-15,31,-13,27,-13,32,-10,31,-10,27,-6,33,-6,28,-6,30,-5,32,0,30,0,30,-3,32,2,28,5,32,2,30,5,30,6,27,5,27,10,31,8,26,10,27,11,27,12,26,10,27,12,31,16,25,18,25,15,26,18,28,12,26,18,26,16,26,17,26,13,25,15,25,16,25,16,23,15,25,16,20,16,22,13,22,12,22,11,20,11,20,10,21,11,20,7,17,8,18,8,18,6,18,0,0,0,0,0,0,0,0,0,0]"""
1782031934118,2026-06-21T17:52:14.118,safe,posture,mhw,standing_still,t017,"CSI_DATA,535244,1a:00:00:00:00:00,-43,11,-99,16,28,11,519899693,47,2,256,0,""[0,0,0,0,0,0,0,0,0,0,0,0,-19,10,2,25,9,6,10,24,-12,25,-14,14,11,5,12,12,-5,3,-9,19,-10,1,-12,16,-15,15,-1,18,-11,7,-10,16,-12,18,-16,15,-14,12,-5,15,-11,16,-7,12,-16,15,-14,15,-12,14,-14,14,-14,15,-11,15,-18,16,-15,14,-15,15,-15,14,-15,18,-14,14,-14,16,-14,18,-16,18,-15,18,-16,18,-18,20,-12,22,-18,20,-16,19,-11,23,-14,20,-14,28,-16,24,-10,25,-15,27,-16,27,-16,23,-19,25,-18,27,-20,28,-19,28,-16,27,-18,31,0,0,0,0,0,0,28,18,31,19,29,16,28,19,31,20,27,18,29,20,28,19,28,19,24,19,28,16,29,18,25,16,27,16,28,16,23,16,28,14,27,15,24,11,28,16,27,11,28,11,25,10,27,11,29,11,25,12,29,10,29,9,27,11,28,10,28,11,25,9,29,15,28,12,27,11,25,14,28,12,27,15,27,14,24,15,24,15,24,16,24,18,23,16,22,15,22,19,18,19,20,15,14,16,19,18,14,18,15,18,11,18,10,16,9,18,6,16,6,18,0,0,0,0,0,0,0,0,0,0]"""
1782031934129,2026-06-21T17:52:14.129,safe,posture,mhw,standing_still,t017,"CSI_DATA,535245,1a:00:00:00:00:00,-43,11,-99,17,28,11,519910693,47,2,256,0,""[0,0,0,0,0,0,0,0,0,0,0,0,7,0,7,1,7,0,8,-1,10,0,7,1,7,0,12,-2,12,0,11,0,12,0,13,0,15,0,15,0,15,0,18,0,16,-1,17,-1,15,0,16,1,20,-1,20,-2,20,-1,18,0,20,0,20,-2,21,-1,20,-3,22,-2,21,-2,21,-5,18,-5,20,-7,18,-7,22,-11,22,-11,22,-11,21,-8,21,-11,22,-12,22,-12,22,-16,21,-15,21,-18,18,-13,18,-20,18,-21,16,-23,21,-25,21,-25,18,-22,22,-25,22,-27,21,-26,21,-26,17,-26,15,-28,0,0,0,0,0,0,-32,-18,-36,-20,-26,-13,-31,-15,-33,-17,-28,-15,-35,-16,-30,-12,-31,-13,-27,-10,-27,-7,-32,-8,-33,-7,-33,-6,-28,-8,-30,-6,-31,-3,-32,-5,-30,-2,-33,-1,-28,1,-32,0,-26,2,-26,6,-31,6,-31,7,-32,7,-28,5,-31,6,-28,8,-32,8,-28,10,-32,8,-28,10,-28,11,-23,7,-25,11,-27,11,-27,13,-30,12,-30,8,-27,7,-28,7,-30,8,-26,8,-26,7,-26,5,-26,8,-20,5,-21,6,-21,5,-21,7,-22,5,-22,2,-17,1,-18,0,-20,-1,0,0,0,0,0,0,0,0,0,0]"""
1782031934139,2026-06-21T17:52:14.139,safe,posture,mhw,standing_still,t017,"CSI_DATA,535246,1a:00:00:00:00:00,-43,11,-99,18,28,11,519921693,47,2,256,0,""[0,0,0,0,0,0,0,0,0,0,0,0,6,0,7,1,7,-1,8,2,8,2,9,3,9,3,8,4,11,2,8,3,12,4,11,4,13,6,13,6,13,8,11,6,15,8,14,8,15,8,15,12,14,11,15,11,12,11,17,11,14,13,15,11,15,13,17,17,14,9,17,11,14,13,20,17,15,14,15,14,15,14,17,14,17,14,19,13,20,13,19,12,20,18,19,9,22,14,22,17,25,18,20,18,25,17,23,19,24,14,24,17,29,17,28,14,31,22,24,19,29,19,29,24,28,23,0,0,0,0,0,0,25,-26,24,-23,26,-28,25,-23,19,-20,29,-24,22,-22,28,-25,23,-20,26,-24,26,-23,23,-17,23,-22,22,-18,23,-20,22,-24,20,-23,20,-20,28,-22,17,-18,20,-24,22,-20,22,-25,20,-22,20,-18,20,-22,17,-17,19,-23,20,-23,18,-23,22,-20,25,-22,17,-19,22,-22,23,-18,28,-26,24,-18,23,-19,26,-17,25,-14,24,-13,24,-14,24,-14,23,-13,28,-11,19,-12,25,-12,24,-7,26,-6,22,-3,24,-3,20,-1,19,-1,20,2,20,0,18,2,18,3,0,0,0,0,0,0,0,0,0,0]"""
1782031934152,2026-06-21T17:52:14.152,safe,posture,mhw,standing_still,t017,"CSI_DATA,535247,1a:00:00:00:00:00,-43,11,-99,17,28,11,519932693,47,2,256,0,""[0,0,0,0,0,0,0,0,0,0,0,0,-6,0,-7,0,-7,-1,-8,-1,-6,-2,-10,-2,-10,-3,-8,-5,-10,-3,-8,-3,-11,-5,-12,-5,-12,-5,-12,-6,-15,-8,-11,-6,-15,-8,-12,-7,-17,-12,-15,-10,-8,-10,-17,-12,-11,-12,-15,-13,-13,-15,-13,-13,-13,-15,-15,-17,-11,-11,-16,-15,-13,-16,-17,-18,-13,-17,-15,-15,-15,-17,-15,-16,-15,-16,-18,-15,-17,-16,-16,-15,-15,-18,-20,-12,-22,-17,-18,-20,-25,-23,-17,-20,-21,-20,-17,-22,-20,-18,-22,-21,-26,-21,-25,-20,-26,-27,-22,-21,-25,-22,-26,-26,-21,-27,0,0,0,0,0,0,-32,21,-28,17,-33,22,-31,17,-21,13,-36,18,-23,17,-33,21,-26,15,-31,20,-30,15,-27,11,-27,18,-26,12,-28,13,-27,17,-26,16,-23,15,-31,16,-20,15,-26,17,-26,12,-28,18,-27,16,-23,12,-25,15,-23,13,-25,16,-27,16,-23,16,-23,13,-32,13,-21,13,-27,16,-26,11,-33,16,-30,8,-28,10,-30,7,-27,7,-25,6,-30,6,-27,5,-25,3,-28,1,-22,3,-27,0,-26,-2,-28,-2,-22,-6,-22,-6,-18,-7,-18,-7,-16,-8,-18,-8,-17,-8,-13,-11,0,0,0,0,0,0,0,0,0,0]"""
1782031934161,2026-06-21T17:52:14.161,safe,posture,mhw,standing_still,t017,"CSI_DATA,535248,1a:00:00:00:00:00,-43,11,-99,18,28,11,519943693,47,2,256,0,""[0,0,0,0,0,0,0,0,0,0,0,0,3,6,2,7,6,8,1,7,1,8,1,8,1,9,2,11,2,11,1,12,-1,12,-1,14,-1,14,-2,15,-3,14,-2,18,-1,15,-4,15,-4,12,-1,17,-4,17,-4,19,-6,19,-8,15,-9,18,-9,17,-9,18,-11,18,-11,19,-9,19,-11,19,-9,18,-9,20,-9,20,-9,20,-8,19,-11,19,-13,19,-13,20,-13,23,-12,19,-13,24,-12,22,-13,25,-12,20,-11,23,-13,26,-12,25,-12,28,-14,29,-18,25,-18,25,-19,26,-19,28,-22,29,-20,28,-22,28,0,0,0,0,0,0,26,26,26,29,24,22,25,25,24,26,20,25,24,28,20,23,22,28,19,24,19,24,20,24,23,25,20,25,15,25,18,25,20,24,18,26,17,25,19,25,19,22,18,25,17,20,18,22,17,23,19,23,17,25,15,24,15,28,17,25,14,26,17,26,17,28,14,24,12,29,13,25,13,26,12,26,13,28,11,29,8,29,3,28,3,29,2,28,2,26,1,28,-2,25,0,25,-2,22,-2,23,-3,24,-4,20,-6,22,-7,20,-11,17,-11,15,-11,14,0,0,0,0,0,0,0,0,0,0]"""
1782031934172,2026-06-21T17:52:14.172,safe,posture,mhw,standing_still,t017,"CSI_DATA,535249,1a:00:00:00:00:00,-43,11,-99,18,28,11,519954693,47,2,256,0,""[0,0,0,0,0,0,0,0,0,0,0,0,3,-7,3,-7,3,-7,3,-6,4,-7,4,-7,4,-7,4,-8,6,-9,7,-11,8,-9,8,-8,8,-11,11,-9,11,-8,14,-11,13,-8,15,-11,13,-9,14,-7,18,-9,15,-9,19,-9,18,-7,18,-7,18,-8,22,-4,19,-6,23,-7,19,-6,19,-7,18,-4,19,-7,20,-7,20,-7,23,-9,25,-6,22,-4,25,-4,26,-6,23,-6,26,-4,25,-3,25,-7,20,-6,26,-7,29,-7,26,-9,31,-7,31,-7,29,-4,31,-2,33,-2,35,-3,35,-2,33,-3,35,-2,0,0,0,0,0,0,1,-35,3,-39,2,-31,3,-35,4,-41,7,-30,8,-37,7,-29,9,-34,3,-28,6,-29,6,-31,7,-33,7,-34,11,-29,7,-29,7,-31,11,-30,8,-28,9,-31,7,-26,11,-30,7,-24,7,-26,9,-28,11,-30,11,-31,11,-26,12,-29,9,-28,14,-30,12,-26,17,-30,14,-24,15,-28,13,-22,15,-25,15,-25,15,-24,20,-24,19,-22,23,-18,23,-18,24,-19,22,-14,24,-15,22,-12,22,-12,18,-7,22,-9,20,-7,22,-7,22,-4,24,-3,18,1,19,2,18,4,0,0,0,0,0,0,0,0,0,0]"""
1782031934184,2026-06-21T17:52:14.184,safe,posture,mhw,standing_still,t017,"CSI_DATA,535250,1a:00:00:00:00:00,-43,11,-99,18,28,11,519965693,47,2,256,0,""[0,0,0,0,0,0,0,0,0,0,0,0,-7,0,-7,0,-6,0,-9,0,-7,2,-9,1,-11,0,-8,0,-12,2,-9,0,-14,2,-13,2,-14,2,-14,3,-15,2,-11,1,-15,3,-13,4,-17,4,-18,3,-19,3,-17,4,-18,3,-19,7,-19,7,-19,4,-17,6,-20,7,-17,8,-19,11,-19,7,-23,13,-18,11,-19,12,-19,11,-18,13,-14,13,-15,19,-15,17,-14,15,-18,17,-11,20,-13,24,-14,23,-17,29,-14,22,-11,26,-14,25,-9,25,-11,26,-7,33,-4,30,-9,34,-8,31,-4,33,-3,37,-8,34,0,0,0,0,0,0,39,6,31,1,41,1,35,2,28,1,39,1,30,-2,40,-3,28,-4,37,-3,34,-3,30,-2,30,-11,29,-6,33,-11,30,-11,28,-13,24,-13,30,-12,20,-14,26,-19,24,-14,28,-20,25,-18,23,-15,23,-19,20,-17,20,-24,19,-23,18,-24,18,-19,24,-23,12,-24,14,-29,18,-24,20,-33,20,-22,17,-25,19,-24,15,-22,15,-22,14,-26,13,-26,11,-23,17,-22,11,-20,13,-25,14,-20,18,-24,14,-17,14,-19,15,-15,12,-15,13,-12,14,-17,12,-14,14,-13,0,0,0,0,0,0,0,0,0,0]"""
1782031934194,2026-06-21T17:52:14.194,safe,posture,mhw,standing_still,t017,"CSI_DATA,535251,1a:00:00:00:00:00,-43,11,-99,17,28,11,519976693,47,2,256,0,""[0,0,0,0,0,0,0,0,0,0,0,0,6,1,8,1,5,1,7,0,7,1,10,1,11,1,8,3,11,1,10,2,13,2,15,0,13,-1,12,-1,15,1,13,1,16,-1,15,0,18,2,16,1,15,3,20,1,18,3,20,0,20,0,20,0,20,-1,22,1,17,-1,22,-3,20,-2,27,-5,22,-2,22,-3,22,-5,22,-5,18,-8,21,-11,22,-10,18,-11,22,-11,17,-16,20,-17,21,-16,26,-22,22,-16,21,-18,23,-18,20,-17,21,-22,20,-27,17,-26,21,-26,20,-25,15,-31,20,-30,20,-27,0,0,0,0,0,0,-32,-20,-31,-13,-37,-18,-30,-18,-23,-11,-33,-15,-27,-10,-35,-12,-28,-8,-37,-13,-33,-12,-28,-11,-30,-7,-27,-7,-33,-2,-32,-1,-31,1,-27,1,-31,-1,-26,3,-32,5,-27,3,-35,3,-31,3,-27,3,-28,5,-26,6,-30,11,-28,11,-26,11,-26,10,-30,11,-23,12,-28,17,-26,12,-33,16,-30,11,-27,13,-30,10,-25,10,-23,11,-27,16,-26,13,-21,12,-25,12,-21,11,-23,13,-22,10,-30,10,-23,5,-22,7,-20,3,-18,6,-20,5,-18,6,-20,6,-18,3,0,0,0,0,0,0,0,0,0,0]"""
1782031934206,2026-06-21T17:52:14.206,safe,posture,mhw,standing_still,t017,"CSI_DATA,535252,1a:00:00:00:00:00,-43,11,-99,14,29,11,519987693,47,2,256,0,""[0,0,0,0,0,0,0,0,0,0,0,0,-6,-3,-4,-4,-3,-4,-6,-6,-7,-6,-7,-7,-7,-7,-7,-6,-8,-7,-8,-7,-11,-7,-11,-7,-11,-8,-12,-7,-12,-9,-11,-7,-14,-12,-13,-8,-15,-11,-14,-12,-15,-13,-12,-12,-14,-12,-17,-11,-17,-11,-15,-9,-14,-11,-17,-9,-17,-9,-19,-9,-18,-8,-23,-12,-20,-11,-19,-11,-20,-8,-20,-7,-22,-4,-25,-3,-23,-4,-23,-1,-24,-4,-24,-1,-26,1,-26,1,-33,1,-29,-1,-29,1,-30,0,-25,1,-31,3,-33,8,-29,7,-31,6,-33,6,-31,9,-35,9,-33,8,0,0,0,0,0,0,11,35,11,33,14,39,11,33,13,28,15,33,13,29,17,35,15,28,17,33,15,29,13,29,14,28,14,25,23,26,19,22,23,23,18,20,20,23,20,19,24,20,23,17,25,19,24,20,23,18,20,18,24,15,29,13,28,14,28,13,25,11,28,13,25,11,29,12,29,11,33,14,28,13,26,13,26,14,23,12,25,11,29,11,26,12,23,9,24,12,23,9,25,12,23,11,24,15,20,13,19,12,15,14,15,12,17,13,17,15,14,12,14,13,0,0,0,0,0,0,0,0,0,0]"""
1782031934217,2026-06-21T17:52:14.217,safe,posture,mhw,standing_still,t017,"CSI_DATA,535253,1a:00:00:00:00:00,-43,11,-99,14,29,11,519998693,47,2,256,0,""[0,0,0,0,0,0,0,0,0,0,0,0,6,2,8,2,6,2,7,3,7,2,9,3,11,4,7,4,12,4,9,4,12,4,13,6,14,3,13,4,15,7,13,6,15,6,13,7,15,7,17,8,12,9,19,6,17,8,19,7,19,7,19,4,18,7,20,8,18,4,22,6,19,6,25,6,20,7,22,3,24,4,23,3,19,2,24,0,23,1,24,0,26,2,23,-3,26,-4,26,-2,31,-6,26,-1,29,-7,29,-3,26,-6,29,-7,29,-13,29,-12,33,-11,31,-11,31,-13,34,-14,33,-13,0,0,0,0,0,0,-14,-36,-12,-31,-17,-36,-12,-33,-12,-26,-12,-34,-14,-24,-18,-33,-14,-28,-17,-30,-17,-29,-14,-26,-20,-25,-17,-25,-18,-25,-19,-23,-22,-20,-20,-22,-22,-25,-20,-15,-24,-19,-23,-20,-25,-18,-25,-20,-22,-18,-25,-17,-23,-14,-26,-13,-28,-14,-26,-13,-24,-12,-29,-17,-26,-9,-29,-12,-28,-13,-33,-17,-26,-15,-28,-13,-26,-17,-26,-13,-24,-12,-28,-13,-26,-11,-23,-11,-22,-14,-23,-9,-25,-13,-22,-15,-23,-17,-17,-12,-19,-12,-14,-15,-17,-12,-14,-15,-14,-15,-12,-11,-13,-14,0,0,0,0,0,0,0,0,0,0]"""
1782031934229,2026-06-21T17:52:14.229,safe,posture,mhw,standing_still,t017,"CSI_DATA,535254,1a:00:00:00:00:00,-43,11,-99,18,28,11,520009693,47,2,256,0,""[0,0,0,0,0,0,0,0,0,0,0,0,-2,-6,-1,-6,-1,-7,-2,-9,-3,-7,-3,-9,-1,-7,-3,-11,-3,-9,-4,-12,-4,-13,-6,-12,-4,-9,-4,-14,-2,-14,-1,-13,-4,-17,-3,-14,-4,-18,-1,-22,-2,-15,-2,-15,-4,-18,-6,-19,-6,-18,-4,-19,-4,-18,-7,-18,-6,-19,-8,-20,-7,-20,-7,-23,-7,-23,-8,-20,-9,-22,-8,-20,-12,-18,-13,-22,-12,-20,-13,-18,-14,-19,-15,-19,-15,-20,-17,-19,-18,-22,-19,-22,-20,-20,-19,-22,-18,-22,-23,-20,-24,-20,-23,-19,-25,-22,-24,-24,-26,-20,-28,-22,-28,-23,0,0,0,0,0,0,-22,29,-20,28,-23,30,-22,28,-19,28,-19,29,-19,29,-20,30,-15,29,-19,30,-17,29,-14,28,-15,26,-13,26,-13,29,-9,29,-9,30,-8,29,-8,28,-9,29,-8,29,-7,29,-4,29,-6,30,-6,29,-8,28,-4,29,-1,31,-1,30,-2,30,-1,29,-1,29,-2,30,-1,31,-1,30,-2,34,-3,31,-2,30,-3,30,-4,26,-3,29,-2,30,-4,29,-3,25,-4,25,-6,26,-6,26,-4,24,-7,25,-8,24,-7,23,-7,19,-8,17,-8,19,-8,18,-9,17,-12,14,0,0,0,0,0,0,0,0,0,0]"""
1782031934237,2026-06-21T17:52:14.237,safe,posture,mhw,standing_still,t017,"CSI_DATA,535255,1a:00:00:00:00:00,-43,11,-99,18,28,11,520020693,47,2,256,0,""[0,0,0,0,0,0,0,0,0,0,0,0,0,7,0,6,0,7,0,7,-2,9,-1,8,0,8,-1,8,-1,11,0,11,-3,13,-3,13,-2,13,-2,14,-3,14,-2,15,-2,14,-4,17,-2,14,-4,17,-6,18,-4,19,-4,22,-6,19,-6,19,-6,18,-7,19,-6,20,-6,23,-2,19,-6,19,-2,20,-3,22,-2,20,-2,24,-1,25,-1,24,-2,22,-2,24,-1,26,-1,24,2,26,0,24,2,29,2,25,1,26,6,28,7,28,6,30,7,33,6,29,7,34,7,33,8,34,6,33,8,31,9,31,0,0,0,0,0,0,34,-7,37,-8,30,-7,35,-8,36,-11,31,-6,35,-9,30,-11,33,-8,29,-8,29,-12,29,-9,31,-15,31,-13,29,-9,28,-12,28,-13,29,-13,26,-12,26,-15,23,-15,26,-15,20,-14,23,-17,25,-17,25,-22,25,-19,24,-17,24,-18,23,-19,25,-19,25,-18,24,-22,20,-19,24,-19,22,-18,23,-20,23,-20,23,-20,24,-19,25,-17,24,-14,24,-14,25,-15,23,-13,23,-14,22,-9,24,-12,19,-11,19,-9,20,-9,20,-8,19,-7,19,-6,20,-4,20,-2,17,0,0,0,0,0,0,0,0,0,0,0]"""
1782031934250,2026-06-21T17:52:14.250,safe,posture,mhw,standing_still,t017,"CSI_DATA,535256,1a:00:00:00:00:00,-43,11,-99,17,28,11,520031693,47,2,256,0,""[0,0,0,0,0,0,0,0,0,0,0,0,-2,5,-3,6,-2,3,-6,7,-3,5,-7,7,-10,6,-7,6,-8,7,-7,5,-11,7,-10,7,-12,6,-11,7,-13,6,-11,6,-16,7,-15,7,-17,5,-20,3,-16,6,-18,2,-16,2,-18,5,-20,2,-20,1,-20,0,-22,1,-16,2,-21,1,-21,1,-26,1,-23,-1,-20,0,-23,-2,-21,-2,-20,0,-25,2,-23,1,-22,-1,-25,-2,-22,3,-28,1,-27,0,-33,-2,-25,-6,-30,-2,-27,-6,-25,-1,-30,-5,-33,0,-30,-2,-32,-6,-31,-7,-36,-5,-35,-10,-33,-8,0,0,0,0,0,0,-15,35,-13,30,-15,39,-15,31,-16,25,-17,35,-11,26,-17,33,-12,30,-21,31,-18,31,-18,25,-17,26,-18,21,-18,27,-17,27,-16,25,-16,26,-20,25,-13,23,-17,27,-15,21,-20,26,-21,23,-20,21,-20,22,-20,20,-16,25,-20,23,-20,22,-20,18,-22,22,-18,20,-21,23,-20,20,-30,25,-27,15,-25,17,-27,12,-26,12,-23,10,-27,15,-26,11,-23,10,-26,7,-22,8,-27,5,-25,5,-30,2,-22,-2,-23,-3,-20,-6,-18,-5,-17,-5,-22,-5,-18,-5,-16,-8,0,0,0,0,0,0,0,0,0,0]"""
1782031934261,2026-06-21T17:52:14.261,safe,posture,mhw,standing_still,t017,"CSI_DATA,535257,1a:00:00:00:00:00,-43,11,-99,18,28,11,520042693,47,2,256,0,""[0,0,0,0,0,0,0,0,0,0,0,0,-6,1,-6,1,-7,2,-8,0,-9,0,-7,1,-8,1,-9,2,-11,2,-12,1,-12,1,-13,1,-14,3,-15,2,-17,2,-15,3,-14,3,-15,2,-15,4,-15,4,-18,4,-17,6,-17,6,-18,4,-20,6,-19,7,-22,7,-20,6,-19,8,-19,11,-19,7,-17,11,-18,11,-17,13,-18,15,-17,15,-18,15,-17,15,-17,17,-17,18,-17,20,-14,22,-17,22,-14,22,-12,20,-11,22,-11,25,-8,28,-8,29,-8,29,-8,28,-12,31,-8,34,-7,33,-9,33,-6,33,-4,36,0,0,0,0,0,0,35,2,36,6,34,0,35,1,39,1,36,3,33,1,34,0,34,0,30,-1,29,-6,29,-6,33,-11,31,-9,30,-6,29,-12,29,-13,29,-11,29,-12,24,-14,24,-17,28,-14,22,-15,22,-18,20,-18,22,-23,22,-22,22,-19,23,-23,19,-23,22,-23,19,-24,19,-25,18,-24,20,-23,17,-25,15,-25,12,-26,13,-26,17,-28,17,-25,18,-22,15,-24,18,-24,17,-23,14,-22,15,-22,15,-20,13,-18,13,-19,13,-17,11,-18,13,-18,13,-15,13,-13,14,-12,15,-12,0,0,0,0,0,0,0,0,0,0]"""
1782031934273,2026-06-21T17:52:14.273,safe,posture,mhw,standing_still,t017,"CSI_DATA,535258,1a:00:00:00:00:00,-43,11,-99,19,28,11,520053693,47,2,256,0,""[0,0,0,0,0,0,0,0,0,0,0,0,-5,-4,-4,-4,-4,-4,-5,-7,-7,-4,-7,-8,-7,-8,-4,-5,-8,-8,-5,-9,-7,-9,-8,-10,-9,-10,-8,-10,-7,-16,-8,-10,-9,-14,-7,-13,-9,-16,-9,-16,-7,-13,-9,-17,-4,-14,-8,-17,-8,-19,-8,-17,-8,-19,-8,-21,-8,-15,-10,-19,-8,-19,-11,-22,-8,-22,-8,-20,-8,-21,-8,-21,-10,-19,-13,-19,-13,-19,-11,-20,-13,-23,-16,-16,-17,-21,-14,-22,-21,-26,-10,-21,-19,-23,-13,-24,-15,-21,-17,-23,-23,-24,-21,-24,-21,-28,-20,-27,-24,-24,-22,-32,-19,-28,0,0,0,0,0,0,-32,19,-26,16,-32,21,-30,16,-26,14,-34,20,-23,16,-32,20,-27,16,-32,17,-32,16,-27,14,-28,16,-24,14,-27,17,-27,17,-26,19,-24,16,-28,16,-17,17,-22,21,-23,19,-26,22,-26,17,-23,15,-23,20,-22,15,-21,21,-23,21,-21,19,-22,17,-27,21,-19,19,-23,22,-23,17,-29,23,-27,15,-24,16,-28,16,-24,13,-22,14,-24,17,-24,14,-22,14,-26,8,-22,11,-23,11,-24,7,-29,7,-21,1,-21,2,-22,2,-22,1,-19,1,-21,0,-17,0,-20,-4,0,0,0,0,0,0,0,0,0,0]"""
1782031934282,2026-06-21T17:52:14.282,safe,posture,mhw,standing_still,t017,"CSI_DATA,535259,1a:00:00:00:00:00,-44,11,-99,18,28,11,520064693,47,2,256,0,""[0,0,0,0,0,0,0,0,0,0,0,0,-6,-3,-6,-2,-8,-2,-8,-4,-8,-3,-8,-6,-8,-6,-8,-4,-7,-6,-9,-3,-11,-4,-12,-4,-12,-6,-13,-7,-12,-6,-13,-9,-13,-7,-14,-7,-14,-9,-13,-7,-14,-6,-15,-11,-15,-9,-15,-8,-18,-11,-18,-8,-19,-9,-18,-7,-18,-9,-19,-8,-20,-8,-19,-8,-23,-7,-20,-6,-22,-4,-23,-4,-22,-2,-25,-3,-23,-2,-24,0,-25,0,-26,0,-26,0,-26,2,-26,0,-30,3,-29,3,-28,6,-28,6,-29,6,-30,7,-31,7,-31,9,-34,7,-34,11,-33,12,-33,12,0,0,0,0,0,0,13,34,15,29,17,33,17,33,14,31,14,31,17,30,17,31,18,29,17,31,18,28,20,26,17,25,23,24,23,24,20,22,24,22,24,19,22,18,22,22,24,19,25,18,23,15,24,17,26,14,23,14,28,14,28,12,28,13,29,12,26,12,30,9,28,14,30,12,29,8,30,12,31,11,26,13,28,11,25,13,28,11,30,9,26,12,25,9,25,11,23,11,23,12,23,9,20,12,23,13,19,11,19,11,15,12,17,9,17,12,14,12,15,13,0,0,0,0,0,0,0,0,0,0]"""
1782031934308,2026-06-21T17:52:14.308,safe,posture,mhw,standing_still,t017,"CSI_DATA,535260,1a:00:00:00:00:00,-44,11,-99,20,28,11,520075693,47,2,256,0,""[0,0,0,0,0,0,0,0,0,0,0,0,2,-6,2,-6,2,-6,2,-9,3,-8,4,-5,4,-8,5,-8,4,-9,6,-10,6,-9,9,-10,9,-10,11,-11,12,-11,10,-15,9,-12,13,-13,12,-10,11,-11,12,-9,15,-16,16,-12,15,-11,16,-11,17,-11,19,-11,18,-11,18,-11,17,-12,18,-11,17,-11,16,-12,17,-13,18,-13,19,-16,17,-13,18,-12,20,-13,20,-16,20,-15,21,-17,18,-16,21,-17,18,-15,19,-16,21,-19,23,-19,23,-23,26,-21,24,-19,27,-20,27,-20,26,-19,27,-19,26,-20,30,-20,0,0,0,0,0,0,-19,-32,-18,-34,-17,-28,-17,-31,-18,-34,-12,-32,-16,-33,-13,-30,-12,-31,-12,-27,-15,-30,-13,-30,-16,-30,-13,-31,-9,-28,-12,-30,-13,-27,-11,-27,-13,-30,-16,-26,-15,-26,-11,-30,-12,-23,-15,-23,-13,-26,-16,-27,-15,-30,-11,-25,-13,-28,-13,-27,-10,-30,-13,-30,-13,-28,-13,-27,-10,-30,-10,-26,-10,-27,-10,-27,-8,-30,-9,-27,-8,-31,-2,-27,-3,-30,-1,-30,0,-27,-1,-27,1,-25,2,-26,3,-23,3,-23,3,-21,4,-20,4,-23,10,-20,9,-16,9,-16,11,-13,0,0,0,0,0,0,0,0,0,0]"""
1782031934320,2026-06-21T17:52:14.320,safe,posture,mhw,standing_still,t017,"CSI_DATA,535261,1a:00:00:00:00:00,-43,11,-99,18,28,11,520086693,47,2,256,0,""[0,0,0,0,0,0,0,0,0,0,0,0,-6,4,-6,4,-4,4,-6,6,-4,6,-8,7,-8,8,-8,4,-7,8,-8,7,-9,9,-9,8,-11,7,-11,9,-12,9,-9,8,-12,12,-12,11,-15,12,-17,9,-15,7,-13,11,-14,8,-14,14,-17,13,-14,13,-15,12,-17,14,-14,14,-14,15,-15,13,-18,20,-17,15,-17,17,-15,17,-15,17,-12,17,-13,22,-14,17,-11,18,-14,20,-8,20,-11,26,-11,25,-15,31,-14,24,-11,26,-14,26,-9,24,-12,28,-9,34,-7,30,-12,31,-12,31,-6,35,-11,33,-11,34,0,0,0,0,0,0,34,9,31,8,41,7,34,11,29,6,36,7,30,6,36,4,30,2,37,7,35,4,29,7,33,4,28,4,34,0,30,0,33,0,28,0,30,0,25,-4,31,-6,28,-2,34,-4,31,-3,26,-4,29,-4,25,-3,29,-9,29,-8,29,-8,26,-7,31,-6,24,-9,28,-12,28,-11,35,-12,30,-6,29,-7,30,-3,25,-6,26,-6,29,-11,29,-7,24,-6,26,-3,22,-4,26,-4,24,-4,29,1,23,0,23,-1,22,3,20,0,20,3,20,1,19,2,19,3,0,0,0,0,0,0,0,0,0,0]"""
1782031934328,2026-06-21T17:52:14.328,safe,posture,mhw,standing_still,t017,"CSI_DATA,535262,1a:00:00:00:00:00,-43,11,-99,18,28,11,520097693,47,2,256,0,""[0,0,0,0,0,0,0,0,0,0,0,0,4,-2,6,-2,4,-3,8,-3,7,-4,8,-2,9,-2,9,-2,11,-4,8,-2,11,-4,12,-3,13,-3,12,-3,14,-4,13,-2,18,-3,13,-4,18,-4,18,-4,18,-6,18,-2,18,-2,20,-7,19,-4,19,-4,18,-3,20,-3,18,-4,22,-7,19,-6,25,-6,22,-4,20,-6,23,-4,23,-4,19,-8,20,-13,22,-9,19,-11,22,-12,19,-13,24,-15,22,-13,28,-17,22,-14,24,-15,24,-14,22,-17,24,-17,26,-22,22,-19,29,-20,25,-19,26,-26,28,-24,25,-20,0,0,0,0,0,0,-24,-25,-23,-25,-28,-29,-24,-25,-20,-22,-25,-28,-19,-23,-25,-25,-22,-20,-26,-26,-25,-25,-22,-20,-20,-20,-18,-19,-25,-20,-24,-19,-26,-18,-25,-15,-26,-18,-20,-14,-28,-17,-24,-13,-28,-15,-26,-15,-25,-13,-25,-14,-24,-12,-29,-12,-28,-12,-26,-11,-25,-12,-29,-13,-25,-9,-29,-11,-28,-11,-35,-15,-29,-13,-28,-13,-26,-15,-23,-15,-23,-13,-28,-13,-25,-15,-22,-12,-22,-14,-20,-13,-22,-15,-20,-14,-22,-19,-15,-17,-17,-14,-13,-17,-12,-14,-13,-15,-13,-17,-11,-15,-9,-17,0,0,0,0,0,0,0,0,0,0]"""
1782031934335,2026-06-21T17:52:14.335,safe,posture,mhw,standing_still,t017,"CSI_DATA,535263,1a:00:00:00:00:00,-43,11,-99,20,28,11,520108693,47,2,256,0,""[0,0,0,0,0,0,0,0,0,0,0,0,2,-5,2,-8,2,-6,1,-8,3,-9,3,-8,3,-9,2,-10,1,-12,3,-11,3,-11,4,-11,3,-13,3,-13,5,-13,3,-16,2,-15,3,-17,2,-13,3,-18,1,-20,1,-19,1,-20,2,-18,2,-20,1,-18,1,-23,0,-21,-1,-23,-1,-21,-3,-21,-4,-19,-5,-21,-5,-23,-6,-21,-8,-23,-10,-24,-8,-21,-9,-23,-12,-21,-12,-21,-16,-23,-15,-20,-19,-21,-15,-18,-18,-17,-21,-19,-25,-16,-26,-18,-25,-19,-23,-17,-28,-19,-30,-17,-27,-18,-28,-18,-28,-16,-32,-13,0,0,0,0,0,0,-15,32,-11,36,-8,31,-10,33,-12,38,-9,30,-9,34,-5,33,-6,34,-3,31,-2,31,-3,33,0,34,0,34,0,31,3,31,6,31,4,31,5,30,8,31,11,27,10,31,11,23,13,24,13,27,17,27,16,26,16,23,16,25,19,24,18,27,20,23,21,25,20,20,21,21,19,20,21,20,21,23,24,19,24,20,20,21,19,20,21,20,20,19,19,20,20,19,18,18,19,18,15,16,16,17,16,16,16,15,15,16,16,17,12,13,12,15,9,16,0,0,0,0,0,0,0,0,0,0]"""
1782031934342,2026-06-21T17:52:14.342,safe,posture,mhw,standing_still,t017,"CSI_DATA,535264,1a:00:00:00:00:00,-43,11,-99,17,28,11,520119693,47,2,256,0,""[0,0,0,0,0,0,0,0,0,0,0,0,0,8,-1,8,-1,6,-2,7,-1,8,0,10,0,8,-1,10,1,12,0,11,0,12,0,12,1,12,0,13,0,15,-1,16,1,16,0,17,0,16,1,15,1,16,5,20,2,18,1,18,2,22,3,20,2,21,2,22,5,20,6,18,5,20,7,20,8,18,11,20,11,20,12,21,13,18,12,20,13,21,15,21,15,21,20,18,18,17,20,20,20,17,20,16,25,16,25,13,27,16,28,16,26,16,30,15,30,16,30,15,32,15,32,13,33,12,0,0,0,0,0,0,10,-36,12,-37,8,-31,8,-33,7,-35,10,-31,6,-32,5,-32,5,-33,2,-31,2,-30,1,-31,-3,-35,0,-32,3,-31,-2,-31,-5,-31,-5,-30,-5,-31,-8,-28,-11,-26,-10,-30,-11,-23,-12,-23,-12,-26,-17,-25,-16,-26,-12,-23,-16,-28,-15,-23,-16,-26,-18,-26,-20,-23,-20,-22,-20,-25,-20,-21,-20,-20,-21,-21,-21,-22,-23,-22,-21,-23,-16,-22,-18,-21,-17,-22,-18,-21,-16,-20,-16,-20,-17,-18,-12,-18,-13,-17,-13,-17,-13,-17,-13,-17,-13,-16,-10,-17,-10,-18,-8,-16,0,0,0,0,0,0,0,0,0,0]"""
1782031934349,2026-06-21T17:52:14.349,safe,posture,mhw,standing_still,t017,"CSI_DATA,535265,1a:00:00:00:00:00,-43,11,-99,14,29,11,520130693,47,2,256,0,""[0,0,0,0,0,0,0,0,0,0,0,0,6,-1,6,-1,6,-2,8,-2,9,-2,7,-3,7,-4,9,-6,9,-3,12,-6,9,-4,12,-6,12,-6,14,-4,11,-6,17,-7,14,-6,18,-3,13,-6,12,-7,14,-11,17,-8,17,-11,18,-7,18,-9,17,-9,19,-9,15,-9,24,-11,17,-9,17,-11,15,-12,15,-15,15,-14,14,-17,17,-18,15,-19,15,-18,15,-19,15,-22,13,-20,17,-22,13,-20,12,-25,9,-17,9,-26,11,-25,4,-30,8,-30,7,-31,9,-28,9,-31,9,-30,9,-35,9,-33,4,-33,3,-35,0,0,0,0,0,0,-34,-8,-39,-7,-29,-2,-35,-1,-40,-2,-31,-3,-37,-2,-31,0,-36,1,-29,2,-29,3,-31,6,-33,4,-35,9,-29,4,-29,8,-31,11,-29,11,-26,11,-31,13,-25,12,-28,14,-22,13,-24,17,-24,17,-24,19,-25,20,-22,17,-23,19,-20,23,-23,22,-20,20,-28,22,-22,19,-23,22,-17,17,-22,24,-22,23,-17,25,-22,23,-19,22,-23,18,-23,19,-23,20,-18,19,-22,17,-20,13,-19,18,-13,12,-18,15,-18,13,-17,17,-17,13,-18,14,-15,9,-17,9,-15,7,0,0,0,0,0,0,0,0,0,0]"""
1782031934360,2026-06-21T17:52:14.360,safe,posture,mhw,standing_still,t017,"CSI_DATA,535266,1a:00:00:00:00:00,-43,11,-99,14,29,11,520141693,47,2,256,0,""[0,0,0,0,0,0,0,0,0,0,0,0,-4,4,-4,3,-7,4,-7,6,-6,7,-6,7,-7,6,-7,7,-7,7,-9,8,-8,8,-9,8,-9,9,-11,9,-9,9,-12,9,-12,11,-13,11,-13,11,-14,12,-14,15,-13,11,-13,13,-13,14,-13,12,-14,14,-13,13,-12,15,-15,15,-13,17,-13,17,-13,17,-13,19,-13,17,-13,20,-12,19,-11,19,-9,23,-12,23,-7,24,-6,23,-9,24,-7,26,-4,26,-7,24,-4,31,-7,29,-1,29,-4,29,-3,30,-2,33,-2,31,-3,33,-2,35,-1,34,1,35,3,34,0,0,0,0,0,0,35,-1,36,-2,34,-3,35,-4,36,-3,34,-4,36,-4,33,-3,35,-7,33,-7,31,-6,29,-8,30,-6,31,-11,30,-9,26,-11,28,-13,28,-13,24,-14,30,-13,25,-15,25,-18,23,-15,24,-17,24,-19,23,-15,23,-19,22,-22,24,-19,23,-23,22,-22,18,-23,24,-23,22,-22,19,-23,22,-22,23,-25,20,-20,20,-22,20,-19,19,-20,22,-23,23,-19,22,-20,17,-18,19,-17,19,-15,18,-18,18,-14,19,-17,18,-15,17,-12,17,-11,19,-12,17,-9,17,-7,15,-8,0,0,0,0,0,0,0,0,0,0]"""
1782031934371,2026-06-21T17:52:14.371,safe,posture,mhw,standing_still,t017,"CSI_DATA,535267,1a:00:00:00:00:00,-43,11,-99,17,28,11,520152693,47,2,256,0,""[0,0,0,0,0,0,0,0,0,0,0,0,6,-2,6,-1,6,-3,7,-3,8,-2,8,-1,10,-3,11,-5,11,-1,12,-3,12,-2,11,-3,12,-3,13,-2,13,-3,16,-3,15,-3,17,-5,17,-3,16,-3,16,-5,18,-3,18,-6,18,-5,18,-5,20,-7,20,-6,20,-7,22,-5,20,-5,20,-6,17,-7,20,-11,18,-7,18,-11,21,-11,21,-12,21,-13,21,-12,21,-16,20,-16,22,-16,21,-15,18,-20,17,-15,20,-22,20,-18,17,-23,20,-20,20,-23,20,-22,20,-25,20,-25,22,-27,21,-26,22,-27,20,-28,0,0,0,0,0,0,-30,-18,-31,-20,-28,-17,-30,-17,-31,-18,-27,-16,-33,-18,-28,-16,-31,-16,-27,-15,-28,-12,-30,-11,-27,-13,-31,-10,-28,-10,-28,-8,-32,-5,-31,-7,-28,-5,-30,-10,-28,-5,-28,-5,-26,-3,-28,-2,-32,-1,-30,-1,-31,1,-28,1,-30,1,-31,3,-32,3,-28,5,-33,-1,-31,0,-28,3,-27,1,-31,6,-31,1,-30,3,-31,0,-30,0,-30,-1,-28,-2,-28,-1,-25,1,-28,-2,-25,-5,-25,1,-21,-2,-25,-2,-22,-2,-22,-1,-18,-5,-21,-3,-17,-7,-15,-6,-17,-8,0,0,0,0,0,0,0,0,0,0]"""
1782031934384,2026-06-21T17:52:14.384,safe,posture,mhw,standing_still,t017,"CSI_DATA,535268,1a:00:00:00:00:00,-43,11,-99,14,29,11,520164753,47,2,256,0,""[0,0,0,0,0,0,0,0,0,0,0,0,-4,-4,-4,-3,-6,-4,-3,-4,-7,-6,-4,-7,-6,-8,-7,-8,-7,-8,-8,-9,-8,-11,-7,-9,-7,-9,-8,-12,-6,-12,-6,-15,-7,-14,-6,-15,-2,-17,-6,-15,-6,-15,-3,-18,-4,-18,-4,-19,-4,-18,-4,-20,-3,-20,-3,-19,0,-22,-2,-23,-2,-22,-1,-20,-4,-24,-1,-22,-3,-23,-2,-24,-1,-23,-2,-22,-2,-24,-3,-25,-3,-22,-1,-26,-1,-26,-4,-28,-2,-24,-3,-30,-2,-29,-6,-29,-1,-29,-3,-31,-1,-30,-1,-30,0,-31,1,-35,0,-33,1,-33,0,-35,0,0,0,0,0,0,-34,-3,-35,-4,-33,-3,-35,-6,-36,-4,-31,-7,-35,-9,-31,-7,-31,-8,-33,-9,-30,-8,-33,-7,-28,-11,-31,-8,-30,-7,-30,-7,-31,-7,-29,-7,-26,-7,-31,-9,-29,-8,-29,-7,-26,-7,-28,-8,-30,-8,-28,-9,-31,-8,-30,-6,-28,-9,-30,-8,-29,-11,-25,-8,-29,-14,-26,-13,-28,-12,-26,-14,-29,-14,-24,-15,-26,-14,-23,-17,-23,-18,-22,-19,-20,-20,-20,-20,-18,-19,-17,-23,-14,-22,-14,-19,-11,-19,-13,-22,-8,-20,-8,-19,-4,-20,-7,-20,-2,-22,-1,-17,-1,-17,0,0,0,0,0,0,0,0,0,0]"""
1782031934395,2026-06-21T17:52:14.395,safe,posture,mhw,standing_still,t017,"CSI_DATA,535269,1a:00:00:00:00:00,-43,11,-99,18,28,11,520174693,47,2,256,0,""[0,0,0,0,0,0,0,0,0,0,0,0,-3,-6,-3,-7,-1,-4,-3,-7,-7,-7,-4,-8,-3,-7,-3,-8,-6,-11,-4,-11,-6,-11,-4,-12,-4,-13,-6,-12,-6,-15,-6,-14,-6,-14,-7,-14,-4,-15,-6,-17,-7,-18,-6,-17,-4,-17,-6,-17,-7,-19,-7,-18,-6,-19,-7,-22,-7,-18,-7,-19,-8,-20,-9,-22,-8,-19,-11,-20,-9,-20,-11,-20,-12,-19,-12,-20,-13,-20,-13,-19,-13,-23,-17,-18,-17,-22,-14,-22,-18,-22,-18,-22,-20,-20,-20,-23,-20,-22,-22,-22,-23,-23,-24,-20,-25,-25,-22,-24,-26,-23,-28,-23,-25,-25,0,0,0,0,0,0,-28,25,-25,22,-26,26,-24,24,-23,23,-28,24,-20,22,-24,25,-22,23,-24,24,-19,24,-18,25,-20,28,-19,22,-18,23,-18,25,-17,26,-17,24,-20,28,-13,24,-13,28,-15,26,-13,28,-13,28,-13,25,-11,28,-12,26,-12,28,-13,28,-9,29,-12,24,-14,30,-9,26,-9,29,-11,25,-11,31,-13,29,-11,28,-13,29,-13,29,-11,25,-12,25,-12,25,-13,23,-14,23,-12,22,-14,22,-17,20,-17,20,-15,15,-14,18,-14,14,-14,14,-15,14,-14,12,-15,11,-15,11,0,0,0,0,0,0,0,0,0,0]"""
1782031934404,2026-06-21T17:52:14.404,safe,posture,mhw,standing_still,t017,"CSI_DATA,535270,1a:00:00:00:00:00,-44,11,-99,18,28,11,520185693,47,2,256,0,""[0,0,0,0,0,0,0,0,0,0,0,0,-2,6,-2,6,-2,7,-4,7,-3,7,-3,7,-3,8,-3,9,-4,8,-6,9,-7,11,-7,12,-7,13,-7,12,-6,11,-11,12,-8,14,-8,13,-11,13,-12,15,-8,18,-11,13,-11,15,-11,14,-12,14,-12,17,-13,15,-12,15,-13,15,-14,18,-12,17,-14,18,-14,18,-14,17,-12,19,-12,18,-11,18,-12,22,-13,22,-11,20,-9,22,-11,22,-13,23,-9,25,-11,25,-11,28,-11,25,-9,28,-11,25,-9,28,-11,31,-11,29,-12,29,-13,33,-11,34,-13,31,-12,34,0,0,0,0,0,0,34,13,34,12,35,12,34,11,31,11,33,11,33,12,33,13,31,8,31,14,33,9,30,7,29,9,29,8,31,9,31,7,30,4,30,6,29,6,30,4,30,4,30,4,31,3,31,3,29,1,26,3,31,1,31,0,29,1,31,1,29,1,29,0,31,3,31,3,30,1,33,3,34,1,30,6,30,1,28,4,29,6,30,6,28,7,28,6,25,8,24,8,24,11,25,7,24,11,23,11,19,9,19,9,15,9,17,12,15,13,13,12,12,12,0,0,0,0,0,0,0,0,0,0]"""
1782031934417,2026-06-21T17:52:14.417,safe,posture,mhw,standing_still,t017,"CSI_DATA,535271,1a:00:00:00:00:00,-43,11,-99,14,29,11,520198758,47,2,256,0,""[0,0,0,0,0,0,0,0,0,0,0,0,7,-2,6,-2,7,-2,7,-3,8,-3,6,-4,8,-3,9,-4,9,-4,12,-4,9,-3,11,-4,12,-4,14,-4,14,-4,15,-7,13,-7,15,-7,13,-6,14,-8,18,-13,18,-9,18,-11,17,-7,17,-7,17,-9,19,-9,18,-9,20,-12,17,-12,18,-13,14,-12,14,-14,14,-15,13,-18,13,-19,15,-19,13,-17,14,-20,15,-22,12,-23,13,-24,12,-20,8,-24,8,-18,4,-26,7,-28,2,-29,3,-33,6,-31,8,-26,8,-33,6,-33,3,-34,6,-34,2,-33,0,-34,0,0,0,0,0,0,-35,0,-42,-1,-29,2,-33,4,-39,2,-31,0,-36,3,-31,4,-36,4,-29,8,-28,9,-31,9,-31,13,-33,13,-28,8,-30,11,-28,14,-29,13,-26,15,-30,17,-22,19,-26,18,-19,14,-19,19,-20,22,-20,25,-22,24,-20,18,-23,23,-19,24,-23,25,-18,28,-22,25,-15,24,-17,24,-14,22,-13,28,-15,25,-13,26,-15,26,-17,25,-15,20,-17,23,-18,24,-15,23,-17,22,-15,19,-14,22,-11,15,-12,18,-13,18,-12,19,-13,19,-15,17,-12,11,-13,13,-14,11,0,0,0,0,0,0,0,0,0,0]"""
1782031934427,2026-06-21T17:52:14.427,safe,posture,mhw,standing_still,t017,"CSI_DATA,535272,1a:00:00:00:00:00,-43,11,-99,19,28,11,520209077,47,2,256,0,""[0,0,0,0,0,0,0,0,0,0,0,0,7,-1,8,-2,5,0,9,-1,8,-2,9,-1,11,0,9,0,11,-2,10,-1,14,-2,13,-2,15,-3,11,-3,16,-3,13,-2,17,-3,16,-2,17,-3,20,-1,19,-1,16,-2,17,-2,20,-5,19,-7,19,-7,17,-8,21,-5,19,-7,19,-9,19,-8,24,-10,21,-5,20,-8,21,-9,21,-9,20,-10,19,-17,19,-14,15,-15,17,-16,15,-19,19,-21,16,-23,20,-27,19,-19,16,-22,19,-22,15,-21,16,-24,15,-28,13,-26,16,-28,16,-30,13,-32,13,-32,15,-32,0,0,0,0,0,0,-34,-15,-32,-10,-39,-13,-33,-10,-29,-10,-36,-9,-28,-7,-35,-8,-28,-4,-35,-9,-33,-7,-29,-8,-30,-3,-28,-2,-34,-1,-30,-1,-30,1,-28,3,-32,1,-27,5,-30,8,-28,5,-33,9,-30,7,-28,5,-28,5,-27,7,-28,14,-27,11,-27,13,-24,11,-29,11,-22,14,-26,17,-26,14,-34,17,-28,11,-28,13,-29,11,-26,13,-24,13,-27,15,-26,14,-22,14,-23,11,-21,14,-24,11,-22,9,-28,10,-21,8,-22,5,-21,3,-19,5,-17,2,-21,4,-17,4,-17,3,0,0,0,0,0,0,0,0,0,0]"""
1782031934439,2026-06-21T17:52:14.439,safe,posture,mhw,standing_still,t017,"CSI_DATA,535273,1a:00:00:00:00:00,-43,11,-99,18,28,11,520218693,47,2,256,0,""[0,0,0,0,0,0,0,0,0,0,0,0,2,-6,2,-6,2,-7,2,-7,2,-8,4,-9,6,-8,6,-8,6,-8,6,-9,8,-11,8,-11,8,-12,7,-11,9,-12,9,-9,11,-13,12,-12,13,-13,14,-11,15,-9,12,-12,14,-11,15,-14,15,-13,17,-13,14,-11,15,-12,19,-12,17,-13,15,-13,22,-12,20,-12,19,-13,19,-12,18,-12,15,-14,18,-18,19,-14,15,-15,18,-15,19,-17,18,-18,19,-19,24,-18,22,-20,20,-19,20,-17,22,-17,23,-22,25,-23,23,-20,24,-20,28,-20,28,-24,24,-23,26,-23,0,0,0,0,0,0,-19,-28,-18,-26,-22,-31,-19,-29,-17,-28,-18,-30,-17,-28,-20,-30,-17,-29,-15,-30,-14,-29,-15,-26,-14,-26,-14,-26,-18,-29,-17,-26,-18,-26,-15,-23,-14,-25,-15,-25,-17,-25,-18,-23,-17,-25,-15,-26,-15,-25,-13,-24,-15,-23,-19,-24,-17,-24,-17,-25,-17,-24,-17,-24,-14,-24,-17,-25,-17,-24,-15,-31,-13,-30,-12,-28,-11,-26,-7,-28,-9,-25,-9,-29,-7,-26,-6,-24,-7,-24,-4,-25,-3,-26,-2,-25,0,-28,1,-24,2,-23,4,-20,3,-18,4,-19,6,-19,6,-17,7,-14,0,0,0,0,0,0,0,0,0,0]"""
1782031934448,2026-06-21T17:52:14.448,safe,posture,mhw,standing_still,t017,"CSI_DATA,535274,1a:00:00:00:00:00,-44,11,-99,20,28,11,520229693,47,2,256,0,""[0,0,0,0,0,0,0,0,0,0,0,0,-6,-1,-8,-1,-8,-1,-9,0,-8,0,-9,-2,-10,-2,-10,-3,-11,-3,-9,-1,-13,-2,-13,-3,-13,-3,-15,-2,-15,-2,-13,-3,-18,-3,-16,-2,-18,-4,-18,-3,-13,-2,-18,-3,-16,-4,-20,-4,-20,-3,-19,-4,-19,-4,-20,-2,-19,-2,-23,-2,-20,0,-26,-1,-21,-2,-23,-2,-24,-1,-23,1,-21,1,-25,4,-23,2,-21,4,-24,4,-21,6,-27,8,-25,8,-33,6,-26,4,-27,8,-30,8,-25,9,-27,8,-31,15,-27,13,-32,13,-31,12,-30,17,-34,13,-30,18,0,0,0,0,0,0,17,31,16,28,23,34,18,30,16,25,20,30,18,27,21,31,19,23,19,32,19,28,18,25,19,24,17,24,23,24,21,21,23,23,24,20,21,20,21,17,28,18,26,17,26,20,25,18,24,15,23,16,24,15,26,13,27,16,27,13,25,12,27,15,26,10,28,11,28,10,33,16,28,15,26,16,25,16,24,15,25,13,28,13,24,13,21,13,24,15,21,11,24,15,21,13,23,20,20,15,16,15,15,16,13,15,12,15,13,17,12,12,11,16,0,0,0,0,0,0,0,0,0,0]"""
1782031934459,2026-06-21T17:52:14.459,safe,posture,mhw,standing_still,t017,"CSI_DATA,535275,1a:00:00:00:00:00,-44,11,-99,15,29,11,520240693,47,2,256,0,""[0,0,0,0,0,0,0,0,0,0,0,0,8,-3,7,-4,5,-3,8,-3,7,-4,8,-3,9,-4,8,-1,11,-3,9,-2,11,-4,14,-4,14,-3,13,-5,15,-5,11,-4,15,-7,15,-5,16,-5,20,-4,16,-5,17,-5,16,-4,17,-5,20,-5,17,-5,19,-4,22,-4,16,-8,20,-9,19,-7,23,-10,21,-5,21,-8,21,-7,20,-10,19,-10,19,-14,19,-13,17,-14,21,-13,15,-15,20,-17,21,-16,24,-21,21,-16,21,-20,22,-15,21,-20,22,-21,21,-26,20,-27,24,-26,22,-23,19,-30,24,-26,22,-24,0,0,0,0,0,0,-29,-24,-24,-21,-30,-24,-26,-22,-23,-16,-27,-23,-24,-16,-29,-22,-26,-17,-28,-21,-28,-20,-22,-20,-27,-19,-23,-16,-27,-14,-28,-14,-29,-13,-27,-11,-27,-15,-24,-5,-32,-7,-27,-10,-32,-9,-28,-11,-24,-11,-28,-10,-26,-8,-29,-4,-29,-4,-28,-4,-27,-5,-32,-10,-27,-3,-30,-3,-28,-5,-35,-7,-29,-10,-28,-7,-30,-11,-27,-8,-27,-8,-29,-7,-27,-7,-24,-5,-24,-10,-24,-5,-27,-8,-22,-9,-24,-11,-17,-13,-20,-13,-16,-13,-16,-11,-16,-11,-15,-11,-15,-13,-13,-13,0,0,0,0,0,0,0,0,0,0]"""
1782031934469,2026-06-21T17:52:14.469,safe,posture,mhw,standing_still,t017,"CSI_DATA,535276,1a:00:00:00:00:00,-44,11,-99,15,29,11,520251693,47,2,256,0,""[0,0,0,0,0,0,0,0,0,0,0,0,-5,1,-8,3,-4,3,-7,3,-7,3,-10,3,-10,2,-9,2,-10,3,-9,1,-11,2,-13,4,-13,4,-11,4,-17,3,-13,4,-17,4,-15,3,-19,3,-16,2,-16,0,-19,4,-17,0,-20,2,-21,4,-20,3,-19,4,-22,3,-17,4,-20,5,-20,4,-24,7,-22,3,-22,4,-23,4,-22,5,-20,8,-21,11,-20,8,-19,9,-23,8,-17,14,-21,16,-23,14,-29,16,-24,10,-24,16,-28,13,-22,13,-27,16,-24,22,-23,21,-27,20,-28,20,-24,23,-29,24,-28,22,0,0,0,0,0,0,21,32,19,26,26,30,20,29,16,24,20,28,19,22,22,29,19,24,21,30,20,28,16,24,21,24,17,22,21,23,23,22,22,21,20,19,22,22,20,14,26,17,22,17,27,19,23,20,21,20,21,19,21,17,27,15,24,15,24,15,23,15,26,19,23,11,27,15,26,15,34,20,23,20,23,17,22,21,21,17,21,17,26,16,23,16,20,15,19,20,20,14,22,19,17,17,19,23,11,19,11,19,9,20,9,17,8,17,11,19,8,16,5,17,0,0,0,0,0,0,0,0,0,0]"""
1782031934480,2026-06-21T17:52:14.480,safe,posture,mhw,standing_still,t017,"CSI_DATA,535277,1a:00:00:00:00:00,-44,11,-99,18,28,11,520262693,47,2,256,0,""[0,0,0,0,0,0,0,0,0,0,0,0,3,4,3,7,4,7,3,7,4,7,3,8,4,7,6,8,6,11,4,11,3,11,4,11,6,13,4,14,6,15,4,15,7,14,3,15,4,14,6,13,6,14,7,18,6,19,2,18,4,20,4,19,3,22,4,22,6,22,7,22,3,20,6,18,7,20,9,19,9,20,11,22,9,22,7,20,8,22,9,24,9,23,12,23,11,24,14,24,12,20,14,20,14,23,19,24,19,25,17,26,14,25,17,29,18,30,19,28,18,29,20,28,19,29,0,0,0,0,0,0,33,-22,31,-18,29,-17,33,-18,31,-18,29,-15,31,-17,29,-18,30,-17,26,-15,24,-17,25,-15,26,-22,25,-19,26,-15,25,-19,24,-19,24,-18,25,-19,23,-19,20,-19,23,-19,19,-18,18,-20,22,-20,20,-23,23,-22,20,-18,22,-23,20,-23,22,-20,23,-24,23,-23,20,-23,23,-20,20,-19,18,-22,19,-20,19,-23,23,-22,22,-20,23,-15,24,-18,25,-15,25,-14,22,-14,24,-12,23,-12,20,-9,18,-11,20,-11,20,-9,20,-8,18,-4,20,-2,20,-1,19,0,0,0,0,0,0,0,0,0,0,0]"""
1782031934493,2026-06-21T17:52:14.493,safe,posture,mhw,standing_still,t017,"CSI_DATA,535278,1a:00:00:00:00:00,-44,11,-99,18,28,11,520273693,47,2,256,0,""[0,0,0,0,0,0,0,0,0,0,0,0,-4,-6,-7,-6,-4,-4,-6,-4,-6,-7,-6,-6,-6,-6,-7,-6,-9,-7,-6,-9,-7,-11,-8,-9,-8,-11,-8,-11,-8,-13,-8,-11,-11,-13,-8,-15,-11,-13,-7,-15,-7,-17,-13,-14,-9,-17,-7,-15,-8,-18,-9,-17,-8,-19,-9,-19,-11,-19,-9,-19,-7,-19,-12,-19,-11,-18,-12,-17,-12,-19,-14,-20,-12,-18,-12,-20,-12,-18,-13,-19,-13,-20,-14,-19,-15,-19,-14,-20,-18,-22,-17,-18,-19,-20,-20,-22,-22,-22,-20,-24,-19,-24,-22,-24,-23,-26,-20,-24,-22,-26,-25,-24,-22,-26,0,0,0,0,0,0,-29,23,-29,20,-28,20,-29,20,-28,20,-29,19,-26,22,-29,22,-26,18,-25,19,-23,20,-24,18,-24,24,-23,19,-24,17,-24,19,-22,20,-24,19,-25,19,-19,20,-20,23,-22,18,-19,20,-18,22,-19,20,-20,25,-19,22,-20,19,-23,22,-18,20,-22,22,-22,23,-20,20,-20,20,-23,20,-22,24,-20,20,-19,22,-23,22,-24,22,-23,18,-24,15,-24,17,-24,13,-23,13,-22,13,-23,11,-24,8,-22,9,-20,7,-22,7,-22,6,-22,7,-19,3,-17,0,-18,0,-18,-1,0,0,0,0,0,0,0,0,0,0]"""
1782031934502,2026-06-21T17:52:14.502,safe,posture,mhw,standing_still,t017,"CSI_DATA,535279,1a:00:00:00:00:00,-44,11,-99,15,29,11,520284693,47,2,256,0,""[0,0,0,0,0,0,0,0,0,0,0,0,7,2,7,1,7,1,9,2,7,2,9,2,9,4,9,4,11,3,9,4,9,5,11,5,13,4,11,5,15,10,13,7,16,8,15,9,14,10,15,9,11,9,16,13,13,11,14,13,15,14,15,14,14,15,17,16,14,11,15,16,14,14,17,15,15,15,16,13,16,16,17,15,17,14,19,14,20,14,19,14,19,16,21,10,23,14,22,19,24,16,21,16,24,16,22,17,27,15,26,17,29,17,28,15,28,20,24,17,32,16,30,20,28,20,0,0,0,0,0,0,26,-27,23,-28,23,-29,26,-24,22,-24,27,-26,19,-23,24,-28,22,-23,23,-24,22,-22,21,-19,22,-26,21,-22,21,-24,20,-24,20,-26,17,-23,22,-24,14,-23,16,-27,19,-22,17,-24,17,-23,19,-22,16,-26,16,-22,16,-23,17,-24,16,-24,19,-23,21,-24,14,-24,16,-27,19,-22,22,-28,20,-20,20,-21,23,-20,21,-20,20,-19,21,-20,21,-20,19,-16,24,-14,20,-16,23,-16,23,-10,23,-11,21,-8,21,-8,22,-4,19,-7,21,-4,21,-2,17,-2,17,0,0,0,0,0,0,0,0,0,0,0]"""
1782031934514,2026-06-21T17:52:14.514,safe,posture,mhw,standing_still,t017,"CSI_DATA,535280,1a:00:00:00:00:00,-44,11,-99,18,28,11,520295693,47,2,256,0,""[0,0,0,0,0,0,0,0,0,0,0,0,0,-4,0,-8,2,-7,2,-8,0,-6,2,-9,1,-12,1,-9,1,-9,2,-9,1,-13,-1,-12,2,-12,1,-13,3,-14,3,-13,1,-17,0,-15,3,-20,6,-18,4,-14,2,-18,4,-17,2,-20,0,-19,1,-20,2,-18,2,-22,0,-19,-1,-24,-1,-19,0,-26,0,-23,1,-22,-1,-23,-2,-23,-2,-22,-7,-24,-4,-22,-7,-20,-6,-24,-9,-20,-12,-23,-12,-24,-14,-30,-7,-26,-13,-26,-9,-28,-11,-23,-14,-23,-22,-28,-19,-22,-18,-25,-18,-29,-23,-26,-20,-26,-20,-28,0,0,0,0,0,0,-28,22,-24,20,-28,26,-28,24,-20,19,-26,25,-23,22,-25,28,-18,23,-25,26,-24,24,-22,22,-19,23,-19,23,-19,26,-15,25,-15,26,-12,24,-17,26,-9,25,-11,30,-11,28,-13,33,-12,29,-11,26,-11,26,-8,25,-4,30,-4,29,-4,29,-6,28,-7,30,-3,26,-4,31,-3,30,-6,37,-9,30,-4,29,-9,30,-7,25,-6,26,-4,33,-4,29,-3,25,-7,25,-2,25,-4,26,-6,23,-12,26,-8,19,-11,22,-11,19,-8,17,-9,15,-8,20,-8,15,-8,14,0,0,0,0,0,0,0,0,0,0]"""
1782031934523,2026-06-21T17:52:14.523,safe,posture,mhw,standing_still,t017,"CSI_DATA,535281,1a:00:00:00:00:00,-45,11,-99,16,30,11,520306693,47,2,256,0,""[0,0,0,0,0,0,0,0,0,0,0,0,3,7,3,5,4,7,3,8,4,9,3,9,2,7,2,10,4,10,2,11,2,11,2,12,2,14,1,15,-1,15,0,15,-1,16,-4,15,-2,15,1,14,-1,16,-1,20,-3,18,-5,18,-5,19,-4,21,-8,20,-7,21,-6,21,-5,19,-8,20,-5,21,-4,20,-4,20,-4,23,-5,23,-5,21,-6,21,-7,22,-6,23,-7,24,-6,24,-7,24,-7,26,-5,23,-6,24,-6,27,-4,27,-6,30,-9,29,-9,27,-9,30,-12,32,-10,30,-12,32,-10,33,-10,32,0,0,0,0,0,0,31,15,29,18,27,14,29,19,32,18,28,20,28,18,27,18,28,19,25,17,26,14,26,16,28,15,27,17,22,18,24,16,28,15,24,18,24,18,24,15,26,15,24,17,24,14,23,13,24,15,27,14,26,16,22,16,26,18,25,15,24,20,25,21,22,18,23,19,23,21,22,19,21,19,22,20,21,20,20,23,18,21,14,23,16,23,15,24,13,24,11,23,10,23,9,23,7,21,6,19,8,21,4,22,3,21,4,20,-2,18,-3,18,-4,17,0,0,0,0,0,0,0,0,0,0]"""
1782031934536,2026-06-21T17:52:14.536,safe,posture,mhw,standing_still,t017,"CSI_DATA,535282,1a:00:00:00:00:00,-44,11,-99,18,28,11,520317693,47,2,256,0,""[0,0,0,0,0,0,0,0,0,0,0,0,1,-6,1,-8,1,-3,1,-8,1,-7,3,-9,3,-11,2,-8,1,-13,0,-11,3,-11,2,-14,4,-12,3,-13,6,-18,6,-14,4,-15,4,-14,2,-19,8,-15,11,-14,6,-17,8,-17,6,-19,6,-18,4,-15,6,-17,9,-20,4,-17,4,-22,4,-19,6,-25,8,-20,6,-22,7,-20,4,-23,3,-19,0,-24,1,-23,-2,-23,3,-26,-4,-20,-3,-28,-1,-28,-2,-34,2,-26,-1,-29,2,-28,-3,-26,-4,-29,-9,-31,-8,-29,-6,-34,-6,-31,-11,-31,-7,-35,-3,-35,0,0,0,0,0,0,-35,4,-30,6,-41,8,-35,3,-30,6,-36,7,-28,8,-36,8,-29,8,-35,9,-33,7,-28,4,-30,11,-25,8,-29,12,-28,12,-25,14,-24,12,-31,12,-22,12,-25,18,-25,14,-26,18,-28,15,-25,12,-28,17,-23,13,-23,19,-23,18,-22,19,-22,17,-28,19,-15,18,-24,20,-23,15,-28,24,-26,14,-25,18,-26,15,-23,14,-22,14,-23,18,-23,19,-20,14,-24,12,-18,14,-22,15,-22,9,-26,11,-19,4,-22,6,-20,2,-20,6,-19,2,-19,6,-17,4,-19,1,0,0,0,0,0,0,0,0,0,0]"""
1782031934546,2026-06-21T17:52:14.546,safe,posture,mhw,standing_still,t017,"CSI_DATA,535283,1a:00:00:00:00:00,-43,11,-99,18,28,11,520328693,47,2,256,0,""[0,0,0,0,0,0,0,0,0,0,0,0,-8,-1,-7,-2,-8,-1,-7,0,-9,-2,-9,-4,-8,0,-9,-2,-12,-2,-12,-2,-11,-3,-13,-4,-12,-3,-13,-4,-12,-6,-15,-6,-14,-6,-15,-8,-14,-7,-12,-4,-13,-8,-19,-6,-18,-8,-17,-11,-18,-9,-18,-9,-18,-11,-18,-7,-20,-9,-18,-9,-19,-11,-17,-7,-20,-7,-20,-6,-22,-6,-24,-4,-23,-6,-23,-8,-23,-8,-24,-6,-23,-6,-26,-6,-24,-7,-26,-3,-20,-3,-26,-1,-28,-1,-29,2,-30,-1,-33,0,-28,-6,-31,-3,-33,-4,-34,-3,-33,-3,-33,-1,-36,-1,0,0,0,0,0,0,-1,34,-4,40,-3,31,-2,36,-2,40,-3,31,-3,36,-1,31,-3,35,-1,28,1,30,2,31,3,35,3,34,-2,30,1,31,2,31,3,31,2,30,4,33,7,29,4,30,6,25,8,26,6,30,8,29,12,30,7,28,7,31,8,29,7,31,7,28,8,33,8,28,8,29,6,25,9,28,9,29,8,29,7,30,6,30,3,29,3,28,2,30,2,26,1,29,-1,23,0,28,0,22,0,24,-2,22,-2,22,-2,22,-4,20,-4,18,-6,18,-7,18,0,0,0,0,0,0,0,0,0,0]"""
1782031934559,2026-06-21T17:52:14.559,safe,posture,mhw,standing_still,t017,"CSI_DATA,535284,1a:00:00:00:00:00,-44,11,-99,20,28,11,520339693,47,2,256,0,""[0,0,0,0,0,0,0,0,0,0,0,0,3,-6,3,-6,3,-6,3,-6,3,-8,5,-9,4,-8,6,-6,6,-9,5,-8,8,-11,6,-10,8,-11,6,-11,11,-12,6,-9,10,-13,9,-13,13,-13,15,-10,15,-9,12,-13,13,-10,16,-16,15,-15,13,-15,13,-15,17,-15,11,-12,16,-16,12,-16,18,-19,18,-15,16,-15,18,-17,15,-17,12,-16,13,-20,13,-18,12,-19,17,-19,9,-19,13,-24,12,-21,19,-30,16,-20,15,-24,18,-24,13,-23,15,-25,13,-32,11,-27,17,-30,16,-30,12,-33,17,-33,17,-30,0,0,0,0,0,0,-32,-18,-27,-16,-35,-20,-30,-19,-24,-15,-32,-20,-26,-11,-33,-18,-26,-13,-33,-20,-30,-17,-24,-18,-27,-13,-24,-16,-31,-15,-30,-10,-27,-11,-26,-10,-27,-13,-24,-6,-31,-8,-26,-9,-33,-11,-28,-11,-25,-11,-27,-10,-25,-9,-30,-6,-30,-8,-27,-6,-27,-9,-32,-11,-25,-5,-31,-5,-30,-9,-36,-11,-27,-12,-27,-10,-27,-15,-25,-12,-24,-9,-30,-11,-25,-11,-21,-9,-24,-16,-23,-10,-24,-12,-19,-15,-23,-19,-15,-16,-16,-17,-12,-17,-13,-13,-10,-17,-13,-17,-12,-13,-9,-16,0,0,0,0,0,0,0,0,0,0]"""
1782031934569,2026-06-21T17:52:14.569,safe,posture,mhw,standing_still,t017,"CSI_DATA,535285,1a:00:00:00:00:00,-44,11,-99,18,28,11,520351008,47,2,256,0,""[0,0,0,0,0,0,0,0,0,0,0,0,4,-4,6,-3,8,-3,7,-3,7,-3,8,-3,8,-3,7,-3,8,-3,9,-6,11,-7,11,-7,12,-7,11,-7,12,-7,12,-7,14,-9,13,-8,14,-8,17,-11,15,-12,15,-7,13,-9,14,-12,15,-12,15,-12,15,-12,14,-12,18,-11,17,-14,15,-14,15,-14,15,-17,14,-17,12,-17,13,-17,12,-19,12,-22,13,-22,9,-22,9,-22,11,-24,11,-24,8,-25,8,-26,6,-28,6,-26,3,-25,4,-26,6,-29,4,-33,2,-28,2,-33,3,-34,1,-33,1,-35,0,-35,0,0,0,0,0,0,-36,1,-35,4,-35,4,-36,4,-33,4,-35,4,-33,6,-35,4,-31,8,-35,8,-33,8,-29,11,-28,8,-26,13,-30,14,-25,14,-25,17,-23,15,-24,15,-25,13,-25,18,-24,19,-23,19,-23,20,-20,22,-20,18,-19,22,-17,25,-18,24,-15,25,-18,24,-14,26,-19,23,-17,25,-14,25,-17,26,-18,26,-18,25,-17,24,-17,23,-17,24,-14,26,-17,23,-14,23,-15,23,-17,20,-18,20,-13,20,-14,19,-14,17,-15,17,-14,15,-15,14,-12,14,-14,13,-14,12,-13,12,0,0,0,0,0,0,0,0,0,0]"""
1782031934580,2026-06-21T17:52:14.580,safe,posture,mhw,standing_still,t017,"CSI_DATA,535286,1a:00:00:00:00:00,-44,11,-99,15,29,11,520361693,47,2,256,0,""[0,0,0,0,0,0,0,0,0,0,0,0,4,4,5,7,3,4,4,7,4,7,5,7,8,8,4,9,8,8,7,10,5,10,9,9,9,10,8,9,9,13,9,10,11,11,11,13,11,11,11,16,13,15,13,13,11,13,13,15,14,14,14,14,13,14,14,17,15,13,17,13,16,14,19,14,17,13,19,13,19,11,20,11,20,11,21,10,21,9,21,8,23,11,22,4,26,5,26,8,28,5,24,7,28,2,28,3,28,1,30,3,32,0,33,-1,33,1,33,1,34,-2,34,-2,33,0,0,0,0,0,0,0,-2,-35,-3,-35,-3,-38,-3,-36,-4,-34,-2,-38,-5,-32,-8,-36,-5,-32,-7,-33,-9,-32,-5,-30,-11,-33,-8,-28,-9,-29,-11,-28,-14,-27,-13,-27,-14,-30,-16,-22,-19,-23,-14,-24,-17,-22,-17,-23,-16,-22,-21,-23,-17,-22,-20,-20,-23,-22,-22,-20,-21,-20,-22,-23,-22,-16,-24,-16,-23,-20,-26,-21,-21,-19,-23,-19,-22,-20,-23,-19,-21,-19,-22,-20,-22,-17,-21,-17,-19,-20,-19,-15,-20,-17,-17,-19,-16,-19,-14,-16,-16,-15,-13,-16,-14,-16,-13,-15,-9,-17,-11,-16,-9,-17,0,0,0,0,0,0,0,0,0,0]"""
1782031934590,2026-06-21T17:52:14.590,safe,posture,mhw,standing_still,t017,"CSI_DATA,535287,1a:00:00:00:00:00,-44,11,-99,19,28,11,520372693,47,2,256,0,""[0,0,0,0,0,0,0,0,0,0,0,0,-3,-5,-3,-8,-3,-5,-4,-7,-4,-5,-4,-8,-4,-8,-4,-9,-9,-9,-3,-9,-4,-10,-7,-13,-7,-11,-7,-13,-5,-15,-8,-13,-8,-14,-7,-16,-9,-15,-7,-14,-5,-13,-11,-16,-8,-16,-8,-16,-10,-20,-11,-16,-9,-17,-11,-20,-13,-15,-13,-16,-11,-17,-14,-17,-14,-16,-15,-16,-15,-17,-17,-19,-15,-14,-19,-16,-17,-15,-17,-16,-20,-17,-20,-11,-22,-13,-20,-15,-24,-14,-23,-11,-27,-11,-23,-11,-26,-13,-28,-14,-28,-11,-29,-11,-33,-10,-30,-13,-33,-10,-35,-10,-32,-10,0,0,0,0,0,0,-15,35,-9,33,-8,35,-10,35,-7,32,-9,34,-7,30,-5,36,-7,32,-5,32,-3,32,-5,29,-1,34,-1,30,-4,32,0,30,3,30,0,32,0,33,5,27,8,30,3,29,7,29,7,29,5,28,10,28,5,27,8,26,10,29,11,27,8,29,9,32,13,26,14,27,10,28,13,30,9,27,13,28,10,29,10,27,10,26,10,28,10,27,8,27,8,28,10,22,8,26,4,26,5,26,2,22,5,23,2,23,3,21,0,20,1,17,0,20,-1,20,0,0,0,0,0,0,0,0,0,0]"""
1782031934601,2026-06-21T17:52:14.601,safe,posture,mhw,standing_still,t017,"CSI_DATA,535288,1a:00:00:00:00:00,-43,11,-99,18,28,11,520383693,47,2,256,0,""[0,0,0,0,0,0,0,0,0,0,0,0,6,2,6,2,6,2,7,4,7,4,6,2,8,3,8,6,12,4,11,6,9,8,9,8,12,9,11,9,11,11,11,11,13,11,9,13,11,12,13,13,12,14,13,14,11,18,8,15,11,18,9,17,11,20,9,20,11,17,11,18,9,19,11,19,9,18,11,19,11,20,13,22,11,19,11,19,11,20,12,22,11,24,14,20,14,22,12,24,11,22,13,19,13,25,14,24,17,26,15,28,13,26,14,29,15,33,14,30,15,31,14,33,14,31,0,0,0,0,0,0,35,-12,39,-8,33,-9,34,-7,33,-9,36,-6,33,-7,35,-8,33,-3,31,-4,30,-6,30,-4,34,-7,31,-4,29,-1,31,-4,30,-6,30,-2,31,-3,29,-7,29,-8,30,-3,26,-6,26,-3,28,-3,33,-6,30,-6,26,-3,33,-3,29,-3,30,-1,33,-3,30,-2,29,-2,30,0,30,0,29,0,30,0,31,1,30,2,28,6,28,6,29,8,26,8,28,12,25,8,23,11,23,13,20,11,18,11,19,13,18,14,18,13,14,17,11,14,9,17,9,17,0,0,0,0,0,0,0,0,0,0]"""
1782031934614,2026-06-21T17:52:14.614,safe,posture,mhw,standing_still,t017,"CSI_DATA,535289,1a:00:00:00:00:00,-44,11,-99,18,28,11,520394693,47,2,256,0,""[0,0,0,0,0,0,0,0,0,0,0,0,-4,2,-8,2,-6,3,-8,2,-7,2,-9,2,-9,2,-9,1,-11,3,-11,1,-12,2,-12,1,-12,0,-15,0,-15,-2,-14,1,-18,-1,-15,-2,-19,-3,-15,-3,-11,-6,-19,-4,-17,-7,-18,-6,-19,-8,-19,-9,-17,-9,-20,-11,-15,-6,-19,-9,-17,-9,-24,-11,-19,-13,-18,-9,-19,-12,-18,-11,-17,-11,-20,-11,-20,-9,-19,-9,-20,-14,-22,-7,-26,-11,-23,-14,-28,-17,-19,-15,-25,-13,-22,-17,-23,-12,-25,-14,-31,-15,-29,-14,-28,-19,-24,-20,-29,-18,-29,-20,-28,-23,0,0,0,0,0,0,-25,26,-20,19,-29,26,-25,23,-22,20,-30,24,-20,19,-30,24,-24,20,-29,22,-26,19,-25,14,-25,20,-23,13,-26,18,-25,18,-24,18,-23,15,-29,17,-19,15,-25,19,-24,15,-28,18,-25,15,-25,13,-25,17,-24,12,-24,15,-28,15,-24,15,-24,13,-30,14,-22,13,-28,15,-26,11,-35,14,-30,6,-28,8,-30,4,-29,6,-25,3,-29,6,-29,4,-25,1,-29,-3,-23,2,-28,-1,-25,-4,-29,-6,-19,-9,-23,-7,-18,-9,-19,-9,-15,-9,-15,-9,-15,-9,-14,-12,0,0,0,0,0,0,0,0,0,0]"""
1782031934624,2026-06-21T17:52:14.624,safe,posture,mhw,standing_still,t017,"CSI_DATA,535290,1a:00:00:00:00:00,-43,11,-99,18,28,11,520405693,47,2,256,0,""[0,0,0,0,0,0,0,0,0,0,0,0,-4,-6,-3,-6,-6,-4,-4,-6,-6,-8,-4,-6,-6,-4,-7,-8,-7,-7,-8,-9,-7,-8,-9,-9,-9,-8,-9,-9,-8,-12,-13,-12,-12,-9,-12,-12,-11,-8,-13,-8,-13,-9,-17,-12,-15,-12,-15,-11,-14,-12,-15,-12,-17,-14,-17,-9,-19,-12,-17,-7,-22,-11,-18,-6,-22,-6,-20,-6,-23,-3,-23,-1,-24,-3,-23,-4,-23,-1,-26,0,-23,-1,-26,2,-23,1,-29,4,-23,3,-26,7,-26,6,-26,11,-28,13,-29,12,-26,11,-33,12,-30,14,-33,15,-29,15,-29,15,-30,19,0,0,0,0,0,0,20,28,23,30,19,24,25,26,25,30,22,24,26,25,24,22,24,25,23,19,25,17,26,18,30,15,30,15,25,17,26,13,29,12,29,12,26,11,31,8,28,4,31,7,24,2,26,2,29,2,31,-1,31,0,29,-1,31,0,31,-4,31,-2,28,-3,35,-6,28,-6,29,-4,26,-7,29,-11,28,-8,28,-8,30,-8,29,-8,26,-3,28,-7,30,-4,26,-7,28,-6,23,-4,25,-6,19,-6,22,-7,20,-4,20,-6,20,-4,22,-3,18,-1,18,-1,18,0,0,0,0,0,0,0,0,0,0,0]"""
1782031934637,2026-06-21T17:52:14.637,safe,posture,mhw,standing_still,t017,"CSI_DATA,535291,1a:00:00:00:00:00,-44,11,-99,18,28,11,520416724,47,2,256,0,""[0,0,0,0,0,0,0,0,0,0,0,0,-2,-6,-3,-6,-2,-7,-3,-6,-4,-6,-2,-8,-3,-11,-2,-7,-4,-11,-3,-9,-3,-13,-3,-12,-4,-14,-3,-13,-3,-17,-2,-12,-4,-15,-3,-14,-3,-18,-1,-17,2,-15,-3,-18,0,-17,-4,-19,-1,-20,-2,-20,-2,-18,-1,-23,-2,-19,-3,-20,-2,-22,-4,-23,-2,-24,-2,-22,-3,-24,-4,-22,-3,-20,-8,-24,-6,-23,-6,-20,-4,-23,-12,-20,-13,-24,-9,-26,-12,-31,-6,-24,-9,-26,-6,-29,-9,-24,-9,-28,-14,-28,-14,-26,-14,-30,-11,-29,-17,-30,-14,-33,-12,-31,0,0,0,0,0,0,-35,11,-30,12,-37,15,-35,8,-28,11,-36,12,-29,12,-34,12,-29,12,-35,11,-31,11,-29,7,-29,11,-28,9,-29,12,-28,14,-28,15,-24,13,-30,11,-23,14,-26,17,-26,15,-28,17,-28,14,-24,12,-25,15,-25,11,-24,18,-24,17,-23,15,-24,14,-28,14,-22,17,-24,19,-24,15,-31,18,-28,12,-26,13,-28,11,-26,11,-24,11,-26,14,-25,13,-23,11,-25,4,-23,11,-25,9,-25,4,-30,3,-22,1,-24,1,-22,-2,-22,-1,-19,-1,-20,-1,-18,-1,-19,-4,0,0,0,0,0,0,0,0,0,0]"""
1782031934646,2026-06-21T17:52:14.646,safe,posture,mhw,standing_still,t017,"CSI_DATA,535292,1a:00:00:00:00:00,-43,11,-99,18,28,11,520427693,47,2,256,0,""[0,0,0,0,0,0,0,0,0,0,0,0,1,-7,1,-6,0,-7,1,-6,1,-8,1,-9,0,-9,1,-11,1,-11,0,-13,2,-12,1,-12,0,-12,1,-14,1,-13,2,-17,0,-15,1,-18,1,-15,0,-15,0,-15,1,-18,-1,-22,1,-18,0,-18,-1,-20,0,-23,-2,-18,-2,-25,-1,-19,-2,-20,-3,-19,-6,-22,-6,-20,-8,-19,-8,-23,-9,-23,-8,-22,-11,-23,-13,-23,-11,-19,-12,-25,-12,-22,-17,-22,-12,-15,-18,-20,-17,-20,-23,-18,-22,-23,-23,-22,-23,-22,-24,-22,-23,-23,-28,-23,-25,-22,-26,-18,-29,-22,0,0,0,0,0,0,-23,28,-20,31,-17,26,-18,30,-22,35,-17,26,-18,33,-14,28,-15,33,-11,28,-11,28,-9,30,-9,30,-7,33,-8,29,-6,28,-3,30,-4,33,-3,28,-3,34,-1,26,1,31,1,25,1,28,3,30,4,30,4,31,6,29,6,30,9,30,7,31,9,28,8,34,7,28,8,29,7,25,11,26,9,29,12,26,11,29,11,28,7,25,7,28,9,29,9,25,7,29,3,24,8,25,6,19,7,25,3,20,4,23,3,22,4,23,2,18,1,19,0,18,0,0,0,0,0,0,0,0,0,0]"""
1782031934658,2026-06-21T17:52:14.658,safe,posture,mhw,standing_still,t017,"CSI_DATA,535293,1a:00:00:00:00:00,-43,11,-99,20,28,11,520438693,47,2,256,0,""[0,0,0,0,0,0,0,0,0,0,0,0,6,1,6,1,5,3,8,3,6,3,9,4,10,4,10,3,10,4,10,5,13,5,12,4,12,4,12,4,13,5,12,5,16,5,16,5,17,9,17,6,15,4,17,6,17,6,19,6,19,6,18,6,16,6,20,5,19,5,21,4,19,3,26,5,21,4,23,4,23,2,21,3,23,1,26,-2,24,1,23,-2,24,-2,24,-4,27,-4,26,-4,30,-5,27,-5,28,-5,30,-8,25,-8,28,-10,31,-13,27,-12,30,-10,33,-11,31,-17,31,-15,33,-17,0,0,0,0,0,0,-17,-30,-16,-31,-21,-33,-17,-31,-16,-26,-19,-30,-17,-27,-20,-30,-20,-23,-21,-30,-21,-26,-19,-24,-19,-21,-20,-23,-24,-23,-23,-19,-25,-19,-21,-17,-23,-17,-23,-16,-27,-17,-26,-15,-27,-13,-27,-15,-27,-16,-25,-13,-26,-12,-32,-9,-28,-11,-30,-10,-26,-9,-28,-9,-26,-8,-31,-6,-30,-9,-34,-11,-30,-11,-27,-8,-30,-10,-26,-10,-26,-8,-30,-6,-26,-10,-23,-6,-24,-9,-25,-8,-26,-9,-26,-6,-25,-13,-21,-11,-20,-11,-18,-12,-16,-10,-17,-11,-19,-11,-15,-10,-13,-10,0,0,0,0,0,0,0,0,0,0]"""
1782031934667,2026-06-21T17:52:14.667,safe,posture,mhw,standing_still,t017,"CSI_DATA,535294,1a:00:00:00:00:00,-44,11,-99,16,29,11,520449693,47,2,256,0,""[0,0,0,0,0,0,0,0,0,0,0,0,-4,3,-3,6,-3,5,-4,6,-4,6,-8,6,-8,6,-6,6,-8,6,-8,4,-9,8,-11,9,-10,6,-10,8,-13,8,-12,6,-15,8,-13,10,-16,10,-19,6,-18,8,-18,5,-16,5,-18,8,-20,5,-19,4,-17,3,-19,5,-17,4,-19,8,-19,5,-25,5,-24,4,-21,4,-23,5,-20,4,-20,6,-24,8,-23,5,-20,6,-24,5,-18,10,-26,11,-26,9,-31,9,-25,6,-27,9,-27,4,-24,6,-28,8,-32,11,-27,9,-33,9,-32,6,-34,10,-35,10,-34,8,0,0,0,0,0,0,5,36,4,31,5,40,4,34,2,27,3,38,3,28,3,36,4,31,0,38,0,34,0,30,1,30,-1,27,1,34,2,31,2,32,1,28,1,31,3,26,3,32,4,27,4,34,1,33,1,27,1,27,0,26,3,32,1,32,1,28,0,26,0,32,0,26,3,31,0,28,-2,36,-3,32,-4,31,-6,30,-6,26,-8,26,-5,31,-10,27,-6,23,-10,24,-6,24,-11,25,-11,21,-17,23,-15,19,-15,18,-17,15,-13,13,-15,12,-17,13,-16,11,-16,6,0,0,0,0,0,0,0,0,0,0]"""
1782031934679,2026-06-21T17:52:14.679,safe,posture,mhw,standing_still,t017,"CSI_DATA,535295,1a:00:00:00:00:00,-44,11,-99,18,28,11,520461008,47,2,256,0,""[0,0,0,0,0,0,0,0,0,0,0,0,4,-2,7,-2,7,-1,9,-2,7,-2,9,-3,9,-2,11,-1,11,-1,9,1,12,-1,14,0,13,0,14,0,15,2,13,0,17,0,17,1,19,2,19,6,18,6,17,3,15,6,19,7,20,7,18,7,18,8,20,12,18,4,22,7,18,8,24,8,18,12,19,8,22,13,22,9,20,7,22,8,22,7,20,9,23,12,22,6,25,8,25,9,30,12,22,12,28,11,25,15,28,8,26,14,31,13,30,13,31,14,28,15,30,14,31,18,30,17,0,0,0,0,0,0,22,-31,20,-24,23,-30,25,-26,19,-23,25,-26,18,-23,23,-26,22,-23,24,-25,24,-23,23,-18,23,-24,23,-19,24,-20,23,-22,22,-22,20,-22,25,-20,18,-20,20,-24,20,-20,22,-24,23,-20,22,-17,22,-20,22,-18,20,-23,24,-19,22,-19,22,-18,28,-19,19,-18,24,-20,24,-17,31,-19,26,-13,26,-14,28,-12,26,-11,25,-11,28,-12,26,-9,24,-7,28,-4,23,-7,26,-3,24,-2,28,0,24,2,23,1,23,4,20,3,18,4,19,6,18,7,15,9,0,0,0,0,0,0,0,0,0,0]"""
1782031934692,2026-06-21T17:52:14.692,safe,posture,mhw,standing_still,t017,"CSI_DATA,535296,1a:00:00:00:00:00,-43,11,-99,18,28,11,520471693,47,2,256,0,""[0,0,0,0,0,0,0,0,0,0,0,0,3,-4,6,-3,6,-4,7,-6,6,-4,8,-4,7,-4,8,-8,8,-7,9,-8,8,-6,9,-7,11,-8,12,-7,12,-6,15,-9,14,-8,15,-7,15,-8,14,-6,19,-7,15,-8,19,-9,17,-9,17,-8,15,-9,19,-11,17,-9,23,-9,18,-11,19,-9,17,-8,20,-13,18,-13,18,-14,19,-14,20,-14,18,-13,19,-13,20,-17,18,-18,20,-18,20,-17,17,-22,15,-17,18,-24,19,-19,15,-24,18,-24,18,-24,20,-22,20,-23,22,-25,20,-28,22,-25,20,-25,19,-28,0,0,0,0,0,0,-28,-22,-30,-25,-26,-20,-28,-19,-33,-23,-25,-20,-31,-22,-26,-19,-30,-20,-24,-15,-24,-17,-30,-14,-25,-17,-31,-14,-26,-14,-28,-11,-29,-12,-29,-12,-25,-8,-31,-14,-28,-9,-29,-12,-25,-9,-26,-8,-30,-8,-28,-7,-31,-7,-29,-6,-30,-7,-31,-6,-31,-6,-28,-4,-33,-9,-28,-7,-30,-7,-28,-7,-31,-6,-30,-9,-29,-4,-29,-12,-28,-8,-25,-11,-25,-9,-28,-12,-25,-9,-25,-13,-22,-13,-22,-9,-15,-9,-22,-12,-18,-11,-19,-12,-15,-13,-17,-13,-12,-13,-12,-13,-11,-15,0,0,0,0,0,0,0,0,0,0]"""
1782031934701,2026-06-21T17:52:14.701,safe,posture,mhw,standing_still,t017,"CSI_DATA,535297,1a:00:00:00:00:00,-43,11,-99,18,28,11,520482693,47,2,256,0,""[0,0,0,0,0,0,0,0,0,0,0,0,6,2,9,4,7,3,8,3,7,3,8,3,8,7,7,6,9,6,8,7,9,7,9,8,11,8,13,8,12,11,9,8,13,11,12,9,15,12,11,15,11,13,13,12,12,13,13,12,14,15,14,13,14,14,13,17,13,12,18,13,13,15,18,17,14,17,17,14,15,17,19,15,15,12,20,14,19,13,19,13,22,15,20,8,24,12,24,14,28,15,22,14,25,13,24,14,25,11,25,14,30,12,29,11,33,17,26,13,31,12,35,15,30,13,0,0,0,0,0,0,18,-33,14,-29,17,-35,18,-30,12,-28,19,-33,13,-26,15,-34,14,-25,15,-31,15,-30,15,-28,11,-30,11,-25,12,-29,8,-29,8,-30,7,-28,13,-30,7,-25,6,-30,8,-28,6,-30,9,-29,8,-26,6,-30,6,-26,4,-29,3,-31,2,-29,4,-29,8,-31,2,-26,3,-31,6,-28,6,-35,9,-28,7,-29,9,-29,8,-28,8,-25,8,-29,8,-26,8,-25,12,-25,7,-24,11,-24,13,-20,14,-23,14,-18,12,-18,14,-15,14,-17,13,-14,14,-17,12,-14,14,-11,0,0,0,0,0,0,0,0,0,0]"""
1782031934712,2026-06-21T17:52:14.712,safe,posture,mhw,standing_still,t017,"CSI_DATA,535298,1a:00:00:00:00:00,-43,11,-99,18,28,11,520493693,47,2,256,0,""[0,0,0,0,0,0,0,0,0,0,0,0,4,-2,4,-3,6,-3,6,-3,6,-4,8,-6,7,-7,7,-6,8,-6,8,-6,12,-8,11,-9,12,-8,9,-8,12,-9,11,-8,13,-12,11,-11,13,-12,14,-13,12,-15,13,-11,13,-13,13,-15,13,-14,13,-13,12,-14,13,-15,11,-14,12,-19,11,-17,14,-20,14,-19,11,-19,12,-20,9,-19,9,-18,8,-24,7,-23,6,-23,3,-23,3,-23,3,-28,1,-25,3,-33,2,-28,0,-29,2,-29,1,-25,-1,-30,-6,-33,-3,-28,-3,-33,-3,-35,-8,-33,-7,-36,-9,-35,0,0,0,0,0,0,-30,11,-29,12,-37,15,-31,13,-26,12,-33,17,-29,14,-31,18,-25,17,-33,18,-30,18,-26,17,-25,17,-24,15,-24,23,-22,20,-20,24,-19,22,-20,22,-14,20,-17,28,-14,25,-17,28,-15,26,-12,26,-14,23,-12,25,-11,29,-9,29,-12,28,-8,26,-8,29,-8,26,-6,30,-7,29,-11,36,-8,30,-6,30,-8,29,-7,28,-7,26,-6,30,-8,28,-4,25,-6,25,-6,24,-7,25,-4,24,-11,26,-7,23,-8,22,-9,19,-7,17,-8,19,-9,18,-6,15,-9,17,0,0,0,0,0,0,0,0,0,0]"""
1782031934725,2026-06-21T17:52:14.725,safe,posture,mhw,standing_still,t017,"CSI_DATA,535299,1a:00:00:00:00:00,-44,11,-99,18,28,11,520505962,47,2,256,0,""[0,0,0,0,0,0,0,0,0,0,0,0,6,-1,6,-2,6,-1,8,-2,9,-2,7,-2,7,-1,11,-3,11,-4,12,-4,12,-2,12,-4,12,-4,14,-3,13,-3,14,-4,17,-6,15,-3,17,-4,14,-7,14,-3,17,-8,18,-6,18,-3,18,-8,18,-6,20,-7,20,-9,20,-9,18,-9,19,-8,15,-11,17,-12,17,-14,18,-14,18,-17,15,-15,17,-14,17,-15,17,-19,18,-19,18,-20,15,-22,17,-20,13,-22,11,-22,11,-26,11,-28,11,-26,12,-30,12,-25,13,-30,12,-33,9,-30,11,-31,9,-34,9,-34,0,0,0,0,0,0,-35,-8,-37,-11,-33,-8,-34,-8,-34,-6,-34,-9,-33,-6,-34,-6,-31,-7,-31,-1,-29,-1,-30,0,-33,3,-30,3,-30,-2,-31,2,-31,4,-31,3,-33,3,-28,8,-29,9,-29,7,-25,9,-25,13,-24,12,-28,17,-25,14,-28,13,-28,14,-25,15,-29,13,-28,18,-26,17,-25,17,-26,14,-24,18,-22,15,-23,20,-23,20,-25,19,-22,18,-24,13,-25,15,-25,14,-25,13,-22,13,-23,13,-23,11,-20,13,-18,11,-19,12,-18,11,-19,11,-19,7,-18,6,-19,7,-18,4,0,0,0,0,0,0,0,0,0,0]"""
1782031934734,2026-06-21T17:52:14.734,safe,posture,mhw,standing_still,t017,"CSI_DATA,535300,1a:00:00:00:00:00,-44,11,-99,18,28,11,520516241,47,2,256,0,""[0,0,0,0,0,0,0,0,0,0,0,0,-2,6,-3,6,-4,8,-4,6,-4,6,-6,6,-4,9,-7,8,-7,8,-6,11,-7,9,-6,11,-8,11,-8,12,-8,11,-12,14,-8,13,-9,15,-9,12,-9,14,-12,18,-12,14,-9,18,-11,14,-11,14,-11,18,-13,18,-9,17,-13,18,-9,18,-9,19,-9,17,-9,20,-9,20,-6,23,-7,20,-6,23,-7,20,-7,24,-6,26,-3,23,-6,28,-4,25,0,26,-2,23,2,30,-2,28,4,28,1,31,1,31,0,30,0,30,2,31,3,36,2,33,4,31,8,34,0,0,0,0,0,0,33,-7,37,-8,31,-7,33,-9,39,-11,30,-8,36,-11,29,-8,36,-11,28,-11,29,-11,30,-14,29,-12,29,-17,26,-12,24,-14,26,-18,25,-17,22,-15,28,-17,22,-19,23,-20,19,-17,20,-20,23,-23,20,-20,20,-24,18,-23,20,-23,18,-25,19,-25,14,-24,23,-25,18,-24,17,-24,15,-19,17,-26,18,-24,15,-25,18,-22,18,-23,19,-22,20,-22,20,-22,15,-20,19,-20,19,-15,17,-19,13,-14,17,-17,17,-15,14,-15,15,-13,17,-14,15,-9,14,-8,17,-11,0,0,0,0,0,0,0,0,0,0]"""
1782031934745,2026-06-21T17:52:14.745,safe,posture,mhw,standing_still,t017,"CSI_DATA,535301,1a:00:00:00:00:00,-45,11,-99,18,29,11,520526872,47,2,256,0,""[0,0,0,0,0,0,0,0,0,0,0,0,-5,5,-7,4,-4,4,-6,4,-5,6,-5,6,-8,6,-7,5,-7,8,-8,6,-8,8,-9,9,-8,10,-9,10,-11,8,-9,9,-13,11,-13,11,-13,11,-15,10,-16,9,-14,11,-15,10,-13,14,-15,13,-14,13,-15,11,-18,15,-13,14,-15,17,-15,14,-16,18,-16,15,-16,17,-15,16,-15,18,-11,16,-11,20,-13,20,-11,21,-14,20,-5,22,-9,26,-11,22,-11,29,-10,23,-10,28,-11,26,-8,27,-9,28,-5,31,-4,33,-9,31,-7,31,-3,33,-6,38,-7,35,0,0,0,0,0,0,38,8,33,6,38,4,34,8,29,3,34,6,30,1,37,2,31,3,35,5,32,3,29,4,31,0,28,3,32,-2,31,-5,29,-5,29,-4,31,-1,26,-7,29,-9,29,-5,31,-8,29,-7,29,-5,30,-10,28,-6,27,-13,27,-11,26,-10,27,-9,31,-9,22,-14,26,-15,27,-11,30,-15,28,-8,28,-11,30,-8,27,-11,25,-8,27,-13,26,-11,23,-10,27,-7,22,-9,26,-9,23,-5,27,-3,22,-2,22,-2,19,0,21,-2,20,-1,20,-2,18,-1,18,2,0,0,0,0,0,0,0,0,0,0]"""
1782031934758,2026-06-21T17:52:14.758,safe,posture,mhw,standing_still,t017,"CSI_DATA,535302,1a:00:00:00:00:00,-44,11,-99,18,28,11,520537693,47,2,256,0,""[0,0,0,0,0,0,0,0,0,0,0,0,7,-1,7,-1,7,-1,7,-2,7,-3,9,-2,9,-2,9,-3,11,-2,11,-2,13,-3,12,-2,13,-3,13,-4,15,-4,14,-1,18,-3,15,-4,18,-2,20,-3,20,-4,17,-1,18,-2,20,-4,19,-3,20,-4,19,-2,20,-3,18,-3,20,-6,20,-4,25,-4,23,-4,22,-6,22,-4,22,-4,20,-6,23,-11,24,-7,19,-9,22,-11,23,-12,24,-12,20,-12,25,-15,23,-14,24,-15,24,-14,23,-14,24,-17,24,-20,23,-17,29,-18,28,-19,24,-22,29,-23,28,-22,0,0,0,0,0,0,-22,-29,-22,-23,-26,-29,-23,-26,-19,-20,-22,-28,-19,-23,-24,-26,-23,-20,-23,-25,-24,-24,-23,-20,-22,-22,-23,-19,-25,-22,-25,-19,-26,-17,-24,-15,-25,-17,-24,-15,-28,-14,-25,-14,-29,-14,-26,-15,-28,-12,-25,-12,-25,-13,-29,-9,-26,-11,-29,-9,-26,-11,-29,-11,-25,-11,-30,-11,-26,-9,-33,-13,-29,-12,-26,-12,-26,-13,-23,-12,-25,-13,-28,-12,-24,-13,-23,-13,-23,-12,-22,-14,-22,-14,-19,-13,-22,-15,-19,-14,-17,-14,-15,-14,-13,-15,-13,-15,-13,-15,-12,-13,-11,-14,0,0,0,0,0,0,0,0,0,0]"""
1782031934767,2026-06-21T17:52:14.767,safe,posture,mhw,standing_still,t017,"CSI_DATA,535303,1a:00:00:00:00:00,-43,11,-99,18,28,11,520548693,47,2,256,0,""[0,0,0,0,0,0,0,0,0,0,0,0,-6,4,-6,4,-6,4,-6,3,-6,4,-7,3,-7,4,-9,4,-11,4,-12,4,-12,4,-11,4,-13,4,-13,6,-12,2,-18,2,-15,3,-15,1,-15,0,-13,3,-18,2,-18,-1,-19,-1,-20,-2,-19,-1,-22,-2,-19,-2,-18,0,-23,-7,-19,-4,-20,-4,-18,-4,-20,-4,-20,-6,-23,-3,-23,-4,-23,-6,-22,-6,-24,-7,-25,-6,-23,-6,-26,-8,-23,-7,-25,-4,-20,-6,-29,-4,-25,-9,-30,-6,-29,-9,-29,-8,-26,-9,-29,-11,-30,-14,-31,-14,-30,-13,-29,-12,-33,-15,0,0,0,0,0,0,-19,28,-22,31,-17,26,-20,29,-22,30,-19,24,-24,30,-20,25,-24,24,-22,23,-20,23,-22,24,-20,23,-22,26,-22,24,-20,22,-20,23,-20,23,-17,19,-24,23,-20,20,-23,22,-19,19,-20,18,-23,22,-22,18,-22,22,-22,19,-23,19,-23,19,-24,19,-20,19,-29,18,-25,15,-25,15,-23,13,-26,17,-26,13,-28,13,-29,9,-29,8,-28,8,-28,4,-29,6,-26,4,-28,-1,-25,-2,-24,1,-19,-3,-24,-3,-23,-4,-23,-3,-20,-7,-20,-7,-17,-9,-15,-11,-14,-11,0,0,0,0,0,0,0,0,0,0]"""
1782031934778,2026-06-21T17:52:14.778,safe,posture,mhw,standing_still,t017,"CSI_DATA,535304,1a:00:00:00:00:00,-43,11,-99,20,28,11,520559693,47,2,256,0,""[0,0,0,0,0,0,0,0,0,0,0,0,-4,5,-3,3,-4,6,-2,5,-4,9,-4,8,-3,8,-3,12,-6,10,-6,12,-3,11,-5,11,-6,13,-5,12,-5,12,-6,15,-5,13,-6,18,-5,15,-8,15,-8,18,-5,17,-6,20,-5,17,-6,18,-5,19,-5,21,-3,19,-5,23,-3,18,-1,24,-3,18,0,23,0,21,2,24,2,24,3,26,3,24,5,25,6,27,9,21,8,28,5,24,10,24,8,20,16,24,15,26,19,21,18,25,18,26,16,24,19,26,19,26,23,27,23,26,21,21,27,24,0,0,0,0,0,0,23,-26,26,-30,19,-24,20,-28,24,-32,19,-25,21,-32,16,-26,19,-33,12,-26,12,-27,9,-31,11,-31,11,-34,8,-28,6,-28,4,-31,4,-31,3,-27,4,-34,2,-28,1,-33,-1,-25,-4,-28,-5,-30,-4,-28,-6,-33,-6,-30,-6,-28,-11,-30,-9,-31,-11,-26,-8,-34,-6,-27,-11,-30,-10,-23,-13,-27,-10,-26,-15,-26,-12,-28,-13,-27,-9,-25,-11,-26,-12,-27,-11,-21,-11,-26,-4,-23,-11,-24,-6,-17,-9,-23,-5,-20,-9,-19,-6,-20,-8,-20,-5,-18,-3,-18,-1,-19,0,0,0,0,0,0,0,0,0,0]"""
1782031934788,2026-06-21T17:52:14.788,safe,posture,mhw,standing_still,t017,"CSI_DATA,535305,1a:00:00:00:00:00,-44,11,-99,15,29,11,520570693,47,2,256,0,""[0,0,0,0,0,0,0,0,0,0,0,0,-2,5,-3,8,-3,7,-3,7,-2,8,-5,9,-7,9,-4,8,-4,10,-4,7,-7,11,-7,11,-5,10,-7,10,-9,13,-8,10,-10,13,-8,11,-11,15,-15,11,-14,9,-13,13,-13,11,-13,15,-15,14,-15,13,-14,10,-15,15,-11,11,-16,15,-15,13,-19,19,-19,14,-16,14,-17,14,-15,14,-14,15,-15,20,-15,17,-13,17,-17,19,-10,21,-15,23,-16,21,-21,28,-17,19,-17,22,-21,21,-15,20,-19,24,-17,30,-15,27,-20,27,-20,26,-16,29,-22,29,-21,28,0,0,0,0,0,0,28,24,26,22,32,23,28,22,22,19,28,24,24,19,29,23,23,17,27,24,27,23,20,21,22,20,22,20,28,19,26,19,26,16,23,15,24,19,24,13,27,15,24,15,29,17,26,17,23,15,24,17,23,14,28,13,27,14,27,14,24,14,27,16,23,11,29,14,26,15,32,21,24,20,23,17,22,21,20,17,21,17,24,19,22,20,19,15,17,20,19,15,19,20,14,20,15,23,10,20,10,20,5,20,7,19,8,19,7,21,5,17,2,19,0,0,0,0,0,0,0,0,0,0]"""
1782031934800,2026-06-21T17:52:14.800,safe,posture,mhw,standing_still,t017,"CSI_DATA,535306,1a:00:00:00:00:00,-44,11,-99,15,29,11,520581693,47,2,256,0,""[0,0,0,0,0,0,0,0,0,0,0,0,8,0,8,1,5,1,10,3,5,1,9,1,10,3,8,3,11,2,9,3,11,4,14,2,13,1,14,1,14,4,14,2,19,3,15,3,20,3,19,3,14,3,19,4,15,4,20,1,20,1,20,2,19,3,23,3,16,0,22,0,20,2,27,-1,22,1,22,-1,23,-1,22,-1,20,-3,22,-5,21,-7,21,-7,26,-7,20,-11,24,-13,24,-10,29,-15,24,-9,27,-16,26,-11,23,-15,23,-15,26,-21,23,-21,27,-22,26,-21,22,-26,28,-24,27,-22,0,0,0,0,0,0,-24,-26,-22,-24,-30,-27,-24,-26,-21,-19,-28,-27,-23,-17,-29,-23,-22,-19,-29,-23,-26,-22,-23,-19,-27,-16,-23,-15,-28,-14,-29,-11,-30,-8,-26,-10,-30,-13,-24,-4,-32,-7,-26,-8,-34,-5,-30,-8,-27,-7,-29,-3,-26,-3,-29,0,-30,0,-29,1,-27,-1,-34,-2,-27,2,-30,4,-29,-1,-39,1,-30,-2,-30,2,-30,-2,-29,0,-27,2,-32,2,-27,3,-24,1,-28,-2,-23,2,-28,0,-24,-2,-30,-2,-21,-4,-23,-2,-21,-4,-19,-3,-16,-4,-21,-4,-19,-2,-19,-5,0,0,0,0,0,0,0,0,0,0]"""
1782031934812,2026-06-21T17:52:14.812,safe,posture,mhw,standing_still,t017,"CSI_DATA,535307,1a:00:00:00:00:00,-43,11,-99,20,28,11,520592693,47,2,256,0,""[0,0,0,0,0,0,0,0,0,0,0,0,-6,-4,-5,-3,-6,-4,-4,-5,-5,-5,-6,-4,-6,-4,-10,-6,-9,-8,-11,-6,-8,-8,-9,-9,-9,-9,-9,-10,-9,-11,-10,-12,-9,-11,-10,-15,-6,-11,-11,-13,-11,-12,-11,-17,-10,-17,-8,-17,-9,-18,-9,-18,-8,-20,-9,-19,-8,-23,-10,-19,-9,-18,-8,-16,-11,-18,-10,-20,-11,-20,-12,-21,-11,-23,-9,-19,-10,-23,-11,-23,-11,-23,-11,-24,-11,-21,-13,-24,-9,-17,-16,-20,-15,-23,-18,-23,-17,-26,-16,-27,-12,-25,-16,-31,-13,-28,-15,-32,-16,-32,-16,-31,-15,-31,0,0,0,0,0,0,-34,11,-39,15,-26,11,-34,13,-38,13,-31,9,-33,12,-30,9,-34,9,-27,9,-28,11,-30,10,-30,12,-33,11,-27,5,-30,8,-30,10,-28,10,-27,8,-32,11,-26,11,-28,10,-23,9,-24,11,-28,11,-30,12,-31,12,-26,8,-30,8,-28,11,-31,8,-28,9,-32,6,-27,9,-28,8,-24,6,-27,9,-27,6,-28,9,-32,6,-31,2,-27,-2,-31,0,-31,-2,-28,-2,-30,-3,-24,-5,-26,-4,-18,-5,-21,-4,-21,-5,-21,-5,-20,-6,-21,-10,-13,-11,-15,-12,-11,-11,0,0,0,0,0,0,0,0,0,0]"""
1782031934822,2026-06-21T17:52:14.822,safe,posture,mhw,standing_still,t017,"CSI_DATA,535308,1a:00:00:00:00:00,-44,11,-99,19,28,11,520603693,47,2,256,0,""[0,0,0,0,0,0,0,0,0,0,0,0,-2,7,-3,3,-5,7,-4,4,-5,7,-5,5,-3,7,-7,8,-8,8,-7,10,-7,9,-7,10,-8,10,-11,10,-10,9,-11,13,-9,11,-14,14,-9,11,-10,10,-14,13,-10,11,-13,16,-13,14,-14,14,-14,15,-15,15,-13,15,-16,16,-13,14,-15,14,-13,15,-9,19,-13,19,-10,19,-10,21,-11,22,-13,20,-11,22,-11,26,-8,21,-11,26,-11,22,-9,26,-5,19,-4,30,-7,27,-1,28,-5,29,-4,33,-5,29,-7,29,-5,32,-5,36,-5,34,-2,33,-1,38,0,0,0,0,0,0,34,2,36,4,29,2,35,2,41,0,32,4,38,3,32,0,35,2,30,0,29,-2,34,-3,32,-2,35,-8,30,-1,29,-4,30,-8,32,-5,27,-4,33,-8,26,-8,30,-10,22,-8,24,-9,28,-11,27,-13,29,-14,27,-11,27,-14,27,-16,29,-15,24,-14,33,-14,26,-13,27,-15,21,-13,28,-16,26,-13,26,-17,28,-14,28,-14,27,-10,27,-9,28,-11,24,-10,28,-8,22,-4,24,-8,19,-4,24,-7,22,-5,21,-8,22,-3,22,-3,19,0,17,-1,19,1,0,0,0,0,0,0,0,0,0,0]"""
1782031934834,2026-06-21T17:52:14.834,safe,posture,mhw,standing_still,t017,"CSI_DATA,535309,1a:00:00:00:00:00,-44,11,-99,18,28,11,520614693,47,2,256,0,""[0,0,0,0,0,0,0,0,0,0,0,0,-3,-4,-2,-7,-2,-7,-1,-8,-2,-9,-2,-9,-2,-9,-1,-9,-1,-12,-1,-11,-3,-11,-2,-13,-3,-13,-2,-13,-2,-13,-2,-15,-3,-15,-3,-15,0,-18,1,-17,0,-18,-1,-18,-2,-19,-3,-22,-3,-19,-4,-20,-2,-20,-3,-19,-2,-20,-3,-22,-3,-20,-3,-25,-3,-23,-3,-22,-4,-22,-3,-22,-6,-20,-9,-22,-7,-20,-9,-22,-11,-22,-11,-22,-11,-22,-13,-23,-13,-25,-13,-24,-12,-25,-13,-24,-14,-24,-15,-25,-19,-28,-18,-25,-20,-28,-17,-28,-20,-28,-20,-28,-18,-26,0,0,0,0,0,0,-26,17,-25,22,-30,25,-26,23,-26,20,-26,20,-26,22,-26,22,-23,22,-26,20,-25,22,-23,20,-24,19,-19,20,-19,24,-19,24,-18,24,-18,23,-18,23,-17,22,-17,24,-17,25,-15,25,-17,25,-15,25,-15,24,-14,25,-13,28,-13,28,-12,29,-12,26,-12,28,-14,25,-13,26,-12,26,-17,30,-14,26,-15,25,-14,25,-18,24,-12,23,-13,26,-15,25,-13,23,-15,22,-15,20,-15,20,-14,22,-18,18,-17,18,-15,15,-17,14,-15,11,-14,13,-17,12,-15,11,-17,8,0,0,0,0,0,0,0,0,0,0]"""
1782031934846,2026-06-21T17:52:14.846,safe,posture,mhw,standing_still,t017,"CSI_DATA,535310,1a:00:00:00:00:00,-43,11,-99,18,28,11,520628599,47,2,256,0,""[0,0,0,0,0,0,0,0,0,0,0,0,-7,2,-8,2,-6,2,-9,0,-6,2,-9,2,-11,2,-8,1,-8,3,-11,1,-12,3,-12,6,-12,4,-13,6,-15,3,-13,6,-18,9,-14,6,-18,6,-17,7,-17,2,-14,7,-17,6,-17,9,-18,11,-14,11,-17,9,-18,12,-13,12,-15,15,-17,13,-18,17,-17,13,-15,13,-17,15,-14,17,-12,15,-12,22,-11,20,-9,19,-13,22,-4,22,-7,26,-7,23,-9,33,-9,23,-4,28,-9,28,-3,26,-3,30,2,33,3,33,0,35,0,31,8,34,3,36,1,36,0,0,0,0,0,0,37,-7,33,-6,37,-12,35,-7,26,-8,35,-11,29,-13,35,-14,25,-12,34,-15,31,-13,28,-11,28,-15,25,-13,25,-19,23,-22,20,-20,19,-22,25,-22,14,-19,17,-28,18,-23,18,-26,18,-24,17,-24,14,-25,13,-24,8,-28,11,-29,9,-26,9,-24,14,-29,3,-26,3,-30,6,-29,7,-36,12,-28,6,-28,11,-29,7,-26,6,-26,4,-30,3,-28,1,-25,6,-26,0,-26,3,-26,6,-23,8,-29,8,-20,6,-22,7,-19,6,-19,7,-18,6,-19,6,-17,8,-17,0,0,0,0,0,0,0,0,0,0]"""
1782031934859,2026-06-21T17:52:14.859,safe,posture,mhw,standing_still,t017,"CSI_DATA,535311,1a:00:00:00:00:00,-44,11,-99,19,28,11,520636693,47,2,256,0,""[0,0,0,0,0,0,0,0,0,0,0,0,-7,-4,-7,-3,-5,-2,-7,-4,-5,-3,-8,-7,-8,-7,-5,-5,-9,-7,-8,-5,-10,-10,-10,-9,-11,-9,-9,-9,-13,-10,-8,-9,-13,-11,-13,-9,-15,-13,-11,-16,-11,-15,-13,-15,-10,-13,-14,-15,-14,-15,-13,-13,-11,-14,-14,-19,-13,-13,-16,-15,-13,-15,-19,-19,-13,-19,-14,-15,-16,-19,-15,-16,-15,-13,-20,-15,-19,-13,-17,-14,-19,-17,-19,-10,-24,-13,-21,-16,-28,-20,-20,-16,-24,-15,-21,-19,-22,-15,-26,-15,-29,-17,-27,-13,-28,-20,-26,-17,-29,-14,-33,-20,-27,-17,0,0,0,0,0,0,-21,30,-17,27,-21,35,-21,26,-16,23,-23,30,-15,26,-21,32,-15,26,-20,30,-21,27,-20,24,-16,27,-16,23,-15,28,-14,28,-13,29,-13,27,-17,28,-8,23,-10,30,-11,27,-13,33,-14,28,-11,23,-11,28,-11,24,-9,29,-10,28,-8,29,-10,26,-14,32,-5,26,-7,32,-11,28,-15,36,-15,27,-11,29,-15,27,-13,23,-14,24,-13,29,-14,24,-11,21,-17,21,-11,21,-16,23,-15,19,-21,21,-16,15,-17,15,-16,13,-14,11,-16,9,-16,11,-14,10,-17,8,0,0,0,0,0,0,0,0,0,0]"""
1782031934866,2026-06-21T17:52:14.866,safe,posture,mhw,standing_still,t017,"CSI_DATA,535312,1a:00:00:00:00:00,-44,11,-99,18,28,11,520647693,47,2,256,0,""[0,0,0,0,0,0,0,0,0,0,0,0,-6,4,-4,2,-9,3,-7,3,-8,3,-7,3,-7,2,-9,3,-9,3,-12,4,-12,3,-12,3,-12,4,-12,4,-13,2,-17,2,-14,3,-17,1,-15,2,-18,1,-22,3,-17,0,-20,2,-19,2,-19,0,-20,1,-19,0,-18,1,-24,-1,-20,-1,-20,1,-19,1,-22,2,-23,0,-22,2,-25,1,-25,2,-23,1,-24,2,-26,4,-23,4,-29,2,-23,2,-25,6,-20,4,-28,8,-26,4,-25,9,-29,7,-31,6,-28,6,-31,6,-30,6,-33,6,-35,6,-33,8,-34,8,0,0,0,0,0,0,3,35,7,39,6,31,4,35,6,37,2,31,4,36,3,30,2,35,4,30,4,29,6,33,4,31,8,34,3,30,6,29,8,30,7,30,6,28,6,33,9,28,8,31,7,24,6,26,9,29,7,28,11,30,9,26,9,29,12,30,11,31,9,26,6,33,6,29,6,30,4,26,8,31,3,29,6,29,4,30,3,30,-1,30,1,30,1,30,1,28,-4,28,-6,24,0,26,-2,20,-4,25,-6,20,-4,20,-7,20,-6,20,-8,15,-9,15,-11,15,0,0,0,0,0,0,0,0,0,0]"""
1782031934879,2026-06-21T17:52:14.879,safe,posture,mhw,standing_still,t017,"CSI_DATA,535313,1a:00:00:00:00:00,-43,11,-99,15,29,11,520658693,47,2,256,0,""[0,0,0,0,0,0,0,0,0,0,0,0,1,-5,2,-5,3,-8,3,-8,3,-7,5,-8,5,-8,4,-8,5,-8,5,-9,8,-10,9,-9,8,-10,10,-10,7,-10,10,-11,11,-11,11,-13,13,-11,16,-9,14,-9,13,-9,15,-11,15,-11,16,-13,14,-11,16,-11,16,-13,17,-10,17,-13,17,-13,16,-11,19,-14,19,-14,17,-13,17,-13,17,-14,20,-16,20,-15,19,-16,17,-16,20,-16,19,-17,17,-19,21,-19,20,-20,20,-17,21,-21,22,-17,22,-20,26,-23,23,-21,22,-19,28,-24,26,-23,27,-21,24,-22,0,0,0,0,0,0,-20,-27,-24,-26,-23,-29,-21,-28,-22,-28,-20,-27,-19,-28,-20,-29,-19,-26,-19,-28,-19,-28,-19,-26,-16,-24,-20,-26,-20,-27,-17,-26,-20,-24,-19,-23,-17,-22,-16,-24,-20,-23,-21,-22,-20,-23,-19,-23,-20,-22,-16,-23,-20,-23,-21,-24,-19,-23,-21,-24,-17,-22,-19,-21,-16,-24,-19,-24,-19,-23,-16,-28,-19,-28,-14,-26,-15,-27,-13,-26,-14,-27,-11,-28,-9,-28,-10,-24,-9,-23,-5,-26,-7,-26,-5,-26,-2,-24,-2,-23,-1,-23,1,-21,2,-20,1,-21,2,-20,4,-17,5,-17,0,0,0,0,0,0,0,0,0,0]"""
1782031934886,2026-06-21T17:52:14.886,safe,posture,mhw,standing_still,t017,"CSI_DATA,535314,1a:00:00:00:00:00,-44,11,-99,20,28,11,520669693,47,2,256,0,""[0,0,0,0,0,0,0,0,0,0,0,0,4,4,5,6,2,3,5,6,4,6,5,9,4,9,4,8,5,10,3,10,5,11,4,11,5,12,5,12,4,16,4,12,5,16,3,15,2,20,2,18,0,13,3,20,0,16,2,21,3,19,3,20,0,19,-1,21,1,17,1,23,2,20,2,26,-2,24,-1,23,-1,24,1,20,0,19,3,25,2,23,2,23,1,24,4,21,4,27,2,26,2,33,-1,28,2,28,-2,28,1,26,1,28,5,34,5,31,0,33,1,32,4,34,2,36,1,35,0,0,0,0,0,0,36,2,30,3,40,2,36,5,28,3,38,4,28,2,36,5,31,3,36,5,34,8,28,9,30,6,26,6,34,4,31,2,30,2,28,2,31,5,25,3,32,2,27,2,33,4,31,5,28,5,28,4,26,4,31,1,31,2,31,2,27,3,31,6,26,3,31,3,28,5,39,10,28,12,27,10,27,13,25,11,25,11,28,10,28,12,24,11,24,16,21,11,23,17,18,13,23,21,13,17,16,18,11,17,10,18,8,16,12,18,9,16,5,18,0,0,0,0,0,0,0,0,0,0]"""
1782031934898,2026-06-21T17:52:14.898,safe,posture,mhw,standing_still,t017,"CSI_DATA,535315,1a:00:00:00:00:00,-43,11,-99,18,28,11,520680693,47,2,256,0,""[0,0,0,0,0,0,0,0,0,0,0,0,6,3,6,3,7,3,7,4,7,4,9,6,7,6,8,4,7,6,11,6,11,7,9,4,11,8,11,8,12,8,12,11,14,11,13,11,14,11,12,13,14,13,13,11,13,12,17,12,15,13,17,12,17,9,17,12,17,13,18,11,17,11,17,13,20,13,18,12,20,12,20,12,19,9,23,8,22,9,23,6,24,6,25,8,25,8,25,3,25,7,28,4,29,6,26,1,28,4,29,3,31,4,29,3,34,4,34,4,34,3,35,2,35,0,0,0,0,0,0,0,1,-34,3,-35,0,-35,1,-35,0,-34,-1,-34,0,-34,-1,-36,-2,-33,0,-35,-1,-31,-6,-31,-2,-31,-3,-33,-4,-33,-7,-29,-11,-30,-7,-28,-8,-28,-7,-30,-11,-30,-9,-29,-11,-29,-11,-29,-12,-26,-9,-26,-13,-28,-15,-25,-14,-26,-15,-26,-14,-26,-17,-24,-12,-28,-15,-26,-14,-24,-13,-28,-15,-28,-13,-26,-14,-26,-11,-26,-13,-26,-13,-26,-11,-26,-12,-24,-9,-23,-7,-24,-7,-25,-8,-22,-6,-22,-4,-25,-4,-22,-4,-22,-1,-22,-3,-22,-2,-20,0,-19,0,-18,0,0,0,0,0,0,0,0,0,0]"""
1782031934909,2026-06-21T17:52:14.909,safe,posture,mhw,standing_still,t017,"CSI_DATA,535316,1a:00:00:00:00:00,-44,11,-99,17,28,11,520691693,47,2,256,0,""[0,0,0,0,0,0,0,0,0,0,0,0,2,6,1,7,1,7,0,7,1,7,0,8,1,10,-1,10,0,11,-1,11,-2,11,-3,12,-2,13,-5,13,-6,15,-3,15,-6,15,-7,16,-7,16,-8,15,-10,12,-7,18,-10,15,-10,16,-11,17,-12,15,-12,15,-13,18,-12,15,-12,16,-13,16,-13,16,-13,17,-12,17,-13,18,-15,18,-15,16,-15,17,-16,18,-13,17,-18,18,-13,20,-16,22,-18,20,-18,20,-16,20,-17,23,-18,21,-20,23,-21,21,-20,22,-22,26,-25,23,-23,21,-26,22,-28,23,-27,21,0,0,0,0,0,0,21,32,18,31,20,27,17,31,17,31,13,31,15,28,17,32,13,30,13,28,13,28,10,27,15,30,11,28,8,28,11,27,13,27,11,27,8,30,10,27,12,27,11,28,12,27,11,26,10,26,12,28,10,28,7,27,10,30,10,27,6,30,6,31,7,27,8,30,3,30,3,32,3,28,6,30,2,31,0,32,0,28,-3,30,-3,27,-6,27,-7,27,-5,25,-7,26,-10,25,-10,23,-11,18,-11,20,-11,18,-11,17,-13,16,-12,12,-15,11,-16,10,0,0,0,0,0,0,0,0,0,0]"""
1782031934921,2026-06-21T17:52:14.921,safe,posture,mhw,standing_still,t017,"CSI_DATA,535317,1a:00:00:00:00:00,-44,11,-99,20,28,11,520702693,47,2,256,0,""[0,0,0,0,0,0,0,0,0,0,0,0,-5,3,-6,2,-8,5,-4,4,-6,4,-6,4,-4,6,-9,8,-8,5,-9,8,-9,8,-8,10,-9,9,-10,8,-9,6,-12,11,-9,10,-15,13,-11,10,-8,10,-11,12,-11,13,-13,17,-11,15,-13,16,-10,16,-12,16,-11,16,-13,18,-9,16,-9,19,-6,16,-6,21,-6,19,-3,23,-5,24,-4,25,-3,23,-3,25,-3,26,0,23,-2,30,-1,25,4,27,1,20,8,27,4,28,11,25,9,30,9,32,8,28,10,31,11,31,13,32,12,31,15,26,18,30,0,0,0,0,0,0,30,-17,35,-19,25,-18,27,-19,32,-26,25,-18,28,-24,21,-21,28,-25,20,-20,20,-23,20,-26,20,-26,19,-30,17,-25,15,-26,13,-28,12,-28,11,-25,12,-31,8,-27,8,-31,4,-24,3,-28,3,-31,2,-31,1,-33,0,-28,-1,-32,-2,-31,-2,-33,-5,-26,0,-35,-1,-28,-3,-30,-2,-25,-8,-31,-4,-27,-11,-28,-5,-31,-5,-30,-3,-26,-3,-30,-4,-31,-4,-26,-2,-28,-1,-23,-6,-27,-3,-19,-3,-25,-3,-21,-5,-23,-2,-19,-4,-24,-1,-20,1,-17,1,-17,0,0,0,0,0,0,0,0,0,0]"""
1782031934932,2026-06-21T17:52:14.932,safe,posture,mhw,standing_still,t017,"CSI_DATA,535318,1a:00:00:00:00:00,-44,11,-99,15,29,11,520713693,47,2,256,0,""[0,0,0,0,0,0,0,0,0,0,0,0,1,-7,0,-7,2,-8,1,-7,1,-8,1,-8,1,-9,1,-11,1,-11,2,-11,3,-11,3,-13,1,-13,1,-13,2,-14,2,-17,-1,-15,2,-19,-1,-15,1,-17,1,-20,-1,-17,0,-21,2,-17,1,-19,0,-21,0,-20,-2,-20,-2,-22,-3,-20,-1,-22,-4,-20,-7,-21,-7,-21,-9,-21,-10,-23,-10,-23,-8,-22,-10,-19,-13,-23,-13,-20,-16,-21,-14,-21,-17,-22,-16,-15,-19,-17,-22,-17,-23,-16,-23,-17,-24,-20,-22,-19,-24,-20,-27,-17,-28,-19,-29,-17,-29,-15,-32,-16,0,0,0,0,0,0,-16,30,-16,36,-10,29,-13,33,-14,36,-14,28,-9,32,-7,30,-10,33,-7,27,-4,29,-4,33,-1,34,-1,33,-4,29,-1,33,1,30,-1,33,2,29,5,32,7,27,7,32,8,26,11,26,9,27,14,28,14,30,11,27,11,28,15,27,13,28,16,26,16,28,16,24,17,28,15,22,19,23,17,23,21,22,20,23,17,27,14,26,16,24,16,26,14,22,16,23,11,20,14,23,13,19,13,19,13,19,11,19,11,19,13,20,7,17,5,17,4,17,0,0,0,0,0,0,0,0,0,0]"""
1782031934942,2026-06-21T17:52:14.942,safe,posture,mhw,standing_still,t017,"CSI_DATA,535319,1a:00:00:00:00:00,-44,11,-99,18,28,11,520724693,47,2,256,0,""[0,0,0,0,0,0,0,0,0,0,0,0,6,2,6,2,6,3,7,4,7,3,9,4,9,7,8,6,9,7,9,6,11,7,9,7,11,8,12,8,11,11,9,12,12,12,13,12,12,14,12,15,12,14,8,13,12,14,12,15,12,18,13,14,11,15,13,17,9,15,14,18,12,18,14,19,15,14,13,18,13,19,13,19,13,14,17,19,15,18,17,18,17,18,15,18,18,19,20,17,20,23,19,20,22,18,22,18,19,22,20,19,24,22,22,22,23,23,22,24,26,24,25,25,25,25,0,0,0,0,0,0,26,-23,23,-23,28,-28,26,-24,23,-22,26,-24,26,-20,26,-24,23,-19,28,-22,25,-22,22,-22,23,-18,22,-19,22,-24,22,-20,23,-23,19,-22,22,-22,19,-19,20,-24,17,-22,20,-23,20,-23,18,-23,19,-19,20,-22,18,-24,19,-23,19,-23,18,-20,19,-23,20,-19,20,-24,18,-22,25,-23,23,-23,20,-20,23,-19,23,-17,20,-17,24,-19,24,-14,22,-14,23,-14,24,-11,24,-9,22,-12,25,-8,23,-7,22,-6,20,-3,19,-2,20,-3,19,-1,19,0,18,2,0,0,0,0,0,0,0,0,0,0]"""
1782031934954,2026-06-21T17:52:14.954,safe,posture,mhw,standing_still,t017,"CSI_DATA,535320,1a:00:00:00:00:00,-44,11,-99,14,29,11,520735693,47,2,256,0,""[0,0,0,0,0,0,0,0,0,0,0,0,3,-6,2,-7,3,-7,4,-7,3,-8,3,-8,4,-7,4,-7,3,-11,4,-9,4,-11,6,-11,6,-12,8,-11,7,-14,7,-14,6,-14,8,-13,7,-13,8,-14,11,-18,7,-18,8,-18,8,-17,11,-17,8,-17,8,-18,8,-19,7,-20,6,-19,7,-19,6,-20,4,-20,3,-22,3,-23,1,-24,2,-23,3,-22,2,-24,1,-24,1,-25,-3,-26,-1,-26,-2,-29,-2,-24,-6,-23,-7,-26,-7,-26,-9,-30,-8,-31,-7,-29,-9,-33,-9,-34,-12,-30,-11,-34,-15,-29,-14,-33,0,0,0,0,0,0,-34,13,-34,15,-28,17,-30,18,-33,17,-31,15,-29,18,-29,17,-31,15,-25,14,-23,18,-24,19,-25,24,-25,19,-25,17,-23,19,-20,20,-22,20,-23,23,-19,24,-15,25,-19,24,-14,22,-13,23,-14,24,-14,29,-15,28,-13,25,-14,28,-12,25,-14,28,-14,29,-12,30,-9,26,-12,28,-12,28,-9,26,-8,29,-9,30,-12,30,-11,28,-12,25,-12,26,-12,26,-13,24,-11,24,-11,22,-13,23,-11,19,-11,20,-12,19,-11,18,-11,19,-13,17,-13,13,-14,13,-15,13,0,0,0,0,0,0,0,0,0,0]"""
1782031934964,2026-06-21T17:52:14.964,safe,posture,mhw,standing_still,t017,"CSI_DATA,535321,1a:00:00:00:00:00,-43,11,-99,19,28,11,520746693,47,2,256,0,""[0,0,0,0,0,0,0,0,0,0,0,0,-7,2,-5,2,-8,4,-7,1,-9,2,-9,2,-8,2,-9,3,-9,3,-13,4,-11,2,-10,5,-14,4,-15,4,-14,3,-16,5,-14,4,-17,3,-15,3,-14,3,-15,1,-17,7,-19,4,-19,4,-20,4,-19,7,-20,4,-19,5,-22,4,-19,5,-21,7,-17,7,-19,9,-19,10,-20,13,-19,13,-21,13,-20,11,-20,14,-21,14,-19,15,-20,16,-19,15,-20,19,-16,15,-16,20,-21,19,-17,23,-19,24,-19,26,-19,21,-20,26,-20,24,-21,28,-21,27,-17,27,-17,30,0,0,0,0,0,0,28,21,30,23,26,17,29,16,34,22,26,19,33,17,28,17,32,17,26,13,27,10,28,11,32,11,32,10,27,13,29,10,30,8,30,9,28,8,33,5,28,3,32,7,26,2,28,1,29,2,30,0,34,1,29,1,32,1,30,-2,33,-1,29,-1,34,-2,32,-2,32,0,27,-2,30,-3,28,-2,30,-4,30,-1,32,-2,28,2,29,3,30,2,27,0,28,2,23,2,27,2,20,2,23,2,21,2,22,2,21,4,20,4,19,5,19,7,16,8,0,0,0,0,0,0,0,0,0,0]"""
1782031934976,2026-06-21T17:52:14.976,safe,posture,mhw,standing_still,t017,"CSI_DATA,535322,1a:00:00:00:00:00,-45,11,-99,13,31,11,520757693,47,2,256,0,""[0,0,0,0,0,0,0,0,0,0,0,0,0,-7,0,-8,-1,-6,-1,-7,-1,-8,-1,-10,2,-12,1,-9,0,-12,1,-10,2,-13,1,-14,0,-14,1,-14,2,-16,1,-13,0,-17,0,-16,2,-18,4,-18,6,-16,1,-18,4,-17,1,-21,2,-21,2,-20,2,-18,2,-23,0,-17,-1,-23,1,-21,0,-26,1,-23,-1,-22,0,-23,-2,-23,-1,-21,-5,-25,-4,-23,-5,-21,-4,-26,-10,-20,-12,-25,-8,-25,-11,-33,-6,-26,-11,-27,-7,-28,-10,-24,-12,-28,-16,-28,-16,-27,-16,-32,-13,-28,-21,-29,-18,-33,-16,-29,0,0,0,0,0,0,-34,17,-24,14,-34,22,-31,17,-24,16,-34,18,-24,17,-32,21,-24,16,-33,18,-29,19,-26,14,-25,20,-24,16,-26,20,-24,21,-22,23,-21,19,-24,22,-15,21,-19,25,-17,21,-21,27,-21,23,-18,22,-18,23,-17,21,-16,25,-16,26,-15,25,-15,22,-19,26,-10,23,-13,29,-15,26,-20,33,-20,24,-17,26,-20,24,-18,22,-16,22,-16,25,-17,24,-16,21,-18,21,-14,21,-18,23,-17,18,-22,21,-17,14,-18,14,-18,11,-16,12,-17,11,-18,13,-15,11,-17,9,0,0,0,0,0,0,0,0,0,0]"""
1782031934986,2026-06-21T17:52:14.986,safe,posture,mhw,standing_still,t017,"CSI_DATA,535323,1a:00:00:00:00:00,-43,11,-99,18,28,11,520768693,47,2,256,0,""[0,0,0,0,0,0,0,0,0,0,0,0,-1,4,-3,7,-2,4,-3,11,-1,7,-3,8,-3,11,-4,9,-3,11,-4,8,-6,11,-6,12,-6,12,-4,14,-8,13,-7,11,-8,15,-7,13,-11,15,-8,15,-7,13,-9,15,-9,12,-11,15,-11,18,-12,17,-11,15,-13,18,-8,15,-9,18,-9,17,-12,22,-13,20,-11,19,-11,20,-9,17,-7,19,-6,24,-7,22,-7,19,-9,24,-2,20,-4,28,-6,26,-7,33,-8,25,-6,28,-9,28,-3,25,-4,29,-2,33,0,31,-2,35,-3,31,1,34,-1,36,-3,34,0,0,0,0,0,0,36,3,31,3,42,2,35,4,29,2,39,3,29,1,37,2,29,2,36,3,35,2,28,4,30,0,28,2,34,-2,31,-2,30,-1,29,-2,31,-1,25,-4,31,-7,28,-4,33,-7,31,-6,28,-2,29,-4,26,-4,29,-9,30,-9,29,-9,25,-7,31,-6,23,-11,29,-12,28,-8,36,-11,30,-4,28,-7,33,-3,28,-3,25,-6,29,-7,28,-4,23,-4,28,-1,24,-4,26,-3,25,1,29,0,23,2,23,2,19,3,19,3,18,3,20,3,18,4,18,7,0,0,0,0,0,0,0,0,0,0]"""
1782031935000,2026-06-21T17:52:15.000,safe,posture,mhw,standing_still,t017,"CSI_DATA,535324,1a:00:00:00:00:00,-44,11,-99,18,28,11,520779693,47,2,256,0,""[0,0,0,0,0,0,0,0,0,0,0,0,4,-4,6,-6,4,-3,4,-6,6,-7,6,-7,8,-7,7,-4,8,-9,8,-7,9,-8,11,-9,11,-9,12,-9,13,-9,11,-8,13,-11,12,-9,13,-9,15,-11,15,-9,17,-11,17,-7,18,-11,17,-11,17,-12,18,-9,20,-11,14,-12,18,-13,18,-9,20,-14,18,-12,18,-13,18,-12,18,-13,15,-14,18,-17,18,-15,18,-15,19,-19,13,-18,17,-22,18,-20,22,-23,18,-19,18,-20,20,-22,17,-22,18,-24,18,-28,15,-26,23,-26,19,-25,20,-26,20,-29,23,-26,0,0,0,0,0,0,-30,-23,-23,-22,-28,-24,-26,-23,-23,-19,-26,-24,-24,-17,-29,-22,-23,-18,-29,-22,-25,-20,-22,-19,-28,-18,-23,-17,-26,-18,-26,-17,-26,-15,-26,-14,-26,-18,-23,-11,-29,-13,-26,-14,-28,-13,-26,-12,-24,-12,-29,-12,-24,-12,-28,-12,-29,-11,-26,-8,-28,-11,-30,-15,-25,-8,-29,-9,-28,-13,-31,-13,-26,-14,-26,-12,-28,-14,-26,-15,-24,-13,-25,-14,-23,-14,-23,-13,-23,-18,-20,-12,-20,-15,-18,-17,-20,-19,-14,-15,-14,-18,-12,-17,-13,-15,-9,-15,-13,-17,-9,-15,-8,-17,0,0,0,0,0,0,0,0,0,0]"""
1782031935009,2026-06-21T17:52:15.009,safe,posture,mhw,standing_still,t017,"CSI_DATA,535325,1a:00:00:00:00:00,-43,11,-99,14,29,11,520790693,47,2,256,0,""[0,0,0,0,0,0,0,0,0,0,0,0,4,-6,3,-4,6,-7,6,-6,6,-7,7,-6,7,-6,6,-8,8,-7,8,-8,7,-9,8,-11,8,-11,8,-11,7,-8,11,-14,9,-12,11,-14,7,-12,12,-13,12,-19,11,-14,11,-17,9,-17,9,-15,11,-18,11,-17,9,-17,12,-20,8,-19,9,-19,7,-18,7,-22,6,-20,4,-23,4,-23,4,-23,3,-24,3,-24,0,-26,-1,-23,1,-29,2,-25,-2,-28,-2,-20,-6,-28,-4,-29,-9,-26,-8,-28,-9,-29,-8,-29,-8,-29,-9,-31,-12,-34,-13,-34,-13,-30,-17,-31,0,0,0,0,0,0,-30,17,-34,19,-25,15,-29,19,-34,22,-29,15,-33,20,-25,19,-28,24,-23,19,-24,23,-22,24,-22,24,-22,25,-19,23,-17,23,-17,28,-17,26,-13,23,-18,29,-12,25,-12,30,-7,23,-8,28,-8,30,-7,28,-8,33,-6,29,-6,30,-4,31,-4,33,-2,29,-4,34,-3,29,-1,30,-4,26,2,33,-2,29,3,30,-3,30,-2,30,-3,28,-3,29,-2,29,-1,25,-4,28,-4,24,-1,28,-2,20,-2,25,-4,22,0,24,-6,20,-3,20,-6,18,-6,18,-7,17,0,0,0,0,0,0,0,0,0,0]"""
1782031935018,2026-06-21T17:52:15.018,safe,posture,mhw,standing_still,t017,"CSI_DATA,535326,1a:00:00:00:00:00,-44,11,-99,19,28,11,520801693,47,2,256,0,""[0,0,0,0,0,0,0,0,0,0,0,0,4,7,4,4,3,7,3,7,5,7,4,7,5,7,7,8,4,9,5,10,7,11,5,10,7,11,7,13,5,11,7,16,8,14,7,16,4,16,4,13,4,16,4,17,7,19,5,17,5,20,5,20,3,19,7,19,4,21,4,20,7,20,4,22,7,22,5,22,8,20,9,22,7,23,7,24,7,24,9,23,10,22,8,26,8,26,11,23,8,24,14,27,9,27,13,24,10,26,11,28,10,27,8,29,10,30,11,34,10,33,10,30,13,32,0,0,0,0,0,0,32,-10,34,-13,34,-10,34,-10,34,-10,32,-8,34,-10,34,-9,34,-9,33,-7,30,-8,32,-11,30,-8,30,-10,30,-11,29,-9,29,-11,29,-11,26,-10,30,-9,28,-11,29,-11,26,-10,27,-11,28,-13,27,-8,28,-10,27,-14,28,-11,29,-13,27,-9,26,-13,32,-9,28,-9,28,-11,29,-7,29,-10,29,-7,28,-10,29,-5,27,-4,29,-3,29,-1,29,-2,27,-4,28,1,26,2,24,-1,23,4,24,2,22,4,22,3,19,5,17,8,21,8,15,8,15,10,0,0,0,0,0,0,0,0,0,0]"""
1782031935032,2026-06-21T17:52:15.032,safe,posture,mhw,standing_still,t017,"CSI_DATA,535327,1a:00:00:00:00:00,-43,11,-99,14,29,11,520813131,47,2,256,0,""[0,0,0,0,0,0,0,0,0,0,0,0,3,-6,3,-6,4,-6,3,-6,3,-6,4,-6,6,-7,6,-8,8,-6,9,-8,8,-9,8,-9,11,-9,11,-11,9,-8,14,-9,12,-8,13,-8,13,-7,15,-11,13,-12,14,-6,17,-11,17,-8,19,-7,19,-9,18,-7,17,-8,22,-6,20,-8,19,-6,19,-8,20,-11,20,-8,19,-13,22,-9,22,-9,20,-8,23,-9,23,-12,19,-12,24,-11,24,-9,23,-14,23,-12,24,-17,24,-13,24,-17,25,-13,25,-17,28,-13,28,-13,28,-14,31,-14,31,-13,31,-13,30,-14,0,0,0,0,0,0,-12,-33,-13,-35,-12,-31,-14,-35,-12,-35,-9,-31,-9,-34,-9,-31,-12,-33,-8,-31,-11,-29,-11,-30,-8,-29,-9,-30,-9,-29,-9,-28,-9,-30,-9,-29,-8,-24,-9,-31,-11,-26,-11,-30,-9,-26,-9,-28,-13,-29,-8,-28,-12,-29,-12,-28,-11,-30,-11,-29,-9,-29,-12,-26,-6,-30,-8,-29,-9,-29,-6,-29,-9,-33,-4,-30,-7,-30,-3,-28,-2,-28,0,-29,0,-29,1,-29,0,-25,2,-28,6,-24,2,-25,6,-20,6,-24,8,-20,7,-20,9,-18,8,-19,11,-15,12,-14,13,-12,0,0,0,0,0,0,0,0,0,0]"""
1782031935042,2026-06-21T17:52:15.042,safe,posture,mhw,standing_still,t017,"CSI_DATA,535328,1a:00:00:00:00:00,-43,11,-99,18,28,11,520823693,47,2,256,0,""[0,0,0,0,0,0,0,0,0,0,0,0,1,6,0,6,0,8,-1,8,-1,9,-1,8,-1,8,0,12,-1,9,-1,13,-3,13,-2,12,-4,13,-4,13,-3,12,-7,17,-4,15,-8,15,-9,13,-6,14,-9,14,-8,15,-9,18,-11,17,-11,14,-12,15,-12,17,-9,17,-15,18,-12,18,-12,17,-13,17,-12,19,-14,17,-13,20,-13,18,-14,18,-14,18,-15,19,-14,23,-13,20,-19,20,-17,19,-13,23,-14,18,-13,26,-17,20,-14,25,-18,24,-18,24,-19,20,-20,22,-20,23,-22,26,-22,28,-19,25,-22,29,0,0,0,0,0,0,23,25,26,29,25,24,23,26,24,28,19,25,22,29,20,25,19,28,18,24,20,24,22,26,17,25,22,26,18,26,19,23,18,23,18,25,17,22,19,26,19,22,19,24,17,22,18,22,20,24,17,22,20,23,19,23,18,25,18,23,17,25,19,23,17,30,15,25,17,25,12,25,17,26,11,25,14,28,8,28,9,29,6,29,4,29,6,28,7,26,2,29,-1,25,2,24,-1,22,1,26,-2,22,0,22,-6,20,-6,19,-8,18,-8,15,-8,15,0,0,0,0,0,0,0,0,0,0]"""
1782031935054,2026-06-21T17:52:15.054,safe,posture,mhw,standing_still,t017,"CSI_DATA,535329,1a:00:00:00:00:00,-44,11,-99,18,28,11,520834693,47,2,256,0,""[0,0,0,0,0,0,0,0,0,0,0,0,-1,-6,0,-6,-1,-6,-1,-7,-1,-7,-2,-9,-1,-11,0,-8,-1,-11,0,-11,-1,-12,-1,-13,-1,-12,-1,-14,-1,-15,-4,-14,-1,-17,-2,-15,0,-19,1,-18,1,-15,0,-18,2,-17,-1,-18,-1,-20,-1,-20,0,-18,-1,-22,-2,-17,-2,-20,-3,-19,-4,-25,-2,-20,-2,-22,-2,-22,-3,-20,-4,-20,-8,-23,-6,-22,-8,-20,-7,-22,-9,-19,-12,-24,-12,-24,-13,-29,-8,-26,-11,-25,-12,-28,-11,-22,-14,-26,-22,-26,-18,-24,-18,-29,-15,-29,-22,-26,-19,-31,-20,-29,0,0,0,0,0,0,-29,18,-26,18,-30,25,-28,20,-25,17,-30,23,-24,18,-30,23,-23,20,-29,22,-28,22,-23,18,-23,23,-24,19,-24,23,-23,22,-20,22,-18,22,-20,23,-15,22,-17,26,-17,24,-19,30,-19,25,-17,23,-15,25,-15,23,-13,28,-15,26,-13,24,-13,24,-17,26,-8,25,-13,29,-13,28,-17,31,-18,25,-14,26,-18,25,-15,22,-15,24,-14,26,-15,24,-12,19,-17,20,-12,22,-15,23,-17,19,-20,20,-15,14,-18,15,-18,12,-15,12,-18,12,-17,12,-15,9,-18,6,0,0,0,0,0,0,0,0,0,0]"""
1782031935063,2026-06-21T17:52:15.063,safe,posture,mhw,standing_still,t017,"CSI_DATA,535330,1a:00:00:00:00:00,-44,11,-99,18,28,11,520845693,47,2,256,0,""[0,0,0,0,0,0,0,0,0,0,0,0,-7,1,-6,0,-6,1,-8,2,-8,2,-8,2,-8,2,-11,2,-9,0,-11,1,-12,2,-11,2,-12,3,-13,1,-13,1,-14,0,-17,1,-14,0,-17,1,-19,-2,-20,0,-18,0,-18,0,-20,1,-18,1,-20,1,-19,0,-19,1,-20,-1,-22,1,-19,0,-24,1,-22,1,-20,2,-23,3,-20,2,-20,3,-25,4,-24,4,-23,4,-23,8,-22,4,-28,6,-24,8,-25,7,-25,11,-26,9,-29,11,-28,9,-25,12,-29,13,-26,12,-29,13,-33,12,-30,13,-29,14,-31,15,0,0,0,0,0,0,17,31,14,31,17,31,14,33,13,29,13,31,13,30,14,30,14,28,13,33,14,28,17,29,15,26,17,25,17,28,17,24,19,26,17,23,18,24,15,24,20,25,19,22,20,24,19,23,20,20,18,22,20,23,24,20,22,20,23,20,23,22,23,20,19,23,23,23,20,19,22,24,23,23,20,22,22,23,17,22,18,22,20,23,18,23,14,20,15,22,14,23,12,24,13,20,11,24,9,22,8,23,7,19,7,18,6,18,3,19,2,18,1,19,0,0,0,0,0,0,0,0,0,0]"""
1782031935075,2026-06-21T17:52:15.075,safe,posture,mhw,standing_still,t017,"CSI_DATA,535331,1a:00:00:00:00:00,-43,11,-99,18,28,11,520856693,47,2,256,0,""[0,0,0,0,0,0,0,0,0,0,0,0,-4,6,-3,4,-3,7,-2,6,-6,7,-6,8,-3,7,-4,11,-6,8,-3,11,-4,9,-6,11,-6,13,-6,12,-4,12,-7,15,-7,14,-7,17,-6,12,-7,14,-4,17,-8,15,-6,20,-6,17,-7,19,-4,18,-6,20,-4,20,-7,24,-6,20,-3,20,-2,18,-1,22,-2,20,1,23,1,22,3,24,1,24,3,25,6,26,7,24,6,26,7,24,9,22,8,19,14,24,9,25,18,23,17,28,17,25,17,25,18,26,19,25,19,28,22,25,22,25,24,24,0,0,0,0,0,0,24,-23,25,-29,17,-22,23,-26,26,-33,19,-25,23,-29,17,-25,18,-30,13,-26,15,-28,12,-28,13,-30,11,-33,11,-29,7,-29,4,-33,6,-33,4,-26,4,-31,2,-28,1,-31,0,-25,-1,-28,-2,-31,-3,-30,-4,-33,-6,-28,-4,-31,-8,-30,-8,-31,-8,-28,-7,-33,-7,-28,-8,-26,-6,-25,-12,-29,-9,-29,-13,-26,-8,-29,-9,-28,-9,-26,-9,-26,-12,-28,-8,-24,-8,-26,-3,-25,-11,-24,-6,-20,-8,-22,-6,-22,-7,-20,-6,-22,-6,-19,-3,-18,-3,-17,-2,-18,0,0,0,0,0,0,0,0,0,0]"""
1782031935085,2026-06-21T17:52:15.085,safe,posture,mhw,standing_still,t017,"CSI_DATA,535332,1a:00:00:00:00:00,-43,11,-99,18,28,11,520867693,47,2,256,0,""[0,0,0,0,0,0,0,0,0,0,0,0,-6,-3,-4,-3,-4,-4,-6,-6,-6,-3,-8,-7,-7,-8,-7,-7,-7,-7,-7,-7,-11,-9,-11,-9,-12,-6,-11,-7,-11,-9,-9,-9,-14,-9,-13,-8,-15,-9,-17,-13,-15,-9,-14,-11,-15,-9,-18,-11,-14,-9,-15,-9,-15,-11,-17,-11,-17,-8,-19,-8,-19,-8,-23,-9,-20,-8,-22,-7,-20,-8,-19,-7,-22,-2,-25,-2,-24,-3,-23,-1,-23,-1,-25,1,-28,3,-26,2,-30,2,-29,2,-26,6,-30,4,-25,4,-26,6,-33,11,-29,9,-31,9,-31,12,-30,14,-33,13,-31,15,0,0,0,0,0,0,15,31,17,29,19,33,17,30,15,26,19,30,15,26,22,29,20,24,22,30,20,25,20,23,19,23,22,22,25,22,24,19,25,17,23,14,24,17,24,14,28,13,26,13,30,14,28,13,28,11,25,13,25,9,30,6,29,7,29,4,26,6,29,6,26,4,30,1,29,4,37,7,31,8,30,4,30,6,26,6,28,3,30,2,29,3,25,2,25,4,25,3,26,4,23,4,26,7,23,7,23,6,19,6,19,4,18,7,19,7,17,6,17,7,0,0,0,0,0,0,0,0,0,0]"""
1782031935097,2026-06-21T17:52:15.097,safe,posture,mhw,standing_still,t017,"CSI_DATA,535333,1a:00:00:00:00:00,-44,11,-99,15,29,11,520878693,47,2,256,0,""[0,0,0,0,0,0,0,0,0,0,0,0,5,2,8,2,5,3,8,5,7,3,8,3,8,7,7,4,9,4,7,5,10,5,11,7,13,7,13,7,15,9,11,5,15,8,14,8,16,9,17,10,14,13,15,7,15,9,17,9,20,8,17,5,19,8,20,9,16,4,21,5,20,8,26,7,21,7,21,5,22,5,22,3,21,1,23,1,22,2,23,-1,27,1,20,-5,27,-3,26,-3,33,-7,26,-2,27,-7,28,-5,26,-7,28,-9,30,-13,27,-13,34,-11,28,-11,32,-17,33,-15,29,-13,0,0,0,0,0,0,-15,-35,-11,-28,-19,-36,-14,-30,-14,-23,-19,-32,-17,-23,-20,-33,-16,-23,-22,-30,-20,-28,-16,-26,-21,-24,-19,-22,-22,-22,-24,-20,-24,-19,-21,-17,-24,-23,-21,-11,-28,-16,-24,-15,-30,-16,-24,-15,-24,-14,-27,-14,-23,-11,-28,-10,-29,-10,-28,-7,-27,-9,-30,-13,-26,-3,-32,-7,-29,-8,-36,-10,-28,-11,-28,-8,-29,-10,-28,-9,-27,-8,-29,-9,-29,-5,-26,-5,-27,-10,-23,-7,-27,-8,-23,-10,-27,-11,-20,-10,-22,-8,-17,-10,-19,-9,-15,-10,-20,-10,-16,-9,-16,-11,0,0,0,0,0,0,0,0,0,0]"""
1782031935110,2026-06-21T17:52:15.110,safe,posture,mhw,standing_still,t017,"CSI_DATA,535334,1a:00:00:00:00:00,-44,11,-99,19,28,11,520889693,47,2,256,0,""[0,0,0,0,0,0,0,0,0,0,0,0,4,-4,5,-4,4,-5,5,-5,7,-4,5,-7,5,-7,8,-9,9,-8,7,-10,9,-9,8,-9,9,-9,11,-10,10,-8,11,-11,9,-10,13,-11,10,-11,11,-11,14,-11,11,-13,13,-15,13,-14,13,-14,13,-15,14,-15,14,-15,15,-16,13,-16,13,-16,9,-17,11,-19,10,-19,9,-21,10,-21,10,-22,9,-21,10,-22,9,-26,8,-22,8,-26,7,-22,5,-26,3,-22,3,-27,3,-28,0,-28,3,-29,2,-30,3,-29,2,-33,2,-34,2,-34,2,-34,-1,-32,-1,-36,0,0,0,0,0,0,-36,1,-40,1,-30,3,-36,2,-38,4,-32,1,-36,4,-30,3,-38,2,-28,5,-28,7,-32,8,-32,9,-33,11,-30,5,-29,9,-27,11,-28,11,-26,10,-29,14,-24,14,-27,15,-21,14,-22,15,-26,15,-24,20,-26,20,-24,17,-24,19,-21,21,-26,20,-21,20,-28,22,-21,20,-24,21,-19,17,-21,22,-23,20,-22,23,-22,21,-23,20,-24,16,-22,17,-23,17,-20,15,-23,17,-21,11,-22,15,-17,11,-19,13,-20,11,-17,11,-19,10,-20,9,-17,8,-19,5,-17,4,0,0,0,0,0,0,0,0,0,0]"""
1782031935118,2026-06-21T17:52:15.118,safe,posture,mhw,standing_still,t017,"CSI_DATA,535335,1a:00:00:00:00:00,-44,11,-99,18,28,11,520900693,47,2,256,0,""[0,0,0,0,0,0,0,0,0,0,0,0,3,-4,4,-6,6,-4,6,-4,7,-4,8,-6,8,-4,8,-3,8,-7,8,-3,11,-6,12,-4,12,-4,13,-4,15,-3,12,-3,15,-6,14,-4,18,-4,20,-1,20,0,18,-2,18,0,19,-1,19,0,19,-2,19,0,22,1,17,-2,20,-2,20,0,26,0,22,3,20,2,22,3,22,0,22,0,24,-3,22,-1,20,-2,26,0,23,-4,25,-6,26,0,31,0,26,3,29,0,29,4,28,0,30,1,33,-2,31,-3,33,1,33,2,34,-3,36,0,34,2,0,0,0,0,0,0,6,-37,8,-31,8,-39,8,-34,9,-30,9,-35,4,-29,8,-36,6,-30,11,-34,12,-31,14,-28,11,-30,12,-26,9,-31,9,-30,8,-29,7,-28,12,-30,3,-26,7,-30,7,-28,9,-30,12,-29,12,-25,9,-28,11,-24,8,-30,9,-29,8,-28,9,-26,13,-29,6,-26,8,-29,11,-29,15,-30,18,-25,15,-25,19,-23,17,-22,17,-22,18,-25,18,-22,17,-18,20,-18,14,-19,19,-19,20,-15,23,-15,20,-8,20,-9,22,-4,20,-7,20,-4,18,-4,18,-4,19,0,0,0,0,0,0,0,0,0,0,0]"""
1782031935132,2026-06-21T17:52:15.132,safe,posture,mhw,standing_still,t017,"CSI_DATA,535336,1a:00:00:00:00:00,-44,11,-99,18,28,11,520911693,47,2,256,0,""[0,0,0,0,0,0,0,0,0,0,0,0,-4,-6,-2,-7,-1,-4,-3,-8,-2,-7,-3,-8,-3,-8,-2,-8,-3,-11,-3,-9,-2,-11,-2,-15,-3,-12,-3,-13,-2,-15,-4,-13,-4,-17,-3,-17,-4,-18,-3,-15,-1,-14,-6,-18,-2,-18,-3,-17,-3,-22,-4,-18,-3,-19,-3,-24,-6,-18,-6,-22,-3,-19,-8,-22,-4,-19,-6,-19,-6,-22,-8,-23,-8,-19,-8,-20,-9,-19,-12,-20,-12,-24,-13,-19,-17,-20,-14,-24,-17,-24,-12,-19,-18,-23,-14,-23,-17,-22,-20,-23,-22,-22,-22,-22,-22,-25,-19,-24,-24,-23,-24,-26,-22,-28,0,0,0,0,0,0,-28,25,-26,20,-28,26,-25,23,-25,22,-29,24,-22,22,-26,24,-23,22,-24,24,-24,23,-20,20,-20,25,-19,20,-20,23,-17,25,-15,25,-17,24,-20,25,-13,22,-13,29,-15,25,-14,28,-15,25,-15,23,-13,28,-13,24,-9,26,-13,29,-9,26,-12,25,-15,30,-8,26,-9,29,-13,29,-13,31,-14,26,-11,29,-14,25,-13,25,-12,25,-14,26,-14,25,-12,22,-17,24,-12,22,-14,24,-17,19,-17,20,-15,14,-17,18,-14,13,-14,14,-15,13,-15,13,-14,12,-17,11,0,0,0,0,0,0,0,0,0,0]"""
1782031935140,2026-06-21T17:52:15.140,safe,posture,mhw,standing_still,t017,"CSI_DATA,535337,1a:00:00:00:00:00,-44,11,-99,21,28,11,520922693,47,2,256,0,""[0,0,0,0,0,0,0,0,0,0,0,0,-6,3,-5,1,-7,3,-6,3,-8,2,-8,3,-7,2,-10,4,-8,3,-13,4,-10,3,-12,3,-12,4,-15,3,-13,4,-17,4,-14,1,-17,1,-13,2,-15,4,-15,4,-17,4,-22,3,-19,1,-21,3,-20,2,-21,1,-20,2,-23,2,-19,2,-22,3,-17,4,-22,5,-22,4,-23,7,-22,7,-22,5,-23,5,-23,7,-25,10,-21,8,-25,10,-23,8,-24,12,-19,10,-22,13,-24,12,-23,17,-28,15,-29,17,-24,12,-29,15,-29,13,-33,15,-30,16,-28,15,-30,21,0,0,0,0,0,0,15,31,20,37,14,24,15,32,21,34,14,26,19,32,15,25,16,32,14,23,16,24,19,26,19,30,23,29,14,25,16,23,21,24,20,24,19,21,21,26,20,21,21,25,17,16,19,17,22,21,22,20,25,23,21,20,23,20,24,19,23,23,22,19,24,24,21,17,23,21,19,19,23,17,22,23,22,20,21,22,21,22,15,22,17,23,17,24,14,22,15,25,11,20,15,22,11,16,11,21,8,19,11,19,8,20,7,22,4,17,3,19,1,19,0,0,0,0,0,0,0,0,0,0]"""
1782031935152,2026-06-21T17:52:15.152,safe,posture,mhw,standing_still,t017,"CSI_DATA,535338,1a:00:00:00:00:00,-44,11,-99,18,28,11,520933693,47,2,256,0,""[0,0,0,0,0,0,0,0,0,0,0,0,2,7,1,6,4,8,3,7,4,9,2,7,3,6,6,8,4,9,7,12,6,8,6,11,6,12,7,14,6,12,8,14,8,11,9,15,7,13,6,13,11,18,9,15,13,17,9,14,9,15,13,15,14,18,12,13,15,18,12,13,17,14,13,12,17,14,18,14,19,12,20,12,22,13,20,12,22,11,24,9,23,7,28,11,23,8,28,6,20,4,28,2,26,4,26,0,31,1,34,1,29,2,31,0,33,0,34,-1,35,-2,31,-4,34,-4,0,0,0,0,0,0,-4,-34,-8,-39,-6,-26,-11,-33,-11,-39,-7,-29,-12,-35,-9,-28,-13,-33,-12,-26,-13,-25,-15,-28,-17,-28,-18,-28,-14,-24,-15,-24,-19,-24,-22,-23,-19,-20,-24,-25,-22,-17,-24,-19,-22,-14,-23,-14,-26,-17,-26,-14,-28,-17,-24,-14,-26,-15,-28,-11,-31,-13,-29,-8,-33,-13,-28,-11,-29,-9,-24,-9,-31,-6,-26,-9,-29,-6,-29,-11,-29,-8,-24,-9,-26,-11,-30,-9,-26,-8,-26,-11,-22,-8,-26,-6,-17,-6,-22,-8,-20,-8,-22,-7,-19,-8,-20,-8,-17,-9,-15,-9,-15,-11,0,0,0,0,0,0,0,0,0,0]"""
1782031935165,2026-06-21T17:52:15.165,safe,posture,mhw,standing_still,t017,"CSI_DATA,535339,1a:00:00:00:00:00,-44,11,-99,18,28,11,520944693,47,2,256,0,""[0,0,0,0,0,0,0,0,0,0,0,0,-7,0,-6,-1,-8,-1,-8,0,-8,-2,-8,-3,-8,-2,-11,-2,-8,-2,-13,-2,-12,-3,-12,-3,-12,-3,-14,-6,-12,-4,-17,-9,-14,-7,-14,-9,-13,-9,-13,-7,-13,-9,-15,-9,-18,-9,-17,-9,-15,-9,-17,-9,-17,-11,-15,-12,-19,-14,-18,-11,-15,-12,-15,-12,-19,-12,-18,-12,-20,-9,-19,-12,-20,-12,-18,-13,-20,-12,-24,-12,-19,-8,-23,-14,-20,-14,-24,-7,-20,-9,-28,-11,-24,-14,-28,-8,-28,-12,-29,-11,-28,-13,-28,-14,-29,-12,-29,-14,-29,-17,-29,-14,-30,-14,0,0,0,0,0,0,-18,29,-15,34,-13,29,-18,30,-19,33,-15,28,-19,33,-15,29,-19,30,-15,25,-14,26,-17,30,-15,26,-14,31,-14,26,-12,29,-11,30,-13,28,-9,24,-15,30,-12,26,-13,29,-8,24,-9,26,-11,31,-9,26,-9,33,-8,28,-11,28,-9,29,-9,29,-7,29,-15,33,-11,28,-12,28,-12,25,-12,30,-15,28,-11,29,-17,26,-15,25,-15,24,-18,23,-17,23,-14,22,-20,19,-19,17,-17,18,-14,13,-18,15,-17,12,-15,13,-18,11,-17,13,-18,8,-17,4,-17,4,0,0,0,0,0,0,0,0,0,0]"""
1782031935176,2026-06-21T17:52:15.176,safe,posture,mhw,standing_still,t017,"CSI_DATA,535340,1a:00:00:00:00:00,-44,11,-99,18,28,11,520955693,47,2,256,0,""[0,0,0,0,0,0,0,0,0,0,0,0,2,-7,3,-8,2,-6,2,-7,4,-7,4,-7,4,-8,3,-6,4,-11,4,-8,4,-11,7,-9,7,-11,9,-12,11,-11,8,-12,9,-13,9,-12,11,-12,11,-12,13,-9,12,-14,15,-12,14,-13,14,-13,15,-13,15,-12,18,-14,14,-12,15,-14,14,-13,17,-13,14,-14,15,-14,18,-15,17,-17,14,-15,17,-17,15,-15,17,-17,18,-18,14,-20,17,-20,19,-20,18,-19,15,-19,18,-23,19,-22,19,-23,18,-25,19,-25,22,-25,24,-25,20,-23,24,-25,22,-26,22,-23,0,0,0,0,0,0,-25,-29,-23,-25,-24,-24,-23,-26,-22,-26,-22,-28,-22,-24,-22,-26,-19,-24,-20,-25,-19,-24,-17,-24,-23,-24,-19,-24,-18,-23,-20,-25,-20,-22,-18,-24,-19,-25,-20,-19,-22,-19,-20,-22,-20,-20,-20,-19,-18,-20,-23,-22,-20,-22,-19,-22,-20,-23,-22,-20,-18,-24,-20,-26,-20,-20,-22,-23,-18,-23,-19,-25,-17,-24,-18,-23,-17,-24,-15,-25,-15,-25,-12,-26,-13,-24,-12,-25,-9,-25,-11,-23,-7,-25,-8,-25,-4,-25,-3,-22,-3,-22,-1,-23,-1,-22,0,-22,2,-19,2,-19,4,-18,0,0,0,0,0,0,0,0,0,0]"""
1782031935186,2026-06-21T17:52:15.186,safe,posture,mhw,standing_still,t017,"CSI_DATA,535341,1a:00:00:00:00:00,-44,11,-99,19,28,11,520966790,47,2,256,0,""[0,0,0,0,0,0,0,0,0,0,0,0,-2,-8,0,-7,-2,-8,-1,-7,-1,-9,-1,-8,-2,-7,-3,-10,-2,-10,-3,-11,-2,-11,-2,-14,-3,-11,-4,-14,-3,-14,-4,-16,-3,-15,-2,-16,-2,-14,-4,-14,-3,-15,-4,-19,-4,-20,-1,-17,-3,-21,-5,-19,-3,-22,-5,-20,-4,-21,-5,-21,-4,-20,-7,-17,-10,-19,-9,-19,-10,-19,-13,-21,-13,-21,-8,-21,-13,-21,-15,-22,-14,-20,-17,-21,-15,-20,-19,-22,-15,-17,-19,-16,-21,-19,-23,-17,-24,-19,-24,-21,-21,-20,-26,-22,-26,-22,-26,-21,-28,-22,-27,-20,-28,-17,0,0,0,0,0,0,-24,29,-21,32,-15,27,-17,30,-20,33,-19,26,-17,33,-17,28,-17,30,-11,26,-10,27,-11,29,-10,33,-10,33,-11,26,-10,30,-7,29,-9,30,-9,30,-7,32,-2,28,-7,29,-2,26,-2,27,-2,29,1,33,0,33,-2,28,-1,32,2,30,-2,33,1,32,0,33,2,30,0,30,1,27,3,29,3,29,3,30,2,32,1,32,-1,27,0,29,-2,30,-2,28,-2,27,-3,24,-2,28,-3,22,-3,22,-3,22,-2,21,-2,22,-3,22,-7,16,-5,17,-9,17,0,0,0,0,0,0,0,0,0,0]"""
1782031935193,2026-06-21T17:52:15.193,safe,posture,mhw,standing_still,t017,"CSI_DATA,535342,1a:00:00:00:00:00,-43,11,-99,15,29,11,520977693,47,2,256,0,""[0,0,0,0,0,0,0,0,0,0,0,0,7,4,4,3,7,5,5,5,8,4,7,5,7,7,8,8,5,9,9,9,9,9,7,10,9,10,7,13,8,9,5,16,7,14,8,14,5,14,8,15,10,16,3,16,7,17,5,20,4,19,5,20,4,21,4,20,3,23,3,21,3,21,3,20,4,22,2,22,7,21,3,22,3,24,2,23,3,24,5,27,5,22,3,26,2,26,8,24,3,22,8,29,2,28,9,27,3,29,4,30,1,28,2,32,3,32,2,35,3,34,2,34,4,35,0,0,0,0,0,0,34,1,40,1,32,1,34,3,39,2,32,4,38,4,33,4,34,5,32,7,30,4,33,2,30,7,32,3,30,3,29,4,32,4,30,5,27,5,33,7,28,3,30,5,27,4,29,5,32,5,27,8,32,4,29,4,29,5,30,5,30,7,29,4,32,13,28,9,29,9,27,10,30,9,28,13,27,13,27,15,26,15,24,16,22,17,22,17,22,16,20,21,16,20,19,19,13,17,15,19,11,21,11,19,9,19,8,20,5,17,3,16,3,17,0,0,0,0,0,0,0,0,0,0]"""
1782031935206,2026-06-21T17:52:15.206,safe,posture,mhw,standing_still,t017,"CSI_DATA,535343,1a:00:00:00:00:00,-43,11,-99,18,28,11,520988693,47,2,256,0,""[0,0,0,0,0,0,0,0,0,0,0,0,-6,-1,-7,-2,-6,0,-8,-1,-7,-2,-8,-2,-9,-2,-6,-4,-11,-3,-9,-4,-12,-4,-13,-3,-13,-3,-13,-3,-15,-7,-12,-4,-15,-7,-13,-6,-15,-7,-18,-7,-15,-8,-17,-7,-13,-7,-17,-7,-18,-9,-18,-7,-17,-9,-20,-11,-18,-4,-20,-6,-19,-8,-23,-8,-19,-9,-19,-8,-22,-7,-20,-7,-22,-4,-23,-2,-24,-3,-23,-2,-25,-6,-22,1,-28,0,-26,-3,-31,-1,-25,-4,-29,-1,-28,-2,-28,2,-30,-2,-35,2,-31,4,-35,1,-31,2,-35,7,-36,2,-33,1,0,0,0,0,0,0,2,37,2,31,4,40,1,35,1,30,2,37,6,29,3,37,2,30,1,36,2,34,-1,29,6,31,2,28,6,33,7,31,8,30,8,26,7,33,12,23,12,28,9,28,12,30,11,28,7,28,12,29,8,26,14,25,14,28,14,26,12,25,12,31,15,22,17,26,13,26,17,33,9,28,12,28,9,29,11,26,9,25,12,26,11,28,9,24,7,26,9,22,9,25,4,25,3,28,1,23,2,24,0,22,0,20,-1,18,2,22,0,19,-3,19,0,0,0,0,0,0,0,0,0,0]"""
1782031935219,2026-06-21T17:52:15.219,safe,posture,mhw,standing_still,t017,"CSI_DATA,535344,1a:00:00:00:00:00,-44,11,-99,11,28,11,521000157,47,2,256,0,""[0,0,0,0,0,0,0,0,0,0,0,0,-1,-1,-8,-5,53,-64,-4,-10,-8,13,8,70,-8,5,-1,-7,-41,31,-17,28,-7,10,-1,0,-11,11,-4,2,-1,-5,8,-19,-16,-4,-14,-1,4,4,-19,-4,-16,-4,-25,8,-16,2,-19,2,-16,4,-20,1,-20,1,-23,1,-17,4,-22,5,-20,1,-25,5,-20,4,-20,7,-25,2,-22,8,-19,8,-20,11,-20,13,-17,13,-22,13,-17,16,-22,17,-20,17,-22,22,-20,16,-19,20,-20,22,-17,20,-16,23,-14,29,-14,26,-19,29,-14,28,-10,32,-16,34,-16,31,0,0,0,0,0,0,31,11,28,11,38,11,32,10,26,7,35,8,26,5,38,7,29,2,37,5,32,4,28,5,31,0,29,-1,32,-1,31,-5,28,-7,28,-7,31,-5,25,-8,31,-11,26,-7,32,-13,28,-11,26,-11,25,-13,22,-14,22,-16,22,-19,22,-17,22,-16,26,-19,19,-19,20,-23,23,-20,26,-26,22,-19,20,-22,25,-20,19,-17,20,-17,22,-22,17,-22,16,-22,19,-19,13,-19,19,-22,19,-16,22,-20,17,-13,17,-14,16,-11,17,-13,13,-11,16,-11,14,-11,17,-8,0,0,0,0,0,0,0,0,0,0]"""
1782031935228,2026-06-21T17:52:15.228,safe,posture,mhw,standing_still,t017,"CSI_DATA,535345,1a:00:00:00:00:00,-44,11,-99,19,28,11,521010693,47,2,256,0,""[0,0,0,0,0,0,0,0,0,0,0,0,-1,-4,1,-7,0,-7,-3,-8,-1,-7,-1,-10,0,-9,0,-8,-1,-11,0,-10,0,-11,1,-14,1,-14,-1,-14,1,-16,2,-13,2,-16,0,-14,2,-17,2,-17,0,-16,4,-19,5,-16,2,-21,5,-19,4,-20,4,-19,7,-21,3,-20,1,-21,2,-21,3,-24,4,-21,2,-22,4,-23,3,-21,2,-20,1,-26,3,-23,0,-22,1,-26,-2,-23,-2,-27,-2,-28,0,-33,1,-28,-2,-28,1,-28,-1,-27,-1,-29,-4,-33,-4,-29,-1,-33,0,-35,-5,-34,-1,-34,-2,-34,0,0,0,0,0,0,-35,1,-30,0,-40,2,-36,0,-28,-1,-36,1,-30,0,-36,1,-29,2,-39,-1,-35,0,-29,0,-32,1,-29,-1,-33,2,-32,3,-29,3,-28,4,-32,3,-27,4,-30,7,-28,8,-33,7,-32,4,-29,3,-29,4,-27,3,-30,8,-30,5,-29,7,-28,4,-33,5,-27,7,-29,7,-28,7,-38,5,-29,2,-29,2,-30,0,-28,-1,-27,1,-32,4,-28,0,-24,0,-27,-1,-26,-1,-28,-2,-26,-2,-29,-7,-22,-7,-22,-7,-19,-10,-17,-8,-17,-8,-21,-9,-16,-8,-15,-10,0,0,0,0,0,0,0,0,0,0]"""
1782031935240,2026-06-21T17:52:15.240,safe,posture,mhw,standing_still,t017,"CSI_DATA,535346,1a:00:00:00:00:00,-44,11,-99,18,28,11,521021693,47,2,256,0,""[0,0,0,0,0,0,0,0,0,0,0,0,-4,-6,-4,-4,-6,-4,-7,-6,-6,-6,-7,-4,-6,-4,-7,-7,-9,-4,-8,-7,-8,-8,-9,-8,-11,-6,-11,-8,-12,-9,-12,-9,-13,-11,-12,-9,-12,-8,-15,-8,-15,-8,-15,-11,-17,-11,-13,-11,-15,-12,-15,-11,-18,-12,-19,-12,-19,-9,-19,-8,-18,-9,-19,-7,-19,-6,-22,-4,-23,-7,-23,-4,-22,-4,-23,-6,-24,-4,-24,-2,-24,-3,-26,0,-26,0,-26,1,-25,1,-26,2,-29,6,-28,7,-29,8,-31,6,-28,4,-34,7,-33,8,-30,8,-31,9,-34,12,-31,14,0,0,0,0,0,0,13,34,14,35,13,29,14,34,15,34,13,30,15,28,17,30,14,30,15,26,18,24,18,25,23,24,22,24,18,23,20,23,23,20,22,22,22,22,24,18,24,17,24,19,22,14,24,13,25,14,29,12,28,13,25,13,28,14,28,11,29,12,30,12,30,11,30,8,28,9,28,8,28,8,30,6,31,8,30,8,28,9,25,11,28,9,28,12,26,12,24,8,25,9,25,11,20,9,22,8,20,8,22,8,20,8,19,8,17,11,15,12,13,13,0,0,0,0,0,0,0,0,0,0]"""
1782031935251,2026-06-21T17:52:15.251,safe,posture,mhw,standing_still,t017,"CSI_DATA,535347,1a:00:00:00:00:00,-44,11,-99,15,29,11,521032693,47,2,256,0,""[0,0,0,0,0,0,0,0,0,0,0,0,5,4,7,4,4,4,7,3,5,4,8,4,8,4,8,8,11,7,8,5,9,8,10,7,9,7,11,7,11,11,11,8,15,8,15,11,13,9,15,8,10,11,17,9,14,10,15,10,17,11,16,10,17,11,20,13,19,10,19,8,19,10,20,9,19,8,22,9,21,7,24,5,22,7,22,7,21,5,24,4,26,5,24,0,27,1,27,0,28,-1,26,0,28,-2,29,-1,30,-3,33,-2,30,-4,30,-5,35,-5,32,-5,34,-8,34,-7,34,-9,0,0,0,0,0,0,-8,-36,-7,-34,-10,-33,-10,-33,-11,-33,-8,-33,-11,-29,-13,-34,-11,-30,-11,-28,-14,-29,-11,-27,-17,-28,-14,-28,-14,-27,-16,-26,-17,-24,-16,-24,-19,-27,-19,-21,-23,-20,-20,-23,-21,-19,-20,-20,-22,-20,-24,-19,-23,-19,-22,-16,-24,-20,-24,-17,-23,-20,-27,-20,-24,-14,-26,-14,-24,-17,-28,-17,-23,-15,-26,-14,-26,-15,-26,-16,-23,-16,-23,-16,-22,-16,-22,-15,-22,-17,-22,-13,-22,-16,-19,-16,-19,-16,-16,-16,-16,-14,-14,-14,-16,-15,-14,-15,-13,-16,-11,-15,-9,-17,0,0,0,0,0,0,0,0,0,0]"""
1782031935263,2026-06-21T17:52:15.263,safe,posture,mhw,standing_still,t017,"CSI_DATA,535348,1a:00:00:00:00:00,-44,11,-99,16,29,11,521046017,47,2,256,0,""[0,0,0,0,0,0,0,0,0,0,0,0,-3,4,-2,6,-3,5,-5,6,-5,4,-5,8,-5,6,-6,8,-8,9,-6,5,-9,8,-9,10,-8,9,-11,9,-13,8,-9,9,-11,9,-12,9,-15,8,-16,8,-16,9,-18,8,-17,6,-17,6,-19,8,-17,8,-18,8,-21,5,-17,6,-18,9,-19,6,-21,10,-20,6,-20,6,-21,5,-20,6,-19,6,-20,11,-20,8,-19,10,-23,8,-20,12,-23,12,-25,10,-27,12,-25,6,-25,11,-27,6,-26,10,-28,9,-28,13,-28,15,-34,11,-28,9,-32,11,-35,9,-33,8,0,0,0,0,0,0,5,38,5,33,6,36,1,35,3,31,2,35,5,30,3,36,2,31,1,33,2,32,-1,30,3,33,0,30,1,32,2,31,3,32,1,28,0,33,4,26,5,31,2,28,2,32,1,31,-1,28,2,31,0,28,2,27,2,31,2,30,1,30,-1,33,2,26,1,32,-1,28,-2,34,-4,30,-4,30,-6,30,-9,30,-6,27,-6,28,-6,27,-8,25,-12,25,-6,24,-12,24,-13,20,-17,23,-15,16,-16,18,-17,12,-17,15,-13,12,-16,11,-16,11,-17,6,0,0,0,0,0,0,0,0,0,0]"""
1782031935272,2026-06-21T17:52:15.272,safe,posture,mhw,standing_still,t017,"CSI_DATA,535349,1a:00:00:00:00:00,-44,11,-99,18,28,11,521054693,47,2,256,0,""[0,0,0,0,0,0,0,0,0,0,0,0,6,0,6,2,7,2,8,1,8,3,8,1,7,1,9,3,12,2,9,3,8,6,13,6,12,7,12,9,13,9,13,9,13,9,13,11,12,11,13,12,12,14,15,11,13,13,11,15,13,15,12,15,11,17,13,18,12,18,14,17,12,19,13,18,12,14,13,15,14,18,15,18,14,17,13,19,13,19,15,22,14,20,15,19,15,22,15,23,15,20,15,20,18,20,20,20,20,25,19,25,15,25,17,28,17,30,17,25,17,30,19,31,18,30,0,0,0,0,0,0,34,-14,34,-11,31,-11,33,-11,34,-11,35,-7,33,-9,34,-8,33,-8,29,-8,29,-9,29,-7,33,-11,30,-8,31,-3,29,-7,29,-9,31,-6,31,-4,28,-8,28,-9,30,-3,26,-7,28,-7,29,-6,30,-9,30,-8,28,-3,30,-4,30,-4,31,-2,33,-4,30,-3,30,-3,29,2,30,-3,29,0,28,0,31,0,31,2,29,3,28,8,28,6,26,8,26,9,25,8,23,11,22,13,20,12,18,11,18,12,18,12,18,13,14,15,11,15,9,15,9,17,0,0,0,0,0,0,0,0,0,0]"""
1782031935285,2026-06-21T17:52:15.285,safe,posture,mhw,standing_still,t017,"CSI_DATA,535350,1a:00:00:00:00:00,-44,11,-99,19,28,11,521065694,47,2,256,0,""[0,0,0,0,0,0,0,0,0,0,0,0,2,-5,4,-4,4,-5,4,-5,7,-7,7,-5,7,-5,7,-7,5,-7,8,-8,9,-9,9,-7,10,-8,10,-9,10,-7,13,-9,13,-11,13,-11,14,-10,16,-8,16,-10,14,-8,16,-11,15,-13,15,-13,16,-13,16,-11,15,-11,17,-11,16,-13,19,-13,19,-14,16,-15,19,-14,16,-15,16,-13,16,-16,16,-20,17,-14,16,-17,14,-19,17,-20,15,-20,15,-22,17,-22,17,-23,19,-23,14,-24,15,-21,16,-26,17,-29,16,-26,17,-27,20,-28,16,-30,20,-29,15,-30,0,0,0,0,0,0,-29,-16,-29,-16,-33,-15,-32,-16,-29,-15,-32,-16,-32,-17,-32,-16,-29,-13,-33,-16,-29,-15,-30,-15,-27,-13,-30,-13,-30,-11,-27,-10,-30,-9,-29,-8,-26,-8,-28,-11,-27,-7,-30,-5,-29,-7,-30,-7,-29,-7,-27,-8,-30,-7,-30,-2,-30,-5,-29,-3,-28,-3,-28,-2,-30,-3,-29,-4,-30,-2,-32,-5,-32,-4,-29,-5,-30,-5,-27,-7,-28,-8,-29,-7,-27,-10,-26,-8,-24,-7,-27,-10,-26,-11,-24,-9,-22,-11,-21,-11,-20,-13,-17,-10,-14,-11,-17,-14,-15,-14,-13,-13,-11,-13,0,0,0,0,0,0,0,0,0,0]"""
1782031935294,2026-06-21T17:52:15.295,safe,posture,mhw,standing_still,t017,"CSI_DATA,535351,1a:00:00:00:00:00,-43,11,-99,18,28,11,521076694,47,2,256,0,""[0,0,0,0,0,0,0,0,0,0,0,0,-6,-2,-6,-2,-6,-2,-7,-3,-7,-3,-8,-4,-9,-4,-8,-1,-8,-4,-11,-3,-11,-4,-11,-3,-12,-3,-12,-3,-14,-6,-14,-7,-18,-4,-17,-4,-17,-7,-15,-4,-13,-3,-17,-6,-18,-6,-20,-4,-18,-6,-19,-3,-18,-4,-23,-1,-19,-4,-23,-1,-20,0,-26,-1,-22,-1,-23,1,-22,1,-22,2,-22,6,-23,7,-23,4,-22,7,-22,9,-23,8,-24,13,-22,13,-24,13,-24,14,-24,14,-20,17,-22,17,-24,19,-23,22,-23,20,-23,23,-26,20,-24,24,-25,24,-22,28,0,0,0,0,0,0,28,19,24,19,33,19,31,19,29,17,31,17,29,14,34,15,29,12,33,15,30,13,30,11,28,11,29,7,30,6,31,2,31,2,29,1,30,1,28,3,33,-1,28,-3,30,-2,33,-3,29,-4,30,-3,26,-7,30,-12,29,-11,26,-11,28,-9,28,-12,28,-11,29,-13,26,-12,30,-14,29,-14,29,-12,26,-14,25,-9,25,-11,28,-15,25,-13,24,-12,25,-12,24,-11,25,-12,20,-12,24,-9,22,-9,22,-7,20,-8,18,-6,20,-6,19,-4,17,-4,18,-3,0,0,0,0,0,0,0,0,0,0]"""
1782031935307,2026-06-21T17:52:15.307,safe,posture,mhw,standing_still,t017,"CSI_DATA,535352,1a:00:00:00:00:00,-44,11,-99,18,28,11,521087693,47,2,256,0,""[0,0,0,0,0,0,0,0,0,0,0,0,7,-3,6,-4,6,-4,7,-4,7,-3,8,-2,9,-3,8,-4,11,-3,11,-4,11,-4,12,-4,13,-4,13,-4,13,-4,14,-4,15,-2,15,-4,17,-3,20,-2,20,-4,17,-1,18,-2,19,-3,19,-3,19,-3,18,-3,19,-4,20,-1,19,-3,20,-3,24,-4,23,-3,24,-2,22,-4,22,-3,20,-3,24,-6,23,-6,22,-8,24,-7,24,-6,25,-7,24,-11,28,-9,28,-9,26,-9,25,-12,25,-9,26,-12,30,-12,26,-9,31,-12,33,-11,33,-13,31,-11,33,-12,0,0,0,0,0,0,-13,-34,-11,-30,-13,-33,-11,-34,-8,-31,-11,-33,-8,-33,-9,-35,-12,-30,-9,-33,-8,-34,-9,-29,-8,-29,-11,-28,-13,-30,-12,-26,-12,-28,-12,-26,-12,-28,-11,-26,-13,-26,-13,-26,-13,-26,-13,-28,-14,-26,-12,-25,-12,-25,-18,-26,-14,-25,-15,-26,-13,-26,-15,-25,-13,-26,-14,-26,-13,-25,-12,-31,-12,-30,-11,-26,-9,-26,-8,-28,-8,-28,-9,-28,-7,-29,-7,-25,-6,-25,-3,-26,-3,-25,-3,-25,0,-26,1,-24,1,-22,3,-20,3,-20,6,-22,3,-20,3,-17,6,-15,0,0,0,0,0,0,0,0,0,0]"""
1782031935319,2026-06-21T17:52:15.319,safe,posture,mhw,standing_still,t017,"CSI_DATA,535353,1a:00:00:00:00:00,-43,11,-99,14,29,11,521098693,47,2,256,0,""[0,0,0,0,0,0,0,0,0,0,0,0,-7,-1,-6,-1,-8,-1,-7,-2,-7,-3,-8,-2,-8,-2,-9,-2,-11,-3,-12,-4,-11,-6,-11,-6,-12,-4,-13,-8,-12,-6,-14,-9,-14,-8,-13,-11,-12,-8,-14,-8,-17,-11,-17,-11,-17,-11,-13,-13,-14,-14,-13,-13,-14,-17,-14,-12,-14,-15,-14,-12,-15,-15,-14,-12,-17,-13,-15,-12,-19,-13,-19,-13,-19,-14,-15,-15,-17,-14,-20,-15,-18,-14,-22,-17,-19,-14,-23,-15,-18,-13,-22,-13,-24,-14,-26,-12,-26,-15,-28,-15,-24,-17,-26,-19,-24,-19,-29,-20,-28,-20,-25,-19,-30,-19,0,0,0,0,0,0,-23,29,-25,31,-18,23,-23,28,-28,29,-20,22,-24,26,-20,23,-24,26,-19,22,-18,22,-20,23,-20,25,-22,26,-20,22,-20,23,-19,25,-22,23,-18,20,-18,25,-15,24,-19,26,-14,20,-15,23,-18,24,-14,26,-18,28,-18,22,-19,24,-15,25,-19,25,-17,25,-22,26,-17,22,-19,24,-17,20,-18,23,-19,23,-19,23,-22,23,-23,20,-24,17,-24,18,-24,17,-22,14,-24,13,-22,12,-23,12,-19,9,-22,11,-20,7,-22,8,-22,7,-20,4,-19,1,-19,0,-17,-1,0,0,0,0,0,0,0,0,0,0]"""
1782031935327,2026-06-21T17:52:15.327,safe,posture,mhw,standing_still,t017,"CSI_DATA,535354,1a:00:00:00:00:00,-44,11,-99,15,29,11,521109693,47,2,256,0,""[0,0,0,0,0,0,0,0,0,0,0,0,8,0,7,0,8,2,7,1,9,3,8,3,8,2,10,3,11,3,10,2,11,3,13,4,13,3,13,8,13,7,15,8,14,7,16,10,14,8,11,8,11,11,16,9,16,13,14,11,15,14,16,14,16,16,15,14,16,15,15,13,16,15,15,13,16,15,16,14,19,14,21,14,19,15,17,14,19,15,21,16,20,15,21,15,20,15,22,16,19,14,21,16,24,15,24,15,26,17,27,19,23,17,23,20,27,20,27,21,26,23,29,21,28,22,0,0,0,0,0,0,24,-24,27,-28,22,-23,24,-23,29,-26,23,-19,27,-24,23,-22,27,-22,21,-20,22,-20,23,-21,23,-26,23,-22,22,-16,22,-21,21,-22,23,-21,23,-20,22,-21,19,-22,22,-20,19,-17,19,-19,21,-22,22,-22,23,-21,22,-19,22,-19,22,-22,23,-20,23,-21,23,-22,22,-19,26,-19,22,-16,22,-16,24,-17,26,-17,28,-17,27,-14,26,-11,27,-11,27,-9,24,-7,26,-9,24,-5,26,-7,22,-2,22,-2,23,-2,21,-1,21,0,21,2,17,4,20,4,16,7,0,0,0,0,0,0,0,0,0,0]"""
1782031935340,2026-06-21T17:52:15.340,safe,posture,mhw,standing_still,t017,"CSI_DATA,535355,1a:00:00:00:00:00,-44,11,-99,18,28,11,521120694,47,2,256,0,""[0,0,0,0,0,0,0,0,0,0,0,0,-6,-3,-6,-3,-7,-3,-7,-4,-7,-4,-7,-6,-8,-6,-6,-7,-9,-7,-9,-7,-7,-9,-9,-9,-9,-9,-9,-11,-7,-12,-8,-13,-9,-12,-9,-14,-7,-12,-11,-14,-9,-13,-8,-17,-8,-17,-6,-18,-6,-19,-8,-18,-6,-20,-6,-20,-8,-20,-7,-18,-6,-20,-7,-18,-6,-20,-8,-18,-9,-20,-8,-23,-9,-22,-8,-20,-9,-23,-8,-23,-8,-23,-11,-24,-8,-23,-9,-25,-8,-22,-9,-24,-9,-24,-12,-24,-13,-29,-9,-29,-8,-28,-9,-31,-8,-31,-9,-31,-8,-33,-9,-30,-13,-33,0,0,0,0,0,0,-36,6,-39,4,-33,6,-35,4,-39,6,-33,1,-35,3,-29,1,-34,1,-29,2,-30,2,-30,1,-34,4,-33,3,-30,-1,-30,3,-30,4,-31,1,-30,1,-31,2,-26,4,-31,1,-24,3,-28,3,-30,2,-31,4,-30,0,-28,1,-31,1,-31,2,-34,0,-30,0,-33,0,-30,-1,-29,-1,-28,-1,-30,-2,-29,-3,-30,-4,-30,-6,-29,-8,-25,-8,-28,-9,-29,-12,-25,-12,-24,-13,-20,-13,-23,-13,-15,-12,-18,-13,-17,-15,-17,-14,-15,-15,-13,-15,-11,-15,-9,-17,-7,-18,0,0,0,0,0,0,0,0,0,0]"""
1782031935349,2026-06-21T17:52:15.349,safe,posture,mhw,standing_still,t017,"CSI_DATA,535356,1a:00:00:00:00:00,-44,11,-99,18,28,11,521131693,47,2,256,0,""[0,0,0,0,0,0,0,0,0,0,0,0,4,4,4,6,4,4,6,8,7,6,6,8,6,9,4,8,8,9,4,8,7,8,8,13,8,11,7,11,9,13,7,9,9,13,8,13,11,17,9,17,6,13,11,17,6,15,11,15,11,18,11,18,9,15,9,19,11,14,13,17,13,15,15,22,11,18,12,18,12,20,13,17,14,15,18,15,15,15,14,13,17,17,19,12,22,14,23,17,26,20,19,18,24,17,22,19,23,14,25,15,30,14,26,12,26,15,26,18,33,12,31,15,31,17,0,0,0,0,0,0,18,-29,13,-28,18,-35,18,-31,14,-26,14,-31,9,-28,14,-33,11,-29,17,-31,14,-31,15,-23,9,-29,13,-25,9,-31,8,-29,9,-30,6,-26,11,-30,2,-26,2,-31,3,-29,4,-34,7,-30,7,-28,4,-30,6,-28,-1,-30,2,-31,2,-29,2,-26,3,-31,-2,-26,-3,-30,0,-31,2,-37,6,-29,3,-30,7,-29,7,-28,3,-28,-1,-31,2,-29,1,-24,7,-26,2,-24,3,-29,7,-24,11,-28,9,-19,11,-20,12,-17,8,-17,12,-17,8,-19,11,-15,12,-14,0,0,0,0,0,0,0,0,0,0]"""
1782031935363,2026-06-21T17:52:15.363,safe,posture,mhw,standing_still,t017,"CSI_DATA,535357,1a:00:00:00:00:00,-44,11,-99,19,28,11,521142694,47,2,256,0,""[0,0,0,0,0,0,0,0,0,0,0,0,4,-4,4,-4,5,-4,5,-4,7,-7,7,-5,5,-5,8,-5,8,-8,9,-7,10,-4,11,-7,10,-8,14,-8,14,-7,15,-7,14,-8,15,-8,14,-9,11,-9,13,-9,17,-10,17,-9,17,-8,19,-9,16,-9,19,-8,21,-10,20,-9,19,-9,19,-9,17,-11,16,-11,17,-14,17,-14,17,-16,20,-14,19,-11,19,-14,19,-16,20,-16,21,-16,20,-17,21,-19,17,-17,17,-20,19,-21,17,-23,19,-26,20,-26,20,-21,22,-24,21,-24,21,-24,23,-26,23,-29,21,-26,0,0,0,0,0,0,-27,-26,-28,-26,-24,-21,-24,-23,-29,-24,-22,-24,-24,-22,-27,-21,-24,-23,-23,-17,-24,-16,-24,-17,-29,-17,-28,-16,-22,-19,-27,-16,-27,-14,-27,-15,-27,-15,-27,-15,-26,-10,-28,-15,-23,-10,-26,-9,-27,-11,-33,-9,-29,-9,-24,-10,-29,-13,-28,-9,-29,-11,-29,-11,-29,-11,-27,-10,-29,-11,-27,-10,-28,-9,-27,-9,-29,-8,-29,-11,-27,-14,-23,-15,-26,-14,-24,-17,-24,-15,-21,-16,-20,-15,-20,-19,-16,-14,-16,-13,-17,-14,-16,-14,-17,-15,-14,-17,-11,-14,-10,-14,-8,-15,0,0,0,0,0,0,0,0,0,0]"""
1782031935373,2026-06-21T17:52:15.373,safe,posture,mhw,standing_still,t017,"CSI_DATA,535358,1a:00:00:00:00:00,-44,11,-99,18,28,11,521153693,47,2,256,0,""[0,0,0,0,0,0,0,0,0,0,0,0,-7,-3,-6,-4,-8,-2,-7,-3,-8,-4,-7,-3,-9,-3,-9,-4,-8,-4,-11,-7,-11,-7,-9,-6,-11,-6,-12,-8,-9,-7,-14,-11,-13,-8,-13,-12,-11,-8,-14,-11,-15,-13,-13,-12,-15,-13,-13,-12,-14,-12,-12,-13,-14,-14,-13,-12,-17,-17,-15,-13,-15,-14,-13,-12,-15,-13,-15,-15,-19,-14,-18,-13,-20,-17,-19,-14,-18,-14,-20,-12,-19,-13,-24,-17,-19,-13,-23,-12,-18,-11,-26,-12,-24,-14,-28,-11,-28,-14,-28,-14,-25,-13,-26,-15,-28,-17,-30,-14,-30,-15,-28,-14,-31,-14,0,0,0,0,0,0,-18,28,-15,35,-13,25,-15,31,-19,36,-17,24,-18,31,-12,28,-17,33,-13,26,-13,28,-17,29,-13,29,-13,31,-13,26,-13,28,-11,30,-12,29,-9,24,-12,33,-7,26,-11,30,-7,25,-7,26,-11,30,-8,28,-9,33,-8,29,-9,29,-6,31,-8,30,-4,26,-12,36,-8,26,-8,30,-8,24,-8,30,-11,28,-11,29,-9,28,-12,28,-13,25,-14,25,-14,26,-12,24,-15,24,-14,18,-13,22,-11,14,-13,19,-17,17,-14,15,-14,13,-17,14,-14,11,-15,9,-14,7,0,0,0,0,0,0,0,0,0,0]"""
1782031935385,2026-06-21T17:52:15.385,safe,posture,mhw,standing_still,t017,"CSI_DATA,535359,1a:00:00:00:00:00,-44,11,-99,15,29,11,521164693,47,2,256,0,""[0,0,0,0,0,0,0,0,0,0,0,0,1,-7,2,-7,2,-5,3,-7,3,-7,4,-8,4,-9,5,-7,5,-10,4,-8,5,-10,7,-10,8,-11,7,-10,9,-13,5,-10,9,-14,9,-13,11,-11,13,-15,10,-11,13,-14,11,-10,13,-13,14,-14,14,-13,11,-14,15,-16,11,-14,13,-17,14,-14,16,-19,17,-15,16,-15,16,-16,15,-15,13,-16,10,-20,13,-17,13,-17,17,-19,10,-20,11,-24,15,-23,17,-28,16,-21,16,-24,19,-22,15,-21,17,-24,15,-30,14,-27,17,-28,19,-26,13,-29,19,-29,19,-27,0,0,0,0,0,0,-30,-20,-24,-17,-33,-23,-27,-21,-24,-19,-29,-24,-23,-15,-29,-21,-24,-17,-28,-21,-27,-22,-21,-20,-26,-20,-21,-19,-26,-19,-27,-16,-26,-17,-23,-16,-24,-20,-21,-10,-29,-13,-24,-14,-29,-14,-27,-17,-23,-15,-26,-15,-22,-15,-27,-13,-27,-14,-26,-14,-24,-13,-28,-19,-23,-9,-27,-13,-24,-15,-30,-19,-24,-19,-24,-17,-22,-22,-22,-20,-21,-19,-26,-17,-22,-20,-17,-16,-16,-21,-19,-15,-20,-19,-15,-19,-16,-23,-9,-20,-10,-21,-8,-21,-7,-19,-7,-17,-5,-19,-7,-17,-3,-19,0,0,0,0,0,0,0,0,0,0]"""
1782031935396,2026-06-21T17:52:15.396,safe,posture,mhw,standing_still,t017,"CSI_DATA,535360,1a:00:00:00:00:00,-44,11,-99,19,28,11,521175693,47,2,256,0,""[0,0,0,0,0,0,0,0,0,0,0,0,-2,-7,-2,-7,-3,-7,-2,-8,-3,-8,-3,-7,-3,-8,-2,-10,-2,-9,-1,-11,-3,-11,-3,-11,-3,-13,-1,-13,-2,-14,-1,-17,-1,-15,-1,-16,1,-16,-1,-15,-1,-17,1,-17,0,-21,2,-19,0,-17,1,-20,3,-21,1,-17,4,-21,2,-20,2,-20,3,-21,1,-24,2,-21,0,-21,2,-23,1,-22,1,-23,3,-24,1,-24,0,-23,1,-28,3,-26,-1,-26,1,-23,-3,-30,-1,-28,-4,-29,1,-28,0,-30,1,-30,3,-30,2,-29,1,-35,2,-34,1,-33,1,-38,0,0,0,0,0,0,-36,-3,-36,-4,-34,-2,-34,-3,-38,-3,-32,-3,-38,-5,-33,-5,-33,-5,-32,-5,-30,-4,-34,-2,-28,-3,-34,-2,-29,-4,-29,-4,-32,-2,-28,-3,-27,-3,-33,-3,-29,-3,-32,-2,-27,-1,-28,0,-32,-1,-28,-2,-32,0,-29,0,-30,-2,-32,0,-30,-2,-27,-1,-33,-7,-29,-5,-29,-3,-29,-7,-32,-2,-29,-7,-30,-4,-27,-8,-28,-9,-28,-10,-24,-9,-26,-10,-22,-9,-24,-14,-20,-14,-23,-11,-17,-13,-20,-14,-17,-15,-19,-14,-14,-15,-15,-16,-11,-19,-8,-17,-7,-16,0,0,0,0,0,0,0,0,0,0]"""
1782031935403,2026-06-21T17:52:15.403,safe,posture,mhw,standing_still,t017,"CSI_DATA,535361,1a:00:00:00:00:00,-44,11,-99,18,28,11,521186693,47,2,256,0,""[0,0,0,0,0,0,0,0,0,0,0,0,4,4,4,4,6,7,7,6,4,7,6,7,7,7,7,7,8,8,6,11,4,9,7,11,8,12,7,13,6,14,8,14,7,15,4,17,4,15,6,13,3,14,8,17,6,18,3,19,4,22,4,19,3,18,3,20,4,20,4,22,4,20,4,22,3,20,7,19,6,22,7,24,7,22,3,23,6,22,7,23,6,24,7,24,7,24,7,26,7,24,9,24,8,28,11,26,11,29,8,29,7,28,7,31,8,34,7,30,6,34,7,33,6,34,0,0,0,0,0,0,36,-4,37,-2,33,-2,35,-1,36,-3,34,2,35,-1,34,0,35,2,31,0,30,-2,29,0,33,-6,31,-3,29,2,31,-1,31,-3,31,0,31,1,30,-2,29,-2,31,1,26,-3,26,-3,29,-3,30,-6,30,-2,29,0,33,-1,29,-2,30,1,31,0,30,0,30,0,29,4,30,1,28,2,29,1,30,2,31,3,28,6,26,9,26,8,29,11,25,12,25,11,23,13,22,13,20,13,18,12,20,13,19,12,17,14,13,14,11,17,11,14,9,17,0,0,0,0,0,0,0,0,0,0]"""
1782031935418,2026-06-21T17:52:15.418,safe,posture,mhw,standing_still,t017,"CSI_DATA,535362,1a:00:00:00:00:00,-44,11,-99,21,28,11,521197693,47,2,256,0,""[0,0,0,0,0,0,0,0,0,0,0,0,-5,-2,-7,-2,-8,-1,-7,-1,-10,-3,-7,-4,-7,-5,-8,-4,-11,-5,-7,-5,-10,-6,-12,-5,-12,-6,-11,-7,-13,-11,-10,-7,-12,-8,-12,-10,-12,-12,-12,-14,-12,-14,-12,-13,-10,-14,-12,-14,-13,-14,-11,-15,-11,-17,-11,-19,-11,-14,-13,-16,-12,-16,-15,-20,-10,-19,-12,-19,-11,-21,-11,-17,-11,-16,-16,-17,-11,-17,-14,-17,-12,-21,-15,-16,-17,-20,-15,-22,-17,-25,-11,-22,-16,-22,-11,-26,-15,-23,-15,-25,-21,-25,-20,-26,-16,-29,-15,-29,-22,-28,-17,-31,-16,-31,0,0,0,0,0,0,-34,12,-29,10,-34,14,-34,12,-31,11,-35,11,-30,11,-35,10,-30,8,-34,8,-32,7,-29,3,-32,7,-30,5,-31,8,-29,8,-29,10,-29,6,-33,5,-25,8,-28,10,-29,7,-29,8,-31,6,-29,3,-29,5,-28,2,-29,8,-31,7,-26,8,-29,4,-33,2,-26,6,-28,6,-30,3,-34,2,-31,-3,-30,-1,-30,-4,-30,-4,-26,-4,-30,-2,-28,-3,-24,-4,-25,-8,-23,-4,-25,-8,-23,-10,-23,-12,-19,-12,-19,-12,-14,-16,-14,-14,-14,-14,-15,-13,-11,-13,-10,-15,0,0,0,0,0,0,0,0,0,0]"""
1782031935427,2026-06-21T17:52:15.427,safe,posture,mhw,standing_still,t017,"CSI_DATA,535363,1a:00:00:00:00:00,-43,11,-99,18,28,11,521208693,47,2,256,0,""[0,0,0,0,0,0,0,0,0,0,0,0,-3,4,-3,6,-4,7,-6,4,-6,6,-6,7,-7,7,-7,6,-8,7,-9,8,-9,8,-11,7,-11,6,-13,8,-11,6,-15,4,-14,6,-15,6,-15,3,-15,7,-18,8,-18,2,-18,4,-19,6,-19,3,-20,3,-20,1,-19,3,-23,1,-23,0,-20,1,-22,0,-23,1,-22,1,-20,2,-22,1,-22,1,-24,2,-25,1,-25,1,-24,2,-25,-1,-25,0,-26,2,-24,-1,-29,2,-29,0,-29,1,-30,0,-30,0,-31,-3,-30,-3,-31,-3,-35,-4,-34,-6,-33,-4,-34,-6,0,0,0,0,0,0,-8,31,-7,33,-8,33,-9,33,-9,33,-12,31,-13,33,-12,34,-12,31,-14,30,-12,29,-12,30,-12,26,-11,29,-12,29,-9,28,-11,30,-11,26,-12,25,-15,28,-13,26,-13,28,-13,26,-14,25,-13,29,-14,23,-14,26,-13,26,-13,25,-15,26,-15,25,-14,24,-20,25,-19,23,-18,23,-20,23,-22,25,-20,20,-22,22,-24,18,-23,18,-23,18,-24,15,-23,14,-24,13,-25,11,-24,8,-23,9,-23,6,-25,7,-22,3,-22,2,-20,0,-18,0,-20,0,-19,-3,-19,-4,0,0,0,0,0,0,0,0,0,0]"""
1782031935437,2026-06-21T17:52:15.437,safe,posture,mhw,standing_still,t017,"CSI_DATA,535364,1a:00:00:00:00:00,-44,11,-99,15,29,11,521219693,47,2,256,0,""[0,0,0,0,0,0,0,0,0,0,0,0,5,2,5,2,7,3,7,3,7,1,8,5,8,4,9,4,9,5,9,5,11,5,11,5,9,7,11,7,10,7,13,9,14,9,14,8,14,11,13,13,13,13,13,11,14,11,16,10,16,13,15,11,14,13,15,11,15,15,17,14,15,14,19,16,17,14,19,14,19,13,17,11,19,10,21,13,20,13,22,9,21,9,21,10,23,11,24,7,26,10,27,11,27,11,26,9,24,10,29,9,30,11,28,10,30,10,32,13,33,9,32,11,33,11,0,0,0,0,0,0,11,-32,11,-33,11,-35,11,-33,11,-32,10,-34,10,-32,10,-32,10,-33,13,-33,10,-32,8,-30,9,-28,7,-28,8,-30,4,-29,5,-32,3,-29,3,-28,4,-29,3,-29,2,-30,4,-29,4,-32,1,-29,3,-28,1,-29,-2,-32,1,-30,0,-30,1,-28,1,-29,3,-30,1,-32,-1,-29,2,-33,3,-33,2,-30,3,-30,5,-29,4,-28,4,-32,5,-27,3,-26,7,-26,9,-24,8,-24,7,-23,10,-23,10,-24,11,-20,11,-20,11,-17,11,-15,11,-17,11,-13,10,-13,0,0,0,0,0,0,0,0,0,0]"""
1782031935450,2026-06-21T17:52:15.450,safe,posture,mhw,standing_still,t017,"CSI_DATA,535365,1a:00:00:00:00:00,-44,11,-99,16,28,11,521230693,47,2,256,0,""[0,0,0,0,0,0,0,0,0,0,0,0,16,12,-1,-32,-5,9,-6,18,0,11,1,0,-12,-10,-20,10,-5,-19,2,-7,-16,-18,2,-12,2,-15,-5,-2,0,-20,1,-10,9,-14,2,-23,-2,-16,3,-15,2,-16,-1,-20,1,-20,1,-20,0,-19,1,-19,0,-22,0,-20,0,-23,0,-19,1,-22,0,-18,-1,-20,-1,-23,-2,-23,-2,-22,-2,-22,-1,-23,-1,-22,-2,-28,-3,-24,-2,-27,-3,-24,-3,-27,-5,-23,-6,-25,-5,-25,-10,-27,-9,-28,-9,-29,-5,-28,-6,-32,-6,-33,-6,-32,-5,-33,-7,-31,-6,-31,0,0,0,0,0,0,-33,3,-38,3,-29,3,-33,5,-37,6,-31,0,-34,6,-31,6,-34,5,-28,6,-28,7,-29,7,-32,10,-33,9,-29,5,-28,7,-29,10,-31,7,-28,6,-32,11,-23,10,-32,9,-24,9,-25,11,-27,10,-28,14,-29,14,-25,10,-28,11,-27,12,-29,12,-27,11,-32,11,-27,10,-29,9,-24,10,-27,12,-28,9,-28,10,-28,9,-29,6,-27,3,-28,3,-31,2,-28,3,-28,1,-24,-2,-25,1,-20,0,-22,0,-22,-2,-20,1,-22,-2,-20,-3,-18,-7,-18,-6,-15,-9,0,0,0,0,0,0,0,0,0,0]"""
1782031935459,2026-06-21T17:52:15.459,safe,posture,mhw,standing_still,t017,"CSI_DATA,535366,1a:00:00:00:00:00,-44,11,-99,19,28,11,521241694,47,2,256,0,""[0,0,0,0,0,0,0,0,0,0,0,0,0,8,-1,7,0,8,-1,8,0,8,-1,7,0,8,0,10,-2,11,0,13,-2,11,-2,11,-1,13,-3,14,-4,11,-5,16,-3,14,-5,15,-7,15,-4,14,-7,15,-7,17,-9,19,-8,15,-9,19,-8,19,-10,17,-10,19,-11,21,-8,17,-9,20,-8,16,-7,20,-8,20,-7,20,-8,23,-8,22,-9,21,-8,22,-8,24,-9,21,-9,27,-7,22,-9,27,-8,20,-5,27,-5,27,-4,27,-5,33,-7,32,-9,28,-10,32,-9,30,-10,33,-10,32,-10,29,-8,32,0,0,0,0,0,0,32,15,39,15,29,8,32,13,38,15,27,15,35,17,29,11,33,17,27,13,27,10,30,10,30,10,34,9,28,11,29,11,32,9,30,10,24,10,32,11,26,4,30,11,23,7,28,7,29,8,29,7,33,7,27,8,30,9,30,7,30,10,28,8,33,11,27,8,29,11,24,7,28,8,28,10,29,10,28,11,28,15,24,16,26,16,26,15,21,16,23,17,17,16,21,19,14,13,17,16,16,16,15,17,14,17,14,21,8,16,7,17,4,17,0,0,0,0,0,0,0,0,0,0]"""
1782031935471,2026-06-21T17:52:15.471,safe,posture,mhw,standing_still,t017,"CSI_DATA,535367,1a:00:00:00:00:00,-44,11,-99,19,28,11,521252693,47,2,256,0,""[0,0,0,0,0,0,0,0,0,0,0,0,5,2,5,1,8,2,8,3,7,1,8,3,8,3,9,3,9,3,10,4,11,3,11,3,11,1,13,3,13,3,15,7,17,4,17,3,17,5,16,1,16,2,16,5,17,4,20,3,19,5,19,4,20,4,19,3,21,5,20,4,21,2,20,3,24,1,22,2,22,-2,21,-1,26,-2,24,-2,24,-3,24,-5,22,-5,28,-3,26,-3,24,-9,23,-8,27,-13,26,-8,24,-13,28,-11,27,-14,27,-13,28,-14,28,-15,30,-16,29,-15,30,-16,29,-20,0,0,0,0,0,0,-17,-28,-22,-29,-20,-28,-21,-27,-23,-29,-19,-28,-22,-29,-21,-24,-22,-26,-21,-26,-23,-24,-23,-22,-21,-21,-24,-19,-24,-20,-24,-19,-27,-16,-26,-16,-24,-14,-26,-16,-26,-13,-27,-13,-27,-11,-29,-13,-30,-11,-26,-9,-32,-10,-29,-8,-29,-7,-30,-7,-29,-8,-28,-4,-29,-11,-30,-8,-28,-5,-29,-8,-33,-5,-29,-7,-29,-3,-27,-7,-28,-5,-28,-8,-29,-8,-26,-8,-23,-7,-27,-10,-23,-10,-26,-8,-21,-9,-24,-9,-19,-9,-21,-7,-16,-10,-19,-7,-16,-10,-15,-10,-13,-9,0,0,0,0,0,0,0,0,0,0]"""
1782031935482,2026-06-21T17:52:15.482,safe,posture,mhw,standing_still,t017,"CSI_DATA,535368,1a:00:00:00:00:00,-44,11,-99,19,28,11,521264266,47,2,256,0,""[0,0,0,0,0,0,0,0,0,0,0,0,-7,0,-10,0,-5,-1,-9,-1,-8,-1,-7,-1,-10,-2,-9,-2,-13,2,-9,-1,-13,-1,-11,0,-13,-1,-14,0,-17,-1,-13,-2,-17,-1,-15,-2,-17,-2,-17,-2,-14,-5,-20,0,-19,-4,-20,-1,-21,-1,-19,-1,-17,0,-22,-1,-17,0,-22,2,-20,0,-24,1,-21,0,-21,0,-22,-1,-23,3,-21,2,-23,7,-22,5,-21,5,-24,4,-20,10,-23,11,-24,11,-29,13,-23,5,-26,11,-27,10,-26,13,-27,13,-26,19,-24,17,-29,17,-27,16,-27,21,-32,19,-29,20,0,0,0,0,0,0,21,32,20,28,22,29,19,30,19,24,22,29,21,22,26,28,20,23,22,27,22,24,17,23,24,23,19,22,23,21,26,20,27,16,23,15,26,23,23,11,29,13,26,15,29,16,26,16,23,15,27,14,23,11,27,9,28,10,28,9,27,10,30,14,26,7,30,5,27,9,35,11,27,13,28,9,27,15,24,11,24,11,29,9,27,11,23,9,23,13,22,8,26,10,22,13,23,15,17,13,17,13,15,15,17,13,14,15,16,13,13,13,11,14,0,0,0,0,0,0,0,0,0,0]"""
1782031935492,2026-06-21T17:52:15.492,safe,posture,mhw,standing_still,t017,"CSI_DATA,535369,1a:00:00:00:00:00,-44,11,-99,18,28,11,521274694,47,2,256,0,""[0,0,0,0,0,0,0,0,0,0,0,0,3,4,3,4,6,6,6,6,7,8,6,8,6,7,7,8,6,8,9,8,7,7,9,8,8,11,8,11,7,11,8,15,9,12,8,14,7,14,8,13,11,14,7,15,11,17,9,15,9,17,11,17,13,17,9,15,11,19,11,17,13,18,12,15,15,17,12,17,15,15,15,17,18,18,17,19,18,17,19,18,19,13,22,18,19,18,23,13,18,12,26,17,22,15,26,11,26,14,25,17,24,15,28,15,28,15,33,15,31,15,28,13,33,14,0,0,0,0,0,0,15,-28,15,-34,12,-28,15,-31,15,-35,13,-25,17,-34,13,-30,12,-33,12,-28,11,-29,9,-33,9,-29,7,-31,8,-30,7,-29,4,-31,6,-30,3,-25,7,-33,2,-28,3,-31,2,-26,0,-29,1,-31,1,-28,0,-31,-2,-30,-1,-30,-2,-31,-2,-31,-3,-28,0,-34,-1,-29,-1,-29,0,-26,-4,-33,0,-30,-2,-30,1,-29,1,-29,3,-28,2,-29,3,-30,2,-25,4,-28,6,-23,2,-25,4,-18,3,-25,6,-20,3,-22,8,-19,7,-23,7,-18,7,-14,8,-13,0,0,0,0,0,0,0,0,0,0]"""
1782031935502,2026-06-21T17:52:15.503,safe,posture,mhw,standing_still,t017,"CSI_DATA,535370,1a:00:00:00:00:00,-44,11,-99,16,29,11,521285694,47,2,256,0,""[0,0,0,0,0,0,0,0,0,0,0,0,5,4,3,6,4,5,4,8,4,6,5,10,4,6,3,9,4,10,3,10,4,12,4,13,5,12,3,13,2,17,1,12,2,17,0,15,0,18,-1,17,-1,12,0,18,-5,18,-2,17,-3,20,-3,20,-4,18,-8,23,-2,16,-4,20,-6,20,-5,24,-8,20,-6,19,-9,20,-8,23,-8,18,-4,23,-5,21,-5,21,-11,23,-4,20,-6,26,-9,25,-10,31,-11,24,-10,27,-12,26,-9,25,-11,27,-11,32,-11,31,-16,33,-13,26,-12,30,-15,33,-17,28,0,0,0,0,0,0,31,21,26,19,30,24,25,25,23,20,25,26,20,18,27,24,20,20,24,25,23,25,17,23,23,24,16,21,20,21,20,23,21,23,20,23,19,28,17,18,20,23,18,23,21,25,17,25,16,23,19,25,15,23,18,23,18,25,19,24,15,25,16,30,16,21,17,27,13,25,17,32,9,27,11,27,8,31,8,30,5,25,6,28,6,26,4,26,1,28,4,24,0,27,-2,25,-4,27,-6,20,-5,21,-8,19,-9,20,-8,18,-10,17,-9,16,-13,15,0,0,0,0,0,0,0,0,0,0]"""
1782031935515,2026-06-21T17:52:15.515,safe,posture,mhw,standing_still,t017,"CSI_DATA,535371,1a:00:00:00:00:00,-43,11,-99,18,28,11,521297027,47,2,256,0,""[0,0,0,0,0,0,0,0,0,0,0,0,2,6,2,6,3,7,2,9,3,7,3,9,2,8,3,9,2,9,3,9,2,13,3,13,3,13,3,13,2,14,1,13,3,18,3,15,3,19,-1,18,1,19,2,17,2,18,2,19,1,20,0,20,0,19,2,17,0,18,2,23,2,18,1,25,3,23,2,20,2,23,4,20,4,23,7,24,4,24,7,22,6,23,8,22,9,26,9,25,9,29,9,25,9,25,9,26,9,24,12,26,14,30,8,26,13,30,13,31,13,31,12,30,15,31,0,0,0,0,0,0,33,-12,33,-12,35,-14,33,-11,28,-12,33,-13,29,-11,33,-15,28,-14,34,-12,30,-13,26,-13,29,-13,25,-13,29,-14,28,-14,26,-15,25,-12,26,-14,24,-13,25,-18,24,-17,26,-18,25,-17,25,-15,23,-14,24,-17,24,-19,24,-19,24,-20,22,-17,24,-18,23,-15,24,-20,23,-18,29,-20,25,-15,24,-15,28,-14,25,-13,25,-14,26,-17,26,-11,23,-12,24,-9,24,-9,25,-8,25,-8,26,-6,23,-6,23,-2,22,-3,22,-2,18,0,22,-1,19,1,18,2,0,0,0,0,0,0,0,0,0,0]"""
1782031935526,2026-06-21T17:52:15.526,safe,posture,mhw,standing_still,t017,"CSI_DATA,535372,1a:00:00:00:00:00,-44,11,-99,18,28,11,521307693,47,2,256,0,""[0,0,0,0,0,0,0,0,0,0,0,0,4,-4,3,-7,4,-4,4,-8,1,-7,4,-8,6,-8,4,-7,4,-8,6,-9,6,-11,4,-12,6,-12,6,-13,6,-12,7,-13,7,-15,6,-13,7,-14,8,-18,4,-15,7,-14,7,-17,7,-18,6,-18,6,-18,6,-19,4,-20,6,-18,4,-19,3,-20,6,-22,4,-23,3,-22,3,-23,3,-20,1,-22,-2,-24,-2,-24,-2,-22,-2,-23,-3,-24,-6,-24,-8,-25,-8,-29,-7,-26,-11,-25,-9,-26,-9,-24,-12,-26,-15,-28,-14,-25,-15,-28,-15,-33,-18,-30,-17,-28,-18,-33,0,0,0,0,0,0,-26,20,-24,23,-25,25,-25,23,-23,20,-25,24,-22,24,-24,26,-20,25,-25,24,-22,26,-15,25,-18,23,-15,26,-17,29,-12,26,-13,29,-11,26,-11,28,-9,28,-7,30,-4,29,-7,31,-6,31,-3,29,-6,28,-3,29,0,30,0,31,1,30,0,28,1,29,1,30,1,31,4,31,2,35,1,33,1,31,1,30,-1,28,2,28,3,30,0,29,3,26,3,26,0,25,0,25,0,24,-1,25,0,24,0,23,-1,20,-3,20,-1,18,-2,22,-3,18,-3,17,0,0,0,0,0,0,0,0,0,0]"""
1782031935537,2026-06-21T17:52:15.537,safe,posture,mhw,standing_still,t017,"CSI_DATA,535373,1a:00:00:00:00:00,-44,11,-99,15,29,11,521319445,47,2,256,0,""[0,0,0,0,0,0,0,0,0,0,0,0,0,5,-2,8,-1,7,-2,8,0,7,-1,10,-4,9,-2,8,-3,13,-4,9,-2,13,-3,14,-2,13,-3,13,-5,14,-4,11,-7,15,-5,15,-8,16,-9,15,-8,11,-9,17,-11,14,-9,17,-10,16,-10,16,-10,16,-11,19,-9,15,-10,19,-10,19,-11,21,-15,17,-13,17,-14,19,-11,19,-10,16,-8,21,-10,19,-9,19,-13,22,-7,22,-9,26,-11,24,-13,30,-14,20,-11,27,-16,24,-11,23,-14,24,-10,30,-9,29,-14,30,-15,29,-10,32,-16,33,-14,30,0,0,0,0,0,0,33,20,27,16,34,21,27,20,24,15,30,20,26,16,30,19,26,15,29,21,28,20,22,20,28,17,23,16,26,17,28,15,28,14,26,13,27,20,23,11,29,11,26,14,28,14,26,16,23,16,28,14,24,15,28,11,27,14,26,11,26,13,27,19,24,10,29,14,26,15,32,19,22,20,24,19,22,20,20,20,19,19,23,19,22,19,19,15,19,22,17,16,19,20,15,21,14,24,9,19,10,21,7,20,5,20,5,19,7,20,4,17,2,20,0,0,0,0,0,0,0,0,0,0]"""
1782031935549,2026-06-21T17:52:15.549,safe,posture,mhw,standing_still,t017,"CSI_DATA,535374,1a:00:00:00:00:00,-44,11,-99,15,29,11,521329694,47,2,256,0,""[0,0,0,0,0,0,0,0,0,0,0,0,-2,-7,-1,-7,-2,-5,-3,-8,-3,-5,-2,-10,-2,-11,-2,-8,-2,-10,-2,-11,-4,-11,-4,-13,-4,-13,-3,-13,-4,-16,-3,-13,-5,-17,-2,-14,-4,-19,-4,-17,-1,-15,-5,-16,-2,-15,-7,-19,-5,-19,-8,-19,-5,-17,-7,-22,-8,-15,-9,-20,-5,-19,-10,-24,-9,-20,-10,-19,-10,-20,-11,-19,-11,-16,-16,-17,-16,-16,-13,-17,-16,-20,-16,-14,-21,-16,-20,-17,-24,-21,-19,-20,-21,-17,-21,-17,-22,-14,-23,-16,-29,-14,-29,-13,-29,-19,-27,-17,-32,-14,-30,-15,-28,-15,0,0,0,0,0,0,-19,33,-15,26,-17,38,-16,30,-10,27,-15,35,-10,28,-13,34,-8,27,-13,34,-9,34,-10,27,-7,30,-8,26,-5,30,-3,30,-2,30,-1,29,-5,34,1,24,2,32,0,28,0,34,0,30,1,28,3,29,3,26,7,29,7,30,8,27,4,27,4,34,8,23,9,29,7,29,10,38,4,32,8,30,5,30,4,28,7,27,8,29,7,27,7,24,3,27,7,22,4,28,2,26,1,30,-1,23,1,23,-2,22,1,20,-2,20,-1,20,-1,19,-3,17,0,0,0,0,0,0,0,0,0,0]"""
1782031935559,2026-06-21T17:52:15.559,safe,posture,mhw,standing_still,t017,"CSI_DATA,535375,1a:00:00:00:00:00,-44,11,-99,19,28,11,521340693,47,2,256,0,""[0,0,0,0,0,0,0,0,0,0,0,0,-7,-2,-4,-1,-9,-1,-7,-3,-8,-2,-8,-3,-7,0,-10,-3,-9,-3,-10,-1,-11,-3,-13,-1,-13,-3,-14,-3,-11,-4,-15,-5,-15,-3,-17,-7,-14,-5,-11,-3,-16,-5,-17,-3,-19,-5,-17,-5,-17,-4,-19,-5,-21,-4,-20,-2,-22,-8,-19,-5,-19,-5,-17,-3,-23,-3,-22,-3,-23,-1,-23,-1,-24,-1,-23,-2,-24,-1,-26,2,-23,3,-28,-1,-24,0,-26,4,-22,1,-28,5,-27,4,-26,10,-30,7,-28,9,-29,4,-28,7,-28,7,-34,9,-32,8,-32,10,-33,11,0,0,0,0,0,0,10,32,10,36,9,28,10,32,14,36,10,29,13,35,14,29,15,32,13,28,13,28,17,28,16,28,20,26,16,24,16,24,20,23,19,26,17,20,20,26,19,21,21,24,17,19,22,20,23,21,21,19,26,21,23,19,23,20,26,17,27,17,23,15,26,22,23,20,24,17,21,16,26,17,23,19,27,16,23,20,23,17,22,20,20,21,23,21,20,17,19,21,15,21,19,17,14,15,16,17,14,15,15,15,11,19,13,17,9,17,9,15,8,17,0,0,0,0,0,0,0,0,0,0]"""
1782031935573,2026-06-21T17:52:15.573,safe,posture,mhw,standing_still,t017,"CSI_DATA,535376,1a:00:00:00:00:00,-44,11,-99,14,29,11,521353697,47,2,256,0,""[0,0,0,0,0,0,0,0,0,0,0,0,-3,-4,-4,-3,-4,-4,-4,-6,-6,-7,-3,-6,-4,-8,-4,-8,-3,-11,-6,-11,-4,-11,-3,-11,-4,-11,-6,-12,-2,-13,-2,-17,-3,-17,-3,-18,-2,-14,-1,-18,-1,-22,-1,-17,-2,-19,-1,-19,-1,-19,-1,-19,1,-20,0,-19,3,-24,2,-19,2,-22,1,-19,0,-22,3,-20,2,-20,2,-23,3,-24,2,-23,4,-24,2,-28,0,-23,6,-28,4,-24,2,-25,4,-20,0,-28,6,-26,0,-28,6,-29,6,-30,7,-29,7,-29,8,-31,9,-35,9,-33,8,-30,7,-34,0,0,0,0,0,0,-30,-13,-35,-15,-29,-12,-33,-13,-35,-14,-25,-14,-34,-18,-28,-14,-30,-17,-25,-17,-25,-15,-28,-17,-25,-17,-30,-17,-25,-18,-24,-15,-25,-14,-25,-17,-23,-14,-28,-19,-24,-13,-26,-17,-22,-14,-24,-14,-26,-15,-22,-17,-26,-17,-26,-15,-24,-18,-25,-17,-24,-18,-20,-14,-24,-24,-22,-20,-23,-19,-18,-19,-23,-22,-19,-23,-20,-22,-14,-24,-15,-25,-13,-25,-12,-28,-12,-25,-11,-23,-7,-28,-4,-23,-8,-25,-1,-19,-4,-25,0,-22,-1,-22,2,-22,2,-22,4,-19,6,-18,6,-17,0,0,0,0,0,0,0,0,0,0]"""
1782031935583,2026-06-21T17:52:15.583,safe,posture,mhw,standing_still,t017,"CSI_DATA,535377,1a:00:00:00:00:00,-44,11,-99,19,28,11,521362694,47,2,256,0,""[0,0,0,0,0,0,0,0,0,0,0,0,-5,-2,-7,-1,-7,-1,-9,-3,-8,-1,-8,-2,-9,-1,-9,-1,-10,-1,-11,-2,-13,-2,-13,-2,-13,-2,-15,-1,-15,-2,-16,0,-16,-1,-15,-1,-15,-1,-17,2,-16,2,-19,2,-19,1,-19,0,-19,2,-20,1,-20,1,-21,1,-19,5,-20,4,-22,3,-20,8,-20,7,-21,9,-21,10,-21,11,-17,13,-20,11,-19,13,-20,15,-21,15,-15,17,-17,20,-19,21,-17,21,-14,20,-13,26,-13,26,-11,26,-11,28,-11,28,-13,29,-15,33,-10,30,-11,33,-9,35,-8,33,0,0,0,0,0,0,34,8,35,8,35,4,34,7,34,2,35,5,33,1,36,-1,33,1,33,-1,32,-4,28,-4,33,-8,29,-7,30,-5,30,-9,29,-11,28,-9,30,-10,24,-14,24,-17,28,-14,23,-17,22,-17,22,-19,22,-22,22,-20,21,-20,22,-22,17,-23,20,-22,21,-26,17,-23,15,-26,19,-24,17,-28,15,-26,14,-27,15,-27,15,-27,14,-22,14,-24,13,-26,15,-23,15,-24,11,-23,14,-23,14,-21,15,-22,11,-19,10,-21,14,-19,10,-20,11,-17,11,-14,13,-15,13,-15,0,0,0,0,0,0,0,0,0,0]"""
1782031935593,2026-06-21T17:52:15.593,safe,posture,mhw,standing_still,t017,"CSI_DATA,535378,1a:00:00:00:00:00,-44,11,-99,18,28,11,521373694,47,2,256,0,""[0,0,0,0,0,0,0,0,0,0,0,0,7,0,7,0,7,-1,8,-1,9,-1,8,0,11,0,9,0,9,0,11,-1,12,0,12,-1,14,-2,14,-2,14,-2,13,-1,18,-3,14,-1,17,-2,17,-4,14,-3,18,-2,17,-2,18,-4,19,-4,19,-4,19,-4,18,-7,18,-4,20,-9,17,-8,22,-9,19,-9,19,-12,18,-11,18,-9,15,-12,18,-17,18,-13,15,-17,15,-18,14,-18,15,-22,14,-22,18,-25,15,-23,14,-25,13,-24,13,-22,12,-26,12,-30,9,-26,12,-29,12,-30,8,-33,9,-34,7,-35,0,0,0,0,0,0,-33,-2,-30,-6,-40,-3,-35,-1,-29,-2,-35,0,-31,1,-34,0,-29,2,-37,0,-34,2,-31,4,-29,4,-30,6,-31,8,-29,8,-28,12,-26,11,-29,9,-25,12,-26,15,-24,14,-29,18,-26,17,-23,18,-22,15,-22,17,-22,22,-22,22,-20,22,-19,19,-20,22,-18,22,-18,25,-18,23,-23,29,-20,24,-18,24,-18,23,-18,22,-18,20,-17,25,-18,23,-15,22,-15,22,-14,20,-17,22,-15,20,-19,22,-14,18,-15,15,-14,14,-13,14,-14,12,-14,14,-14,11,-15,12,0,0,0,0,0,0,0,0,0,0]"""
1782031935603,2026-06-21T17:52:15.603,safe,posture,mhw,standing_still,t017,"CSI_DATA,535379,1a:00:00:00:00:00,-44,11,-99,18,28,11,521384694,47,2,256,0,""[0,0,0,0,0,0,0,0,0,0,0,0,-6,-2,-7,-3,-6,-3,-7,-4,-7,-4,-9,-3,-8,-4,-9,-4,-8,-6,-9,-4,-11,-4,-12,-4,-12,-3,-12,-4,-12,-6,-13,-6,-13,-6,-15,-6,-14,-8,-14,-8,-17,-7,-15,-6,-17,-8,-19,-4,-18,-6,-18,-4,-19,-4,-19,-3,-18,-6,-20,-2,-18,-3,-23,-3,-23,-3,-23,-1,-23,0,-20,-1,-22,0,-24,2,-24,1,-24,4,-24,4,-23,4,-25,6,-23,9,-28,7,-25,11,-28,11,-25,13,-26,12,-25,13,-26,15,-25,15,-29,17,-29,15,-28,19,-29,19,-25,19,0,0,0,0,0,0,22,26,23,25,25,25,24,25,22,24,24,23,26,23,25,25,25,20,25,22,26,20,25,17,24,18,26,13,26,13,28,13,28,11,28,11,25,9,28,11,30,8,29,8,29,6,31,6,30,4,28,4,30,1,30,0,29,0,31,0,30,-1,29,-3,30,0,31,-1,29,-2,33,-1,33,-1,29,-2,30,-3,29,1,28,-2,30,-4,30,-2,26,0,26,-2,25,0,25,1,24,0,25,2,24,0,22,1,20,0,18,2,22,2,19,2,18,2,17,6,0,0,0,0,0,0,0,0,0,0]"""
1782031935613,2026-06-21T17:52:15.613,safe,posture,mhw,standing_still,t017,"CSI_DATA,535380,1a:00:00:00:00:00,-44,11,-99,19,28,11,521395694,47,2,256,0,""[0,0,0,0,0,0,0,0,0,0,0,0,5,-3,5,-2,8,-2,9,-3,8,-3,8,-2,8,-3,10,-3,11,-2,13,-2,13,-1,11,-1,13,-1,15,-3,14,-1,17,0,15,-1,17,0,15,2,17,1,21,1,17,1,21,-1,19,3,20,2,17,2,21,3,19,2,22,4,20,2,21,3,19,2,23,0,22,2,22,0,24,1,23,1,23,3,26,3,27,1,24,1,28,2,24,2,28,1,21,0,30,-1,27,1,28,-4,30,1,30,-1,27,0,30,2,30,1,34,1,33,3,30,2,33,-1,0,0,0,0,0,0,3,-33,3,-38,1,-30,3,-34,4,-40,7,-30,7,-36,7,-30,7,-35,5,-30,4,-30,5,-33,2,-30,3,-33,5,-29,4,-30,2,-30,3,-32,3,-27,3,-33,2,-28,2,-32,2,-26,1,-27,3,-32,1,-29,1,-33,1,-28,2,-32,0,-32,2,-33,1,-29,5,-34,4,-28,3,-30,4,-26,2,-32,8,-29,2,-30,7,-28,8,-29,10,-27,10,-26,10,-28,11,-24,14,-23,15,-19,13,-22,11,-16,14,-19,14,-16,13,-17,16,-14,15,-15,15,-11,16,-9,16,-8,0,0,0,0,0,0,0,0,0,0]"""
1782031935624,2026-06-21T17:52:15.624,safe,posture,mhw,standing_still,t017,"CSI_DATA,535381,1a:00:00:00:00:00,-44,11,-99,19,28,11,521406976,47,2,256,0,""[0,0,0,0,0,0,0,0,0,0,0,0,-7,1,-8,2,-5,1,-8,1,-8,1,-10,1,-10,2,-11,2,-9,2,-9,2,-11,2,-13,2,-13,3,-13,4,-13,4,-14,2,-17,3,-14,4,-16,3,-21,3,-19,3,-17,3,-17,3,-20,5,-20,4,-19,5,-17,4,-20,5,-17,4,-20,8,-17,7,-24,9,-21,7,-21,9,-20,9,-21,8,-17,9,-21,13,-20,11,-19,13,-22,14,-16,16,-21,17,-17,19,-24,21,-19,17,-19,20,-21,20,-17,19,-20,21,-20,28,-15,26,-19,26,-22,26,-20,29,-20,28,-20,27,0,0,0,0,0,0,29,19,27,16,34,17,29,19,24,15,32,17,27,14,33,17,29,11,34,16,30,14,29,11,29,13,28,11,32,9,29,7,29,7,28,5,30,7,27,4,32,3,29,2,33,3,30,1,29,1,28,2,28,1,30,-4,30,-1,30,-2,28,-2,32,-2,29,-3,30,-5,29,-4,36,-3,30,-2,30,-3,30,0,27,0,28,-1,30,-4,29,-2,26,-1,27,-1,24,-3,26,0,24,1,29,3,23,2,24,3,20,4,19,3,20,3,21,4,17,5,16,5,0,0,0,0,0,0,0,0,0,0]"""
1782031935636,2026-06-21T17:52:15.636,safe,posture,mhw,standing_still,t017,"CSI_DATA,535382,1a:00:00:00:00:00,-44,11,-99,18,28,11,521417694,47,2,256,0,""[0,0,0,0,0,0,0,0,0,0,0,0,3,-6,3,-6,4,-4,3,-6,4,-7,6,-6,7,-8,7,-7,7,-7,7,-8,7,-11,9,-8,7,-11,8,-11,8,-11,11,-11,11,-13,9,-12,12,-12,13,-14,9,-15,13,-12,13,-13,12,-15,13,-15,12,-15,12,-14,12,-15,13,-14,12,-17,12,-17,14,-17,13,-18,13,-18,13,-19,11,-17,9,-19,9,-23,11,-20,7,-20,7,-22,7,-24,8,-25,6,-25,8,-28,7,-29,6,-26,4,-25,6,-26,4,-30,3,-31,3,-28,4,-31,8,-34,1,-33,1,-34,6,-34,0,0,0,0,0,0,-34,-3,-30,-1,-37,-2,-34,-2,-31,-1,-35,0,-33,1,-34,0,-33,2,-34,0,-33,0,-31,2,-29,0,-30,3,-30,6,-30,6,-30,7,-28,7,-26,6,-28,6,-29,11,-26,9,-29,8,-30,9,-26,11,-25,8,-26,11,-25,15,-26,13,-26,14,-25,14,-25,15,-25,13,-26,15,-25,17,-30,15,-28,13,-28,12,-28,12,-25,8,-25,9,-28,13,-26,9,-24,11,-26,11,-25,7,-25,8,-23,9,-24,4,-23,4,-22,3,-22,2,-19,1,-22,2,-20,1,-18,0,-19,0,0,0,0,0,0,0,0,0,0,0]"""
1782031935647,2026-06-21T17:52:15.647,safe,posture,mhw,standing_still,t017,"CSI_DATA,535383,1a:00:00:00:00:00,-44,11,-99,18,28,11,521429114,47,2,256,0,""[0,0,0,0,0,0,0,0,0,0,0,0,-7,1,-7,1,-6,1,-8,2,-7,1,-11,1,-11,2,-9,1,-9,1,-11,1,-12,1,-12,2,-12,2,-13,1,-14,1,-13,1,-14,2,-17,2,-19,2,-18,0,-19,-1,-17,1,-18,2,-20,2,-20,1,-19,3,-19,1,-20,2,-20,0,-22,1,-20,1,-24,3,-22,2,-20,3,-23,3,-22,3,-22,6,-24,7,-23,7,-22,8,-23,7,-22,9,-23,9,-23,11,-29,9,-24,12,-24,11,-26,12,-24,12,-25,14,-28,15,-25,14,-26,15,-30,14,-28,18,-26,18,-29,17,0,0,0,0,0,0,17,28,19,28,24,33,20,29,17,25,19,29,18,26,20,29,18,23,18,30,22,26,18,25,15,24,17,23,20,23,22,23,22,22,20,19,19,20,20,18,25,20,22,18,25,20,24,20,24,17,22,18,25,18,26,15,26,17,24,15,23,17,25,15,24,17,26,15,26,14,29,20,25,19,24,17,23,20,22,18,22,17,25,18,22,18,20,15,20,15,19,18,18,19,18,17,17,22,15,18,14,19,11,18,8,18,8,17,11,19,7,18,7,17,0,0,0,0,0,0,0,0,0,0]"""
1782031935658,2026-06-21T17:52:15.658,safe,posture,mhw,standing_still,t017,"CSI_DATA,535384,1a:00:00:00:00:00,-44,11,-99,19,28,11,521439952,47,2,256,0,""[0,0,0,0,0,0,0,0,0,0,0,0,3,-7,2,-7,2,-5,3,-8,3,-7,4,-9,5,-10,5,-9,5,-8,7,-9,5,-9,8,-10,8,-13,5,-10,8,-13,9,-10,10,-14,7,-13,11,-15,11,-15,7,-15,11,-11,11,-13,11,-15,13,-16,11,-15,11,-13,11,-15,11,-14,13,-16,10,-16,14,-21,14,-20,13,-17,11,-19,11,-17,10,-19,10,-22,10,-20,10,-19,8,-22,7,-21,10,-23,8,-24,10,-29,10,-26,9,-26,10,-26,8,-23,8,-28,8,-33,8,-28,9,-30,11,-30,8,-33,10,-34,10,-34,0,0,0,0,0,0,-33,-10,-30,-8,-38,-9,-34,-9,-29,-8,-34,-9,-29,-8,-34,-10,-29,-5,-35,-10,-33,-8,-29,-8,-29,-8,-29,-5,-32,-3,-29,-3,-30,-4,-27,-3,-30,-4,-26,-3,-32,0,-29,1,-33,-1,-33,-1,-29,0,-27,-2,-26,-1,-29,3,-30,1,-28,2,-27,0,-30,1,-27,1,-32,3,-29,3,-36,1,-32,0,-32,-3,-32,-3,-26,-4,-28,-2,-30,-1,-28,-3,-23,-2,-27,-3,-24,-5,-26,-5,-24,-5,-27,-8,-22,-9,-19,-9,-17,-9,-17,-9,-17,-8,-20,-11,-15,-9,-14,-11,0,0,0,0,0,0,0,0,0,0]"""
1782031935669,2026-06-21T17:52:15.669,safe,posture,mhw,standing_still,t017,"CSI_DATA,535385,1a:00:00:00:00:00,-44,11,-99,18,28,11,521450694,47,2,256,0,""[0,0,0,0,0,0,0,0,0,0,0,0,-1,6,-1,6,-1,6,-1,9,-1,7,-1,9,0,9,0,8,1,9,-2,11,-1,12,-1,13,1,14,0,15,0,17,0,12,1,17,-1,15,0,18,-1,18,-2,19,2,19,0,17,0,18,2,20,4,18,3,19,1,20,4,17,4,22,3,20,7,23,3,22,9,20,8,22,11,20,11,19,13,20,13,18,13,17,14,22,17,14,18,19,17,18,22,22,15,18,23,15,19,18,23,15,25,14,28,13,26,12,30,17,28,14,29,12,34,15,30,12,0,0,0,0,0,0,14,-34,11,-30,9,-37,11,-34,9,-26,11,-34,4,-28,4,-37,4,-29,6,-35,2,-34,4,-30,0,-30,0,-28,-2,-30,-4,-30,-6,-30,-4,-26,-4,-31,-8,-23,-11,-29,-8,-26,-12,-30,-11,-26,-8,-25,-14,-28,-12,-25,-15,-24,-17,-24,-17,-24,-15,-24,-18,-29,-18,-19,-22,-23,-18,-24,-23,-28,-17,-25,-20,-22,-18,-24,-19,-22,-19,-22,-20,-23,-19,-22,-18,-17,-17,-22,-17,-17,-18,-19,-13,-22,-15,-23,-11,-18,-13,-18,-12,-17,-12,-18,-9,-15,-11,-17,-11,-15,-8,-15,0,0,0,0,0,0,0,0,0,0]"""
1782031935682,2026-06-21T17:52:15.682,safe,posture,mhw,standing_still,t017,"CSI_DATA,535386,1a:00:00:00:00:00,-44,11,-99,18,28,11,521461694,47,2,256,0,""[0,0,0,0,0,0,0,0,0,0,0,0,-4,0,-7,-2,-6,-3,-7,-2,-8,-3,-8,-4,-8,-6,-7,-4,-9,-6,-8,-6,-11,-6,-11,-6,-12,-8,-11,-8,-11,-9,-9,-8,-12,-12,-13,-8,-12,-12,-13,-14,-13,-12,-9,-13,-11,-13,-14,-14,-13,-14,-12,-14,-11,-14,-13,-17,-12,-13,-14,-15,-14,-15,-17,-22,-13,-18,-14,-15,-14,-17,-13,-15,-13,-15,-20,-17,-17,-15,-15,-14,-15,-18,-18,-13,-20,-17,-19,-15,-24,-20,-19,-18,-22,-17,-22,-19,-18,-15,-22,-19,-28,-20,-23,-18,-23,-19,-23,-23,-26,-20,-28,-23,-25,-22,0,0,0,0,0,0,-22,29,-19,23,-26,29,-23,24,-19,22,-23,25,-20,22,-25,24,-19,23,-26,26,-24,24,-19,22,-20,22,-19,20,-20,24,-19,22,-18,23,-17,24,-19,23,-17,20,-18,25,-17,24,-19,25,-20,24,-17,25,-19,22,-15,22,-17,28,-19,25,-15,24,-17,22,-19,25,-15,20,-18,25,-15,22,-24,28,-23,24,-19,22,-23,22,-19,18,-19,19,-22,24,-23,17,-20,15,-20,14,-18,14,-23,17,-20,14,-25,12,-22,9,-22,9,-19,6,-17,6,-19,1,-20,4,-18,3,-18,2,0,0,0,0,0,0,0,0,0,0]"""
1782031935690,2026-06-21T17:52:15.690,safe,posture,mhw,standing_still,t017,"CSI_DATA,535387,1a:00:00:00:00:00,-44,11,-99,19,28,11,521472694,47,2,256,0,""[0,0,0,0,0,0,0,0,0,0,0,0,4,-3,5,-4,5,-3,7,-4,7,-3,8,-4,9,-3,9,-2,10,-3,9,-2,13,-4,13,-3,13,-3,11,-2,16,-2,11,-3,15,-3,16,-3,17,-2,16,1,16,2,19,-1,16,2,19,0,20,0,20,0,20,1,24,0,16,-1,22,-2,19,1,24,-1,22,3,22,0,22,1,22,0,20,0,22,-2,22,-2,22,-2,24,-1,22,-4,27,-5,27,-2,30,-3,26,0,28,-3,28,0,27,-4,30,-4,32,-7,30,-8,34,-3,32,-3,34,-8,36,-4,34,-2,0,0,0,0,0,0,0,-36,1,-30,-1,-40,2,-34,0,-28,3,-36,-1,-28,1,-36,2,-30,1,-35,2,-34,3,-28,0,-32,3,-29,2,-33,0,-30,-1,-30,-1,-28,3,-33,-3,-27,-3,-32,0,-29,-1,-32,1,-29,2,-27,0,-28,0,-26,-1,-29,-1,-30,-3,-28,-1,-29,2,-34,-3,-24,-3,-30,1,-30,2,-35,3,-29,3,-28,7,-30,4,-29,7,-26,4,-29,4,-27,5,-26,9,-26,4,-23,9,-26,10,-23,13,-24,13,-17,14,-19,14,-15,13,-15,11,-13,13,-15,13,-11,15,-10,0,0,0,0,0,0,0,0,0,0]"""
1782031935702,2026-06-21T17:52:15.702,safe,posture,mhw,standing_still,t017,"CSI_DATA,535388,1a:00:00:00:00:00,-44,11,-99,16,29,11,521484603,47,2,256,0,""[0,0,0,0,0,0,0,0,0,0,0,0,3,5,3,4,3,8,3,6,4,8,3,8,5,8,3,8,6,9,6,10,5,10,5,11,6,11,5,13,4,12,8,15,8,13,8,16,9,13,5,15,8,18,8,17,10,18,9,17,9,18,9,17,9,19,9,18,12,18,10,17,11,19,12,16,13,15,12,17,15,15,17,17,17,17,15,17,17,16,18,19,19,16,21,16,18,15,23,16,18,11,24,11,24,12,27,11,27,12,30,13,25,12,28,15,30,13,31,13,31,12,30,11,33,10,0,0,0,0,0,0,13,-34,11,-35,9,-30,8,-33,11,-33,11,-28,10,-33,6,-30,10,-32,6,-27,5,-28,5,-31,2,-33,2,-32,5,-28,2,-32,1,-30,1,-30,1,-28,-1,-31,-4,-27,-1,-31,-4,-25,-5,-27,-4,-28,-9,-30,-6,-31,-4,-27,-8,-32,-8,-28,-8,-31,-9,-27,-9,-30,-10,-26,-9,-28,-9,-26,-9,-26,-11,-26,-12,-28,-11,-28,-8,-30,-3,-27,-5,-27,-5,-28,-5,-25,-6,-27,-4,-23,-4,-26,-3,-21,-2,-21,-4,-21,-4,-21,-2,-20,-1,-20,3,-18,3,-20,3,-18,0,0,0,0,0,0,0,0,0,0]"""
1782031935713,2026-06-21T17:52:15.713,safe,posture,mhw,standing_still,t017,"CSI_DATA,535389,1a:00:00:00:00:00,-44,11,-99,20,28,11,521494694,47,2,256,0,""[0,0,0,0,0,0,0,0,0,0,0,0,1,6,1,6,-1,9,-1,6,-2,9,1,9,0,10,-2,10,-1,10,-1,12,-3,9,-2,11,-2,11,-3,12,-4,12,-3,16,-3,15,-4,16,-2,15,-5,16,-4,19,-3,17,-3,19,-3,17,-4,18,-4,18,-5,20,-4,19,-4,21,-3,18,-3,23,-2,19,-2,21,-1,20,1,21,0,24,0,24,-1,24,1,24,2,26,3,24,2,25,1,23,4,27,5,21,8,26,6,27,10,25,10,27,9,31,8,28,9,30,11,30,9,32,9,32,11,30,13,32,0,0,0,0,0,0,31,-10,36,-13,28,-10,32,-11,35,-16,30,-11,34,-16,30,-13,33,-15,26,-15,25,-15,28,-16,26,-18,27,-19,26,-13,25,-17,24,-19,25,-17,23,-17,23,-21,19,-19,23,-21,17,-21,19,-20,19,-23,18,-24,21,-25,19,-21,20,-23,19,-25,20,-25,18,-24,20,-26,17,-24,19,-25,16,-20,16,-25,17,-24,17,-25,19,-25,19,-24,20,-19,21,-21,19,-20,19,-18,20,-20,18,-15,19,-18,15,-15,17,-15,18,-13,16,-16,17,-12,16,-11,18,-9,17,-6,18,-5,0,0,0,0,0,0,0,0,0,0]"""
1782031935723,2026-06-21T17:52:15.723,safe,posture,mhw,standing_still,t017,"CSI_DATA,535390,1a:00:00:00:00:00,-44,11,-99,15,29,11,521505694,47,2,256,0,""[0,0,0,0,0,0,0,0,0,0,0,0,-1,5,-1,8,-1,5,-1,8,-1,8,-2,9,-3,9,-4,9,-4,11,-5,8,-4,10,-9,13,-7,9,-8,11,-11,13,-8,11,-10,13,-10,10,-11,11,-14,13,-11,11,-14,13,-14,8,-14,10,-14,10,-16,9,-16,9,-20,11,-15,10,-19,11,-16,10,-21,14,-17,9,-16,10,-21,10,-20,10,-17,9,-20,14,-20,10,-19,10,-23,10,-17,14,-22,14,-23,11,-28,14,-21,9,-26,14,-26,9,-24,13,-27,11,-27,14,-28,15,-33,14,-27,10,-29,15,-33,14,-30,11,0,0,0,0,0,0,7,38,7,32,7,38,2,34,5,30,1,36,4,28,4,36,1,30,1,34,1,32,0,28,3,33,0,30,-1,28,2,32,2,30,1,29,-2,34,2,24,2,32,-1,28,0,30,0,29,-2,28,1,30,-2,27,0,29,-1,30,-1,30,-3,29,-5,33,-1,26,-2,32,-4,28,-7,34,-8,29,-9,28,-11,28,-11,28,-10,24,-11,26,-14,26,-14,23,-17,22,-13,22,-16,22,-16,19,-20,17,-17,14,-19,14,-19,11,-19,10,-17,7,-17,8,-17,5,-17,3,0,0,0,0,0,0,0,0,0,0]"""
1782031935735,2026-06-21T17:52:15.735,safe,posture,mhw,standing_still,t017,"CSI_DATA,535391,1a:00:00:00:00:00,-44,11,-99,16,29,11,521516899,47,2,256,0,""[0,0,0,0,0,0,0,0,0,0,0,0,-1,6,-1,6,-2,6,-1,9,0,6,0,6,0,10,-1,9,1,11,-2,10,-1,10,0,13,0,11,0,13,0,16,1,13,2,17,0,16,-1,16,0,17,-4,17,3,18,1,18,2,19,2,20,3,18,2,19,2,21,5,18,8,19,5,20,8,23,8,18,10,19,8,20,10,20,10,17,12,17,13,17,15,17,16,21,17,12,19,15,20,17,23,17,19,16,23,13,24,16,25,12,26,12,27,11,28,11,31,11,28,10,31,8,35,8,32,8,0,0,0,0,0,0,6,-36,5,-33,5,-35,5,-33,3,-31,3,-33,1,-30,0,-34,0,-31,-1,-33,-2,-32,0,-30,-5,-32,-3,-30,-5,-30,-10,-30,-10,-27,-9,-27,-10,-31,-16,-23,-18,-25,-13,-24,-17,-25,-17,-25,-15,-24,-20,-23,-17,-23,-19,-19,-21,-21,-21,-18,-20,-20,-23,-24,-24,-15,-26,-16,-24,-18,-27,-18,-21,-18,-25,-16,-24,-16,-25,-17,-23,-16,-25,-16,-25,-13,-23,-13,-21,-16,-21,-12,-23,-13,-19,-16,-21,-17,-18,-13,-17,-13,-16,-13,-17,-12,-15,-11,-15,-12,-15,-12,-12,-13,0,0,0,0,0,0,0,0,0,0]"""
1782031935747,2026-06-21T17:52:15.747,safe,posture,mhw,standing_still,t017,"CSI_DATA,535392,1a:00:00:00:00:00,-44,11,-99,19,28,11,521529357,47,2,256,0,""[0,0,0,0,0,0,0,0,0,0,0,0,0,5,-1,7,1,7,-1,9,1,7,0,9,1,9,0,10,1,11,-2,10,1,13,1,14,2,14,1,14,0,15,2,13,3,16,1,15,2,19,0,16,-3,15,4,19,0,17,4,20,3,21,4,19,3,19,4,21,5,16,10,20,4,19,8,23,5,21,8,21,7,21,11,20,10,16,15,17,14,17,15,16,15,21,17,11,21,16,20,17,24,20,20,17,24,17,21,19,23,15,24,14,30,13,28,10,32,16,28,11,34,7,34,10,34,11,0,0,0,0,0,0,11,-35,9,-30,8,-40,8,-34,4,-28,7,-34,2,-27,5,-36,3,-29,3,-38,3,-34,3,-29,-2,-32,1,-28,-3,-32,-5,-30,-7,-29,-5,-26,-5,-32,-10,-21,-14,-28,-9,-26,-13,-32,-10,-29,-9,-26,-13,-26,-11,-24,-17,-24,-16,-24,-17,-22,-16,-22,-17,-28,-20,-16,-22,-21,-17,-22,-27,-28,-15,-23,-20,-22,-19,-26,-19,-21,-17,-20,-22,-21,-20,-21,-17,-17,-17,-21,-17,-15,-20,-19,-16,-20,-19,-24,-11,-17,-13,-20,-9,-19,-11,-15,-8,-16,-11,-15,-10,-15,-8,-16,0,0,0,0,0,0,0,0,0,0]"""
1782031935758,2026-06-21T17:52:15.758,safe,posture,mhw,standing_still,t017,"CSI_DATA,535393,1a:00:00:00:00:00,-44,11,-99,18,28,11,521540284,47,2,256,0,""[0,0,0,0,0,0,0,0,0,0,0,0,7,-1,4,-1,8,-2,6,0,9,0,9,-1,7,-1,11,-2,9,0,12,-2,11,-1,12,-1,13,-1,14,0,11,0,18,0,14,-2,18,-2,15,-1,15,-1,17,-2,17,-4,19,-2,19,-2,18,-4,22,-4,22,-3,18,-6,22,-6,20,-6,19,-7,17,-7,19,-9,19,-9,20,-11,19,-12,20,-12,19,-12,20,-13,19,-15,15,-15,22,-18,18,-15,18,-20,14,-15,15,-23,18,-20,13,-24,18,-24,18,-24,18,-24,18,-25,15,-26,19,-29,17,-28,13,-26,13,-33,0,0,0,0,0,0,-29,-13,-35,-13,-29,-9,-33,-12,-35,-13,-31,-12,-34,-11,-28,-8,-34,-9,-30,-6,-30,-4,-33,-4,-31,-4,-34,-3,-30,-3,-29,0,-31,0,-30,1,-26,2,-33,1,-28,6,-31,4,-24,6,-28,6,-29,11,-26,8,-30,11,-28,11,-29,11,-28,13,-29,12,-23,13,-33,11,-25,12,-26,13,-24,11,-26,15,-26,11,-26,17,-28,12,-26,13,-25,9,-26,11,-25,11,-23,12,-25,9,-23,7,-23,11,-18,7,-24,9,-22,6,-19,9,-19,4,-23,6,-18,2,-18,2,-18,2,0,0,0,0,0,0,0,0,0,0]"""
1782031935769,2026-06-21T17:52:15.769,safe,posture,mhw,standing_still,t017,"CSI_DATA,535394,1a:00:00:00:00:00,-44,11,-99,16,29,11,521549694,47,2,256,0,""[0,0,0,0,0,0,0,0,0,0,0,0,-3,-4,-4,-5,-3,-6,-4,-6,-4,-5,-5,-8,-4,-8,-6,-8,-4,-9,-5,-8,-9,-10,-8,-10,-8,-10,-6,-10,-8,-11,-6,-12,-10,-12,-9,-12,-10,-15,-10,-13,-8,-13,-9,-13,-10,-16,-13,-15,-12,-15,-12,-13,-11,-15,-15,-16,-12,-16,-16,-17,-12,-13,-16,-17,-15,-15,-16,-13,-17,-13,-16,-13,-17,-12,-21,-10,-18,-11,-20,-10,-21,-11,-20,-10,-24,-11,-24,-9,-28,-11,-25,-10,-25,-8,-26,-8,-25,-6,-27,-6,-32,-4,-31,-5,-32,-4,-32,-8,-33,-5,-34,-3,-35,-2,0,0,0,0,0,0,-2,34,-5,32,0,38,-2,34,-1,32,0,34,-1,32,1,35,2,30,1,33,4,33,4,30,2,30,5,30,8,31,6,27,10,28,9,27,9,27,9,27,13,28,12,25,13,28,15,26,13,25,13,25,16,25,20,24,17,25,18,24,18,21,18,23,18,23,20,24,19,21,20,27,20,25,18,24,18,24,15,24,18,21,19,24,16,23,16,20,16,20,15,20,15,21,12,19,12,23,11,20,10,19,9,18,8,18,6,17,9,19,5,17,5,17,0,0,0,0,0,0,0,0,0,0]"""
1782031935779,2026-06-21T17:52:15.779,safe,posture,mhw,standing_still,t017,"CSI_DATA,535395,1a:00:00:00:00:00,-44,11,-99,16,29,11,521560694,47,2,256,0,""[0,0,0,0,0,0,0,0,0,0,0,0,3,-5,4,-6,3,-4,4,-6,5,-5,4,-4,6,-5,6,-8,8,-9,8,-6,9,-6,10,-8,10,-8,11,-8,12,-8,13,-8,15,-9,16,-6,13,-6,12,-6,13,-4,17,-11,18,-8,17,-6,19,-4,18,-6,19,-3,21,-5,19,-5,18,-5,18,-5,19,-5,19,-6,20,-6,20,-6,24,-9,24,-9,21,-5,20,-5,23,-6,25,-5,23,-11,24,-8,25,-9,23,-9,24,-9,24,-10,26,-11,26,-12,28,-10,30,-9,30,-10,32,-8,30,-10,34,-9,33,-11,32,-9,0,0,0,0,0,0,-5,-36,-5,-35,-4,-32,-4,-32,-3,-35,-2,-33,-4,-32,-2,-33,-1,-33,-3,-30,-4,-30,-1,-31,-6,-33,-4,-30,0,-28,-2,-31,-3,-31,-1,-31,0,-32,-4,-30,-5,-28,-1,-30,-3,-26,-3,-25,-3,-28,-5,-31,-2,-32,-1,-27,-2,-30,-2,-28,0,-31,0,-31,-1,-30,-2,-30,2,-30,-1,-31,0,-28,0,-27,2,-31,2,-30,5,-28,8,-26,9,-26,10,-26,11,-26,9,-25,11,-24,12,-23,10,-19,11,-18,12,-19,11,-18,15,-17,13,-13,16,-12,15,-11,16,-9,0,0,0,0,0,0,0,0,0,0]"""
1782031935789,2026-06-21T17:52:15.789,safe,posture,mhw,standing_still,t017,"CSI_DATA,535396,1a:00:00:00:00:00,-44,11,-99,14,29,11,521571694,47,2,256,0,""[0,0,0,0,0,0,0,0,0,0,0,0,-2,6,-2,6,-2,7,-2,8,-2,7,-6,9,-4,7,-4,8,-6,8,-6,8,-6,12,-7,11,-7,9,-8,9,-7,11,-11,9,-14,12,-12,12,-14,12,-13,9,-12,9,-14,9,-14,8,-15,12,-17,11,-15,11,-15,11,-17,11,-19,9,-19,11,-17,9,-20,9,-20,11,-19,9,-19,9,-20,9,-19,9,-22,12,-22,11,-19,11,-22,12,-20,12,-23,12,-22,15,-24,12,-25,12,-25,11,-24,12,-25,11,-26,11,-30,14,-28,13,-31,12,-33,9,-31,13,-31,13,-33,12,0,0,0,0,0,0,7,33,8,33,9,37,6,35,7,30,7,34,4,31,4,35,6,30,3,36,3,33,3,30,1,29,2,29,4,31,4,31,3,30,6,28,3,28,2,29,3,29,3,29,3,30,1,31,2,29,0,29,3,28,4,30,3,29,4,30,1,29,2,29,-1,29,-1,31,1,29,-3,34,-4,33,-6,29,-6,30,-8,26,-8,26,-7,29,-8,28,-7,24,-9,25,-12,23,-13,23,-12,22,-17,19,-15,19,-14,17,-14,14,-15,13,-15,9,-18,11,-14,9,-17,8,0,0,0,0,0,0,0,0,0,0]"""
1782031935801,2026-06-21T17:52:15.801,safe,posture,mhw,standing_still,t017,"CSI_DATA,535397,1a:00:00:00:00:00,-44,11,-99,19,28,11,521582694,47,2,256,0,""[0,0,0,0,0,0,0,0,0,0,0,0,1,-5,3,-5,1,-7,3,-7,2,-7,3,-8,4,-9,3,-8,3,-11,3,-8,7,-11,4,-11,5,-11,4,-11,7,-15,8,-11,5,-16,7,-14,8,-16,9,-19,9,-16,9,-15,9,-13,9,-17,9,-16,10,-16,10,-15,11,-17,8,-15,8,-21,8,-19,10,-22,10,-20,8,-21,9,-20,7,-19,8,-19,5,-24,7,-21,4,-20,7,-22,2,-23,3,-27,3,-27,5,-33,4,-23,2,-28,7,-26,2,-26,3,-28,1,-33,0,-29,1,-32,4,-32,-1,-35,1,-34,3,-33,0,0,0,0,0,0,-35,-1,-33,-1,-40,-1,-35,-1,-28,-2,-36,-1,-29,-1,-36,0,-30,1,-36,0,-34,-2,-29,-1,-33,2,-28,1,-32,3,-29,4,-29,5,-26,5,-30,4,-23,7,-29,10,-28,7,-32,9,-29,5,-27,7,-27,7,-26,7,-28,13,-28,10,-26,10,-26,8,-28,9,-23,11,-26,13,-27,13,-35,13,-30,7,-28,8,-30,7,-26,7,-26,5,-28,10,-27,7,-24,5,-26,4,-24,10,-27,7,-24,3,-29,1,-22,-2,-23,-1,-20,-3,-17,-1,-20,-3,-20,-3,-17,-3,-16,-5,0,0,0,0,0,0,0,0,0,0]"""
1782031935811,2026-06-21T17:52:15.811,safe,posture,mhw,standing_still,t017,"CSI_DATA,535398,1a:00:00:00:00:00,-45,11,-99,14,31,11,521593694,47,2,256,0,""[0,0,0,0,0,0,0,0,0,0,0,0,-6,0,-5,0,-9,0,-6,0,-8,0,-7,0,-9,0,-9,0,-9,-1,-11,-2,-10,-2,-11,-2,-14,-1,-13,-3,-12,-4,-16,-4,-13,-2,-17,-4,-13,-3,-17,-4,-19,-5,-17,-4,-18,-5,-16,-6,-17,-7,-17,-7,-18,-7,-18,-4,-21,-8,-18,-5,-20,-6,-16,-4,-20,-2,-20,-5,-20,-4,-23,-3,-24,-5,-21,-5,-23,-4,-26,-3,-23,-2,-28,-4,-23,-2,-26,0,-20,-1,-28,1,-27,0,-28,1,-28,0,-30,0,-29,0,-32,-1,-32,0,-34,0,-35,0,-31,1,-33,0,0,0,0,0,0,0,-1,33,0,39,0,27,0,34,0,39,-2,29,0,36,0,30,0,35,0,28,1,31,2,32,1,32,5,34,0,29,2,30,5,31,3,31,1,29,5,34,5,27,6,31,4,24,6,25,7,29,9,30,7,31,7,27,5,31,8,29,7,31,9,28,7,33,8,27,8,29,6,24,10,29,6,28,8,28,6,29,4,31,0,28,0,27,1,31,2,26,0,29,-2,23,0,26,0,19,0,22,-3,21,0,20,-2,21,-3,20,-8,18,-8,18,-8,15,0,0,0,0,0,0,0,0,0,0]"""
1782031935823,2026-06-21T17:52:15.823,safe,posture,mhw,standing_still,t017,"CSI_DATA,535399,1a:00:00:00:00:00,-44,11,-99,19,28,11,521604694,47,2,256,0,""[0,0,0,0,0,0,0,0,0,0,0,0,8,0,7,0,8,0,8,1,7,0,9,0,9,1,8,1,9,0,10,0,13,0,14,-1,14,0,14,-1,14,-1,16,2,15,-1,15,-1,19,-1,20,1,21,0,15,0,19,-3,21,-3,19,-4,17,-4,19,-3,19,-4,19,-3,20,-4,20,-7,22,-9,22,-8,20,-5,20,-9,20,-8,17,-10,20,-14,19,-14,16,-14,17,-15,17,-17,19,-19,16,-19,22,-22,20,-21,17,-21,17,-22,17,-20,16,-26,17,-29,13,-26,14,-28,17,-29,11,-32,15,-29,14,-33,0,0,0,0,0,0,-33,-9,-32,-9,-38,-9,-34,-10,-29,-8,-35,-5,-30,-7,-34,-7,-29,-2,-34,-4,-34,-4,-30,-2,-30,-3,-30,0,-33,3,-32,5,-30,7,-28,5,-27,5,-26,7,-29,7,-28,10,-29,11,-29,9,-27,11,-26,9,-26,13,-24,19,-24,17,-24,17,-22,15,-24,16,-22,16,-21,19,-23,20,-28,21,-26,16,-23,17,-26,17,-22,15,-22,16,-23,21,-22,19,-17,17,-20,16,-20,16,-22,15,-19,16,-22,14,-19,13,-20,13,-19,9,-17,9,-21,10,-17,9,-15,9,-17,7,0,0,0,0,0,0,0,0,0,0]"""
1782031935833,2026-06-21T17:52:15.833,safe,posture,mhw,standing_still,t017,"CSI_DATA,535400,1a:00:00:00:00:00,-44,11,-99,19,28,11,521615694,47,2,256,0,""[0,0,0,0,0,0,0,0,0,0,0,0,-7,0,-5,0,-7,0,-8,0,-8,2,-10,1,-10,0,-9,-1,-10,1,-10,1,-14,0,-13,2,-13,2,-13,2,-14,1,-14,1,-15,1,-16,2,-17,2,-16,1,-14,2,-19,1,-16,1,-20,4,-17,3,-19,4,-17,4,-20,4,-20,3,-20,7,-19,7,-24,7,-21,5,-19,8,-20,8,-19,7,-17,10,-20,14,-17,13,-16,13,-16,14,-17,16,-20,17,-19,19,-23,21,-20,19,-19,20,-20,20,-16,21,-19,23,-19,27,-14,24,-19,24,-20,26,-16,32,-17,29,-20,32,0,0,0,0,0,0,29,16,30,13,35,14,30,14,28,11,32,11,28,10,34,11,28,8,33,10,33,9,28,5,29,8,29,5,34,3,30,1,32,0,28,-1,30,-1,27,0,29,-3,28,-4,33,-5,30,-3,28,-4,27,-4,27,-5,29,-11,28,-10,28,-13,27,-10,27,-10,26,-10,27,-14,27,-11,33,-14,29,-10,27,-10,28,-9,24,-8,24,-10,27,-13,28,-13,21,-10,24,-9,24,-9,27,-9,24,-9,26,-5,23,-5,21,-7,21,-3,19,-3,19,-4,21,-4,17,-3,17,0,0,0,0,0,0,0,0,0,0,0]"""
1782031935845,2026-06-21T17:52:15.845,safe,posture,mhw,standing_still,t017,"CSI_DATA,535401,1a:00:00:00:00:00,-44,11,-99,15,29,11,521627034,47,2,256,0,""[0,0,0,0,0,0,0,0,0,0,0,0,0,7,0,5,-2,7,-1,7,-2,8,-2,8,-2,9,-1,10,-2,9,-1,10,-1,13,-2,11,-1,11,-2,13,-2,13,-4,15,-1,15,-3,17,-2,15,-4,16,-3,20,-1,16,-2,20,-2,19,-3,20,-1,20,-2,20,-1,17,-2,21,-1,20,0,21,-1,20,1,22,-1,22,2,22,3,22,3,23,3,24,5,23,7,24,7,22,5,24,7,24,11,23,8,22,14,26,9,26,15,23,14,26,14,26,13,27,15,26,16,28,17,28,19,28,19,26,22,28,0,0,0,0,0,0,24,-22,28,-22,26,-23,26,-22,26,-24,24,-22,27,-23,26,-22,23,-23,23,-23,22,-23,20,-24,20,-23,17,-26,19,-24,16,-26,16,-27,14,-26,13,-24,15,-27,11,-28,10,-28,11,-24,10,-27,9,-30,9,-26,7,-30,5,-29,7,-29,4,-30,5,-29,3,-29,7,-32,5,-29,4,-29,5,-29,3,-33,4,-30,3,-29,5,-28,5,-28,5,-28,8,-27,7,-28,4,-26,7,-24,8,-23,5,-24,9,-21,8,-24,7,-20,7,-20,8,-19,5,-19,9,-17,9,-14,11,-15,0,0,0,0,0,0,0,0,0,0]"""
1782031935857,2026-06-21T17:52:15.857,safe,posture,mhw,standing_still,t017,"CSI_DATA,535402,1a:00:00:00:00:00,-44,11,-99,15,29,11,521638346,47,2,256,0,""[0,0,0,0,0,0,0,0,0,0,0,0,-4,-4,-5,-2,-5,-3,-7,-4,-7,-4,-7,-5,-8,-5,-9,-4,-7,-7,-8,-8,-8,-7,-8,-8,-9,-9,-9,-10,-10,-10,-9,-14,-10,-13,-8,-13,-8,-15,-8,-13,-9,-14,-7,-16,-10,-15,-9,-17,-9,-17,-8,-17,-7,-16,-9,-17,-5,-20,-8,-20,-7,-19,-8,-20,-9,-21,-7,-20,-9,-20,-8,-20,-8,-20,-11,-21,-8,-21,-11,-21,-9,-21,-9,-22,-9,-23,-13,-23,-13,-22,-14,-26,-11,-24,-13,-26,-9,-26,-13,-27,-11,-30,-11,-28,-13,-28,-10,-32,-10,-32,-15,-33,-9,-32,0,0,0,0,0,0,-35,8,-33,9,-34,10,-34,7,-33,7,-33,4,-33,7,-33,7,-32,7,-33,5,-32,3,-32,7,-28,2,-29,5,-32,4,-30,7,-30,7,-29,4,-28,4,-30,3,-29,5,-29,5,-29,7,-29,3,-29,5,-27,3,-28,5,-29,8,-29,5,-28,5,-29,2,-27,5,-30,1,-30,2,-30,3,-32,0,-32,1,-29,-1,-30,-1,-28,-3,-28,-3,-29,-5,-28,-7,-26,-5,-26,-5,-23,-9,-22,-10,-23,-9,-22,-11,-21,-11,-17,-11,-17,-13,-16,-14,-14,-13,-13,-14,-11,-14,-9,-14,0,0,0,0,0,0,0,0,0,0]"""
1782031935867,2026-06-21T17:52:15.867,safe,posture,mhw,standing_still,t017,"CSI_DATA,535403,1a:00:00:00:00:00,-44,11,-99,19,28,11,521648694,47,2,256,0,""[0,0,0,0,0,0,0,0,0,0,0,0,1,-5,3,-7,1,-4,2,-9,2,-8,2,-8,5,-9,4,-8,3,-9,5,-10,4,-10,3,-10,3,-14,4,-13,7,-13,4,-13,5,-16,4,-14,4,-16,9,-17,9,-15,8,-15,8,-14,7,-20,8,-17,5,-19,7,-16,9,-20,7,-17,5,-20,8,-20,9,-22,8,-22,7,-22,7,-21,8,-20,4,-19,2,-24,3,-22,2,-23,4,-23,0,-22,1,-27,-1,-26,1,-33,2,-27,1,-28,3,-28,0,-26,-2,-29,-5,-32,-3,-29,-3,-30,-2,-33,-5,-34,-5,-34,-5,-34,0,0,0,0,0,0,-33,3,-32,5,-39,7,-33,3,-30,5,-34,7,-30,5,-35,8,-29,9,-36,5,-34,7,-28,5,-30,7,-27,5,-32,11,-27,11,-28,13,-24,11,-28,13,-23,10,-27,15,-26,16,-30,16,-28,15,-26,14,-23,14,-22,14,-24,20,-22,19,-22,17,-22,16,-26,20,-20,16,-22,21,-22,20,-29,22,-27,19,-23,16,-26,16,-24,13,-22,14,-24,19,-24,15,-20,15,-23,13,-21,13,-26,14,-22,10,-26,9,-22,5,-21,9,-20,5,-19,4,-19,3,-19,4,-17,3,-17,1,0,0,0,0,0,0,0,0,0,0]"""
1782031935877,2026-06-21T17:52:15.877,safe,posture,mhw,standing_still,t017,"CSI_DATA,535404,1a:00:00:00:00:00,-44,11,-99,19,28,11,521659694,47,2,256,0,""[0,0,0,0,0,0,0,0,0,0,0,0,-7,1,-4,1,-8,1,-8,1,-10,1,-8,2,-8,2,-11,2,-11,0,-11,2,-10,0,-13,2,-13,1,-14,1,-13,0,-16,1,-11,2,-16,0,-15,0,-15,0,-20,-2,-17,0,-20,1,-19,1,-17,2,-19,0,-20,2,-17,0,-22,0,-20,1,-22,-1,-16,2,-21,2,-21,2,-22,3,-22,5,-22,5,-22,4,-23,5,-26,7,-22,7,-27,7,-22,7,-26,9,-20,7,-24,11,-26,9,-23,13,-28,13,-28,14,-24,9,-28,13,-30,11,-30,14,-30,13,-28,13,-29,15,0,0,0,0,0,0,14,29,14,35,15,24,15,33,17,38,11,27,15,33,14,27,15,32,15,27,15,24,16,27,17,27,20,28,14,27,16,23,20,26,17,24,16,22,21,27,19,21,20,24,16,16,19,20,20,21,21,20,23,22,21,19,23,21,23,19,23,22,22,19,24,24,20,20,21,22,19,19,23,19,21,20,22,20,22,22,20,22,16,23,17,22,19,23,15,20,16,24,10,21,15,23,9,16,11,20,9,21,11,19,9,21,8,21,3,17,4,19,2,19,0,0,0,0,0,0,0,0,0,0]"""
1782031935890,2026-06-21T17:52:15.890,safe,posture,mhw,standing_still,t017,"CSI_DATA,535405,1a:00:00:00:00:00,-44,11,-99,19,28,11,521670694,47,2,256,0,""[0,0,0,0,0,0,0,0,0,0,0,0,-2,-5,-2,-7,-1,-7,-2,-7,-2,-8,-2,-8,-1,-10,-1,-8,-3,-11,0,-9,-2,-11,-2,-11,-3,-13,-2,-14,-1,-16,-2,-13,-1,-17,-1,-15,-1,-16,0,-19,-1,-16,-1,-19,0,-15,0,-17,-2,-19,-1,-19,1,-20,1,-22,-2,-17,-3,-20,0,-20,-3,-22,0,-20,-2,-21,-1,-22,-3,-23,-3,-21,-3,-22,-3,-20,-4,-21,-4,-24,-9,-22,-9,-26,-5,-27,-8,-28,-4,-23,-10,-26,-5,-27,-10,-27,-9,-28,-11,-29,-14,-29,-10,-33,-10,-30,-14,-30,-14,-32,-10,-30,0,0,0,0,0,0,-34,11,-30,9,-33,11,-33,10,-30,10,-36,9,-27,10,-33,11,-29,9,-34,10,-30,11,-28,9,-30,15,-28,10,-28,9,-27,13,-28,14,-26,11,-29,11,-22,14,-27,17,-26,14,-24,16,-24,15,-24,14,-26,17,-23,15,-23,15,-26,17,-23,16,-24,15,-29,17,-21,17,-23,19,-24,15,-27,20,-26,13,-26,17,-27,14,-26,14,-23,14,-26,13,-26,13,-24,10,-27,9,-22,11,-24,10,-24,5,-26,4,-22,4,-22,3,-20,2,-21,3,-21,0,-20,-1,-19,-2,-20,-4,0,0,0,0,0,0,0,0,0,0]"""
1782031935899,2026-06-21T17:52:15.899,safe,posture,mhw,standing_still,t017,"CSI_DATA,535406,1a:00:00:00:00:00,-44,11,-99,19,28,11,521681694,47,2,256,0,""[0,0,0,0,0,0,0,0,0,0,0,0,-4,4,-4,3,-7,4,-7,4,-7,4,-7,3,-8,4,-9,4,-9,3,-10,7,-9,7,-11,4,-13,4,-13,4,-11,5,-16,4,-14,5,-16,5,-16,3,-17,3,-21,5,-15,2,-20,5,-17,7,-17,3,-19,3,-19,4,-17,4,-21,3,-20,3,-20,3,-20,3,-23,7,-22,4,-21,5,-19,8,-23,5,-22,5,-23,7,-26,8,-21,10,-26,8,-23,7,-22,10,-22,9,-26,13,-26,9,-24,15,-26,11,-27,11,-28,13,-28,11,-29,13,-33,13,-32,14,-29,13,-30,15,0,0,0,0,0,0,13,30,11,33,14,29,13,32,13,34,9,29,13,35,10,30,11,32,10,29,11,28,14,30,9,28,15,28,11,28,14,28,15,29,14,24,13,24,14,28,14,26,14,26,13,24,15,24,17,26,13,24,16,26,17,24,15,26,17,26,16,27,17,23,15,29,14,26,14,26,14,26,16,29,11,26,13,26,11,24,10,27,9,28,7,29,9,27,7,26,4,27,2,24,5,23,2,22,4,26,1,22,1,21,-1,20,-2,21,-3,19,-4,17,-5,17,0,0,0,0,0,0,0,0,0,0]"""
1782031935912,2026-06-21T17:52:15.912,safe,posture,mhw,standing_still,t017,"CSI_DATA,535407,1a:00:00:00:00:00,-44,11,-99,15,29,11,521692694,47,2,256,0,""[0,0,0,0,0,0,0,0,0,0,0,0,4,-4,5,-3,5,-5,4,-4,7,-4,7,-3,7,-4,9,-5,8,-5,11,-8,9,-7,10,-7,11,-7,11,-5,11,-4,15,-5,14,-5,16,-5,16,-5,14,-7,15,-5,17,-3,20,-5,17,-4,20,-4,19,-4,20,-3,17,-4,21,-2,20,-4,21,-3,20,-4,21,-7,20,-4,21,-5,21,-7,23,-7,22,-5,23,-7,24,-8,22,-8,26,-8,23,-5,24,-11,20,-8,28,-13,26,-9,24,-13,26,-9,27,-11,27,-9,29,-9,28,-11,34,-11,32,-11,29,-9,33,-11,0,0,0,0,0,0,-8,-30,-11,-35,-10,-29,-9,-33,-9,-35,-5,-29,-8,-35,-5,-29,-7,-35,-8,-28,-8,-28,-8,-30,-7,-29,-13,-30,-8,-27,-10,-27,-10,-29,-9,-29,-8,-24,-10,-30,-9,-27,-11,-29,-10,-23,-11,-27,-11,-28,-10,-26,-11,-29,-13,-26,-9,-29,-13,-29,-11,-28,-11,-24,-9,-33,-9,-28,-9,-28,-7,-26,-10,-29,-7,-29,-9,-28,-3,-28,-5,-29,-2,-28,-1,-28,-1,-29,-2,-27,2,-29,4,-24,2,-24,2,-20,3,-24,4,-21,3,-23,8,-19,5,-19,8,-17,8,-15,9,-14,0,0,0,0,0,0,0,0,0,0]"""
1782031935921,2026-06-21T17:52:15.921,safe,posture,mhw,standing_still,t017,"CSI_DATA,535408,1a:00:00:00:00:00,-44,11,-99,15,29,11,521703694,47,2,256,0,""[0,0,0,0,0,0,0,0,0,0,0,0,1,7,3,7,1,5,3,8,3,7,2,8,2,9,0,7,3,10,1,10,3,11,3,14,4,13,4,13,2,15,2,13,4,15,4,14,4,17,4,19,3,14,5,16,3,16,5,20,5,20,4,19,5,17,4,21,8,16,10,20,8,20,10,22,5,21,8,21,8,21,9,20,10,19,16,20,13,19,13,16,14,21,16,15,19,17,19,17,22,23,16,19,21,17,17,20,19,16,24,16,27,16,26,14,28,20,26,17,30,13,30,17,30,19,0,0,0,0,0,0,17,-32,15,-27,17,-35,16,-29,11,-27,15,-32,10,-27,14,-34,10,-30,14,-32,11,-32,13,-27,8,-29,11,-27,5,-32,4,-30,1,-29,3,-27,5,-29,0,-26,-1,-30,0,-29,-2,-33,1,-32,2,-27,-1,-29,-1,-26,-5,-30,-4,-30,-7,-27,-4,-26,-2,-32,-9,-26,-9,-29,-7,-29,-8,-36,-1,-30,-7,-29,-2,-30,-3,-26,-3,-26,-8,-29,-5,-27,-5,-24,-2,-27,-7,-23,-5,-26,-2,-26,-1,-28,1,-21,1,-23,3,-21,1,-20,2,-19,1,-22,3,-19,4,-17,0,0,0,0,0,0,0,0,0,0]"""
1782031935934,2026-06-21T17:52:15.934,safe,posture,mhw,standing_still,t017,"CSI_DATA,535409,1a:00:00:00:00:00,-44,11,-99,15,29,11,521714694,47,2,256,0,""[0,0,0,0,0,0,0,0,0,0,0,0,-2,-7,-1,-7,-2,-8,0,-7,-1,-9,-1,-8,-2,-7,-1,-9,0,-11,0,-13,0,-10,0,-11,0,-13,2,-15,2,-14,2,-16,2,-15,2,-16,3,-13,3,-16,3,-19,4,-17,5,-20,4,-17,8,-17,7,-16,8,-19,8,-19,9,-20,7,-17,9,-19,7,-17,7,-20,7,-20,8,-21,8,-22,9,-21,10,-20,10,-21,9,-23,8,-22,11,-26,10,-21,10,-27,8,-21,7,-24,9,-26,7,-27,10,-28,11,-30,13,-26,14,-27,14,-28,14,-32,17,-30,14,-26,15,-30,0,0,0,0,0,0,-27,-17,-30,-22,-23,-17,-27,-19,-32,-22,-23,-20,-28,-22,-24,-19,-27,-22,-21,-19,-23,-17,-24,-19,-26,-17,-27,-19,-20,-21,-22,-19,-26,-20,-24,-20,-21,-19,-26,-20,-21,-16,-23,-22,-20,-14,-22,-16,-23,-17,-26,-16,-27,-20,-21,-20,-22,-20,-22,-19,-23,-20,-21,-19,-23,-23,-20,-20,-21,-22,-17,-19,-21,-21,-17,-21,-21,-21,-17,-26,-16,-26,-10,-24,-14,-26,-13,-28,-10,-24,-10,-27,-7,-22,-8,-26,-3,-20,-7,-22,-3,-23,-3,-21,-2,-21,0,-22,3,-17,4,-19,7,-16,0,0,0,0,0,0,0,0,0,0]"""
1782031935942,2026-06-21T17:52:15.942,safe,posture,mhw,standing_still,t017,"CSI_DATA,535410,1a:00:00:00:00:00,-44,11,-99,14,29,11,521725694,47,2,256,0,""[0,0,0,0,0,0,0,0,0,0,0,0,4,4,4,4,4,6,6,6,4,6,6,7,6,8,4,7,3,9,6,9,7,11,6,11,4,13,4,12,4,11,3,14,4,14,4,15,3,15,2,17,3,19,3,15,1,19,1,19,1,19,0,18,0,19,1,19,-1,22,0,20,0,22,0,23,0,23,-1,22,1,23,-1,20,-1,22,-1,23,-1,25,0,23,2,24,-1,24,-3,26,3,24,-3,24,0,29,-2,26,0,28,-1,26,-1,31,-3,31,-4,29,-3,30,-7,34,-6,33,-6,33,-6,35,0,0,0,0,0,0,34,9,34,9,34,7,35,9,33,12,31,11,33,13,30,13,30,13,30,14,30,13,29,11,26,12,28,12,28,13,26,12,29,12,25,11,24,11,28,14,28,12,28,13,26,13,26,13,29,12,23,13,26,14,26,12,25,15,26,14,24,14,25,13,25,18,24,15,24,15,24,20,25,19,20,20,22,19,18,22,19,22,19,24,15,24,15,24,13,22,11,24,11,24,11,23,8,22,8,23,4,22,3,22,2,19,-1,22,-1,20,-3,18,-3,18,0,0,0,0,0,0,0,0,0,0]"""
1782031935957,2026-06-21T17:52:15.957,safe,posture,mhw,standing_still,t017,"CSI_DATA,535411,1a:00:00:00:00:00,-44,11,-99,15,29,11,521737134,47,2,256,0,""[0,0,0,0,0,0,0,0,0,0,0,0,5,-3,5,-4,4,-4,4,-4,7,-4,7,-3,7,-4,8,-5,8,-8,7,-7,8,-4,9,-7,10,-7,13,-8,14,-7,13,-8,14,-7,14,-8,13,-7,14,-10,14,-11,16,-11,16,-9,16,-7,16,-9,16,-9,19,-9,19,-9,17,-9,19,-9,19,-10,16,-11,16,-11,16,-13,17,-14,17,-15,17,-13,17,-13,17,-15,20,-15,19,-15,19,-17,19,-19,17,-20,17,-19,15,-20,15,-22,16,-23,17,-24,17,-24,19,-23,20,-24,22,-26,19,-26,21,-24,19,-27,22,-27,0,0,0,0,0,0,-28,-23,-26,-22,-26,-21,-27,-21,-27,-20,-26,-21,-24,-20,-26,-21,-23,-22,-26,-19,-24,-14,-26,-16,-29,-16,-26,-14,-22,-19,-26,-15,-27,-14,-27,-15,-24,-15,-26,-11,-27,-10,-27,-14,-26,-9,-26,-8,-27,-8,-30,-5,-28,-9,-26,-10,-29,-10,-27,-8,-29,-11,-32,-9,-28,-8,-29,-8,-27,-10,-29,-7,-28,-8,-29,-4,-28,-8,-28,-9,-24,-9,-24,-14,-27,-11,-24,-13,-24,-15,-23,-13,-21,-13,-21,-15,-20,-13,-16,-13,-17,-14,-19,-13,-17,-13,-14,-13,-10,-14,-10,-15,-9,-15,0,0,0,0,0,0,0,0,0,0]"""
1782031935966,2026-06-21T17:52:15.966,safe,posture,mhw,standing_still,t017,"CSI_DATA,535412,1a:00:00:00:00:00,-44,11,-99,19,28,11,521747694,47,2,256,0,""[0,0,0,0,0,0,0,0,0,0,0,0,7,0,7,0,5,1,9,0,7,1,10,1,9,0,9,1,10,1,9,3,11,2,14,1,13,2,14,2,14,4,14,3,17,3,15,3,17,4,17,8,16,3,16,7,16,7,19,5,20,5,17,4,17,5,20,5,16,4,21,5,20,5,24,7,21,9,21,7,21,7,21,5,19,4,23,2,23,2,21,1,22,5,22,-2,26,-1,27,1,32,2,24,5,28,1,27,4,28,1,29,1,34,-2,28,-2,33,1,33,2,34,-3,34,-2,35,2,0,0,0,0,0,0,0,-38,2,-30,-1,-39,2,-34,1,-29,1,-35,-1,-29,0,-34,-1,-29,2,-36,2,-34,3,-28,0,-29,2,-28,-2,-30,-3,-29,-4,-30,-2,-27,-1,-30,-4,-27,-7,-29,-4,-29,-4,-30,-3,-30,-3,-27,-4,-28,-4,-28,-8,-28,-8,-29,-8,-27,-5,-27,-4,-30,-7,-24,-8,-28,-7,-29,-7,-36,-3,-30,-3,-29,0,-30,-1,-28,-1,-26,-4,-32,-2,-28,-2,-24,1,-26,-3,-24,0,-27,3,-24,4,-29,5,-21,5,-22,8,-19,7,-19,9,-19,7,-20,7,-16,10,-15,0,0,0,0,0,0,0,0,0,0]"""
1782031935978,2026-06-21T17:52:15.978,safe,posture,mhw,standing_still,t017,"CSI_DATA,535413,1a:00:00:00:00:00,-44,11,-99,16,29,11,521759711,47,2,256,0,""[0,0,0,0,0,0,0,0,0,0,0,0,6,-3,8,-1,6,-1,6,-1,9,-1,8,-3,10,0,9,-1,11,-2,11,-1,11,-1,12,-1,12,-3,13,-1,15,0,13,0,17,0,16,-1,16,0,17,-1,17,0,19,1,16,1,17,2,19,2,18,1,19,2,21,3,18,0,21,2,19,3,21,1,20,1,20,1,23,1,23,0,21,1,21,0,23,-1,23,-1,26,1,24,-3,25,-3,26,0,28,-2,24,-1,26,-4,26,-3,30,-5,30,-2,30,-4,30,-4,34,-5,32,-2,33,-4,34,-3,32,-4,0,0,0,0,0,0,-3,-38,0,-32,-3,-34,1,-33,-1,-31,0,-35,-2,-31,-2,-35,0,-31,-2,-32,-1,-31,0,-27,-4,-32,-2,-28,-1,-28,-3,-30,-4,-30,-3,-30,-2,-32,-5,-26,-6,-30,-2,-30,-5,-27,-5,-30,-2,-27,-8,-31,-5,-27,-5,-27,-5,-30,-6,-27,-3,-30,-4,-32,-8,-27,-6,-28,-4,-30,-6,-31,-3,-27,-4,-28,-2,-31,-3,-30,-1,-27,1,-28,-2,-28,2,-27,4,-27,0,-25,4,-26,5,-25,6,-24,6,-19,5,-23,8,-18,8,-19,9,-18,8,-16,10,-15,11,-13,0,0,0,0,0,0,0,0,0,0]"""
1782031935988,2026-06-21T17:52:15.988,safe,posture,mhw,standing_still,t017,"CSI_DATA,535414,1a:00:00:00:00:00,-44,11,-99,16,29,11,521769694,47,2,256,0,""[0,0,0,0,0,0,0,0,0,0,0,0,-1,5,-1,6,-2,8,-2,6,-2,8,-2,6,-2,8,-3,9,-1,10,-3,11,-4,10,-4,12,-2,13,-5,12,-4,13,-3,15,-2,15,-6,16,-3,13,-1,15,-3,15,-3,18,-5,18,-5,16,-5,19,-5,18,-4,20,-4,19,-2,20,-1,20,-3,20,-2,21,0,19,2,21,1,23,2,23,2,21,2,21,3,24,3,23,4,24,6,24,6,23,9,25,10,23,9,21,12,24,13,23,15,26,13,27,13,26,17,26,18,28,17,28,18,26,19,28,18,27,0,0,0,0,0,0,28,-21,27,-21,24,-20,25,-23,27,-24,27,-19,21,-21,23,-25,23,-24,20,-21,18,-24,19,-23,17,-27,18,-25,18,-23,17,-24,15,-25,15,-25,17,-26,10,-27,8,-27,11,-26,9,-24,6,-27,5,-27,4,-32,5,-28,5,-26,6,-30,3,-30,5,-30,3,-31,1,-30,2,-30,2,-30,1,-30,1,-28,0,-28,1,-30,1,-30,2,-30,3,-26,3,-30,3,-28,3,-25,2,-26,4,-23,5,-26,3,-23,3,-20,4,-21,3,-23,3,-23,4,-19,8,-18,8,-16,9,-16,0,0,0,0,0,0,0,0,0,0]"""
1782031936001,2026-06-21T17:52:16.001,safe,posture,mhw,standing_still,t017,"CSI_DATA,535415,1a:00:00:00:00:00,-44,11,-99,15,29,11,521780694,47,2,256,0,""[0,0,0,0,0,0,0,0,0,0,0,0,-4,-1,-5,-2,-5,-3,-5,-5,-5,-4,-5,-3,-5,-3,-8,-4,-9,-5,-9,-5,-7,-8,-9,-8,-10,-8,-10,-11,-9,-10,-10,-10,-9,-9,-10,-14,-10,-11,-9,-13,-10,-15,-11,-14,-13,-16,-8,-15,-10,-16,-10,-16,-8,-17,-10,-17,-10,-19,-10,-16,-9,-17,-10,-16,-11,-15,-11,-16,-11,-16,-15,-20,-13,-20,-10,-20,-11,-21,-14,-21,-14,-21,-15,-21,-14,-20,-15,-21,-13,-19,-17,-19,-17,-21,-19,-19,-19,-23,-19,-26,-14,-24,-16,-27,-19,-27,-16,-27,-16,-29,-19,-26,-21,-28,0,0,0,0,0,0,-33,15,-34,16,-28,14,-32,14,-34,16,-32,10,-33,11,-30,11,-32,11,-27,10,-23,13,-29,13,-28,15,-29,14,-27,8,-28,13,-26,13,-28,10,-29,10,-28,13,-24,15,-28,11,-22,13,-23,13,-26,11,-27,14,-28,14,-24,10,-28,11,-27,14,-29,11,-29,11,-30,10,-28,9,-28,9,-26,8,-26,9,-26,10,-29,10,-29,7,-29,5,-26,2,-28,3,-28,0,-27,0,-27,-1,-23,-3,-26,-2,-20,-3,-21,-3,-21,-3,-21,-2,-21,-7,-20,-8,-16,-9,-16,-10,-15,-11,0,0,0,0,0,0,0,0,0,0]"""
1782031936011,2026-06-21T17:52:16.011,safe,posture,mhw,standing_still,t017,"CSI_DATA,535416,1a:00:00:00:00:00,-44,11,-99,14,29,11,521794455,47,2,256,0,""[0,0,0,0,0,0,0,0,0,0,0,0,3,2,6,3,6,3,6,4,6,4,6,6,7,7,8,6,6,7,6,7,9,9,7,9,8,9,7,11,8,12,4,12,8,13,8,13,7,15,4,19,7,17,4,15,6,15,7,20,6,19,6,18,4,18,6,19,3,18,6,20,6,19,6,25,4,23,3,22,6,23,3,19,3,22,7,23,3,22,6,22,6,23,4,22,4,25,8,24,6,29,4,25,7,28,6,26,6,24,6,30,6,31,6,28,4,31,2,33,6,33,2,34,4,34,0,0,0,0,0,0,35,0,31,0,37,0,35,0,30,1,33,1,30,1,35,2,30,0,35,4,33,2,29,2,29,4,29,4,33,2,29,2,31,2,29,2,28,2,28,2,30,2,29,1,31,2,30,3,29,2,25,3,28,3,30,2,29,3,30,3,26,3,29,6,26,6,31,4,29,4,35,9,30,11,28,9,29,13,23,13,24,11,26,14,23,15,23,13,23,14,20,15,20,18,19,15,17,18,15,19,13,18,12,18,8,18,8,18,9,18,6,17,4,17,0,0,0,0,0,0,0,0,0,0]"""
1782031936023,2026-06-21T17:52:16.023,safe,posture,mhw,standing_still,t017,"CSI_DATA,535417,1a:00:00:00:00:00,-44,11,-99,16,29,11,521802694,47,2,256,0,""[0,0,0,0,0,0,0,0,0,0,0,0,-6,2,-4,2,-6,2,-8,1,-8,1,-8,1,-8,1,-9,2,-11,1,-10,-1,-10,-2,-12,-1,-12,-1,-12,-3,-16,-5,-13,-3,-13,-3,-15,-4,-16,-4,-15,-4,-16,-8,-18,-4,-18,-8,-16,-8,-18,-9,-16,-8,-17,-10,-18,-11,-17,-9,-18,-10,-16,-11,-18,-10,-18,-9,-19,-8,-19,-10,-20,-10,-18,-11,-18,-11,-19,-11,-20,-13,-21,-13,-20,-11,-20,-13,-23,-16,-20,-12,-23,-11,-24,-12,-25,-12,-26,-12,-24,-16,-24,-18,-27,-18,-26,-18,-21,-18,-25,-20,-26,-21,-25,-20,0,0,0,0,0,0,-25,25,-26,23,-24,23,-27,21,-25,21,-27,18,-27,18,-27,20,-27,17,-26,19,-23,19,-24,17,-25,19,-25,18,-27,13,-26,18,-24,17,-25,15,-27,16,-24,16,-25,16,-25,12,-21,13,-21,17,-25,18,-24,18,-25,16,-23,13,-26,13,-23,16,-28,11,-28,12,-27,12,-28,12,-27,10,-27,11,-27,10,-26,11,-28,10,-31,8,-28,5,-27,0,-27,1,-27,-1,-28,-1,-26,-1,-24,-3,-24,-3,-23,-5,-21,-4,-20,-5,-21,-5,-20,-6,-18,-6,-15,-12,-13,-11,-12,-13,0,0,0,0,0,0,0,0,0,0]"""
1782031936032,2026-06-21T17:52:16.032,safe,posture,mhw,standing_still,t017,"CSI_DATA,535418,1a:00:00:00:00:00,-44,11,-99,15,29,11,521813694,47,2,256,0,""[0,0,0,0,0,0,0,0,0,0,0,0,7,1,7,2,7,1,8,0,8,1,10,1,10,2,9,1,10,1,8,2,13,3,11,1,13,3,13,2,15,5,11,3,16,4,13,3,19,3,17,7,16,7,17,7,15,5,16,5,20,4,19,5,19,5,21,9,17,3,20,4,20,5,24,5,21,8,21,4,21,5,22,5,19,4,22,1,22,2,21,2,24,4,22,-3,28,-1,27,2,32,1,26,3,27,-3,27,2,27,-2,29,-1,32,-3,29,-3,34,-1,29,-1,32,-4,35,-3,32,-2,0,0,0,0,0,0,-2,-36,-2,-30,-3,-38,0,-34,-2,-27,-1,-38,-5,-28,-4,-36,-3,-28,-4,-35,-2,-33,0,-28,-4,-30,-3,-26,-5,-30,-9,-29,-9,-29,-8,-26,-7,-33,-9,-23,-13,-28,-8,-27,-11,-32,-9,-28,-8,-27,-10,-27,-8,-23,-11,-26,-13,-27,-13,-24,-10,-24,-11,-30,-13,-20,-14,-27,-13,-26,-15,-33,-8,-28,-11,-28,-7,-29,-8,-27,-8,-23,-13,-27,-9,-27,-7,-23,-5,-28,-5,-23,-5,-27,-1,-23,-1,-28,0,-21,0,-23,2,-21,1,-21,4,-17,1,-21,3,-19,7,-17,0,0,0,0,0,0,0,0,0,0]"""
1782031936043,2026-06-21T17:52:16.043,safe,posture,mhw,standing_still,t017,"CSI_DATA,535419,1a:00:00:00:00:00,-44,11,-99,19,28,11,521825552,47,2,256,0,""[0,0,0,0,0,0,0,0,0,0,0,0,5,0,7,-1,5,0,7,0,7,-1,8,0,9,-1,9,0,10,0,11,1,10,1,11,0,13,2,13,2,14,1,15,1,15,1,17,3,14,2,15,3,19,2,19,2,17,5,17,2,19,4,17,4,17,5,21,7,19,3,21,4,20,3,21,4,20,2,20,2,23,2,23,1,22,2,24,3,22,2,23,2,26,1,24,-1,24,0,27,-1,26,-1,24,-1,27,-2,27,-3,28,-3,32,-2,29,-2,33,-2,34,0,32,-1,33,0,36,-3,32,-2,0,0,0,0,0,0,0,-36,0,-35,-1,-34,0,-33,1,-34,1,-34,0,-33,-1,-34,1,-34,1,-29,-2,-30,0,-29,-4,-33,-1,-32,1,-30,-2,-30,-2,-28,-3,-29,-2,-29,-5,-27,-9,-28,-4,-30,-5,-27,-8,-27,-7,-28,-10,-30,-7,-28,-5,-27,-5,-29,-7,-28,-7,-28,-8,-32,-9,-28,-9,-28,-5,-30,-7,-29,-7,-27,-7,-29,-5,-28,-7,-30,-4,-28,-2,-28,-2,-29,0,-28,1,-27,-1,-26,1,-26,2,-26,4,-23,3,-22,5,-23,4,-21,5,-21,7,-19,5,-17,7,-17,9,-14,0,0,0,0,0,0,0,0,0,0]"""
1782031936056,2026-06-21T17:52:16.056,safe,posture,mhw,standing_still,t017,"CSI_DATA,535420,1a:00:00:00:00:00,-44,11,-99,15,29,11,521837168,47,2,256,0,""[0,0,0,0,0,0,0,0,0,0,0,0,4,-2,4,-3,5,-2,5,-3,7,-3,9,-4,9,-4,9,-4,9,-5,9,-4,10,-7,10,-7,10,-7,11,-7,10,-7,14,-7,15,-9,13,-7,16,-7,14,-9,10,-9,14,-8,14,-9,15,-11,15,-10,16,-11,14,-11,14,-13,15,-11,15,-15,14,-13,17,-15,16,-16,14,-16,14,-17,13,-16,11,-16,13,-21,11,-19,9,-20,11,-21,8,-20,10,-24,4,-26,9,-28,7,-26,7,-27,7,-27,4,-26,4,-28,2,-33,3,-28,2,-30,4,-33,0,-32,1,-33,1,-33,0,0,0,0,0,0,-35,0,-30,2,-38,5,-34,2,-30,3,-34,4,-29,7,-34,7,-29,7,-34,8,-33,7,-29,9,-27,10,-27,9,-29,14,-26,13,-26,15,-24,14,-24,15,-23,14,-24,20,-22,17,-23,20,-23,19,-21,21,-20,17,-19,19,-17,24,-17,23,-19,23,-17,21,-16,23,-16,23,-16,26,-14,22,-20,28,-17,27,-16,24,-16,24,-16,22,-16,22,-16,24,-16,22,-13,21,-16,21,-15,20,-15,21,-13,20,-19,20,-16,17,-16,16,-15,15,-15,13,-14,11,-15,15,-14,11,-14,11,0,0,0,0,0,0,0,0,0,0]"""
1782031936066,2026-06-21T17:52:16.066,safe,posture,mhw,standing_still,t017,"CSI_DATA,535421,1a:00:00:00:00:00,-44,11,-99,18,28,11,521846694,47,2,256,0,""[0,0,0,0,0,0,0,0,0,0,0,0,-18,-4,-19,-28,6,-15,-6,11,8,-19,0,9,-7,6,7,-18,-17,-13,-6,-29,3,-23,2,-13,0,-12,-7,-8,-12,-14,-6,-20,2,-19,-2,-12,2,-18,2,-18,0,-12,-4,-17,-3,-18,0,-19,-1,-18,-1,-18,-1,-19,-3,-22,-2,-19,-4,-19,-3,-20,-4,-19,-6,-18,-7,-18,-9,-20,-8,-20,-8,-19,-9,-20,-12,-20,-11,-20,-11,-24,-13,-19,-13,-20,-14,-22,-14,-20,-17,-19,-19,-18,-19,-18,-22,-19,-23,-22,-22,-20,-24,-20,-23,-22,-24,-19,-25,-20,-29,-22,-25,-19,0,0,0,0,0,0,-19,29,-20,28,-18,31,-18,29,-18,29,-19,26,-15,26,-15,29,-17,26,-12,28,-9,28,-12,26,-8,31,-8,29,-11,26,-7,30,-4,29,-6,29,-8,30,-3,28,-2,29,-4,29,-1,29,1,26,1,29,3,30,2,29,1,28,2,30,4,30,3,28,3,30,6,29,6,30,3,30,7,30,8,26,11,28,7,28,7,29,6,29,4,28,4,29,3,26,2,28,4,25,2,26,1,25,1,24,2,20,2,22,1,20,2,22,-1,20,-2,19,-2,18,-4,18,0,0,0,0,0,0,0,0,0,0]"""
1782031936075,2026-06-21T17:52:16.075,safe,posture,mhw,standing_still,t017,"CSI_DATA,535422,1a:00:00:00:00:00,-44,11,-99,16,29,11,521857694,47,2,256,0,""[0,0,0,0,0,0,0,0,0,0,0,0,2,5,2,6,2,6,2,9,3,6,2,9,3,9,3,10,2,11,3,9,3,11,4,11,3,12,4,12,3,13,3,13,5,15,5,15,5,17,3,15,1,18,5,15,4,17,5,19,4,19,6,18,5,17,6,19,5,18,9,21,8,17,9,24,9,20,9,19,10,18,9,17,10,18,15,19,13,19,12,17,13,18,16,16,17,19,18,17,21,20,18,19,20,18,20,18,19,18,21,18,26,18,23,16,25,19,26,19,30,17,30,18,28,18,0,0,0,0,0,0,17,-30,16,-30,16,-34,17,-28,12,-26,16,-33,15,-27,15,-34,9,-27,15,-33,12,-30,11,-27,8,-28,10,-26,6,-28,6,-30,4,-30,3,-28,5,-28,2,-26,1,-30,1,-26,1,-33,1,-30,0,-27,2,-27,0,-26,-4,-31,-3,-30,-4,-28,-3,-28,-3,-30,-5,-26,-5,-30,-3,-28,-4,-35,-3,-31,-4,-28,-2,-31,-1,-27,-2,-25,-4,-28,-2,-28,-2,-24,-1,-26,-1,-24,-1,-26,-2,-23,2,-27,1,-23,2,-23,3,-19,2,-18,3,-16,3,-21,3,-17,5,-17,0,0,0,0,0,0,0,0,0,0]"""
1782031936088,2026-06-21T17:52:16.088,safe,posture,mhw,standing_still,t017,"CSI_DATA,535423,1a:00:00:00:00:00,-44,11,-99,16,29,11,521868694,47,2,256,0,""[0,0,0,0,0,0,0,0,0,0,0,0,-2,5,-4,5,-3,4,-5,6,-4,5,-5,6,-9,8,-5,5,-9,5,-8,6,-9,6,-10,8,-10,8,-11,6,-13,6,-11,5,-16,8,-11,8,-17,5,-18,6,-13,5,-16,3,-15,3,-18,4,-18,5,-17,3,-17,2,-20,3,-16,4,-20,5,-18,4,-25,5,-20,2,-19,3,-23,2,-20,2,-19,3,-24,6,-21,4,-19,5,-23,2,-20,6,-23,8,-24,5,-32,4,-25,2,-27,5,-26,1,-24,4,-27,3,-33,8,-26,6,-32,3,-32,3,-33,8,-35,5,-34,2,0,0,0,0,0,0,1,34,-1,28,0,40,-3,34,-1,27,-3,35,-2,28,-3,35,-1,28,-5,36,-6,33,-5,26,-3,30,-4,26,-3,32,-2,30,-2,31,-2,28,-4,28,-3,26,-2,32,-2,26,-3,32,-5,32,-6,27,-5,26,-5,26,-2,30,-2,28,-3,28,-4,25,-8,28,-3,26,-4,30,-8,26,-11,34,-13,30,-11,27,-13,26,-13,21,-12,24,-12,27,-13,24,-12,19,-16,20,-13,19,-17,21,-16,17,-24,19,-20,12,-18,12,-19,8,-17,6,-15,8,-19,8,-16,6,-18,3,0,0,0,0,0,0,0,0,0,0]"""
1782031936098,2026-06-21T17:52:16.098,safe,posture,mhw,standing_still,t017,"CSI_DATA,535424,1a:00:00:00:00:00,-44,11,-99,16,29,11,521879694,47,2,256,0,""[0,0,0,0,0,0,0,0,0,0,0,0,3,-4,2,-6,3,-4,3,-5,4,-5,5,-6,5,-8,5,-6,6,-8,6,-5,8,-8,9,-6,9,-8,10,-9,13,-6,10,-8,13,-6,15,-8,15,-6,17,-6,16,-6,16,-8,18,-6,16,-6,19,-4,17,-6,19,-3,20,-5,17,-4,23,-8,20,-3,21,-5,20,-3,20,-4,23,-2,23,-4,20,-5,21,-6,20,-5,23,-6,24,-2,21,-8,25,-6,26,-4,27,-6,23,-2,27,-5,26,-2,27,-4,30,-4,28,-6,32,-5,34,-3,32,-2,33,-3,35,-1,33,-2,0,0,0,0,0,0,4,-36,4,-33,4,-35,5,-34,4,-31,6,-33,5,-30,5,-34,8,-28,8,-32,9,-30,8,-26,6,-33,8,-27,6,-28,6,-28,5,-28,8,-30,11,-31,6,-26,6,-28,9,-27,6,-28,8,-27,10,-25,8,-31,11,-25,9,-27,9,-27,8,-27,9,-27,12,-31,9,-26,11,-28,13,-26,15,-28,17,-24,16,-25,19,-24,17,-24,18,-21,17,-21,19,-23,18,-18,21,-17,18,-17,20,-15,23,-12,21,-12,19,-8,20,-8,20,-4,20,-6,19,-3,18,-1,19,-2,18,1,0,0,0,0,0,0,0,0,0,0]"""
1782031936111,2026-06-21T17:52:16.111,safe,posture,mhw,standing_still,t017,"CSI_DATA,535425,1a:00:00:00:00:00,-44,11,-99,15,29,11,521890694,47,2,256,0,""[0,0,0,0,0,0,0,0,0,0,0,0,-5,3,-5,3,-7,1,-8,1,-9,2,-9,0,-10,0,-9,0,-10,0,-9,-1,-11,-1,-11,-1,-13,-3,-13,-1,-14,-3,-14,-4,-15,-4,-15,-4,-14,-5,-16,-8,-17,-7,-13,-9,-16,-8,-16,-9,-16,-11,-16,-11,-15,-11,-14,-11,-14,-13,-15,-13,-16,-13,-16,-15,-17,-14,-15,-15,-16,-14,-14,-15,-15,-14,-17,-16,-14,-17,-16,-16,-17,-15,-16,-16,-17,-19,-17,-14,-20,-19,-21,-20,-20,-20,-20,-17,-17,-20,-19,-21,-17,-23,-19,-21,-19,-26,-20,-28,-19,-26,-19,-27,-17,-28,0,0,0,0,0,0,-30,15,-28,14,-33,14,-30,15,-30,11,-32,10,-32,10,-30,10,-30,11,-34,8,-32,8,-30,9,-29,7,-30,8,-30,5,-29,5,-29,5,-27,5,-27,5,-28,4,-28,4,-27,7,-29,5,-29,4,-30,7,-27,1,-29,3,-30,4,-29,2,-28,3,-29,0,-29,3,-30,-2,-28,1,-30,0,-33,-4,-33,-4,-28,-5,-28,-4,-26,-8,-27,-8,-27,-10,-27,-11,-24,-11,-22,-11,-22,-14,-20,-15,-20,-14,-17,-16,-17,-16,-15,-16,-11,-16,-10,-15,-9,-17,-9,-16,-5,-16,-4,-16,0,0,0,0,0,0,0,0,0,0]"""
1782031936119,2026-06-21T17:52:16.119,safe,posture,mhw,standing_still,t017,"CSI_DATA,535426,1a:00:00:00:00:00,-44,11,-99,15,29,11,521901694,47,2,256,0,""[0,0,0,0,0,0,0,0,0,0,0,0,-3,4,-5,2,-7,4,-5,3,-5,4,-5,4,-7,4,-8,5,-8,7,-9,7,-9,7,-9,4,-9,8,-10,9,-10,8,-13,10,-10,9,-13,10,-10,9,-13,13,-11,14,-11,13,-11,13,-13,11,-14,13,-13,13,-14,13,-13,15,-14,16,-11,15,-14,17,-9,16,-10,17,-9,19,-7,20,-9,20,-8,21,-8,19,-7,22,-5,26,-3,23,-3,26,-3,23,-1,28,-1,23,2,26,0,27,3,27,3,30,5,30,2,27,4,33,4,32,7,33,7,32,8,32,11,32,0,0,0,0,0,0,32,-9,36,-11,28,-11,32,-13,34,-17,29,-9,29,-14,27,-14,30,-15,24,-15,22,-17,24,-19,24,-22,24,-21,22,-17,21,-20,20,-22,21,-21,19,-21,20,-24,15,-23,16,-24,10,-22,11,-26,13,-26,11,-27,10,-29,9,-24,10,-29,8,-28,9,-30,7,-28,8,-32,5,-29,7,-29,4,-26,2,-28,4,-28,2,-29,4,-30,3,-29,4,-27,5,-27,7,-29,4,-26,4,-26,7,-22,4,-24,4,-20,5,-22,4,-22,4,-22,4,-21,4,-20,8,-19,7,-16,9,-16,0,0,0,0,0,0,0,0,0,0]"""
1782031936131,2026-06-21T17:52:16.131,safe,posture,mhw,standing_still,t017,"CSI_DATA,535427,1a:00:00:00:00:00,-44,11,-99,16,29,11,521912694,47,2,256,0,""[0,0,0,0,0,0,0,0,0,0,0,0,-4,-5,-4,-6,-2,-5,-2,-9,-4,-5,-3,-8,-4,-10,-3,-8,-4,-9,-3,-9,-6,-11,-5,-11,-5,-11,-5,-11,-5,-12,-6,-12,-8,-15,-8,-11,-8,-16,-8,-17,-9,-15,-5,-16,-6,-15,-10,-16,-11,-16,-10,-16,-9,-16,-10,-16,-10,-15,-13,-15,-13,-12,-17,-19,-13,-17,-13,-15,-15,-17,-15,-12,-16,-11,-20,-12,-19,-12,-16,-11,-19,-12,-23,-6,-23,-9,-23,-9,-28,-12,-24,-11,-26,-8,-24,-9,-24,-6,-27,-5,-33,-4,-28,-4,-30,-5,-31,-4,-33,-1,-33,-2,-33,0,0,0,0,0,0,0,-1,34,1,31,2,38,1,33,1,26,3,35,4,31,5,35,6,28,4,36,6,33,5,28,5,28,8,28,11,32,11,27,12,26,12,23,11,26,12,21,17,25,17,23,18,27,16,25,16,21,15,24,17,23,23,20,21,19,20,18,17,18,21,20,19,17,24,17,24,18,28,24,23,21,24,18,23,21,19,17,20,17,25,17,21,16,20,15,18,16,20,15,20,16,17,16,21,21,15,17,16,17,11,16,11,15,11,17,12,15,10,15,9,15,0,0,0,0,0,0,0,0,0,0]"""
1782031936142,2026-06-21T17:52:16.142,safe,posture,mhw,standing_still,t017,"CSI_DATA,535428,1a:00:00:00:00:00,-44,11,-99,16,29,11,521923694,47,2,256,0,""[0,0,0,0,0,0,0,0,0,0,0,0,-5,2,-5,2,-6,4,-6,3,-8,4,-6,4,-6,4,-9,4,-10,4,-11,6,-10,5,-10,4,-9,5,-11,6,-11,6,-15,8,-12,6,-15,6,-12,5,-12,6,-15,11,-16,8,-16,9,-13,9,-16,6,-16,9,-18,10,-15,10,-19,11,-16,10,-17,12,-13,10,-16,13,-16,15,-15,15,-15,16,-15,17,-16,16,-15,17,-15,19,-11,18,-16,21,-15,18,-12,24,-10,17,-12,25,-10,24,-5,25,-10,28,-11,30,-9,25,-10,28,-9,30,-8,33,-10,31,-8,30,-5,32,0,0,0,0,0,0,28,6,39,9,28,2,33,5,38,5,27,5,36,5,30,3,34,3,30,1,28,-1,31,-2,31,-1,34,-4,28,-2,27,-3,30,-6,28,-5,25,-4,33,-6,26,-8,31,-9,20,-8,24,-10,30,-10,25,-11,28,-15,25,-13,26,-13,25,-17,27,-16,21,-13,30,-17,24,-15,24,-16,20,-12,25,-18,25,-16,21,-18,25,-16,25,-17,24,-13,25,-15,26,-13,20,-13,25,-11,20,-9,24,-12,17,-8,20,-9,20,-9,19,-11,20,-8,19,-8,18,-4,17,-4,17,-3,0,0,0,0,0,0,0,0,0,0]"""
1782031936157,2026-06-21T17:52:16.157,safe,posture,mhw,standing_still,t017,"CSI_DATA,535429,1a:00:00:00:00:00,-44,11,-99,16,29,11,521939580,47,2,256,0,""[0,0,0,0,0,0,0,0,0,0,0,0,3,-4,3,-3,4,-6,5,-6,5,-8,4,-6,5,-8,5,-8,5,-8,6,-8,6,-8,6,-9,8,-9,6,-9,9,-10,11,-12,10,-11,11,-12,9,-12,11,-11,12,-13,11,-11,12,-13,12,-15,12,-15,13,-13,13,-13,10,-13,13,-15,12,-15,11,-17,12,-16,12,-19,11,-17,9,-19,10,-19,10,-18,10,-20,11,-21,9,-21,8,-21,8,-23,6,-24,5,-25,6,-23,3,-27,5,-26,3,-27,4,-27,4,-31,5,-31,3,-26,3,-31,5,-34,4,-31,1,-30,0,-33,0,0,0,0,0,0,-34,0,-34,-1,-34,2,-33,1,-35,0,-32,0,-34,0,-33,1,-33,3,-32,1,-30,3,-32,5,-30,4,-30,6,-30,6,-28,6,-28,6,-27,8,-25,8,-30,9,-26,9,-27,13,-25,10,-25,12,-26,13,-24,12,-26,13,-24,15,-25,13,-26,17,-26,13,-23,16,-28,16,-24,16,-23,17,-25,13,-26,19,-25,15,-26,17,-24,15,-24,13,-25,15,-25,10,-24,12,-21,11,-24,10,-23,8,-20,11,-21,8,-21,10,-20,5,-19,6,-19,3,-21,4,-19,1,-17,1,-16,1,0,0,0,0,0,0,0,0,0,0]"""
1782031936167,2026-06-21T17:52:16.167,safe,posture,mhw,standing_still,t017,"CSI_DATA,535430,1a:00:00:00:00:00,-44,11,-99,16,29,11,521945694,47,2,256,0,""[0,0,0,0,0,0,0,0,0,0,0,0,5,1,8,2,5,2,6,3,6,4,9,4,9,6,8,4,9,6,8,4,10,6,11,8,10,8,10,9,10,9,9,10,11,12,10,11,10,13,10,11,9,11,10,15,10,15,8,16,10,17,9,16,8,15,10,17,6,17,9,19,9,16,10,20,11,21,10,19,9,19,6,20,9,18,11,20,9,21,11,20,11,23,10,20,12,23,12,20,10,25,11,24,11,24,12,23,11,25,12,25,13,27,10,26,11,30,11,31,12,31,11,32,11,32,0,0,0,0,0,0,34,-8,31,-6,34,-10,32,-8,28,-5,34,-4,31,-4,34,-4,31,-6,33,-3,33,-4,31,-4,28,-1,30,-3,31,-3,28,-2,28,-3,27,-4,28,-3,27,-2,30,-3,27,-3,31,-3,30,-3,27,-4,26,0,28,-2,30,-5,28,-1,30,-2,27,0,30,-2,27,1,31,0,28,1,33,3,31,3,28,3,28,5,27,8,27,6,28,8,26,10,24,9,25,9,21,12,23,13,20,12,20,16,19,15,16,15,16,16,12,13,11,15,11,17,10,16,8,17,0,0,0,0,0,0,0,0,0,0]"""
1782031936179,2026-06-21T17:52:16.179,safe,posture,mhw,standing_still,t017,"CSI_DATA,535431,1a:00:00:00:00:00,-44,11,-99,16,29,11,521956694,47,2,256,0,""[0,0,0,0,0,0,0,0,0,0,0,0,5,-3,4,-2,6,-2,6,-2,8,-2,8,-2,6,-4,9,-5,10,-3,10,-4,9,-4,10,-5,10,-4,12,-4,10,-3,17,-4,13,-4,16,-3,12,-4,15,-3,19,-3,16,-4,17,-6,18,-5,18,-5,18,-4,20,-4,18,-5,23,-3,18,-5,20,-4,19,-6,19,-9,19,-6,19,-8,19,-9,23,-9,21,-9,21,-10,21,-11,19,-12,23,-10,23,-9,20,-13,18,-11,21,-18,21,-13,18,-19,23,-18,21,-18,23,-16,23,-18,24,-18,25,-19,25,-21,21,-20,26,-25,0,0,0,0,0,0,-20,-27,-25,-28,-19,-23,-23,-24,-25,-27,-18,-23,-24,-26,-21,-20,-23,-24,-19,-23,-20,-19,-24,-21,-23,-19,-25,-19,-23,-19,-23,-18,-23,-17,-24,-18,-21,-15,-26,-19,-21,-15,-26,-16,-23,-11,-25,-12,-27,-15,-25,-12,-30,-12,-25,-11,-25,-13,-27,-11,-28,-12,-26,-8,-30,-15,-25,-15,-26,-11,-23,-12,-31,-11,-26,-13,-26,-9,-26,-15,-25,-15,-20,-15,-23,-18,-24,-16,-20,-15,-23,-17,-18,-16,-19,-13,-13,-13,-19,-16,-15,-15,-16,-12,-13,-13,-12,-17,-9,-15,-8,-16,-6,-17,0,0,0,0,0,0,0,0,0,0]"""
1782031936188,2026-06-21T17:52:16.188,safe,posture,mhw,standing_still,t017,"CSI_DATA,535432,1a:00:00:00:00:00,-44,11,-99,15,29,11,521967694,47,2,256,0,""[0,0,0,0,0,0,0,0,0,0,0,0,-7,0,-7,-1,-7,0,-5,1,-8,1,-9,2,-10,2,-9,3,-10,2,-10,3,-11,1,-11,1,-10,2,-14,1,-14,2,-14,2,-15,3,-16,3,-14,4,-14,4,-17,7,-17,5,-17,5,-16,4,-19,7,-17,5,-19,5,-20,10,-19,7,-17,9,-19,9,-16,11,-15,11,-15,15,-16,15,-15,16,-16,15,-14,14,-14,16,-15,19,-14,19,-13,20,-14,21,-13,22,-11,21,-7,21,-8,23,-5,28,-5,28,-7,30,-9,24,-8,30,-7,33,-5,30,-7,30,-3,32,-3,33,0,0,0,0,0,0,34,0,36,0,30,-1,34,-3,38,-3,33,-2,32,-3,30,-4,32,-3,27,-7,26,-9,29,-10,30,-14,28,-13,27,-8,27,-13,26,-16,24,-15,26,-14,24,-17,21,-17,23,-19,16,-19,16,-21,17,-21,16,-26,17,-24,19,-22,19,-26,14,-26,17,-27,15,-27,15,-27,13,-24,14,-26,11,-26,10,-27,9,-28,8,-28,11,-29,10,-27,15,-23,13,-26,11,-26,11,-24,11,-22,11,-22,11,-22,10,-20,8,-21,9,-17,7,-20,8,-19,8,-17,10,-14,10,-15,11,-15,0,0,0,0,0,0,0,0,0,0]"""
1782031936200,2026-06-21T17:52:16.200,safe,posture,mhw,standing_still,t017,"CSI_DATA,535433,1a:00:00:00:00:00,-44,11,-99,16,29,11,521978694,47,2,256,0,""[0,0,0,0,0,0,0,0,0,0,0,0,2,-5,2,-4,3,-8,3,-5,4,-6,3,-6,2,-6,4,-8,5,-9,5,-10,6,-9,6,-10,6,-11,9,-11,9,-10,10,-12,8,-12,12,-13,10,-11,8,-10,11,-9,10,-15,12,-13,13,-11,13,-15,12,-13,15,-15,13,-15,16,-16,15,-12,15,-15,11,-13,13,-15,13,-16,11,-18,12,-19,12,-18,15,-16,13,-18,15,-20,12,-18,15,-21,13,-18,13,-21,11,-17,11,-23,13,-23,10,-25,16,-26,15,-28,13,-24,16,-25,16,-25,16,-27,17,-30,17,-30,16,-28,0,0,0,0,0,0,-28,-18,-31,-23,-25,-16,-28,-19,-32,-19,-25,-18,-28,-19,-25,-17,-27,-20,-24,-15,-24,-13,-26,-13,-30,-13,-28,-16,-23,-17,-25,-13,-27,-12,-26,-15,-24,-12,-28,-13,-25,-9,-27,-13,-24,-9,-25,-9,-25,-10,-28,-9,-30,-10,-26,-10,-27,-11,-27,-9,-27,-12,-27,-9,-27,-12,-26,-10,-26,-12,-24,-9,-27,-10,-26,-10,-27,-11,-26,-12,-26,-16,-21,-15,-23,-15,-24,-18,-21,-15,-21,-17,-17,-16,-20,-18,-13,-11,-16,-15,-13,-15,-15,-16,-12,-17,-13,-15,-6,-18,-8,-16,-6,-17,0,0,0,0,0,0,0,0,0,0]"""
1782031936209,2026-06-21T17:52:16.209,safe,posture,mhw,standing_still,t017,"CSI_DATA,535434,1a:00:00:00:00:00,-44,11,-99,15,29,11,521989694,47,2,256,0,""[0,0,0,0,0,0,0,0,0,0,0,0,-3,7,-2,4,-3,5,-2,7,-3,7,-4,7,-5,8,-4,9,-5,9,-7,9,-7,10,-7,10,-7,10,-8,9,-7,8,-11,10,-10,11,-11,11,-13,10,-9,13,-11,13,-14,11,-14,10,-14,13,-15,11,-15,11,-16,10,-15,13,-17,10,-15,11,-15,11,-19,13,-17,13,-15,13,-15,14,-16,14,-17,15,-17,15,-19,15,-19,16,-15,16,-20,17,-20,17,-16,19,-19,17,-20,20,-19,19,-16,22,-17,20,-20,20,-21,21,-21,19,-22,22,-26,24,-22,22,-22,22,-24,28,0,0,0,0,0,0,23,24,22,26,23,26,24,24,21,23,20,26,22,24,20,26,22,24,17,24,19,23,20,22,17,21,19,22,20,21,20,21,22,22,20,21,20,19,21,22,21,20,21,20,20,20,22,19,24,19,19,20,22,19,23,17,21,20,21,20,21,19,22,17,21,23,20,21,21,20,17,23,21,21,19,23,20,21,16,22,17,23,16,23,13,24,14,24,13,22,11,24,9,24,11,22,7,22,8,23,3,20,5,22,0,17,1,19,0,19,-1,17,-2,17,0,0,0,0,0,0,0,0,0,0]"""
1782031936221,2026-06-21T17:52:16.221,safe,posture,mhw,standing_still,t017,"CSI_DATA,535435,1a:00:00:00:00:00,-44,11,-99,18,28,11,522000694,47,2,256,0,""[0,0,0,0,0,0,0,0,0,0,0,0,-28,-6,-31,-1,-13,-4,4,-25,2,12,-18,-4,-4,14,-14,0,-18,0,11,-3,-11,-11,-13,-1,-4,-9,-12,-7,-7,2,-6,-14,-13,-7,-14,-13,-8,-18,-14,-17,-7,-18,-6,-15,-6,-17,-11,-18,-8,-15,-8,-15,-7,-14,-4,-18,-7,-14,-9,-17,-8,-17,-12,-23,-6,-20,-7,-19,-7,-22,-7,-18,-8,-18,-12,-19,-9,-19,-12,-18,-11,-19,-13,-19,-15,-20,-13,-22,-15,-26,-9,-23,-12,-23,-9,-25,-12,-23,-14,-25,-19,-25,-15,-23,-15,-28,-15,-28,-20,-26,-17,-30,-18,-29,0,0,0,0,0,0,-33,13,-26,13,-33,15,-29,12,-25,11,-33,12,-26,12,-30,14,-25,11,-33,11,-31,8,-28,7,-26,8,-26,8,-29,12,-26,11,-25,14,-24,11,-28,9,-22,11,-25,13,-25,13,-28,13,-29,9,-26,9,-25,9,-23,9,-26,14,-28,13,-25,11,-24,9,-28,12,-23,9,-26,13,-25,11,-34,12,-29,7,-26,4,-29,4,-25,2,-25,3,-30,7,-28,3,-23,3,-24,0,-23,2,-25,2,-25,-1,-28,-4,-22,-6,-20,-4,-19,-8,-15,-7,-18,-6,-19,-8,-15,-8,-14,-9,0,0,0,0,0,0,0,0,0,0]"""
1782031936229,2026-06-21T17:52:16.229,safe,posture,mhw,standing_still,t017,"CSI_DATA,535436,1a:00:00:00:00:00,-44,11,-99,15,29,11,522011694,47,2,256,0,""[0,0,0,0,0,0,0,0,0,0,0,0,-4,4,-4,4,-4,4,-7,4,-7,5,-5,3,-7,5,-8,5,-8,4,-10,5,-9,5,-11,5,-11,4,-11,5,-11,3,-17,3,-14,4,-15,3,-14,2,-14,4,-16,5,-16,2,-19,4,-16,3,-17,2,-19,1,-19,0,-17,2,-22,0,-19,0,-22,0,-17,1,-22,2,-20,0,-21,2,-22,2,-24,2,-23,0,-23,1,-24,2,-23,3,-27,1,-23,0,-26,3,-20,0,-27,4,-27,0,-27,5,-29,2,-30,3,-27,1,-28,1,-30,-1,-33,1,-32,0,-33,2,-32,1,0,0,0,0,0,0,-4,33,-2,38,-3,29,-5,34,-3,39,-5,29,-7,36,-4,30,-7,34,-5,29,-5,28,-4,32,-5,29,-4,33,-3,28,-3,27,-4,30,-4,30,-5,26,-5,32,-3,27,-5,30,-2,23,-3,26,-3,29,-3,28,-4,33,-3,27,-5,27,-4,30,-5,29,-4,27,-8,30,-8,27,-8,28,-9,23,-9,29,-11,27,-9,28,-13,26,-11,27,-15,22,-16,24,-16,24,-14,20,-19,21,-17,16,-16,19,-14,13,-17,17,-17,13,-16,14,-17,11,-20,11,-17,5,-17,4,-17,3,0,0,0,0,0,0,0,0,0,0]"""
1782031936241,2026-06-21T17:52:16.241,safe,posture,mhw,standing_still,t017,"CSI_DATA,535437,1a:00:00:00:00:00,-44,11,-99,16,29,11,522022694,47,2,256,0,""[0,0,0,0,0,0,0,0,0,0,0,0,2,-6,3,-5,3,-6,2,-5,5,-6,3,-5,4,-6,4,-6,6,-9,5,-9,5,-8,9,-9,8,-10,9,-10,10,-8,11,-11,11,-9,15,-11,11,-9,11,-8,15,-8,15,-10,16,-11,15,-6,17,-9,16,-10,18,-8,16,-6,21,-8,17,-6,19,-5,16,-6,17,-9,19,-10,18,-11,19,-11,21,-9,20,-6,21,-6,24,-11,20,-10,25,-9,21,-6,25,-10,17,-6,23,-13,24,-10,21,-16,27,-12,27,-11,26,-9,27,-9,26,-8,33,-9,30,-6,27,-9,32,-9,0,0,0,0,0,0,-4,-32,-5,-39,-5,-28,-2,-33,-3,-39,1,-28,-3,-36,-2,-28,-1,-34,-2,-26,-3,-27,-1,-30,-1,-32,-3,-33,2,-27,-1,-28,-3,-30,-1,-31,0,-27,0,-31,0,-25,1,-32,-2,-23,-2,-25,-1,-30,-3,-28,-2,-32,1,-27,1,-30,0,-30,3,-31,0,-27,4,-33,3,-25,3,-30,3,-25,3,-28,4,-30,4,-28,8,-27,9,-28,12,-23,12,-26,13,-25,12,-21,16,-23,15,-16,16,-20,12,-15,16,-17,15,-15,13,-15,17,-13,17,-12,16,-6,17,-5,18,-4,0,0,0,0,0,0,0,0,0,0]"""
1782031936252,2026-06-21T17:52:16.252,safe,posture,mhw,standing_still,t017,"CSI_DATA,535438,1a:00:00:00:00:00,-44,11,-99,16,29,11,522033694,47,2,256,0,""[0,0,0,0,0,0,0,0,0,0,0,0,-6,1,-5,0,-8,1,-6,0,-6,2,-9,1,-9,1,-9,0,-10,0,-11,1,-11,1,-11,1,-13,1,-13,1,-13,0,-16,-1,-15,0,-16,0,-16,-1,-15,1,-16,0,-16,-2,-18,-1,-18,-1,-17,-1,-19,-1,-17,-3,-18,-1,-19,-3,-19,-1,-20,-1,-20,-3,-24,0,-20,-1,-21,2,-20,1,-21,2,-24,3,-24,1,-25,3,-21,4,-24,3,-25,3,-24,6,-24,4,-25,10,-26,6,-27,10,-26,6,-30,9,-28,11,-30,9,-28,10,-31,11,-28,11,-31,10,-31,15,0,0,0,0,0,0,12,30,12,31,13,31,10,31,13,34,10,31,12,31,12,31,11,31,10,31,13,28,12,27,12,26,15,25,15,26,15,25,17,25,16,25,16,23,16,25,17,24,17,24,16,23,18,23,20,21,17,21,19,21,21,21,20,20,20,21,19,21,19,19,19,24,20,21,19,20,19,23,23,23,18,23,19,20,15,24,16,23,16,23,15,24,16,21,13,20,11,24,11,24,13,21,9,20,11,23,6,19,9,18,4,18,5,19,3,19,2,18,2,17,0,0,0,0,0,0,0,0,0,0]"""
1782031936264,2026-06-21T17:52:16.264,safe,posture,mhw,standing_still,t017,"CSI_DATA,535439,1a:00:00:00:00:00,-44,11,-99,16,29,11,522044694,47,2,256,0,""[0,0,0,0,0,0,0,0,0,0,0,0,0,6,0,4,3,8,2,8,3,8,2,9,2,6,1,10,1,10,4,12,1,10,2,11,2,13,1,15,2,12,3,16,3,12,4,17,3,15,3,13,4,17,6,16,9,18,5,17,6,17,9,17,8,19,6,17,9,20,8,16,11,18,9,13,15,16,12,16,16,15,17,16,17,16,16,16,18,15,20,15,18,12,21,16,19,12,24,10,18,8,26,8,25,11,26,6,27,9,28,6,26,9,30,8,31,8,31,5,32,4,28,5,32,1,0,0,0,0,0,0,1,-32,2,-36,-1,-27,-2,-33,-3,-39,-2,-28,-4,-34,-4,-27,-5,-34,-6,-26,-8,-26,-10,-28,-10,-28,-15,-30,-10,-26,-12,-25,-16,-26,-16,-25,-13,-23,-18,-26,-16,-19,-19,-23,-17,-16,-19,-19,-21,-19,-23,-17,-25,-17,-23,-17,-26,-16,-26,-16,-27,-16,-23,-12,-27,-18,-21,-13,-26,-13,-20,-11,-28,-10,-25,-12,-27,-8,-26,-12,-27,-11,-24,-12,-26,-12,-26,-12,-23,-10,-24,-13,-18,-11,-23,-10,-13,-6,-20,-11,-18,-10,-21,-9,-18,-9,-20,-11,-16,-9,-13,-10,-12,-10,0,0,0,0,0,0,0,0,0,0]"""
1782031936273,2026-06-21T17:52:16.273,safe,posture,mhw,standing_still,t017,"CSI_DATA,535440,1a:00:00:00:00:00,-44,11,-99,15,29,11,522055694,47,2,256,0,""[0,0,0,0,0,0,0,0,0,0,0,0,-5,-2,-5,-2,-4,-3,-7,-3,-7,-3,-7,-5,-8,-4,-7,-4,-9,-4,-10,-4,-10,-5,-11,-3,-11,-4,-11,-4,-13,-4,-13,-5,-14,-5,-14,-4,-16,-8,-17,-5,-13,-7,-16,-7,-15,-7,-19,-7,-16,-4,-19,-4,-17,-5,-19,-4,-19,-4,-19,-3,-20,-2,-22,-3,-22,-2,-21,-2,-22,0,-21,-1,-21,2,-23,3,-21,3,-21,5,-22,4,-23,7,-23,7,-23,10,-26,9,-23,10,-23,11,-24,11,-22,11,-26,14,-26,17,-24,17,-26,17,-29,16,-24,20,-24,16,-26,21,0,0,0,0,0,0,21,21,23,22,27,23,23,22,23,20,24,20,27,19,27,19,27,17,26,19,26,17,27,16,23,15,26,14,29,11,28,10,28,9,26,7,28,7,27,5,29,5,30,3,30,3,29,4,28,2,27,3,29,1,30,-4,28,-2,30,-3,27,-3,28,-3,29,-2,28,-5,29,-7,33,-4,29,-3,29,-3,28,-3,27,-2,26,-4,29,-7,28,-3,23,-5,24,-5,24,-3,24,-4,24,-4,26,-3,24,-1,22,-1,21,-1,20,1,22,1,19,1,16,1,17,2,0,0,0,0,0,0,0,0,0,0]"""
1782031936286,2026-06-21T17:52:16.286,safe,posture,mhw,standing_still,t017,"CSI_DATA,535441,1a:00:00:00:00:00,-44,11,-99,16,29,11,522066694,47,2,256,0,""[0,0,0,0,0,0,0,0,0,0,0,0,5,3,4,4,5,4,5,3,6,5,6,4,6,4,8,5,9,5,9,6,8,8,9,8,10,6,11,8,12,6,12,8,13,6,12,10,11,8,12,6,11,10,18,9,16,10,15,9,16,11,17,9,17,10,17,10,17,9,17,8,18,9,19,6,18,8,20,5,20,5,24,4,21,4,19,4,21,5,25,3,24,2,25,1,24,0,26,-1,23,-1,24,-2,27,-5,26,-6,28,-6,30,-5,25,-6,31,-8,31,-8,32,-8,31,-9,30,-10,30,-10,0,0,0,0,0,0,-15,-33,-13,-34,-12,-28,-13,-28,-16,-32,-11,-30,-16,-30,-15,-28,-15,-28,-15,-23,-16,-23,-18,-24,-21,-25,-19,-24,-15,-23,-19,-23,-20,-20,-23,-20,-21,-19,-23,-18,-23,-15,-23,-18,-20,-12,-24,-13,-25,-13,-27,-11,-26,-15,-23,-11,-26,-12,-26,-10,-26,-11,-27,-11,-28,-11,-26,-9,-28,-11,-26,-8,-26,-6,-27,-5,-28,-8,-28,-9,-26,-9,-24,-10,-24,-9,-26,-11,-24,-11,-25,-9,-23,-9,-23,-9,-19,-10,-19,-6,-18,-9,-19,-9,-19,-8,-17,-11,-16,-9,-12,-11,-12,-11,0,0,0,0,0,0,0,0,0,0]"""
1782031936296,2026-06-21T17:52:16.296,safe,posture,mhw,standing_still,t017,"CSI_DATA,535442,1a:00:00:00:00:00,-44,11,-99,16,29,11,522077694,47,2,256,0,""[0,0,0,0,0,0,0,0,0,0,0,0,-5,-3,-4,-3,-5,-4,-5,-4,-8,-4,-6,-3,-4,-4,-6,-5,-9,-4,-10,-6,-9,-9,-9,-5,-10,-8,-12,-9,-10,-8,-13,-9,-12,-8,-12,-10,-11,-9,-13,-8,-15,-10,-15,-10,-16,-11,-11,-10,-16,-11,-15,-11,-16,-11,-16,-11,-18,-11,-17,-9,-17,-10,-17,-9,-19,-8,-19,-8,-20,-6,-23,-6,-21,-5,-20,-5,-20,-5,-25,-5,-23,-4,-25,-3,-23,-3,-25,-2,-21,0,-25,0,-27,1,-26,4,-30,3,-28,3,-28,1,-32,1,-32,3,-32,3,-30,3,-28,5,-33,6,0,0,0,0,0,0,6,33,5,36,6,27,8,34,8,36,5,32,9,31,6,31,9,32,9,25,12,26,11,27,16,28,15,28,10,26,12,25,15,25,16,25,15,25,18,24,18,20,18,23,17,18,19,18,18,18,25,19,21,19,19,19,21,21,24,18,21,19,21,18,26,19,24,17,23,18,21,15,24,16,24,15,24,16,24,16,24,17,19,19,19,17,20,18,19,17,20,17,16,16,19,18,13,15,16,13,15,16,15,15,15,16,13,17,8,15,9,16,9,17,0,0,0,0,0,0,0,0,0,0]"""
1782031936306,2026-06-21T17:52:16.306,safe,posture,mhw,standing_still,t017,"CSI_DATA,535443,1a:00:00:00:00:00,-44,11,-99,16,29,11,522088694,47,2,256,0,""[0,0,0,0,0,0,0,0,0,0,0,0,0,6,0,5,2,9,2,8,-1,8,1,8,0,8,1,10,0,10,3,11,2,12,1,12,2,12,2,13,0,12,0,16,2,15,1,17,2,15,0,13,0,18,1,16,2,19,1,18,2,19,3,19,1,20,2,19,0,21,2,18,1,19,2,18,4,20,5,20,5,21,6,23,6,21,5,21,8,21,11,23,10,20,9,26,9,23,12,20,10,18,16,23,12,25,18,19,17,24,16,21,15,24,19,26,18,25,19,26,20,25,21,25,23,24,0,0,0,0,0,0,26,-21,27,-25,18,-20,25,-23,26,-25,24,-19,26,-25,21,-21,23,-24,19,-20,19,-21,18,-26,19,-23,17,-26,16,-23,15,-25,15,-27,13,-26,11,-24,15,-28,11,-25,12,-27,10,-23,9,-24,9,-28,10,-25,9,-30,8,-26,8,-28,5,-30,5,-28,4,-27,10,-31,8,-27,8,-26,6,-24,5,-31,8,-26,3,-28,8,-28,8,-27,9,-25,9,-26,8,-26,6,-25,11,-24,12,-20,8,-23,6,-17,11,-21,10,-18,9,-18,11,-17,11,-18,10,-15,9,-11,12,-11,0,0,0,0,0,0,0,0,0,0]"""
1782031936319,2026-06-21T17:52:16.319,safe,posture,mhw,standing_still,t017,"CSI_DATA,535444,1a:00:00:00:00:00,-44,11,-99,18,29,11,522099694,47,2,256,0,""[0,0,0,0,0,0,0,0,0,0,0,0,-3,-6,-3,-5,-5,-6,-3,-6,-4,-7,-3,-6,-4,-6,-4,-8,-4,-8,-6,-9,-5,-11,-4,-10,-6,-10,-5,-13,-5,-10,-6,-15,-6,-13,-5,-15,-5,-13,-9,-13,-10,-16,-6,-16,-8,-17,-7,-15,-7,-17,-6,-18,-7,-19,-6,-16,-7,-20,-9,-18,-8,-20,-7,-16,-11,-18,-11,-18,-13,-16,-14,-18,-14,-19,-11,-17,-14,-17,-16,-18,-16,-15,-17,-20,-14,-17,-18,-18,-13,-16,-19,-15,-19,-17,-22,-15,-25,-18,-21,-19,-21,-18,-23,-20,-22,-19,-27,-18,-26,-21,-23,-17,-29,-19,0,0,0,0,0,0,-18,26,-21,32,-13,26,-17,27,-20,30,-19,23,-20,30,-16,25,-18,29,-13,23,-13,25,-13,27,-11,27,-13,29,-13,26,-10,26,-9,29,-10,27,-9,26,-11,31,-6,25,-9,29,-4,22,-5,27,-5,29,-4,27,-4,31,-5,28,-4,28,-2,29,-4,30,-3,27,-5,33,-4,27,-3,28,-3,23,-1,30,-3,29,0,29,-5,29,-5,28,-8,27,-7,28,-8,27,-7,25,-8,26,-9,20,-7,23,-6,16,-9,22,-7,19,-6,20,-9,18,-10,19,-9,15,-11,14,-13,13,0,0,0,0,0,0,0,0,0,0]"""
1782031936331,2026-06-21T17:52:16.331,safe,posture,mhw,standing_still,t017,"CSI_DATA,535445,1a:00:00:00:00:00,-44,11,-99,16,29,11,522110694,47,2,256,0,""[0,0,0,0,0,0,0,0,0,0,0,0,3,-4,5,-6,3,-4,4,-6,3,-5,6,-6,8,-5,8,-4,8,-9,5,-4,8,-8,8,-8,8,-9,8,-10,12,-10,9,-8,12,-11,10,-8,13,-11,13,-10,11,-8,15,-13,12,-8,15,-11,16,-11,13,-12,15,-11,18,-12,12,-11,15,-15,13,-10,17,-16,15,-12,15,-12,17,-15,16,-15,13,-13,12,-19,12,-17,13,-16,18,-18,10,-19,13,-21,16,-20,18,-25,13,-18,15,-23,16,-21,13,-23,15,-24,12,-27,11,-27,16,-31,15,-24,11,-32,15,-31,13,-28,0,0,0,0,0,0,-32,-17,-25,-15,-32,-17,-28,-17,-25,-11,-30,-19,-25,-10,-31,-16,-26,-12,-30,-15,-26,-15,-23,-13,-27,-11,-23,-11,-27,-10,-27,-10,-27,-8,-26,-8,-28,-11,-23,-4,-30,-4,-27,-6,-28,-6,-28,-8,-24,-9,-27,-5,-24,-5,-28,-1,-28,-3,-28,-1,-27,-3,-33,-6,-24,-1,-30,-1,-27,-3,-34,-3,-28,-8,-27,-5,-28,-9,-26,-6,-24,-6,-28,-4,-26,-5,-24,-4,-25,-11,-21,-4,-25,-6,-21,-9,-24,-12,-18,-10,-18,-11,-15,-11,-18,-9,-13,-11,-15,-10,-15,-10,-12,-13,0,0,0,0,0,0,0,0,0,0]"""
1782031936340,2026-06-21T17:52:16.340,safe,posture,mhw,standing_still,t017,"CSI_DATA,535446,1a:00:00:00:00:00,-44,11,-99,15,29,11,522121694,47,2,256,0,""[0,0,0,0,0,0,0,0,0,0,0,0,1,-5,2,-5,1,-7,2,-7,2,-7,0,-7,1,-9,2,-10,2,-11,2,-10,1,-11,1,-10,1,-11,2,-13,1,-13,3,-15,3,-15,2,-15,3,-16,-1,-15,0,-15,2,-16,1,-17,0,-19,0,-19,1,-17,-1,-17,-2,-17,-1,-20,-2,-21,-2,-16,-4,-21,-5,-20,-3,-20,-8,-20,-5,-20,-8,-20,-8,-20,-9,-20,-11,-20,-13,-19,-13,-20,-14,-21,-16,-20,-15,-20,-20,-19,-19,-19,-22,-17,-21,-17,-23,-20,-24,-19,-23,-19,-27,-17,-26,-17,-27,-17,-28,-17,-29,-16,0,0,0,0,0,0,-14,29,-13,30,-10,33,-11,33,-9,30,-9,30,-9,30,-8,32,-7,30,-7,32,-5,30,-2,30,-3,29,0,30,1,30,1,27,4,30,4,28,4,27,5,29,7,29,9,28,9,27,10,27,11,26,9,24,13,24,16,24,15,26,16,24,15,24,17,22,15,26,17,24,17,21,17,24,19,23,19,22,20,21,16,24,19,20,19,21,16,22,17,20,16,20,15,20,15,22,16,19,14,20,13,19,11,17,11,16,10,16,10,19,9,17,5,16,7,15,0,0,0,0,0,0,0,0,0,0]"""
1782031936350,2026-06-21T17:52:16.350,safe,posture,mhw,standing_still,t017,"CSI_DATA,535447,1a:00:00:00:00:00,-44,11,-99,16,29,11,522132694,47,2,256,0,""[0,0,0,0,0,0,0,0,0,0,0,0,6,0,5,-1,6,0,8,-1,6,-1,8,0,10,0,10,0,10,1,9,0,11,-1,12,-1,13,0,11,1,15,2,13,2,16,2,17,0,16,3,17,5,18,2,15,5,18,3,18,1,18,4,19,3,17,4,19,4,19,6,19,4,20,4,23,6,19,5,21,6,20,5,19,5,20,4,23,2,21,4,23,1,23,2,23,1,24,3,25,0,26,3,28,1,27,1,26,2,24,3,30,3,32,0,28,1,31,1,31,3,33,0,32,3,34,2,0,0,0,0,0,0,4,-32,3,-33,1,-35,4,-33,2,-31,4,-34,4,-30,5,-33,2,-31,3,-32,4,-33,2,-28,3,-28,2,-28,1,-31,1,-28,-1,-31,0,-27,0,-27,2,-27,-2,-28,-2,-28,-1,-30,0,-30,-1,-28,0,-26,-1,-26,-3,-28,-2,-30,-4,-27,-3,-26,-2,-27,-1,-28,-2,-28,-1,-27,1,-33,1,-31,1,-30,2,-28,4,-26,3,-27,3,-28,4,-26,3,-24,5,-24,6,-23,6,-24,5,-24,12,-23,9,-19,10,-20,11,-18,10,-16,12,-16,12,-16,11,-12,13,-10,0,0,0,0,0,0,0,0,0,0]"""
1782031936364,2026-06-21T17:52:16.364,safe,posture,mhw,standing_still,t017,"CSI_DATA,535448,1a:00:00:00:00:00,-44,11,-99,16,29,11,522144381,47,2,256,0,""[0,0,0,0,0,0,0,0,0,0,0,0,1,-5,0,-5,1,-8,1,-9,1,-8,1,-9,2,-9,3,-9,2,-9,2,-10,4,-10,3,-10,3,-11,4,-11,4,-11,5,-15,5,-13,6,-13,8,-15,11,-15,10,-15,9,-12,10,-15,9,-18,9,-15,10,-16,9,-13,11,-16,11,-15,9,-16,11,-16,13,-18,13,-18,13,-17,11,-17,13,-16,10,-17,10,-21,12,-19,10,-19,11,-19,10,-20,11,-21,10,-23,13,-25,13,-26,13,-25,15,-21,13,-21,12,-25,13,-28,12,-24,16,-26,18,-28,12,-28,16,-28,18,-32,0,0,0,0,0,0,-31,-16,-27,-16,-31,-18,-28,-19,-25,-16,-28,-17,-25,-18,-26,-19,-26,-16,-26,-20,-27,-20,-23,-18,-23,-17,-23,-16,-26,-17,-25,-16,-26,-13,-24,-12,-21,-15,-24,-15,-25,-15,-25,-13,-26,-16,-25,-16,-21,-13,-21,-15,-23,-13,-25,-11,-25,-15,-26,-12,-23,-12,-24,-12,-23,-15,-25,-13,-25,-15,-26,-19,-24,-19,-23,-18,-23,-20,-18,-19,-19,-18,-21,-19,-19,-20,-16,-19,-16,-18,-15,-18,-13,-19,-13,-20,-11,-23,-10,-23,-8,-20,-5,-20,-5,-18,-5,-20,-4,-19,-2,-17,-1,-17,0,0,0,0,0,0,0,0,0,0]"""
1782031936372,2026-06-21T17:52:16.372,safe,posture,mhw,standing_still,t017,"CSI_DATA,535449,1a:00:00:00:00:00,-44,11,-99,17,29,11,522154694,47,2,256,0,""[0,0,0,0,0,0,0,0,0,0,0,0,6,3,4,3,5,5,4,5,5,6,5,5,5,7,7,6,6,7,8,10,5,8,6,11,7,10,6,14,5,12,7,15,5,13,5,16,4,13,5,13,2,16,5,15,5,19,5,16,4,20,5,19,5,20,4,17,4,22,3,17,4,21,3,16,5,19,4,20,6,20,6,22,7,23,5,21,5,22,7,24,5,22,7,26,4,21,8,25,6,19,8,25,7,25,11,24,8,28,10,30,7,25,7,30,6,29,8,31,6,30,8,29,11,30,0,0,0,0,0,0,32,-4,39,-6,28,-5,33,-2,37,-5,30,-3,37,-3,29,-2,35,-1,28,-3,28,-3,30,-4,33,-3,31,-5,29,-2,30,-3,30,-5,30,-3,24,-2,32,-3,25,-5,30,-3,22,-4,24,-4,30,-3,28,-5,32,-4,26,-4,30,-2,29,-5,31,-4,28,-4,34,-1,26,-1,31,-1,24,-1,29,-1,29,1,29,-1,30,2,30,4,24,7,29,6,28,7,24,6,25,10,21,8,24,10,15,10,20,10,19,8,19,11,17,13,16,12,12,12,11,14,11,14,0,0,0,0,0,0,0,0,0,0]"""
1782031936386,2026-06-21T17:52:16.386,safe,posture,mhw,standing_still,t017,"CSI_DATA,535450,1a:00:00:00:00:00,-44,11,-99,16,29,11,522165694,47,2,256,0,""[0,0,0,0,0,0,0,0,0,0,0,0,-4,-5,-3,-4,-3,-5,-5,-5,-4,-5,-3,-8,-4,-6,-5,-8,-3,-9,-5,-11,-4,-9,-4,-9,-5,-11,-5,-12,-4,-12,-2,-15,-4,-15,-2,-16,-2,-16,-4,-15,-4,-16,-2,-15,-3,-17,-1,-17,-2,-19,-1,-19,1,-19,-1,-17,1,-20,0,-20,0,-20,0,-20,-1,-23,1,-20,-1,-21,1,-21,2,-21,0,-23,2,-23,-1,-24,-1,-23,0,-24,2,-25,-3,-25,0,-21,-2,-28,1,-26,-2,-26,1,-27,-1,-27,0,-30,3,-28,2,-30,2,-33,3,-32,1,-30,1,-33,0,0,0,0,0,0,-32,-3,-33,-8,-33,-5,-32,-5,-34,-6,-28,-8,-33,-10,-30,-9,-32,-9,-28,-10,-30,-8,-30,-8,-27,-10,-31,-6,-27,-8,-26,-8,-28,-5,-27,-6,-24,-6,-30,-10,-26,-5,-28,-9,-25,-6,-26,-6,-28,-6,-25,-9,-28,-8,-27,-6,-26,-8,-27,-8,-26,-10,-25,-6,-28,-13,-26,-10,-26,-11,-25,-13,-28,-12,-24,-13,-25,-13,-21,-17,-21,-16,-20,-18,-19,-19,-19,-18,-18,-16,-15,-20,-15,-20,-16,-18,-11,-17,-13,-19,-9,-18,-10,-17,-5,-17,-6,-20,-3,-17,-2,-18,-1,-17,0,0,0,0,0,0,0,0,0,0]"""
1782031936394,2026-06-21T17:52:16.394,safe,posture,mhw,standing_still,t017,"CSI_DATA,535451,1a:00:00:00:00:00,-44,11,-99,16,29,11,522176694,47,2,256,0,""[0,0,0,0,0,0,0,0,0,0,0,0,0,6,0,5,0,6,-1,6,-1,8,-2,8,-1,9,-1,10,-1,11,-1,11,-2,10,-1,12,-2,12,-3,13,-3,12,-2,13,-3,16,-5,16,-4,13,-3,12,-3,13,-2,19,-4,18,-4,18,-4,19,-3,18,-5,20,-5,19,-5,18,-4,18,-4,19,-2,17,-1,18,0,20,0,21,0,23,0,23,-1,20,0,24,0,24,0,24,2,25,1,24,2,27,2,21,4,24,6,26,8,25,8,28,6,28,4,27,9,31,6,32,5,30,4,31,9,31,8,32,0,0,0,0,0,0,33,-6,34,-10,28,-8,34,-9,34,-9,30,-5,32,-10,30,-8,32,-8,24,-6,25,-11,25,-11,28,-13,27,-13,26,-8,26,-11,25,-16,26,-12,26,-13,25,-13,23,-16,27,-13,19,-13,20,-15,21,-16,23,-19,23,-19,21,-16,23,-18,20,-20,23,-19,23,-20,23,-20,21,-18,23,-18,20,-17,20,-19,20,-18,20,-19,24,-19,23,-17,21,-12,21,-17,24,-16,24,-12,21,-12,21,-8,21,-10,18,-9,19,-10,20,-10,18,-10,19,-9,19,-5,17,-2,18,-3,18,-2,0,0,0,0,0,0,0,0,0,0]"""
1782031936406,2026-06-21T17:52:16.406,safe,posture,mhw,standing_still,t017,"CSI_DATA,535452,1a:00:00:00:00:00,-44,11,-99,16,29,11,522187694,47,2,256,0,""[0,0,0,0,0,0,0,0,0,0,0,0,4,-1,5,0,6,-1,8,-1,6,-2,9,-2,9,-2,9,-2,9,-2,11,-2,11,-3,12,-2,12,-3,12,-5,12,-3,13,-4,16,-5,16,-4,17,-5,15,-3,13,-4,16,-6,16,-6,17,-9,16,-8,16,-9,16,-9,15,-10,17,-9,16,-11,15,-12,18,-13,17,-15,16,-15,15,-16,13,-16,13,-16,11,-20,11,-18,10,-19,10,-19,10,-20,10,-23,6,-24,9,-26,6,-25,5,-25,5,-25,4,-24,3,-28,1,-33,1,-28,2,-32,2,-35,-1,-31,0,-31,-1,-31,0,0,0,0,0,0,-33,8,-32,6,-35,9,-31,6,-30,8,-30,10,-30,9,-32,10,-28,12,-32,13,-30,13,-26,16,-25,15,-23,17,-23,19,-21,19,-21,19,-20,19,-18,19,-20,19,-17,21,-16,24,-16,25,-16,25,-12,24,-12,23,-12,25,-10,27,-10,27,-8,27,-8,25,-6,27,-10,27,-6,30,-5,27,-9,31,-6,31,-6,27,-6,27,-6,24,-4,26,-3,30,-5,25,-3,25,-3,24,-5,25,-5,24,-2,26,-5,25,-5,23,-5,21,-4,20,-5,18,-4,19,-5,19,-4,17,-6,17,0,0,0,0,0,0,0,0,0,0]"""
1782031936419,2026-06-21T17:52:16.419,safe,posture,mhw,standing_still,t017,"CSI_DATA,535453,1a:00:00:00:00:00,-44,11,-99,16,29,11,522201010,47,2,256,0,""[0,0,0,0,0,0,0,0,0,0,0,0,-2,5,-2,5,-2,8,-2,8,-2,8,-3,9,-4,9,-2,9,-3,9,-4,10,-3,11,-5,11,-4,12,-4,11,-5,11,-8,13,-6,12,-8,13,-8,12,-10,13,-10,17,-10,11,-10,15,-9,17,-10,17,-10,16,-10,13,-10,16,-11,16,-11,17,-10,17,-13,17,-12,18,-12,17,-11,17,-11,17,-11,18,-11,20,-12,18,-10,21,-9,20,-10,19,-11,23,-9,23,-12,24,-10,26,-10,24,-9,25,-10,24,-9,25,-10,28,-10,26,-12,28,-12,32,-11,30,-12,30,-11,32,0,0,0,0,0,0,30,13,31,10,32,13,31,12,30,13,28,11,31,15,31,12,28,12,28,13,28,12,28,10,25,12,27,9,28,10,27,8,28,8,26,8,26,6,27,8,26,6,27,5,27,5,28,6,27,4,25,6,28,5,28,2,28,4,30,4,27,5,26,2,28,6,27,5,27,4,30,9,31,6,25,6,27,6,25,10,26,10,27,10,24,10,23,9,21,10,23,12,20,12,20,11,18,13,18,15,17,13,17,13,13,13,16,15,12,15,11,12,8,15,0,0,0,0,0,0,0,0,0,0]"""
1782031936432,2026-06-21T17:52:16.432,safe,posture,mhw,standing_still,t017,"CSI_DATA,535454,1a:00:00:00:00:00,-44,11,-99,16,29,11,522209694,47,2,256,0,""[0,0,0,0,0,0,0,0,0,0,0,0,2,-5,3,-4,3,-6,3,-6,3,-6,3,-8,4,-8,4,-8,4,-6,5,-8,6,-10,8,-10,5,-11,6,-10,9,-11,9,-11,9,-12,10,-11,12,-12,11,-11,11,-9,10,-10,12,-12,12,-13,15,-13,12,-13,13,-13,15,-11,16,-11,15,-13,15,-13,15,-13,16,-15,15,-13,13,-16,16,-15,16,-16,15,-18,16,-17,15,-18,15,-18,16,-18,16,-19,15,-20,17,-19,16,-20,17,-21,16,-23,16,-19,16,-21,17,-25,17,-23,20,-25,20,-24,18,-25,20,-25,20,-26,0,0,0,0,0,0,-26,-23,-23,-20,-26,-21,-24,-20,-24,-19,-23,-23,-24,-20,-24,-23,-23,-18,-24,-21,-21,-21,-23,-19,-21,-19,-23,-17,-23,-18,-24,-17,-24,-17,-20,-15,-21,-17,-23,-18,-24,-18,-24,-13,-24,-17,-24,-17,-25,-15,-20,-17,-23,-13,-25,-13,-25,-15,-26,-16,-24,-16,-24,-13,-23,-17,-26,-16,-21,-15,-24,-18,-25,-17,-23,-17,-23,-17,-19,-18,-20,-19,-19,-19,-18,-20,-17,-19,-18,-18,-13,-20,-15,-20,-15,-17,-11,-20,-11,-20,-9,-18,-6,-18,-5,-18,-5,-16,-4,-19,-4,-17,-2,-17,0,0,0,0,0,0,0,0,0,0]"""
1782031936441,2026-06-21T17:52:16.441,safe,posture,mhw,standing_still,t017,"CSI_DATA,535455,1a:00:00:00:00:00,-44,11,-99,17,29,11,522220694,47,2,256,0,""[0,0,0,0,0,0,0,0,0,0,0,0,-7,1,-6,1,-6,1,-7,2,-7,2,-6,1,-8,1,-8,2,-10,3,-10,3,-11,2,-12,4,-12,3,-13,2,-14,3,-14,3,-14,4,-16,3,-14,3,-13,3,-14,1,-16,6,-17,3,-15,4,-17,5,-17,3,-19,4,-20,7,-19,7,-19,7,-20,7,-17,8,-17,10,-16,12,-17,12,-19,13,-17,13,-19,12,-17,13,-19,15,-17,16,-16,19,-16,20,-15,20,-15,20,-14,19,-13,22,-13,21,-13,26,-15,25,-13,24,-16,26,-14,29,-14,28,-13,29,-12,31,-15,29,0,0,0,0,0,0,32,12,30,12,29,11,31,10,30,10,30,12,30,6,32,7,29,8,29,6,29,4,28,4,32,1,29,3,29,5,29,3,28,2,29,1,31,0,28,-5,29,-5,28,-3,26,-4,25,-5,25,-5,28,-10,28,-7,24,-6,28,-7,25,-7,29,-6,30,-11,25,-11,26,-13,25,-10,28,-11,24,-11,23,-12,26,-11,25,-12,26,-11,24,-10,25,-8,24,-8,24,-8,22,-8,22,-7,24,-6,22,-4,19,-6,21,-5,21,-6,22,-4,19,-3,17,-2,19,0,20,1,0,0,0,0,0,0,0,0,0,0]"""
1782031936452,2026-06-21T17:52:16.452,safe,posture,mhw,standing_still,t017,"CSI_DATA,535456,1a:00:00:00:00:00,-44,11,-99,18,29,11,522231694,47,2,256,0,""[0,0,0,0,0,0,0,0,0,0,0,0,-4,-2,-5,-4,-3,-2,-6,-6,-6,-4,-5,-7,-6,-6,-4,-7,-7,-9,-5,-7,-8,-9,-6,-9,-7,-9,-6,-9,-6,-13,-5,-10,-8,-11,-8,-14,-7,-15,-5,-17,-3,-17,-5,-16,-2,-17,-6,-17,-3,-18,-5,-17,-3,-17,-4,-20,-4,-15,-6,-18,-5,-17,-5,-23,-2,-21,-4,-19,-4,-21,-3,-20,-4,-19,-6,-21,-6,-21,-6,-19,-4,-21,-10,-19,-9,-23,-7,-25,-9,-30,-5,-23,-9,-26,-2,-28,-6,-25,-7,-27,-13,-29,-10,-27,-9,-30,-6,-30,-13,-31,-8,-32,-7,-31,0,0,0,0,0,0,-34,6,-30,6,-37,3,-33,3,-27,3,-35,3,-27,3,-33,4,-27,4,-34,1,-34,0,-27,-3,-30,3,-27,-1,-30,1,-30,3,-29,3,-26,3,-30,0,-23,6,-28,5,-28,4,-30,3,-29,1,-27,1,-26,0,-25,0,-28,3,-28,1,-28,2,-25,0,-31,0,-25,3,-30,3,-27,1,-37,-1,-29,-5,-28,-4,-28,-7,-25,-4,-22,-6,-28,-3,-26,-6,-21,-5,-21,-8,-22,-4,-25,-7,-21,-10,-25,-15,-16,-11,-15,-15,-13,-15,-14,-13,-11,-17,-13,-11,-11,-11,-7,-15,0,0,0,0,0,0,0,0,0,0]"""
1782031936461,2026-06-21T17:52:16.461,safe,posture,mhw,standing_still,t017,"CSI_DATA,535457,1a:00:00:00:00:00,-44,11,-99,17,29,11,522242694,47,2,256,0,""[0,0,0,0,0,0,0,0,0,0,0,0,-4,4,-5,5,-4,4,-5,6,-4,5,-7,6,-6,7,-7,5,-7,7,-7,5,-8,7,-8,7,-8,10,-8,10,-12,10,-8,7,-12,12,-11,8,-13,12,-12,12,-10,6,-14,12,-13,8,-14,11,-15,12,-14,12,-15,12,-17,12,-12,12,-15,14,-14,11,-17,16,-15,14,-14,15,-14,15,-13,16,-12,15,-11,20,-12,17,-10,17,-15,20,-6,20,-10,25,-12,22,-13,28,-13,21,-10,25,-13,24,-10,24,-11,24,-7,30,-5,30,-11,32,-7,26,-6,31,-8,35,-7,32,0,0,0,0,0,0,35,11,26,7,39,8,32,10,25,6,35,8,26,5,33,6,28,5,34,6,32,5,28,6,30,3,24,3,31,1,29,0,31,0,26,-2,30,2,22,-3,30,-5,26,-1,32,-4,29,-3,28,-2,29,-5,24,-3,28,-7,29,-7,28,-7,26,-6,31,-6,21,-8,28,-11,25,-6,33,-11,30,-4,28,-8,29,-5,26,-5,23,-5,29,-7,25,-7,23,-5,26,-4,21,-6,26,-4,23,-1,30,-1,21,0,22,0,19,4,19,1,19,2,17,3,17,2,17,6,0,0,0,0,0,0,0,0,0,0]"""
1782031936472,2026-06-21T17:52:16.472,safe,posture,mhw,standing_still,t017,"CSI_DATA,535458,1a:00:00:00:00:00,-44,11,-99,21,28,11,522253694,47,2,256,0,""[0,0,0,0,0,0,0,0,0,0,0,0,1,5,2,5,2,7,2,5,2,6,2,8,1,7,2,8,2,10,3,12,2,12,2,12,4,12,2,13,1,12,2,16,2,14,0,16,0,15,2,13,2,15,3,16,1,19,1,19,1,19,2,20,1,20,3,17,1,23,2,19,3,19,2,17,5,21,3,19,5,20,6,20,7,23,5,22,6,21,7,22,10,21,8,23,7,23,10,21,8,20,16,22,11,24,16,23,14,24,14,25,12,24,13,26,13,26,16,29,15,28,16,25,20,29,0,0,0,0,0,0,29,-17,30,-22,26,-17,25,-21,31,-20,26,-15,28,-17,24,-17,26,-19,24,-16,22,-19,24,-19,23,-19,23,-23,22,-16,21,-20,22,-21,22,-20,16,-19,23,-22,17,-19,20,-23,15,-21,15,-22,16,-24,16,-21,17,-26,14,-25,15,-23,15,-25,15,-25,12,-23,20,-25,16,-22,14,-23,14,-20,15,-26,16,-23,13,-24,17,-24,16,-22,19,-21,19,-21,19,-20,16,-20,21,-19,19,-15,17,-17,15,-13,19,-15,16,-11,14,-13,17,-12,15,-11,19,-7,17,-6,15,-5,0,0,0,0,0,0,0,0,0,0]"""
1782031936484,2026-06-21T17:52:16.484,safe,posture,mhw,standing_still,t017,"CSI_DATA,535459,1a:00:00:00:00:00,-44,11,-99,18,29,11,522264694,47,2,256,0,""[0,0,0,0,0,0,0,0,0,0,0,0,3,-6,1,-6,1,-8,1,-5,2,-8,3,-7,1,-7,1,-9,1,-9,0,-10,3,-9,1,-11,1,-10,3,-13,3,-14,1,-15,2,-14,2,-16,1,-14,4,-14,3,-16,0,-17,0,-19,1,-17,-1,-19,0,-19,-1,-21,0,-20,0,-20,-2,-19,-2,-19,-4,-18,-6,-17,-6,-19,-8,-20,-9,-22,-9,-20,-8,-19,-10,-19,-13,-20,-13,-19,-15,-19,-16,-19,-18,-19,-14,-15,-17,-15,-20,-16,-23,-14,-26,-15,-26,-15,-20,-15,-26,-17,-28,-17,-27,-14,-28,-17,-27,-11,-31,-10,0,0,0,0,0,0,-10,31,-11,34,-8,29,-7,32,-8,35,-9,30,-5,32,-5,30,-5,32,-1,27,2,28,1,29,5,31,4,31,0,28,4,29,8,29,6,28,6,28,9,28,10,23,9,27,10,20,13,21,14,23,17,23,17,23,14,23,17,23,19,21,18,23,21,21,21,23,21,19,19,20,18,17,21,17,22,17,23,17,23,19,21,19,18,18,20,18,20,19,18,18,20,17,17,17,20,16,14,14,16,14,15,14,16,13,17,14,15,15,10,13,11,13,10,15,0,0,0,0,0,0,0,0,0,0]"""
1782031936494,2026-06-21T17:52:16.494,safe,posture,mhw,standing_still,t017,"CSI_DATA,535460,1a:00:00:00:00:00,-44,11,-99,16,29,11,522275694,47,2,256,0,""[0,0,0,0,0,0,0,0,0,0,0,0,6,-1,5,0,8,-1,6,1,8,1,9,1,9,0,8,2,10,2,9,1,12,1,11,2,11,1,11,2,12,2,12,4,15,3,17,2,16,4,16,6,15,6,15,6,16,6,19,5,16,5,17,5,17,5,18,5,16,6,19,5,18,6,23,8,21,8,19,6,20,6,19,5,21,6,24,3,20,4,21,4,21,2,23,3,23,3,26,2,28,3,27,4,26,3,26,3,25,3,28,2,31,0,27,0,31,1,31,4,33,2,33,3,35,0,0,0,0,0,0,0,5,-32,2,-31,1,-36,4,-33,3,-30,3,-33,2,-31,3,-32,3,-32,4,-33,3,-32,4,-28,4,-27,2,-28,0,-31,0,-28,-2,-30,0,-26,0,-26,1,-26,-2,-28,-2,-26,-2,-28,-1,-30,-3,-27,0,-26,-2,-26,-5,-28,-2,-28,-4,-28,-2,-27,-3,-27,-3,-28,-3,-30,-3,-28,0,-33,0,-31,0,-28,1,-27,2,-25,2,-26,1,-28,3,-27,2,-24,3,-24,4,-23,5,-23,5,-24,9,-23,9,-20,10,-19,9,-18,9,-18,11,-18,10,-17,9,-13,11,-13,0,0,0,0,0,0,0,0,0,0]"""
1782031936506,2026-06-21T17:52:16.506,safe,posture,mhw,standing_still,t017,"CSI_DATA,535461,1a:00:00:00:00:00,-44,11,-99,16,29,11,522287077,47,2,256,0,""[0,0,0,0,0,0,0,0,0,0,0,0,-1,-5,-1,-8,0,-6,-1,-8,-1,-6,-1,-9,-1,-10,-1,-9,-2,-10,0,-9,-2,-11,-2,-12,-2,-12,-2,-12,-2,-15,-2,-11,-4,-17,-3,-12,-2,-17,-1,-17,1,-13,-4,-17,-2,-16,-6,-18,-5,-18,-5,-17,-5,-16,-5,-18,-6,-15,-10,-18,-6,-16,-10,-21,-8,-18,-8,-19,-8,-19,-8,-18,-10,-15,-16,-16,-13,-16,-13,-15,-15,-18,-16,-11,-21,-15,-19,-15,-24,-21,-18,-18,-20,-16,-20,-19,-20,-12,-24,-15,-28,-11,-27,-8,-30,-15,-27,-15,-31,-8,-31,-11,-28,-12,0,0,0,0,0,0,-11,32,-11,25,-10,36,-9,31,-8,26,-9,33,-3,28,-4,34,-3,26,-5,34,-4,32,-6,27,-2,28,-3,26,2,31,2,30,3,27,4,25,2,28,6,24,10,28,8,27,8,31,5,31,6,27,8,27,8,25,13,24,13,26,13,24,12,23,13,28,15,19,18,21,16,24,20,31,12,26,15,25,12,27,11,23,12,23,17,23,15,21,16,19,11,23,15,19,16,21,11,20,11,25,8,18,8,21,4,20,8,17,2,18,8,19,5,17,3,18,0,0,0,0,0,0,0,0,0,0]"""
1782031936518,2026-06-21T17:52:16.518,safe,posture,mhw,standing_still,t017,"CSI_DATA,535462,1a:00:00:00:00:00,-44,11,-99,18,29,11,522297694,47,2,256,0,""[0,0,0,0,0,0,0,0,0,0,0,0,6,1,7,0,5,1,7,2,6,1,7,2,9,1,7,1,10,2,9,4,11,1,11,1,13,2,14,3,15,3,11,2,15,2,15,2,16,2,18,5,17,5,17,2,17,3,17,2,19,2,18,1,17,2,21,4,18,0,20,0,21,1,25,0,20,2,21,0,20,-1,21,-2,19,-3,21,-6,20,-4,21,-7,23,-5,20,-8,23,-11,25,-10,26,-13,23,-7,22,-13,25,-10,22,-13,26,-15,22,-18,22,-18,27,-17,26,-17,23,-23,25,-20,25,-18,0,0,0,0,0,0,-23,-27,-19,-23,-23,-27,-21,-26,-20,-21,-25,-22,-20,-18,-25,-22,-21,-18,-23,-21,-22,-19,-19,-18,-25,-17,-22,-18,-23,-15,-27,-14,-27,-11,-22,-11,-27,-14,-23,-7,-28,-7,-26,-10,-28,-8,-26,-10,-25,-9,-28,-6,-26,-6,-28,-4,-29,-4,-28,-2,-26,-3,-31,-6,-27,1,-29,0,-29,-3,-33,-3,-27,-6,-27,-2,-28,-5,-27,-4,-26,-3,-28,0,-27,-2,-25,-2,-25,-5,-23,-2,-26,-3,-22,-4,-25,-6,-19,-6,-21,-6,-17,-10,-18,-6,-16,-7,-19,-6,-15,-5,-16,-8,0,0,0,0,0,0,0,0,0,0]"""
1782031936529,2026-06-21T17:52:16.529,safe,posture,mhw,standing_still,t017,"CSI_DATA,535463,1a:00:00:00:00:00,-44,11,-99,18,29,11,522308694,47,2,256,0,""[0,0,0,0,0,0,0,0,0,0,0,0,-6,3,-6,1,-6,2,-7,1,-8,2,-7,1,-7,2,-8,1,-10,1,-10,0,-10,0,-11,0,-14,0,-15,-1,-14,-2,-14,0,-15,0,-16,-2,-16,-2,-13,-4,-15,-4,-18,-3,-18,-4,-17,-5,-18,-7,-18,-5,-18,-8,-17,-7,-18,-5,-17,-5,-19,-7,-19,-5,-19,-5,-18,-7,-20,-7,-21,-5,-20,-6,-19,-7,-19,-7,-21,-8,-23,-9,-23,-5,-25,-6,-25,-6,-21,-5,-22,-6,-27,-5,-27,-6,-27,-6,-28,-8,-27,-8,-30,-9,-30,-10,-29,-8,-30,-9,-30,-14,-31,-11,0,0,0,0,0,0,-19,32,-17,31,-15,28,-15,30,-16,30,-17,26,-16,27,-16,27,-17,25,-15,25,-15,25,-15,22,-15,28,-16,25,-17,22,-16,25,-16,25,-16,23,-17,23,-14,26,-11,26,-17,26,-13,21,-13,21,-15,22,-14,26,-16,23,-14,21,-17,25,-14,23,-17,25,-17,25,-16,23,-15,25,-19,23,-16,21,-17,20,-17,21,-19,22,-20,21,-21,19,-20,16,-21,17,-20,15,-21,14,-21,15,-20,11,-22,11,-20,6,-19,7,-20,7,-19,5,-19,6,-20,2,-17,1,-17,-1,-17,-2,0,0,0,0,0,0,0,0,0,0]"""
1782031936539,2026-06-21T17:52:16.539,safe,posture,mhw,standing_still,t017,"CSI_DATA,535464,1a:00:00:00:00:00,-44,11,-99,17,29,11,522319694,47,2,256,0,""[0,0,0,0,0,0,0,0,0,0,0,0,4,-5,5,-5,5,-3,5,-5,5,-4,7,-5,7,-5,8,-3,10,-6,7,-4,10,-4,11,-5,11,-4,15,-4,14,-3,14,-4,14,-3,15,-2,14,-2,17,-3,17,-3,17,-1,16,-1,16,0,19,3,17,0,20,2,21,2,19,0,20,-1,20,1,20,0,21,2,21,1,21,2,23,1,20,0,22,1,22,1,22,1,23,3,23,-1,24,1,25,2,25,1,23,1,26,-2,25,3,29,0,28,2,30,2,31,3,31,4,28,4,32,2,33,5,31,6,0,0,0,0,0,0,8,-34,10,-30,11,-31,10,-31,11,-29,14,-30,11,-26,12,-30,12,-29,12,-28,12,-28,11,-24,12,-31,12,-26,13,-24,12,-28,11,-26,13,-25,15,-26,8,-25,8,-26,11,-26,10,-25,11,-24,12,-22,12,-26,13,-24,12,-24,14,-25,12,-24,14,-23,16,-26,12,-24,15,-25,16,-23,16,-25,16,-21,16,-23,20,-21,20,-21,19,-19,20,-17,20,-16,20,-15,22,-13,21,-14,23,-13,22,-11,22,-10,17,-6,21,-7,21,-4,20,-4,20,-2,19,0,16,2,19,1,0,0,0,0,0,0,0,0,0,0]"""
1782031936550,2026-06-21T17:52:16.550,safe,posture,mhw,standing_still,t017,"CSI_DATA,535465,1a:00:00:00:00:00,-44,11,-99,16,29,11,522331191,47,2,256,0,""[0,0,0,0,0,0,0,0,0,0,0,0,3,-6,4,-5,3,-8,5,-5,4,-8,3,-5,5,-6,5,-8,6,-5,6,-8,8,-6,9,-8,10,-9,10,-9,9,-8,15,-8,11,-6,15,-8,13,-5,12,-6,15,-10,16,-5,18,-6,17,-6,19,-4,18,-5,18,-4,17,-5,21,-3,18,-2,19,-3,18,-2,19,-5,20,-3,20,-4,20,-3,21,-4,21,-3,23,-3,26,-4,21,-3,26,-2,25,-1,24,-5,21,-1,27,-5,25,-2,25,-6,27,-3,27,-3,27,1,28,-1,30,1,33,0,32,1,31,2,35,-1,0,0,0,0,0,0,4,-31,6,-35,4,-31,5,-32,8,-36,6,-28,9,-33,8,-30,10,-32,9,-26,9,-27,8,-31,10,-27,9,-31,8,-27,9,-26,9,-28,10,-26,9,-25,12,-28,9,-25,9,-27,8,-23,9,-25,10,-28,10,-24,11,-26,9,-25,12,-25,11,-25,13,-27,11,-25,17,-25,16,-23,16,-23,16,-23,16,-25,18,-20,16,-21,20,-20,21,-20,21,-17,23,-16,23,-16,20,-13,25,-11,20,-10,21,-11,18,-5,21,-6,19,-4,19,-5,21,-1,21,-2,19,1,17,2,18,4,0,0,0,0,0,0,0,0,0,0]"""
1782031936560,2026-06-21T17:52:16.560,safe,posture,mhw,standing_still,t017,"CSI_DATA,535466,1a:00:00:00:00:00,-44,11,-99,16,29,11,522341694,47,2,256,0,""[0,0,0,0,0,0,0,0,0,0,0,0,0,5,1,5,0,6,-1,8,0,8,-1,8,0,9,-1,10,0,10,-1,10,-1,12,0,12,-1,11,1,13,-1,13,-3,13,-2,16,-2,16,-3,16,-4,13,-5,16,-3,17,-5,17,-2,19,-4,17,-3,18,-4,18,-4,19,-6,19,-5,20,-4,19,-5,20,-4,20,-4,20,-3,20,-3,19,-2,18,-2,23,-2,23,-2,23,-1,24,-2,24,-2,25,1,24,-1,26,0,28,0,26,2,25,1,26,0,28,1,30,1,28,2,32,-1,33,0,33,2,33,3,31,0,0,0,0,0,0,31,0,31,-1,34,-4,34,-1,30,-1,32,-1,32,0,33,-1,31,-2,33,1,31,-2,30,-2,28,-3,28,-5,28,-5,26,-4,30,-6,27,-4,27,-4,27,-5,28,-8,26,-6,27,-8,28,-8,26,-9,25,-5,26,-9,27,-11,27,-9,26,-11,26,-9,26,-11,26,-8,28,-10,26,-10,31,-6,28,-9,27,-8,26,-9,26,-5,26,-6,27,-4,28,-4,26,-5,25,-4,26,0,25,1,23,-2,23,1,24,1,20,3,20,2,19,4,19,3,19,4,17,4,17,6,0,0,0,0,0,0,0,0,0,0]"""
1782031936574,2026-06-21T17:52:16.574,safe,posture,mhw,standing_still,t017,"CSI_DATA,535467,1a:00:00:00:00:00,-44,11,-99,16,29,11,522352694,47,2,256,0,""[0,0,0,0,0,0,0,0,0,0,0,0,2,-5,2,-5,3,-6,2,-5,3,-8,3,-6,3,-6,4,-9,5,-8,4,-11,5,-10,4,-10,6,-10,6,-11,6,-11,8,-12,9,-12,9,-12,10,-11,10,-13,9,-18,10,-11,11,-15,11,-12,11,-13,11,-16,12,-12,10,-15,16,-15,12,-15,12,-16,11,-15,13,-17,12,-16,12,-17,12,-17,13,-17,13,-18,13,-18,12,-20,10,-19,16,-19,13,-18,12,-21,12,-18,11,-25,12,-21,10,-26,13,-25,12,-25,15,-26,15,-25,13,-24,15,-28,16,-28,13,-26,15,-31,0,0,0,0,0,0,-28,-15,-27,-17,-27,-13,-31,-16,-27,-18,-25,-15,-30,-19,-27,-17,-28,-17,-25,-18,-25,-12,-30,-13,-25,-13,-27,-12,-27,-12,-25,-12,-27,-10,-25,-11,-24,-9,-26,-12,-26,-9,-26,-10,-24,-8,-27,-8,-30,-8,-25,-9,-28,-8,-27,-8,-27,-10,-27,-6,-26,-10,-26,-5,-28,-12,-28,-9,-26,-9,-26,-11,-30,-10,-26,-10,-26,-9,-24,-13,-24,-12,-23,-13,-24,-15,-23,-15,-20,-13,-19,-16,-17,-16,-19,-15,-17,-15,-18,-15,-15,-15,-16,-13,-10,-16,-11,-18,-9,-15,-6,-16,-5,-16,0,0,0,0,0,0,0,0,0,0]"""
1782031936583,2026-06-21T17:52:16.583,safe,posture,mhw,standing_still,t017,"CSI_DATA,535468,1a:00:00:00:00:00,-44,11,-99,16,29,11,522363694,47,2,256,0,""[0,0,0,0,0,0,0,0,0,0,0,0,4,3,5,3,5,3,6,4,8,5,5,6,6,4,6,5,9,8,5,9,6,9,6,10,9,11,10,10,6,12,9,10,9,12,8,13,8,12,11,16,11,15,10,17,8,15,8,16,11,17,9,17,8,16,8,19,9,16,10,17,8,17,11,18,6,18,10,18,11,19,11,18,10,18,11,18,11,17,12,19,11,23,13,17,13,18,13,21,16,20,13,17,17,21,16,23,17,20,18,23,18,23,20,23,20,27,19,25,18,24,20,27,19,25,0,0,0,0,0,0,30,-17,28,-17,30,-18,30,-13,27,-15,30,-13,24,-16,28,-16,27,-12,27,-13,24,-17,25,-13,26,-18,25,-13,25,-13,23,-17,25,-17,25,-16,27,-15,20,-17,21,-18,24,-15,21,-17,21,-16,23,-13,23,-18,21,-16,23,-16,23,-17,23,-18,23,-17,25,-17,20,-17,23,-17,24,-16,24,-18,24,-13,24,-15,25,-12,26,-13,24,-12,25,-11,25,-11,24,-9,26,-6,23,-8,24,-6,24,-3,24,-3,20,-1,21,-2,20,0,19,0,19,1,18,5,18,4,18,4,0,0,0,0,0,0,0,0,0,0]"""
1782031936594,2026-06-21T17:52:16.594,safe,posture,mhw,standing_still,t017,"CSI_DATA,535469,1a:00:00:00:00:00,-44,11,-99,16,29,11,522375058,47,2,256,0,""[0,0,0,0,0,0,0,0,0,0,0,0,5,-3,6,-1,6,-3,6,-3,6,-3,8,-1,9,-3,10,-3,10,-3,10,-3,11,-3,11,-3,13,-3,12,-3,13,-1,17,1,16,-1,15,0,15,1,16,-2,17,-3,16,0,18,1,17,0,18,2,18,1,19,1,18,2,19,5,19,2,19,2,20,3,21,2,20,2,20,2,21,3,21,1,23,2,24,3,24,1,23,-1,24,3,24,3,24,-2,23,2,27,0,26,1,26,-2,27,1,28,0,28,1,30,3,31,2,32,3,32,3,32,2,32,4,0,0,0,0,0,0,5,-31,5,-35,4,-33,5,-32,6,-32,6,-31,9,-33,8,-30,8,-31,9,-30,6,-30,5,-28,8,-27,6,-31,6,-28,4,-28,4,-30,4,-27,5,-26,6,-30,5,-27,5,-28,4,-26,4,-26,4,-30,6,-26,4,-28,2,-28,5,-28,3,-30,5,-28,4,-26,9,-27,8,-28,6,-26,9,-27,6,-31,10,-27,8,-27,12,-25,11,-25,13,-25,15,-24,12,-23,12,-21,17,-19,18,-18,15,-19,15,-15,17,-17,15,-15,15,-13,16,-11,18,-11,16,-8,15,-6,16,-6,0,0,0,0,0,0,0,0,0,0]"""
1782031936605,2026-06-21T17:52:16.605,safe,posture,mhw,standing_still,t017,"CSI_DATA,535470,1a:00:00:00:00:00,-44,11,-99,16,29,11,522385694,47,2,256,0,""[0,0,0,0,0,0,0,0,0,0,0,0,5,-2,6,-1,5,-2,8,-1,8,-1,10,0,10,0,6,-1,11,-1,10,0,11,0,10,1,13,1,12,2,13,4,12,1,16,3,16,2,16,2,16,9,17,8,16,5,12,6,17,5,19,8,16,6,15,9,17,10,16,5,18,8,19,8,23,10,17,11,17,12,19,12,19,11,18,9,21,8,19,9,18,8,20,11,19,5,24,9,25,9,26,13,20,13,26,11,24,15,23,11,26,13,28,12,27,11,30,15,26,17,31,13,30,18,27,18,0,0,0,0,0,0,20,-25,18,-26,20,-28,19,-24,18,-21,23,-26,16,-23,21,-27,17,-21,21,-26,23,-21,21,-17,20,-23,19,-17,20,-21,19,-23,20,-23,17,-20,21,-21,15,-19,18,-25,17,-20,20,-25,21,-20,18,-18,18,-20,18,-18,19,-23,19,-21,18,-23,19,-19,23,-20,16,-20,18,-24,20,-20,25,-21,24,-16,23,-16,25,-13,23,-13,23,-12,24,-17,24,-12,21,-11,25,-9,19,-11,24,-10,24,-5,26,-3,21,-2,21,-2,19,0,19,1,19,3,19,1,17,3,17,5,0,0,0,0,0,0,0,0,0,0]"""
1782031936617,2026-06-21T17:52:16.617,safe,posture,mhw,standing_still,t017,"CSI_DATA,535471,1a:00:00:00:00:00,-44,11,-99,16,29,11,522396694,47,2,256,0,""[0,0,0,0,0,0,0,0,0,0,0,0,-4,2,-6,2,-6,2,-6,2,-8,3,-9,1,-10,1,-8,0,-10,2,-9,1,-12,1,-13,0,-12,1,-12,0,-15,-2,-12,-1,-16,0,-15,-1,-18,-4,-16,-3,-11,-4,-18,-4,-13,-6,-17,-4,-18,-5,-18,-5,-17,-6,-18,-9,-16,-4,-19,-6,-18,-8,-23,-9,-17,-11,-18,-8,-18,-10,-17,-9,-18,-8,-23,-5,-21,-8,-18,-6,-20,-11,-21,-3,-25,-6,-23,-10,-28,-15,-20,-12,-24,-12,-23,-16,-21,-9,-27,-13,-31,-11,-28,-11,-27,-17,-26,-15,-28,-12,-30,-15,-27,-16,0,0,0,0,0,0,-21,30,-17,24,-21,31,-21,24,-18,19,-24,25,-18,20,-24,26,-18,21,-26,23,-25,21,-21,16,-20,23,-21,15,-20,20,-21,19,-19,20,-19,18,-25,19,-15,18,-19,24,-18,18,-23,21,-24,17,-19,15,-20,19,-19,13,-19,20,-21,17,-20,19,-19,17,-26,17,-18,17,-23,19,-23,17,-31,17,-27,11,-25,12,-28,10,-23,9,-25,6,-26,11,-25,8,-21,6,-25,4,-23,6,-26,5,-25,1,-27,-1,-19,-3,-20,-1,-20,-6,-17,-5,-17,-6,-18,-5,-17,-6,-15,-10,0,0,0,0,0,0,0,0,0,0]"""
1782031936626,2026-06-21T17:52:16.626,safe,posture,mhw,standing_still,t017,"CSI_DATA,535472,1a:00:00:00:00:00,-44,11,-99,16,29,11,522407694,47,2,256,0,""[0,0,0,0,0,0,0,0,0,0,0,0,3,5,4,6,3,4,4,6,4,6,4,8,4,6,4,8,5,9,5,8,6,9,5,11,4,11,4,12,6,16,5,11,5,13,5,13,6,15,5,18,5,17,6,16,5,16,6,16,9,18,8,16,6,17,5,20,8,16,9,19,8,18,9,20,8,19,10,19,10,19,11,19,10,17,12,18,12,17,13,18,12,20,15,13,18,18,16,20,19,20,15,18,19,20,18,20,19,18,20,20,24,20,23,18,24,23,23,20,26,20,26,24,24,21,0,0,0,0,0,0,26,-25,21,-23,24,-27,25,-21,19,-19,24,-25,18,-23,23,-25,19,-20,23,-24,20,-23,19,-20,17,-23,17,-21,17,-23,16,-24,15,-26,13,-24,17,-25,11,-23,11,-26,13,-24,13,-27,12,-25,13,-23,11,-25,12,-24,9,-26,10,-27,9,-26,10,-25,12,-28,8,-24,8,-28,11,-25,11,-31,13,-25,10,-26,13,-26,13,-26,12,-23,11,-25,11,-24,10,-23,16,-21,11,-20,13,-21,17,-20,18,-19,15,-15,15,-15,15,-13,15,-16,15,-11,16,-11,15,-11,15,-9,0,0,0,0,0,0,0,0,0,0]"""
1782031936639,2026-06-21T17:52:16.639,safe,posture,mhw,standing_still,t017,"CSI_DATA,535473,1a:00:00:00:00:00,-44,11,-99,15,29,11,522419762,47,2,256,0,""[0,0,0,0,0,0,0,0,0,0,0,0,-5,-2,-4,-1,-8,-3,-7,-1,-8,-2,-7,-2,-8,-3,-10,-2,-9,-3,-11,-3,-10,-3,-11,-2,-10,-3,-13,-2,-9,-3,-16,-4,-14,-3,-17,-5,-15,-3,-15,-2,-17,-1,-16,-4,-17,-1,-17,-3,-19,-3,-19,-2,-19,-3,-19,-1,-22,-2,-20,0,-21,1,-19,1,-22,3,-19,1,-21,3,-22,3,-22,4,-20,7,-22,7,-23,9,-19,10,-24,11,-21,10,-20,14,-19,10,-20,17,-21,14,-20,19,-21,17,-22,20,-20,19,-22,20,-21,21,-22,26,-22,24,-20,24,-16,29,0,0,0,0,0,0,27,17,32,21,24,13,30,14,33,16,27,14,34,15,27,11,33,11,27,9,28,10,32,7,30,5,32,3,29,3,27,2,30,2,30,0,26,0,33,-1,26,-4,29,-3,23,-5,27,-7,28,-7,27,-8,29,-9,27,-9,28,-10,27,-13,27,-13,22,-15,30,-13,24,-13,24,-14,21,-11,24,-17,23,-13,23,-17,24,-15,24,-16,22,-14,24,-13,24,-15,21,-14,23,-14,20,-9,21,-14,16,-8,22,-10,17,-9,19,-11,17,-8,19,-8,17,-8,16,-5,16,-4,0,0,0,0,0,0,0,0,0,0]"""
1782031936649,2026-06-21T17:52:16.649,safe,posture,mhw,standing_still,t017,"CSI_DATA,535474,1a:00:00:00:00:00,-44,11,-99,17,29,11,522429694,47,2,256,0,""[0,0,0,0,0,0,0,0,0,0,0,0,5,2,6,3,5,3,7,4,8,2,8,4,8,6,5,4,10,5,6,7,10,6,10,6,12,7,8,8,12,10,8,8,11,10,13,10,13,13,10,14,7,15,12,11,8,15,14,14,12,14,13,15,10,14,12,16,12,13,15,15,13,14,16,19,12,19,12,16,13,17,13,14,12,13,16,14,15,15,15,12,17,16,17,11,21,14,21,16,24,21,17,19,22,16,20,20,19,15,22,16,26,17,25,15,25,20,23,19,28,16,26,21,24,20,0,0,0,0,0,0,23,-25,17,-24,23,-31,22,-23,17,-20,22,-25,16,-22,22,-26,19,-23,24,-24,22,-23,20,-19,19,-20,19,-20,17,-24,17,-24,16,-24,14,-21,17,-23,13,-20,14,-25,12,-23,16,-26,19,-24,15,-21,14,-21,14,-21,12,-28,14,-25,14,-24,12,-21,16,-23,10,-22,13,-28,14,-24,20,-31,20,-22,16,-22,20,-21,16,-19,17,-19,16,-24,17,-20,15,-16,19,-17,14,-16,19,-17,19,-15,22,-15,19,-7,19,-11,20,-5,19,-6,17,-5,19,-8,15,-5,16,-3,0,0,0,0,0,0,0,0,0,0]"""
1782031936661,2026-06-21T17:52:16.661,safe,posture,mhw,standing_still,t017,"CSI_DATA,535475,1a:00:00:00:00:00,-44,11,-99,16,29,11,522440694,47,2,256,0,""[0,0,0,0,0,0,0,0,0,0,0,0,5,1,5,1,6,2,8,2,9,2,9,1,8,2,10,2,9,2,10,1,11,1,10,1,12,1,12,2,11,2,15,3,16,3,15,2,16,2,18,3,19,1,15,3,17,1,18,2,18,1,19,0,19,2,19,0,20,3,20,1,19,-1,20,-1,23,-2,20,-2,20,-4,20,-2,21,-4,21,-6,21,-6,21,-8,19,-10,24,-9,24,-9,21,-10,20,-10,23,-16,24,-12,21,-16,24,-16,24,-16,25,-18,23,-16,25,-19,25,-21,24,-19,23,-20,24,-23,0,0,0,0,0,0,-24,-23,-24,-23,-26,-21,-25,-20,-27,-20,-24,-20,-26,-19,-27,-18,-26,-17,-25,-17,-25,-17,-26,-13,-23,-12,-27,-11,-28,-11,-26,-10,-30,-8,-26,-8,-25,-6,-28,-9,-28,-6,-27,-5,-28,-4,-28,-4,-30,-2,-26,-4,-28,-1,-27,1,-28,1,-28,2,-27,2,-26,4,-30,-1,-28,2,-27,4,-28,1,-30,4,-28,2,-28,3,-28,0,-27,2,-27,1,-27,1,-24,3,-25,2,-26,0,-24,-1,-24,2,-21,1,-25,0,-21,-3,-20,-1,-18,-3,-19,-2,-16,-4,-16,-3,-15,-4,0,0,0,0,0,0,0,0,0,0]"""
1782031936671,2026-06-21T17:52:16.671,safe,posture,mhw,standing_still,t017,"CSI_DATA,535476,1a:00:00:00:00:00,-44,11,-99,17,29,11,522451694,47,2,256,0,""[0,0,0,0,0,0,0,0,0,0,0,0,5,2,5,3,6,1,7,3,7,2,7,5,7,4,6,4,10,4,7,6,8,6,10,8,10,7,10,8,11,10,8,6,11,11,11,13,11,11,10,13,11,14,12,13,10,14,10,14,11,14,10,15,8,16,10,19,11,15,11,17,11,17,12,17,10,17,12,16,12,19,13,19,11,19,13,17,13,16,13,17,13,20,14,16,16,21,14,20,15,20,14,17,17,19,19,21,19,21,17,23,17,23,20,23,20,29,19,24,19,23,20,26,19,25,0,0,0,0,0,0,30,-17,30,-14,30,-16,31,-14,28,-14,30,-13,26,-12,32,-14,28,-13,28,-13,26,-14,28,-11,28,-15,26,-10,25,-10,26,-13,24,-15,26,-12,28,-11,22,-14,24,-15,26,-12,23,-14,24,-12,23,-12,24,-15,25,-12,24,-12,26,-15,24,-13,24,-11,28,-12,24,-13,26,-14,28,-11,29,-12,25,-10,28,-12,29,-8,29,-7,25,-6,28,-5,28,-4,26,-3,26,-2,22,-2,23,-1,24,0,23,2,21,2,21,3,19,5,20,5,19,6,15,7,15,8,14,11,0,0,0,0,0,0,0,0,0,0]"""
1782031936683,2026-06-21T17:52:16.683,safe,posture,mhw,standing_still,t017,"CSI_DATA,535477,1a:00:00:00:00:00,-44,11,-99,17,29,11,522462694,47,2,256,0,""[0,0,0,0,0,0,0,0,0,0,0,0,6,0,7,0,8,-1,6,0,8,1,8,1,6,1,10,1,10,1,12,1,11,1,11,1,12,1,13,1,12,2,15,2,14,2,17,2,15,2,14,5,19,4,15,1,20,1,17,1,19,2,19,1,19,1,16,0,23,2,17,1,20,2,17,0,21,-2,21,0,21,-2,20,-2,24,-3,22,-2,24,-4,24,-5,20,-6,25,-5,23,-4,24,-8,20,-5,25,-11,24,-8,22,-13,26,-13,26,-12,25,-10,28,-12,26,-12,29,-14,28,-15,26,-13,25,-20,0,0,0,0,0,0,-16,-25,-19,-32,-15,-23,-19,-26,-21,-30,-15,-24,-20,-30,-16,-23,-20,-25,-17,-22,-19,-23,-20,-23,-21,-22,-23,-21,-19,-21,-20,-19,-22,-20,-22,-19,-19,-16,-24,-20,-22,-14,-25,-16,-21,-11,-22,-13,-25,-15,-23,-13,-26,-14,-24,-12,-25,-13,-26,-12,-28,-12,-25,-10,-30,-15,-24,-11,-26,-12,-21,-10,-29,-10,-26,-12,-30,-10,-24,-13,-26,-13,-23,-15,-23,-13,-24,-14,-21,-12,-24,-15,-16,-13,-22,-12,-15,-10,-20,-14,-16,-13,-19,-12,-12,-13,-12,-14,-12,-14,-10,-13,-10,-13,0,0,0,0,0,0,0,0,0,0]"""
1782031936691,2026-06-21T17:52:16.691,safe,posture,mhw,standing_still,t017,"CSI_DATA,535478,1a:00:00:00:00:00,-44,11,-99,16,29,11,522473694,47,2,256,0,""[0,0,0,0,0,0,0,0,0,0,0,0,4,4,4,4,5,5,5,5,5,5,5,6,5,4,5,8,9,9,6,9,6,10,6,10,5,11,8,13,5,13,6,13,5,12,4,16,5,13,5,16,4,18,6,18,5,18,2,16,2,18,3,19,1,20,1,19,3,19,3,19,1,20,1,18,2,19,3,20,2,21,3,21,1,21,1,20,2,21,1,25,0,24,2,25,2,24,2,25,1,21,1,25,3,27,5,27,4,30,2,30,0,27,-1,32,-1,32,-1,28,-2,32,-1,30,-1,34,0,0,0,0,0,0,33,8,36,6,28,5,33,9,33,10,27,11,33,9,31,9,30,11,26,9,25,9,27,9,31,8,30,10,25,11,26,10,27,8,27,11,26,11,28,9,25,9,27,11,23,9,25,8,25,9,28,9,27,11,24,11,26,11,27,11,25,13,26,15,28,13,25,13,24,16,23,13,21,15,23,15,23,15,24,18,21,18,17,18,17,20,18,23,15,21,15,21,12,19,10,23,8,19,9,18,6,19,6,20,6,20,3,21,1,17,0,19,-1,16,0,0,0,0,0,0,0,0,0,0]"""
1782031936705,2026-06-21T17:52:16.705,safe,posture,mhw,standing_still,t017,"CSI_DATA,535479,1a:00:00:00:00:00,-44,11,-99,17,29,11,522484694,47,2,256,0,""[0,0,0,0,0,0,0,0,0,0,0,0,2,-4,2,-5,4,-5,4,-5,4,-7,4,-6,3,-5,4,-7,5,-8,6,-7,6,-8,6,-10,8,-10,8,-11,10,-10,11,-11,8,-11,12,-12,10,-11,10,-11,11,-11,11,-13,13,-14,13,-12,13,-13,12,-13,14,-14,14,-15,15,-15,12,-14,13,-14,12,-14,11,-14,13,-14,12,-16,13,-19,14,-17,14,-16,12,-19,12,-20,12,-20,12,-22,12,-21,11,-22,10,-21,8,-22,11,-25,7,-25,8,-28,11,-29,12,-24,11,-29,11,-29,11,-29,12,-30,10,-29,10,-28,0,0,0,0,0,0,-32,-14,-33,-13,-29,-10,-30,-11,-34,-13,-28,-12,-32,-13,-30,-11,-31,-12,-25,-7,-25,-6,-28,-7,-31,-5,-30,-6,-26,-6,-28,-5,-29,-6,-29,-6,-29,-5,-30,-4,-26,0,-29,-3,-24,-1,-25,0,-28,-1,-29,1,-31,0,-28,-1,-30,-1,-29,2,-32,-1,-30,-1,-31,0,-30,-1,-29,-2,-25,-1,-28,1,-28,0,-29,0,-30,-2,-28,-2,-24,-4,-26,-5,-28,-4,-25,-5,-25,-4,-21,-6,-24,-7,-19,-6,-19,-6,-20,-7,-20,-5,-19,-7,-19,-10,-12,-10,-14,-12,-12,-12,0,0,0,0,0,0,0,0,0,0]"""
1782031936716,2026-06-21T17:52:16.716,safe,posture,mhw,standing_still,t017,"CSI_DATA,535480,1a:00:00:00:00:00,-44,11,-99,16,29,11,522495694,47,2,256,0,""[0,0,0,0,0,0,0,0,0,0,0,0,-1,5,-2,6,-3,5,-3,6,-1,6,-4,8,-4,10,-3,6,-3,10,-3,9,-2,11,-3,13,-3,11,-3,11,-5,15,-2,11,-4,16,-4,13,-4,17,-8,17,-9,15,-4,15,-4,17,-3,18,-3,19,-3,19,-2,18,-2,20,0,17,1,21,0,19,0,25,1,21,0,20,0,21,3,23,3,17,8,21,8,20,8,20,9,24,12,16,13,21,13,20,17,26,11,21,15,20,16,23,17,18,19,20,25,20,23,18,23,23,21,19,27,17,27,20,27,20,0,0,0,0,0,0,19,-30,13,-24,18,-34,19,-26,11,-23,16,-31,11,-26,12,-33,10,-26,13,-32,11,-30,11,-26,6,-28,6,-25,5,-30,2,-28,1,-28,0,-26,3,-32,-2,-24,-3,-28,-3,-25,-3,-30,-4,-28,-3,-26,-4,-28,-5,-23,-11,-25,-11,-25,-12,-24,-9,-24,-10,-30,-12,-21,-15,-24,-10,-25,-19,-32,-9,-27,-15,-24,-11,-26,-12,-23,-11,-23,-16,-24,-15,-21,-13,-18,-11,-23,-13,-16,-13,-20,-10,-20,-10,-27,-8,-20,-9,-19,-4,-19,-6,-17,-6,-16,-8,-19,-6,-16,-5,-17,0,0,0,0,0,0,0,0,0,0]"""
1782031936726,2026-06-21T17:52:16.726,safe,posture,mhw,standing_still,t017,"CSI_DATA,535481,1a:00:00:00:00:00,-44,11,-99,16,29,11,522506694,47,2,256,0,""[0,0,0,0,0,0,0,0,0,0,0,0,6,0,6,0,6,1,8,0,8,0,9,2,10,0,9,0,10,1,10,0,11,-1,11,0,15,0,11,-1,13,-1,15,0,13,-1,16,-2,16,-1,20,1,20,-1,15,0,17,-2,18,-4,19,-2,18,-2,18,-3,17,-2,19,-3,19,-5,19,-4,20,-5,20,-8,19,-8,19,-9,19,-8,17,-10,19,-12,19,-12,18,-13,18,-13,19,-13,19,-16,16,-19,19,-19,18,-20,18,-20,16,-21,17,-20,17,-23,17,-24,16,-20,16,-25,19,-27,15,-27,16,-26,13,-30,0,0,0,0,0,0,-30,-12,-30,-11,-31,-11,-31,-9,-31,-9,-32,-10,-31,-9,-30,-6,-31,-5,-33,-6,-31,-5,-30,-2,-27,-4,-31,-1,-30,-1,-30,0,-30,3,-26,3,-27,3,-28,2,-27,5,-30,8,-28,6,-28,9,-26,10,-25,6,-27,10,-26,11,-26,13,-25,15,-25,12,-21,15,-25,12,-24,13,-23,16,-27,15,-26,18,-25,15,-23,15,-23,13,-24,13,-24,15,-24,13,-23,12,-20,12,-21,12,-20,12,-19,15,-21,10,-20,9,-19,9,-19,9,-17,6,-18,6,-19,4,-17,3,-17,4,0,0,0,0,0,0,0,0,0,0]"""
1782031936736,2026-06-21T17:52:16.736,safe,posture,mhw,standing_still,t017,"CSI_DATA,535482,1a:00:00:00:00:00,-44,11,-99,16,29,11,522517694,47,2,256,0,""[0,0,0,0,0,0,0,0,0,0,0,0,-4,-3,-3,-2,-6,-3,-6,-3,-6,-3,-8,-5,-6,-3,-9,-3,-9,-5,-10,-4,-10,-4,-9,-6,-10,-5,-12,-6,-12,-5,-13,-8,-13,-6,-13,-8,-13,-9,-12,-5,-15,-4,-15,-9,-17,-8,-17,-8,-16,-10,-17,-8,-18,-10,-17,-6,-19,-9,-18,-6,-18,-6,-19,-4,-20,-5,-19,-5,-21,-2,-20,-3,-20,-2,-21,-2,-21,-3,-23,1,-23,0,-24,0,-24,1,-25,5,-24,2,-26,5,-27,3,-26,9,-26,6,-27,9,-30,6,-27,5,-28,9,-31,10,-31,9,-31,12,-28,13,0,0,0,0,0,0,11,28,17,32,17,27,17,28,17,30,16,27,18,30,17,27,18,27,16,25,18,24,19,24,17,23,21,23,20,19,20,20,23,18,20,19,21,17,24,18,24,16,25,15,21,13,24,15,26,12,24,11,26,11,27,10,26,11,28,9,27,9,25,5,30,11,28,8,26,6,26,9,28,6,27,8,27,6,26,9,26,6,26,9,26,11,25,9,26,8,24,9,20,10,21,5,20,8,20,8,19,9,20,8,17,10,17,9,15,10,12,10,12,12,0,0,0,0,0,0,0,0,0,0]"""
1782031936749,2026-06-21T17:52:16.749,safe,posture,mhw,standing_still,t017,"CSI_DATA,535483,1a:00:00:00:00:00,-44,11,-99,16,29,11,522528694,47,2,256,0,""[0,0,0,0,0,0,0,0,0,0,0,0,5,-3,6,-3,4,-3,6,-3,6,-2,8,-5,8,-3,6,-4,9,-4,9,-4,11,-5,10,-5,12,-5,12,-6,11,-6,15,-5,15,-6,11,-9,15,-8,18,-8,17,-9,15,-4,15,-8,17,-10,16,-10,17,-8,16,-9,17,-9,17,-9,17,-10,16,-10,17,-12,17,-12,18,-11,16,-13,17,-13,16,-15,16,-18,16,-17,13,-17,13,-18,16,-17,15,-18,12,-23,15,-24,15,-23,15,-23,13,-24,13,-21,13,-25,12,-28,11,-25,11,-28,16,-28,9,-32,11,-27,11,-32,0,0,0,0,0,0,-28,-10,-31,-9,-34,-8,-33,-8,-30,-9,-32,-8,-31,-8,-32,-6,-31,-3,-34,-8,-33,-8,-28,-4,-28,-4,-28,-1,-31,-1,-30,-1,-28,1,-26,2,-27,1,-27,2,-28,4,-28,3,-28,4,-30,5,-26,5,-25,5,-26,6,-26,11,-26,8,-27,9,-25,9,-25,10,-26,11,-25,11,-26,12,-31,12,-28,10,-27,10,-26,8,-24,5,-26,10,-27,10,-26,9,-23,9,-23,6,-23,8,-23,5,-23,5,-23,4,-21,4,-21,2,-19,2,-17,2,-20,0,-19,1,-18,0,-16,-1,0,0,0,0,0,0,0,0,0,0]"""
1782031936758,2026-06-21T17:52:16.758,safe,posture,mhw,standing_still,t017,"CSI_DATA,535484,1a:00:00:00:00:00,-44,11,-99,17,29,11,522539694,47,2,256,0,""[0,0,0,0,0,0,0,0,0,0,0,0,-4,4,-3,3,-5,5,-6,5,-5,5,-7,5,-6,6,-7,4,-6,4,-10,5,-8,10,-8,8,-10,8,-10,7,-10,7,-12,8,-12,10,-13,8,-15,8,-13,8,-11,7,-13,10,-15,10,-15,12,-17,12,-15,11,-14,8,-14,11,-16,10,-15,15,-14,14,-19,15,-16,14,-16,14,-14,14,-14,15,-12,19,-14,21,-15,17,-11,17,-11,17,-12,21,-11,21,-11,23,-14,24,-13,25,-12,24,-10,23,-12,23,-12,29,-11,29,-10,25,-11,29,-13,31,-8,31,-8,31,-13,31,0,0,0,0,0,0,31,11,29,10,34,7,33,6,31,8,33,6,31,6,31,8,29,5,32,6,31,7,29,5,28,5,29,3,30,1,29,0,30,0,26,-1,26,1,26,0,29,-2,26,-3,29,-3,29,-2,29,-4,26,-3,28,-5,28,-8,29,-7,26,-7,25,-5,25,-7,28,-5,29,-8,26,-8,32,-7,30,-7,28,-5,28,-5,26,-5,25,-3,28,-6,26,-4,22,-5,23,-3,23,-3,24,-1,24,-3,25,2,23,-1,22,1,21,2,19,2,19,1,20,1,16,2,17,4,0,0,0,0,0,0,0,0,0,0]"""
1782031936772,2026-06-21T17:52:16.772,safe,posture,mhw,standing_still,t017,"CSI_DATA,535485,1a:00:00:00:00:00,-44,11,-99,16,29,11,522550694,47,2,256,0,""[0,0,0,0,0,0,0,0,0,0,0,0,-4,-3,-6,-3,-5,-3,-5,-4,-5,-4,-6,-6,-5,-8,-5,-6,-5,-8,-6,-6,-5,-8,-6,-10,-6,-11,-6,-10,-6,-12,-5,-11,-8,-15,-8,-12,-8,-17,-6,-18,-8,-16,-3,-15,-5,-16,-4,-17,-3,-18,-2,-18,-1,-17,-2,-19,-3,-17,-4,-19,-3,-19,-2,-25,-2,-21,-1,-20,-1,-20,0,-20,-3,-19,-4,-21,-1,-21,-3,-21,-3,-21,-4,-23,-4,-25,-4,-24,-1,-30,-2,-26,-3,-26,0,-26,-2,-24,-1,-27,-4,-31,-2,-28,0,-32,2,-32,0,-32,2,-33,2,-32,0,0,0,0,0,0,-33,-3,-28,-3,-36,-3,-32,-6,-27,-5,-35,-5,-28,-5,-34,-9,-26,-6,-33,-11,-32,-10,-26,-10,-27,-9,-26,-8,-30,-9,-28,-8,-28,-8,-26,-8,-27,-11,-24,-8,-27,-8,-25,-8,-30,-10,-27,-11,-25,-9,-24,-11,-24,-12,-27,-8,-26,-11,-25,-11,-23,-11,-26,-11,-23,-11,-27,-12,-24,-13,-30,-18,-23,-18,-23,-17,-21,-19,-18,-18,-17,-18,-21,-19,-17,-21,-16,-18,-15,-20,-16,-19,-13,-21,-12,-21,-10,-24,-6,-21,-6,-20,-3,-20,-1,-19,-3,-17,-2,-20,1,-17,2,-17,0,0,0,0,0,0,0,0,0,0]"""
1782031936781,2026-06-21T17:52:16.781,safe,posture,mhw,standing_still,t017,"CSI_DATA,535486,1a:00:00:00:00:00,-44,11,-99,18,28,11,522561694,47,2,256,0,""[0,0,0,0,0,0,0,0,0,0,0,0,12,35,-23,6,-2,-8,-28,-9,-9,20,0,-7,12,19,-7,-7,-9,-6,4,6,-17,20,-14,7,-8,12,-18,17,-17,1,-3,7,-17,14,-3,14,-11,9,-9,9,-18,6,-11,13,-12,13,-15,15,-11,15,-8,15,-9,15,-11,18,-7,15,-7,19,-9,18,-9,22,-8,18,-8,20,-8,20,-6,20,-4,18,-2,23,-1,22,0,22,-2,24,4,20,4,24,0,25,4,31,0,24,6,28,6,26,7,25,8,26,14,28,14,26,14,28,12,28,18,28,18,29,18,29,0,0,0,0,0,0,26,-20,23,-18,26,-23,26,-19,19,-19,25,-22,20,-22,24,-25,19,-22,24,-25,20,-24,19,-20,17,-25,15,-23,13,-26,12,-26,9,-26,7,-28,11,-28,3,-24,1,-29,6,-26,3,-31,4,-29,3,-25,1,-26,1,-25,-3,-26,-2,-28,-3,-26,-2,-25,-3,-31,-8,-25,-9,-28,-6,-29,-8,-35,-3,-28,-8,-28,-3,-29,-7,-28,-6,-25,-9,-28,-8,-25,-9,-23,-7,-24,-11,-23,-8,-24,-6,-23,-6,-28,-2,-20,-3,-22,-1,-20,-3,-19,-2,-19,-3,-19,-2,-17,-1,-19,0,0,0,0,0,0,0,0,0,0]"""
1782031936794,2026-06-21T17:52:16.794,safe,posture,mhw,standing_still,t017,"CSI_DATA,535487,1a:00:00:00:00:00,-44,11,-99,17,29,11,522572694,47,2,256,0,""[0,0,0,0,0,0,0,0,0,0,0,0,2,-4,2,-5,1,-6,3,-6,1,-6,4,-8,4,-7,3,-7,5,-8,5,-8,4,-11,6,-11,5,-11,4,-11,7,-12,7,-12,7,-12,7,-14,8,-15,13,-14,11,-13,12,-11,10,-12,11,-15,11,-14,10,-15,10,-14,12,-14,11,-14,11,-15,10,-16,14,-19,13,-17,12,-16,13,-19,12,-16,10,-17,11,-22,11,-19,8,-19,10,-17,7,-22,8,-22,8,-24,13,-25,13,-24,10,-26,12,-24,11,-21,10,-26,11,-30,8,-28,10,-26,13,-29,11,-32,11,-30,14,-29,0,0,0,0,0,0,-30,-15,-28,-12,-34,-13,-29,-14,-26,-11,-30,-12,-28,-12,-30,-12,-28,-8,-31,-13,-30,-14,-26,-11,-25,-10,-25,-8,-30,-10,-28,-6,-29,-7,-24,-6,-26,-7,-25,-6,-28,-6,-28,-5,-29,-6,-30,-7,-26,-5,-24,-7,-26,-5,-29,-2,-28,-3,-28,-2,-25,-3,-26,-5,-26,-5,-28,-3,-29,-4,-33,-6,-28,-8,-26,-7,-28,-10,-23,-7,-25,-7,-29,-6,-26,-8,-22,-7,-22,-8,-21,-7,-22,-10,-21,-11,-21,-16,-16,-14,-16,-14,-13,-13,-13,-12,-13,-13,-15,-14,-11,-13,-8,-14,0,0,0,0,0,0,0,0,0,0]"""
1782031936804,2026-06-21T17:52:16.804,safe,posture,mhw,standing_still,t017,"CSI_DATA,535488,1a:00:00:00:00:00,-44,11,-99,16,29,11,522583807,47,2,256,0,""[0,0,0,0,0,0,0,0,0,0,0,0,-1,-5,-1,-5,-1,-6,-1,-9,-1,-9,-1,-9,0,-9,-2,-11,-1,-10,-2,-10,-1,-13,-2,-12,-2,-12,-3,-12,-1,-12,-1,-15,-4,-16,-2,-16,-2,-17,-5,-16,-4,-15,-2,-17,-4,-18,-4,-17,-4,-17,-5,-19,-5,-18,-6,-17,-5,-20,-6,-18,-8,-17,-8,-19,-10,-18,-9,-18,-10,-18,-10,-18,-12,-17,-15,-18,-12,-18,-16,-16,-16,-13,-16,-18,-19,-17,-19,-15,-18,-18,-24,-16,-21,-16,-23,-12,-23,-13,-24,-12,-26,-13,-24,-13,-27,-12,-28,-16,-30,-15,-30,-11,-32,-9,0,0,0,0,0,0,-11,32,-10,32,-6,32,-6,32,-6,33,-5,31,-6,32,-8,33,-4,31,-5,32,-3,32,0,31,-1,28,2,30,1,31,2,30,6,30,4,28,5,26,5,31,8,27,8,26,9,26,11,26,11,27,10,24,13,25,15,25,13,24,17,25,15,23,16,21,15,28,16,24,16,21,16,24,18,25,16,24,17,23,13,24,16,21,16,23,15,24,15,21,15,20,12,21,12,20,12,19,10,20,12,20,10,19,10,17,9,18,8,18,6,17,4,16,4,15,0,0,0,0,0,0,0,0,0,0]"""
1782031936813,2026-06-21T17:52:16.813,safe,posture,mhw,standing_still,t017,"CSI_DATA,535489,1a:00:00:00:00:00,-44,11,-99,17,29,11,522594694,47,2,256,0,""[0,0,0,0,0,0,0,0,0,0,0,0,4,-1,6,-2,7,-1,5,-1,7,-1,7,0,8,1,11,0,10,1,11,0,12,0,11,1,12,1,12,1,13,2,15,3,16,1,14,2,15,3,15,5,19,6,15,4,17,4,20,4,17,6,19,7,17,6,19,4,19,7,17,5,19,7,20,8,22,5,19,8,20,6,20,7,19,8,21,6,22,8,22,6,23,4,23,7,23,7,23,3,23,5,29,4,25,7,25,3,25,7,26,7,28,7,26,10,28,11,32,10,31,8,28,7,31,7,0,0,0,0,0,0,11,-32,12,-31,11,-31,11,-32,14,-31,12,-30,13,-31,13,-30,12,-29,15,-28,11,-26,11,-29,11,-26,11,-29,11,-28,11,-25,11,-28,10,-25,8,-24,11,-28,7,-28,8,-26,8,-25,8,-28,7,-26,8,-23,10,-29,8,-28,8,-28,7,-28,10,-26,6,-28,13,-26,10,-28,10,-25,13,-25,12,-28,13,-25,12,-28,15,-23,16,-21,16,-22,16,-21,16,-21,15,-19,17,-19,17,-15,15,-17,16,-13,17,-16,17,-12,16,-12,16,-7,17,-10,16,-5,19,-5,16,-3,0,0,0,0,0,0,0,0,0,0]"""
1782031936826,2026-06-21T17:52:16.826,safe,posture,mhw,standing_still,t017,"CSI_DATA,535490,1a:00:00:00:00:00,-44,11,-99,16,29,11,522605694,47,2,256,0,""[0,0,0,0,0,0,0,0,0,0,0,0,-1,-6,-2,-5,-2,-9,-1,-8,-2,-8,-1,-6,-3,-5,-3,-9,-3,-10,-4,-11,-2,-11,-2,-11,-3,-11,-3,-13,-2,-12,-4,-15,-3,-13,-4,-17,-2,-12,-4,-16,-8,-17,-3,-17,-5,-19,-4,-18,-3,-18,-4,-18,-4,-20,-5,-18,-6,-20,-5,-17,-9,-19,-6,-17,-9,-17,-8,-17,-10,-18,-13,-19,-11,-21,-10,-19,-12,-18,-15,-19,-13,-17,-15,-21,-13,-17,-17,-17,-13,-15,-20,-16,-20,-17,-23,-15,-23,-17,-23,-18,-18,-19,-24,-21,-24,-19,-26,-18,-24,-19,-24,-17,-28,-17,0,0,0,0,0,0,-16,30,-19,33,-15,24,-15,27,-19,33,-13,24,-18,33,-12,26,-15,30,-11,24,-10,26,-11,30,-10,27,-10,31,-10,26,-8,27,-6,30,-6,28,-4,26,-5,32,-2,25,-3,30,-1,23,0,26,-2,28,2,28,1,33,0,27,1,28,1,30,0,30,4,27,1,32,3,26,4,27,1,24,5,27,2,27,5,28,3,28,1,30,-2,26,-1,27,0,28,0,25,0,26,-3,21,2,25,-1,19,0,23,-2,21,0,23,-3,21,-5,19,-3,17,-5,16,-6,16,0,0,0,0,0,0,0,0,0,0]"""
1782031936838,2026-06-21T17:52:16.838,safe,posture,mhw,standing_still,t017,"CSI_DATA,535491,1a:00:00:00:00:00,-44,11,-99,16,29,11,522616694,47,2,256,0,""[0,0,0,0,0,0,0,0,0,0,0,0,5,-4,4,-5,4,-4,6,-4,5,-5,6,-6,9,-5,9,-4,8,-8,9,-5,10,-8,12,-9,10,-8,10,-10,11,-9,9,-9,13,-9,12,-8,13,-10,15,-10,11,-8,15,-11,15,-6,15,-11,16,-11,16,-9,15,-10,19,-11,11,-11,13,-15,16,-12,18,-16,16,-11,15,-12,17,-13,13,-15,15,-15,13,-18,12,-17,11,-17,16,-18,8,-21,10,-24,13,-23,15,-27,13,-19,12,-23,15,-23,11,-23,12,-25,9,-30,5,-28,12,-30,11,-28,6,-32,11,-33,11,-28,0,0,0,0,0,0,-32,-12,-30,-9,-35,-10,-32,-11,-25,-6,-33,-11,-28,-5,-34,-8,-26,-5,-32,-9,-31,-9,-25,-10,-30,-4,-25,-6,-32,-3,-30,-3,-28,-2,-27,0,-30,-4,-23,4,-30,5,-27,1,-30,2,-30,0,-27,0,-28,3,-24,1,-27,6,-26,5,-26,6,-25,4,-31,3,-24,9,-28,10,-28,6,-34,8,-27,2,-27,4,-30,1,-26,3,-26,2,-28,5,-26,4,-23,3,-26,0,-21,5,-25,4,-23,1,-27,-1,-18,-3,-21,-3,-18,-4,-18,-2,-17,-3,-19,-3,-17,-2,-18,-5,0,0,0,0,0,0,0,0,0,0]"""
1782031936848,2026-06-21T17:52:16.848,safe,posture,mhw,standing_still,t017,"CSI_DATA,535492,1a:00:00:00:00:00,-44,11,-99,17,29,11,522627694,47,2,256,0,""[0,0,0,0,0,0,0,0,0,0,0,0,6,-4,5,-3,6,-4,4,-3,5,-5,6,-4,6,-5,6,-8,8,-7,7,-7,7,-7,11,-8,8,-10,11,-8,8,-7,12,-12,8,-10,12,-13,10,-10,11,-12,11,-13,10,-13,11,-15,10,-13,12,-15,10,-15,12,-19,7,-14,10,-19,7,-15,10,-19,5,-15,6,-20,6,-19,3,-21,3,-23,3,-24,3,-22,1,-22,1,-24,0,-21,-2,-25,-3,-24,-4,-26,-3,-21,-8,-24,-6,-26,-12,-23,-11,-28,-13,-29,-10,-25,-13,-28,-15,-25,-16,-28,-19,-26,-16,-23,-20,-24,0,0,0,0,0,0,-24,22,-25,25,-17,21,-22,23,-25,28,-21,21,-20,28,-15,23,-19,28,-13,22,-13,23,-12,28,-12,28,-11,31,-8,25,-8,25,-5,29,-5,31,-5,26,-4,32,0,26,-1,30,2,23,3,25,3,29,5,29,6,30,5,26,7,29,10,28,10,30,11,24,10,31,10,26,12,28,11,22,15,25,12,24,16,24,12,25,14,25,10,23,12,24,15,25,13,22,14,25,8,21,13,23,7,17,10,19,10,17,11,16,10,19,10,20,5,14,6,16,3,16,0,0,0,0,0,0,0,0,0,0]"""
1782031936858,2026-06-21T17:52:16.858,safe,posture,mhw,standing_still,t017,"CSI_DATA,535493,1a:00:00:00:00:00,-44,11,-99,17,29,11,522638694,47,2,256,0,""[0,0,0,0,0,0,0,0,0,0,0,0,6,0,7,1,5,-2,8,-2,7,0,7,-1,10,0,10,0,10,-2,10,-2,11,1,13,-1,13,-1,13,-1,15,1,13,0,15,-1,16,1,15,1,16,0,13,1,19,0,16,2,17,1,19,1,19,1,20,2,21,2,17,0,20,1,20,2,22,0,19,2,21,-1,21,0,21,-4,21,-2,21,-2,22,-2,23,-2,24,-2,22,-5,24,-5,25,-5,26,-6,22,-5,26,-7,26,-8,28,-8,29,-8,29,-8,28,-11,33,-11,29,-8,30,-12,31,-8,33,-12,0,0,0,0,0,0,-10,-35,-6,-32,-10,-32,-6,-32,-8,-32,-7,-34,-10,-28,-8,-32,-7,-28,-8,-30,-10,-26,-8,-26,-12,-29,-8,-28,-8,-29,-11,-26,-11,-26,-12,-25,-11,-29,-12,-22,-16,-23,-13,-25,-14,-23,-14,-22,-13,-22,-16,-23,-14,-23,-15,-21,-15,-25,-16,-23,-15,-23,-14,-26,-17,-22,-17,-22,-13,-25,-16,-24,-14,-23,-14,-23,-14,-24,-15,-24,-13,-23,-11,-24,-13,-23,-11,-23,-8,-24,-12,-22,-8,-23,-6,-23,-6,-23,-4,-21,-4,-21,-3,-19,-4,-19,-1,-17,0,-19,0,-16,3,-19,0,0,0,0,0,0,0,0,0,0]"""
1782031936869,2026-06-21T17:52:16.869,safe,posture,mhw,standing_still,t017,"CSI_DATA,535494,1a:00:00:00:00:00,-44,11,-99,15,29,11,522649694,47,2,256,0,""[0,0,0,0,0,0,0,0,0,0,0,0,3,-4,3,-3,5,-4,4,-4,7,-4,7,-3,7,-4,8,-5,7,-5,9,-7,8,-8,9,-7,9,-8,9,-7,9,-8,13,-10,10,-10,11,-10,13,-10,11,-10,10,-13,14,-10,13,-13,13,-13,13,-13,13,-14,14,-15,10,-16,15,-14,11,-15,10,-15,11,-16,11,-19,10,-19,7,-20,10,-19,8,-21,7,-22,7,-21,4,-23,3,-21,4,-23,3,-24,1,-24,2,-26,-2,-28,1,-26,-2,-28,-1,-28,-3,-28,-3,-30,-2,-29,-5,-30,-5,-33,-7,-32,-5,-28,-9,-30,0,0,0,0,0,0,-32,10,-30,11,-28,13,-30,13,-30,15,-29,15,-30,15,-28,14,-27,17,-28,16,-24,17,-22,20,-24,17,-22,20,-22,20,-20,21,-20,23,-17,23,-16,22,-19,22,-14,24,-14,24,-14,23,-13,24,-11,26,-14,24,-10,27,-9,28,-9,27,-8,29,-8,29,-4,28,-10,30,-7,28,-4,28,-5,27,-3,32,-5,28,-1,28,-7,27,-5,27,-4,28,-8,28,-5,26,-3,26,-7,24,-5,22,-2,24,-5,21,-4,24,-5,20,-4,21,-9,17,-4,19,-8,19,-5,16,-8,16,0,0,0,0,0,0,0,0,0,0]"""
1782031936880,2026-06-21T17:52:16.880,safe,posture,mhw,standing_still,t017,"CSI_DATA,535495,1a:00:00:00:00:00,-44,11,-99,15,29,11,522660694,47,2,256,0,""[0,0,0,0,0,0,0,0,0,0,0,0,-7,2,-4,2,-5,3,-7,2,-9,2,-7,2,-7,3,-10,4,-9,2,-10,5,-10,4,-8,5,-10,5,-13,4,-10,3,-15,7,-13,7,-16,7,-13,7,-11,5,-16,7,-15,8,-16,10,-15,8,-16,9,-15,9,-17,10,-16,10,-20,11,-15,10,-15,11,-13,10,-15,15,-15,13,-13,14,-15,16,-14,19,-13,17,-14,17,-13,22,-10,20,-13,23,-11,19,-11,22,-8,19,-7,26,-7,23,-4,26,-8,29,-4,30,-7,27,-8,29,-8,29,-7,33,-7,32,-3,30,0,34,0,0,0,0,0,0,32,0,40,5,28,1,33,2,40,-1,28,1,38,-1,28,-1,34,0,27,-2,29,-3,30,-5,30,-7,30,-10,27,-5,27,-9,28,-10,28,-10,23,-10,29,-10,23,-13,27,-14,19,-11,22,-14,23,-17,22,-16,23,-21,22,-17,22,-19,19,-21,23,-22,17,-19,26,-22,19,-19,20,-22,15,-16,19,-22,19,-20,16,-22,20,-20,21,-21,20,-17,20,-21,21,-19,16,-17,21,-16,17,-13,17,-17,14,-9,17,-14,15,-14,15,-15,15,-11,16,-13,15,-9,15,-9,15,-7,0,0,0,0,0,0,0,0,0,0]"""
1782031936893,2026-06-21T17:52:16.893,safe,posture,mhw,standing_still,t017,"CSI_DATA,535496,1a:00:00:00:00:00,-44,11,-99,16,29,11,522671694,47,2,256,0,""[0,0,0,0,0,0,0,0,0,0,0,0,-5,-1,-6,0,-5,-1,-8,-1,-8,0,-8,0,-9,-1,-10,0,-11,0,-9,-2,-10,-3,-11,-4,-13,-5,-12,-2,-16,-6,-11,-4,-13,-6,-16,-6,-13,-5,-15,-6,-16,-10,-16,-8,-15,-10,-13,-10,-16,-10,-15,-8,-16,-11,-16,-13,-15,-9,-16,-11,-16,-10,-17,-10,-16,-10,-19,-11,-18,-11,-19,-10,-19,-12,-17,-11,-19,-12,-19,-12,-19,-15,-20,-10,-21,-10,-21,-13,-23,-13,-20,-11,-23,-11,-24,-10,-27,-11,-25,-13,-26,-13,-28,-13,-27,-16,-26,-15,-27,-16,-30,-13,-30,-16,0,0,0,0,0,0,-21,27,-21,25,-18,25,-21,24,-19,27,-23,21,-19,23,-21,25,-21,21,-18,24,-19,23,-18,21,-18,26,-17,23,-19,20,-18,25,-17,24,-18,21,-20,25,-15,21,-16,24,-18,21,-13,21,-15,23,-16,21,-17,26,-15,23,-18,20,-18,24,-15,24,-17,21,-20,24,-17,24,-17,21,-19,21,-18,24,-18,19,-17,23,-20,19,-19,20,-20,19,-21,15,-20,16,-20,15,-23,13,-20,12,-21,12,-23,8,-20,8,-18,6,-19,8,-19,6,-20,5,-18,1,-17,0,-18,-1,-18,-3,0,0,0,0,0,0,0,0,0,0]"""
1782031936900,2026-06-21T17:52:16.900,safe,posture,mhw,standing_still,t017,"CSI_DATA,535497,1a:00:00:00:00:00,-44,11,-99,16,29,11,522682694,47,2,256,0,""[0,0,0,0,0,0,0,0,0,0,0,0,4,4,4,4,5,8,4,6,3,6,5,8,5,9,5,8,4,9,4,8,5,10,6,11,4,12,4,11,5,11,3,12,3,16,4,15,4,17,2,19,4,19,0,16,2,16,3,18,2,19,1,17,0,18,1,18,-1,20,0,20,1,19,1,23,0,23,0,20,1,21,0,23,1,20,2,23,1,21,3,21,1,24,0,23,0,25,3,25,1,26,4,27,0,26,3,27,2,26,2,30,2,30,0,27,0,32,0,32,2,32,-1,33,-1,34,0,0,0,0,0,0,35,4,32,4,34,2,33,4,31,3,33,5,32,6,32,5,28,5,31,6,31,5,30,4,27,6,28,4,31,4,27,3,28,4,27,4,27,4,27,8,30,4,28,4,28,6,27,5,28,3,25,5,28,5,30,2,27,4,28,5,27,3,28,4,28,9,28,6,26,8,30,11,28,11,26,11,26,12,24,13,23,12,26,11,23,15,21,15,21,13,19,17,17,17,18,16,15,18,16,17,12,19,11,16,9,17,10,16,9,18,5,16,5,17,0,0,0,0,0,0,0,0,0,0]"""
1782031936914,2026-06-21T17:52:16.914,safe,posture,mhw,standing_still,t017,"CSI_DATA,535498,1a:00:00:00:00:00,-44,11,-99,16,29,11,522693694,47,2,256,0,""[0,0,0,0,0,0,0,0,0,0,0,0,-1,-5,1,-6,1,-8,1,-6,1,-9,1,-8,-1,-9,1,-9,1,-12,1,-12,2,-10,2,-11,2,-12,2,-12,2,-13,2,-15,3,-16,3,-16,1,-13,2,-18,3,-18,1,-18,3,-16,3,-17,4,-18,3,-17,4,-18,3,-20,2,-18,1,-20,3,-19,1,-19,0,-19,1,-20,0,-21,-3,-21,-2,-23,-1,-21,0,-23,-2,-23,-3,-24,-4,-21,-4,-23,-5,-25,-8,-25,-8,-23,-9,-25,-9,-25,-11,-25,-10,-27,-10,-27,-11,-30,-12,-31,-11,-28,-13,-31,-15,-32,-13,-27,0,0,0,0,0,0,-32,11,-31,11,-30,15,-30,13,-28,13,-28,11,-27,15,-28,13,-28,12,-26,15,-24,16,-23,13,-25,19,-25,15,-24,13,-25,17,-23,17,-24,16,-25,18,-18,20,-18,20,-23,18,-17,20,-18,20,-20,20,-18,23,-18,20,-18,21,-19,21,-17,21,-18,21,-19,25,-16,24,-16,24,-17,23,-17,24,-16,21,-15,23,-17,23,-18,24,-18,20,-19,19,-18,20,-20,18,-18,18,-17,18,-17,16,-18,16,-19,15,-16,13,-17,12,-17,12,-17,12,-16,10,-16,6,-17,6,-16,5,0,0,0,0,0,0,0,0,0,0]"""
1782031936923,2026-06-21T17:52:16.923,safe,posture,mhw,standing_still,t017,"CSI_DATA,535499,1a:00:00:00:00:00,-44,11,-99,16,29,11,522704694,47,2,256,0,""[0,0,0,0,0,0,0,0,0,0,0,0,-5,2,-4,2,-6,2,-5,2,-10,2,-8,2,-6,4,-10,4,-9,3,-12,4,-10,2,-10,3,-12,4,-11,4,-12,1,-16,4,-12,4,-17,2,-13,5,-13,2,-17,2,-17,3,-18,5,-17,3,-18,2,-18,4,-19,3,-18,3,-21,3,-18,4,-20,3,-17,3,-19,8,-21,6,-19,8,-21,9,-23,8,-20,6,-21,8,-23,11,-19,10,-23,9,-21,10,-24,12,-16,8,-21,16,-21,15,-19,19,-24,17,-24,17,-25,16,-25,17,-26,18,-26,19,-27,16,-24,18,-26,21,0,0,0,0,0,0,20,26,23,32,18,21,20,26,21,30,17,24,21,28,17,24,20,27,18,21,19,19,20,21,21,23,24,23,19,21,17,20,24,18,20,20,20,19,23,20,19,17,23,19,20,12,23,13,25,17,24,15,27,16,24,15,25,16,26,15,26,16,24,12,27,18,21,15,26,16,20,12,26,13,23,15,26,13,24,15,23,17,19,18,20,18,20,19,19,16,19,19,13,18,18,17,12,13,16,16,13,16,15,15,12,17,12,17,8,13,8,15,4,16,0,0,0,0,0,0,0,0,0,0]"""
1782031936936,2026-06-21T17:52:16.936,safe,posture,mhw,standing_still,t017,"CSI_DATA,535500,1a:00:00:00:00:00,-44,11,-99,16,29,11,522715694,47,2,256,0,""[0,0,0,0,0,0,0,0,0,0,0,0,-3,-4,-4,-5,-3,-5,-4,-8,-3,-8,-3,-8,-4,-9,-3,-9,-5,-10,-2,-8,-2,-10,-4,-12,-4,-12,-4,-12,-3,-16,-4,-12,-3,-13,-5,-15,-4,-17,-3,-17,0,-17,-4,-17,-1,-16,-2,-18,-3,-19,-4,-18,-2,-18,-2,-21,-4,-16,-5,-19,-4,-18,-6,-23,-2,-20,-4,-20,-5,-21,-5,-20,-5,-17,-8,-21,-10,-18,-8,-18,-9,-21,-12,-16,-12,-20,-11,-21,-15,-27,-9,-24,-15,-25,-9,-25,-11,-23,-15,-24,-18,-26,-18,-21,-17,-27,-12,-27,-21,-24,-18,-28,-16,-26,0,0,0,0,0,0,-32,18,-26,13,-32,19,-31,15,-25,13,-30,17,-21,16,-30,17,-21,15,-30,17,-27,16,-25,12,-24,18,-23,13,-24,15,-24,18,-20,17,-21,18,-26,17,-17,17,-20,21,-20,18,-23,24,-21,18,-20,17,-19,20,-19,16,-17,20,-19,21,-17,21,-18,18,-23,20,-15,20,-18,23,-20,20,-24,26,-23,18,-20,20,-24,18,-20,18,-20,15,-20,19,-20,19,-18,15,-23,13,-17,15,-20,16,-21,10,-26,11,-18,5,-19,8,-19,4,-18,5,-18,1,-18,5,-15,4,-17,1,0,0,0,0,0,0,0,0,0,0]"""
1782031936945,2026-06-21T17:52:16.945,safe,posture,mhw,standing_still,t017,"CSI_DATA,535501,1a:00:00:00:00:00,-44,11,-99,17,29,11,522726694,47,2,256,0,""[0,0,0,0,0,0,0,0,0,0,0,0,-4,4,-5,4,-6,5,-5,4,-7,4,-4,4,-7,5,-7,5,-8,5,-10,6,-8,5,-11,5,-10,5,-14,4,-12,4,-14,6,-11,6,-15,4,-14,4,-13,4,-16,3,-15,6,-17,5,-17,4,-19,5,-17,6,-19,4,-16,4,-20,5,-17,5,-21,3,-16,5,-19,6,-20,6,-21,8,-20,7,-22,8,-21,7,-23,7,-21,8,-21,10,-24,11,-21,8,-22,11,-19,10,-20,13,-23,13,-22,14,-25,15,-26,15,-24,13,-28,14,-29,15,-30,16,-29,14,-28,16,-25,15,0,0,0,0,0,0,14,29,15,34,13,25,15,30,15,34,10,26,15,30,14,29,13,30,12,24,13,24,14,29,15,26,17,29,10,26,13,25,16,25,14,25,13,24,16,26,15,22,16,25,14,17,16,21,16,24,19,21,19,24,15,21,16,23,17,23,17,25,16,22,19,25,15,21,16,25,14,21,16,23,15,23,16,24,15,24,13,25,10,24,11,26,10,26,8,23,8,25,5,22,6,24,4,20,5,20,3,22,3,21,3,21,0,21,-2,16,-3,17,-4,17,0,0,0,0,0,0,0,0,0,0]"""
1782031936957,2026-06-21T17:52:16.957,safe,posture,mhw,standing_still,t017,"CSI_DATA,535502,1a:00:00:00:00:00,-44,11,-99,16,29,11,522737694,47,2,256,0,""[0,0,0,0,0,0,0,0,0,0,0,0,4,6,2,4,3,6,3,5,4,6,3,8,3,6,5,8,4,9,6,10,5,9,8,10,6,11,6,11,5,11,8,13,8,13,8,13,6,11,9,11,10,11,10,16,12,16,8,16,11,16,12,16,12,18,12,15,11,18,12,13,15,15,10,11,16,13,15,13,18,13,19,13,19,13,16,13,20,13,21,12,19,10,24,15,20,11,24,8,17,6,25,4,26,9,25,3,28,5,30,4,26,6,31,8,31,5,32,4,32,5,31,4,34,-1,0,0,0,0,0,0,1,-34,2,-38,0,-28,-2,-32,-1,-40,0,-31,-3,-33,-2,-30,-1,-34,-2,-26,-5,-27,-5,-31,-9,-31,-10,-31,-5,-26,-8,-27,-11,-27,-11,-30,-10,-26,-13,-27,-12,-21,-16,-25,-12,-18,-15,-19,-17,-23,-19,-23,-20,-25,-17,-20,-17,-23,-21,-19,-21,-24,-20,-18,-24,-25,-19,-18,-21,-19,-17,-16,-23,-18,-20,-20,-24,-17,-23,-20,-23,-19,-17,-18,-19,-20,-20,-21,-19,-19,-18,-20,-13,-18,-19,-17,-11,-13,-16,-15,-12,-15,-16,-16,-12,-16,-13,-18,-9,-13,-8,-16,-6,-17,0,0,0,0,0,0,0,0,0,0]"""
1782031936968,2026-06-21T17:52:16.968,safe,posture,mhw,standing_still,t017,"CSI_DATA,535503,1a:00:00:00:00:00,-44,11,-99,16,29,11,522748694,47,2,256,0,""[0,0,0,0,0,0,0,0,0,0,0,0,-5,-4,-4,-4,-6,-4,-4,-4,-5,-5,-4,-4,-5,-3,-6,-6,-8,-8,-9,-6,-8,-8,-9,-6,-10,-6,-10,-10,-10,-9,-11,-10,-11,-10,-11,-12,-10,-9,-9,-10,-11,-15,-15,-11,-15,-13,-11,-11,-15,-12,-13,-11,-16,-13,-15,-12,-16,-12,-15,-12,-16,-12,-15,-10,-16,-9,-17,-9,-19,-9,-21,-10,-20,-9,-19,-9,-21,-9,-23,-9,-24,-6,-23,-8,-21,-8,-26,-5,-20,-3,-25,-3,-26,-2,-28,1,-32,-1,-31,0,-26,-2,-33,-1,-32,-2,-31,-1,-31,-1,-32,1,-34,5,0,0,0,0,0,0,1,35,2,38,2,28,3,33,5,36,1,30,4,33,5,30,3,33,5,27,8,26,9,30,11,31,9,30,5,27,10,27,12,26,11,28,12,26,15,27,16,23,16,27,13,19,15,20,17,21,20,21,20,24,16,20,19,23,20,19,20,21,21,21,20,23,19,19,20,20,17,17,21,17,19,17,20,16,23,21,21,19,17,20,19,20,18,21,17,20,15,21,12,19,16,18,11,16,12,16,12,16,11,17,13,18,11,18,6,17,5,18,6,18,0,0,0,0,0,0,0,0,0,0]"""
1782031936978,2026-06-21T17:52:16.978,safe,posture,mhw,standing_still,t017,"CSI_DATA,535504,1a:00:00:00:00:00,-44,11,-99,17,29,11,522759694,47,2,256,0,""[0,0,0,0,0,0,0,0,0,0,0,0,6,-2,5,-2,6,-3,5,-2,8,-2,7,-1,7,-2,8,-2,10,-2,11,-2,11,-1,12,0,13,-2,14,-3,13,-1,17,1,14,-1,17,3,12,2,16,0,16,0,19,2,19,4,17,5,19,4,19,5,20,5,16,5,21,7,17,4,21,6,17,4,21,4,19,6,20,3,22,4,23,6,21,8,22,5,23,6,21,5,26,7,21,8,26,5,19,5,25,4,25,6,25,3,29,6,29,7,25,8,28,8,29,12,31,7,31,11,28,10,33,12,0,0,0,0,0,0,14,-30,15,-34,13,-26,14,-29,17,-33,15,-24,19,-31,15,-23,19,-26,16,-22,13,-24,15,-26,15,-26,16,-29,16,-22,14,-25,14,-25,15,-24,13,-23,16,-26,12,-23,16,-26,12,-20,13,-22,14,-24,14,-25,16,-26,14,-23,14,-25,14,-25,16,-24,13,-23,21,-25,15,-22,19,-23,15,-19,16,-23,20,-21,19,-22,22,-19,23,-19,21,-16,24,-15,23,-14,21,-13,23,-12,21,-7,22,-10,17,-6,21,-7,20,-5,20,-6,20,-4,22,-2,19,0,19,0,16,4,0,0,0,0,0,0,0,0,0,0]"""
1782031936989,2026-06-21T17:52:16.989,safe,posture,mhw,standing_still,t017,"CSI_DATA,535505,1a:00:00:00:00:00,-44,11,-99,17,29,11,522770694,47,2,256,0,""[0,0,0,0,0,0,0,0,0,0,0,0,-3,5,-3,5,-2,4,-5,6,-5,5,-6,6,-8,6,-7,4,-6,6,-7,6,-10,8,-8,7,-10,8,-10,8,-12,7,-10,8,-12,10,-11,11,-15,11,-13,10,-11,5,-14,13,-14,6,-13,11,-16,12,-15,12,-15,11,-17,11,-12,11,-14,13,-14,14,-17,15,-16,12,-15,14,-15,14,-14,14,-12,14,-12,17,-12,15,-10,17,-15,17,-8,20,-11,22,-14,23,-16,26,-15,19,-13,22,-16,24,-11,25,-14,26,-11,28,-7,29,-14,29,-12,26,-10,31,-12,31,-13,30,0,0,0,0,0,0,33,12,29,12,34,12,29,14,28,10,33,14,28,8,33,10,26,8,32,13,30,10,25,11,30,7,25,7,30,4,29,5,29,2,26,3,30,6,26,0,30,-1,28,3,30,1,28,2,28,2,30,-1,25,1,26,-3,29,-3,26,-4,26,-2,32,-1,24,-4,30,-5,29,-1,33,-3,29,-1,30,-2,30,2,29,0,26,0,30,-3,28,-2,24,-3,25,3,24,-1,26,1,24,3,26,5,20,6,21,4,20,7,19,6,17,5,17,6,17,6,16,10,0,0,0,0,0,0,0,0,0,0]"""
1782031937003,2026-06-21T17:52:17.003,safe,posture,mhw,standing_still,t017,"CSI_DATA,535506,1a:00:00:00:00:00,-44,11,-99,17,29,11,522781694,47,2,256,0,""[0,0,0,0,0,0,0,0,0,0,0,0,2,4,5,4,4,5,4,4,5,6,4,10,5,7,5,8,4,7,6,8,6,11,5,10,6,11,6,10,4,12,6,14,8,14,7,13,6,15,5,13,5,15,7,15,6,15,7,17,8,17,8,19,8,17,8,16,5,19,8,17,8,19,10,20,11,19,10,20,11,17,10,17,13,17,13,19,13,17,14,17,14,16,15,20,14,21,17,16,15,19,20,19,19,20,19,17,19,21,21,19,22,20,21,20,22,24,23,22,24,21,22,22,25,23,0,0,0,0,0,0,24,-22,22,-23,22,-24,23,-24,22,-25,22,-22,22,-24,22,-23,20,-23,21,-23,22,-23,17,-25,19,-22,16,-23,17,-24,15,-22,13,-26,15,-25,14,-24,15,-25,12,-25,13,-24,13,-24,13,-26,11,-29,13,-22,11,-25,8,-26,10,-26,7,-29,10,-28,8,-25,13,-26,12,-26,10,-26,12,-24,11,-28,12,-24,11,-26,14,-25,12,-25,13,-24,14,-25,12,-23,11,-21,15,-19,16,-17,13,-20,13,-17,16,-19,15,-15,14,-15,13,-13,16,-13,13,-10,14,-7,15,-7,0,0,0,0,0,0,0,0,0,0]"""
1782031937012,2026-06-21T17:52:17.012,safe,posture,mhw,standing_still,t017,"CSI_DATA,535507,1a:00:00:00:00:00,-44,11,-99,17,29,11,522793662,47,2,256,0,""[0,0,0,0,0,0,0,0,0,0,0,0,-2,5,0,5,-1,8,0,6,-2,7,-2,8,-1,8,-2,10,-3,11,-1,12,-1,12,-2,12,-1,12,-2,12,-2,12,-2,15,0,15,-1,17,-2,16,0,14,2,16,-2,16,0,19,1,19,0,19,1,19,1,20,2,20,2,21,3,19,2,19,3,19,5,21,5,20,8,20,8,19,8,20,10,20,10,21,12,20,13,17,14,22,14,20,16,17,16,16,22,17,20,17,22,16,21,17,24,17,21,16,25,17,26,16,26,19,28,15,26,15,31,13,0,0,0,0,0,0,12,-31,12,-31,11,-31,8,-32,8,-33,7,-30,11,-33,8,-31,5,-33,5,-31,4,-31,1,-31,3,-28,-1,-31,0,-32,-1,-26,-4,-30,-4,-28,-5,-26,-5,-30,-7,-26,-10,-26,-8,-25,-11,-25,-12,-28,-11,-24,-13,-25,-16,-24,-13,-25,-17,-25,-16,-24,-17,-21,-16,-26,-17,-23,-17,-21,-15,-23,-22,-23,-16,-23,-21,-20,-15,-21,-17,-20,-17,-22,-15,-20,-17,-21,-16,-17,-15,-20,-13,-20,-17,-17,-12,-17,-14,-17,-12,-16,-13,-15,-10,-15,-12,-16,-10,-15,-6,-15,-6,-14,0,0,0,0,0,0,0,0,0,0]"""
1782031937023,2026-06-21T17:52:17.023,safe,posture,mhw,standing_still,t017,"CSI_DATA,535508,1a:00:00:00:00:00,-44,11,-99,16,29,11,522804019,47,2,256,0,""[0,0,0,0,0,0,0,0,0,0,0,0,-2,6,-2,5,-3,6,-2,6,-4,8,-5,8,-4,6,-6,10,-4,6,-6,9,-5,10,-8,10,-6,10,-9,11,-6,6,-11,11,-9,11,-12,12,-10,10,-11,9,-13,10,-13,12,-13,13,-13,12,-13,12,-13,12,-16,12,-13,11,-17,12,-13,11,-15,11,-15,11,-16,16,-16,13,-15,16,-15,16,-15,16,-16,16,-17,18,-15,19,-13,18,-18,18,-17,17,-15,19,-15,16,-18,24,-19,19,-16,23,-19,23,-17,24,-17,23,-18,21,-19,23,-21,25,-21,24,-19,23,-20,27,0,0,0,0,0,0,25,21,27,25,23,18,24,19,27,24,21,21,25,25,23,20,25,24,19,21,23,19,25,18,21,20,24,20,23,18,24,16,25,17,24,18,20,16,25,21,21,15,23,19,20,16,24,15,26,15,20,15,26,17,25,15,24,16,25,15,25,15,25,12,25,20,23,17,24,16,20,17,26,17,21,17,23,16,21,19,21,20,20,19,18,21,19,20,17,18,16,20,11,20,13,19,8,18,13,20,10,19,10,18,6,19,8,21,3,18,2,17,2,17,0,0,0,0,0,0,0,0,0,0]"""
1782031937034,2026-06-21T17:52:17.034,safe,posture,mhw,standing_still,t017,"CSI_DATA,535509,1a:00:00:00:00:00,-44,11,-99,16,29,11,522814694,47,2,256,0,""[0,0,0,0,0,0,0,0,0,0,0,0,3,-5,4,-4,3,-5,4,-5,5,-5,4,-6,4,-8,5,-9,5,-8,5,-10,8,-10,8,-10,6,-11,6,-9,6,-10,9,-12,10,-12,6,-13,8,-12,10,-15,9,-17,10,-13,10,-15,9,-15,10,-15,11,-17,9,-16,8,-16,10,-18,8,-17,8,-18,9,-19,8,-21,8,-20,4,-19,5,-20,4,-19,4,-24,5,-23,2,-24,1,-21,3,-25,1,-25,-2,-26,0,-25,-3,-30,-2,-28,-8,-26,-1,-28,-3,-30,-5,-31,-4,-28,-6,-30,-6,-33,-6,-31,-9,-30,-8,-32,0,0,0,0,0,0,-30,9,-32,12,-30,13,-28,15,-31,13,-28,12,-31,16,-27,13,-27,16,-28,16,-25,16,-26,18,-23,16,-25,17,-25,18,-21,17,-21,21,-20,19,-19,19,-19,21,-18,20,-17,23,-16,23,-17,24,-16,26,-13,21,-12,26,-12,26,-15,25,-12,27,-11,25,-10,25,-13,26,-10,26,-9,24,-12,27,-10,31,-10,26,-9,27,-10,26,-10,25,-11,26,-12,23,-10,24,-10,23,-11,23,-12,20,-8,23,-11,18,-11,21,-11,18,-10,16,-10,16,-12,17,-10,13,-11,12,-12,11,0,0,0,0,0,0,0,0,0,0]"""
1782031937044,2026-06-21T17:52:17.044,safe,posture,mhw,standing_still,t017,"CSI_DATA,535510,1a:00:00:00:00:00,-44,11,-99,16,29,11,522825694,47,2,256,0,""[0,0,0,0,0,0,0,0,0,0,0,0,-5,3,-4,2,-6,2,-6,3,-8,2,-8,3,-8,4,-10,4,-9,3,-10,5,-11,4,-10,4,-10,4,-11,5,-12,3,-17,6,-13,6,-16,3,-15,4,-11,5,-15,5,-16,5,-17,6,-16,5,-17,5,-17,6,-18,8,-18,9,-20,9,-17,9,-17,9,-15,8,-18,11,-18,11,-18,15,-18,12,-18,16,-17,13,-18,15,-18,18,-15,16,-20,18,-17,15,-15,19,-12,17,-15,23,-16,20,-12,25,-16,24,-17,25,-16,21,-16,25,-17,27,-17,30,-17,26,-13,27,-12,30,0,0,0,0,0,0,28,16,32,15,27,9,30,13,35,11,28,12,33,12,27,11,33,11,28,8,27,6,31,5,30,6,32,5,27,4,28,3,30,1,32,2,27,0,32,2,27,-1,28,-2,23,-2,27,-2,27,-3,28,-4,32,-6,26,-5,28,-4,28,-9,30,-8,27,-9,32,-5,27,-5,27,-6,24,-5,28,-10,28,-8,26,-11,28,-5,27,-8,26,-4,27,-4,28,-5,24,-5,26,-2,21,-1,24,-4,20,-2,24,-1,20,-1,23,-3,20,0,20,-1,17,1,18,2,16,2,0,0,0,0,0,0,0,0,0,0]"""
1782031937058,2026-06-21T17:52:17.058,safe,posture,mhw,standing_still,t017,"CSI_DATA,535511,1a:00:00:00:00:00,-44,11,-99,16,29,11,522836694,47,2,256,0,""[0,0,0,0,0,0,0,0,0,0,0,0,-6,-2,-6,-1,-6,-2,-8,-3,-8,-2,-8,-2,-8,-2,-9,-2,-11,-3,-9,-4,-9,-8,-8,-5,-11,-3,-12,-8,-10,-10,-11,-10,-12,-10,-11,-10,-11,-10,-10,-10,-9,-12,-15,-10,-12,-13,-10,-16,-12,-15,-11,-12,-11,-16,-10,-17,-11,-17,-12,-16,-10,-18,-12,-17,-12,-16,-15,-15,-15,-16,-15,-17,-12,-16,-11,-18,-13,-17,-15,-20,-13,-19,-15,-19,-15,-20,-13,-21,-15,-18,-16,-18,-17,-18,-18,-19,-20,-20,-19,-21,-15,-23,-18,-26,-18,-27,-19,-24,-15,-28,-20,-27,-19,-26,0,0,0,0,0,0,-31,16,-34,12,-28,13,-30,13,-31,13,-31,8,-30,9,-30,10,-32,8,-27,10,-26,12,-26,11,-27,13,-27,12,-27,5,-26,10,-27,11,-28,9,-30,9,-26,11,-26,11,-28,6,-23,9,-24,10,-25,11,-27,13,-26,10,-25,8,-28,10,-27,9,-28,6,-30,8,-28,8,-28,6,-27,3,-28,5,-27,5,-27,8,-28,4,-31,3,-27,1,-26,-2,-26,0,-27,-3,-26,-5,-24,-4,-25,-8,-23,-8,-20,-6,-20,-5,-21,-6,-19,-8,-19,-9,-17,-10,-13,-13,-13,-13,-10,-15,0,0,0,0,0,0,0,0,0,0]"""
1782031937066,2026-06-21T17:52:17.066,safe,posture,mhw,standing_still,t017,"CSI_DATA,535512,1a:00:00:00:00:00,-44,11,-99,16,29,11,522847694,47,2,256,0,""[0,0,0,0,0,0,0,0,0,0,0,0,5,4,5,4,4,4,3,6,4,5,4,6,6,6,6,6,9,6,4,9,5,11,6,11,8,11,8,12,9,15,8,11,10,13,8,12,10,12,10,17,9,13,11,15,9,15,9,15,10,17,11,15,9,18,10,20,10,15,11,16,11,17,13,17,11,16,13,17,15,18,15,18,15,15,17,15,16,15,16,16,17,18,18,11,20,15,19,17,20,17,18,15,23,13,23,16,24,13,25,16,25,13,27,16,28,17,27,16,30,16,33,15,30,17,0,0,0,0,0,0,18,-32,16,-28,15,-31,16,-28,15,-28,19,-30,12,-26,16,-30,13,-26,13,-30,11,-30,13,-26,10,-30,11,-28,11,-27,9,-28,6,-28,8,-26,10,-30,3,-25,3,-31,5,-26,3,-28,4,-26,3,-27,1,-31,3,-27,2,-26,2,-27,-1,-27,2,-27,4,-33,0,-27,0,-28,1,-27,1,-32,4,-27,0,-28,4,-30,2,-28,3,-26,2,-27,3,-27,2,-26,6,-27,3,-24,5,-24,10,-24,8,-23,6,-18,6,-20,9,-18,6,-19,9,-18,10,-13,9,-15,10,-13,0,0,0,0,0,0,0,0,0,0]"""
1782031937079,2026-06-21T17:52:17.079,safe,posture,mhw,standing_still,t017,"CSI_DATA,535513,1a:00:00:00:00:00,-44,11,-99,15,29,11,522858694,47,2,256,0,""[0,0,0,0,0,0,0,0,0,0,0,0,3,-5,4,-4,5,-5,4,-5,7,-7,7,-4,5,-5,7,-8,8,-5,9,-7,9,-7,9,-8,10,-8,11,-8,10,-8,14,-8,13,-9,14,-9,13,-9,16,-10,16,-13,15,-8,16,-10,15,-10,17,-8,16,-10,16,-9,15,-9,19,-11,15,-9,16,-11,16,-11,17,-14,19,-14,16,-15,17,-11,17,-14,19,-15,17,-15,16,-16,14,-17,19,-17,17,-17,15,-20,16,-17,15,-23,17,-22,15,-23,17,-20,16,-22,20,-23,19,-22,19,-23,22,-26,21,-26,16,-26,21,-28,0,0,0,0,0,0,-26,-19,-28,-21,-28,-15,-28,-19,-27,-20,-24,-16,-28,-20,-24,-20,-27,-17,-24,-19,-24,-16,-27,-15,-26,-16,-28,-14,-26,-14,-23,-14,-26,-14,-24,-14,-23,-11,-28,-13,-26,-10,-28,-10,-24,-11,-27,-8,-29,-9,-23,-9,-27,-9,-27,-8,-27,-9,-28,-7,-27,-9,-26,-4,-29,-11,-27,-8,-27,-7,-27,-10,-30,-8,-27,-9,-28,-8,-27,-11,-27,-10,-26,-11,-24,-14,-24,-13,-23,-10,-22,-14,-20,-14,-21,-11,-17,-13,-19,-13,-15,-14,-17,-14,-14,-14,-14,-15,-13,-15,-10,-13,-10,-14,0,0,0,0,0,0,0,0,0,0]"""
1782031937090,2026-06-21T17:52:17.090,safe,posture,mhw,standing_still,t017,"CSI_DATA,535514,1a:00:00:00:00:00,-44,11,-99,15,29,11,522871474,47,2,256,0,""[0,0,0,0,0,0,0,0,0,0,0,0,1,5,2,5,2,7,2,7,2,7,3,7,2,7,3,8,4,8,4,10,3,10,4,13,4,13,4,14,5,13,5,14,5,14,7,16,7,11,8,14,8,15,9,15,10,17,8,15,10,17,9,15,9,19,11,17,13,17,14,14,13,16,13,14,14,13,15,11,17,13,20,11,20,13,16,13,20,10,21,13,21,11,22,9,21,9,24,9,22,7,23,3,27,3,27,2,28,2,29,3,28,4,33,3,32,1,30,1,32,3,33,-3,33,-2,0,0,0,0,0,0,-1,-34,-3,-36,-3,-33,-3,-32,-5,-35,-3,-30,-7,-32,-7,-30,-7,-32,-8,-28,-11,-26,-13,-26,-16,-29,-15,-27,-11,-27,-15,-26,-17,-24,-15,-24,-17,-26,-19,-22,-20,-19,-19,-23,-17,-16,-21,-15,-22,-17,-24,-17,-26,-15,-21,-16,-24,-19,-26,-14,-26,-17,-26,-15,-26,-15,-26,-13,-26,-14,-23,-10,-24,-10,-27,-7,-27,-8,-28,-10,-26,-11,-22,-13,-24,-11,-24,-14,-23,-13,-23,-11,-21,-13,-22,-10,-19,-9,-20,-8,-20,-9,-19,-7,-19,-10,-17,-10,-13,-11,-14,-11,-13,-10,0,0,0,0,0,0,0,0,0,0]"""
1782031937100,2026-06-21T17:52:17.100,safe,posture,mhw,standing_still,t017,"CSI_DATA,535515,1a:00:00:00:00:00,-44,11,-99,16,29,11,522880694,47,2,256,0,""[0,0,0,0,0,0,0,0,0,0,0,0,1,-6,-1,-6,0,-5,1,-8,-1,-8,1,-8,1,-8,2,-9,-1,-10,2,-9,0,-11,0,-12,-1,-13,-2,-13,1,-15,-1,-13,-1,-16,0,-13,0,-17,1,-16,2,-13,-2,-18,2,-17,-1,-19,-1,-19,-2,-16,-2,-18,-2,-21,-3,-16,-5,-20,-3,-17,-5,-25,-4,-19,-4,-20,-5,-20,-6,-20,-8,-16,-12,-18,-11,-18,-11,-17,-11,-20,-16,-15,-18,-18,-17,-19,-20,-23,-15,-19,-19,-19,-16,-20,-19,-18,-23,-19,-27,-17,-26,-15,-26,-19,-25,-17,-31,-12,-28,-18,-26,-16,0,0,0,0,0,0,-16,31,-12,28,-13,34,-15,28,-10,25,-13,31,-10,27,-10,34,-6,28,-11,32,-10,31,-10,25,-5,30,-6,27,-2,30,-1,31,1,28,1,27,-2,32,3,25,6,30,3,27,6,31,4,30,3,27,4,30,5,25,11,26,11,27,12,24,9,24,11,30,13,20,16,25,13,26,16,31,8,26,12,26,9,30,10,26,11,25,16,24,13,23,13,20,9,24,13,20,12,24,9,23,8,26,4,20,5,21,2,20,5,19,3,19,6,19,4,17,2,18,0,0,0,0,0,0,0,0,0,0]"""
1782031937110,2026-06-21T17:52:17.110,safe,posture,mhw,standing_still,t017,"CSI_DATA,535516,1a:00:00:00:00:00,-44,11,-99,16,29,11,522891694,47,2,256,0,""[0,0,0,0,0,0,0,0,0,0,0,0,-5,5,-4,5,-4,5,-5,6,-4,5,-5,6,-5,8,-6,6,-5,8,-6,6,-8,10,-6,9,-8,10,-9,11,-9,10,-9,10,-10,13,-8,12,-11,13,-13,12,-12,11,-10,11,-11,12,-10,16,-11,15,-11,16,-10,13,-10,17,-11,16,-10,17,-9,17,-11,21,-10,19,-9,19,-10,20,-9,19,-6,18,-5,23,-8,21,-5,20,-4,21,-3,21,-2,25,1,25,-4,32,-3,27,-2,26,-2,28,1,25,1,26,4,33,3,28,2,31,2,32,5,32,5,34,4,32,0,0,0,0,0,0,33,-5,30,-6,35,-10,32,-8,27,-6,33,-12,30,-10,32,-10,27,-11,33,-10,30,-12,26,-11,27,-12,25,-13,27,-17,25,-15,25,-15,20,-15,24,-17,19,-16,21,-21,19,-19,21,-21,20,-20,19,-20,18,-19,17,-19,16,-25,18,-23,16,-24,15,-21,17,-25,12,-23,15,-28,13,-24,18,-28,17,-24,15,-24,16,-24,16,-20,15,-21,13,-26,15,-21,13,-20,15,-20,12,-20,13,-21,12,-19,17,-20,15,-17,16,-16,15,-13,12,-13,13,-10,17,-15,12,-11,12,-10,0,0,0,0,0,0,0,0,0,0]"""
1782031937123,2026-06-21T17:52:17.123,safe,posture,mhw,standing_still,t017,"CSI_DATA,535517,1a:00:00:00:00:00,-44,11,-99,15,29,11,522902694,47,2,256,0,""[0,0,0,0,0,0,0,0,0,0,0,0,-1,-5,-2,-5,-1,-7,-1,-8,-2,-9,-1,-9,-1,-8,-2,-10,0,-9,0,-11,-1,-11,0,-13,1,-13,1,-13,0,-13,3,-15,1,-15,1,-16,3,-16,3,-19,2,-21,7,-14,4,-17,4,-19,7,-19,5,-16,5,-16,5,-19,8,-17,7,-19,8,-19,8,-21,8,-20,9,-19,7,-20,8,-19,7,-21,7,-22,9,-22,7,-21,7,-22,9,-23,8,-24,5,-26,8,-22,9,-27,10,-24,7,-27,9,-24,10,-26,9,-29,10,-27,10,-27,13,-32,10,-30,11,-28,13,-32,0,0,0,0,0,0,-30,-15,-28,-17,-30,-16,-30,-15,-28,-15,-26,-15,-27,-16,-27,-14,-27,-15,-27,-19,-26,-19,-26,-15,-22,-17,-24,-14,-27,-15,-24,-14,-26,-15,-24,-13,-23,-14,-26,-15,-26,-13,-24,-14,-26,-13,-24,-14,-26,-14,-22,-15,-24,-15,-26,-13,-24,-14,-26,-13,-23,-14,-23,-11,-26,-16,-23,-16,-24,-16,-24,-17,-26,-19,-23,-20,-22,-17,-17,-20,-19,-20,-20,-20,-16,-22,-16,-21,-16,-19,-14,-22,-13,-21,-14,-20,-8,-20,-9,-21,-4,-21,-3,-21,-2,-20,-3,-20,-3,-20,1,-17,2,-16,0,0,0,0,0,0,0,0,0,0]"""
1782031937135,2026-06-21T17:52:17.135,safe,posture,mhw,standing_still,t017,"CSI_DATA,535518,1a:00:00:00:00:00,-44,11,-99,15,29,11,522914938,47,2,256,0,""[0,0,0,0,0,0,0,0,0,0,0,0,-4,-5,-2,-4,-2,-5,-2,-8,-2,-7,-2,-8,-2,-8,-2,-9,-1,-10,-2,-10,-3,-11,0,-10,-1,-11,-1,-11,2,-11,2,-15,1,-17,0,-16,2,-17,3,-17,1,-19,4,-16,4,-19,2,-20,4,-19,5,-16,7,-19,4,-17,8,-19,5,-19,5,-20,8,-19,8,-21,8,-20,8,-21,8,-19,9,-21,7,-22,10,-22,7,-22,8,-21,8,-22,9,-23,7,-27,9,-23,9,-26,9,-26,8,-26,9,-26,11,-28,11,-28,13,-27,13,-28,15,-30,13,-29,13,-28,15,-29,0,0,0,0,0,0,-28,-20,-27,-19,-29,-19,-28,-20,-28,-19,-26,-19,-26,-20,-26,-21,-26,-19,-24,-21,-24,-20,-26,-20,-21,-21,-23,-19,-23,-21,-23,-19,-23,-17,-22,-16,-21,-17,-21,-20,-21,-17,-22,-19,-23,-19,-21,-19,-24,-19,-19,-19,-21,-19,-23,-16,-21,-19,-23,-17,-19,-19,-22,-20,-20,-22,-20,-21,-19,-21,-19,-23,-19,-24,-17,-24,-17,-23,-13,-24,-14,-24,-13,-26,-11,-24,-11,-23,-9,-23,-7,-24,-5,-24,-4,-24,-2,-23,-2,-23,-1,-22,0,-21,1,-19,3,-20,4,-19,5,-16,4,-15,0,0,0,0,0,0,0,0,0,0]"""
1782031937146,2026-06-21T17:52:17.146,safe,posture,mhw,standing_still,t017,"CSI_DATA,535519,1a:00:00:00:00:00,-44,11,-99,15,29,11,522924694,47,2,256,0,""[0,0,0,0,0,0,0,0,0,0,0,0,-5,0,-7,1,-7,0,-7,1,-7,0,-9,0,-10,0,-9,-2,-10,-2,-8,-2,-10,-1,-13,-3,-13,-2,-13,-3,-14,-5,-11,-4,-15,-4,-14,-7,-14,-8,-13,-5,-10,-9,-17,-9,-13,-10,-13,-10,-15,-13,-15,-10,-14,-13,-16,-14,-11,-13,-15,-14,-13,-13,-17,-16,-14,-15,-15,-14,-16,-16,-16,-14,-16,-13,-16,-14,-15,-16,-17,-13,-16,-19,-17,-14,-19,-16,-17,-20,-20,-20,-15,-16,-21,-19,-19,-19,-21,-20,-20,-22,-20,-22,-22,-22,-21,-26,-20,-26,-20,-24,-23,-27,-20,-27,0,0,0,0,0,0,-32,17,-29,15,-30,19,-30,13,-30,13,-32,10,-26,10,-33,13,-28,9,-30,10,-29,11,-27,8,-30,11,-27,8,-28,7,-28,9,-27,10,-28,8,-32,8,-23,9,-28,10,-28,7,-28,10,-27,8,-27,8,-29,9,-27,7,-28,7,-29,7,-27,8,-28,3,-32,4,-27,5,-29,5,-28,1,-32,2,-28,1,-28,1,-29,-1,-28,-2,-26,-2,-27,-2,-27,-4,-24,-4,-26,-10,-22,-4,-24,-9,-23,-13,-22,-13,-16,-11,-19,-13,-16,-13,-16,-13,-14,-15,-11,-13,-11,-15,-9,-16,0,0,0,0,0,0,0,0,0,0]"""
1782031937156,2026-06-21T17:52:17.156,safe,posture,mhw,standing_still,t017,"CSI_DATA,535520,1a:00:00:00:00:00,-44,11,-99,15,29,11,522935694,47,2,256,0,""[0,0,0,0,0,0,0,0,0,0,0,0,-4,-3,-4,-3,-7,-3,-7,-4,-7,-4,-8,-4,-8,-4,-9,-4,-7,-5,-10,-4,-10,-4,-10,-4,-10,-5,-13,-5,-10,-5,-15,-8,-13,-4,-14,-5,-15,-7,-14,-7,-15,-4,-15,-7,-19,-7,-17,-5,-19,-5,-20,-5,-19,-5,-19,-2,-20,-5,-20,-4,-20,-2,-21,-3,-23,-2,-21,-1,-22,1,-21,-1,-22,3,-22,4,-23,3,-22,5,-22,7,-24,5,-23,8,-22,11,-23,8,-22,16,-23,13,-20,16,-22,15,-23,17,-22,19,-23,19,-23,20,-27,21,-23,21,-22,21,-22,26,0,0,0,0,0,0,27,19,29,19,27,17,29,16,30,19,29,16,30,17,28,16,29,13,28,13,29,10,29,8,28,9,30,7,28,5,28,4,30,2,29,0,27,0,30,1,28,-2,29,-4,28,-3,28,-4,29,-8,26,-7,28,-8,28,-10,28,-9,28,-11,28,-11,23,-14,28,-13,26,-13,24,-15,26,-13,26,-16,23,-13,23,-16,24,-13,23,-15,24,-14,24,-14,22,-14,22,-15,23,-13,23,-11,21,-14,19,-9,21,-11,19,-9,19,-10,19,-7,19,-10,19,-8,15,-5,16,-5,0,0,0,0,0,0,0,0,0,0]"""
1782031937165,2026-06-21T17:52:17.165,safe,posture,mhw,standing_still,t017,"CSI_DATA,535521,1a:00:00:00:00:00,-44,11,-99,15,29,11,522946694,47,2,256,0,""[0,0,0,0,0,0,0,0,0,0,0,0,4,4,3,3,7,3,7,4,7,7,5,5,5,5,9,5,8,5,10,7,10,5,8,7,10,7,13,7,9,8,13,9,11,8,14,9,13,8,13,9,16,11,13,8,19,9,17,9,16,9,17,8,17,8,17,7,20,10,19,5,20,5,19,5,21,3,20,4,21,2,21,2,23,3,23,1,23,1,24,-2,22,-3,27,-2,24,-2,24,-5,22,-3,26,-9,26,-5,26,-11,28,-8,29,-10,28,-10,28,-10,28,-13,30,-14,29,-14,27,-15,28,-20,0,0,0,0,0,0,-17,-27,-22,-29,-19,-22,-23,-24,-23,-28,-21,-23,-24,-26,-21,-21,-24,-23,-22,-20,-22,-19,-26,-19,-23,-17,-27,-16,-27,-14,-24,-14,-28,-14,-28,-13,-23,-9,-29,-14,-27,-8,-28,-5,-24,-5,-28,-4,-29,-4,-27,-3,-32,-2,-28,-2,-30,-1,-30,2,-30,0,-27,4,-34,-1,-28,0,-29,3,-26,0,-33,4,-28,1,-29,5,-28,2,-28,2,-27,2,-29,0,-28,2,-24,2,-27,1,-23,-1,-23,2,-20,1,-24,2,-20,-1,-21,2,-19,-1,-20,0,-19,-1,-16,-1,-17,-2,0,0,0,0,0,0,0,0,0,0]"""
1782031937175,2026-06-21T17:52:17.175,safe,posture,mhw,standing_still,t017,"CSI_DATA,535522,1a:00:00:00:00:00,-44,11,-99,20,28,11,522957694,47,2,256,0,""[0,0,0,0,0,0,0,0,0,0,0,0,-6,-2,-5,-2,-8,-2,-8,-2,-6,-3,-9,-4,-8,-3,-11,-3,-8,-2,-10,-3,-11,-2,-12,-3,-11,-4,-12,-5,-11,-4,-15,-4,-15,-3,-16,-5,-13,-5,-16,-2,-16,-2,-16,-4,-19,-3,-18,-4,-17,-3,-19,-4,-19,-4,-18,-1,-21,-4,-19,-1,-21,0,-19,-1,-21,1,-20,0,-21,3,-20,2,-23,2,-23,4,-24,2,-21,6,-21,8,-26,5,-24,5,-24,10,-21,9,-23,15,-25,12,-21,16,-24,15,-23,15,-25,15,-27,16,-26,17,-26,20,-25,19,-21,20,-23,23,0,0,0,0,0,0,23,23,26,25,21,21,26,23,26,24,23,19,27,23,24,19,27,20,24,19,26,17,28,15,25,16,28,13,28,12,25,12,28,10,27,11,26,8,30,10,26,6,30,5,26,5,27,3,30,1,27,0,30,0,31,1,30,0,31,-1,30,-1,25,-3,33,0,28,-1,30,-3,28,-2,31,-5,28,-1,27,-5,28,-1,28,-3,27,-1,28,0,27,-2,27,-2,27,0,25,1,24,-1,20,0,23,-1,21,0,23,0,18,1,20,2,18,4,18,4,16,4,0,0,0,0,0,0,0,0,0,0]"""
1782031937188,2026-06-21T17:52:17.188,safe,posture,mhw,standing_still,t017,"CSI_DATA,535523,1a:00:00:00:00:00,-44,11,-99,15,29,11,522968827,47,2,256,0,""[0,0,0,0,0,0,0,0,0,0,0,0,2,-4,2,-7,2,-5,4,-7,2,-7,3,-9,4,-8,4,-8,3,-8,5,-9,5,-11,5,-10,5,-14,4,-11,4,-13,5,-13,7,-16,4,-14,5,-16,7,-17,4,-15,8,-14,7,-14,5,-17,5,-19,5,-16,4,-17,8,-19,4,-16,5,-21,4,-17,4,-24,5,-21,7,-21,3,-21,4,-20,1,-20,0,-22,-1,-22,-1,-21,-1,-23,-3,-21,-5,-24,-5,-24,-5,-32,-4,-26,-5,-26,-4,-26,-4,-24,-9,-26,-14,-29,-11,-24,-11,-29,-10,-30,-15,-29,-14,-30,-10,-32,0,0,0,0,0,0,-30,14,-27,14,-34,20,-30,16,-23,15,-29,17,-24,15,-29,20,-23,17,-29,20,-27,20,-23,16,-22,16,-21,17,-21,23,-20,26,-17,24,-16,22,-20,22,-14,21,-16,28,-15,23,-17,29,-15,26,-15,22,-13,23,-13,23,-9,28,-11,27,-8,27,-8,23,-11,28,-7,24,-7,29,-5,27,-10,34,-13,27,-9,28,-13,27,-10,22,-8,23,-7,30,-7,26,-7,23,-9,24,-7,22,-9,24,-8,21,-14,26,-13,19,-9,20,-11,16,-10,16,-13,15,-10,16,-8,15,-11,14,0,0,0,0,0,0,0,0,0,0]"""
1782031937197,2026-06-21T17:52:17.197,safe,posture,mhw,standing_still,t017,"CSI_DATA,535524,1a:00:00:00:00:00,-44,11,-99,15,29,11,522979694,47,2,256,0,""[0,0,0,0,0,0,0,0,0,0,0,0,4,0,7,-3,7,-1,9,-1,7,-1,9,0,9,0,9,-1,11,-1,9,0,11,1,13,2,10,2,14,2,16,2,13,1,17,2,15,2,19,4,14,7,14,7,16,5,15,8,17,7,19,9,17,8,16,9,17,11,16,7,19,8,16,9,23,10,19,13,17,9,20,11,17,11,17,10,22,7,17,8,20,8,21,10,21,7,26,8,26,11,28,14,22,11,26,9,24,14,22,9,26,14,30,11,26,9,29,15,28,16,32,10,30,16,30,16,0,0,0,0,0,0,20,-29,17,-26,23,-32,20,-26,20,-21,22,-29,15,-23,21,-27,16,-24,24,-28,21,-24,19,-21,17,-23,19,-20,20,-24,19,-23,17,-24,17,-21,20,-21,13,-21,15,-24,15,-22,19,-26,20,-22,17,-19,17,-21,17,-20,16,-26,19,-24,19,-22,16,-19,20,-21,14,-20,17,-24,20,-21,24,-27,23,-17,21,-20,26,-16,21,-14,21,-14,23,-16,22,-14,20,-13,22,-10,21,-13,23,-11,23,-8,28,-8,21,-3,23,-3,21,1,20,-1,20,1,19,0,17,1,17,4,0,0,0,0,0,0,0,0,0,0]"""
1782031937210,2026-06-21T17:52:17.210,safe,posture,mhw,standing_still,t017,"CSI_DATA,535525,1a:00:00:00:00:00,-44,11,-99,16,29,11,522990694,47,2,256,0,""[0,0,0,0,0,0,0,0,0,0,0,0,-2,-5,-3,-8,-3,-5,-2,-8,-2,-5,-2,-8,-3,-9,-1,-9,-3,-10,-2,-10,-2,-10,-3,-12,-4,-12,-4,-13,-3,-15,-3,-11,-4,-16,-3,-16,-5,-16,-5,-18,-4,-13,-5,-18,-1,-13,-4,-16,-4,-20,-4,-18,-5,-17,-4,-21,-4,-15,-8,-19,-5,-17,-8,-24,-5,-18,-6,-20,-6,-19,-8,-19,-8,-18,-11,-17,-12,-18,-11,-17,-11,-23,-13,-15,-17,-19,-16,-20,-20,-26,-12,-20,-19,-20,-15,-21,-17,-19,-19,-19,-26,-18,-24,-17,-24,-24,-20,-19,-25,-19,-27,-25,-25,-21,0,0,0,0,0,0,-25,25,-19,21,-24,31,-23,25,-17,21,-21,26,-16,21,-23,28,-16,23,-20,27,-19,24,-18,21,-15,26,-13,20,-16,26,-12,26,-10,26,-11,26,-17,27,-5,24,-8,28,-10,26,-9,30,-10,27,-9,26,-6,27,-9,25,-4,27,-5,28,-3,27,-5,26,-9,31,-2,24,-1,30,-5,26,-5,35,-10,27,-6,27,-8,28,-8,26,-6,25,-6,28,-5,26,-4,23,-11,25,-5,24,-6,25,-9,21,-12,26,-11,17,-11,21,-12,16,-9,17,-11,17,-11,16,-10,15,-12,13,0,0,0,0,0,0,0,0,0,0]"""
1782031937220,2026-06-21T17:52:17.220,safe,posture,mhw,standing_still,t017,"CSI_DATA,535526,1a:00:00:00:00:00,-44,11,-99,15,29,11,523002660,47,2,256,0,""[0,0,0,0,0,0,0,0,0,0,0,0,-1,4,-1,7,-1,5,-3,9,-3,7,-4,8,-5,9,-5,5,-5,8,-4,5,-9,10,-7,10,-9,9,-9,9,-11,8,-10,8,-11,10,-11,11,-14,9,-16,9,-14,8,-17,7,-15,7,-16,7,-17,7,-17,5,-17,5,-21,7,-14,7,-17,8,-20,5,-23,8,-20,3,-20,4,-22,4,-20,3,-20,5,-21,9,-21,7,-19,7,-22,3,-20,10,-24,9,-26,5,-32,8,-24,3,-28,7,-27,2,-26,7,-28,3,-32,8,-30,7,-32,3,-30,2,-32,9,-34,2,-30,1,0,0,0,0,0,0,-1,33,1,32,-3,38,-3,34,-3,28,-5,35,-1,28,-5,34,-3,28,-8,36,-7,32,-9,28,-5,30,-8,26,-7,30,-5,28,-7,29,-5,27,-11,29,-4,23,-5,30,-7,27,-8,32,-10,28,-11,24,-9,27,-9,24,-8,28,-10,28,-8,27,-9,24,-14,28,-9,24,-10,28,-9,26,-17,30,-17,22,-16,23,-21,20,-19,21,-17,20,-17,22,-17,20,-17,15,-20,15,-16,16,-21,15,-21,11,-27,10,-21,5,-21,7,-22,2,-19,2,-19,3,-20,2,-19,1,-17,-1,0,0,0,0,0,0,0,0,0,0]"""
1782031937231,2026-06-21T17:52:17.231,safe,posture,mhw,standing_still,t017,"CSI_DATA,535527,1a:00:00:00:00:00,-44,11,-99,15,29,11,523012694,47,2,256,0,""[0,0,0,0,0,0,0,0,0,0,0,0,4,-5,4,-7,4,-4,5,-7,2,-4,5,-7,5,-8,7,-4,5,-9,7,-7,7,-9,7,-11,7,-11,5,-13,9,-11,5,-10,9,-14,5,-11,10,-15,8,-16,7,-11,8,-14,10,-14,8,-16,7,-17,7,-16,8,-17,8,-19,3,-16,3,-20,4,-20,5,-23,5,-20,3,-20,4,-22,2,-22,1,-20,-2,-23,-2,-22,-2,-20,-3,-24,-7,-21,-9,-26,-8,-24,-9,-30,-5,-24,-10,-26,-9,-26,-10,-23,-14,-24,-19,-26,-19,-23,-20,-27,-17,-26,-23,-23,-20,-24,-23,-24,0,0,0,0,0,0,-26,26,-22,20,-24,29,-23,24,-19,21,-22,27,-15,24,-21,30,-15,26,-19,30,-17,28,-19,23,-13,27,-13,26,-10,29,-7,29,-5,30,-7,26,-8,29,-1,24,0,32,-1,28,-1,33,-1,30,0,28,1,29,1,26,7,28,7,28,8,26,5,26,7,30,10,22,13,28,10,28,13,34,5,28,9,27,5,29,7,26,9,26,13,27,11,26,11,21,8,24,11,21,13,24,5,23,8,27,4,21,7,21,3,20,3,20,4,17,5,22,4,19,2,17,0,0,0,0,0,0,0,0,0,0]"""
1782031937243,2026-06-21T17:52:17.243,safe,posture,mhw,standing_still,t017,"CSI_DATA,535528,1a:00:00:00:00:00,-44,11,-99,15,29,11,523024432,47,2,256,0,""[0,0,0,0,0,0,0,0,0,0,0,0,5,0,4,0,7,-2,7,-1,8,0,8,0,9,-2,9,-1,10,-1,13,-3,11,-2,11,-2,11,-2,14,-1,10,-1,17,-1,14,-2,16,-2,15,-2,15,-1,15,-3,16,-4,19,-4,17,-4,19,-3,19,-3,20,-4,17,-5,21,-5,19,-7,20,-8,16,-7,20,-11,20,-10,17,-11,19,-14,19,-14,17,-11,19,-14,17,-17,14,-17,19,-20,16,-16,14,-21,14,-16,13,-24,14,-22,10,-24,13,-27,14,-29,13,-24,14,-27,10,-28,13,-33,11,-32,10,-29,8,-30,0,0,0,0,0,0,-30,-7,-38,-8,-27,-3,-34,-4,-36,-4,-30,-4,-36,-3,-29,-2,-33,-3,-28,-2,-28,1,-32,4,-29,3,-34,5,-28,1,-29,3,-29,8,-29,7,-26,7,-32,9,-23,9,-28,14,-21,11,-23,13,-26,15,-23,16,-26,19,-22,16,-23,16,-23,20,-24,20,-20,20,-26,20,-21,20,-19,20,-17,16,-20,24,-21,20,-20,23,-22,21,-21,21,-22,16,-20,19,-20,20,-19,17,-19,17,-19,14,-19,19,-14,13,-17,15,-16,13,-14,14,-16,13,-17,13,-15,10,-16,8,-16,7,0,0,0,0,0,0,0,0,0,0]"""
1782031937254,2026-06-21T17:52:17.254,safe,posture,mhw,standing_still,t017,"CSI_DATA,535529,1a:00:00:00:00:00,-44,11,-99,15,29,11,523034694,47,2,256,0,""[0,0,0,0,0,0,0,0,0,0,0,0,7,-1,5,-1,7,-1,7,0,8,-2,9,-2,10,-1,8,-1,10,-2,9,-2,11,-2,11,-2,13,-3,13,-3,14,-4,15,-3,15,-4,13,-4,16,-4,17,-7,17,-7,17,-4,17,-5,19,-7,19,-5,19,-7,17,-7,20,-7,16,-7,17,-10,16,-9,22,-11,20,-10,19,-10,19,-10,17,-13,16,-13,17,-17,16,-15,14,-15,15,-17,13,-19,15,-22,14,-21,17,-24,14,-20,15,-23,15,-23,14,-22,11,-26,11,-29,10,-24,11,-28,13,-29,8,-33,11,-32,10,-32,0,0,0,0,0,0,-33,-9,-29,-8,-39,-5,-34,-9,-28,-5,-33,-5,-30,-4,-36,-4,-28,-2,-35,-4,-33,-2,-29,-1,-30,-2,-28,0,-33,3,-30,4,-29,5,-27,4,-29,5,-26,7,-29,8,-26,8,-29,9,-28,10,-24,10,-26,9,-23,10,-26,16,-24,13,-23,15,-21,14,-24,16,-22,14,-23,17,-22,16,-29,20,-26,15,-23,16,-26,15,-22,15,-22,14,-23,19,-23,16,-20,15,-21,14,-20,15,-22,15,-20,13,-24,11,-20,9,-20,9,-19,8,-17,7,-19,7,-19,8,-16,5,-17,5,0,0,0,0,0,0,0,0,0,0]"""
1782031937264,2026-06-21T17:52:17.264,safe,posture,mhw,standing_still,t017,"CSI_DATA,535530,1a:00:00:00:00:00,-44,11,-99,15,29,11,523045694,47,2,256,0,""[0,0,0,0,0,0,0,0,0,0,0,0,-5,4,-4,5,-2,2,-4,4,-4,5,-7,4,-7,5,-7,4,-7,9,-8,5,-9,8,-8,8,-9,10,-9,9,-13,10,-9,9,-11,10,-13,10,-13,13,-15,10,-16,9,-13,13,-15,10,-13,14,-14,14,-13,14,-13,14,-17,15,-10,15,-11,17,-13,15,-14,20,-14,15,-13,16,-14,16,-11,19,-10,16,-9,22,-9,20,-9,21,-11,23,-3,21,-5,26,-5,24,-7,28,-9,22,-3,26,-8,26,-3,26,-4,28,0,32,0,32,-4,34,-2,32,5,33,1,35,0,35,0,0,0,0,0,0,36,-1,30,1,38,-2,34,0,30,-2,34,-2,27,-5,36,-5,29,-3,34,-5,32,-5,28,-2,29,-9,28,-4,29,-8,29,-10,26,-11,26,-13,29,-8,22,-14,23,-19,24,-13,26,-16,24,-15,26,-13,23,-17,21,-14,21,-19,21,-20,20,-21,21,-17,27,-19,15,-21,20,-22,21,-21,24,-23,23,-17,21,-20,24,-17,21,-19,20,-17,21,-21,19,-19,16,-17,21,-15,15,-19,19,-16,19,-14,23,-15,17,-10,19,-13,19,-7,19,-9,17,-7,16,-10,16,-8,19,-5,0,0,0,0,0,0,0,0,0,0]"""
1782031937277,2026-06-21T17:52:17.277,safe,posture,mhw,standing_still,t017,"CSI_DATA,535531,1a:00:00:00:00:00,-44,11,-99,15,29,11,523056694,47,2,256,0,""[0,0,0,0,0,0,0,0,0,0,0,0,5,-3,5,-4,3,-3,5,-4,4,-3,7,-3,9,-5,8,-3,9,-7,9,-4,9,-7,11,-8,11,-9,9,-7,10,-9,9,-7,11,-11,13,-9,15,-9,15,-9,11,-9,15,-10,14,-7,14,-11,16,-11,14,-10,14,-11,17,-13,14,-13,15,-15,15,-14,21,-17,19,-13,15,-13,17,-14,16,-15,14,-15,13,-20,13,-16,13,-19,15,-19,9,-21,9,-23,11,-24,15,-28,14,-20,13,-24,16,-23,10,-23,10,-28,10,-32,8,-29,9,-32,11,-30,8,-32,11,-34,8,-32,0,0,0,0,0,0,-34,-9,-29,-8,-36,-7,-34,-9,-27,-7,-34,-7,-27,-4,-36,-5,-26,-2,-34,-5,-33,-4,-27,-7,-30,-1,-27,-4,-33,1,-32,2,-29,2,-27,3,-30,1,-23,5,-29,7,-27,5,-32,7,-28,5,-27,2,-27,7,-26,3,-27,10,-27,9,-26,10,-26,8,-30,9,-22,13,-27,13,-27,10,-33,13,-27,7,-27,10,-29,7,-26,5,-26,7,-27,11,-26,9,-22,8,-24,5,-22,10,-27,8,-22,4,-29,4,-21,1,-22,1,-21,-2,-19,1,-20,-1,-20,0,-17,0,-17,-3,0,0,0,0,0,0,0,0,0,0]"""
1782031937288,2026-06-21T17:52:17.288,safe,posture,mhw,standing_still,t017,"CSI_DATA,535532,1a:00:00:00:00:00,-44,11,-99,20,28,11,523067694,47,2,256,0,""[0,0,0,0,0,0,0,0,0,0,0,0,-1,-6,-1,-8,-1,-8,-1,-8,-1,-10,0,-9,-2,-8,-2,-11,-1,-9,-3,-11,-2,-10,-1,-11,-1,-13,-1,-15,0,-13,0,-18,-1,-15,0,-17,0,-15,-2,-13,-4,-16,1,-18,0,-20,0,-17,0,-18,-1,-18,0,-20,-1,-18,-1,-24,-2,-19,-1,-20,0,-18,-3,-20,-3,-20,-5,-20,-4,-21,-5,-23,-4,-21,-5,-23,-10,-24,-8,-20,-9,-26,-8,-23,-11,-23,-8,-20,-15,-24,-11,-24,-17,-23,-15,-27,-17,-25,-11,-25,-16,-27,-16,-27,-19,-28,-17,-28,-18,-25,-19,-27,0,0,0,0,0,0,-28,19,-30,21,-21,18,-25,23,-33,21,-23,16,-30,24,-23,19,-26,20,-23,17,-21,19,-23,21,-21,21,-23,24,-19,19,-20,21,-19,21,-18,24,-17,20,-20,25,-16,24,-17,24,-12,19,-13,23,-16,25,-13,25,-15,30,-13,24,-15,27,-12,26,-13,27,-10,26,-17,31,-13,25,-12,28,-12,20,-11,30,-13,26,-11,27,-15,26,-13,26,-15,21,-16,23,-17,24,-15,20,-18,21,-17,17,-13,19,-12,15,-13,17,-13,15,-13,16,-13,13,-15,15,-15,11,-15,9,-16,8,0,0,0,0,0,0,0,0,0,0]"""
1782031937299,2026-06-21T17:52:17.299,safe,posture,mhw,standing_still,t017,"CSI_DATA,535533,1a:00:00:00:00:00,-44,11,-99,17,29,11,523078694,47,2,256,0,""[0,0,0,0,0,0,0,0,0,0,0,0,-2,-6,-3,-8,-2,-5,-2,-7,-1,-6,-1,-8,0,-11,1,-8,1,-11,1,-11,0,-12,1,-13,0,-14,1,-11,3,-15,3,-12,4,-16,4,-14,6,-17,6,-16,5,-12,8,-16,7,-13,8,-16,8,-17,10,-16,10,-14,14,-16,10,-13,11,-17,11,-16,14,-22,16,-16,14,-16,16,-16,13,-15,11,-16,11,-19,13,-17,12,-15,15,-16,11,-19,14,-22,16,-21,22,-26,19,-16,17,-22,20,-19,16,-19,19,-21,21,-26,19,-24,23,-22,22,-20,22,-25,25,-23,24,-22,0,0,0,0,0,0,-17,-31,-16,-25,-21,-33,-16,-31,-12,-23,-15,-32,-13,-24,-14,-32,-12,-24,-14,-34,-13,-32,-8,-26,-11,-29,-6,-25,-11,-30,-13,-28,-12,-28,-11,-25,-7,-29,-7,-22,-14,-29,-10,-24,-12,-30,-8,-30,-6,-25,-7,-28,-5,-24,-10,-28,-8,-29,-7,-26,-6,-25,-3,-31,-6,-23,-6,-30,-3,-28,-3,-37,1,-31,0,-29,3,-30,3,-25,2,-24,3,-29,3,-26,3,-23,8,-26,5,-20,7,-23,11,-21,14,-25,13,-16,12,-17,15,-14,14,-12,13,-12,15,-14,14,-11,15,-7,0,0,0,0,0,0,0,0,0,0]"""
1782031937309,2026-06-21T17:52:17.309,safe,posture,mhw,standing_still,t017,"CSI_DATA,535534,1a:00:00:00:00:00,-44,11,-99,15,29,11,523089694,47,2,256,0,""[0,0,0,0,0,0,0,0,0,0,0,0,-1,-5,-1,-7,-1,-8,1,-8,1,-8,0,-8,0,-8,-1,-10,1,-9,-1,-10,0,-13,-1,-13,-1,-11,1,-13,2,-13,3,-16,0,-15,3,-16,3,-15,3,-15,4,-15,3,-17,3,-19,3,-19,4,-19,3,-19,4,-19,2,-19,7,-23,3,-20,3,-20,5,-20,4,-22,3,-21,1,-23,2,-21,1,-21,2,-23,2,-23,0,-24,0,-21,3,-26,1,-24,-1,-27,0,-22,-3,-28,1,-26,-3,-26,-2,-27,-2,-29,-3,-29,-2,-28,-1,-30,-2,-35,-2,-33,-2,-35,-4,-32,0,0,0,0,0,0,-33,2,-35,2,-30,3,-34,1,-35,4,-30,1,-35,3,-30,4,-34,2,-30,2,-30,1,-30,5,-29,3,-30,5,-29,4,-27,5,-30,8,-28,5,-26,5,-32,5,-26,8,-27,9,-26,8,-27,8,-28,9,-26,9,-28,10,-26,10,-27,9,-28,11,-28,10,-24,10,-32,8,-28,9,-27,9,-27,8,-30,11,-27,8,-27,9,-27,7,-27,7,-27,3,-28,5,-26,4,-24,4,-27,0,-24,0,-24,2,-22,-1,-24,-1,-22,-2,-21,-1,-20,-4,-17,-4,-20,-4,-17,-5,-16,-8,0,0,0,0,0,0,0,0,0,0]"""
1782031937319,2026-06-21T17:52:17.319,safe,posture,mhw,standing_still,t017,"CSI_DATA,535535,1a:00:00:00:00:00,-44,11,-99,15,29,11,523100694,47,2,256,0,""[0,0,0,0,0,0,0,0,0,0,0,0,7,-1,7,-1,8,0,9,-1,7,-2,9,-2,10,0,9,0,10,-1,9,1,14,-1,13,0,13,-1,14,0,16,1,13,0,16,0,14,0,19,2,17,2,14,1,19,2,15,4,19,4,19,4,19,3,17,3,21,5,17,2,21,2,20,2,24,4,21,7,21,4,21,4,21,3,21,1,23,0,21,1,19,0,23,3,21,-4,26,-3,27,-2,32,-2,24,1,27,-1,28,2,26,0,27,0,32,-3,28,-4,32,-1,32,0,33,-5,34,-2,33,0,0,0,0,0,0,0,-1,-34,0,-29,1,-40,0,-33,2,-29,1,-35,0,-28,0,-34,-1,-30,2,-35,1,-34,2,-28,0,-29,2,-27,-2,-30,-2,-28,-3,-30,-3,-26,-1,-29,-5,-26,-7,-29,-5,-28,-4,-32,-2,-30,0,-27,-4,-29,-2,-26,-7,-30,-4,-28,-7,-26,-4,-27,-2,-29,-8,-26,-8,-30,-5,-29,-4,-35,1,-30,-2,-29,1,-30,1,-26,1,-26,-4,-29,1,-28,2,-24,3,-24,0,-26,2,-26,4,-23,7,-28,8,-21,7,-21,8,-19,8,-17,10,-16,8,-20,10,-15,11,-14,0,0,0,0,0,0,0,0,0,0]"""
1782031937331,2026-06-21T17:52:17.331,safe,posture,mhw,standing_still,t017,"CSI_DATA,535536,1a:00:00:00:00:00,-44,11,-99,15,29,11,523111694,47,2,256,0,""[0,0,0,0,0,0,0,0,0,0,0,0,5,-3,5,-3,5,-4,5,-4,8,-5,7,-3,7,-5,8,-8,8,-7,8,-7,10,-7,8,-7,9,-5,9,-8,10,-8,13,-8,13,-10,14,-10,13,-9,14,-10,13,-10,13,-10,13,-9,15,-14,15,-13,14,-14,15,-14,14,-13,15,-13,14,-14,14,-16,14,-17,14,-17,13,-16,11,-17,13,-16,10,-17,10,-22,11,-22,9,-21,7,-21,8,-23,8,-23,4,-27,7,-26,3,-28,3,-27,5,-28,3,-27,3,-30,2,-33,3,-28,1,-30,2,-35,0,-34,-2,-33,-2,-33,0,0,0,0,0,0,-33,2,-34,4,-34,5,-33,4,-34,4,-32,7,-33,5,-30,7,-32,8,-34,5,-29,8,-29,10,-28,8,-27,11,-27,13,-27,15,-26,16,-23,16,-22,15,-24,15,-23,17,-24,17,-21,17,-22,20,-21,20,-21,16,-20,22,-17,22,-20,22,-19,23,-19,22,-15,23,-20,22,-17,23,-15,24,-19,24,-19,26,-17,22,-17,23,-17,21,-17,21,-17,23,-19,21,-17,21,-15,21,-16,20,-17,16,-14,20,-16,17,-16,16,-16,16,-16,15,-14,11,-16,15,-17,11,-13,9,-15,8,0,0,0,0,0,0,0,0,0,0]"""
1782031937341,2026-06-21T17:52:17.341,safe,posture,mhw,standing_still,t017,"CSI_DATA,535537,1a:00:00:00:00:00,-44,11,-99,15,29,11,523122694,47,2,256,0,""[0,0,0,0,0,0,0,0,0,0,0,0,-4,4,-4,3,-4,4,-5,4,-7,4,-5,5,-7,5,-8,7,-7,5,-7,7,-9,5,-9,8,-10,9,-10,8,-13,7,-13,10,-11,10,-13,9,-13,10,-10,8,-14,8,-14,11,-15,11,-15,10,-15,11,-14,11,-15,13,-15,11,-16,14,-11,14,-14,16,-13,15,-13,15,-11,15,-13,19,-13,20,-14,19,-13,17,-11,21,-11,23,-11,21,-13,24,-10,21,-10,24,-9,22,-5,24,-7,26,-3,27,-4,28,-7,30,-8,26,-5,30,-7,30,-4,32,-4,34,-4,33,-2,32,0,0,0,0,0,0,33,5,38,5,29,1,34,1,38,0,30,2,35,0,32,0,33,0,28,1,29,-4,28,-2,33,-7,33,-5,28,-2,28,-7,30,-8,29,-4,27,-5,29,-10,26,-10,29,-9,22,-9,23,-11,26,-11,24,-15,27,-15,24,-13,26,-14,24,-16,26,-16,24,-15,26,-17,23,-17,26,-16,21,-13,21,-19,23,-17,21,-19,22,-19,24,-15,24,-13,23,-14,23,-15,23,-13,23,-13,21,-9,21,-13,17,-8,19,-9,20,-9,19,-10,19,-9,21,-7,17,-4,17,-3,17,-1,0,0,0,0,0,0,0,0,0,0]"""
1782031937353,2026-06-21T17:52:17.353,safe,posture,mhw,standing_still,t017,"CSI_DATA,535538,1a:00:00:00:00:00,-44,11,-99,15,29,11,523133694,47,2,256,0,""[0,0,0,0,0,0,0,0,0,0,0,0,-4,-4,-4,-5,-2,-5,-4,-5,-3,-7,-4,-8,-7,-9,-3,-8,-5,-9,-3,-10,-7,-11,-7,-11,-7,-11,-5,-11,-5,-13,-3,-10,-8,-15,-8,-13,-9,-16,-7,-19,-5,-16,-5,-14,-7,-15,-11,-16,-9,-17,-9,-17,-8,-14,-9,-19,-9,-15,-11,-17,-9,-15,-14,-22,-10,-20,-11,-17,-11,-19,-13,-17,-13,-15,-17,-15,-15,-15,-15,-13,-15,-16,-17,-9,-21,-14,-20,-15,-23,-20,-19,-17,-22,-16,-21,-17,-20,-14,-26,-15,-30,-13,-26,-9,-29,-16,-27,-15,-33,-13,-32,-14,-30,-16,0,0,0,0,0,0,-15,33,-13,28,-13,39,-15,32,-10,24,-15,35,-8,27,-10,34,-8,28,-14,34,-13,32,-10,26,-8,29,-8,26,-5,32,-3,30,-3,30,-2,27,-5,29,-1,24,1,30,0,26,-1,34,-3,30,-1,29,0,27,1,24,4,29,4,29,7,27,3,26,1,32,4,23,8,30,5,28,8,36,1,30,3,28,1,30,1,26,1,26,5,29,3,27,2,21,1,26,3,23,3,28,-1,23,-2,29,-2,21,-4,22,-5,20,-3,19,-4,17,-4,22,-3,17,-5,17,0,0,0,0,0,0,0,0,0,0]"""
1782031937363,2026-06-21T17:52:17.363,safe,posture,mhw,standing_still,t017,"CSI_DATA,535539,1a:00:00:00:00:00,-44,11,-99,16,29,11,523144694,47,2,256,0,""[0,0,0,0,0,0,0,0,0,0,0,0,-6,0,-6,1,-6,1,-6,1,-9,0,-9,0,-6,0,-11,1,-10,-1,-11,1,-10,2,-11,0,-13,-1,-13,0,-12,0,-17,-1,-13,-1,-18,-2,-13,0,-16,-1,-19,-1,-16,-1,-20,0,-18,0,-19,0,-18,-1,-19,-2,-19,-1,-21,-2,-19,-1,-21,-1,-18,-1,-21,3,-19,0,-21,3,-23,3,-23,3,-21,2,-24,5,-25,4,-21,5,-27,4,-23,4,-25,8,-20,6,-25,12,-24,8,-23,15,-26,10,-27,12,-26,10,-28,12,-28,11,-32,16,-28,13,-26,16,-28,16,0,0,0,0,0,0,16,30,18,33,15,25,16,28,19,34,11,27,17,33,13,25,16,31,16,24,16,25,19,26,18,26,19,26,16,24,18,21,21,24,18,21,17,18,21,25,19,19,21,24,16,16,20,17,24,18,23,17,26,19,23,17,24,17,25,17,24,18,24,15,25,21,21,17,23,18,20,15,26,17,23,18,25,15,23,18,23,19,20,18,20,18,21,19,19,17,19,20,15,18,17,17,11,15,16,18,12,18,15,13,10,17,11,19,6,17,5,15,5,17,0,0,0,0,0,0,0,0,0,0]"""
1782031937377,2026-06-21T17:52:17.377,safe,posture,mhw,standing_still,t017,"CSI_DATA,535540,1a:00:00:00:00:00,-44,11,-99,15,29,11,523155694,47,2,256,0,""[0,0,0,0,0,0,0,0,0,0,0,0,-5,-1,-5,-2,-7,-3,-7,-4,-7,-2,-8,-5,-7,-5,-5,-7,-8,-5,-7,-5,-9,-9,-8,-10,-8,-10,-8,-10,-7,-11,-8,-10,-9,-13,-9,-11,-9,-19,-5,-16,-4,-17,-5,-15,-4,-15,-7,-19,-5,-19,-4,-19,-4,-17,-4,-20,-4,-17,-5,-21,-2,-20,-3,-23,-3,-20,-4,-21,-2,-21,-1,-21,-2,-20,-5,-22,-3,-22,-4,-21,-3,-23,-5,-22,-5,-26,-4,-24,-3,-30,-1,-27,-2,-28,0,-29,-2,-26,-2,-29,-4,-32,-2,-29,0,-33,2,-33,1,-34,1,-35,2,-33,0,0,0,0,0,0,-35,-5,-28,-4,-36,-5,-32,-8,-29,-8,-35,-9,-29,-8,-34,-10,-29,-7,-35,-11,-30,-11,-27,-11,-27,-10,-26,-10,-28,-11,-28,-10,-28,-13,-26,-11,-27,-13,-23,-10,-28,-11,-26,-10,-30,-13,-28,-13,-26,-14,-23,-14,-23,-13,-27,-13,-27,-14,-24,-14,-22,-14,-26,-16,-22,-15,-27,-16,-23,-16,-26,-23,-23,-21,-20,-21,-20,-21,-16,-22,-16,-21,-19,-24,-13,-26,-14,-21,-13,-23,-11,-20,-10,-22,-8,-22,-5,-26,-3,-23,-4,-21,0,-21,1,-20,1,-17,1,-20,3,-17,4,-17,0,0,0,0,0,0,0,0,0,0]"""
1782031937387,2026-06-21T17:52:17.387,safe,posture,mhw,standing_still,t017,"CSI_DATA,535541,1a:00:00:00:00:00,-44,11,-99,15,29,11,523168398,47,2,256,0,""[0,0,0,0,0,0,0,0,0,0,0,0,3,5,4,7,3,5,4,5,5,4,5,7,5,9,3,8,5,8,4,8,9,9,9,9,8,10,8,9,9,10,9,9,10,13,10,9,11,13,13,16,10,13,9,13,10,14,15,13,15,13,14,13,14,13,16,14,14,10,19,9,17,11,22,13,17,11,19,13,19,11,19,9,17,5,23,4,21,5,21,4,23,4,23,-1,27,2,26,0,32,1,27,3,26,-1,28,0,26,0,28,-3,30,-9,27,-8,30,-8,30,-5,32,-14,32,-11,32,-11,0,0,0,0,0,0,-13,-32,-13,-27,-16,-36,-14,-30,-14,-27,-17,-32,-15,-24,-20,-30,-17,-22,-20,-30,-17,-27,-15,-23,-17,-22,-17,-21,-23,-20,-23,-20,-23,-17,-23,-15,-22,-17,-22,-13,-28,-13,-27,-13,-29,-14,-26,-15,-24,-13,-24,-11,-24,-9,-29,-4,-28,-4,-28,-4,-24,-5,-32,-8,-27,-1,-28,0,-29,0,-36,-3,-28,-7,-27,-4,-29,-7,-27,-3,-26,-2,-30,0,-27,-1,-24,0,-26,-2,-24,0,-26,0,-22,-3,-28,-5,-21,-5,-22,-7,-19,-8,-19,-4,-17,-5,-21,-4,-17,-4,-16,-7,0,0,0,0,0,0,0,0,0,0]"""
1782031937398,2026-06-21T17:52:17.398,safe,posture,mhw,standing_still,t017,"CSI_DATA,535542,1a:00:00:00:00:00,-44,11,-99,15,29,11,523178686,47,2,256,0,""[0,0,0,0,0,0,0,0,0,0,0,0,-5,1,-7,2,-5,2,-8,2,-7,4,-8,2,-9,2,-8,2,-9,2,-10,4,-13,3,-13,4,-13,5,-11,4,-14,5,-13,4,-15,7,-13,5,-16,5,-16,8,-14,7,-17,5,-16,5,-17,8,-17,10,-16,9,-16,7,-17,8,-15,9,-19,11,-16,10,-21,14,-19,13,-16,13,-15,14,-16,13,-14,15,-14,19,-15,16,-11,16,-13,19,-10,20,-10,23,-9,24,-13,28,-13,22,-10,27,-13,23,-9,24,-7,27,-8,32,-7,28,-7,33,-9,33,-4,33,-4,34,-5,33,0,0,0,0,0,0,32,1,30,1,39,0,33,1,30,1,35,-1,30,-1,34,-2,30,-4,35,-1,33,-3,30,-2,27,-4,27,-5,32,-9,29,-10,27,-10,24,-10,26,-10,26,-11,27,-15,23,-15,28,-15,26,-15,23,-14,23,-14,22,-15,20,-21,21,-19,21,-20,20,-17,22,-21,19,-19,20,-22,19,-21,24,-27,22,-21,20,-21,21,-21,20,-19,20,-19,19,-23,20,-20,15,-17,17,-19,16,-19,19,-19,16,-16,22,-16,17,-14,19,-13,17,-13,14,-11,17,-9,15,-11,13,-9,15,-9,0,0,0,0,0,0,0,0,0,0]"""
1782031937408,2026-06-21T17:52:17.408,safe,posture,mhw,standing_still,t017,"CSI_DATA,535543,1a:00:00:00:00:00,-44,11,-99,15,29,11,523188694,47,2,256,0,""[0,0,0,0,0,0,0,0,0,0,0,0,-5,2,-7,2,-5,1,-8,1,-7,2,-9,1,-10,2,-9,1,-11,4,-10,2,-11,3,-13,3,-13,2,-11,5,-15,3,-13,3,-15,4,-16,3,-16,4,-16,3,-14,1,-17,5,-17,2,-19,5,-19,4,-17,5,-17,5,-19,5,-16,7,-19,8,-19,8,-22,10,-22,8,-20,9,-20,9,-17,11,-17,11,-17,16,-15,15,-15,15,-19,14,-13,19,-14,20,-16,21,-20,26,-17,19,-15,21,-19,22,-15,20,-15,24,-13,29,-11,27,-15,28,-16,28,-8,34,-14,32,-14,32,0,0,0,0,0,0,33,14,30,11,38,11,32,13,28,8,33,9,28,7,34,8,30,5,35,9,33,7,28,8,29,4,27,5,32,1,28,-1,30,-1,27,-3,30,1,24,-3,29,-7,26,-5,30,-7,29,-3,27,-3,28,-5,26,-5,26,-11,27,-10,26,-10,26,-9,29,-10,23,-13,26,-14,24,-11,32,-16,29,-8,27,-10,30,-9,24,-8,26,-11,26,-15,24,-11,21,-10,23,-8,21,-11,24,-13,23,-7,27,-8,21,-4,22,-4,20,-1,19,-3,20,-1,21,-2,17,-3,17,-1,0,0,0,0,0,0,0,0,0,0]"""
1782031937420,2026-06-21T17:52:17.420,safe,posture,mhw,standing_still,t017,"CSI_DATA,535544,1a:00:00:00:00:00,-44,11,-99,16,29,11,523200776,47,2,256,0,""[0,0,0,0,0,0,0,0,0,0,0,0,-2,-5,-3,-4,-1,-6,-2,-6,-2,-8,-1,-8,-2,-6,-4,-10,-3,-10,-3,-11,-3,-12,-2,-12,-2,-12,-3,-13,-2,-13,-4,-17,-3,-13,-3,-17,-5,-12,-3,-17,-3,-18,-4,-16,-5,-19,-4,-17,-4,-17,-3,-18,-3,-20,-5,-18,-5,-21,-8,-19,-6,-20,-6,-17,-9,-17,-10,-18,-11,-18,-13,-19,-12,-20,-11,-18,-11,-20,-15,-20,-15,-18,-17,-19,-16,-19,-18,-19,-15,-16,-19,-15,-19,-16,-24,-15,-23,-17,-25,-19,-19,-18,-25,-20,-24,-19,-26,-18,-26,-19,-27,-17,-28,-16,0,0,0,0,0,0,-18,28,-18,32,-13,24,-13,30,-18,34,-16,26,-16,31,-13,28,-16,31,-12,25,-9,26,-10,28,-8,31,-9,31,-9,27,-9,28,-8,30,-8,30,-5,27,-4,32,-2,27,-2,30,0,24,1,25,1,28,2,30,1,32,1,27,0,31,3,30,2,31,4,30,3,32,4,26,4,30,3,25,5,27,3,26,4,28,4,30,4,30,-1,26,1,28,0,28,1,26,0,26,-2,25,1,25,-1,20,1,23,-1,20,0,21,-2,21,-3,19,-3,17,-5,18,-6,16,0,0,0,0,0,0,0,0,0,0]"""
1782031937431,2026-06-21T17:52:17.431,safe,posture,mhw,standing_still,t017,"CSI_DATA,535545,1a:00:00:00:00:00,-44,11,-99,16,29,11,523210694,47,2,256,0,""[0,0,0,0,0,0,0,0,0,0,0,0,-6,-2,-4,-3,-5,-4,-4,-4,-6,-5,-4,-4,-8,-6,-6,-6,-5,-9,-8,-8,-8,-9,-8,-9,-8,-9,-6,-11,-5,-11,-6,-16,-6,-13,-5,-13,-5,-15,-6,-15,-8,-15,-5,-16,-6,-17,-5,-18,-4,-17,-4,-17,-4,-17,-5,-17,-3,-21,-4,-20,-3,-20,-3,-20,-4,-23,-3,-20,-5,-21,-4,-21,-3,-20,-5,-23,-2,-23,-5,-24,-6,-21,-4,-25,-4,-23,-8,-24,-5,-24,-8,-26,-5,-26,-8,-25,-4,-27,-5,-26,-4,-30,-4,-30,-3,-31,-3,-35,-4,-32,-3,-32,-5,-35,0,0,0,0,0,0,-32,-2,-35,1,-31,1,-34,0,-34,0,-32,0,-34,-2,-31,-2,-32,-3,-31,-4,-31,-3,-30,-2,-27,-6,-31,-2,-30,-3,-28,-2,-31,-1,-28,-2,-26,-2,-30,-4,-28,-3,-28,-2,-26,-3,-27,-2,-30,-2,-26,-4,-31,-2,-28,-2,-30,-4,-30,-3,-28,-3,-26,-3,-30,-8,-27,-5,-27,-6,-27,-10,-31,-6,-27,-9,-28,-9,-23,-11,-23,-12,-24,-13,-23,-16,-23,-15,-20,-12,-21,-18,-17,-18,-19,-15,-16,-16,-17,-18,-12,-19,-11,-17,-9,-16,-10,-18,-6,-19,-4,-18,-2,-18,0,0,0,0,0,0,0,0,0,0]"""
1782031937439,2026-06-21T17:52:17.439,safe,posture,mhw,standing_still,t017,"CSI_DATA,535546,1a:00:00:00:00:00,-44,11,-99,15,29,11,523221694,47,2,256,0,""[0,0,0,0,0,0,0,0,0,0,0,0,4,4,3,4,2,7,3,5,3,7,3,8,3,8,5,11,3,9,3,10,3,10,3,11,3,13,3,13,2,11,2,16,2,15,0,16,0,15,-1,16,-3,20,0,17,0,20,-2,19,-2,19,-3,19,-4,19,-2,19,-7,21,-5,20,-5,19,-5,20,-3,22,-5,21,-4,21,-5,21,-7,22,-8,22,-7,23,-5,26,-4,24,-8,24,-8,23,-5,27,-7,20,-5,29,-7,24,-3,27,-8,28,-9,28,-10,27,-13,27,-14,29,-13,32,-15,29,-13,28,-13,30,0,0,0,0,0,0,28,17,33,20,28,14,28,19,30,21,23,19,28,23,24,21,24,21,22,20,21,17,26,20,21,21,28,20,22,20,21,19,23,17,21,21,20,19,22,23,22,20,22,21,19,17,20,17,23,20,20,22,23,22,22,19,19,22,21,21,21,22,19,20,19,26,16,23,16,23,14,22,19,26,15,26,15,26,13,27,9,27,8,26,8,27,8,27,5,24,3,28,0,23,3,22,-1,20,1,23,-2,22,-1,21,-3,19,-3,20,-7,16,-8,17,-8,15,0,0,0,0,0,0,0,0,0,0]"""
1782031937453,2026-06-21T17:52:17.453,safe,posture,mhw,standing_still,t017,"CSI_DATA,535547,1a:00:00:00:00:00,-44,11,-99,15,29,11,523232694,47,2,256,0,""[0,0,0,0,0,0,0,0,0,0,0,0,4,-5,3,-4,5,-5,5,-4,4,-5,4,-4,4,-7,5,-8,7,-7,8,-8,9,-7,7,-8,9,-8,9,-8,9,-8,13,-9,11,-10,14,-9,13,-8,13,-11,11,-14,14,-9,14,-11,15,-11,15,-11,15,-10,16,-11,14,-11,19,-10,17,-10,16,-11,17,-11,17,-14,16,-15,14,-15,15,-14,16,-15,16,-16,16,-17,16,-17,14,-17,17,-19,17,-15,15,-22,14,-17,16,-23,16,-22,11,-24,16,-22,16,-26,17,-24,17,-24,17,-23,20,-30,21,-26,17,-27,19,-29,0,0,0,0,0,0,-24,-16,-29,-19,-28,-17,-28,-17,-29,-20,-26,-19,-29,-20,-26,-16,-28,-19,-24,-15,-28,-16,-28,-13,-23,-14,-28,-13,-26,-14,-26,-13,-28,-11,-27,-11,-24,-10,-28,-13,-24,-11,-28,-10,-24,-9,-28,-9,-30,-8,-27,-8,-29,-7,-28,-7,-29,-8,-30,-7,-29,-5,-26,-4,-30,-11,-27,-9,-28,-7,-24,-9,-32,-7,-28,-9,-29,-5,-27,-10,-26,-9,-26,-13,-26,-13,-23,-13,-21,-9,-23,-15,-19,-14,-21,-11,-15,-13,-21,-13,-16,-13,-17,-13,-14,-15,-15,-13,-13,-14,-10,-14,-10,-13,0,0,0,0,0,0,0,0,0,0]"""
1782031937462,2026-06-21T17:52:17.462,safe,posture,mhw,standing_still,t017,"CSI_DATA,535548,1a:00:00:00:00:00,-44,11,-99,15,29,11,523243694,47,2,256,0,""[0,0,0,0,0,0,0,0,0,0,0,0,-3,4,-4,5,-5,5,-7,7,-3,5,-5,8,-7,8,-5,8,-4,10,-7,9,-5,8,-7,10,-7,11,-7,13,-9,14,-8,11,-8,15,-9,11,-10,14,-7,15,-7,14,-9,17,-8,14,-9,17,-9,17,-7,16,-8,16,-9,19,-4,17,-4,21,-7,17,-5,23,-5,19,-4,22,-3,22,-1,21,-1,20,1,23,1,22,1,22,1,26,5,21,7,24,3,24,8,27,5,23,11,26,9,26,11,24,11,24,15,26,15,24,15,30,14,26,19,28,21,28,20,27,0,0,0,0,0,0,28,-22,24,-20,28,-24,24,-21,21,-21,27,-22,19,-20,26,-26,21,-21,22,-24,20,-24,17,-22,16,-27,14,-23,15,-26,13,-27,11,-28,9,-24,13,-29,5,-24,5,-30,8,-26,4,-29,5,-29,5,-26,1,-29,2,-27,1,-28,0,-29,-1,-28,0,-27,0,-33,-5,-24,-5,-30,-1,-29,-4,-35,-2,-28,-5,-30,-2,-29,-4,-28,-3,-27,-5,-27,-5,-28,-4,-26,-2,-27,-5,-23,-3,-26,-3,-23,-2,-26,0,-21,-1,-22,0,-20,-1,-21,0,-19,0,-20,2,-19,2,-19,0,0,0,0,0,0,0,0,0,0]"""
1782031937473,2026-06-21T17:52:17.473,safe,posture,mhw,standing_still,t017,"CSI_DATA,535549,1a:00:00:00:00:00,-44,11,-99,15,29,11,523254694,47,2,256,0,""[0,0,0,0,0,0,0,0,0,0,0,0,7,-1,7,-2,8,-2,8,-2,9,-1,8,-3,8,-3,8,-2,9,-4,10,-4,9,-2,14,-2,13,-4,14,-4,15,-4,14,-4,15,-4,15,-5,14,-5,16,-5,16,-7,17,-5,16,-5,17,-5,19,-7,16,-8,19,-7,21,-10,17,-9,19,-11,17,-10,17,-11,15,-13,15,-13,15,-15,16,-16,15,-15,15,-14,15,-14,14,-21,15,-19,13,-20,13,-20,13,-22,10,-22,10,-21,8,-24,8,-27,8,-28,9,-28,8,-29,9,-30,10,-32,7,-30,9,-34,4,-33,7,-30,0,0,0,0,0,0,-36,-5,-35,-4,-33,-3,-34,-1,-33,-1,-34,-4,-33,0,-33,0,-32,-1,-30,2,-28,3,-28,3,-33,8,-29,4,-28,2,-29,7,-29,8,-29,8,-29,8,-27,11,-24,15,-27,13,-23,14,-22,14,-23,16,-26,19,-24,16,-22,14,-26,19,-20,16,-23,17,-26,21,-20,22,-21,21,-21,21,-21,22,-19,20,-19,22,-21,21,-20,22,-20,20,-21,17,-20,19,-21,20,-21,17,-17,16,-20,16,-19,16,-17,15,-15,14,-16,13,-17,13,-17,14,-17,10,-14,8,-17,7,-16,7,0,0,0,0,0,0,0,0,0,0]"""
1782031937484,2026-06-21T17:52:17.484,safe,posture,mhw,standing_still,t017,"CSI_DATA,535550,1a:00:00:00:00:00,-44,11,-99,16,29,11,523265694,47,2,256,0,""[0,0,0,0,0,0,0,0,0,0,0,0,-2,5,-4,5,-4,5,-4,5,-5,5,-6,5,-8,8,-6,8,-8,4,-6,8,-9,8,-10,6,-11,9,-11,8,-12,5,-13,6,-12,8,-12,6,-15,8,-17,8,-18,9,-16,5,-18,10,-16,9,-16,6,-17,6,-17,5,-17,6,-19,5,-19,5,-19,5,-20,6,-20,8,-21,6,-19,8,-18,8,-21,9,-23,10,-23,9,-20,10,-19,11,-24,8,-25,9,-21,13,-23,11,-26,13,-24,12,-24,15,-26,11,-27,12,-27,12,-24,12,-27,12,-33,12,-27,13,-28,13,-30,13,0,0,0,0,0,0,10,31,13,32,15,32,10,32,10,32,9,30,10,33,9,32,10,32,8,33,10,30,9,31,6,27,11,28,9,27,10,27,13,27,10,26,9,24,9,30,10,26,10,26,10,26,9,27,12,27,8,25,12,28,12,25,12,26,11,26,11,26,11,26,8,28,10,27,9,26,6,28,10,31,4,28,8,27,3,26,3,28,2,30,1,28,2,26,2,25,-3,26,-4,23,-2,24,-4,24,-5,23,-6,20,-6,20,-9,18,-8,18,-8,18,-8,13,-12,13,0,0,0,0,0,0,0,0,0,0]"""
1782031937496,2026-06-21T17:52:17.496,safe,posture,mhw,standing_still,t017,"CSI_DATA,535551,1a:00:00:00:00:00,-44,11,-99,17,29,11,523276694,47,2,256,0,""[0,0,0,0,0,0,0,0,0,0,0,0,2,-7,2,-6,1,-7,1,-7,3,-8,2,-8,2,-7,3,-8,3,-10,3,-11,5,-8,5,-11,6,-10,7,-12,8,-12,8,-11,8,-12,12,-12,7,-8,10,-13,11,-14,13,-14,12,-14,15,-10,15,-12,13,-12,16,-12,15,-12,16,-11,14,-12,17,-12,14,-11,15,-13,15,-14,15,-16,17,-15,16,-14,17,-12,17,-15,19,-16,19,-15,20,-16,20,-15,19,-17,16,-15,16,-17,19,-19,17,-21,21,-20,21,-21,21,-17,26,-20,25,-19,23,-21,28,-16,25,-21,25,-23,0,0,0,0,0,0,-15,-30,-20,-33,-15,-26,-15,-30,-20,-32,-12,-29,-16,-30,-13,-29,-11,-30,-11,-24,-15,-23,-14,-25,-16,-29,-16,-26,-8,-25,-13,-26,-15,-24,-13,-28,-12,-24,-14,-26,-14,-23,-14,-28,-12,-19,-14,-21,-14,-24,-16,-25,-16,-26,-10,-22,-13,-25,-14,-24,-13,-28,-13,-26,-12,-28,-12,-26,-10,-29,-11,-25,-11,-26,-11,-25,-13,-28,-8,-28,-8,-29,-2,-26,-3,-28,-2,-28,-1,-26,1,-26,2,-23,3,-24,2,-19,2,-21,2,-21,3,-21,5,-21,5,-19,8,-16,10,-16,11,-14,0,0,0,0,0,0,0,0,0,0]"""
1782031937505,2026-06-21T17:52:17.505,safe,posture,mhw,standing_still,t017,"CSI_DATA,535552,1a:00:00:00:00:00,-44,11,-99,15,29,11,523287694,47,2,256,0,""[0,0,0,0,0,0,0,0,0,0,0,0,-8,-2,-5,-3,-8,-2,-5,-3,-7,-4,-5,-3,-8,-3,-9,-3,-9,-4,-11,-3,-10,-4,-11,-4,-11,-3,-14,-7,-11,-4,-16,-9,-13,-5,-15,-8,-15,-7,-13,-7,-14,-9,-16,-7,-17,-8,-16,-8,-16,-8,-17,-8,-17,-9,-16,-8,-19,-10,-16,-7,-20,-9,-16,-5,-20,-5,-20,-5,-22,-5,-22,-5,-21,-7,-21,-7,-23,-5,-26,-2,-22,-3,-26,-3,-23,-3,-27,-3,-21,-1,-27,1,-28,-1,-28,2,-29,4,-30,2,-28,2,-32,0,-33,1,-33,3,-34,2,-32,3,-32,3,0,0,0,0,0,0,3,33,4,39,7,28,3,34,5,38,3,30,4,34,5,30,5,34,7,26,8,29,7,29,10,30,10,30,8,28,9,27,11,29,10,29,9,26,14,28,14,23,14,28,13,20,15,23,14,26,17,23,19,26,15,23,16,24,19,23,16,26,19,22,19,27,17,22,17,22,14,21,20,22,17,23,20,22,17,23,16,23,13,22,15,24,15,24,14,21,11,26,10,21,11,22,7,16,10,21,8,21,9,19,7,21,5,20,4,19,2,19,1,17,0,0,0,0,0,0,0,0,0,0]"""
1782031937518,2026-06-21T17:52:17.518,safe,posture,mhw,standing_still,t017,"CSI_DATA,535553,1a:00:00:00:00:00,-44,11,-99,15,29,11,523298694,47,2,256,0,""[0,0,0,0,0,0,0,0,0,0,0,0,5,0,7,1,8,0,8,0,7,1,7,0,9,0,9,1,11,0,9,2,11,2,14,2,13,2,15,3,15,2,15,3,16,3,16,3,13,3,16,4,21,4,19,4,19,5,17,7,19,5,17,4,20,5,17,7,22,4,20,3,21,5,19,3,19,2,20,2,21,3,23,0,23,2,22,1,22,2,26,1,22,0,27,-1,24,-1,27,-1,23,-1,24,-4,26,-4,27,-4,27,-5,30,-7,29,-3,32,-5,32,-4,34,-5,33,-5,32,-8,33,-7,0,0,0,0,0,0,-7,-34,-7,-34,-7,-32,-8,-34,-5,-35,-4,-32,-8,-33,-8,-30,-7,-32,-7,-26,-9,-27,-9,-29,-13,-32,-11,-30,-7,-28,-8,-28,-11,-27,-10,-28,-11,-27,-14,-26,-14,-24,-14,-27,-14,-21,-14,-22,-15,-26,-17,-24,-16,-27,-13,-24,-15,-26,-16,-22,-15,-26,-16,-24,-19,-24,-16,-22,-16,-24,-15,-23,-16,-22,-17,-22,-16,-23,-17,-24,-16,-27,-11,-23,-13,-24,-13,-26,-9,-24,-11,-23,-9,-23,-8,-26,-5,-20,-4,-20,-5,-19,-5,-20,-7,-22,-2,-20,-2,-16,0,-16,2,-16,0,0,0,0,0,0,0,0,0,0]"""
1782031937529,2026-06-21T17:52:17.529,safe,posture,mhw,standing_still,t017,"CSI_DATA,535554,1a:00:00:00:00:00,-44,11,-99,15,29,11,523309694,47,2,256,0,""[0,0,0,0,0,0,0,0,0,0,0,0,-2,5,-2,5,-2,7,-3,5,-3,8,-4,7,-5,8,-4,9,-7,7,-5,8,-7,10,-7,10,-9,10,-9,9,-10,9,-14,8,-14,9,-13,10,-14,9,-16,8,-17,10,-15,5,-16,7,-16,8,-17,7,-17,7,-17,7,-20,7,-20,3,-21,4,-20,5,-22,4,-23,5,-20,5,-21,5,-22,3,-20,4,-23,3,-22,4,-22,4,-23,4,-24,4,-26,3,-23,4,-28,2,-28,3,-28,3,-28,2,-28,2,-28,3,-33,4,-29,1,-32,0,-33,-2,-35,-1,-34,0,-34,-1,0,0,0,0,0,0,-7,34,-7,32,-5,35,-9,32,-7,32,-9,30,-11,30,-13,32,-10,30,-13,29,-13,29,-11,29,-11,27,-13,28,-11,29,-11,27,-11,29,-10,26,-13,24,-15,26,-13,26,-13,27,-16,27,-15,28,-13,24,-15,21,-14,24,-13,28,-15,26,-14,26,-15,23,-16,26,-19,22,-19,23,-17,21,-24,22,-22,21,-21,20,-22,19,-23,15,-21,15,-24,15,-24,13,-22,14,-23,9,-23,8,-24,5,-23,7,-22,4,-23,2,-23,1,-21,-1,-20,-2,-19,-3,-19,-4,-16,-5,-15,-5,0,0,0,0,0,0,0,0,0,0]"""
1782031937539,2026-06-21T17:52:17.539,safe,posture,mhw,standing_still,t017,"CSI_DATA,535555,1a:00:00:00:00:00,-44,11,-99,15,29,11,523320694,47,2,256,0,""[0,0,0,0,0,0,0,0,0,0,0,0,-5,4,-4,4,-5,5,-4,4,-7,5,-7,4,-4,5,-7,8,-7,7,-7,9,-7,9,-7,9,-9,9,-9,10,-8,9,-11,11,-9,13,-11,14,-9,10,-8,14,-8,15,-10,15,-11,16,-10,14,-13,14,-9,17,-10,19,-8,16,-11,19,-8,16,-8,19,-8,17,-7,20,-7,20,-5,21,-3,21,-4,23,-3,22,-4,22,-2,24,-1,22,-2,28,0,24,3,26,1,22,7,28,4,26,8,27,7,28,8,29,8,27,8,28,9,32,11,32,10,29,14,30,16,32,0,0,0,0,0,0,28,-16,32,-16,27,-17,27,-17,33,-21,26,-16,28,-21,23,-17,27,-21,22,-17,22,-20,22,-23,21,-21,20,-26,19,-23,17,-21,17,-27,16,-24,13,-22,16,-27,10,-24,11,-28,8,-23,8,-27,8,-29,7,-26,8,-30,7,-29,5,-29,4,-32,3,-32,0,-28,4,-33,4,-28,2,-29,2,-24,-1,-32,3,-28,-1,-30,2,-29,0,-30,3,-28,3,-27,2,-28,1,-26,3,-27,4,-23,1,-26,2,-19,3,-23,3,-20,1,-22,4,-19,4,-20,3,-17,4,-17,5,-16,0,0,0,0,0,0,0,0,0,0]"""
1782031937551,2026-06-21T17:52:17.551,safe,posture,mhw,standing_still,t017,"CSI_DATA,535556,1a:00:00:00:00:00,-44,11,-99,19,28,11,523331694,47,2,256,0,""[0,0,0,0,0,0,0,0,0,0,0,0,-4,-7,-3,-3,-7,-8,-4,-5,-3,-8,-5,-7,-5,-5,-5,-9,-4,-9,-7,-10,-4,-9,-5,-10,-4,-10,-5,-13,-4,-13,-4,-17,-4,-11,-4,-16,-3,-14,-1,-15,-2,-19,-4,-17,-5,-21,-4,-19,-4,-20,-3,-19,-3,-21,-4,-19,-1,-22,-3,-17,-2,-21,-3,-17,-4,-21,-3,-21,-5,-21,-7,-22,-5,-24,-5,-23,-5,-22,-7,-24,-7,-21,-5,-27,-4,-22,-8,-24,-7,-20,-9,-26,-8,-27,-14,-24,-11,-29,-11,-28,-9,-26,-8,-30,-9,-30,-11,-32,-10,-30,-9,-26,-11,-32,0,0,0,0,0,0,-34,8,-38,8,-26,8,-34,8,-39,10,-29,5,-36,7,-28,7,-36,7,-26,5,-28,8,-30,8,-29,9,-32,10,-28,5,-28,9,-29,11,-29,9,-24,8,-32,11,-26,10,-29,9,-23,8,-26,10,-27,10,-28,13,-30,13,-27,10,-27,10,-28,14,-29,11,-24,10,-34,8,-26,8,-29,10,-22,8,-27,9,-28,8,-28,10,-30,5,-30,5,-26,2,-29,1,-29,3,-24,0,-28,-1,-22,-4,-24,-1,-17,-2,-23,-2,-21,-5,-22,-3,-21,-5,-21,-5,-15,-8,-16,-8,-14,-9,0,0,0,0,0,0,0,0,0,0]"""
1782031937558,2026-06-21T17:52:17.558,safe,posture,mhw,standing_still,t017,"CSI_DATA,535557,1a:00:00:00:00:00,-44,11,-99,16,29,11,523342694,47,2,256,0,""[0,0,0,0,0,0,0,0,0,0,0,0,3,5,3,4,3,8,3,6,3,8,3,8,5,9,3,9,3,9,5,10,4,12,3,10,5,11,3,13,2,11,2,18,4,17,1,17,1,15,3,15,2,16,2,18,2,19,2,17,1,19,1,20,-1,21,1,19,-3,21,-1,20,-1,20,1,18,0,23,-1,21,1,23,0,21,1,24,0,24,0,24,2,26,4,25,-1,27,0,24,3,25,0,21,4,28,0,26,6,28,2,30,3,27,2,25,-1,28,2,32,1,32,0,33,3,31,2,34,0,0,0,0,0,0,34,1,36,2,30,2,31,2,36,2,31,4,35,4,31,3,34,3,30,4,28,3,31,2,30,4,33,1,28,3,28,2,30,0,31,2,27,1,31,2,28,0,32,2,24,1,28,0,30,0,28,1,31,-1,27,0,28,1,31,-2,30,2,27,0,33,4,28,4,28,2,26,4,31,3,27,8,30,4,28,6,27,6,25,10,26,11,27,10,24,9,23,15,18,13,21,11,16,10,19,13,16,13,17,12,13,13,15,16,10,15,9,13,9,17,0,0,0,0,0,0,0,0,0,0]"""
1782031937573,2026-06-21T17:52:17.573,safe,posture,mhw,standing_still,t017,"CSI_DATA,535558,1a:00:00:00:00:00,-44,11,-99,16,29,11,523353694,47,2,256,0,""[0,0,0,0,0,0,0,0,0,0,0,0,-3,3,-6,5,-4,2,-6,4,-6,3,-9,3,-8,3,-8,3,-11,3,-9,3,-10,3,-11,3,-12,3,-13,2,-15,1,-15,2,-16,3,-17,0,-16,2,-15,2,-15,-1,-20,2,-16,-3,-17,-2,-19,-3,-20,0,-20,-3,-24,-3,-17,-3,-20,-2,-20,-3,-20,-2,-20,-2,-19,-1,-21,-2,-21,-2,-21,-2,-21,-1,-23,-2,-24,-3,-24,-4,-24,0,-26,0,-27,-2,-26,-2,-23,-2,-28,0,-28,-3,-28,-1,-30,-2,-30,-2,-32,-3,-33,-3,-30,-5,-33,-4,-34,-5,-33,-4,0,0,0,0,0,0,-10,35,-9,33,-9,32,-11,32,-10,32,-12,33,-10,28,-10,32,-11,28,-12,30,-8,30,-11,25,-9,32,-12,27,-12,27,-10,28,-9,28,-10,26,-12,30,-6,26,-8,28,-11,26,-8,26,-9,25,-11,25,-8,28,-10,27,-10,26,-11,30,-9,27,-15,27,-15,30,-11,25,-11,28,-13,25,-13,26,-12,24,-12,26,-15,26,-18,24,-15,23,-17,20,-18,19,-17,18,-21,17,-17,16,-19,16,-20,15,-20,12,-18,10,-18,10,-18,8,-18,8,-18,5,-18,5,-19,5,-18,1,0,0,0,0,0,0,0,0,0,0]"""
1782031937582,2026-06-21T17:52:17.582,safe,posture,mhw,standing_still,t017,"CSI_DATA,535559,1a:00:00:00:00:00,-44,11,-99,15,29,11,523364694,47,2,256,0,""[0,0,0,0,0,0,0,0,0,0,0,0,0,7,1,5,-2,9,-1,8,-2,9,-2,8,-2,8,0,9,0,11,-1,10,-2,11,-2,11,-3,14,-3,14,-4,14,-3,17,-2,14,-4,16,-2,13,-2,16,-2,17,-3,19,-3,19,-5,17,-5,19,-4,17,-5,20,-4,20,-5,20,-4,19,-5,20,-2,20,-3,21,1,21,1,23,1,23,0,24,0,22,0,23,0,26,2,24,2,26,1,26,3,27,4,21,5,24,7,24,9,26,9,30,8,29,4,26,7,33,8,30,9,29,8,30,10,30,11,33,0,0,0,0,0,0,33,-11,38,-10,28,-9,32,-13,34,-13,30,-9,32,-11,30,-9,33,-10,28,-9,24,-13,26,-13,29,-17,28,-17,26,-10,26,-16,26,-15,27,-14,23,-15,24,-17,21,-19,26,-17,19,-17,19,-19,20,-17,22,-20,21,-22,20,-17,23,-22,20,-22,21,-21,20,-22,22,-23,21,-21,20,-20,17,-20,16,-22,17,-22,20,-23,21,-23,20,-20,22,-15,21,-20,23,-19,22,-16,22,-16,21,-10,21,-14,16,-10,17,-13,17,-11,19,-11,17,-13,20,-10,16,-4,17,-4,17,-3,0,0,0,0,0,0,0,0,0,0]"""
1782031937595,2026-06-21T17:52:17.595,safe,posture,mhw,standing_still,t017,"CSI_DATA,535560,1a:00:00:00:00:00,-45,11,-99,15,31,11,523375694,47,2,256,0,""[0,0,0,0,0,0,0,0,0,0,0,0,-3,4,-4,6,-3,4,-4,6,-3,6,-9,6,-8,7,-8,4,-8,8,-8,5,-10,7,-10,6,-11,6,-11,8,-16,4,-12,5,-15,7,-14,4,-17,5,-16,4,-13,3,-18,3,-15,2,-19,2,-19,1,-18,2,-18,0,-22,0,-16,1,-20,0,-19,0,-25,1,-22,-1,-21,0,-21,0,-21,-1,-19,0,-24,1,-22,0,-20,1,-24,-2,-20,2,-28,0,-25,-1,-32,-2,-25,-4,-28,-1,-26,-5,-25,-1,-28,-2,-32,0,-30,0,-33,-4,-28,-5,-31,0,-33,-5,-33,-6,0,0,0,0,0,0,-14,34,-11,28,-13,38,-12,30,-11,25,-15,33,-10,25,-17,32,-11,25,-16,30,-17,29,-16,22,-16,27,-15,21,-16,27,-14,27,-16,28,-14,24,-18,27,-10,19,-14,27,-16,22,-16,29,-18,25,-16,21,-16,25,-16,20,-16,25,-17,24,-16,23,-16,20,-21,24,-16,20,-20,24,-19,20,-26,26,-25,17,-23,16,-24,16,-21,14,-20,13,-24,16,-24,14,-22,11,-26,8,-19,9,-25,10,-22,4,-28,4,-23,0,-22,0,-19,-2,-17,0,-17,-2,-19,-4,-17,-3,-16,-6,0,0,0,0,0,0,0,0,0,0]"""
1782031937605,2026-06-21T17:52:17.606,safe,posture,mhw,standing_still,t017,"CSI_DATA,535561,1a:00:00:00:00:00,-44,11,-99,15,29,11,523386694,47,2,256,0,""[0,0,0,0,0,0,0,0,0,0,0,0,-5,-3,-4,-4,-7,-4,-5,-4,-7,-4,-7,-7,-7,-3,-9,-5,-8,-5,-10,-5,-10,-5,-9,-5,-10,-7,-11,-8,-10,-8,-15,-9,-13,-7,-15,-8,-14,-9,-13,-8,-15,-5,-14,-8,-17,-10,-17,-8,-16,-8,-17,-8,-19,-8,-17,-5,-20,-7,-20,-5,-20,-4,-20,-5,-23,-4,-20,-3,-23,-1,-20,-1,-22,0,-23,0,-23,1,-26,2,-20,4,-27,4,-24,4,-26,7,-21,7,-26,14,-27,10,-23,14,-26,13,-26,13,-26,15,-27,13,-28,17,-27,17,-28,17,-24,17,-26,23,0,0,0,0,0,0,22,23,24,24,24,21,26,21,28,24,23,20,29,23,24,19,28,19,24,17,26,16,27,14,27,13,27,10,27,11,28,8,30,5,29,8,27,3,30,7,27,3,30,1,26,1,28,1,30,-2,27,-2,32,-2,29,-4,29,-3,29,-7,28,-7,27,-9,32,-5,28,-7,27,-8,27,-7,30,-10,28,-8,26,-11,27,-8,27,-9,27,-8,27,-7,27,-8,26,-10,26,-7,23,-4,24,-9,20,-7,21,-8,21,-5,21,-7,20,-3,22,-2,19,-4,17,-2,17,-2,0,0,0,0,0,0,0,0,0,0]"""
1782031937617,2026-06-21T17:52:17.617,safe,posture,mhw,standing_still,t017,"CSI_DATA,535562,1a:00:00:00:00:00,-44,11,-99,19,28,11,523397694,47,2,256,0,""[0,0,0,0,0,0,0,0,0,0,0,0,5,-2,8,-2,9,-2,5,-3,7,-2,7,-2,9,-4,8,-4,10,-7,9,-4,10,-4,11,-7,10,-4,11,-5,14,-4,14,-8,13,-9,14,-8,13,-7,13,-8,15,-5,15,-13,16,-10,16,-8,19,-10,16,-11,17,-10,19,-11,15,-14,15,-16,16,-13,14,-16,13,-15,10,-17,13,-20,13,-20,11,-20,13,-19,10,-20,10,-21,10,-23,9,-22,8,-23,9,-24,5,-23,4,-22,2,-27,3,-28,1,-28,3,-32,3,-29,3,-30,1,-32,2,-30,-1,-32,-1,-34,-2,-34,0,0,0,0,0,0,-40,3,-35,4,-30,5,-34,4,-33,7,-34,3,-32,7,-32,8,-32,9,-29,8,-27,11,-27,9,-28,16,-29,15,-27,11,-28,14,-24,16,-27,16,-27,16,-22,19,-20,20,-23,19,-19,20,-15,23,-19,21,-17,26,-19,23,-16,22,-19,24,-15,24,-19,23,-19,27,-14,26,-13,27,-15,26,-13,27,-13,26,-10,27,-11,28,-13,27,-13,26,-14,23,-14,24,-14,26,-14,22,-11,23,-13,21,-14,22,-11,19,-11,16,-10,20,-9,19,-9,19,-11,15,-11,15,-11,15,-13,14,0,0,0,0,0,0,0,0,0,0]"""
1782031937627,2026-06-21T17:52:17.627,safe,posture,mhw,standing_still,t017,"CSI_DATA,535563,1a:00:00:00:00:00,-44,11,-99,15,29,11,523408694,47,2,256,0,""[0,0,0,0,0,0,0,0,0,0,0,0,-7,2,-5,2,-7,2,-7,1,-9,2,-10,1,-8,3,-9,4,-10,3,-10,4,-11,4,-10,4,-11,5,-13,5,-13,4,-14,4,-15,5,-15,7,-16,4,-15,4,-16,3,-16,7,-17,7,-17,9,-16,8,-19,8,-17,8,-16,9,-19,9,-17,10,-17,11,-21,13,-19,13,-17,13,-16,15,-15,15,-16,15,-16,17,-16,15,-14,17,-14,19,-14,19,-13,22,-13,23,-15,24,-14,24,-10,26,-10,24,-11,24,-11,27,-11,28,-9,27,-9,29,-11,30,-9,32,-10,33,-4,32,0,0,0,0,0,0,32,4,35,3,35,4,35,7,32,4,32,3,33,4,32,3,33,1,32,3,33,1,33,-2,29,-1,30,-3,30,-4,28,-3,30,-5,28,-5,28,-7,28,-7,27,-10,27,-10,27,-10,28,-11,27,-13,24,-13,26,-15,23,-16,24,-16,23,-17,24,-15,23,-16,24,-16,23,-19,23,-17,26,-19,24,-19,23,-19,22,-16,22,-15,22,-15,23,-19,24,-16,21,-15,20,-13,21,-15,22,-14,21,-14,21,-10,20,-10,20,-10,20,-9,17,-7,19,-7,15,-8,16,-4,17,-3,0,0,0,0,0,0,0,0,0,0]"""
1782031937642,2026-06-21T17:52:17.642,safe,posture,mhw,standing_still,t017,"CSI_DATA,535564,1a:00:00:00:00:00,-44,11,-99,15,29,11,523419694,47,2,256,0,""[0,0,0,0,0,0,0,0,0,0,0,0,5,-3,7,-2,8,-3,8,-2,7,-1,10,-2,10,-3,9,-2,9,-2,10,-3,11,-4,13,-2,13,-4,14,-4,13,-4,14,-4,15,-4,14,-5,16,-5,17,-7,17,-8,19,-3,16,-4,19,-5,19,-7,19,-5,17,-5,19,-7,19,-5,19,-8,17,-9,22,-10,19,-10,20,-9,19,-10,19,-11,19,-11,19,-16,20,-14,16,-14,16,-14,17,-16,17,-19,16,-21,20,-20,16,-21,16,-21,17,-22,16,-21,16,-24,17,-27,15,-24,16,-24,17,-27,14,-29,16,-27,16,-32,0,0,0,0,0,0,-28,-13,-33,-13,-36,-14,-30,-11,-30,-13,-30,-13,-30,-11,-32,-11,-32,-8,-30,-11,-30,-10,-30,-7,-27,-8,-30,-5,-32,-4,-29,-2,-29,-1,-29,-1,-28,0,-30,-1,-30,1,-29,3,-30,2,-29,2,-29,2,-27,2,-29,4,-29,7,-30,7,-28,8,-27,7,-28,8,-28,8,-28,7,-28,8,-30,8,-30,8,-27,8,-29,7,-27,5,-26,7,-29,9,-27,5,-26,7,-24,7,-26,5,-24,4,-24,4,-26,2,-23,1,-21,2,-20,1,-19,-1,-19,-1,-21,-1,-19,-2,-16,0,0,0,0,0,0,0,0,0,0,0]"""
1782031937649,2026-06-21T17:52:17.649,safe,posture,mhw,standing_still,t017,"CSI_DATA,535565,1a:00:00:00:00:00,-44,11,-99,17,29,11,523430694,47,2,256,0,""[0,0,0,0,0,0,0,0,0,0,0,0,-4,6,-5,4,-6,4,-4,4,-5,6,-6,5,-5,5,-8,7,-8,6,-10,5,-10,5,-10,5,-11,6,-13,6,-12,3,-16,6,-13,5,-15,4,-13,3,-13,7,-15,6,-17,5,-20,4,-17,1,-20,2,-19,3,-20,1,-19,3,-23,1,-19,3,-21,1,-19,1,-21,4,-20,3,-22,4,-24,5,-23,3,-22,1,-24,1,-24,3,-24,3,-26,3,-23,0,-25,5,-20,3,-25,5,-25,3,-28,8,-31,4,-31,5,-26,2,-31,1,-32,1,-33,2,-31,2,-31,1,-34,3,0,0,0,0,0,0,-1,33,-3,39,-1,28,0,33,-4,38,-4,29,-4,37,-3,30,-5,34,-4,28,-3,26,-2,31,-2,32,-4,33,-6,26,-5,29,-3,29,-6,31,-4,24,-4,33,-2,28,-5,31,-3,22,-2,25,-4,29,-2,30,-5,31,-5,25,-6,29,-5,30,-7,30,-5,29,-10,32,-6,28,-6,28,-7,24,-7,29,-8,26,-8,29,-12,28,-14,26,-15,22,-15,24,-17,24,-15,21,-17,21,-16,16,-16,20,-13,12,-15,16,-15,13,-16,14,-17,11,-20,8,-16,6,-16,5,-19,3,0,0,0,0,0,0,0,0,0,0]"""
1782031937661,2026-06-21T17:52:17.661,safe,posture,mhw,standing_still,t017,"CSI_DATA,535566,1a:00:00:00:00:00,-44,11,-99,20,28,11,523441694,47,2,256,0,""[0,0,0,0,0,0,0,0,0,0,0,0,-4,-1,-6,-2,-6,-1,-8,-2,-6,-3,-8,-4,-6,-6,-6,-5,-9,-5,-8,-6,-10,-8,-10,-8,-10,-8,-10,-8,-9,-11,-9,-9,-11,-11,-11,-12,-10,-13,-9,-13,-5,-13,-10,-16,-4,-13,-9,-18,-9,-17,-8,-18,-8,-19,-5,-21,-8,-15,-10,-19,-9,-17,-9,-21,-5,-21,-5,-20,-5,-20,-6,-21,-6,-19,-10,-20,-9,-20,-9,-19,-6,-23,-12,-18,-12,-23,-9,-24,-12,-28,-4,-24,-10,-25,-4,-28,-8,-24,-8,-27,-11,-28,-12,-28,-9,-32,-8,-31,-10,-30,-10,-32,-6,-32,0,0,0,0,0,0,-33,3,-31,4,-36,1,-33,0,-28,2,-38,0,-28,1,-35,1,-28,1,-34,-2,-32,-2,-28,-3,-33,0,-27,-3,-31,-1,-30,0,-31,1,-27,0,-31,-4,-25,1,-31,2,-27,-1,-31,-2,-31,-3,-26,-5,-31,-2,-27,-3,-31,0,-30,-1,-30,-2,-27,-3,-33,-8,-25,-2,-30,-3,-27,-5,-35,-9,-27,-10,-27,-10,-27,-13,-26,-12,-24,-11,-26,-11,-25,-13,-21,-12,-21,-18,-19,-10,-21,-17,-17,-17,-19,-19,-11,-17,-11,-19,-9,-18,-8,-17,-6,-17,-9,-19,-6,-17,-3,-18,0,0,0,0,0,0,0,0,0,0]"""
1782031937672,2026-06-21T17:52:17.672,safe,posture,mhw,standing_still,t017,"CSI_DATA,535567,1a:00:00:00:00:00,-44,11,-99,15,29,11,523452694,47,2,256,0,""[0,0,0,0,0,0,0,0,0,0,0,0,-3,4,-4,5,-4,5,-5,4,-5,7,-7,5,-8,4,-8,7,-8,4,-10,8,-11,7,-10,5,-10,7,-10,7,-13,5,-17,5,-13,5,-16,4,-15,3,-15,3,-19,2,-17,1,-19,3,-17,3,-19,2,-21,2,-19,1,-20,1,-23,-2,-20,0,-20,-1,-20,-2,-23,0,-20,-1,-22,1,-22,-2,-22,-2,-23,-2,-23,-2,-23,-2,-22,0,-26,-4,-24,-4,-24,0,-23,-3,-28,-2,-27,-4,-29,0,-29,-5,-29,-4,-28,-4,-29,-5,-29,-8,-32,-11,-32,-9,-30,-10,-32,-9,0,0,0,0,0,0,-15,29,-11,33,-10,30,-17,30,-16,32,-15,27,-20,30,-17,28,-20,27,-19,24,-19,26,-17,27,-19,23,-16,26,-16,26,-16,24,-15,27,-16,23,-16,21,-20,24,-16,21,-19,24,-16,22,-17,21,-17,26,-19,20,-19,23,-17,23,-19,21,-20,23,-20,22,-17,20,-24,20,-22,19,-21,17,-23,15,-26,19,-23,15,-24,15,-26,13,-27,14,-27,10,-27,10,-28,8,-24,8,-26,4,-24,2,-23,3,-22,1,-22,1,-21,-1,-20,-2,-19,-4,-21,-4,-17,-7,-16,-8,-15,-9,0,0,0,0,0,0,0,0,0,0]"""
1782031937682,2026-06-21T17:52:17.682,safe,posture,mhw,standing_still,t017,"CSI_DATA,535568,1a:00:00:00:00:00,-44,11,-99,16,29,11,523463694,47,2,256,0,""[0,0,0,0,0,0,0,0,0,0,0,0,4,5,3,4,5,6,4,5,5,8,3,6,5,6,4,9,5,6,5,10,5,10,6,11,6,11,8,11,4,12,9,17,6,15,4,17,5,12,4,15,5,19,5,16,8,20,4,17,8,18,5,18,5,20,6,17,5,23,6,17,6,20,5,17,8,19,8,20,10,19,11,21,10,21,8,20,11,20,13,21,11,20,11,25,10,20,15,21,9,18,17,21,13,23,18,19,17,24,19,24,16,21,17,26,17,27,18,28,17,25,17,23,21,25,0,0,0,0,0,0,27,-18,32,-20,24,-16,31,-19,32,-21,26,-13,31,-19,25,-16,30,-18,23,-15,23,-16,25,-20,24,-20,25,-23,24,-18,20,-18,23,-20,24,-20,20,-19,25,-21,19,-18,23,-21,15,-18,18,-18,18,-21,19,-21,20,-25,18,-19,20,-23,19,-24,20,-24,17,-20,25,-23,20,-20,20,-21,18,-16,19,-24,20,-20,19,-23,23,-21,23,-19,21,-16,23,-16,24,-18,20,-15,25,-15,21,-9,21,-11,15,-6,20,-10,19,-6,19,-9,19,-5,18,-3,18,-3,17,-1,18,-1,0,0,0,0,0,0,0,0,0,0]"""
1782031937694,2026-06-21T17:52:17.694,safe,posture,mhw,standing_still,t017,"CSI_DATA,535569,1a:00:00:00:00:00,-44,11,-99,15,29,11,523475594,47,2,256,0,""[0,0,0,0,0,0,0,0,0,0,0,0,7,1,9,1,5,1,9,1,7,0,10,0,11,1,9,1,11,0,10,1,13,0,14,-1,13,0,14,-2,15,-1,13,2,17,0,14,-1,17,1,17,-1,16,-1,19,0,16,1,20,-1,20,-1,20,-2,17,-2,21,-2,19,-3,22,-4,20,-4,26,-4,22,-4,22,-5,23,-5,20,-5,19,-7,21,-11,21,-10,17,-11,21,-13,17,-15,20,-17,20,-19,24,-20,20,-20,17,-19,22,-17,17,-19,17,-21,17,-27,14,-24,19,-26,21,-27,15,-29,19,-32,19,-29,0,0,0,0,0,0,-30,-17,-28,-13,-35,-15,-32,-14,-26,-11,-33,-11,-28,-8,-34,-10,-29,-8,-35,-11,-30,-9,-29,-7,-28,-7,-27,-3,-32,-2,-32,-1,-29,1,-28,0,-29,-1,-26,4,-29,4,-27,4,-33,5,-29,4,-27,5,-26,4,-24,5,-26,13,-27,9,-26,10,-26,10,-28,10,-22,11,-27,15,-26,14,-35,17,-28,10,-26,13,-28,11,-23,11,-22,11,-26,16,-26,13,-22,11,-23,11,-22,11,-24,13,-22,9,-27,8,-21,7,-21,7,-20,4,-19,7,-17,3,-19,7,-16,4,-19,3,0,0,0,0,0,0,0,0,0,0]"""
1782031937705,2026-06-21T17:52:17.705,safe,posture,mhw,standing_still,t017,"CSI_DATA,535570,1a:00:00:00:00:00,-44,11,-99,12,29,11,523485752,47,2,256,0,""[0,0,0,0,0,0,0,0,0,0,0,0,11,5,-16,-23,-7,18,-19,14,-29,16,-15,11,0,-7,-1,-18,-11,10,-10,-2,-5,18,-11,-1,-12,0,-9,14,-16,-2,-12,10,-3,10,-12,9,-12,7,-20,7,-19,11,-16,6,-15,5,-15,9,-15,6,-18,5,-19,7,-16,7,-19,9,-15,9,-18,14,-14,10,-18,14,-16,12,-15,18,-16,14,-16,16,-15,15,-15,16,-15,19,-11,18,-18,23,-14,19,-12,23,-11,18,-9,24,-12,24,-9,24,-10,28,-11,28,-12,25,-12,28,-11,29,-9,32,-11,29,-10,28,-5,32,0,0,0,0,0,0,32,7,37,9,28,3,34,5,38,5,29,5,36,5,28,3,34,2,28,0,28,-1,31,0,31,-2,32,-3,28,-1,29,-2,29,-5,31,-5,25,-6,32,-7,25,-7,28,-9,22,-7,25,-10,28,-11,25,-12,28,-14,25,-12,25,-12,27,-16,27,-16,22,-18,29,-15,24,-15,24,-16,20,-15,24,-18,23,-15,20,-19,25,-16,24,-15,23,-11,25,-12,24,-14,20,-12,24,-12,22,-10,20,-14,18,-9,22,-11,19,-9,19,-10,18,-9,19,-6,18,-5,16,-5,15,-2,0,0,0,0,0,0,0,0,0,0]"""
1782031937716,2026-06-21T17:52:17.716,safe,posture,mhw,standing_still,t017,"CSI_DATA,535571,1a:00:00:00:00:00,-44,11,-99,15,29,11,523496694,47,2,256,0,""[0,0,0,0,0,0,0,0,0,0,0,0,0,-8,-1,-4,1,-8,0,-8,1,-8,1,-7,0,-8,2,-10,1,-10,1,-13,2,-11,3,-11,2,-13,4,-14,5,-11,5,-16,5,-14,9,-16,7,-13,7,-11,10,-15,8,-15,10,-17,10,-16,9,-16,9,-19,13,-16,10,-15,15,-17,11,-16,14,-16,10,-15,13,-19,13,-19,11,-19,14,-19,15,-20,14,-19,15,-20,13,-21,13,-20,15,-22,13,-19,13,-21,9,-15,14,-24,15,-21,9,-26,15,-26,15,-26,15,-23,20,-26,17,-23,21,-27,20,-28,17,-23,17,-28,0,0,0,0,0,0,-22,-22,-27,-24,-23,-19,-23,-23,-26,-26,-19,-21,-23,-27,-21,-22,-23,-26,-19,-20,-20,-20,-22,-21,-21,-22,-26,-21,-21,-21,-22,-17,-22,-19,-21,-21,-17,-17,-22,-24,-21,-19,-20,-23,-19,-15,-20,-17,-22,-21,-21,-20,-23,-21,-21,-17,-22,-21,-23,-19,-20,-21,-20,-19,-20,-26,-17,-22,-19,-23,-15,-20,-21,-23,-19,-22,-21,-22,-15,-24,-15,-24,-10,-24,-13,-26,-14,-27,-9,-23,-7,-27,-4,-24,-7,-23,-2,-19,-4,-23,-2,-22,-2,-21,1,-20,1,-22,3,-17,5,-16,5,-17,0,0,0,0,0,0,0,0,0,0]"""
1782031937724,2026-06-21T17:52:17.724,safe,posture,mhw,standing_still,t017,"CSI_DATA,535572,1a:00:00:00:00:00,-44,11,-99,15,29,11,523507694,47,2,256,0,""[0,0,0,0,0,0,0,0,0,0,0,0,5,5,4,5,5,7,4,7,4,7,5,7,4,7,5,8,5,9,4,10,3,13,3,13,3,13,3,14,3,15,3,16,3,16,3,19,3,15,1,17,2,19,3,19,1,20,0,19,0,20,0,19,-1,20,-1,21,-1,21,-1,21,-2,23,0,21,-1,20,-1,22,0,23,0,23,-1,22,-3,22,-1,23,-2,24,-2,26,0,24,-1,24,0,27,0,24,0,28,-3,28,0,29,1,29,-1,30,-2,28,-4,32,-4,30,-2,30,-4,34,-4,32,-3,34,0,0,0,0,0,0,34,8,35,10,30,9,34,10,35,10,30,14,32,10,30,10,30,14,28,10,27,10,28,11,32,9,30,11,27,14,27,10,29,10,27,13,27,13,28,9,27,8,28,13,24,8,24,8,26,10,29,9,27,11,24,11,28,13,26,11,26,13,27,13,27,13,26,13,24,16,24,15,26,14,26,14,24,15,26,17,22,19,20,20,19,20,19,23,16,21,17,21,13,19,11,22,10,20,9,21,9,19,9,20,7,20,4,22,0,19,1,17,-1,19,0,0,0,0,0,0,0,0,0,0]"""
1782031937738,2026-06-21T17:52:17.738,safe,posture,mhw,standing_still,t017,"CSI_DATA,535573,1a:00:00:00:00:00,-44,11,-99,15,29,11,523518694,47,2,256,0,""[0,0,0,0,0,0,0,0,0,0,0,0,-4,1,-7,1,-5,1,-9,0,-7,3,-10,1,-9,-1,-8,-1,-11,1,-9,-1,-11,-3,-14,-1,-13,-1,-13,-2,-15,-7,-11,-2,-15,-4,-15,-4,-17,-7,-17,-7,-15,-4,-16,-9,-13,-8,-16,-10,-16,-10,-16,-10,-14,-9,-17,-15,-14,-8,-16,-11,-16,-11,-22,-14,-15,-15,-16,-13,-16,-15,-15,-15,-15,-11,-20,-13,-19,-13,-17,-10,-19,-16,-20,-10,-24,-14,-20,-16,-26,-20,-17,-16,-23,-19,-20,-20,-21,-16,-23,-20,-24,-21,-26,-17,-23,-24,-20,-20,-26,-21,-26,-26,-21,-23,0,0,0,0,0,0,-27,20,-23,16,-34,23,-29,16,-23,14,-33,19,-23,15,-33,20,-23,14,-33,16,-33,14,-26,9,-28,14,-26,9,-28,11,-29,15,-26,14,-24,14,-29,11,-20,11,-27,14,-23,11,-29,14,-28,10,-23,8,-26,11,-24,7,-27,13,-28,11,-27,13,-24,8,-33,8,-22,10,-28,10,-27,5,-35,9,-32,2,-30,3,-30,1,-28,0,-24,1,-29,1,-28,1,-24,0,-28,-5,-22,0,-28,-5,-23,-7,-26,-10,-17,-11,-19,-10,-15,-13,-16,-11,-14,-13,-15,-11,-13,-13,-10,-15,0,0,0,0,0,0,0,0,0,0]"""
1782031937748,2026-06-21T17:52:17.748,safe,posture,mhw,standing_still,t017,"CSI_DATA,535574,1a:00:00:00:00:00,-44,11,-99,15,29,11,523529694,47,2,256,0,""[0,0,0,0,0,0,0,0,0,0,0,0,-5,-1,-5,-1,-8,-2,-8,-2,-8,-1,-9,-2,-9,0,-8,-1,-11,-1,-10,-2,-10,-1,-14,-2,-14,-1,-14,-1,-15,-3,-16,0,-15,1,-16,-1,-15,-1,-16,-1,-19,-1,-19,2,-19,1,-17,1,-21,0,-20,1,-20,1,-21,1,-19,4,-20,5,-20,3,-19,5,-19,5,-19,8,-22,9,-21,11,-20,10,-19,11,-20,11,-21,15,-21,16,-17,17,-17,19,-16,20,-16,19,-15,19,-14,22,-15,22,-13,26,-14,27,-14,26,-13,29,-14,30,-11,28,-13,30,-13,34,-8,32,0,0,0,0,0,0,35,8,36,8,34,5,33,5,35,5,32,5,32,3,34,2,32,3,29,0,29,-3,29,-1,33,-7,32,-2,29,-4,32,-5,28,-9,28,-8,28,-10,27,-13,26,-15,26,-13,22,-13,22,-15,21,-15,22,-21,23,-19,20,-17,23,-20,20,-20,21,-21,22,-23,17,-23,17,-24,19,-22,17,-23,15,-22,17,-24,17,-24,17,-24,16,-22,16,-21,14,-23,16,-24,16,-23,13,-21,15,-20,15,-21,14,-19,13,-17,13,-17,13,-17,13,-17,14,-15,11,-13,14,-13,15,-11,0,0,0,0,0,0,0,0,0,0]"""
1782031937758,2026-06-21T17:52:17.758,safe,posture,mhw,standing_still,t017,"CSI_DATA,535575,1a:00:00:00:00:00,-44,11,-99,15,29,11,523540694,47,2,256,0,""[0,0,0,0,0,0,0,0,0,0,0,0,5,4,4,2,5,4,8,3,8,4,7,3,8,4,9,7,9,5,9,5,11,7,10,7,10,8,13,5,13,7,14,8,15,9,15,8,14,8,16,10,17,11,15,8,16,7,19,7,17,9,19,7,19,8,19,5,19,8,19,5,22,5,21,4,23,4,21,3,22,3,21,3,22,1,23,-2,23,1,23,-3,22,-4,24,-3,24,-3,24,-9,27,-5,27,-9,27,-9,26,-10,24,-10,29,-11,27,-15,23,-14,27,-15,30,-16,28,-20,27,-19,29,-17,0,0,0,0,0,0,-22,-27,-21,-23,-24,-23,-26,-24,-23,-24,-22,-22,-24,-20,-24,-21,-27,-20,-24,-20,-24,-20,-28,-16,-24,-16,-27,-15,-27,-13,-26,-10,-29,-10,-27,-9,-26,-8,-28,-9,-27,-4,-29,-4,-29,-4,-30,-4,-28,-2,-27,-4,-29,-2,-29,2,-29,1,-29,2,-28,2,-29,4,-30,3,-28,5,-29,7,-32,4,-29,7,-29,4,-28,4,-28,3,-27,5,-27,5,-27,4,-27,4,-26,4,-26,3,-24,2,-24,5,-24,1,-22,3,-21,2,-21,1,-20,0,-21,2,-21,0,-17,-1,-17,-2,0,0,0,0,0,0,0,0,0,0]"""
1782031937768,2026-06-21T17:52:17.768,safe,posture,mhw,standing_still,t017,"CSI_DATA,535576,1a:00:00:00:00:00,-44,11,-99,15,29,11,523551694,47,2,256,0,""[0,0,0,0,0,0,0,0,0,0,0,0,2,5,1,8,2,7,3,9,2,7,2,9,2,9,0,9,1,10,0,9,0,11,1,14,0,13,0,13,-1,15,-1,13,0,16,-1,16,-1,19,-4,17,-5,13,-2,17,-4,17,-3,20,-3,19,-3,19,-4,17,-5,20,-3,17,-2,21,-2,20,-4,24,-5,21,-4,21,-5,23,-4,22,-3,20,-1,23,-3,22,-2,20,-3,24,1,22,1,27,-1,27,-1,32,-2,26,-1,27,-2,28,-2,26,-1,28,2,32,2,29,-1,33,-2,32,2,34,-3,36,-1,34,0,0,0,0,0,0,36,1,32,2,41,3,33,3,28,4,36,4,29,2,36,3,29,1,35,4,34,4,28,4,30,2,27,4,33,2,30,1,29,0,29,0,29,3,26,0,32,-2,27,-1,34,0,30,2,27,1,28,1,26,1,30,-4,29,0,28,-1,27,0,30,2,24,-1,30,-1,28,-1,36,0,29,5,29,2,29,5,27,5,26,4,30,4,27,5,22,4,24,7,22,4,26,7,23,8,24,13,19,11,17,11,14,14,16,10,14,13,17,13,13,11,11,14,0,0,0,0,0,0,0,0,0,0]"""
1782031937780,2026-06-21T17:52:17.780,safe,posture,mhw,standing_still,t017,"CSI_DATA,535577,1a:00:00:00:00:00,-44,11,-99,20,28,11,523562694,47,2,256,0,""[0,0,0,0,0,0,0,0,0,0,0,0,6,-1,5,0,8,0,6,-1,9,0,6,2,10,-1,13,0,10,2,13,0,12,0,13,1,12,2,15,1,12,3,17,3,15,2,18,5,13,4,13,5,16,8,16,5,19,6,18,8,17,9,18,8,18,6,16,8,20,10,19,6,19,9,17,8,21,8,20,10,21,6,23,9,23,9,21,10,23,10,26,8,20,8,26,11,21,10,26,5,19,6,28,6,25,11,27,5,31,9,30,9,26,11,28,13,27,12,32,13,28,12,26,10,32,10,0,0,0,0,0,0,12,-30,16,-35,13,-26,13,-30,18,-36,13,-25,17,-32,13,-26,17,-32,15,-25,12,-26,15,-28,12,-27,15,-32,15,-26,12,-27,13,-26,12,-27,12,-24,13,-30,10,-26,12,-28,9,-20,10,-25,12,-26,10,-26,12,-30,10,-26,13,-27,9,-28,12,-27,10,-26,16,-31,12,-25,13,-27,12,-21,12,-28,17,-25,15,-26,17,-24,18,-24,17,-20,21,-21,19,-23,17,-19,23,-18,18,-12,18,-16,17,-10,20,-13,19,-9,18,-12,18,-9,19,-6,19,-3,17,-3,17,-2,0,0,0,0,0,0,0,0,0,0]"""
1782031937791,2026-06-21T17:52:17.791,safe,posture,mhw,standing_still,t017,"CSI_DATA,535578,1a:00:00:00:00:00,-44,11,-99,19,28,11,523573694,47,2,256,0,""[0,0,0,0,0,0,0,0,0,0,0,0,-5,5,-5,4,-5,3,-7,4,-5,4,-7,5,-8,5,-8,4,-8,4,-9,5,-11,5,-11,5,-10,7,-10,7,-13,5,-15,4,-16,5,-15,4,-16,4,-17,4,-15,3,-17,3,-17,4,-19,4,-20,3,-20,3,-19,2,-19,3,-21,0,-21,2,-21,2,-22,1,-23,3,-21,1,-22,4,-20,1,-21,2,-24,3,-23,1,-22,4,-24,3,-23,2,-26,4,-23,5,-27,3,-28,4,-28,3,-27,4,-28,2,-27,3,-32,5,-30,3,-34,3,-33,1,-32,3,-33,1,-32,0,0,0,0,0,0,0,-2,33,-1,33,-1,36,0,34,-1,33,-1,34,-2,32,-3,34,-1,32,-4,35,-2,32,-3,30,-3,30,-2,29,-1,30,1,28,-1,30,-1,28,0,29,-3,28,-1,30,0,29,-2,30,-2,29,-1,28,-2,26,-2,28,0,30,-1,29,0,30,-2,28,-2,28,-4,28,-4,30,-3,28,-8,30,-5,30,-7,28,-8,29,-10,24,-8,24,-9,28,-11,26,-9,23,-11,23,-13,20,-15,20,-13,20,-16,19,-16,20,-16,14,-16,14,-15,10,-17,10,-16,10,-15,8,-15,7,0,0,0,0,0,0,0,0,0,0]"""
1782031937803,2026-06-21T17:52:17.803,safe,posture,mhw,standing_still,t017,"CSI_DATA,535579,1a:00:00:00:00:00,-45,11,-99,19,30,11,523585230,47,2,256,0,""[0,0,0,0,0,0,0,0,0,0,0,0,4,-3,4,-4,6,-3,7,-5,5,-5,7,-5,8,-4,8,-3,8,-6,9,-4,12,-5,11,-7,12,-7,12,-5,16,-4,14,-5,16,-5,16,-4,19,-4,16,-2,14,0,18,-2,16,0,17,-1,20,0,18,0,19,0,21,0,18,0,21,0,22,0,25,-1,21,4,21,1,22,1,21,2,20,0,24,-2,22,0,19,0,23,2,22,-2,26,-1,27,1,33,0,26,2,29,0,28,3,26,0,29,1,34,-1,30,-1,32,3,32,5,33,1,35,4,33,5,0,0,0,0,0,0,9,-35,6,-30,8,-36,10,-32,8,-27,11,-33,7,-29,12,-34,9,-30,15,-33,14,-31,12,-25,11,-27,12,-24,11,-30,9,-28,11,-28,9,-24,12,-27,7,-24,9,-28,11,-25,11,-30,11,-28,12,-24,11,-26,12,-22,10,-29,11,-28,11,-27,12,-24,15,-28,10,-25,10,-26,14,-26,19,-30,19,-22,16,-23,21,-21,17,-18,17,-18,18,-22,19,-18,16,-16,21,-15,18,-16,20,-15,19,-13,26,-12,21,-8,21,-8,21,-4,18,-3,18,-1,20,-2,17,-2,17,0,0,0,0,0,0,0,0,0,0,0]"""
1782031937816,2026-06-21T17:52:17.816,safe,posture,mhw,standing_still,t017,"CSI_DATA,535580,1a:00:00:00:00:00,-44,11,-99,16,29,11,523595694,47,2,256,0,""[0,0,0,0,0,0,0,0,0,0,0,0,-4,-6,-4,-4,-4,-5,-2,-5,-3,-10,-3,-8,-4,-6,-4,-8,-4,-9,-6,-11,-4,-11,-4,-11,-4,-12,-4,-13,-4,-12,-4,-18,-4,-13,-4,-17,-3,-15,-6,-18,-8,-18,-5,-18,-6,-18,-3,-18,-4,-18,-6,-17,-3,-19,-4,-18,-4,-21,-4,-19,-6,-19,-6,-17,-9,-21,-8,-19,-9,-20,-12,-21,-10,-21,-8,-20,-11,-19,-11,-21,-10,-19,-12,-24,-11,-21,-15,-24,-12,-17,-17,-21,-15,-23,-20,-20,-20,-21,-19,-23,-18,-23,-18,-25,-19,-25,-20,-26,-19,-27,-19,-20,-23,-24,0,0,0,0,0,0,-26,21,-28,25,-21,21,-27,25,-30,27,-25,18,-27,25,-21,21,-25,24,-19,20,-18,21,-19,24,-19,25,-20,26,-19,21,-17,24,-17,25,-16,25,-16,21,-18,26,-15,24,-16,26,-10,21,-12,24,-13,25,-11,27,-12,28,-12,25,-12,27,-11,27,-12,27,-10,26,-15,31,-12,25,-12,26,-11,21,-10,27,-11,25,-9,28,-12,27,-15,27,-15,23,-15,24,-17,24,-15,21,-17,21,-16,16,-15,21,-11,13,-16,18,-17,16,-12,17,-15,13,-17,12,-13,9,-16,10,-13,8,0,0,0,0,0,0,0,0,0,0]"""
1782031937826,2026-06-21T17:52:17.826,safe,posture,mhw,standing_still,t017,"CSI_DATA,535581,1a:00:00:00:00:00,-44,11,-99,17,29,11,523606694,47,2,256,0,""[0,0,0,0,0,0,0,0,0,0,0,0,-2,7,-2,8,-1,6,-1,7,0,7,-1,10,-2,10,-1,11,-2,10,0,10,0,14,0,13,0,13,1,14,0,14,-1,14,-1,16,-1,15,-1,17,-1,19,1,21,-1,15,0,17,2,19,3,19,3,17,1,19,3,19,3,19,4,22,5,19,7,24,6,21,7,21,7,21,6,20,10,17,12,19,12,21,14,16,13,20,15,16,17,19,20,17,21,20,20,17,21,17,23,15,22,14,24,15,26,15,25,13,29,14,30,17,29,12,31,13,30,12,0,0,0,0,0,0,7,-33,6,-30,5,-35,7,-33,5,-31,5,-33,4,-32,2,-37,0,-29,3,-37,0,-32,-2,-31,-1,-29,-3,-29,-5,-31,-7,-29,-10,-30,-6,-26,-10,-28,-7,-25,-14,-28,-13,-24,-13,-28,-14,-24,-19,-24,-13,-24,-17,-22,-20,-20,-21,-22,-21,-20,-17,-20,-21,-20,-20,-21,-22,-19,-21,-17,-24,-23,-23,-21,-22,-16,-23,-19,-19,-19,-21,-15,-25,-16,-22,-19,-20,-14,-21,-15,-19,-15,-20,-17,-20,-14,-19,-16,-17,-15,-15,-15,-14,-14,-13,-13,-12,-13,-13,-15,-12,-12,-11,-13,0,0,0,0,0,0,0,0,0,0]"""
1782031937836,2026-06-21T17:52:17.836,safe,posture,mhw,standing_still,t017,"CSI_DATA,535582,1a:00:00:00:00:00,-44,11,-99,15,29,11,523617694,47,2,256,0,""[0,0,0,0,0,0,0,0,0,0,0,0,-5,2,-7,1,-5,2,-8,1,-9,1,-9,2,-9,2,-9,2,-11,2,-9,1,-11,1,-14,2,-13,2,-14,0,-16,1,-14,1,-15,1,-16,-1,-16,-1,-17,0,-19,-2,-19,0,-17,-1,-17,-3,-21,-2,-19,-2,-20,-4,-22,-2,-20,-1,-22,-1,-20,-3,-23,-3,-19,-1,-21,1,-21,-1,-22,0,-20,-1,-22,0,-23,0,-23,0,-26,-1,-24,3,-26,2,-27,1,-28,3,-24,1,-27,5,-27,5,-27,7,-30,5,-29,5,-32,7,-33,5,-30,4,-33,5,-34,4,-33,7,0,0,0,0,0,0,2,36,2,34,4,34,3,34,4,32,0,36,1,29,1,34,3,30,2,33,3,30,3,28,7,32,4,29,2,28,4,30,7,28,4,29,3,32,7,26,9,30,5,28,8,28,8,27,5,27,11,29,7,26,7,27,9,28,9,27,7,30,8,32,10,27,11,29,7,28,9,30,7,27,8,28,5,29,7,29,4,27,3,27,3,28,2,27,-1,27,1,23,0,26,-1,26,-2,23,-2,20,-2,23,-5,20,-4,20,-7,19,-7,15,-8,16,-10,16,0,0,0,0,0,0,0,0,0,0]"""
1782031937847,2026-06-21T17:52:17.847,safe,posture,mhw,standing_still,t017,"CSI_DATA,535583,1a:00:00:00:00:00,-44,11,-99,19,28,11,523628694,47,2,256,0,""[0,0,0,0,0,0,0,0,0,0,0,0,5,1,7,1,5,2,7,2,9,2,9,3,10,3,10,3,9,4,10,4,11,5,11,5,11,5,11,5,11,8,11,9,13,9,15,8,14,9,15,14,16,10,14,13,15,10,15,9,15,13,14,13,14,14,15,13,14,15,14,13,16,15,17,16,16,15,15,14,17,13,16,14,17,13,20,14,17,16,17,14,20,13,20,14,20,14,23,14,24,16,24,15,22,14,22,15,23,16,26,15,28,19,27,15,27,17,28,20,29,17,27,17,29,19,0,0,0,0,0,0,21,-28,20,-26,20,-30,20,-27,19,-26,22,-27,20,-26,22,-27,20,-26,22,-26,22,-26,20,-24,17,-22,17,-24,17,-24,16,-23,16,-26,16,-24,15,-23,17,-23,15,-24,14,-26,15,-26,15,-24,14,-26,15,-22,15,-26,13,-27,15,-24,14,-26,14,-23,15,-26,16,-24,15,-26,16,-26,21,-27,19,-26,17,-22,19,-21,20,-20,19,-22,19,-23,20,-19,20,-16,19,-16,20,-15,20,-14,20,-15,22,-13,22,-10,20,-10,19,-8,19,-5,19,-4,20,-4,17,-4,17,-2,0,0,0,0,0,0,0,0,0,0]"""
1782031937858,2026-06-21T17:52:17.858,safe,posture,mhw,standing_still,t017,"CSI_DATA,535584,1a:00:00:00:00:00,-44,11,-99,20,28,11,523639694,47,2,256,0,""[0,0,0,0,0,0,0,0,0,0,0,0,-1,-5,-1,-8,-1,-6,-1,-8,-1,-9,-1,-9,-1,-9,-1,-10,-2,-11,-2,-11,-1,-12,-4,-13,-1,-15,-1,-15,-2,-16,-2,-13,-2,-15,-1,-17,-3,-15,-2,-16,-3,-19,-5,-18,-3,-18,-1,-18,-4,-19,-3,-18,-3,-20,-4,-21,-5,-20,-4,-19,-5,-21,-6,-19,-8,-18,-11,-19,-10,-20,-11,-20,-11,-19,-11,-20,-12,-20,-13,-21,-13,-21,-15,-18,-15,-21,-17,-20,-17,-17,-18,-18,-23,-17,-21,-15,-24,-19,-25,-20,-23,-18,-27,-17,-26,-20,-25,-18,-25,-20,-26,-16,-26,-17,0,0,0,0,0,0,-19,30,-18,31,-18,27,-17,28,-13,31,-19,27,-16,28,-16,30,-15,30,-11,28,-8,28,-9,30,-5,32,-8,31,-11,27,-5,31,-3,31,-6,27,-5,30,-2,30,0,30,-2,30,0,26,2,27,1,27,4,32,3,30,3,30,4,30,8,27,2,30,5,32,6,28,9,30,4,31,8,28,5,27,9,28,8,28,9,28,6,28,3,30,5,26,3,27,3,28,3,25,2,25,0,25,0,24,2,21,2,23,1,21,1,23,-1,19,-1,18,-3,18,-3,18,0,0,0,0,0,0,0,0,0,0]"""
1782031937869,2026-06-21T17:52:17.869,safe,posture,mhw,standing_still,t017,"CSI_DATA,535585,1a:00:00:00:00:00,-44,11,-99,15,29,11,523650694,47,2,256,0,""[0,0,0,0,0,0,0,0,0,0,0,0,4,-4,4,-5,5,-4,5,-5,4,-5,7,-8,10,-4,9,-4,9,-8,9,-3,11,-7,10,-7,11,-7,13,-7,15,-5,11,-4,16,-5,13,-4,17,-7,17,-5,14,-4,20,-3,15,-2,19,-2,20,-4,19,-3,20,-2,23,-2,16,-3,20,-4,19,-2,24,-4,23,0,22,-3,23,-2,21,-1,21,-3,22,-5,22,-5,20,-3,24,-2,21,-7,24,-7,26,-3,32,-5,24,-2,27,-5,28,-1,26,-3,28,-3,33,-7,32,-9,34,-2,29,-4,34,-7,34,-4,33,-3,0,0,0,0,0,0,1,-36,3,-30,1,-40,3,-33,1,-29,3,-38,1,-27,2,-39,1,-30,4,-34,2,-32,4,-27,3,-32,4,-28,4,-32,2,-32,1,-29,-1,-29,4,-30,-1,-26,0,-32,2,-29,1,-32,4,-30,4,-26,3,-29,4,-23,0,-30,2,-29,1,-28,3,-27,5,-34,0,-24,3,-30,5,-27,7,-36,10,-28,8,-29,11,-27,9,-26,9,-22,10,-29,9,-26,10,-23,16,-22,8,-22,13,-22,15,-20,20,-21,17,-14,16,-14,19,-11,16,-10,17,-9,16,-9,16,-9,17,-7,0,0,0,0,0,0,0,0,0,0]"""
1782031937881,2026-06-21T17:52:17.881,safe,posture,mhw,standing_still,t017,"CSI_DATA,535586,1a:00:00:00:00:00,-44,11,-99,15,29,11,523661694,47,2,256,0,""[0,0,0,0,0,0,0,0,0,0,0,0,-4,3,-5,4,-4,3,-7,5,-5,5,-8,5,-9,5,-9,3,-9,5,-9,4,-10,4,-11,7,-10,5,-11,4,-15,2,-11,4,-15,5,-15,4,-19,4,-17,0,-16,-2,-17,2,-17,0,-20,2,-20,2,-19,2,-19,0,-21,-1,-17,1,-22,1,-20,1,-27,-1,-22,-4,-21,-3,-22,-4,-21,-3,-20,-1,-23,2,-22,-1,-21,1,-24,-2,-20,3,-28,2,-26,-1,-33,-1,-24,-2,-28,-1,-27,-4,-26,-2,-30,-3,-34,1,-30,-1,-34,-4,-33,-5,-34,-1,-35,-7,-32,-7,0,0,0,0,0,0,-8,32,-7,30,-11,36,-13,33,-11,24,-13,35,-8,27,-13,34,-8,28,-16,33,-14,29,-14,26,-13,27,-14,23,-11,29,-11,29,-13,28,-10,27,-15,27,-8,23,-10,29,-11,27,-13,30,-16,28,-14,23,-14,23,-14,22,-11,27,-14,27,-13,28,-13,24,-16,27,-10,22,-15,29,-14,24,-22,29,-21,23,-20,22,-22,21,-19,17,-20,19,-22,22,-21,17,-19,14,-22,14,-19,15,-24,14,-21,10,-26,10,-22,4,-22,4,-21,1,-20,1,-19,1,-21,1,-19,0,-17,-3,0,0,0,0,0,0,0,0,0,0]"""
1782031937890,2026-06-21T17:52:17.890,safe,posture,mhw,standing_still,t017,"CSI_DATA,535587,1a:00:00:00:00:00,-44,11,-99,14,29,11,523672694,47,2,256,0,""[0,0,0,0,0,0,0,0,0,0,0,0,3,-2,7,-3,6,-3,8,-3,8,-1,9,-2,9,-3,9,-2,11,-3,9,0,12,-1,13,-1,13,-1,14,0,14,2,14,1,17,1,15,2,15,4,17,3,14,4,19,4,15,7,17,7,19,8,18,7,18,9,20,11,17,8,19,8,18,9,20,11,19,8,18,9,20,12,22,11,19,11,19,9,20,11,20,11,22,13,22,9,23,12,23,14,25,14,19,12,24,13,23,15,24,13,26,17,25,15,28,15,28,19,23,19,25,19,26,22,26,20,0,0,0,0,0,0,25,-26,25,-23,28,-24,24,-20,25,-19,29,-18,24,-17,30,-19,25,-17,28,-18,26,-17,24,-14,26,-19,26,-14,26,-13,28,-17,26,-17,26,-14,29,-14,23,-13,25,-15,26,-13,25,-14,25,-14,25,-11,28,-15,25,-11,26,-13,29,-12,25,-12,26,-9,30,-11,24,-11,29,-12,26,-8,30,-9,28,-6,29,-7,30,-3,30,-2,26,-1,28,0,28,1,26,1,28,4,25,2,25,4,24,8,24,8,20,9,20,7,18,9,19,11,17,12,14,13,13,13,11,13,0,0,0,0,0,0,0,0,0,0]"""
1782031937902,2026-06-21T17:52:17.902,safe,posture,mhw,standing_still,t017,"CSI_DATA,535588,1a:00:00:00:00:00,-44,11,-99,19,28,11,523683694,47,2,256,0,""[0,0,0,0,0,0,0,0,0,0,0,0,2,-5,2,-7,3,-4,4,-8,2,-5,4,-9,5,-8,4,-7,3,-10,5,-8,4,-11,7,-11,4,-13,4,-13,7,-13,5,-11,5,-17,3,-15,9,-16,9,-16,9,-15,3,-15,8,-16,4,-20,4,-21,3,-19,3,-17,7,-21,2,-17,-1,-22,2,-19,2,-26,1,-21,1,-21,0,-21,0,-22,-1,-19,-4,-23,-5,-22,-7,-21,-7,-26,-9,-20,-13,-23,-11,-23,-15,-29,-8,-24,-15,-23,-13,-26,-15,-20,-17,-22,-22,-21,-22,-19,-22,-26,-23,-23,-28,-20,-27,-24,-24,-24,0,0,0,0,0,0,-22,26,-16,23,-22,35,-20,24,-14,21,-17,32,-11,26,-17,34,-10,27,-15,34,-13,30,-11,28,-10,29,-7,27,-4,33,-3,30,0,29,-1,27,-3,29,0,26,3,33,2,28,4,33,3,30,3,28,4,27,5,26,11,27,10,27,11,26,8,23,11,30,11,21,16,27,14,24,17,35,10,28,13,26,11,29,9,24,13,22,17,27,15,23,14,20,11,24,13,20,15,23,10,22,11,28,7,21,8,21,4,21,7,17,4,19,7,20,7,17,5,17,0,0,0,0,0,0,0,0,0,0]"""
1782031937914,2026-06-21T17:52:17.914,safe,posture,mhw,standing_still,t017,"CSI_DATA,535589,1a:00:00:00:00:00,-44,11,-99,19,28,11,523694694,47,2,256,0,""[0,0,0,0,0,0,0,0,0,0,0,0,-8,0,-7,1,-7,-1,-9,-1,-8,0,-9,-1,-9,-2,-8,0,-9,-1,-11,-1,-13,-1,-13,-1,-15,2,-14,-1,-15,-2,-15,0,-15,2,-16,-3,-16,1,-15,2,-16,-2,-20,3,-20,2,-19,0,-21,2,-20,1,-21,1,-21,2,-20,5,-20,7,-20,4,-21,4,-19,8,-21,9,-21,8,-20,10,-21,11,-20,11,-21,11,-22,11,-21,14,-20,16,-19,15,-20,19,-16,19,-17,19,-16,23,-15,22,-16,24,-19,24,-16,24,-19,26,-19,27,-15,28,-17,29,-14,32,-13,32,0,0,0,0,0,0,33,11,35,15,32,13,34,11,34,11,30,11,33,8,33,7,32,9,28,7,28,2,28,3,33,1,30,1,29,4,30,0,32,-2,29,-1,32,-2,29,-5,28,-7,29,-5,24,-8,24,-9,26,-9,28,-14,28,-11,27,-9,29,-10,27,-14,27,-13,27,-15,27,-16,24,-17,24,-15,24,-16,23,-17,22,-17,24,-17,26,-17,23,-16,24,-14,24,-14,23,-13,24,-13,21,-14,21,-10,22,-13,19,-9,19,-10,19,-10,20,-11,17,-11,19,-8,19,-5,19,-3,17,-5,0,0,0,0,0,0,0,0,0,0]"""
1782031937925,2026-06-21T17:52:17.925,safe,posture,mhw,standing_still,t017,"CSI_DATA,535590,1a:00:00:00:00:00,-44,11,-99,19,28,11,523705694,47,2,256,0,""[0,0,0,0,0,0,0,0,0,0,0,0,4,4,3,2,5,7,4,7,4,8,5,8,5,7,7,9,4,9,8,8,7,9,8,10,8,9,8,11,7,10,9,14,10,14,9,13,10,13,10,10,10,13,9,16,11,15,13,14,13,16,14,16,14,16,15,13,13,19,14,14,16,15,15,13,19,14,15,13,19,11,19,13,20,11,21,14,22,13,23,9,22,8,26,13,24,9,24,4,21,5,28,5,26,9,28,1,29,7,28,4,28,4,29,4,32,2,34,2,33,2,32,2,33,1,0,0,0,0,0,0,0,-33,-1,-35,-1,-32,-4,-34,-3,-35,-3,-32,-4,-34,-4,-30,-5,-35,-5,-30,-7,-29,-10,-29,-9,-29,-11,-29,-10,-29,-9,-28,-14,-27,-14,-27,-14,-23,-14,-28,-14,-24,-19,-23,-14,-20,-17,-22,-20,-23,-17,-21,-21,-21,-21,-21,-20,-21,-22,-20,-22,-20,-24,-16,-24,-23,-23,-19,-23,-17,-20,-17,-26,-17,-22,-19,-26,-15,-21,-17,-22,-19,-21,-19,-21,-20,-22,-19,-21,-17,-20,-19,-15,-19,-19,-16,-14,-14,-17,-16,-14,-17,-15,-14,-11,-16,-11,-14,-10,-17,-8,-15,-9,-15,0,0,0,0,0,0,0,0,0,0]"""
1782031937934,2026-06-21T17:52:17.934,safe,posture,mhw,standing_still,t017,"CSI_DATA,535591,1a:00:00:00:00:00,-44,11,-99,15,29,11,523716694,47,2,256,0,""[0,0,0,0,0,0,0,0,0,0,0,0,-2,7,-2,7,-3,7,-2,8,-3,8,-3,8,-2,8,-3,9,-5,10,-4,11,-5,10,-7,10,-5,11,-7,13,-10,11,-9,13,-10,13,-11,13,-10,14,-9,11,-11,10,-11,16,-14,14,-14,11,-15,13,-15,13,-16,13,-17,14,-15,13,-16,15,-16,11,-14,14,-14,15,-14,17,-16,16,-17,19,-16,16,-19,14,-17,15,-19,16,-17,16,-17,17,-20,19,-20,20,-16,19,-17,19,-16,22,-16,24,-20,24,-21,22,-21,19,-23,22,-22,24,-23,22,-26,22,-23,27,-23,22,0,0,0,0,0,0,22,29,21,28,17,26,20,29,20,28,16,32,17,28,19,28,16,27,16,26,17,23,19,23,22,24,19,23,14,27,16,26,19,24,16,26,17,27,17,23,19,23,17,24,17,21,17,20,17,22,21,22,20,22,15,22,19,24,20,23,16,26,17,27,17,26,16,26,14,26,15,23,15,23,16,24,16,26,14,28,11,26,8,27,8,26,5,27,4,26,5,24,2,26,2,26,1,23,2,21,1,22,1,20,0,22,-2,20,-5,17,-5,19,-7,16,0,0,0,0,0,0,0,0,0,0]"""
1782031937945,2026-06-21T17:52:17.945,safe,posture,mhw,standing_still,t017,"CSI_DATA,535592,1a:00:00:00:00:00,-44,11,-99,17,29,11,523728579,47,2,256,0,""[0,0,0,0,0,0,0,0,0,0,0,0,5,5,5,4,5,4,6,5,6,6,7,8,5,6,6,6,5,7,5,7,7,10,7,12,6,12,5,12,6,13,4,13,7,14,5,14,6,15,6,17,6,16,4,17,3,17,6,19,4,20,4,19,2,19,4,21,3,19,3,21,3,20,3,25,2,22,4,22,2,23,4,21,3,19,5,23,3,23,4,21,5,24,5,23,6,25,6,26,4,31,4,25,5,29,2,28,4,25,4,29,7,32,5,29,3,31,2,31,4,33,0,33,2,33,0,0,0,0,0,0,34,-1,30,1,40,0,33,2,30,2,34,1,31,2,34,4,30,1,34,5,34,4,30,4,29,4,29,4,32,1,30,2,30,3,28,2,29,4,26,3,30,1,28,1,32,3,32,4,28,4,26,4,26,4,29,2,29,4,30,3,26,4,29,5,25,4,33,5,29,6,34,10,30,11,25,11,28,12,24,12,23,11,28,12,24,13,22,12,21,14,20,14,21,15,20,15,20,21,14,16,14,17,11,16,8,16,6,17,10,17,6,15,3,19,0,0,0,0,0,0,0,0,0,0]"""
1782031937956,2026-06-21T17:52:17.956,safe,posture,mhw,standing_still,t017,"CSI_DATA,535593,1a:00:00:00:00:00,-44,11,-99,16,29,11,523738694,47,2,256,0,""[0,0,0,0,0,0,0,0,0,0,0,0,2,5,3,6,2,6,2,9,2,8,2,11,2,10,2,9,2,11,1,10,1,13,1,13,1,13,-1,15,-2,16,0,15,1,17,-3,16,-3,19,-4,15,-8,12,-4,19,-8,16,-5,17,-6,18,-5,18,-6,17,-11,20,-4,16,-6,20,-8,19,-9,23,-10,19,-9,20,-12,18,-9,20,-8,18,-6,21,-9,21,-8,21,-11,21,-4,20,-5,26,-11,24,-12,30,-12,20,-12,26,-17,23,-10,24,-15,25,-12,28,-10,28,-17,30,-16,26,-13,30,-19,30,-18,28,0,0,0,0,0,0,30,23,23,19,28,25,23,24,21,20,24,25,20,19,26,26,20,20,23,25,20,25,15,24,21,23,16,24,19,24,20,23,20,23,18,21,19,26,17,17,23,20,17,21,19,24,18,24,15,24,20,24,16,23,19,20,18,25,17,21,16,23,16,28,16,20,18,25,13,24,18,31,11,26,12,25,8,30,8,28,6,25,10,27,8,26,5,24,2,28,6,21,4,27,0,24,-3,28,-3,20,-5,21,-6,19,-6,18,-6,17,-8,18,-8,17,-10,16,0,0,0,0,0,0,0,0,0,0]"""
1782031937968,2026-06-21T17:52:17.968,safe,posture,mhw,standing_still,t017,"CSI_DATA,535594,1a:00:00:00:00:00,-44,11,-99,15,29,11,523749694,47,2,256,0,""[0,0,0,0,0,0,0,0,0,0,0,0,-3,5,-4,5,-4,7,-4,5,-7,8,-4,7,-3,8,-4,9,-5,10,-5,11,-5,10,-5,13,-4,13,-5,14,-7,13,-5,15,-7,16,-8,14,-7,13,-2,15,-2,15,-5,17,-4,19,-7,17,-4,19,-4,20,-5,21,-4,22,-2,22,-2,20,-2,21,-1,19,1,21,2,20,3,23,5,23,7,23,3,22,7,23,7,24,7,23,9,23,7,26,11,23,11,19,14,20,17,21,21,19,21,23,21,23,19,20,23,23,24,23,26,22,27,22,27,21,29,16,0,0,0,0,0,0,20,-32,21,-33,16,-27,14,-29,15,-33,15,-28,13,-32,11,-29,13,-32,9,-28,7,-27,4,-28,4,-34,3,-32,4,-28,0,-30,0,-30,0,-30,-1,-30,-3,-29,-7,-27,-3,-32,-8,-23,-9,-26,-10,-26,-14,-28,-14,-28,-8,-26,-13,-27,-16,-24,-14,-28,-16,-27,-16,-26,-17,-23,-15,-26,-17,-22,-19,-21,-20,-20,-21,-21,-22,-22,-20,-22,-15,-21,-19,-22,-19,-23,-16,-22,-16,-22,-14,-20,-16,-21,-14,-15,-14,-16,-14,-15,-14,-16,-14,-16,-13,-17,-8,-15,-9,-16,-8,-16,0,0,0,0,0,0,0,0,0,0]"""
1782031937978,2026-06-21T17:52:17.978,safe,posture,mhw,standing_still,t017,"CSI_DATA,535595,1a:00:00:00:00:00,-44,11,-99,18,28,11,523760694,47,2,256,0,""[0,0,0,0,0,0,0,0,0,0,0,0,4,-4,4,-4,6,-6,4,-6,6,-7,4,-6,6,-7,4,-9,7,-11,6,-9,7,-7,8,-9,7,-11,9,-11,9,-11,9,-12,9,-12,12,-13,9,-11,9,-13,13,-15,9,-17,11,-19,12,-14,12,-18,9,-17,12,-18,9,-17,9,-17,8,-20,7,-19,4,-19,4,-20,3,-20,2,-23,1,-24,2,-22,3,-20,0,-23,1,-26,0,-25,-1,-26,-2,-24,-4,-26,-3,-23,-7,-23,-11,-25,-13,-25,-12,-28,-13,-28,-9,-25,-13,-29,-13,-31,-14,-28,-14,-29,-17,-29,-18,-29,0,0,0,0,0,0,-29,19,-30,22,-23,19,-25,22,-25,24,-25,18,-25,23,-20,24,-23,23,-18,22,-15,23,-15,24,-15,30,-15,28,-19,24,-15,28,-11,26,-12,28,-13,28,-8,29,-6,28,-8,29,-4,25,-3,26,-2,29,1,31,1,30,-2,28,-1,30,2,30,-1,31,1,30,2,31,3,29,3,28,3,28,7,29,7,29,9,29,7,30,6,28,1,26,4,28,2,29,3,28,3,26,1,24,3,25,1,22,3,22,3,23,4,20,2,22,0,20,-1,18,-2,19,-1,17,0,0,0,0,0,0,0,0,0,0]"""
1782031937989,2026-06-21T17:52:17.989,safe,posture,mhw,standing_still,t017,"CSI_DATA,535596,1a:00:00:00:00:00,-44,11,-99,19,28,11,523771694,47,2,256,0,""[0,0,0,0,0,0,0,0,0,0,0,0,7,0,8,0,7,1,10,1,8,1,9,0,10,1,8,1,11,0,9,3,11,3,14,3,11,4,14,4,14,5,10,5,16,5,15,5,15,7,17,8,17,7,17,7,14,8,16,9,17,10,16,8,16,9,20,13,16,8,19,9,17,11,22,11,17,11,20,10,19,9,21,9,20,9,22,9,22,8,21,8,24,11,22,4,27,7,24,10,30,10,22,9,28,8,27,10,28,7,28,8,32,7,29,5,33,9,30,8,32,8,36,9,32,10,0,0,0,0,0,0,13,-34,10,-30,13,-36,13,-30,11,-27,15,-32,9,-28,13,-33,10,-26,13,-32,11,-30,11,-26,8,-30,10,-26,11,-28,8,-30,8,-29,8,-28,10,-32,4,-24,5,-29,8,-26,5,-29,7,-29,7,-24,5,-29,5,-27,5,-28,5,-29,3,-28,5,-28,9,-33,3,-24,3,-32,8,-29,8,-35,10,-28,8,-30,10,-28,9,-27,9,-23,10,-27,10,-27,9,-23,15,-23,10,-21,14,-22,15,-20,17,-22,16,-15,15,-17,14,-14,15,-15,15,-14,16,-13,15,-9,16,-8,0,0,0,0,0,0,0,0,0,0]"""
1782031938002,2026-06-21T17:52:18.002,safe,posture,mhw,standing_still,t017,"CSI_DATA,535597,1a:00:00:00:00:00,-44,11,-99,17,29,11,523782800,47,2,256,0,""[0,0,0,0,0,0,0,0,0,0,0,0,4,-4,2,-4,6,-6,5,-5,6,-6,6,-4,6,-5,7,-7,8,-6,10,-8,11,-7,10,-6,10,-7,13,-8,10,-6,16,-10,13,-6,15,-7,14,-5,15,-7,17,-10,16,-5,19,-7,16,-7,19,-6,17,-7,17,-5,16,-6,21,-6,19,-6,21,-6,16,-6,20,-8,20,-5,20,-10,20,-8,22,-8,22,-7,23,-10,23,-10,19,-11,26,-8,21,-6,24,-12,17,-7,25,-14,25,-8,22,-14,26,-13,28,-14,26,-10,26,-12,29,-12,33,-15,29,-13,25,-12,32,-14,0,0,0,0,0,0,-10,-31,-11,-37,-10,-28,-10,-32,-12,-38,-7,-28,-8,-35,-5,-28,-7,-34,-7,-26,-8,-28,-11,-30,-8,-30,-12,-30,-8,-28,-8,-28,-12,-29,-10,-29,-10,-26,-10,-32,-12,-24,-11,-30,-8,-23,-11,-25,-13,-28,-11,-25,-13,-29,-12,-26,-12,-28,-13,-26,-13,-29,-11,-25,-10,-32,-8,-25,-8,-26,-6,-24,-10,-29,-7,-29,-10,-28,-5,-29,-5,-29,-3,-29,-2,-28,0,-29,-1,-25,1,-29,3,-22,2,-24,0,-17,2,-23,5,-21,3,-22,7,-20,5,-22,10,-16,8,-15,10,-13,0,0,0,0,0,0,0,0,0,0]"""
1782031938011,2026-06-21T17:52:18.011,safe,posture,mhw,standing_still,t017,"CSI_DATA,535598,1a:00:00:00:00:00,-45,11,-99,13,31,11,523793694,47,2,256,0,""[0,0,0,0,0,0,0,0,0,0,0,0,3,6,3,7,4,7,3,8,3,9,1,9,2,9,1,10,4,12,2,11,1,12,2,13,1,13,0,13,-1,17,0,15,0,16,-1,16,0,15,1,16,-1,15,-1,20,-5,19,-4,18,-6,20,-5,19,-8,20,-7,21,-4,19,-4,21,-7,20,-4,20,-5,21,-4,22,-5,23,-3,24,-5,22,-5,22,-5,22,-5,23,-7,25,-3,26,-6,26,-6,27,-6,25,-3,25,-4,27,-6,28,-4,28,-6,29,-6,28,-6,31,-8,32,-6,30,-9,32,-9,35,-5,35,0,0,0,0,0,0,36,11,32,14,31,13,29,13,31,13,31,15,30,13,31,14,28,14,28,13,27,11,27,14,31,12,29,14,25,15,28,13,29,12,26,13,29,15,28,10,28,9,28,13,26,10,25,10,26,11,30,11,26,14,25,12,28,13,26,11,26,15,30,14,28,13,27,13,25,14,27,14,24,13,26,15,25,17,27,17,21,18,21,20,21,19,19,21,18,21,18,19,16,19,14,20,12,20,11,18,10,19,10,20,10,20,7,21,4,18,3,19,1,19,0,0,0,0,0,0,0,0,0,0]"""
1782031938023,2026-06-21T17:52:18.023,safe,posture,mhw,standing_still,t017,"CSI_DATA,535599,1a:00:00:00:00:00,-44,11,-99,19,28,11,523804694,47,2,256,0,""[0,0,0,0,0,0,0,0,0,0,0,0,4,-4,4,-4,5,-5,4,-3,7,-4,7,-3,7,-5,7,-5,8,-5,11,-7,9,-3,10,-7,10,-7,15,-7,11,-5,15,-7,14,-3,17,-3,11,-2,16,-5,20,-5,19,-3,20,-4,17,-2,20,-2,20,-2,21,-2,20,0,23,-1,19,-2,23,0,19,-2,21,-3,22,-2,23,-4,22,-3,26,-1,23,1,24,-1,24,-1,22,-2,27,0,23,0,27,-3,21,-1,28,-3,26,-1,27,-7,30,-2,30,-2,27,-1,33,0,30,1,36,-1,33,1,29,1,34,0,0,0,0,0,0,0,4,-34,7,-36,3,-28,7,-33,5,-39,7,-28,10,-36,8,-30,9,-34,7,-27,5,-28,8,-33,7,-29,5,-34,8,-27,5,-28,4,-30,7,-29,5,-26,9,-33,4,-26,9,-30,4,-23,5,-27,7,-29,7,-29,8,-32,7,-28,7,-28,7,-29,11,-29,5,-27,13,-32,9,-27,13,-27,10,-21,11,-28,13,-26,13,-27,15,-24,17,-24,17,-21,19,-22,19,-21,17,-19,23,-19,20,-14,21,-17,15,-9,19,-14,19,-10,19,-11,17,-8,20,-7,19,-3,16,-3,17,-1,0,0,0,0,0,0,0,0,0,0]"""
1782031938033,2026-06-21T17:52:18.033,safe,posture,mhw,standing_still,t017,"CSI_DATA,535600,1a:00:00:00:00:00,-44,11,-99,14,29,11,523815694,47,2,256,0,""[0,0,0,0,0,0,0,0,0,0,0,0,4,3,4,4,4,6,4,8,4,6,4,9,4,11,2,8,6,8,3,8,7,11,4,11,4,12,6,12,3,15,3,13,3,17,3,14,3,19,1,19,1,15,0,19,-2,14,2,20,-1,20,-1,19,-1,18,-2,22,0,18,-2,22,-2,20,-3,25,-7,22,-3,22,-6,22,-4,20,-3,20,0,24,-3,22,-2,20,-6,24,0,22,-1,26,-3,25,-4,33,-8,24,-7,29,-9,24,-4,26,-6,28,-4,33,-3,30,-7,31,-9,30,-8,31,-12,34,-11,31,0,0,0,0,0,0,31,13,28,12,36,18,29,17,24,14,30,18,25,13,31,19,25,14,29,20,28,20,20,19,26,18,20,18,29,17,25,15,26,17,23,14,23,19,22,14,25,17,23,14,29,19,24,20,20,19,22,18,20,18,26,17,22,18,23,18,20,18,22,22,19,17,24,20,20,20,25,29,15,26,17,26,14,26,12,24,13,24,18,26,13,25,12,22,7,26,8,22,8,25,4,24,4,30,1,23,0,23,-3,22,-3,20,-4,17,-2,22,-4,17,-7,17,0,0,0,0,0,0,0,0,0,0]"""
1782031938044,2026-06-21T17:52:18.044,safe,posture,mhw,standing_still,t017,"CSI_DATA,535601,1a:00:00:00:00:00,-44,11,-99,16,29,11,523826694,47,2,256,0,""[0,0,0,0,0,0,0,0,0,0,0,0,4,4,5,5,4,3,5,5,4,3,9,5,8,8,5,6,8,5,6,6,10,8,11,6,11,6,11,4,12,10,11,5,15,10,12,8,16,11,15,10,12,11,16,9,13,10,18,9,18,8,18,6,17,6,20,6,17,3,21,5,18,4,25,5,20,6,23,5,23,5,20,1,19,1,24,-3,23,-2,21,-3,25,-3,19,-6,26,-8,24,-8,30,-11,25,-5,24,-9,27,-10,21,-10,25,-13,25,-21,21,-19,28,-19,24,-18,23,-24,27,-24,26,-24,0,0,0,0,0,0,-24,-23,-23,-19,-32,-25,-25,-23,-21,-17,-28,-20,-24,-13,-31,-18,-26,-13,-31,-19,-30,-17,-25,-15,-28,-12,-24,-10,-31,-8,-30,-5,-30,-4,-28,-3,-30,-5,-25,-1,-32,1,-27,-1,-33,-1,-30,1,-26,2,-27,2,-25,3,-28,9,-28,9,-27,8,-25,8,-31,8,-21,11,-28,15,-27,11,-35,15,-30,6,-27,11,-28,8,-23,9,-23,11,-27,15,-24,13,-20,12,-25,10,-18,11,-24,13,-20,10,-26,10,-20,5,-21,6,-20,4,-18,6,-17,4,-19,5,-17,5,-18,4,0,0,0,0,0,0,0,0,0,0]"""
1782031938057,2026-06-21T17:52:18.057,safe,posture,mhw,standing_still,t017,"CSI_DATA,535602,1a:00:00:00:00:00,-44,11,-99,15,29,11,523837694,47,2,256,0,""[0,0,0,0,0,0,0,0,0,0,0,0,-1,-7,-1,-8,0,-7,0,-9,-2,-8,0,-9,-1,-9,0,-10,-3,-11,-1,-11,-1,-11,-2,-14,-2,-11,-1,-13,-1,-14,-1,-15,-4,-16,-1,-16,-1,-15,-3,-14,-1,-15,-4,-19,-2,-19,-2,-17,-4,-19,-4,-17,-4,-20,-5,-21,-5,-17,-9,-20,-5,-20,-8,-21,-9,-17,-13,-17,-11,-19,-14,-17,-13,-17,-15,-17,-16,-17,-15,-17,-19,-19,-20,-14,-21,-15,-20,-16,-23,-14,-21,-13,-24,-11,-24,-13,-27,-11,-27,-13,-28,-10,-30,-10,-33,-13,-29,-11,-32,-9,-34,-7,-32,-7,0,0,0,0,0,0,-8,36,-5,35,-3,36,-3,34,-2,35,-5,34,-1,30,-1,35,0,30,0,32,3,30,2,29,7,34,4,29,3,29,7,32,9,29,8,29,9,30,11,26,15,27,10,27,15,26,15,22,16,23,20,24,17,22,19,22,19,24,19,20,19,24,20,23,20,20,22,20,22,20,23,21,22,17,23,19,22,20,23,21,21,20,20,19,21,20,20,17,20,19,20,15,20,17,17,19,17,17,15,14,16,16,15,15,15,16,13,16,10,15,10,15,10,17,0,0,0,0,0,0,0,0,0,0]"""
1782031938067,2026-06-21T17:52:18.067,safe,posture,mhw,standing_still,t017,"CSI_DATA,535603,1a:00:00:00:00:00,-44,11,-99,15,29,11,523848694,47,2,256,0,""[0,0,0,0,0,0,0,0,0,0,0,0,3,4,3,7,3,5,1,9,2,7,4,8,3,10,2,8,5,10,2,10,3,11,4,13,5,11,7,13,5,15,5,11,5,14,5,15,7,16,7,17,7,19,8,16,5,16,8,16,8,17,10,16,9,17,10,21,10,15,13,19,11,17,15,19,11,17,16,15,14,16,16,16,15,14,17,15,17,13,19,13,20,16,21,10,23,13,22,11,27,11,23,10,27,10,26,10,28,9,29,8,29,7,30,5,34,8,28,5,33,3,36,4,33,7,0,0,0,0,0,0,3,-39,3,-29,1,-39,3,-34,0,-28,2,-35,-1,-29,-1,-36,0,-29,-1,-34,-3,-32,-2,-29,-7,-33,-5,-28,-7,-30,-9,-28,-10,-27,-9,-28,-9,-30,-11,-22,-15,-26,-11,-26,-16,-27,-15,-24,-15,-22,-19,-24,-16,-22,-19,-22,-20,-23,-20,-20,-17,-22,-19,-26,-19,-16,-24,-20,-20,-21,-26,-23,-20,-21,-23,-19,-20,-22,-21,-21,-20,-19,-21,-20,-21,-17,-19,-17,-17,-21,-19,-15,-19,-17,-16,-19,-16,-20,-13,-17,-15,-17,-10,-19,-14,-17,-10,-15,-9,-16,-10,-16,-9,-16,0,0,0,0,0,0,0,0,0,0]"""
1782031938079,2026-06-21T17:52:18.079,safe,posture,mhw,standing_still,t017,"CSI_DATA,535604,1a:00:00:00:00:00,-44,11,-99,19,28,11,523859694,47,2,256,0,""[0,0,0,0,0,0,0,0,0,0,0,0,5,-2,5,-2,7,-3,8,-2,8,-2,8,-3,7,-4,9,-4,9,-7,9,-5,11,-3,10,-4,11,-5,13,-4,15,-7,15,-7,13,-8,17,-7,15,-8,14,-7,16,-5,16,-11,17,-9,17,-8,17,-8,17,-10,17,-9,19,-11,19,-11,16,-11,17,-11,15,-13,15,-14,15,-16,15,-16,14,-19,16,-16,15,-14,14,-17,16,-19,14,-20,14,-21,14,-20,13,-23,10,-21,9,-23,10,-24,9,-26,9,-28,10,-29,9,-26,10,-29,10,-30,10,-32,9,-32,5,-30,4,-33,0,0,0,0,0,0,-35,-8,-36,-8,-32,-5,-33,-5,-36,-5,-30,-8,-35,-3,-32,-2,-34,-3,-29,-3,-27,1,-30,1,-34,4,-33,3,-28,0,-30,2,-33,4,-29,3,-28,4,-29,9,-27,9,-29,7,-23,10,-24,11,-27,11,-26,15,-28,13,-27,10,-27,14,-26,14,-26,14,-26,15,-27,16,-24,16,-26,14,-23,16,-23,17,-23,19,-23,19,-24,19,-24,16,-24,11,-24,15,-24,14,-23,13,-23,13,-23,10,-23,13,-20,9,-20,9,-21,11,-20,10,-20,9,-20,8,-17,5,-20,4,-17,2,0,0,0,0,0,0,0,0,0,0]"""
1782031938091,2026-06-21T17:52:18.091,safe,posture,mhw,standing_still,t017,"CSI_DATA,535605,1a:00:00:00:00:00,-44,11,-99,14,29,11,523872895,47,2,256,0,""[0,0,0,0,0,0,0,0,0,0,0,0,0,7,-1,6,-1,6,-2,7,0,8,-1,9,-3,9,-2,11,-2,11,-1,9,-1,13,-2,12,-3,14,-3,13,-3,14,-4,13,-4,15,-2,15,-6,18,-7,15,-7,15,-3,15,-6,18,-3,20,-3,19,-3,19,-3,18,-4,19,-3,20,-3,20,-2,20,-6,24,-3,23,-2,20,-1,23,-1,23,0,20,2,25,0,23,2,22,2,24,4,20,6,25,6,25,4,30,4,28,7,26,8,26,4,26,9,28,13,31,11,26,9,30,9,31,15,31,11,29,15,33,0,0,0,0,0,0,30,-12,29,-13,34,-18,29,-14,28,-14,30,-17,26,-17,30,-18,25,-17,31,-17,30,-17,25,-15,24,-17,25,-17,24,-20,23,-20,23,-20,19,-20,18,-19,19,-18,20,-23,17,-22,20,-24,19,-23,18,-24,18,-20,17,-22,15,-26,15,-25,14,-24,13,-23,13,-28,13,-25,13,-26,14,-26,18,-30,18,-26,15,-24,17,-24,14,-20,15,-22,14,-26,18,-24,12,-20,14,-20,14,-19,17,-20,13,-18,18,-20,17,-17,15,-14,15,-14,14,-11,18,-11,15,-13,14,-11,14,-9,0,0,0,0,0,0,0,0,0,0]"""
1782031938102,2026-06-21T17:52:18.102,safe,posture,mhw,standing_still,t017,"CSI_DATA,535606,1a:00:00:00:00:00,-44,11,-99,19,28,11,523881694,47,2,256,0,""[0,0,0,0,0,0,0,0,0,0,0,0,1,-5,2,-7,1,-8,1,-7,2,-9,2,-7,1,-9,2,-8,3,-10,3,-10,7,-9,4,-11,4,-11,8,-11,9,-13,9,-14,9,-13,13,-11,8,-11,11,-11,14,-14,10,-15,14,-15,14,-11,16,-13,14,-14,16,-10,16,-13,16,-11,16,-14,17,-13,15,-13,17,-14,14,-14,17,-15,19,-15,17,-13,20,-11,20,-15,21,-16,19,-16,21,-15,21,-14,22,-17,19,-17,19,-15,20,-17,20,-20,22,-22,24,-19,22,-16,27,-20,29,-20,24,-17,30,-16,27,-20,28,-20,0,0,0,0,0,0,-15,-33,-13,-33,-14,-29,-13,-33,-11,-34,-9,-32,-10,-29,-9,-30,-10,-32,-9,-29,-11,-27,-9,-28,-13,-33,-10,-29,-5,-28,-10,-29,-10,-28,-7,-30,-7,-30,-9,-29,-11,-27,-7,-30,-9,-24,-10,-26,-9,-24,-11,-27,-9,-29,-5,-27,-7,-30,-9,-28,-4,-29,-7,-32,-4,-29,-5,-28,-3,-29,-3,-29,-4,-27,-4,-29,-3,-29,-1,-32,1,-30,4,-28,3,-28,5,-28,7,-27,7,-24,9,-22,11,-23,10,-21,8,-20,9,-21,9,-19,11,-19,13,-15,14,-13,14,-11,16,-10,0,0,0,0,0,0,0,0,0,0]"""
1782031938111,2026-06-21T17:52:18.111,safe,posture,mhw,standing_still,t017,"CSI_DATA,535607,1a:00:00:00:00:00,-44,11,-99,16,29,11,523892694,47,2,256,0,""[0,0,0,0,0,0,0,0,0,0,0,0,1,6,-1,5,-1,8,-2,6,-2,9,-2,8,-1,9,-1,10,-2,10,-2,10,-5,11,-5,11,-5,11,-6,12,-9,12,-8,13,-9,12,-11,11,-11,12,-9,13,-9,11,-12,16,-13,11,-15,11,-15,12,-16,11,-17,9,-17,11,-15,13,-16,12,-16,12,-17,13,-17,11,-17,15,-17,13,-19,16,-18,13,-18,12,-18,13,-20,12,-24,12,-19,16,-20,15,-24,13,-23,15,-20,12,-21,17,-21,17,-24,19,-27,16,-26,12,-28,15,-31,15,-25,15,-31,11,-31,17,-28,13,0,0,0,0,0,0,10,36,8,34,9,33,5,32,6,30,2,32,5,30,5,34,2,32,2,31,5,30,2,28,6,32,2,30,-1,30,3,31,2,31,1,31,0,31,3,27,3,28,0,31,1,28,2,28,1,28,4,31,0,28,-1,28,-1,31,-1,27,-3,30,-3,32,-2,30,-2,30,-6,27,-4,30,-5,28,-5,30,-6,28,-6,28,-9,25,-13,25,-11,25,-13,23,-16,23,-15,20,-16,20,-17,17,-16,17,-16,16,-17,16,-16,13,-17,12,-18,10,-17,6,-19,5,-18,3,0,0,0,0,0,0,0,0,0,0]"""
1782031938122,2026-06-21T17:52:18.122,safe,posture,mhw,standing_still,t017,"CSI_DATA,535608,1a:00:00:00:00:00,-44,11,-99,14,29,11,523903694,47,2,256,0,""[0,0,0,0,0,0,0,0,0,0,0,0,4,6,4,6,3,6,4,7,6,4,6,8,6,8,4,9,8,7,4,8,9,9,8,11,9,12,9,9,9,11,11,11,12,13,11,11,13,14,11,14,6,12,13,12,12,14,14,14,14,13,15,11,12,12,15,14,14,9,18,9,17,9,22,13,19,11,20,12,19,9,19,8,20,6,24,4,23,6,22,3,24,2,23,-2,26,-1,26,0,31,-1,26,0,28,-3,29,-1,25,-2,29,-6,33,-8,29,-9,30,-8,31,-9,31,-14,33,-12,30,-13,0,0,0,0,0,0,-14,-29,-17,-26,-20,-35,-17,-30,-15,-24,-18,-29,-18,-23,-23,-26,-20,-20,-23,-28,-22,-24,-19,-22,-22,-19,-19,-19,-28,-20,-26,-17,-26,-15,-24,-13,-26,-15,-23,-9,-29,-8,-26,-11,-31,-11,-28,-12,-28,-8,-28,-8,-25,-6,-33,-1,-30,-2,-28,-2,-28,-2,-31,-2,-28,2,-31,3,-29,1,-37,2,-30,-1,-30,0,-30,-2,-25,0,-26,0,-30,3,-26,1,-24,3,-25,0,-25,3,-26,3,-25,1,-29,-2,-23,-1,-22,-1,-19,-3,-19,0,-19,-3,-19,-2,-18,-1,-18,-4,0,0,0,0,0,0,0,0,0,0]"""
1782031938134,2026-06-21T17:52:18.134,safe,posture,mhw,standing_still,t017,"CSI_DATA,535609,1a:00:00:00:00:00,-44,11,-99,19,28,11,523914694,47,2,256,0,""[0,0,0,0,0,0,0,0,0,0,0,0,2,-7,1,-5,1,-8,1,-7,2,-10,3,-8,3,-9,2,-11,3,-9,3,-11,2,-10,3,-11,5,-13,4,-13,5,-11,9,-15,7,-14,10,-16,9,-14,10,-14,13,-16,8,-13,8,-19,10,-15,9,-16,9,-17,10,-16,8,-16,15,-17,10,-17,10,-19,11,-15,9,-19,11,-19,10,-19,10,-20,10,-21,11,-20,13,-21,11,-24,9,-21,14,-23,11,-21,9,-26,9,-21,5,-29,10,-26,4,-29,11,-26,10,-29,11,-26,11,-26,10,-29,13,-33,13,-29,13,-29,8,-33,0,0,0,0,0,0,-32,-14,-34,-13,-30,-10,-30,-11,-35,-14,-28,-13,-34,-13,-28,-11,-32,-13,-26,-11,-29,-9,-32,-10,-28,-11,-32,-10,-29,-10,-28,-9,-30,-9,-29,-8,-28,-8,-29,-9,-27,-7,-29,-7,-26,-5,-27,-4,-30,-4,-27,-5,-32,-5,-29,-4,-29,-4,-32,-4,-29,-7,-27,-3,-34,-9,-27,-7,-30,-5,-27,-7,-30,-3,-28,-9,-29,-5,-28,-11,-28,-10,-27,-11,-24,-14,-27,-11,-23,-10,-24,-17,-20,-15,-22,-14,-16,-10,-21,-14,-16,-11,-17,-13,-13,-14,-15,-15,-10,-15,-9,-15,-9,-15,0,0,0,0,0,0,0,0,0,0]"""
1782031938143,2026-06-21T17:52:18.143,safe,posture,mhw,standing_still,t017,"CSI_DATA,535610,1a:00:00:00:00:00,-44,11,-99,19,28,11,523925694,47,2,256,0,""[0,0,0,0,0,0,0,0,0,0,0,0,7,2,8,1,4,2,9,2,8,2,9,4,9,4,8,3,10,4,7,5,10,7,10,5,11,7,11,5,13,8,11,5,16,9,14,9,16,13,11,15,10,14,14,11,11,13,16,13,15,13,14,13,14,13,15,16,13,11,17,13,14,11,20,20,15,16,15,15,15,16,15,15,14,13,21,15,17,15,17,11,19,15,19,10,23,14,22,14,27,20,20,16,24,16,21,19,20,13,22,16,28,16,23,15,28,17,27,19,29,15,28,19,28,20,0,0,0,0,0,0,22,-29,17,-23,23,-33,20,-23,16,-20,26,-28,17,-22,23,-29,16,-22,27,-26,23,-27,21,-19,17,-22,20,-20,21,-27,20,-24,17,-26,15,-23,20,-23,14,-20,17,-28,15,-24,19,-29,20,-24,16,-22,16,-22,16,-20,15,-26,15,-27,15,-26,14,-22,20,-23,13,-20,15,-29,17,-24,23,-30,23,-21,20,-21,23,-21,20,-17,19,-17,21,-23,20,-17,19,-16,22,-16,16,-16,23,-17,21,-11,27,-13,21,-7,22,-7,21,-4,17,-3,17,-4,21,-4,17,-3,17,0,0,0,0,0,0,0,0,0,0,0]"""
1782031938157,2026-06-21T17:52:18.157,safe,posture,mhw,standing_still,t017,"CSI_DATA,535611,1a:00:00:00:00:00,-44,11,-99,19,28,11,523938074,47,2,256,0,""[0,0,0,0,0,0,0,0,0,0,0,0,-3,-5,-4,-4,-4,-5,-7,-4,-5,-5,-4,-7,-5,-5,-8,-8,-7,-9,-8,-7,-9,-7,-8,-8,-9,-9,-9,-9,-8,-10,-13,-14,-10,-11,-11,-14,-10,-13,-10,-13,-10,-13,-13,-11,-14,-15,-13,-13,-15,-13,-15,-13,-14,-14,-14,-13,-15,-15,-14,-14,-15,-13,-16,-13,-20,-14,-16,-13,-20,-11,-19,-13,-20,-11,-21,-10,-22,-10,-22,-9,-21,-7,-23,-11,-23,-10,-24,-5,-23,-8,-29,-4,-27,-5,-28,-3,-29,-4,-29,-2,-30,-3,-29,-4,-30,-5,-33,-5,-32,-2,-33,-1,-34,-2,0,0,0,0,0,0,-1,35,1,35,2,33,1,34,2,36,2,33,3,36,2,34,3,32,3,32,5,34,8,30,7,29,9,29,9,29,8,28,13,30,10,28,11,24,11,29,13,26,14,26,14,24,14,26,17,26,13,22,19,26,20,23,19,23,20,23,19,22,21,21,19,27,20,23,20,21,17,23,21,23,19,23,20,21,15,24,16,21,17,22,16,23,16,22,17,20,15,22,11,22,16,19,11,19,14,22,10,20,10,19,7,19,9,19,7,19,4,16,4,17,0,0,0,0,0,0,0,0,0,0]"""
1782031938167,2026-06-21T17:52:18.167,safe,posture,mhw,standing_still,t017,"CSI_DATA,535612,1a:00:00:00:00:00,-44,11,-99,16,29,11,523947694,47,2,256,0,""[0,0,0,0,0,0,0,0,0,0,0,0,-5,4,-4,4,-5,3,-6,4,-6,4,-8,4,-8,4,-10,4,-9,4,-11,6,-10,5,-11,4,-12,6,-13,4,-12,3,-16,4,-16,3,-17,2,-15,1,-16,1,-16,1,-17,1,-19,3,-19,1,-20,0,-20,1,-20,1,-19,0,-20,-2,-20,-1,-20,0,-19,-1,-24,1,-21,-1,-23,1,-21,-1,-21,-1,-24,-2,-23,-2,-24,1,-24,1,-26,-2,-24,-2,-25,2,-26,0,-30,1,-26,-2,-28,3,-27,-1,-28,0,-28,-1,-30,-4,-32,-2,-33,-3,-30,-3,-33,-3,-34,-1,0,0,0,0,0,0,-6,30,-5,33,-4,33,-6,34,-6,33,-8,31,-9,34,-8,30,-8,31,-11,32,-8,30,-5,32,-10,27,-5,32,-8,30,-6,26,-5,30,-8,28,-6,25,-9,30,-8,27,-8,28,-6,26,-9,27,-6,30,-8,26,-8,30,-5,30,-8,28,-6,28,-9,30,-9,26,-12,28,-11,26,-9,27,-15,26,-12,30,-13,25,-12,27,-16,24,-17,24,-18,23,-19,21,-18,20,-17,20,-20,18,-20,13,-18,16,-19,12,-19,15,-19,11,-18,12,-19,8,-19,6,-18,6,-17,4,-17,1,0,0,0,0,0,0,0,0,0,0]"""
1782031938179,2026-06-21T17:52:18.179,safe,posture,mhw,standing_still,t017,"CSI_DATA,535613,1a:00:00:00:00:00,-44,11,-99,20,28,11,523958759,47,2,256,0,""[0,0,0,0,0,0,0,0,0,0,0,0,6,-3,6,-4,6,-1,8,-4,6,-3,8,-3,10,-3,8,-2,10,-3,10,-1,13,-5,12,-3,12,-5,12,-5,15,-4,12,-4,17,-5,13,-3,18,-4,17,-5,13,-4,18,-5,17,-3,19,-4,20,-4,18,-4,17,-3,20,-5,18,-5,19,-9,19,-6,24,-9,21,-5,20,-8,20,-8,20,-6,17,-8,19,-12,20,-10,17,-12,20,-12,16,-13,21,-18,23,-16,26,-19,21,-17,20,-19,24,-17,17,-17,23,-19,23,-25,19,-23,24,-23,24,-23,23,-27,26,-26,25,-25,0,0,0,0,0,0,-25,-24,-24,-20,-28,-25,-26,-23,-20,-19,-26,-24,-21,-17,-27,-23,-23,-16,-27,-24,-26,-20,-21,-20,-24,-19,-21,-17,-31,-17,-25,-13,-26,-15,-24,-12,-27,-15,-21,-9,-28,-10,-26,-8,-30,-13,-28,-12,-26,-10,-27,-11,-24,-10,-30,-6,-28,-8,-26,-8,-25,-8,-30,-9,-27,-4,-30,-5,-28,-5,-34,-10,-30,-11,-28,-8,-30,-12,-25,-10,-24,-8,-30,-8,-26,-9,-23,-8,-24,-11,-23,-8,-25,-12,-21,-10,-25,-15,-17,-12,-18,-12,-16,-15,-16,-11,-15,-16,-16,-12,-13,-12,-12,-13,0,0,0,0,0,0,0,0,0,0]"""
1782031938188,2026-06-21T17:52:18.188,safe,posture,mhw,standing_still,t017,"CSI_DATA,535614,1a:00:00:00:00:00,-44,11,-99,15,29,11,523969694,47,2,256,0,""[0,0,0,0,0,0,0,0,0,0,0,0,5,-1,5,-2,8,-3,7,-3,9,-2,9,-2,7,-2,10,-4,9,-2,10,-4,11,-5,10,-5,13,-5,13,-5,13,-3,16,-7,14,-7,15,-7,15,-8,14,-5,14,-8,16,-9,16,-10,15,-11,16,-9,17,-11,16,-11,14,-13,19,-11,16,-14,15,-15,13,-14,14,-17,13,-15,11,-19,13,-19,10,-21,11,-21,11,-21,10,-23,5,-23,8,-24,8,-24,3,-26,5,-22,2,-28,3,-27,-1,-28,1,-29,0,-29,-2,-28,-1,-32,-3,-33,-2,-34,-4,-33,-4,-33,-10,-30,0,0,0,0,0,0,-33,9,-35,13,-28,10,-32,13,-36,15,-28,13,-32,16,-28,15,-29,17,-26,16,-24,17,-24,21,-26,19,-22,22,-20,21,-21,23,-20,24,-17,24,-15,22,-16,26,-14,26,-13,28,-9,24,-11,27,-10,29,-9,27,-8,30,-5,29,-5,30,-3,32,-3,32,0,30,-7,34,-3,29,0,29,-2,26,3,33,-1,29,3,30,-1,32,1,29,0,28,-1,29,0,28,2,27,-2,28,-2,24,1,27,0,21,-1,24,0,22,0,23,-3,21,-1,22,-2,19,-2,17,-2,17,0,0,0,0,0,0,0,0,0,0]"""
1782031938199,2026-06-21T17:52:18.199,safe,posture,mhw,standing_still,t017,"CSI_DATA,535615,1a:00:00:00:00:00,-44,11,-99,18,28,11,523980694,47,2,256,0,""[0,0,0,0,0,0,0,0,0,0,0,0,-2,6,-2,6,-2,6,-4,7,-3,6,-4,8,-4,9,-2,7,-4,8,-3,11,-3,12,-3,13,-3,12,-4,13,-4,14,-4,14,-4,15,-4,17,-7,17,-6,17,-3,15,-6,17,-3,18,-4,18,-6,18,-4,19,-3,18,-2,20,-2,18,0,22,0,23,-1,24,-2,23,1,20,2,23,2,22,3,23,7,24,4,23,7,22,7,22,11,22,11,24,12,24,13,25,14,24,15,23,15,23,14,22,17,22,22,24,20,22,22,23,22,25,25,23,23,22,26,23,0,0,0,0,0,0,20,-28,17,-28,19,-33,20,-28,15,-26,17,-30,14,-28,17,-31,12,-29,15,-31,13,-30,11,-28,11,-26,7,-29,6,-33,3,-30,2,-30,0,-26,1,-29,2,-28,-2,-30,-3,-29,-2,-31,-2,-30,-6,-29,-3,-26,-7,-28,-11,-30,-8,-29,-9,-29,-11,-24,-11,-26,-11,-26,-13,-26,-14,-26,-12,-31,-12,-29,-12,-28,-12,-28,-9,-26,-12,-26,-15,-26,-12,-25,-11,-23,-11,-22,-11,-22,-11,-24,-8,-20,-9,-25,-9,-22,-8,-20,-8,-20,-4,-19,-6,-19,-7,-19,-4,-17,-4,-15,0,0,0,0,0,0,0,0,0,0]"""
1782031938210,2026-06-21T17:52:18.210,safe,posture,mhw,standing_still,t017,"CSI_DATA,535616,1a:00:00:00:00:00,-44,11,-99,14,29,11,523991694,47,2,256,0,""[0,0,0,0,0,0,0,0,0,0,0,0,6,-1,7,0,7,0,7,0,9,-1,11,-1,9,0,11,-1,11,0,12,-2,12,-2,12,-1,13,-3,13,-1,13,-1,15,-1,15,-2,17,-3,18,-2,18,-1,20,-1,15,-2,18,-3,18,-6,18,-3,18,-4,19,-4,18,-4,19,-3,19,-7,18,-8,20,-7,20,-9,20,-8,19,-11,19,-11,20,-11,20,-13,19,-12,18,-17,15,-17,19,-18,15,-18,17,-20,17,-20,14,-23,18,-23,14,-23,15,-23,14,-25,14,-29,12,-25,14,-29,18,-30,12,-29,12,-29,12,-33,0,0,0,0,0,0,-33,-9,-31,-8,-36,-8,-34,-8,-34,-8,-33,-6,-34,-6,-35,-4,-31,-3,-31,-4,-30,-2,-31,0,-29,-2,-30,1,-30,3,-29,3,-31,6,-29,4,-26,6,-30,6,-28,7,-28,8,-28,11,-28,11,-28,14,-25,11,-25,14,-24,17,-26,15,-25,15,-25,17,-22,18,-26,17,-24,15,-22,19,-25,17,-25,19,-24,15,-23,18,-22,13,-23,18,-24,19,-23,15,-22,17,-19,15,-22,15,-20,13,-20,14,-19,12,-20,13,-19,12,-19,11,-17,9,-18,8,-17,8,-17,7,-17,6,0,0,0,0,0,0,0,0,0,0]"""
1782031938220,2026-06-21T17:52:18.220,safe,posture,mhw,standing_still,t017,"CSI_DATA,535617,1a:00:00:00:00:00,-44,11,-99,19,28,11,524002694,47,2,256,0,""[0,0,0,0,0,0,0,0,0,0,0,0,-1,7,-2,7,-2,8,-1,9,-2,8,-2,9,-3,11,-2,8,-2,9,-2,10,-2,13,-2,10,-5,14,-3,14,-5,13,-8,13,-7,15,-7,14,-8,16,-8,14,-8,13,-9,14,-9,16,-10,17,-9,17,-10,19,-11,15,-11,19,-13,15,-13,17,-10,16,-15,19,-11,19,-13,19,-11,19,-13,17,-11,17,-11,21,-11,20,-10,22,-10,22,-11,21,-13,22,-11,23,-14,27,-14,26,-13,24,-10,26,-13,23,-14,26,-11,28,-14,24,-16,28,-19,30,-15,29,-15,28,-16,29,0,0,0,0,0,0,30,21,26,17,32,19,30,17,26,19,28,20,27,20,28,22,27,17,27,22,26,20,26,16,23,17,24,16,27,16,24,15,27,15,24,14,26,15,23,15,26,16,24,14,27,15,28,15,26,15,23,15,24,15,28,13,27,14,27,13,24,15,24,14,26,19,28,17,24,15,27,20,27,19,24,17,22,19,19,19,21,19,23,19,21,22,16,17,17,20,14,20,15,22,14,20,13,23,11,21,9,20,7,20,5,20,4,20,3,17,2,17,1,16,0,0,0,0,0,0,0,0,0,0]"""
1782031938232,2026-06-21T17:52:18.232,safe,posture,mhw,standing_still,t017,"CSI_DATA,535618,1a:00:00:00:00:00,-44,11,-99,19,28,11,524013694,47,2,256,0,""[0,0,0,0,0,0,0,0,0,0,0,0,7,2,7,2,8,0,8,2,9,2,7,1,10,2,8,2,14,2,11,2,11,4,11,2,11,3,14,2,15,4,15,3,16,2,16,4,15,5,15,3,15,4,20,3,19,5,19,4,19,5,20,3,20,4,20,3,20,3,21,1,20,2,21,1,21,0,20,-1,23,-1,24,-4,23,-2,22,-2,23,-2,24,-3,24,-4,24,-9,24,-7,27,-9,24,-9,23,-10,24,-10,26,-10,26,-14,27,-14,26,-13,28,-14,30,-16,28,-16,30,-19,28,-19,29,-17,0,0,0,0,0,0,-21,-30,-20,-32,-17,-27,-21,-28,-20,-28,-19,-27,-20,-26,-23,-26,-20,-24,-20,-22,-20,-22,-20,-21,-26,-22,-22,-21,-20,-21,-23,-20,-23,-19,-22,-19,-24,-20,-27,-15,-27,-13,-27,-17,-24,-11,-24,-14,-24,-11,-29,-9,-27,-13,-26,-9,-29,-13,-28,-10,-28,-13,-29,-9,-29,-8,-29,-7,-29,-9,-27,-8,-28,-7,-28,-5,-29,-9,-28,-8,-27,-9,-26,-11,-26,-9,-26,-10,-24,-10,-23,-9,-22,-9,-22,-11,-20,-11,-17,-9,-20,-10,-17,-11,-19,-9,-17,-14,-15,-10,-14,-13,-11,-13,0,0,0,0,0,0,0,0,0,0]"""
1782031938243,2026-06-21T17:52:18.243,safe,posture,mhw,standing_still,t017,"CSI_DATA,535619,1a:00:00:00:00:00,-44,11,-99,20,28,11,524024694,47,2,256,0,""[0,0,0,0,0,0,0,0,0,0,0,0,0,-8,0,-5,0,-9,0,-6,0,-9,1,-8,0,-9,1,-11,1,-10,0,-10,0,-12,1,-12,0,-12,1,-15,2,-13,2,-17,0,-15,3,-18,2,-13,0,-16,0,-16,2,-17,2,-21,2,-17,3,-19,2,-19,4,-20,0,-18,3,-23,2,-18,1,-21,0,-17,-1,-21,-2,-21,-3,-23,-2,-23,-2,-25,-2,-21,-4,-23,-4,-26,-6,-23,-5,-28,-3,-23,-8,-25,-5,-20,-10,-25,-10,-25,-13,-24,-11,-26,-12,-27,-10,-28,-12,-30,-15,-28,-16,-31,-13,-31,-15,-27,-17,-30,0,0,0,0,0,0,-33,13,-32,18,-25,17,-28,18,-35,21,-27,12,-31,20,-26,15,-31,18,-24,17,-23,18,-24,20,-24,20,-25,24,-23,19,-21,19,-20,23,-21,23,-19,19,-24,25,-18,21,-19,24,-15,20,-15,23,-16,26,-13,25,-17,28,-15,25,-15,26,-13,28,-16,27,-11,25,-17,27,-15,25,-15,27,-11,21,-11,28,-13,25,-11,28,-13,26,-15,26,-17,23,-16,24,-17,24,-15,21,-18,23,-16,17,-15,21,-12,16,-15,20,-15,16,-13,17,-16,13,-16,13,-15,12,-16,10,-15,10,0,0,0,0,0,0,0,0,0,0]"""
1782031938251,2026-06-21T17:52:18.251,safe,posture,mhw,standing_still,t017,"CSI_DATA,535620,1a:00:00:00:00:00,-44,11,-99,14,29,11,524035694,47,2,256,0,""[0,0,0,0,0,0,0,0,0,0,0,0,7,4,4,4,6,4,4,4,7,6,7,7,6,4,7,7,7,9,8,11,7,9,7,12,7,12,8,13,3,12,6,15,6,13,6,17,3,13,4,17,4,20,4,15,4,23,2,18,1,19,3,19,2,20,0,18,2,23,2,19,2,22,1,18,2,22,1,23,2,20,2,23,1,25,1,22,0,24,1,26,2,23,0,28,-1,24,2,28,1,22,3,28,0,26,3,29,-1,29,0,31,-1,28,-2,30,-2,31,-2,35,-3,31,-3,29,0,33,0,0,0,0,0,0,31,7,37,8,29,6,34,8,39,12,28,11,36,11,29,9,33,12,25,11,26,9,31,12,28,12,31,11,26,13,25,12,29,12,30,12,23,11,31,13,23,9,29,11,23,11,25,12,28,12,26,12,30,13,25,13,26,15,26,14,26,15,25,12,29,19,23,15,25,17,19,17,24,17,23,19,22,19,19,20,20,24,15,23,15,25,15,24,14,22,14,25,9,22,12,23,6,17,8,24,4,23,4,23,2,20,0,22,0,17,-3,19,-4,17,0,0,0,0,0,0,0,0,0,0]"""
1782031938266,2026-06-21T17:52:18.266,safe,posture,mhw,standing_still,t017,"CSI_DATA,535621,1a:00:00:00:00:00,-44,11,-99,20,28,11,524046694,47,2,256,0,""[0,0,0,0,0,0,0,0,0,0,0,0,6,-3,5,-3,9,-3,8,-2,9,-2,9,-3,8,-3,10,-3,10,-2,11,-4,11,-3,12,-2,12,-4,12,-3,11,-2,17,-3,16,-4,17,-3,16,-3,16,-3,18,-3,17,-3,19,-2,18,-3,18,-3,20,-3,19,-1,18,-3,21,-3,19,-3,20,-3,19,-3,20,-8,21,-4,20,-6,21,-6,23,-6,24,-6,23,-6,23,-9,21,-10,26,-9,24,-8,23,-12,20,-8,24,-13,24,-11,23,-17,27,-15,25,-16,26,-13,27,-13,28,-13,31,-17,31,-13,26,-15,27,-18,0,0,0,0,0,0,-19,-28,-21,-34,-17,-26,-18,-30,-18,-33,-16,-27,-18,-32,-16,-26,-18,-28,-16,-27,-17,-24,-20,-25,-17,-24,-20,-24,-18,-24,-17,-21,-20,-23,-20,-23,-17,-19,-19,-25,-19,-19,-21,-21,-18,-18,-20,-18,-24,-20,-20,-17,-24,-20,-23,-18,-21,-20,-25,-18,-23,-19,-23,-16,-25,-24,-21,-19,-21,-19,-19,-19,-24,-19,-21,-20,-24,-19,-20,-21,-20,-21,-18,-23,-16,-24,-16,-21,-17,-20,-15,-25,-10,-20,-16,-20,-10,-18,-13,-20,-10,-19,-10,-19,-6,-19,-8,-21,-4,-19,-1,-17,-1,-17,0,0,0,0,0,0,0,0,0,0]"""
1782031938274,2026-06-21T17:52:18.274,safe,posture,mhw,standing_still,t017,"CSI_DATA,535622,1a:00:00:00:00:00,-44,11,-99,19,28,11,524057694,47,2,256,0,""[0,0,0,0,0,0,0,0,0,0,0,0,-1,7,-1,8,0,7,-1,8,-1,10,-1,8,-1,9,-1,9,-2,10,-2,10,-3,11,-4,11,-4,14,-4,14,-5,15,-4,13,-4,14,-5,17,-5,16,-7,15,-10,15,-7,17,-8,16,-8,15,-9,19,-8,17,-9,17,-11,19,-9,19,-7,19,-8,19,-8,20,-9,19,-8,19,-5,22,-8,22,-8,21,-8,21,-8,22,-5,23,-9,23,-4,23,-5,26,-5,27,-7,26,-4,23,-3,27,-4,27,-3,29,-5,30,-7,30,-4,30,-7,35,-7,33,-5,33,-5,34,-4,32,0,0,0,0,0,0,36,9,35,9,34,4,33,9,34,8,32,10,32,5,34,9,33,8,32,8,30,5,27,7,34,4,32,5,27,7,32,4,30,4,29,5,32,4,29,1,29,0,30,3,28,1,28,0,27,1,33,-1,30,1,28,0,32,2,29,0,30,1,33,2,30,-1,30,-1,30,2,30,1,29,2,29,0,29,1,30,3,29,5,27,4,28,5,24,4,27,7,26,7,26,8,23,9,22,9,19,8,20,9,19,10,20,10,16,14,14,11,13,11,14,14,0,0,0,0,0,0,0,0,0,0]"""
1782031938289,2026-06-21T17:52:18.289,safe,posture,mhw,standing_still,t017,"CSI_DATA,535623,1a:00:00:00:00:00,-44,11,-99,15,29,11,524068694,47,2,256,0,""[0,0,0,0,0,0,0,0,0,0,0,0,1,-5,2,-7,2,-5,1,-7,1,-8,1,-9,3,-10,4,-9,3,-11,4,-8,5,-10,5,-11,4,-13,8,-13,8,-14,7,-11,8,-14,8,-14,8,-14,8,-16,8,-11,11,-16,11,-13,10,-14,11,-15,11,-15,13,-16,14,-17,11,-14,13,-17,13,-17,13,-20,13,-16,11,-17,14,-19,14,-20,11,-16,11,-20,11,-19,11,-20,15,-20,9,-20,13,-23,14,-23,14,-24,11,-22,11,-24,15,-24,11,-26,14,-24,11,-29,11,-29,15,-30,15,-27,15,-30,14,-32,15,-26,0,0,0,0,0,0,-30,-20,-27,-15,-29,-19,-30,-19,-28,-16,-29,-20,-26,-15,-30,-20,-26,-16,-28,-19,-28,-17,-23,-17,-28,-15,-24,-15,-26,-16,-27,-14,-26,-14,-27,-14,-28,-19,-22,-10,-27,-10,-24,-14,-28,-11,-26,-11,-24,-13,-28,-11,-24,-11,-26,-11,-27,-11,-27,-10,-26,-13,-29,-15,-26,-9,-27,-10,-26,-15,-30,-16,-24,-16,-27,-15,-23,-16,-26,-16,-22,-15,-22,-16,-23,-17,-20,-17,-19,-20,-20,-15,-20,-17,-16,-20,-17,-21,-13,-17,-13,-17,-9,-19,-11,-19,-9,-19,-7,-19,-5,-16,-4,-19,0,0,0,0,0,0,0,0,0,0]"""
1782031938298,2026-06-21T17:52:18.298,safe,posture,mhw,standing_still,t017,"CSI_DATA,535624,1a:00:00:00:00:00,-44,11,-99,18,28,11,524079694,47,2,256,0,""[0,0,0,0,0,0,0,0,0,0,0,0,2,-6,2,-4,3,-8,3,-6,3,-8,6,-7,3,-7,3,-9,4,-9,4,-12,4,-9,8,-12,4,-11,6,-14,7,-13,7,-15,4,-13,8,-14,8,-13,6,-14,6,-15,8,-17,8,-18,7,-14,9,-17,7,-18,9,-19,7,-17,9,-20,6,-17,7,-20,4,-17,2,-20,4,-22,3,-20,2,-22,2,-24,2,-23,4,-24,0,-26,-1,-23,0,-28,-1,-23,-4,-25,-2,-20,-7,-26,-3,-26,-8,-25,-8,-29,-7,-30,-7,-26,-6,-30,-9,-31,-11,-33,-11,-31,-9,-29,-14,-29,0,0,0,0,0,0,-31,13,-34,17,-24,13,-30,17,-36,18,-26,13,-31,18,-25,17,-28,18,-20,14,-23,15,-25,18,-24,20,-25,24,-22,19,-22,20,-22,23,-22,22,-18,20,-22,25,-15,23,-18,26,-13,22,-14,23,-15,26,-14,25,-15,30,-13,24,-14,28,-12,30,-12,28,-8,26,-14,33,-11,28,-11,28,-9,23,-8,30,-12,26,-8,29,-12,28,-13,28,-12,24,-13,26,-13,26,-9,23,-15,25,-11,19,-9,23,-9,17,-9,20,-12,18,-11,19,-9,18,-13,17,-11,13,-12,13,-12,12,0,0,0,0,0,0,0,0,0,0]"""
1782031938308,2026-06-21T17:52:18.308,safe,posture,mhw,standing_still,t017,"CSI_DATA,535625,1a:00:00:00:00:00,-44,11,-99,15,29,11,524090694,47,2,256,0,""[0,0,0,0,0,0,0,0,0,0,0,0,5,1,4,2,7,2,8,4,7,3,8,3,9,2,9,5,10,4,9,5,9,8,9,5,10,7,11,9,10,11,11,9,13,9,13,13,10,13,9,13,9,14,15,13,10,16,10,15,10,17,11,15,10,19,11,19,13,16,11,16,9,19,10,17,11,16,11,17,13,19,14,20,13,19,13,20,11,20,15,20,11,21,14,19,16,20,15,21,16,21,16,19,17,21,16,21,19,22,17,26,17,24,20,26,19,27,19,26,19,28,19,28,17,30,0,0,0,0,0,0,29,-17,35,-14,29,-13,30,-13,34,-13,32,-10,30,-15,30,-13,32,-11,28,-9,27,-11,28,-10,28,-15,30,-11,28,-8,29,-9,28,-11,29,-9,30,-10,28,-13,26,-13,28,-9,24,-11,24,-11,24,-10,27,-14,28,-11,27,-10,29,-10,28,-11,30,-9,32,-9,28,-10,28,-11,29,-7,29,-7,27,-5,28,-7,29,-4,30,-4,28,-3,27,0,29,0,28,1,27,3,26,2,23,3,26,3,22,4,21,5,21,5,21,7,21,8,17,9,16,11,15,11,13,13,0,0,0,0,0,0,0,0,0,0]"""
1782031938321,2026-06-21T17:52:18.321,safe,posture,mhw,standing_still,t017,"CSI_DATA,535626,1a:00:00:00:00:00,-44,11,-99,19,28,11,524101694,47,2,256,0,""[0,0,0,0,0,0,0,0,0,0,0,0,5,-2,5,-2,8,-2,8,-2,9,-1,10,0,8,-1,13,-1,9,0,11,-2,11,-2,10,-2,13,-2,13,-2,11,1,17,1,15,-2,17,-1,17,1,15,-1,16,0,16,-1,20,-1,19,-1,20,-1,20,-2,20,-1,19,-2,23,0,19,-1,22,-2,20,-2,22,-4,22,-2,21,-8,21,-5,24,-5,21,-4,22,-7,22,-8,21,-9,26,-8,23,-7,23,-11,20,-10,26,-15,26,-13,22,-15,24,-14,26,-17,24,-14,24,-15,26,-14,28,-17,27,-17,24,-21,27,-21,0,0,0,0,0,0,-20,-26,-22,-29,-21,-23,-22,-26,-24,-30,-17,-24,-22,-29,-20,-24,-23,-26,-20,-22,-23,-21,-23,-21,-21,-21,-26,-21,-22,-20,-23,-19,-26,-17,-24,-19,-21,-17,-24,-21,-23,-15,-28,-16,-22,-11,-27,-13,-27,-13,-23,-13,-28,-13,-27,-13,-27,-13,-28,-11,-28,-11,-26,-8,-29,-15,-26,-11,-27,-10,-23,-13,-30,-11,-27,-13,-28,-10,-24,-13,-27,-14,-24,-15,-24,-16,-26,-15,-22,-10,-24,-16,-20,-15,-21,-13,-16,-13,-20,-13,-17,-13,-17,-13,-14,-14,-15,-14,-11,-13,-9,-14,-10,-13,0,0,0,0,0,0,0,0,0,0]"""
1782031938331,2026-06-21T17:52:18.331,safe,posture,mhw,standing_still,t017,"CSI_DATA,535627,1a:00:00:00:00:00,-44,11,-99,19,28,11,524112694,47,2,256,0,""[0,0,0,0,0,0,0,0,0,0,0,0,-1,8,0,7,-2,7,-2,8,-2,8,-2,9,-3,10,-3,10,-5,9,-4,11,-4,11,-7,10,-8,11,-7,11,-8,11,-11,11,-11,13,-10,13,-13,11,-11,13,-11,13,-14,11,-15,11,-15,11,-15,9,-17,11,-17,10,-16,11,-17,8,-20,8,-17,9,-20,9,-20,9,-19,9,-19,13,-21,9,-20,10,-22,11,-23,10,-22,11,-22,10,-23,10,-26,9,-21,11,-22,9,-26,11,-24,10,-24,14,-24,11,-27,11,-30,11,-30,8,-32,10,-32,7,-32,9,-32,11,-30,10,0,0,0,0,0,0,3,34,4,34,7,33,4,34,2,34,2,30,1,35,1,33,1,30,-1,34,0,32,1,33,-3,30,2,30,0,30,-1,29,0,32,-1,29,-1,27,-4,30,-1,30,-1,30,-2,29,-2,29,1,30,-4,27,-1,29,-2,29,-3,29,-2,30,-4,29,-3,28,-10,30,-8,29,-7,28,-9,29,-9,30,-13,28,-9,28,-13,26,-13,26,-16,24,-16,24,-15,21,-16,22,-17,19,-20,17,-17,17,-19,14,-20,15,-19,13,-20,11,-17,7,-19,9,-19,5,-16,3,-19,1,0,0,0,0,0,0,0,0,0,0]"""
1782031938342,2026-06-21T17:52:18.342,safe,posture,mhw,standing_still,t017,"CSI_DATA,535628,1a:00:00:00:00:00,-44,11,-99,18,28,11,524123694,47,2,256,0,""[0,0,0,0,0,0,0,0,0,0,0,0,6,2,8,2,6,1,8,2,7,1,8,1,9,3,8,3,11,1,11,2,12,2,13,2,14,2,14,0,15,3,12,0,18,2,13,1,19,2,19,2,18,1,18,0,15,1,18,0,22,-1,18,-1,18,-1,23,0,14,-3,22,-6,20,-2,25,-8,22,-3,20,-6,23,-4,22,-8,18,-7,20,-13,18,-13,17,-13,22,-14,14,-14,22,-18,18,-18,23,-23,20,-17,17,-20,20,-20,15,-20,17,-20,15,-28,12,-26,17,-29,14,-28,11,-33,14,-31,14,-29,0,0,0,0,0,0,-34,-13,-28,-11,-40,-12,-33,-9,-26,-6,-37,-7,-26,-6,-37,-4,-28,-3,-37,-3,-33,-3,-29,-4,-29,1,-26,0,-31,4,-29,7,-30,6,-25,7,-31,4,-22,9,-28,13,-26,8,-31,13,-28,13,-24,11,-26,13,-20,13,-23,18,-23,19,-19,19,-19,17,-26,20,-14,18,-22,23,-20,19,-26,28,-23,18,-20,20,-23,19,-20,18,-18,18,-19,24,-15,22,-14,18,-20,20,-13,19,-18,22,-15,17,-20,19,-17,13,-17,13,-18,11,-17,12,-13,11,-14,13,-13,12,-15,11,0,0,0,0,0,0,0,0,0,0]"""
1782031938352,2026-06-21T17:52:18.352,safe,posture,mhw,standing_still,t017,"CSI_DATA,535629,1a:00:00:00:00:00,-44,11,-99,15,29,11,524134694,47,2,256,0,""[0,0,0,0,0,0,0,0,0,0,0,0,-4,-5,-5,-4,-3,-3,-5,-5,-5,-4,-8,-8,-8,-8,-5,-7,-8,-5,-5,-8,-11,-8,-9,-8,-11,-8,-10,-8,-10,-9,-10,-8,-14,-9,-13,-7,-15,-11,-11,-13,-9,-13,-11,-11,-13,-13,-17,-13,-17,-10,-15,-10,-15,-9,-16,-11,-15,-9,-21,-8,-19,-8,-23,-10,-21,-9,-20,-9,-20,-8,-20,-7,-19,-4,-24,-2,-23,-2,-21,-1,-23,-3,-22,2,-27,1,-27,2,-33,3,-27,0,-28,4,-27,2,-23,4,-29,7,-30,11,-27,11,-30,10,-32,10,-29,17,-33,11,-33,13,0,0,0,0,0,0,15,29,16,27,22,33,15,29,14,22,21,28,17,23,23,28,17,21,21,30,22,26,19,22,20,22,20,21,24,21,26,19,26,17,22,14,26,17,23,11,28,11,24,10,32,14,27,13,26,10,24,10,24,8,30,5,29,3,27,4,24,5,30,5,27,1,32,1,30,2,38,3,30,7,29,3,29,4,27,4,27,3,33,0,29,1,23,1,24,2,24,0,28,0,24,3,28,5,21,7,22,5,20,8,20,4,17,7,21,4,17,4,17,7,0,0,0,0,0,0,0,0,0,0]"""
1782031938363,2026-06-21T17:52:18.363,safe,posture,mhw,standing_still,t017,"CSI_DATA,535630,1a:00:00:00:00:00,-44,11,-99,14,29,11,524145694,47,2,256,0,""[0,0,0,0,0,0,0,0,0,0,0,0,1,8,2,7,1,6,1,8,2,8,2,9,2,9,1,9,4,11,2,11,2,12,1,13,6,14,3,13,2,15,4,14,6,15,2,15,4,15,4,15,3,13,7,19,3,17,4,18,6,19,7,19,6,19,8,23,7,17,9,19,7,18,11,20,11,17,13,17,12,19,13,19,13,17,14,17,15,17,15,17,17,18,17,13,20,15,22,15,22,17,19,15,23,13,24,15,26,12,25,13,28,12,29,11,31,12,29,11,34,11,35,11,33,11,0,0,0,0,0,0,11,-35,9,-34,8,-36,8,-34,7,-30,7,-33,2,-30,6,-35,4,-30,4,-31,3,-31,2,-30,-1,-33,1,-28,0,-30,-2,-30,-4,-30,-3,-29,-3,-31,-8,-25,-9,-25,-7,-28,-9,-28,-8,-26,-9,-24,-14,-28,-11,-26,-12,-26,-14,-26,-15,-24,-13,-25,-14,-29,-17,-22,-18,-25,-14,-26,-18,-28,-13,-24,-19,-24,-15,-25,-17,-24,-14,-23,-15,-23,-15,-24,-14,-22,-14,-25,-14,-19,-12,-23,-11,-23,-12,-23,-7,-19,-11,-20,-8,-19,-7,-19,-7,-18,-7,-19,-6,-18,-4,-18,0,0,0,0,0,0,0,0,0,0]"""
1782031938375,2026-06-21T17:52:18.375,safe,posture,mhw,standing_still,t017,"CSI_DATA,535631,1a:00:00:00:00:00,-44,11,-99,15,29,11,524156694,47,2,256,0,""[0,0,0,0,0,0,0,0,0,0,0,0,0,-4,0,-7,0,-7,1,-8,-1,-8,0,-9,1,-10,2,-8,-1,-10,2,-10,0,-10,0,-13,0,-14,0,-13,0,-15,0,-11,0,-17,-1,-14,0,-19,2,-19,3,-19,1,-16,1,-16,-1,-19,-1,-21,-2,-19,-1,-19,0,-23,-3,-17,-3,-23,-1,-19,-4,-26,-2,-21,-4,-22,-4,-21,-5,-22,-8,-17,-9,-21,-10,-19,-10,-19,-10,-22,-11,-16,-15,-22,-13,-22,-17,-27,-11,-23,-15,-22,-14,-24,-16,-20,-19,-21,-23,-21,-23,-20,-23,-26,-23,-22,-26,-20,-28,-24,-24,-23,0,0,0,0,0,0,-23,27,-19,23,-26,32,-22,23,-19,22,-24,28,-15,23,-21,30,-16,23,-20,32,-17,27,-19,23,-14,28,-13,24,-14,28,-11,29,-10,29,-7,28,-14,30,-2,24,-4,30,-7,27,-5,34,-7,29,-5,27,-3,29,-3,26,-1,29,-2,32,0,27,-1,27,-3,34,2,26,3,29,0,28,1,38,-3,28,1,29,-4,30,-1,27,0,26,1,30,1,28,1,24,-2,28,2,23,-1,27,-4,23,-3,28,-5,22,-5,22,-5,20,-4,21,-7,16,-4,20,-4,17,-7,16,0,0,0,0,0,0,0,0,0,0]"""
1782031938385,2026-06-21T17:52:18.385,safe,posture,mhw,standing_still,t017,"CSI_DATA,535632,1a:00:00:00:00:00,-44,11,-99,16,29,11,524167694,47,2,256,0,""[0,0,0,0,0,0,0,0,0,0,0,0,0,6,2,8,0,6,0,8,2,6,1,9,0,10,-1,10,0,9,-3,10,-1,12,-2,11,-1,13,-2,13,-2,15,-4,15,-4,16,-3,15,-6,16,-5,18,-4,18,-6,15,-9,15,-6,18,-8,17,-10,16,-10,15,-10,19,-10,15,-10,18,-10,17,-11,19,-11,20,-11,18,-11,18,-12,16,-10,16,-11,21,-12,19,-10,19,-12,20,-10,19,-13,23,-12,21,-16,26,-13,23,-13,25,-15,23,-13,23,-13,23,-17,27,-16,26,-17,27,-19,26,-16,27,-21,28,-19,27,0,0,0,0,0,0,27,21,21,21,30,24,24,24,20,20,25,24,20,21,24,25,21,20,24,27,23,26,20,21,20,21,17,23,23,21,20,23,20,20,19,19,19,19,18,20,21,23,20,19,21,23,21,23,20,19,17,20,18,20,21,19,20,21,21,20,18,21,19,23,18,24,20,23,17,23,19,30,16,26,13,25,13,24,10,25,11,25,12,27,10,25,10,23,8,25,6,24,6,25,4,23,0,27,0,24,-1,23,-3,21,-3,18,-4,19,-5,20,-6,17,-8,16,0,0,0,0,0,0,0,0,0,0]"""
1782031938398,2026-06-21T17:52:18.398,safe,posture,mhw,standing_still,t017,"CSI_DATA,535633,1a:00:00:00:00:00,-44,11,-99,16,29,11,524178694,47,2,256,0,""[0,0,0,0,0,0,0,0,0,0,0,0,8,-2,9,-2,6,-1,8,-1,8,0,9,-1,9,-1,9,-1,10,-3,11,-1,11,-1,12,-2,12,-2,13,-3,16,-2,15,-2,17,-3,17,-2,16,-2,17,-3,17,-4,19,-3,19,-2,17,-1,19,-2,19,-2,19,-2,21,-1,20,-4,20,-5,19,-2,19,-4,19,-4,19,-6,20,-5,21,-8,21,-5,20,-6,23,-8,21,-8,24,-9,20,-13,21,-13,24,-13,24,-12,20,-11,23,-17,21,-12,24,-17,25,-18,23,-18,25,-20,26,-20,24,-17,25,-20,28,-23,24,-20,0,0,0,0,0,0,-21,-31,-19,-25,-23,-25,-21,-27,-20,-25,-21,-28,-21,-24,-24,-25,-19,-24,-20,-24,-21,-20,-19,-21,-25,-21,-21,-20,-20,-20,-23,-21,-21,-18,-23,-18,-25,-20,-25,-13,-25,-15,-25,-17,-24,-13,-24,-12,-24,-13,-31,-12,-25,-13,-25,-12,-26,-15,-26,-11,-25,-13,-28,-15,-26,-8,-28,-10,-26,-13,-27,-11,-25,-12,-26,-9,-27,-12,-27,-12,-25,-12,-24,-12,-24,-13,-24,-13,-21,-16,-21,-11,-20,-15,-19,-16,-18,-15,-16,-15,-17,-13,-13,-15,-17,-15,-13,-17,-10,-13,-11,-13,-9,-17,0,0,0,0,0,0,0,0,0,0]"""
1782031938407,2026-06-21T17:52:18.407,safe,posture,mhw,standing_still,t017,"CSI_DATA,535634,1a:00:00:00:00:00,-44,11,-99,15,29,11,524189694,47,2,256,0,""[0,0,0,0,0,0,0,0,0,0,0,0,7,-1,5,-1,8,-3,7,-2,8,-3,8,-3,9,-2,9,-3,9,-3,10,-4,10,-4,10,-4,11,-4,13,-4,13,-4,14,-5,14,-7,15,-8,14,-5,13,-9,13,-10,14,-9,15,-10,15,-10,15,-10,15,-11,15,-11,14,-13,17,-13,15,-13,13,-14,13,-15,14,-19,11,-16,10,-20,10,-17,10,-20,10,-20,10,-22,7,-22,4,-21,9,-24,5,-23,3,-26,4,-23,2,-29,2,-27,-3,-27,0,-27,-2,-30,-1,-29,-2,-32,-4,-30,-4,-33,-4,-32,-9,-30,-10,-33,0,0,0,0,0,0,-33,11,-33,9,-29,14,-30,15,-32,16,-28,14,-30,15,-28,16,-28,19,-26,16,-24,19,-23,23,-24,20,-19,23,-21,22,-19,22,-16,27,-16,23,-14,23,-15,26,-14,24,-14,26,-8,26,-9,27,-7,28,-8,27,-7,28,-4,30,-4,28,-1,32,-3,30,0,28,-5,30,-3,29,0,28,-2,28,2,32,1,29,4,28,0,28,1,28,0,28,0,28,1,27,1,27,-1,27,-1,24,2,26,0,22,1,23,0,21,2,21,-1,19,1,21,-1,19,-2,15,-2,17,0,0,0,0,0,0,0,0,0,0]"""
1782031938418,2026-06-21T17:52:18.418,safe,posture,mhw,standing_still,t017,"CSI_DATA,535635,1a:00:00:00:00:00,-44,11,-99,17,28,11,524200694,47,2,256,0,""[0,0,0,0,0,0,0,0,0,0,0,0,-17,13,22,25,-5,1,20,5,2,-3,-2,23,-26,-1,1,20,-1,25,-21,7,0,5,-7,18,-12,15,0,13,-8,26,-10,11,0,15,-5,10,-6,17,-12,16,-6,21,-6,18,-7,12,-7,21,-8,16,-7,17,-6,21,-6,18,-8,17,-8,20,-5,20,-7,20,-7,22,-6,18,-5,22,-6,20,-5,21,-3,22,-7,22,-3,22,-6,23,-3,25,-2,26,-2,25,-3,26,-2,27,-3,27,-2,27,-2,27,-3,27,-1,31,-3,30,-1,33,-3,33,-2,32,-2,33,-1,35,0,0,0,0,0,0,32,1,36,3,37,1,33,0,33,2,33,3,35,2,33,2,30,1,32,3,32,1,30,0,28,2,32,0,32,0,30,-1,31,-1,30,-2,28,-2,30,1,28,-5,28,-3,30,-2,31,-3,28,-5,27,-3,28,-3,28,-7,28,-3,28,-6,28,-3,28,-7,31,-3,30,-5,27,-5,32,-3,31,-6,30,-1,30,-3,26,1,27,-1,30,0,27,2,27,1,26,1,26,3,25,5,23,1,22,5,22,6,20,7,20,6,17,7,18,7,17,8,16,8,13,12,0,0,0,0,0,0,0,0,0,0]"""
1782031938432,2026-06-21T17:52:18.432,safe,posture,mhw,standing_still,t017,"CSI_DATA,535636,1a:00:00:00:00:00,-44,11,-99,20,28,11,524211694,47,2,256,0,""[0,0,0,0,0,0,0,0,0,0,0,0,4,-4,2,-3,5,-5,5,-4,6,-4,8,-4,6,-5,10,-6,8,-5,10,-6,9,-8,10,-6,10,-6,12,-8,10,-6,16,-6,13,-8,15,-8,15,-5,12,-6,15,-9,17,-6,17,-9,16,-6,17,-5,18,-6,18,-5,16,-8,20,-8,19,-8,21,-6,19,-6,20,-9,19,-8,18,-10,20,-9,21,-11,20,-10,21,-11,23,-12,19,-15,25,-11,25,-10,23,-17,19,-10,23,-17,24,-15,23,-18,23,-15,26,-16,26,-16,26,-16,25,-13,27,-18,28,-15,28,-17,28,-19,0,0,0,0,0,0,-18,-30,-16,-31,-17,-26,-18,-28,-18,-31,-15,-27,-17,-32,-16,-27,-16,-28,-15,-27,-15,-27,-19,-28,-15,-27,-19,-27,-16,-26,-16,-26,-18,-25,-18,-24,-15,-23,-17,-26,-18,-24,-19,-24,-17,-20,-19,-21,-19,-24,-18,-21,-20,-23,-20,-20,-18,-24,-19,-23,-19,-23,-19,-20,-18,-26,-17,-24,-18,-24,-17,-23,-19,-24,-15,-25,-18,-24,-13,-25,-15,-25,-10,-26,-10,-26,-11,-27,-11,-23,-6,-27,-5,-24,-9,-23,-4,-19,-4,-24,-2,-20,-3,-21,1,-19,0,-20,1,-19,2,-17,2,-17,0,0,0,0,0,0,0,0,0,0]"""
1782031938442,2026-06-21T17:52:18.442,safe,posture,mhw,standing_still,t017,"CSI_DATA,535637,1a:00:00:00:00:00,-44,11,-99,16,29,11,524222768,47,2,256,0,""[0,0,0,0,0,0,0,0,0,0,0,0,-6,0,-4,0,-8,-1,-6,-1,-6,-1,-8,-1,-8,-1,-9,-2,-9,-3,-10,-1,-11,-2,-11,-3,-12,-3,-11,-4,-12,-3,-15,-8,-13,-5,-15,-8,-13,-6,-13,-10,-18,-10,-12,-8,-17,-8,-16,-9,-16,-10,-17,-10,-15,-11,-17,-9,-18,-15,-16,-10,-16,-13,-13,-11,-18,-10,-16,-11,-20,-10,-20,-12,-21,-12,-18,-13,-19,-12,-23,-11,-20,-10,-21,-13,-20,-13,-24,-8,-18,-10,-25,-11,-23,-12,-26,-10,-25,-15,-26,-11,-24,-16,-25,-17,-27,-17,-33,-15,-28,-17,-26,-16,-30,-13,0,0,0,0,0,0,-17,26,-19,32,-13,26,-19,30,-20,31,-16,24,-21,30,-19,26,-21,26,-18,25,-16,25,-16,30,-17,24,-16,28,-16,23,-15,24,-16,25,-16,25,-13,23,-18,27,-13,24,-16,26,-11,20,-13,23,-15,27,-13,25,-16,30,-13,24,-15,25,-15,28,-16,26,-12,24,-19,27,-18,24,-16,24,-15,21,-16,26,-18,24,-15,25,-19,21,-20,23,-20,18,-21,20,-23,18,-20,17,-23,16,-21,11,-19,15,-16,8,-20,11,-20,9,-19,10,-18,8,-20,6,-18,3,-19,2,-17,1,0,0,0,0,0,0,0,0,0,0]"""
1782031938451,2026-06-21T17:52:18.451,safe,posture,mhw,standing_still,t017,"CSI_DATA,535638,1a:00:00:00:00:00,-44,11,-99,14,29,11,524233694,47,2,256,0,""[0,0,0,0,0,0,0,0,0,0,0,0,7,0,6,0,9,1,4,1,8,1,7,0,9,0,11,2,9,1,11,3,11,3,11,3,14,3,13,3,11,4,17,7,15,4,13,7,9,6,14,6,17,6,17,9,18,11,14,11,15,11,17,9,18,13,15,11,18,13,14,12,18,13,14,11,18,12,17,12,19,11,19,13,20,14,18,12,19,13,23,13,20,11,23,17,18,14,24,14,15,9,25,13,20,14,26,13,25,14,28,15,23,15,26,18,26,20,28,19,29,20,25,18,28,20,0,0,0,0,0,0,23,-26,26,-29,17,-20,24,-23,28,-29,22,-19,28,-25,20,-20,26,-24,20,-19,22,-20,23,-22,23,-22,23,-26,20,-20,20,-22,19,-24,23,-23,19,-20,24,-24,19,-20,23,-23,14,-17,17,-20,20,-23,20,-23,23,-24,18,-22,20,-23,19,-24,23,-22,19,-19,28,-22,22,-18,24,-18,19,-15,23,-20,22,-19,22,-20,25,-15,25,-18,26,-12,26,-11,26,-11,23,-9,26,-8,24,-4,24,-7,19,-3,24,-4,20,-1,23,-3,22,-1,23,0,19,3,17,3,18,6,0,0,0,0,0,0,0,0,0,0]"""
1782031938463,2026-06-21T17:52:18.463,safe,posture,mhw,standing_still,t017,"CSI_DATA,535639,1a:00:00:00:00:00,-44,11,-99,20,28,11,524244694,47,2,256,0,""[0,0,0,0,0,0,0,0,0,0,0,0,-5,-3,-5,-3,-5,-3,-6,-3,-6,-3,-8,-4,-8,-6,-8,-4,-8,-5,-8,-5,-10,-8,-11,-8,-12,-6,-11,-6,-11,-6,-11,-10,-13,-10,-11,-8,-13,-12,-15,-11,-12,-9,-11,-12,-13,-11,-16,-12,-15,-11,-15,-12,-13,-12,-15,-11,-15,-12,-18,-12,-17,-10,-19,-13,-19,-12,-17,-12,-18,-11,-17,-11,-19,-9,-23,-8,-20,-10,-20,-8,-23,-6,-21,-5,-25,-5,-27,-4,-30,-8,-26,-6,-28,-5,-26,-4,-25,-5,-27,-5,-32,-1,-27,-2,-31,-3,-33,-4,-32,1,-34,-4,-33,-1,0,0,0,0,0,0,0,35,-1,30,1,38,1,34,0,31,0,35,1,30,1,36,3,30,1,35,2,33,1,27,3,30,2,28,6,32,6,30,8,28,6,27,6,28,8,25,11,28,11,26,12,32,11,28,12,25,11,26,11,25,15,27,15,26,15,26,11,25,16,25,15,25,16,26,17,24,17,30,16,28,13,25,13,26,11,25,11,24,16,27,11,26,9,23,11,24,10,24,11,26,8,21,8,27,5,23,6,24,2,21,2,18,2,20,3,20,1,19,0,19,0,0,0,0,0,0,0,0,0,0]"""
1782031938474,2026-06-21T17:52:18.474,safe,posture,mhw,standing_still,t017,"CSI_DATA,535640,1a:00:00:00:00:00,-44,11,-99,19,28,11,524256474,47,2,256,0,""[0,0,0,0,0,0,0,0,0,0,0,0,-7,-1,-5,-2,-8,-2,-5,-3,-8,-4,-7,-3,-7,-2,-10,-3,-10,-4,-11,-3,-10,-4,-10,-7,-11,-4,-14,-7,-10,-7,-14,-8,-13,-7,-14,-10,-11,-7,-11,-5,-14,-9,-17,-8,-16,-9,-13,-10,-15,-10,-16,-10,-16,-11,-17,-11,-17,-11,-17,-9,-19,-11,-15,-8,-19,-8,-20,-8,-21,-8,-24,-8,-23,-8,-20,-9,-22,-7,-24,-7,-23,-5,-27,-7,-23,-8,-28,-5,-21,-5,-23,-1,-27,-2,-27,0,-33,0,-32,-2,-26,-3,-33,-4,-33,-1,-32,-2,-32,-5,-32,-1,-34,-1,0,0,0,0,0,0,0,35,-1,39,0,29,0,34,-1,39,-3,30,-3,35,-1,30,-1,35,0,28,2,28,4,30,4,32,4,34,1,27,3,30,4,29,4,30,3,29,7,30,5,27,5,29,7,22,8,26,9,28,14,28,11,29,8,27,10,29,11,27,11,30,10,28,9,29,10,27,10,27,8,24,13,26,14,24,13,27,10,29,10,27,4,27,8,27,5,29,4,28,5,27,2,24,3,26,1,20,3,22,1,23,3,22,0,21,0,21,-2,19,-3,19,-5,17,0,0,0,0,0,0,0,0,0,0]"""
1782031938484,2026-06-21T17:52:18.484,safe,posture,mhw,standing_still,t017,"CSI_DATA,535641,1a:00:00:00:00:00,-44,11,-99,19,28,11,524266694,47,2,256,0,""[0,0,0,0,0,0,0,0,0,0,0,0,4,5,4,4,5,5,5,5,8,7,7,5,7,5,8,5,8,7,10,5,9,8,9,8,13,7,11,7,11,8,14,9,14,8,14,9,13,9,15,5,19,5,14,9,19,5,16,8,16,7,17,8,19,8,19,5,21,8,19,5,20,4,19,4,22,1,23,2,21,-2,22,1,22,-1,22,-1,23,-2,24,-4,21,-8,26,-4,23,-3,23,-10,21,-7,26,-14,24,-13,23,-16,24,-16,26,-16,27,-15,24,-15,26,-17,26,-20,28,-20,23,-20,22,-23,0,0,0,0,0,0,-26,-21,-27,-22,-26,-19,-28,-20,-29,-22,-24,-19,-29,-20,-27,-17,-30,-17,-28,-13,-28,-11,-30,-11,-27,-10,-32,-5,-29,-8,-28,-8,-32,-5,-30,-4,-26,-3,-32,-2,-29,0,-30,2,-27,3,-29,4,-29,5,-28,5,-30,8,-29,9,-29,7,-29,10,-29,13,-26,14,-30,10,-27,9,-24,13,-26,9,-27,16,-26,13,-24,15,-28,13,-26,14,-26,11,-26,11,-24,13,-22,14,-24,11,-22,8,-22,13,-21,10,-21,11,-21,9,-20,11,-17,9,-21,8,-16,5,-16,4,-15,5,0,0,0,0,0,0,0,0,0,0]"""
1782031938498,2026-06-21T17:52:18.498,safe,posture,mhw,standing_still,t017,"CSI_DATA,535642,1a:00:00:00:00:00,-44,11,-99,15,29,11,524278221,47,2,256,0,""[0,0,0,0,0,0,0,0,0,0,0,0,-4,4,-4,5,-3,4,-4,7,-5,5,-7,7,-7,5,-7,5,-8,7,-7,5,-9,8,-11,8,-9,9,-9,8,-11,8,-10,8,-13,10,-11,10,-16,10,-14,9,-11,7,-14,10,-15,5,-16,10,-17,9,-16,9,-16,8,-20,8,-13,8,-19,10,-16,9,-21,13,-21,10,-17,10,-23,10,-17,9,-17,13,-16,16,-17,14,-15,14,-20,13,-15,19,-17,20,-20,17,-24,20,-21,15,-21,20,-24,16,-19,19,-22,20,-21,26,-19,23,-23,21,-23,23,-21,26,-26,26,-24,24,0,0,0,0,0,0,24,24,21,23,27,28,22,27,19,22,24,27,21,22,26,26,22,20,24,28,22,27,16,22,21,22,17,22,23,22,23,22,23,20,22,17,22,22,20,15,26,15,24,16,28,21,23,21,21,19,23,17,20,16,26,16,24,17,22,15,21,16,24,20,22,13,27,15,24,19,29,22,22,22,22,20,20,22,19,20,17,19,23,20,20,20,15,16,16,21,16,16,19,20,15,20,15,24,10,21,10,21,5,20,7,17,4,19,5,21,3,16,3,17,0,0,0,0,0,0,0,0,0,0]"""
1782031938507,2026-06-21T17:52:18.507,safe,posture,mhw,standing_still,t017,"CSI_DATA,535643,1a:00:00:00:00:00,-44,11,-99,19,28,11,524288821,47,2,256,0,""[0,0,0,0,0,0,0,0,0,0,0,0,7,2,7,2,7,2,7,1,9,4,5,4,8,4,9,5,8,5,10,5,10,7,11,7,10,5,10,7,10,7,14,10,11,10,11,13,9,10,13,8,15,10,13,13,14,14,13,14,13,14,14,14,13,16,13,14,14,16,13,14,15,15,11,13,16,14,15,16,17,15,19,15,17,19,15,15,17,16,20,16,19,13,20,19,19,16,22,15,15,13,22,14,20,17,24,14,24,17,23,19,21,19,23,20,24,19,27,22,26,17,23,17,27,19,0,0,0,0,0,0,22,-26,24,-29,16,-23,22,-26,27,-28,21,-22,24,-27,21,-24,24,-26,19,-21,19,-21,21,-24,20,-24,20,-27,20,-21,19,-23,19,-24,20,-24,16,-21,19,-27,13,-24,17,-24,13,-21,15,-23,15,-26,14,-24,17,-27,15,-22,19,-24,16,-26,19,-26,15,-24,21,-27,16,-22,16,-26,16,-19,16,-24,17,-22,16,-23,20,-21,21,-21,20,-16,22,-19,23,-17,20,-16,24,-16,21,-11,20,-13,16,-9,21,-11,20,-8,20,-9,22,-5,21,-7,17,-2,17,-1,17,0,0,0,0,0,0,0,0,0,0,0]"""
1782031938518,2026-06-21T17:52:18.518,safe,posture,mhw,standing_still,t017,"CSI_DATA,535644,1a:00:00:00:00:00,-44,11,-99,16,29,11,524299694,47,2,256,0,""[0,0,0,0,0,0,0,0,0,0,0,0,0,-8,1,-5,0,-9,0,-8,0,-8,1,-9,1,-9,-1,-10,0,-10,0,-10,0,-11,0,-11,1,-13,-1,-13,0,-12,2,-15,1,-15,0,-16,-1,-17,1,-18,-1,-19,1,-16,-3,-20,-2,-18,-1,-18,-1,-20,-1,-18,-2,-17,-1,-20,-3,-19,-3,-20,-3,-20,-5,-23,-4,-20,-6,-20,-5,-20,-9,-20,-9,-21,-9,-21,-11,-20,-12,-18,-10,-24,-11,-23,-15,-20,-13,-21,-20,-19,-16,-20,-20,-19,-17,-20,-19,-20,-19,-20,-21,-23,-21,-19,-25,-26,-24,-23,-24,-20,-30,-21,0,0,0,0,0,0,-23,26,-21,27,-19,27,-18,28,-19,30,-17,26,-20,30,-16,26,-16,30,-15,26,-13,28,-11,30,-12,26,-10,28,-11,28,-10,27,-9,31,-6,27,-4,27,-9,28,-2,30,-3,30,-1,27,-1,27,-1,31,-1,28,0,30,3,28,2,28,3,31,1,31,6,26,0,32,2,30,5,30,2,27,8,32,3,30,4,30,1,28,4,30,3,30,-1,28,1,27,1,25,-1,24,-1,23,3,26,-2,21,0,26,-1,23,-1,20,-3,20,-2,20,-3,19,-4,18,-5,17,0,0,0,0,0,0,0,0,0,0]"""
1782031938528,2026-06-21T17:52:18.528,safe,posture,mhw,standing_still,t017,"CSI_DATA,535645,1a:00:00:00:00:00,-44,11,-99,15,29,11,524310694,47,2,256,0,""[0,0,0,0,0,0,0,0,0,0,0,0,5,2,7,2,7,3,8,4,4,0,8,5,8,4,8,4,8,5,10,3,9,5,9,5,10,5,10,7,10,7,10,9,13,10,10,8,11,13,11,10,10,15,10,11,11,13,13,14,13,14,13,14,13,15,13,14,11,17,13,16,11,16,14,19,13,17,11,17,14,17,14,17,13,17,15,17,15,20,16,16,16,17,14,20,16,20,17,16,17,21,20,20,17,20,20,20,16,22,19,21,22,22,16,24,20,26,20,27,21,28,20,28,19,27,0,0,0,0,0,0,28,-17,28,-17,32,-19,30,-15,29,-14,29,-15,32,-15,32,-14,29,-14,32,-13,29,-14,28,-14,27,-10,27,-15,28,-14,26,-14,26,-16,24,-14,24,-14,26,-13,27,-15,24,-14,27,-14,26,-14,26,-14,24,-11,26,-15,27,-15,26,-14,27,-14,26,-13,27,-14,28,-11,28,-11,27,-11,30,-9,29,-10,28,-8,28,-7,28,-4,27,-4,30,-4,29,-3,28,-3,26,-2,24,2,26,4,23,0,23,5,24,4,21,5,20,4,17,7,17,8,19,9,14,10,14,10,0,0,0,0,0,0,0,0,0,0]"""
1782031938541,2026-06-21T17:52:18.541,safe,posture,mhw,standing_still,t017,"CSI_DATA,535646,1a:00:00:00:00:00,-44,11,-99,15,29,11,524321694,47,2,256,0,""[0,0,0,0,0,0,0,0,0,0,0,0,0,-5,-1,-7,-1,-5,0,-8,-1,-8,0,-9,1,-11,-1,-9,0,-10,0,-11,0,-13,0,-14,-1,-13,-2,-14,0,-14,1,-14,0,-15,-1,-16,2,-16,0,-19,-2,-17,1,-16,-1,-17,0,-20,1,-16,-1,-19,0,-19,0,-20,1,-19,-1,-20,-1,-21,-1,-22,-1,-22,-1,-21,-1,-22,-2,-20,-4,-21,-7,-23,-5,-22,-5,-21,-7,-22,-8,-22,-10,-24,-10,-24,-10,-26,-11,-24,-10,-26,-10,-26,-13,-22,-14,-26,-17,-28,-16,-23,-15,-27,-14,-29,-19,-27,-19,-28,-17,-29,0,0,0,0,0,0,-28,19,-27,20,-29,21,-28,20,-26,17,-27,20,-27,16,-27,20,-23,20,-26,19,-27,19,-23,20,-23,19,-21,21,-21,23,-20,22,-17,22,-17,22,-17,22,-17,20,-16,24,-17,23,-16,24,-19,23,-16,24,-17,22,-15,23,-13,27,-13,27,-13,28,-11,26,-11,26,-13,26,-11,26,-13,27,-15,29,-16,27,-14,24,-15,24,-15,23,-14,26,-15,27,-15,24,-13,21,-13,21,-15,21,-15,21,-14,21,-17,19,-15,17,-16,15,-16,15,-15,11,-15,10,-15,14,-13,10,-14,9,0,0,0,0,0,0,0,0,0,0]"""
1782031938550,2026-06-21T17:52:18.550,safe,posture,mhw,standing_still,t017,"CSI_DATA,535647,1a:00:00:00:00:00,-44,11,-99,15,29,11,524332694,47,2,256,0,""[0,0,0,0,0,0,0,0,0,0,0,0,-4,4,-5,3,-5,4,-5,3,-8,3,-7,3,-7,4,-9,4,-9,5,-9,7,-10,4,-9,4,-11,5,-13,4,-10,4,-16,4,-14,5,-16,5,-14,5,-13,7,-13,5,-16,8,-19,7,-17,4,-19,5,-19,8,-20,5,-17,7,-21,7,-16,7,-20,9,-16,8,-19,10,-19,9,-19,11,-17,14,-21,11,-20,10,-20,14,-20,15,-17,14,-22,15,-20,14,-19,19,-15,13,-17,19,-19,17,-17,22,-21,22,-20,22,-21,20,-21,21,-22,22,-23,23,-22,23,-21,21,-20,24,0,0,0,0,0,0,24,23,28,24,21,17,27,21,29,24,21,21,27,23,23,21,27,26,21,17,24,17,26,19,28,17,27,19,22,17,26,15,26,14,27,16,24,14,29,15,24,11,28,14,21,9,24,9,28,10,29,9,32,11,26,10,28,10,28,8,30,9,27,8,32,13,26,9,29,10,23,9,28,7,27,10,28,8,28,10,28,13,22,14,24,13,26,14,23,13,23,15,17,14,23,14,17,10,20,11,16,11,20,11,16,14,16,14,11,15,11,14,10,15,0,0,0,0,0,0,0,0,0,0]"""
1782031938562,2026-06-21T17:52:18.562,safe,posture,mhw,standing_still,t017,"CSI_DATA,535648,1a:00:00:00:00:00,-44,11,-99,15,29,11,524343694,47,2,256,0,""[0,0,0,0,0,0,0,0,0,0,0,0,4,-4,4,-4,5,-3,7,-5,5,-7,8,-5,7,-8,7,-4,7,-7,7,-5,8,-7,9,-10,8,-9,9,-10,11,-11,7,-10,9,-14,9,-13,10,-14,10,-11,11,-10,9,-16,11,-13,8,-16,10,-16,9,-17,9,-15,13,-17,5,-16,7,-21,8,-17,8,-21,7,-20,8,-21,5,-21,4,-20,3,-19,0,-23,1,-21,-1,-22,1,-27,-4,-21,-5,-27,-5,-24,-5,-30,-3,-24,-8,-24,-4,-27,-10,-24,-10,-27,-14,-28,-17,-26,-14,-30,-14,-28,-20,-27,-19,-29,-16,-28,0,0,0,0,0,0,-30,21,-27,19,-26,24,-27,22,-22,21,-27,22,-19,23,-23,27,-20,22,-22,24,-20,24,-20,22,-16,27,-16,22,-14,28,-13,29,-9,28,-9,26,-11,29,-3,26,-2,30,-7,28,-3,33,-3,29,-4,28,-2,30,-1,27,2,28,2,29,3,28,1,28,2,33,8,24,10,29,5,28,8,35,3,29,5,29,3,30,5,28,4,27,9,29,8,27,8,24,4,27,9,22,7,24,3,24,3,27,2,21,2,22,0,21,2,21,0,19,3,20,2,17,0,19,0,0,0,0,0,0,0,0,0,0]"""
1782031938572,2026-06-21T17:52:18.572,safe,posture,mhw,standing_still,t017,"CSI_DATA,535649,1a:00:00:00:00:00,-44,11,-99,15,29,11,524354694,47,2,256,0,""[0,0,0,0,0,0,0,0,0,0,0,0,-1,4,-5,4,-4,5,-3,7,-4,7,-5,7,-5,7,-5,9,-5,8,-5,7,-7,10,-8,10,-8,11,-8,11,-8,10,-8,10,-11,11,-9,11,-13,14,-16,11,-15,11,-14,11,-15,11,-15,14,-14,13,-14,13,-13,10,-16,14,-14,11,-15,14,-15,13,-19,16,-16,14,-16,14,-17,14,-15,13,-14,14,-16,20,-14,17,-14,17,-15,17,-15,17,-16,20,-14,20,-19,23,-17,21,-17,22,-17,22,-17,20,-15,23,-19,28,-16,24,-19,24,-20,27,-19,29,-20,26,-20,28,0,0,0,0,0,0,27,19,24,21,30,22,26,21,23,19,28,21,24,17,27,21,24,17,27,23,24,22,22,19,23,20,22,16,27,17,26,16,24,15,23,14,23,16,23,15,28,14,26,13,28,15,26,17,24,13,23,15,23,14,29,10,28,10,27,11,23,13,27,15,23,11,26,11,24,14,32,17,26,20,24,16,23,17,20,17,21,16,24,16,23,16,20,15,17,16,19,16,19,19,17,19,15,21,14,20,11,20,10,20,8,16,10,19,7,20,5,17,4,17,0,0,0,0,0,0,0,0,0,0]"""
1782031938583,2026-06-21T17:52:18.583,safe,posture,mhw,standing_still,t017,"CSI_DATA,535650,1a:00:00:00:00:00,-44,11,-99,16,29,11,524365694,47,2,256,0,""[0,0,0,0,0,0,0,0,0,0,0,0,3,5,4,4,3,6,4,5,5,6,3,8,6,5,8,8,5,6,8,8,5,9,6,10,6,9,6,11,4,12,6,16,5,13,6,15,5,15,6,13,10,16,4,17,9,17,8,17,4,17,5,18,5,20,5,18,4,20,4,19,5,19,5,19,9,19,6,19,9,20,10,19,8,21,6,23,8,20,11,23,10,20,10,24,8,24,12,23,9,18,15,23,10,23,18,21,12,25,13,25,13,25,12,26,12,27,13,31,13,31,15,30,15,28,0,0,0,0,0,0,31,-11,34,-13,26,-12,31,-10,33,-13,28,-10,35,-12,30,-10,33,-9,28,-10,26,-10,30,-13,28,-10,28,-15,27,-10,25,-10,27,-12,27,-11,24,-11,30,-10,26,-13,28,-11,23,-11,23,-12,27,-17,25,-12,27,-16,25,-13,27,-12,26,-16,26,-15,23,-15,32,-12,27,-10,26,-11,25,-11,28,-13,27,-10,27,-12,28,-9,28,-8,28,-3,28,-3,28,-5,25,-5,28,0,25,1,24,-2,19,0,23,1,20,2,21,1,20,4,21,4,17,9,16,8,16,8,0,0,0,0,0,0,0,0,0,0]"""
1782031938597,2026-06-21T17:52:18.597,safe,posture,mhw,standing_still,t017,"CSI_DATA,535651,1a:00:00:00:00:00,-44,11,-99,19,28,11,524376694,47,2,256,0,""[0,0,0,0,0,0,0,0,0,0,0,0,-5,-2,-7,-1,-7,0,-8,-2,-7,-2,-7,-4,-9,-3,-10,-2,-9,-3,-10,-4,-10,-3,-11,-4,-11,-4,-13,-7,-13,-7,-11,-9,-11,-10,-14,-9,-13,-9,-16,-13,-16,-11,-10,-11,-13,-13,-15,-11,-14,-11,-13,-13,-13,-14,-14,-14,-13,-14,-15,-14,-14,-15,-16,-16,-15,-16,-15,-16,-15,-15,-14,-15,-14,-14,-19,-15,-17,-17,-17,-14,-19,-14,-16,-16,-19,-17,-20,-15,-21,-19,-21,-16,-21,-17,-21,-19,-20,-20,-22,-20,-26,-20,-20,-19,-23,-22,-23,-23,-22,-21,-23,-20,-26,-23,0,0,0,0,0,0,-22,23,-24,21,-27,26,-24,22,-24,20,-26,21,-24,22,-26,21,-24,20,-27,21,-26,21,-23,20,-23,16,-23,19,-23,22,-23,17,-23,21,-21,20,-21,20,-21,17,-23,20,-21,21,-21,20,-22,20,-22,20,-22,17,-21,20,-21,21,-22,20,-21,20,-21,17,-22,20,-22,17,-24,21,-23,17,-28,19,-26,17,-27,15,-26,14,-26,11,-24,11,-27,15,-27,10,-24,10,-24,9,-23,4,-24,4,-24,7,-26,4,-24,2,-24,1,-20,0,-19,-2,-22,-2,-19,-4,-17,-4,-16,-7,0,0,0,0,0,0,0,0,0,0]"""
1782031938605,2026-06-21T17:52:18.605,safe,posture,mhw,standing_still,t017,"CSI_DATA,535652,1a:00:00:00:00:00,-44,11,-99,15,29,11,524387694,47,2,256,0,""[0,0,0,0,0,0,0,0,0,0,0,0,4,-2,7,-1,5,-3,8,-2,7,-2,10,-1,10,-1,8,-1,10,-2,8,1,11,-2,11,0,13,-1,13,1,16,1,10,1,16,1,15,1,19,2,17,5,16,4,16,3,15,5,19,5,20,7,17,5,16,4,20,9,15,3,20,5,17,5,24,9,21,10,19,7,21,9,20,8,20,5,22,4,21,4,21,5,22,9,20,3,27,5,24,7,32,9,23,8,27,7,24,11,24,7,28,9,34,9,29,7,30,10,28,11,34,8,34,11,30,14,0,0,0,0,0,0,16,-32,14,-26,19,-35,19,-30,15,-23,20,-32,13,-23,20,-30,14,-22,22,-30,20,-29,19,-21,16,-26,16,-20,17,-27,17,-27,16,-24,14,-24,19,-24,11,-22,15,-27,15,-22,17,-28,17,-24,16,-21,15,-24,14,-20,16,-26,15,-27,16,-24,16,-21,22,-26,13,-21,19,-26,19,-21,26,-28,23,-21,20,-21,23,-19,21,-17,20,-15,22,-20,22,-16,21,-15,24,-11,19,-13,23,-13,21,-8,27,-8,21,-3,22,-4,21,0,20,-1,20,0,19,0,16,1,17,3,0,0,0,0,0,0,0,0,0,0]"""
1782031938618,2026-06-21T17:52:18.618,safe,posture,mhw,standing_still,t017,"CSI_DATA,535653,1a:00:00:00:00:00,-44,11,-99,20,28,11,524398694,47,2,256,0,""[0,0,0,0,0,0,0,0,0,0,0,0,5,-2,5,-1,6,-2,6,-4,9,-2,6,-3,6,-3,9,-2,9,-3,9,-3,10,-2,10,-4,13,-5,15,-4,13,-4,16,-5,15,-5,17,-2,13,-5,13,-4,17,-2,17,-6,18,-6,17,-4,18,-5,18,-4,19,-5,19,-8,20,-6,19,-6,19,-5,17,-5,17,-9,19,-9,17,-12,20,-12,20,-13,20,-9,21,-11,23,-13,19,-13,23,-13,20,-13,20,-16,17,-13,17,-18,18,-20,18,-21,19,-24,23,-24,19,-20,21,-21,21,-23,21,-21,24,-23,20,-25,23,-28,0,0,0,0,0,0,-26,-25,-27,-24,-21,-17,-27,-19,-30,-23,-20,-20,-27,-21,-26,-20,-26,-21,-21,-17,-24,-16,-25,-17,-28,-16,-28,-16,-21,-17,-27,-17,-25,-15,-26,-17,-24,-15,-28,-12,-26,-10,-28,-12,-24,-9,-26,-8,-28,-6,-30,-5,-31,-8,-24,-9,-28,-10,-28,-6,-31,-11,-30,-6,-32,-8,-28,-6,-30,-8,-25,-6,-28,-3,-28,-5,-30,-4,-31,-6,-30,-8,-24,-11,-27,-11,-26,-11,-25,-10,-25,-11,-21,-10,-24,-11,-19,-10,-19,-9,-18,-9,-19,-6,-19,-11,-16,-12,-12,-11,-13,-15,-11,-12,0,0,0,0,0,0,0,0,0,0]"""
1782031938626,2026-06-21T17:52:18.626,safe,posture,mhw,standing_still,t017,"CSI_DATA,535654,1a:00:00:00:00:00,-44,11,-99,15,29,11,524409694,47,2,256,0,""[0,0,0,0,0,0,0,0,0,0,0,0,5,3,5,4,2,3,7,4,3,3,8,5,7,7,5,7,9,8,7,7,5,10,7,10,7,10,7,10,7,13,5,13,7,14,5,14,4,15,7,16,7,16,2,19,4,15,3,16,1,20,1,21,0,20,2,22,2,16,1,20,0,22,2,23,1,22,2,21,1,21,0,23,-1,22,1,22,1,22,2,23,-2,26,4,22,1,27,0,27,1,28,0,24,1,28,-2,28,0,28,-2,30,1,30,-1,33,-3,34,-4,30,-2,32,-3,36,-7,34,0,0,0,0,0,0,34,11,29,11,34,11,33,14,28,9,32,15,27,13,32,16,29,14,29,16,28,16,24,16,29,14,26,14,26,16,27,15,27,13,24,16,27,19,23,11,28,13,22,16,26,15,26,16,22,16,26,15,22,15,24,16,24,16,26,16,23,17,24,22,22,16,24,20,21,20,23,23,17,23,20,22,17,24,15,24,14,22,15,24,13,26,11,23,9,27,11,22,7,24,3,23,3,26,1,22,0,22,-1,21,-1,22,-1,19,-4,19,-5,19,-7,17,0,0,0,0,0,0,0,0,0,0]"""
1782031938639,2026-06-21T17:52:18.639,safe,posture,mhw,standing_still,t017,"CSI_DATA,535655,1a:00:00:00:00:00,-44,11,-99,15,29,11,524420694,47,2,256,0,""[0,0,0,0,0,0,0,0,0,0,0,0,-2,7,-2,7,-3,5,-2,7,-1,7,-3,8,-2,9,-3,9,-3,9,-3,11,-2,13,-3,11,-2,11,-2,13,-2,13,-4,14,-2,15,-2,15,-3,15,-1,16,1,17,-3,16,-2,17,-2,19,-2,17,-1,20,0,17,1,21,0,19,1,22,2,20,2,22,3,22,3,19,7,21,4,20,8,22,11,22,10,20,10,19,11,19,11,19,13,19,15,19,17,24,20,22,17,20,20,20,19,20,21,20,24,20,22,17,26,17,26,23,26,19,26,16,29,16,0,0,0,0,0,0,15,-29,14,-32,14,-32,13,-33,13,-32,11,-33,10,-30,10,-33,8,-30,10,-33,8,-30,4,-33,4,-28,2,-29,0,-30,-1,-28,-1,-30,-3,-29,-4,-27,-2,-30,-8,-30,-8,-27,-8,-28,-8,-29,-11,-28,-8,-27,-13,-27,-14,-26,-14,-26,-15,-26,-15,-24,-16,-23,-14,-27,-16,-24,-16,-23,-16,-26,-19,-24,-16,-24,-17,-22,-15,-22,-17,-22,-19,-23,-15,-22,-16,-21,-15,-20,-15,-20,-14,-21,-14,-19,-13,-21,-13,-20,-11,-19,-10,-19,-8,-17,-9,-19,-10,-16,-8,-16,-5,-16,0,0,0,0,0,0,0,0,0,0]"""
1782031938649,2026-06-21T17:52:18.649,safe,posture,mhw,standing_still,t017,"CSI_DATA,535656,1a:00:00:00:00:00,-44,11,-99,15,29,11,524431694,47,2,256,0,""[0,0,0,0,0,0,0,0,0,0,0,0,2,-5,3,-5,3,-5,3,-5,4,-7,3,-8,3,-7,3,-8,3,-9,4,-8,5,-9,5,-11,4,-11,5,-14,7,-14,4,-14,5,-16,5,-15,5,-14,3,-14,3,-13,3,-20,4,-17,7,-16,5,-19,4,-17,5,-19,5,-19,4,-20,2,-21,3,-19,1,-19,1,-20,0,-20,-2,-21,-3,-24,-3,-21,-2,-21,-3,-23,-4,-23,-4,-23,-9,-23,-7,-23,-7,-26,-9,-23,-11,-22,-14,-23,-14,-22,-16,-23,-17,-26,-15,-24,-19,-27,-17,-27,-20,-27,-20,-26,-21,-26,-22,-23,0,0,0,0,0,0,-28,23,-27,26,-19,23,-24,26,-22,27,-23,24,-21,26,-20,26,-20,26,-16,23,-13,26,-16,24,-11,30,-13,28,-15,26,-13,28,-9,29,-10,28,-11,28,-7,29,-4,29,-8,28,-3,28,-1,27,-1,28,2,30,0,32,-2,28,1,32,2,29,0,30,2,30,3,29,4,28,4,32,4,29,5,26,7,29,5,28,7,29,4,28,2,28,4,28,2,28,2,27,4,24,3,26,2,27,1,22,1,21,2,22,3,20,3,21,0,20,-2,19,-3,20,-4,17,0,0,0,0,0,0,0,0,0,0]"""
1782031938661,2026-06-21T17:52:18.661,safe,posture,mhw,standing_still,t017,"CSI_DATA,535657,1a:00:00:00:00:00,-44,11,-99,15,29,11,524442694,47,2,256,0,""[0,0,0,0,0,0,0,0,0,0,0,0,-5,-3,-4,-3,-7,-4,-5,-4,-7,-5,-7,-5,-7,-4,-9,-5,-7,-5,-9,-7,-9,-7,-10,-5,-10,-5,-10,-8,-9,-7,-14,-10,-11,-8,-13,-9,-11,-9,-13,-7,-15,-7,-14,-10,-17,-9,-16,-9,-16,-10,-16,-9,-17,-10,-16,-10,-19,-11,-16,-9,-17,-8,-17,-9,-20,-8,-20,-7,-22,-3,-22,-5,-22,-5,-21,-4,-23,-4,-24,-1,-23,0,-27,-4,-24,-2,-26,1,-21,-1,-27,3,-28,2,-27,8,-29,4,-28,5,-27,4,-29,3,-32,4,-33,8,-32,9,-29,5,-33,13,0,0,0,0,0,0,10,32,13,35,10,26,14,30,15,36,11,29,14,33,11,28,16,30,14,27,14,26,17,27,16,26,20,24,17,23,19,22,23,22,21,22,19,17,22,23,22,19,24,19,22,15,23,16,26,16,24,14,28,15,27,14,27,15,29,11,29,14,27,10,30,17,23,11,27,13,23,11,30,9,28,11,29,8,27,13,28,10,24,11,26,14,26,13,26,11,22,15,19,14,23,10,17,10,21,13,16,11,19,10,16,11,16,13,14,10,13,11,13,11,0,0,0,0,0,0,0,0,0,0]"""
1782031938672,2026-06-21T17:52:18.672,safe,posture,mhw,standing_still,t017,"CSI_DATA,535658,1a:00:00:00:00:00,-44,11,-99,17,29,11,524453694,47,2,256,0,""[0,0,0,0,0,0,0,0,0,0,0,0,-4,-4,-3,-5,-5,-4,-5,-4,-6,-4,-5,-6,-5,-7,-4,-8,-6,-8,-5,-8,-7,-8,-6,-11,-8,-11,-6,-10,-5,-14,-5,-11,-8,-12,-6,-13,-7,-17,-4,-16,-2,-12,-6,-17,-1,-15,-5,-16,-4,-19,-3,-17,-3,-19,-3,-22,-5,-14,-7,-20,-4,-19,-5,-23,-1,-23,-3,-20,-2,-22,-4,-21,-4,-20,-8,-21,-5,-20,-6,-19,-4,-23,-10,-20,-11,-23,-7,-25,-10,-30,-6,-24,-7,-28,-3,-29,-6,-25,-8,-26,-12,-30,-13,-29,-11,-32,-7,-30,-12,-31,-11,-34,-6,-33,0,0,0,0,0,0,-34,3,-30,3,-38,5,-34,3,-29,4,-38,1,-28,5,-37,5,-30,4,-33,2,-33,0,-29,-1,-30,2,-26,-1,-32,2,-31,3,-29,4,-28,3,-31,1,-25,4,-29,6,-29,3,-30,4,-30,1,-25,-1,-29,2,-26,1,-28,4,-30,4,-26,4,-26,2,-32,1,-26,5,-30,5,-28,2,-35,1,-31,-4,-29,-2,-29,-6,-25,-5,-24,-4,-30,-3,-28,-5,-23,-4,-24,-7,-23,-5,-24,-7,-22,-11,-24,-13,-16,-13,-17,-13,-13,-13,-15,-12,-12,-14,-15,-11,-11,-13,-10,-15,0,0,0,0,0,0,0,0,0,0]"""
1782031938684,2026-06-21T17:52:18.684,safe,posture,mhw,standing_still,t017,"CSI_DATA,535659,1a:00:00:00:00:00,-44,11,-99,20,28,11,524464694,47,2,256,0,""[0,0,0,0,0,0,0,0,0,0,0,0,-1,-8,-1,-5,-2,-6,0,-6,-2,-6,-2,-9,-2,-9,-3,-10,-2,-10,-4,-10,-4,-11,-2,-11,-2,-11,-4,-12,-4,-13,-3,-16,-6,-16,-4,-17,-3,-17,-2,-13,-2,-17,-2,-15,-5,-19,-8,-18,-4,-19,-4,-18,-5,-17,-5,-17,-4,-18,-5,-19,-6,-18,-6,-19,-10,-20,-8,-19,-10,-19,-10,-19,-10,-19,-12,-19,-11,-19,-12,-19,-13,-18,-12,-20,-13,-20,-17,-19,-16,-18,-20,-20,-18,-20,-21,-18,-18,-20,-20,-20,-21,-23,-20,-21,-23,-20,-23,-23,-24,-21,-24,-19,-27,-20,0,0,0,0,0,0,-21,26,-19,26,-19,30,-19,27,-19,28,-18,26,-20,31,-20,25,-18,28,-18,26,-15,27,-15,27,-16,25,-12,30,-12,26,-12,25,-11,30,-10,26,-8,25,-11,27,-8,27,-6,28,-6,26,-6,28,-4,28,-5,27,-4,30,-3,30,-5,30,-2,31,-3,28,-2,28,-5,32,-3,30,-2,28,-3,28,-1,32,-4,30,-2,28,-4,27,-4,26,-4,28,-6,28,-6,27,-3,26,-6,26,-9,25,-4,25,-6,23,-8,23,-8,20,-8,19,-9,16,-8,19,-9,15,-12,15,-11,13,0,0,0,0,0,0,0,0,0,0]"""
1782031938696,2026-06-21T17:52:18.696,safe,posture,mhw,standing_still,t017,"CSI_DATA,535660,1a:00:00:00:00:00,-44,11,-99,16,29,11,524477312,47,2,256,0,""[0,0,0,0,0,0,0,0,0,0,0,0,4,-6,3,-5,2,-6,4,-6,3,-6,3,-5,4,-6,5,-9,6,-8,8,-10,8,-6,9,-9,8,-9,10,-10,10,-10,13,-10,9,-9,12,-10,12,-8,11,-6,17,-8,15,-9,17,-11,16,-9,17,-9,18,-9,19,-8,17,-8,21,-5,18,-6,18,-6,17,-6,18,-6,20,-6,18,-9,21,-8,23,-8,21,-4,23,-5,24,-9,23,-9,25,-6,21,-6,21,-11,18,-8,24,-10,25,-6,24,-11,28,-8,27,-9,24,-6,30,-6,31,-5,32,-6,32,-5,31,-4,31,-8,0,0,0,0,0,0,0,-32,-1,-38,-1,-31,0,-32,0,-39,2,-30,3,-35,1,-30,3,-34,3,-26,2,-27,3,-30,2,-32,3,-34,4,-27,4,-27,2,-31,5,-32,4,-27,3,-33,2,-26,4,-30,3,-25,3,-26,4,-27,4,-30,5,-31,5,-27,9,-28,8,-28,8,-30,6,-28,11,-33,9,-25,10,-27,11,-23,11,-28,12,-25,11,-26,15,-25,17,-25,17,-19,19,-21,18,-23,18,-19,21,-19,18,-13,20,-16,17,-9,18,-12,19,-10,18,-10,20,-6,19,-4,18,-2,18,-1,19,0,0,0,0,0,0,0,0,0,0,0]"""
1782031938707,2026-06-21T17:52:18.707,safe,posture,mhw,standing_still,t017,"CSI_DATA,535661,1a:00:00:00:00:00,-44,11,-99,15,29,11,524488919,47,2,256,0,""[0,0,0,0,0,0,0,0,0,0,0,0,0,-5,1,-7,2,-8,1,-7,3,-8,2,-7,1,-7,2,-9,0,-10,3,-10,4,-10,3,-11,3,-11,4,-14,4,-11,3,-14,3,-13,5,-15,7,-13,3,-15,4,-14,4,-19,8,-17,7,-15,8,-16,8,-17,9,-19,8,-19,8,-20,7,-19,8,-19,7,-19,5,-19,5,-19,5,-21,4,-22,5,-21,7,-21,5,-22,4,-23,5,-22,4,-24,4,-22,3,-27,3,-23,3,-24,1,-27,0,-28,0,-29,-1,-30,2,-28,1,-30,2,-32,0,-34,1,-32,1,-33,1,-34,0,0,0,0,0,0,-38,-2,-35,-4,-30,-2,-35,0,-36,-2,-29,-3,-34,-2,-32,-1,-32,-3,-28,0,-28,1,-29,0,-33,2,-33,2,-29,-1,-30,0,-32,3,-30,1,-29,1,-29,5,-27,5,-29,4,-24,5,-27,5,-28,7,-28,9,-29,5,-27,5,-27,5,-29,7,-29,5,-27,5,-29,7,-26,7,-28,8,-26,7,-27,9,-27,7,-29,7,-29,5,-29,4,-27,1,-27,0,-29,-1,-26,0,-27,1,-24,-1,-26,-2,-21,-2,-21,-1,-20,-3,-21,-2,-21,-4,-21,-5,-17,-8,-15,-9,-16,-9,0,0,0,0,0,0,0,0,0,0]"""
1782031938717,2026-06-21T17:52:18.717,safe,posture,mhw,standing_still,t017,"CSI_DATA,535662,1a:00:00:00:00:00,-44,11,-99,20,28,11,524497753,47,2,256,0,""[0,0,0,0,0,0,0,0,0,0,0,0,-5,0,-9,0,-5,-1,-9,1,-6,1,-10,1,-10,1,-10,1,-10,1,-10,0,-12,0,-13,1,-13,1,-13,1,-15,1,-12,2,-16,1,-15,1,-18,3,-18,2,-16,0,-18,2,-18,1,-19,4,-19,3,-18,5,-18,4,-20,5,-16,6,-18,6,-17,6,-23,10,-19,9,-17,9,-19,11,-18,10,-16,13,-18,16,-17,15,-16,15,-17,17,-16,17,-16,20,-13,19,-17,25,-16,21,-12,25,-16,24,-13,24,-11,26,-12,30,-9,26,-11,31,-12,31,-10,33,-9,33,-11,31,0,0,0,0,0,0,34,10,31,5,40,4,35,6,28,3,36,2,28,1,38,1,28,-1,38,1,32,-1,31,-1,31,-1,28,-4,32,-8,31,-8,28,-9,26,-8,28,-8,24,-9,27,-13,25,-12,28,-16,26,-15,24,-15,24,-15,23,-13,21,-19,24,-19,21,-18,20,-17,24,-20,19,-19,20,-24,20,-21,25,-27,23,-19,19,-20,23,-20,19,-17,19,-19,19,-24,19,-20,16,-18,16,-18,16,-18,17,-20,17,-18,21,-18,17,-15,17,-15,17,-11,16,-13,17,-11,16,-13,15,-10,15,-10,0,0,0,0,0,0,0,0,0,0]"""
1782031938728,2026-06-21T17:52:18.728,safe,posture,mhw,standing_still,t017,"CSI_DATA,535663,1a:00:00:00:00:00,-44,11,-99,15,29,11,524509892,47,2,256,0,""[0,0,0,0,0,0,0,0,0,0,0,0,-3,-5,-3,-7,-2,-5,-3,-7,-4,-7,-3,-7,-5,-5,-5,-8,-8,-7,-7,-8,-5,-9,-5,-9,-7,-10,-9,-10,-9,-13,-8,-11,-9,-11,-9,-13,-9,-10,-11,-13,-14,-11,-13,-14,-11,-13,-9,-13,-13,-14,-11,-13,-13,-16,-14,-14,-14,-14,-14,-13,-15,-14,-15,-10,-19,-10,-17,-9,-20,-8,-21,-9,-21,-8,-20,-10,-21,-10,-23,-9,-23,-8,-24,-7,-23,-7,-24,-7,-22,-4,-26,-1,-27,-2,-27,1,-30,1,-29,-1,-28,-1,-33,0,-34,-1,-30,0,-32,0,-32,3,-33,5,0,0,0,0,0,0,4,35,3,38,7,32,7,33,8,36,4,33,9,33,8,30,8,32,10,26,11,26,11,26,17,28,14,28,11,26,14,27,17,26,17,26,16,26,19,23,19,21,19,23,19,16,21,15,22,19,26,19,23,19,21,17,24,19,24,16,23,19,26,17,26,16,24,15,24,16,23,13,24,11,27,14,26,10,28,14,26,15,22,15,23,14,23,16,23,15,22,14,20,14,22,15,15,10,17,13,19,10,17,11,19,11,16,11,11,15,11,13,11,15,0,0,0,0,0,0,0,0,0,0]"""
1782031938739,2026-06-21T17:52:18.739,safe,posture,mhw,standing_still,t017,"CSI_DATA,535664,1a:00:00:00:00:00,-44,11,-99,20,28,11,524519849,47,2,256,0,""[0,0,0,0,0,0,0,0,0,0,0,0,-5,-3,-5,-5,-4,-4,-6,-3,-6,-3,-8,-5,-8,-6,-5,-6,-9,-5,-8,-6,-9,-6,-10,-6,-12,-6,-11,-8,-12,-9,-10,-8,-13,-8,-12,-8,-13,-10,-15,-9,-13,-10,-15,-9,-13,-10,-16,-10,-16,-9,-15,-8,-16,-9,-17,-11,-17,-8,-21,-5,-19,-6,-24,-9,-19,-9,-19,-8,-19,-9,-21,-4,-18,-5,-23,-3,-21,-2,-19,-2,-25,-3,-23,1,-25,2,-25,1,-32,0,-25,-1,-27,2,-26,-1,-26,4,-28,4,-31,8,-26,9,-32,6,-31,6,-31,13,-35,10,-33,9,0,0,0,0,0,0,10,33,9,30,13,35,10,32,9,24,11,33,13,26,18,32,13,26,15,33,15,30,10,28,16,26,15,25,19,25,18,23,20,21,19,19,19,24,18,15,25,20,20,19,24,20,21,20,20,18,21,17,20,17,25,13,26,16,25,12,23,15,27,18,24,10,27,10,27,12,33,16,24,17,25,16,24,19,23,13,23,13,27,13,24,13,21,10,21,15,21,9,24,12,20,12,23,17,17,13,16,15,13,15,16,13,12,16,15,15,12,12,11,13,0,0,0,0,0,0,0,0,0,0]"""
1782031938748,2026-06-21T17:52:18.748,safe,posture,mhw,standing_still,t017,"CSI_DATA,535665,1a:00:00:00:00:00,-44,11,-99,16,29,11,524530694,47,2,256,0,""[0,0,0,0,0,0,0,0,0,0,0,0,4,-2,5,-4,4,-3,6,-4,4,-3,8,-4,9,-4,8,-3,10,-5,9,-3,12,-4,11,-3,12,-4,12,-3,15,-3,10,-3,16,-4,13,-3,19,-3,16,-1,12,1,17,-3,16,0,19,-1,19,-1,19,0,19,-1,21,1,16,-2,20,-1,19,0,25,1,21,2,19,0,21,1,20,1,18,-2,24,-4,24,-2,19,-1,25,1,20,-5,25,-4,25,-1,33,-2,24,1,28,-2,27,2,25,-1,27,-1,33,-3,30,-4,34,0,30,0,33,-5,38,0,31,2,0,0,0,0,0,0,4,-36,4,-27,5,-40,5,-33,5,-26,6,-35,3,-26,6,-35,4,-27,8,-35,9,-32,10,-26,5,-30,8,-25,6,-31,4,-28,4,-30,4,-26,9,-32,3,-21,3,-31,5,-25,5,-32,6,-30,8,-26,5,-27,5,-23,4,-31,5,-30,5,-28,4,-26,10,-31,3,-24,4,-30,8,-26,12,-36,13,-26,9,-27,15,-26,11,-24,12,-21,12,-27,12,-24,11,-19,17,-21,12,-19,17,-21,17,-17,20,-19,19,-11,19,-12,20,-9,16,-9,17,-6,17,-10,16,-8,18,-5,0,0,0,0,0,0,0,0,0,0]"""
1782031938761,2026-06-21T17:52:18.761,safe,posture,mhw,standing_still,t017,"CSI_DATA,535666,1a:00:00:00:00:00,-44,11,-99,20,28,11,524541694,47,2,256,0,""[0,0,0,0,0,0,0,0,0,0,0,0,5,-1,5,-1,6,-1,9,-2,8,-1,9,-2,8,-1,9,-1,9,0,10,-1,13,-2,12,-2,12,-1,12,0,12,0,17,0,15,-1,17,0,17,-1,16,1,19,1,17,1,19,-2,18,-2,18,0,19,-2,20,0,19,-1,21,0,19,-1,23,-3,19,-1,21,-3,21,-2,20,-3,20,-4,21,-6,23,-5,23,-6,21,-8,20,-9,27,-6,24,-10,23,-11,20,-10,24,-13,24,-11,21,-13,25,-12,23,-16,25,-16,25,-16,27,-15,30,-18,26,-19,25,-18,30,-20,0,0,0,0,0,0,-18,-28,-19,-26,-20,-27,-23,-26,-21,-28,-18,-26,-20,-28,-18,-26,-23,-26,-20,-24,-20,-24,-23,-23,-19,-20,-25,-21,-21,-19,-21,-17,-25,-18,-23,-17,-24,-16,-23,-20,-24,-16,-25,-16,-23,-15,-26,-16,-26,-13,-23,-13,-27,-13,-27,-11,-27,-12,-27,-9,-25,-10,-27,-9,-27,-16,-26,-13,-26,-11,-25,-13,-28,-13,-26,-13,-27,-12,-24,-13,-24,-13,-25,-16,-25,-15,-24,-13,-23,-11,-21,-17,-19,-15,-20,-12,-16,-13,-17,-15,-16,-16,-16,-13,-13,-13,-15,-15,-11,-15,-11,-15,-9,-15,0,0,0,0,0,0,0,0,0,0]"""
1782031938771,2026-06-21T17:52:18.771,safe,posture,mhw,standing_still,t017,"CSI_DATA,535667,1a:00:00:00:00:00,-44,11,-99,15,29,11,524552694,47,2,256,0,""[0,0,0,0,0,0,0,0,0,0,0,0,-5,-2,-5,-1,-8,-3,-7,-3,-5,-4,-5,-5,-8,-3,-9,-3,-8,-5,-10,-4,-9,-4,-9,-7,-10,-7,-10,-7,-10,-5,-14,-10,-10,-8,-13,-10,-10,-8,-13,-8,-16,-9,-14,-13,-15,-11,-13,-10,-13,-11,-16,-11,-15,-13,-14,-10,-15,-15,-16,-13,-17,-11,-14,-9,-17,-9,-16,-14,-19,-9,-17,-10,-21,-11,-19,-11,-20,-13,-20,-8,-19,-9,-24,-14,-20,-10,-24,-8,-19,-8,-28,-5,-24,-9,-28,-4,-28,-7,-30,-8,-26,-9,-28,-10,-29,-7,-33,-7,-29,-10,-30,-7,-33,-4,0,0,0,0,0,0,-8,32,-8,38,-4,29,-7,32,-8,39,-8,29,-8,36,-4,29,-7,34,-5,30,-4,30,-2,30,-2,30,-1,34,-3,28,0,29,0,32,0,32,0,26,-2,34,1,28,2,30,1,24,2,27,4,32,3,28,5,32,4,29,4,29,7,30,5,30,5,26,2,33,4,28,4,29,3,23,7,30,3,29,7,29,2,30,1,30,-1,28,-1,28,-1,29,1,24,-2,28,-4,23,-1,27,-3,20,-2,24,-3,22,-2,20,-4,19,-5,20,-8,19,-7,16,-8,14,0,0,0,0,0,0,0,0,0,0]"""
1782031938782,2026-06-21T17:52:18.782,safe,posture,mhw,standing_still,t017,"CSI_DATA,535668,1a:00:00:00:00:00,-44,11,-99,17,29,11,524563694,47,2,256,0,""[0,0,0,0,0,0,0,0,0,0,0,0,0,6,0,7,1,6,1,7,1,7,0,8,3,8,1,8,2,10,2,12,1,8,1,13,4,12,3,12,2,13,4,14,4,15,3,16,4,15,4,12,3,13,8,17,5,15,6,15,5,19,6,16,5,17,7,17,10,17,11,16,10,15,12,17,13,14,14,16,15,15,17,15,15,15,15,14,16,15,19,14,20,13,21,11,21,11,23,12,23,11,23,6,25,5,28,6,26,5,29,7,28,4,30,5,33,5,30,2,32,3,31,-1,32,1,0,0,0,0,0,0,0,-37,-1,-37,-1,-33,-4,-34,-4,-34,-4,-33,-4,-33,-6,-33,-6,-32,-8,-30,-10,-28,-11,-28,-15,-29,-12,-28,-11,-26,-13,-28,-15,-25,-16,-25,-15,-25,-19,-20,-20,-20,-20,-22,-19,-19,-21,-17,-21,-16,-25,-17,-24,-19,-21,-15,-24,-17,-24,-15,-24,-15,-26,-16,-25,-12,-26,-10,-26,-12,-26,-12,-26,-10,-26,-10,-29,-10,-29,-10,-25,-11,-24,-11,-24,-11,-24,-12,-23,-11,-23,-8,-23,-10,-23,-10,-19,-8,-20,-8,-20,-7,-20,-8,-20,-8,-16,-10,-16,-8,-14,-8,-15,-11,0,0,0,0,0,0,0,0,0,0]"""
1782031938793,2026-06-21T17:52:18.793,safe,posture,mhw,standing_still,t017,"CSI_DATA,535669,1a:00:00:00:00:00,-44,11,-99,15,29,11,524574694,47,2,256,0,""[0,0,0,0,0,0,0,0,0,0,0,0,-1,-7,-1,-7,-1,-5,-1,-8,-2,-7,-2,-8,-1,-9,-2,-9,-3,-8,-1,-9,-4,-11,-5,-11,-5,-11,-5,-11,-4,-13,-5,-11,-7,-15,-7,-13,-7,-16,-5,-16,-3,-16,-7,-13,-8,-17,-9,-16,-9,-16,-11,-16,-8,-15,-10,-16,-9,-15,-13,-16,-11,-15,-14,-17,-14,-17,-14,-15,-14,-17,-14,-13,-16,-13,-20,-14,-17,-13,-17,-10,-20,-11,-21,-8,-21,-10,-23,-8,-28,-13,-24,-11,-29,-7,-24,-9,-24,-8,-27,-7,-32,-1,-29,-2,-30,-3,-33,-5,-30,-1,-34,-3,-35,-3,0,0,0,0,0,0,1,34,1,33,5,40,0,35,2,28,3,35,4,32,8,36,7,29,7,35,8,32,7,29,9,28,9,29,13,29,14,27,15,26,14,22,13,26,15,22,19,23,19,23,21,24,20,23,20,21,19,21,20,19,23,19,23,17,23,15,20,17,23,19,21,15,27,14,24,16,30,20,23,19,26,17,24,19,20,15,22,14,27,14,24,13,21,10,21,14,21,13,23,15,20,14,22,17,17,14,19,14,14,15,13,13,15,14,15,15,13,13,11,14,0,0,0,0,0,0,0,0,0,0]"""
1782031938804,2026-06-21T17:52:18.804,safe,posture,mhw,standing_still,t017,"CSI_DATA,535670,1a:00:00:00:00:00,-44,11,-99,15,29,11,524585694,47,2,256,0,""[0,0,0,0,0,0,0,0,0,0,0,0,2,4,3,7,2,5,2,9,3,7,3,8,3,10,2,8,5,9,2,9,4,10,5,11,5,10,5,11,5,14,4,11,7,15,5,14,7,15,5,14,3,13,9,15,4,15,7,16,9,17,9,16,9,16,10,20,9,14,13,16,9,16,15,20,10,17,13,16,13,15,17,16,14,13,19,13,17,14,17,13,20,16,17,9,24,11,22,13,27,14,20,11,26,9,24,13,26,9,28,7,32,5,32,5,32,7,30,5,33,2,35,5,30,7,0,0,0,0,0,0,7,-34,2,-30,3,-39,7,-33,2,-29,5,-35,1,-28,0,-38,1,-30,1,-35,0,-32,0,-27,-5,-32,-1,-27,-5,-27,-8,-30,-9,-29,-9,-26,-7,-32,-10,-22,-13,-27,-9,-26,-14,-27,-13,-26,-11,-26,-15,-24,-13,-22,-16,-22,-17,-24,-17,-21,-17,-23,-19,-27,-19,-17,-22,-20,-17,-21,-24,-27,-16,-23,-19,-22,-17,-24,-17,-21,-16,-21,-20,-21,-20,-19,-17,-19,-16,-23,-17,-16,-15,-20,-13,-20,-15,-21,-9,-17,-13,-20,-8,-19,-10,-16,-10,-17,-9,-17,-8,-16,-7,-19,0,0,0,0,0,0,0,0,0,0]"""
1782031938815,2026-06-21T17:52:18.815,safe,posture,mhw,standing_still,t017,"CSI_DATA,535671,1a:00:00:00:00:00,-44,11,-99,16,29,11,524596694,47,2,256,0,""[0,0,0,0,0,0,0,0,0,0,0,0,6,1,6,2,10,2,8,2,9,4,6,1,6,2,10,2,10,3,11,2,10,3,12,3,12,2,12,3,11,3,16,4,13,2,16,4,12,2,13,1,16,2,18,2,19,3,16,4,19,5,18,4,20,4,19,4,21,4,19,2,20,2,18,1,20,-1,20,1,20,-1,23,-1,24,-2,21,0,21,-2,25,-4,23,-5,26,-5,24,-5,25,-9,20,-6,21,-11,24,-10,25,-15,26,-12,27,-16,25,-12,28,-15,25,-13,28,-16,31,-16,25,-15,28,-18,0,0,0,0,0,0,-18,-28,-23,-30,-17,-23,-20,-24,-23,-31,-16,-25,-23,-27,-18,-23,-21,-26,-17,-20,-19,-21,-23,-21,-25,-19,-25,-20,-19,-18,-23,-18,-25,-17,-26,-17,-21,-13,-27,-16,-23,-11,-27,-13,-21,-10,-25,-9,-25,-10,-28,-10,-31,-11,-26,-10,-28,-9,-28,-6,-31,-8,-26,-6,-31,-9,-27,-6,-28,-6,-21,-6,-30,-3,-28,-6,-28,-3,-28,-5,-30,-8,-25,-9,-25,-9,-27,-9,-25,-8,-26,-8,-21,-9,-25,-9,-18,-5,-21,-8,-19,-8,-20,-6,-18,-10,-19,-9,-13,-10,-16,-11,-12,-12,0,0,0,0,0,0,0,0,0,0]"""
1782031938826,2026-06-21T17:52:18.826,safe,posture,mhw,standing_still,t017,"CSI_DATA,535672,1a:00:00:00:00:00,-44,11,-99,20,28,11,524607694,47,2,256,0,""[0,0,0,0,0,0,0,0,0,0,0,0,-5,-3,-5,-3,-5,-2,-6,-3,-9,-2,-5,-3,-6,-3,-8,-3,-10,-3,-9,-3,-9,-4,-10,-4,-11,-4,-12,-6,-13,-8,-15,-5,-12,-6,-13,-6,-15,-4,-15,-8,-16,-9,-17,-5,-18,-6,-16,-8,-18,-8,-17,-6,-17,-10,-17,-10,-19,-8,-17,-6,-19,-8,-18,-5,-18,-3,-21,-3,-21,-3,-23,-3,-23,-4,-21,-5,-21,-4,-25,-2,-25,-2,-25,-2,-25,0,-26,0,-23,1,-25,4,-27,3,-27,4,-30,3,-31,6,-28,3,-33,4,-30,3,-32,6,-32,4,-32,6,-34,8,0,0,0,0,0,0,8,32,9,36,9,30,10,32,11,34,5,32,9,32,10,30,8,33,9,27,12,25,12,28,17,30,16,30,10,27,12,26,15,26,13,27,13,26,18,26,18,21,17,25,16,18,18,19,19,21,21,19,21,23,19,21,23,23,21,20,21,21,23,21,24,19,23,20,21,20,21,19,23,17,24,19,23,18,24,19,23,20,18,21,19,19,19,23,18,20,19,20,15,19,15,20,12,18,15,17,11,18,13,17,12,18,10,19,8,16,6,18,5,17,0,0,0,0,0,0,0,0,0,0]"""
1782031938836,2026-06-21T17:52:18.836,safe,posture,mhw,standing_still,t017,"CSI_DATA,535673,1a:00:00:00:00:00,-44,11,-99,17,29,11,524618694,47,2,256,0,""[0,0,0,0,0,0,0,0,0,0,0,0,5,-3,6,-2,5,-2,5,-2,6,-1,7,0,8,-2,8,0,10,-1,11,-2,11,0,11,0,12,0,14,0,13,1,16,3,15,3,16,3,13,3,12,2,15,4,17,3,19,6,14,5,19,8,17,6,19,10,17,7,20,10,17,7,17,8,15,5,19,5,19,7,20,8,21,7,20,10,19,11,20,11,22,13,23,10,23,13,21,11,24,8,19,10,23,8,23,10,26,7,29,13,28,14,22,13,28,19,26,15,29,15,26,19,25,15,30,17,0,0,0,0,0,0,23,-26,29,-28,19,-22,22,-24,26,-25,23,-21,25,-24,22,-21,28,-22,22,-17,21,-20,21,-21,23,-23,23,-23,22,-16,23,-17,22,-20,24,-17,23,-16,24,-20,20,-20,24,-19,17,-14,16,-16,21,-20,22,-20,24,-20,22,-15,25,-16,22,-16,28,-16,24,-17,28,-16,24,-14,25,-14,23,-12,25,-13,25,-13,26,-14,28,-13,30,-10,24,-4,28,-4,26,-3,25,-3,28,-1,24,2,25,-1,20,2,21,3,20,2,21,2,21,5,21,8,15,7,16,11,14,11,0,0,0,0,0,0,0,0,0,0]"""
1782031938848,2026-06-21T17:52:18.848,safe,posture,mhw,standing_still,t017,"CSI_DATA,535674,1a:00:00:00:00:00,-44,11,-99,15,29,11,524629694,47,2,256,0,""[0,0,0,0,0,0,0,0,0,0,0,0,3,-5,1,-5,5,-5,4,-5,5,-7,3,-7,4,-5,4,-8,5,-9,5,-11,5,-9,4,-9,7,-11,9,-10,8,-8,10,-13,8,-13,10,-13,10,-11,9,-13,9,-15,11,-11,11,-16,10,-15,13,-14,13,-15,13,-15,11,-15,17,-15,13,-15,11,-16,10,-14,11,-17,13,-17,13,-20,13,-19,10,-19,13,-19,11,-20,11,-23,8,-21,14,-23,13,-19,9,-24,8,-19,9,-26,10,-24,5,-26,10,-27,8,-29,9,-26,10,-29,10,-29,9,-32,9,-30,9,-30,7,-34,0,0,0,0,0,0,-32,-10,-35,-11,-28,-7,-32,-8,-36,-10,-28,-9,-35,-11,-29,-9,-34,-10,-28,-7,-28,-8,-30,-4,-29,-7,-33,-4,-29,-5,-29,-3,-29,-2,-29,-2,-26,-3,-33,-4,-27,-2,-29,-2,-24,1,-26,0,-30,1,-29,0,-33,2,-29,2,-29,2,-30,4,-32,2,-27,5,-33,-1,-29,1,-28,1,-27,1,-30,2,-28,0,-28,3,-29,-1,-28,-1,-27,-3,-29,-3,-28,-2,-24,-1,-28,-4,-23,-7,-24,-3,-19,-4,-23,-5,-20,-7,-21,-5,-17,-7,-20,-8,-16,-9,-15,-9,-13,-10,0,0,0,0,0,0,0,0,0,0]"""
1782031938858,2026-06-21T17:52:18.858,safe,posture,mhw,standing_still,t017,"CSI_DATA,535675,1a:00:00:00:00:00,-44,11,-99,15,29,11,524640694,47,2,256,0,""[0,0,0,0,0,0,0,0,0,0,0,0,5,3,7,4,4,2,5,3,5,4,9,4,9,4,8,4,8,4,8,5,9,5,10,9,11,9,10,7,10,10,11,8,13,10,10,11,11,11,11,10,9,9,15,13,11,13,13,13,14,15,15,14,14,15,15,16,13,10,16,13,13,13,17,16,15,16,14,13,16,15,16,15,15,13,20,11,17,13,17,13,19,15,20,10,23,11,22,15,27,16,20,13,24,13,24,15,24,11,24,11,32,11,28,11,29,15,26,14,30,11,32,16,30,14,0,0,0,0,0,0,17,-34,16,-28,16,-35,19,-27,14,-24,20,-29,14,-26,17,-32,15,-27,16,-30,15,-28,15,-22,13,-29,15,-24,14,-28,10,-27,10,-28,10,-28,14,-28,5,-23,8,-27,10,-27,9,-29,10,-28,9,-26,8,-27,8,-24,5,-28,7,-30,4,-28,8,-27,10,-30,3,-24,5,-29,9,-28,9,-34,11,-27,9,-28,11,-28,11,-26,9,-24,13,-28,9,-26,10,-22,14,-23,8,-20,11,-23,14,-19,16,-22,15,-15,16,-17,15,-13,15,-15,15,-11,14,-13,14,-10,15,-9,0,0,0,0,0,0,0,0,0,0]"""
1782031938870,2026-06-21T17:52:18.870,safe,posture,mhw,standing_still,t017,"CSI_DATA,535676,1a:00:00:00:00:00,-44,11,-99,16,29,11,524651694,47,2,256,0,""[0,0,0,0,0,0,0,0,0,0,0,0,-3,-6,-2,-6,-2,-4,-3,-8,-3,-6,-3,-6,-3,-10,0,-6,-3,-10,-1,-10,-2,-11,-3,-11,-1,-11,-2,-11,-1,-15,-2,-11,-2,-16,-2,-13,-4,-17,0,-19,1,-17,1,-15,0,-16,-2,-19,-1,-18,-1,-17,-1,-17,0,-20,-1,-17,-2,-20,-2,-18,-2,-24,0,-21,-2,-21,-1,-21,0,-21,-2,-18,-5,-23,-3,-21,-4,-19,-2,-24,-8,-21,-8,-25,-5,-25,-8,-31,-2,-24,-6,-27,-2,-27,-6,-24,-8,-28,-11,-30,-10,-26,-9,-33,-6,-30,-12,-30,-10,-35,-8,-32,0,0,0,0,0,0,-35,8,-30,4,-39,10,-33,4,-26,4,-35,4,-27,4,-35,6,-28,6,-35,4,-33,4,-30,3,-28,5,-27,4,-32,9,-28,9,-28,11,-26,6,-31,6,-23,10,-27,11,-25,8,-31,10,-30,6,-25,5,-26,8,-25,8,-27,13,-26,10,-25,12,-24,9,-30,9,-23,10,-27,12,-26,8,-36,11,-30,3,-27,8,-30,3,-25,4,-26,4,-27,8,-27,5,-24,4,-26,0,-24,3,-26,2,-25,-1,-27,-2,-20,-5,-21,-4,-19,-8,-18,-5,-19,-5,-18,-6,-15,-4,-16,-9,0,0,0,0,0,0,0,0,0,0]"""
1782031938881,2026-06-21T17:52:18.881,safe,posture,mhw,standing_still,t017,"CSI_DATA,535677,1a:00:00:00:00:00,-44,11,-99,15,29,11,524662694,47,2,256,0,""[0,0,0,0,0,0,0,0,0,0,0,0,-4,3,-7,4,-4,3,-5,2,-5,3,-9,4,-8,4,-8,3,-8,5,-9,2,-10,4,-11,5,-11,7,-10,7,-13,7,-11,7,-13,9,-14,9,-15,8,-15,7,-13,4,-15,10,-15,5,-16,11,-15,10,-15,10,-15,9,-17,11,-13,11,-14,14,-16,13,-19,15,-17,11,-15,14,-17,14,-14,14,-13,15,-13,20,-11,17,-11,19,-15,19,-7,21,-10,23,-13,23,-14,29,-11,21,-9,26,-14,24,-8,24,-8,28,-4,32,-3,29,-7,33,-7,32,-1,32,-5,35,-5,34,0,0,0,0,0,0,35,4,29,3,38,1,34,3,32,1,35,2,29,0,35,-2,29,-2,36,0,32,-1,28,1,32,-3,28,0,29,-8,28,-8,29,-9,27,-7,30,-5,23,-10,27,-14,26,-10,29,-13,28,-11,24,-10,26,-14,23,-11,22,-17,24,-17,22,-17,21,-14,28,-17,17,-19,21,-22,22,-19,28,-22,24,-15,23,-19,27,-15,22,-16,21,-15,22,-21,22,-17,16,-16,22,-13,16,-16,19,-17,20,-14,26,-13,19,-8,21,-11,20,-5,19,-9,17,-7,19,-8,17,-7,17,-4,0,0,0,0,0,0,0,0,0,0]"""
1782031938891,2026-06-21T17:52:18.891,safe,posture,mhw,standing_still,t017,"CSI_DATA,535678,1a:00:00:00:00:00,-44,11,-99,17,29,11,524673694,47,2,256,0,""[0,0,0,0,0,0,0,0,0,0,0,0,5,-3,5,-4,6,-3,7,-2,6,-2,7,-3,7,-3,8,-3,10,-4,10,-3,11,-2,12,-2,12,-3,12,-2,14,-1,14,-1,15,-3,15,0,15,-1,15,-3,14,-2,19,0,16,1,16,2,20,3,17,2,20,3,22,3,20,2,21,2,20,1,21,1,19,1,22,1,22,0,24,1,21,0,22,2,23,3,24,1,25,2,24,0,24,0,26,1,25,1,22,-1,25,-1,28,0,28,-2,31,0,28,1,31,3,32,2,30,1,35,3,33,1,33,3,0,0,0,0,0,0,7,-37,10,-35,5,-33,7,-33,7,-32,11,-32,7,-30,8,-33,7,-29,8,-29,6,-29,7,-29,5,-33,8,-29,11,-28,7,-29,6,-28,8,-28,10,-29,5,-28,4,-29,7,-29,5,-25,4,-26,5,-25,3,-29,6,-26,6,-26,8,-30,5,-28,8,-28,8,-30,6,-28,7,-29,10,-26,11,-30,11,-25,10,-26,12,-26,13,-25,13,-25,15,-22,15,-23,16,-21,19,-21,15,-20,17,-20,17,-17,16,-14,15,-14,16,-13,16,-12,16,-12,16,-7,16,-6,17,-4,17,-4,0,0,0,0,0,0,0,0,0,0]"""
1782031938904,2026-06-21T17:52:18.904,safe,posture,mhw,standing_still,t017,"CSI_DATA,535679,1a:00:00:00:00:00,-44,11,-99,15,29,11,524684694,47,2,256,0,""[0,0,0,0,0,0,0,0,0,0,0,0,-3,-5,-2,-4,-4,-5,-2,-5,-4,-7,-3,-7,-4,-5,-7,-9,-5,-8,-4,-10,-3,-10,-4,-9,-4,-10,-4,-14,-3,-13,-4,-15,-3,-14,-2,-14,-2,-11,-3,-16,-3,-19,-2,-17,-3,-20,-1,-16,0,-20,-2,-17,0,-20,-1,-19,1,-22,1,-19,2,-21,1,-16,-1,-21,0,-20,-1,-22,-2,-23,0,-22,1,-21,1,-24,0,-26,0,-22,0,-27,2,-22,-1,-28,0,-19,-2,-26,1,-26,-4,-27,-1,-29,-1,-29,2,-29,2,-32,2,-33,1,-33,4,-33,2,-29,2,-33,0,0,0,0,0,0,-34,-8,-38,-8,-28,-4,-33,-9,-39,-8,-27,-10,-34,-10,-27,-9,-32,-11,-27,-8,-28,-8,-30,-9,-30,-9,-33,-8,-27,-10,-28,-10,-29,-8,-29,-10,-26,-10,-30,-11,-26,-5,-29,-10,-23,-7,-24,-7,-29,-9,-28,-7,-30,-9,-26,-9,-28,-10,-28,-9,-28,-11,-27,-8,-30,-14,-24,-11,-26,-13,-22,-11,-28,-13,-24,-15,-27,-14,-24,-16,-22,-19,-20,-20,-20,-21,-19,-20,-16,-19,-16,-23,-13,-20,-15,-21,-9,-16,-11,-19,-9,-19,-10,-19,-5,-21,-5,-20,-3,-19,-1,-19,1,-19,0,0,0,0,0,0,0,0,0,0]"""
1782031938914,2026-06-21T17:52:18.914,safe,posture,mhw,standing_still,t017,"CSI_DATA,535680,1a:00:00:00:00:00,-44,11,-99,17,29,11,524696340,47,2,256,0,""[0,0,0,0,0,0,0,0,0,0,0,0,0,5,0,5,0,6,0,7,-3,7,-1,7,-2,7,-3,8,-3,10,-4,8,-4,10,-4,12,-5,11,-5,11,-8,13,-5,11,-6,13,-7,13,-11,13,-10,10,-11,8,-11,14,-14,11,-13,12,-14,13,-14,12,-15,12,-19,12,-13,12,-15,13,-15,10,-17,14,-16,12,-15,14,-17,13,-17,14,-15,12,-16,14,-16,12,-17,13,-21,13,-15,15,-20,17,-20,14,-23,15,-20,13,-23,19,-23,15,-21,16,-24,15,-24,19,-25,19,-28,19,-25,15,-25,17,-30,15,-28,15,0,0,0,0,0,0,14,34,11,30,12,34,10,32,8,30,8,33,8,26,8,34,6,29,7,33,5,31,3,26,6,32,3,29,3,29,6,30,5,30,4,28,3,33,6,24,5,28,4,29,4,29,3,29,2,26,5,30,2,28,3,26,3,30,1,28,0,28,-1,33,3,28,0,30,-2,28,-3,33,-2,26,-4,29,-6,30,-5,29,-7,26,-8,28,-8,25,-11,24,-14,23,-10,23,-12,22,-14,21,-16,21,-13,14,-16,15,-16,13,-15,14,-15,10,-15,10,-16,10,-17,4,0,0,0,0,0,0,0,0,0,0]"""
1782031938924,2026-06-21T17:52:18.924,safe,posture,mhw,standing_still,t017,"CSI_DATA,535681,1a:00:00:00:00:00,-44,11,-99,16,29,11,524706694,47,2,256,0,""[0,0,0,0,0,0,0,0,0,0,0,0,6,0,5,1,8,1,5,0,8,0,6,1,8,1,10,0,10,1,12,1,9,2,13,2,12,2,13,3,12,3,17,3,13,2,15,3,13,3,15,2,17,2,18,3,19,3,15,6,19,5,17,4,20,8,18,4,20,6,17,4,20,6,15,3,18,2,19,3,21,2,23,1,24,2,21,3,24,4,26,2,24,0,26,1,23,1,26,-1,19,-1,24,-3,26,0,26,-6,30,-3,31,-4,25,1,31,-1,32,-2,35,-2,33,-2,32,-1,32,-5,0,0,0,0,0,0,-2,-32,-2,-38,-4,-27,-4,-32,-3,-38,-2,-30,-3,-36,-2,-30,-2,-34,-3,-26,-4,-26,-5,-28,-6,-32,-8,-33,-3,-27,-5,-28,-9,-30,-6,-30,-6,-25,-9,-31,-8,-25,-10,-30,-8,-21,-10,-24,-11,-27,-12,-27,-13,-28,-9,-26,-10,-28,-11,-26,-11,-30,-12,-25,-11,-31,-10,-25,-11,-26,-6,-20,-12,-25,-11,-26,-13,-26,-12,-30,-9,-30,-4,-26,-4,-27,-5,-30,-4,-25,-4,-26,0,-23,-3,-25,-2,-18,-2,-21,-1,-21,-1,-21,1,-21,2,-23,3,-17,5,-17,5,-16,0,0,0,0,0,0,0,0,0,0]"""
1782031938936,2026-06-21T17:52:18.936,safe,posture,mhw,standing_still,t017,"CSI_DATA,535682,1a:00:00:00:00:00,-44,11,-99,15,29,11,524717694,47,2,256,0,""[0,0,0,0,0,0,0,0,0,0,0,0,-1,-5,-2,-5,-2,-7,-2,-7,-2,-5,-2,-8,-2,-10,-2,-9,-3,-9,-3,-9,-5,-11,-4,-10,-5,-10,-5,-10,-5,-10,-4,-15,-7,-15,-8,-13,-5,-15,-8,-15,-10,-14,-5,-16,-7,-16,-9,-16,-9,-14,-9,-16,-9,-15,-10,-15,-11,-16,-14,-15,-13,-15,-16,-16,-16,-15,-15,-15,-15,-15,-15,-14,-19,-13,-20,-13,-20,-13,-21,-10,-20,-10,-20,-10,-22,-8,-24,-10,-24,-9,-28,-7,-27,-8,-27,-7,-27,-4,-28,-4,-32,-4,-28,-3,-30,-3,-34,-4,-33,-1,-32,-1,-34,2,0,0,0,0,0,0,2,32,2,34,7,36,4,33,5,33,9,33,7,33,7,33,9,32,9,32,11,32,11,28,10,28,11,27,16,28,16,26,17,24,16,23,16,22,17,23,20,21,21,20,20,21,20,20,23,20,20,19,22,17,26,16,26,16,26,15,23,14,26,13,26,14,27,13,27,11,28,15,28,14,27,14,27,13,22,13,26,11,27,11,24,13,23,9,23,11,23,11,22,13,23,9,21,14,20,11,19,13,17,11,15,10,16,10,16,11,15,11,13,11,0,0,0,0,0,0,0,0,0,0]"""
1782031938946,2026-06-21T17:52:18.946,safe,posture,mhw,standing_still,t017,"CSI_DATA,535683,1a:00:00:00:00:00,-44,11,-99,15,29,11,524728694,47,2,256,0,""[0,0,0,0,0,0,0,0,0,0,0,0,7,1,7,1,4,1,8,2,7,2,8,3,9,2,9,3,9,3,9,4,9,4,11,5,11,4,13,7,11,8,13,7,14,8,13,9,13,7,15,9,14,7,17,10,14,9,14,10,14,11,14,9,14,14,16,14,14,11,16,11,15,13,17,11,15,14,19,11,19,11,21,10,17,11,19,13,20,11,22,13,20,14,21,10,22,13,23,15,24,13,21,10,24,10,23,11,28,11,28,11,27,13,29,13,29,15,27,15,29,16,32,16,29,15,0,0,0,0,0,0,21,-29,21,-27,19,-28,21,-27,17,-28,21,-27,17,-26,19,-29,20,-26,16,-27,16,-26,16,-24,15,-29,16,-26,17,-24,16,-26,13,-24,14,-26,19,-26,13,-24,11,-27,16,-24,11,-26,11,-27,13,-24,11,-27,13,-26,13,-24,14,-27,10,-27,13,-26,16,-28,11,-26,13,-27,15,-24,15,-27,14,-24,14,-26,14,-24,15,-26,17,-22,19,-21,16,-22,19,-20,17,-19,17,-17,20,-16,20,-15,17,-13,17,-13,17,-13,16,-11,16,-11,19,-7,17,-5,17,-7,19,-3,0,0,0,0,0,0,0,0,0,0]"""
1782031938960,2026-06-21T17:52:18.960,safe,posture,mhw,standing_still,t017,"CSI_DATA,535684,1a:00:00:00:00:00,-44,11,-99,20,28,11,524739694,47,2,256,0,""[0,0,0,0,0,0,0,0,0,0,0,0,-6,-1,-6,0,-6,-1,-6,-1,-8,-2,-9,-1,-9,-1,-9,-2,-10,-2,-8,-3,-11,-3,-10,-4,-11,-4,-11,-5,-13,-9,-11,-6,-15,-6,-13,-9,-13,-8,-13,-10,-10,-12,-15,-9,-12,-11,-13,-12,-13,-11,-13,-11,-13,-12,-15,-13,-15,-11,-16,-12,-15,-13,-17,-13,-16,-12,-17,-11,-16,-13,-19,-15,-17,-12,-17,-13,-19,-13,-18,-11,-19,-16,-20,-10,-21,-11,-19,-13,-23,-15,-19,-13,-24,-12,-21,-17,-25,-15,-26,-16,-25,-15,-26,-17,-26,-20,-26,-17,-30,-16,-31,-24,-25,-20,0,0,0,0,0,0,-23,28,-23,26,-24,28,-23,24,-20,24,-23,26,-19,24,-23,26,-23,20,-24,23,-21,25,-21,19,-20,25,-20,20,-23,21,-20,23,-19,23,-18,23,-21,23,-15,21,-18,25,-19,21,-19,23,-18,23,-18,20,-17,24,-19,21,-15,23,-19,24,-17,24,-18,21,-23,21,-17,23,-19,24,-19,20,-23,23,-21,18,-21,20,-21,18,-23,18,-21,15,-24,16,-23,16,-23,13,-24,11,-20,15,-23,10,-24,9,-23,9,-19,5,-20,5,-20,2,-20,3,-21,1,-17,0,-18,-1,-17,-2,0,0,0,0,0,0,0,0,0,0]"""
1782031938969,2026-06-21T17:52:18.969,safe,posture,mhw,standing_still,t017,"CSI_DATA,535685,1a:00:00:00:00:00,-44,11,-99,15,29,11,524750694,47,2,256,0,""[0,0,0,0,0,0,0,0,0,0,0,0,0,7,-1,5,-3,7,-1,7,-1,9,-1,7,-1,8,-3,8,-3,10,-4,9,-5,10,-4,10,-5,11,-8,11,-8,10,-8,13,-7,13,-9,11,-10,9,-8,10,-10,9,-10,14,-14,14,-13,11,-14,13,-13,11,-17,11,-14,14,-16,14,-14,14,-14,14,-14,13,-14,15,-14,14,-14,16,-15,17,-17,16,-16,16,-17,15,-17,16,-16,17,-20,16,-17,15,-17,20,-15,14,-16,19,-19,19,-19,22,-20,22,-23,20,-22,16,-22,21,-26,22,-24,21,-26,22,-26,22,-23,22,0,0,0,0,0,0,19,29,21,33,17,24,17,27,21,32,15,28,16,30,16,26,16,29,14,24,14,23,16,27,16,28,17,27,11,26,14,27,16,26,15,28,14,26,16,28,15,23,16,27,13,21,15,22,16,24,17,24,16,28,11,24,13,27,14,24,13,28,15,27,14,28,11,26,11,28,9,24,13,24,9,26,11,29,10,29,7,30,3,28,2,28,2,29,2,26,0,28,0,23,-1,26,-3,21,-2,21,-3,21,-3,22,-5,22,-8,20,-8,14,-10,16,-11,13,0,0,0,0,0,0,0,0,0,0]"""
1782031938979,2026-06-21T17:52:18.979,safe,posture,mhw,standing_still,t017,"CSI_DATA,535686,1a:00:00:00:00:00,-44,11,-99,17,29,11,524761694,47,2,256,0,""[0,0,0,0,0,0,0,0,0,0,0,0,1,5,2,5,3,7,2,8,1,8,0,6,1,7,2,11,2,10,4,11,4,10,2,10,4,12,4,11,3,11,2,15,3,14,3,16,1,13,4,14,6,16,2,16,4,19,4,17,3,17,5,17,3,20,4,17,3,22,5,19,5,21,4,19,6,20,5,19,8,21,10,20,8,20,10,21,10,21,13,21,12,19,13,23,12,23,15,20,12,19,17,20,15,22,20,17,19,20,19,22,16,22,20,24,20,23,23,25,23,25,20,22,23,22,0,0,0,0,0,0,24,-21,26,-25,21,-21,23,-23,24,-26,21,-21,25,-25,21,-21,22,-24,19,-22,17,-22,20,-25,20,-23,19,-28,15,-23,15,-25,14,-28,16,-26,11,-24,16,-26,12,-25,13,-29,8,-21,10,-26,11,-26,11,-26,8,-29,7,-29,10,-29,6,-30,8,-30,5,-26,12,-31,8,-26,7,-28,7,-24,5,-29,8,-26,5,-28,11,-29,10,-28,11,-25,11,-25,10,-26,10,-25,13,-24,12,-20,8,-23,11,-14,13,-20,12,-17,8,-19,14,-14,12,-16,13,-13,12,-11,13,-13,0,0,0,0,0,0,0,0,0,0]"""
1782031938990,2026-06-21T17:52:18.990,safe,posture,mhw,standing_still,t017,"CSI_DATA,535687,1a:00:00:00:00:00,-44,11,-99,16,29,11,524772694,47,2,256,0,""[0,0,0,0,0,0,0,0,0,0,0,0,0,-6,1,-5,1,-9,1,-6,2,-8,2,-5,1,-8,2,-9,2,-10,0,-11,3,-10,1,-11,2,-12,2,-12,3,-11,3,-16,2,-12,4,-15,4,-15,6,-13,8,-18,2,-16,4,-20,4,-16,5,-17,4,-18,6,-18,4,-17,6,-20,4,-18,5,-19,3,-16,3,-20,3,-20,2,-19,2,-21,2,-23,2,-20,2,-24,0,-25,0,-23,2,-28,3,-26,0,-25,-1,-21,-4,-27,-1,-27,-8,-25,-4,-28,-5,-31,-1,-28,-3,-31,-2,-30,-6,-34,-3,-33,-4,-28,-6,-32,0,0,0,0,0,0,-33,4,-40,5,-26,4,-34,5,-39,8,-30,3,-36,6,-28,4,-33,5,-25,6,-27,9,-27,8,-31,9,-32,11,-28,8,-27,9,-28,11,-27,11,-24,10,-31,13,-23,13,-30,10,-21,12,-23,13,-25,13,-26,16,-27,16,-24,15,-26,15,-24,17,-26,17,-21,17,-30,16,-21,12,-25,15,-19,13,-25,18,-26,15,-23,17,-26,13,-27,12,-24,10,-26,12,-26,10,-23,10,-28,9,-21,6,-25,8,-18,5,-21,6,-20,3,-21,5,-21,3,-21,2,-18,0,-17,-1,-17,-3,0,0,0,0,0,0,0,0,0,0]"""
1782031939001,2026-06-21T17:52:19.001,safe,posture,mhw,standing_still,t017,"CSI_DATA,535688,1a:00:00:00:00:00,-44,11,-99,15,29,11,524783694,47,2,256,0,""[0,0,0,0,0,0,0,0,0,0,0,0,-5,0,-7,-1,-8,0,-8,-1,-8,0,-8,0,-9,-1,-9,1,-9,0,-10,-1,-11,1,-11,1,-14,0,-13,2,-11,0,-15,1,-15,1,-15,1,-17,1,-16,-1,-16,-1,-16,2,-17,3,-19,3,-20,4,-17,4,-20,3,-17,7,-19,4,-20,7,-19,7,-20,7,-21,9,-19,9,-17,10,-19,10,-19,11,-17,15,-17,15,-16,16,-16,16,-17,17,-17,19,-14,21,-15,21,-15,23,-15,22,-13,23,-14,24,-10,26,-13,29,-10,27,-11,29,-13,30,-10,32,-10,33,-9,33,0,0,0,0,0,0,33,8,35,4,35,3,35,4,33,3,34,2,33,1,34,1,34,-1,34,-1,32,-3,30,-5,28,-3,29,-7,29,-8,27,-10,28,-11,27,-13,24,-10,28,-11,26,-14,24,-15,23,-16,26,-16,23,-19,23,-15,22,-19,20,-22,21,-21,19,-22,19,-21,16,-24,20,-21,20,-23,16,-22,19,-24,19,-27,19,-22,16,-24,19,-22,16,-23,16,-23,16,-22,15,-21,15,-21,15,-21,17,-19,13,-21,15,-17,16,-20,14,-15,13,-16,14,-13,14,-15,14,-14,13,-10,15,-10,0,0,0,0,0,0,0,0,0,0]"""
1782031939013,2026-06-21T17:52:19.013,safe,posture,mhw,standing_still,t017,"CSI_DATA,535689,1a:00:00:00:00:00,-44,11,-99,16,29,11,524794694,47,2,256,0,""[0,0,0,0,0,0,0,0,0,0,0,0,-2,-4,-1,-5,-1,-6,-2,-9,-2,-5,-2,-9,-2,-9,-1,-8,-2,-8,-1,-9,-3,-10,-2,-11,-2,-11,-2,-11,0,-12,-1,-13,-1,-17,-2,-15,0,-18,0,-16,2,-13,1,-16,1,-17,0,-19,0,-19,0,-17,1,-17,0,-20,1,-18,0,-20,0,-18,0,-24,1,-21,0,-20,0,-20,2,-19,-2,-20,-3,-23,-2,-21,-2,-19,-2,-23,-4,-21,-5,-25,-4,-26,-5,-32,-2,-26,-4,-27,-2,-27,-4,-24,-6,-30,-10,-33,-9,-26,-4,-33,-4,-32,-10,-32,-8,-34,-5,-32,0,0,0,0,0,0,-33,4,-31,5,-39,8,-32,4,-26,3,-34,4,-28,4,-35,3,-28,5,-35,4,-34,3,-27,2,-30,2,-28,4,-31,8,-30,10,-30,9,-26,9,-27,5,-24,8,-30,10,-27,8,-30,10,-31,9,-27,9,-26,8,-26,6,-26,12,-28,11,-25,12,-24,8,-27,9,-25,10,-28,11,-28,8,-34,11,-31,4,-27,6,-30,3,-26,4,-26,3,-28,5,-26,3,-23,3,-26,1,-23,2,-26,1,-24,0,-28,-3,-23,-4,-21,-3,-19,-8,-17,-5,-17,-5,-19,-6,-16,-4,-16,-6,0,0,0,0,0,0,0,0,0,0]"""
1782031939024,2026-06-21T17:52:19.024,safe,posture,mhw,standing_still,t017,"CSI_DATA,535690,1a:00:00:00:00:00,-44,11,-99,17,29,11,524805966,47,2,256,0,""[0,0,0,0,0,0,0,0,0,0,0,0,-6,2,-6,1,-6,2,-6,2,-7,2,-7,2,-8,2,-8,2,-10,2,-8,1,-12,0,-13,1,-12,1,-12,1,-14,-1,-14,0,-15,1,-15,-2,-15,-1,-12,0,-12,-3,-19,0,-17,-1,-16,-3,-19,-4,-19,-3,-17,-4,-21,-4,-16,-4,-21,-2,-19,-4,-20,-3,-20,-3,-19,-1,-21,-3,-22,-1,-21,-2,-21,-3,-22,-3,-22,-2,-24,-2,-23,1,-26,1,-26,-1,-26,-2,-24,0,-26,2,-25,0,-30,2,-31,1,-30,2,-31,1,-32,-1,-31,-2,-33,-1,-37,-1,-31,1,0,0,0,0,0,0,-5,35,-5,32,-2,33,-3,31,-3,31,-7,33,-3,30,-5,33,-5,31,-5,30,-3,29,-4,29,-1,33,-4,30,-6,29,-5,31,-2,29,-3,28,-5,31,-1,28,0,30,-2,30,0,28,0,28,-3,25,1,31,-1,30,-1,28,-2,31,-1,29,-4,29,-3,33,-1,30,-1,29,-3,30,-2,29,-3,28,-1,28,-3,28,-3,29,-6,28,-8,25,-8,25,-10,24,-12,25,-8,22,-10,22,-12,22,-12,20,-11,19,-12,17,-12,15,-13,16,-13,12,-15,11,-15,11,-16,10,0,0,0,0,0,0,0,0,0,0]"""
1782031939034,2026-06-21T17:52:19.034,safe,posture,mhw,standing_still,t017,"CSI_DATA,535691,1a:00:00:00:00:00,-44,11,-99,15,29,11,524817103,47,2,256,0,""[0,0,0,0,0,0,0,0,0,0,0,0,1,5,3,7,2,7,2,8,1,7,2,5,3,9,2,7,3,10,1,9,3,11,4,11,4,10,5,11,5,15,4,9,7,14,7,13,5,15,5,16,5,17,5,16,4,16,8,15,8,17,7,16,7,16,8,19,10,14,11,17,9,16,13,22,9,17,10,17,11,20,11,17,11,15,16,16,16,14,17,15,16,19,20,9,22,14,22,15,23,16,20,15,23,15,22,20,23,13,26,14,29,9,27,10,30,16,28,13,32,7,33,13,33,11,0,0,0,0,0,0,14,-35,11,-29,11,-36,14,-32,8,-28,9,-34,5,-28,7,-36,5,-29,7,-33,8,-32,8,-28,3,-29,4,-29,2,-32,0,-30,-2,-29,-1,-28,1,-33,-4,-24,-7,-32,-5,-29,-3,-29,-3,-28,-2,-28,-4,-29,-4,-26,-10,-26,-8,-28,-9,-27,-8,-27,-7,-30,-13,-21,-13,-26,-11,-27,-11,-33,-7,-28,-9,-27,-5,-32,-8,-27,-8,-26,-13,-27,-8,-27,-8,-23,-5,-26,-9,-22,-9,-26,-5,-23,-3,-26,-1,-20,-2,-22,1,-20,-2,-20,2,-19,-2,-20,-1,-17,1,-20,0,0,0,0,0,0,0,0,0,0]"""
1782031939046,2026-06-21T17:52:19.046,safe,posture,mhw,standing_still,t017,"CSI_DATA,535692,1a:00:00:00:00:00,-44,11,-99,16,29,11,524827694,47,2,256,0,""[0,0,0,0,0,0,0,0,0,0,0,0,-3,3,-4,4,-4,2,-6,5,-4,3,-8,4,-9,4,-6,4,-10,4,-8,3,-10,5,-10,5,-11,5,-11,4,-16,4,-12,2,-15,4,-13,5,-16,3,-17,2,-12,2,-17,1,-13,0,-18,3,-18,1,-19,1,-17,0,-21,-1,-16,1,-20,1,-18,1,-26,1,-21,-3,-20,-1,-21,-2,-19,-1,-19,1,-23,3,-20,1,-19,2,-24,-1,-21,5,-25,4,-25,1,-32,1,-25,0,-26,0,-27,-2,-25,1,-27,0,-33,4,-28,3,-32,0,-32,-1,-33,3,-35,-2,-31,-3,0,0,0,0,0,0,-4,34,-3,28,-5,40,-6,31,-6,26,-8,35,-4,27,-6,35,-4,28,-9,34,-10,32,-9,26,-9,28,-9,25,-6,32,-6,28,-4,31,-4,27,-9,28,-4,24,-5,31,-5,25,-6,30,-9,28,-9,26,-10,26,-6,23,-5,31,-5,28,-5,27,-8,27,-10,30,-6,25,-8,30,-9,26,-12,33,-16,25,-15,25,-17,25,-16,21,-15,20,-15,27,-17,21,-13,18,-19,17,-15,19,-18,19,-18,15,-24,17,-20,10,-19,10,-19,6,-17,6,-18,5,-18,8,-17,4,-17,2,0,0,0,0,0,0,0,0,0,0]"""
1782031939057,2026-06-21T17:52:19.057,safe,posture,mhw,standing_still,t017,"CSI_DATA,535693,1a:00:00:00:00:00,-44,11,-99,15,29,11,524838694,47,2,256,0,""[0,0,0,0,0,0,0,0,0,0,0,0,-1,7,-1,5,-1,7,-2,7,-2,8,-2,7,-1,9,-2,10,-3,8,-4,10,-3,11,-4,10,-5,11,-7,11,-5,11,-10,14,-8,11,-10,10,-10,10,-8,10,-11,13,-11,11,-13,14,-11,11,-14,13,-14,13,-15,13,-14,11,-19,11,-16,13,-15,13,-16,9,-16,14,-19,10,-15,13,-17,14,-19,11,-19,13,-20,13,-21,15,-19,15,-22,14,-22,11,-19,15,-17,11,-21,19,-22,13,-21,20,-24,15,-24,16,-23,15,-27,13,-27,14,-30,16,-28,15,-24,15,-30,17,0,0,0,0,0,0,11,30,11,36,10,28,9,32,13,36,8,29,9,36,7,29,5,34,5,29,5,28,7,32,5,28,8,32,7,28,5,28,8,30,5,28,4,27,5,30,5,28,4,29,4,24,4,26,5,30,3,28,5,32,4,26,4,29,7,30,2,33,3,27,-1,33,-1,29,0,29,-1,24,1,32,-3,29,-2,30,-5,29,-5,29,-8,27,-9,26,-9,27,-8,24,-14,24,-14,20,-11,21,-11,16,-13,19,-14,16,-14,16,-16,14,-16,13,-15,9,-16,8,-16,7,0,0,0,0,0,0,0,0,0,0]"""
1782031939069,2026-06-21T17:52:19.069,safe,posture,mhw,standing_still,t017,"CSI_DATA,535694,1a:00:00:00:00:00,-44,11,-99,15,29,11,524849694,47,2,256,0,""[0,0,0,0,0,0,0,0,0,0,0,0,3,-4,5,-5,3,-4,5,-4,4,-5,4,-5,5,-5,7,-8,7,-8,7,-8,9,-7,8,-8,9,-9,9,-10,11,-9,9,-10,10,-10,11,-11,10,-11,13,-10,14,-8,11,-14,13,-11,14,-9,15,-11,14,-11,14,-11,16,-14,14,-13,14,-15,15,-14,14,-14,14,-14,11,-16,13,-17,14,-20,13,-14,15,-16,13,-19,14,-19,16,-19,10,-20,14,-21,14,-22,13,-24,9,-22,9,-24,10,-24,10,-27,11,-27,13,-27,11,-28,16,-28,14,-27,15,-29,10,-35,13,-32,0,0,0,0,0,0,-33,-17,-32,-14,-32,-14,-32,-16,-30,-13,-30,-16,-28,-11,-32,-15,-27,-13,-29,-13,-28,-10,-28,-10,-30,-9,-28,-9,-28,-11,-29,-8,-28,-8,-29,-8,-29,-9,-27,-4,-30,-4,-27,-7,-28,-3,-27,-2,-28,-4,-30,-1,-27,-3,-29,-4,-29,-2,-28,-2,-30,-4,-32,-5,-26,-2,-28,0,-29,-5,-30,-2,-28,-2,-27,0,-30,-2,-28,-3,-27,-4,-27,-8,-27,-7,-26,-8,-26,-9,-23,-5,-24,-8,-22,-10,-22,-9,-19,-8,-21,-9,-21,-9,-19,-8,-17,-11,-13,-11,-13,-11,-11,-14,0,0,0,0,0,0,0,0,0,0]"""
1782031939078,2026-06-21T17:52:19.078,safe,posture,mhw,standing_still,t017,"CSI_DATA,535695,1a:00:00:00:00:00,-44,11,-99,16,29,11,524860694,47,2,256,0,""[0,0,0,0,0,0,0,0,0,0,0,0,-4,2,-6,1,-6,1,-6,1,-8,2,-8,2,-9,2,-10,1,-10,2,-9,0,-11,1,-10,2,-12,2,-12,1,-13,0,-13,0,-15,2,-15,0,-16,0,-15,1,-13,1,-18,1,-17,-1,-17,-2,-19,-1,-18,-2,-20,-1,-20,-2,-18,-1,-20,-1,-19,-2,-21,0,-19,1,-19,1,-23,1,-23,3,-21,3,-21,2,-23,3,-24,2,-24,0,-21,4,-25,4,-25,3,-24,4,-23,5,-26,9,-24,8,-26,9,-27,8,-28,9,-30,8,-32,8,-28,9,-31,9,-34,10,-32,6,0,0,0,0,0,0,6,34,5,33,6,32,4,34,8,33,3,33,5,30,6,32,3,32,6,30,6,30,8,28,11,30,8,30,4,30,8,28,12,28,9,28,8,31,10,26,12,26,9,28,11,25,12,25,10,26,16,26,12,26,12,26,15,27,13,25,12,27,13,30,13,25,12,26,9,26,13,27,11,26,15,25,12,26,11,26,9,26,6,26,8,26,5,26,4,28,4,26,4,26,2,24,0,24,1,20,2,21,-1,20,-1,21,-3,20,-3,17,-3,18,-5,18,0,0,0,0,0,0,0,0,0,0]"""
1782031939091,2026-06-21T17:52:19.091,safe,posture,mhw,standing_still,t017,"CSI_DATA,535696,1a:00:00:00:00:00,-44,11,-99,15,29,11,524871694,47,2,256,0,""[0,0,0,0,0,0,0,0,0,0,0,0,-5,3,-4,4,-5,4,-7,4,-5,5,-8,4,-7,5,-8,7,-7,5,-7,8,-8,8,-7,7,-8,9,-8,8,-8,8,-10,11,-10,13,-10,11,-11,11,-9,11,-8,11,-11,10,-11,15,-10,14,-13,13,-13,14,-11,14,-9,17,-14,15,-10,16,-9,17,-10,17,-9,20,-10,20,-7,20,-7,19,-5,22,-7,23,-5,22,-5,23,-3,22,-3,26,-3,26,0,26,-1,26,2,28,-1,27,3,28,1,28,3,29,4,29,3,29,3,29,4,33,5,32,8,34,10,33,0,0,0,0,0,0,33,-11,32,-13,30,-14,30,-14,33,-14,30,-14,30,-15,28,-13,29,-17,28,-17,28,-17,26,-17,24,-15,24,-21,23,-19,21,-20,22,-21,21,-21,17,-20,20,-22,17,-23,16,-26,15,-24,15,-26,14,-26,14,-22,13,-27,11,-29,13,-26,10,-29,10,-28,8,-28,13,-29,10,-27,9,-27,10,-27,9,-32,10,-27,8,-29,11,-26,8,-27,11,-29,9,-27,10,-26,5,-24,9,-24,10,-22,7,-23,9,-21,9,-22,10,-20,8,-17,8,-16,10,-17,8,-16,9,-14,10,-14,0,0,0,0,0,0,0,0,0,0]"""
1782031939102,2026-06-21T17:52:19.102,safe,posture,mhw,standing_still,t017,"CSI_DATA,535697,1a:00:00:00:00:00,-44,11,-99,15,29,11,524882694,47,2,256,0,""[0,0,0,0,0,0,0,0,0,0,0,0,3,-5,2,-5,3,-5,3,-5,3,-7,4,-8,4,-8,3,-8,3,-9,4,-9,7,-9,7,-9,5,-10,7,-10,9,-13,5,-13,5,-14,8,-15,8,-15,4,-13,7,-11,5,-19,8,-14,8,-15,8,-17,7,-17,8,-17,8,-19,4,-19,4,-19,7,-20,4,-19,3,-20,3,-21,3,-21,2,-23,2,-21,2,-22,0,-22,0,-22,0,-24,-4,-23,-3,-23,-4,-27,-4,-24,-4,-22,-9,-26,-7,-27,-9,-26,-11,-29,-11,-28,-10,-29,-11,-32,-10,-30,-14,-32,-15,-33,-14,-28,0,0,0,0,0,0,-33,15,-33,19,-28,17,-29,16,-28,17,-29,17,-26,17,-27,20,-27,19,-23,19,-22,19,-23,17,-24,23,-21,21,-22,19,-21,22,-20,22,-19,22,-21,24,-15,22,-15,24,-17,24,-14,23,-10,26,-14,24,-11,29,-13,24,-10,26,-11,28,-9,27,-11,28,-11,30,-8,27,-7,29,-9,27,-9,29,-8,28,-7,29,-8,29,-7,29,-9,26,-9,26,-9,24,-9,26,-11,24,-7,24,-9,24,-8,22,-10,22,-7,20,-8,20,-9,17,-9,20,-9,17,-10,15,-11,16,-11,14,0,0,0,0,0,0,0,0,0,0]"""
1782031939112,2026-06-21T17:52:19.112,safe,posture,mhw,standing_still,t017,"CSI_DATA,535698,1a:00:00:00:00:00,-44,11,-99,15,29,11,524893694,47,2,256,0,""[0,0,0,0,0,0,0,0,0,0,0,0,-2,7,-2,3,-3,7,-3,5,-4,5,-5,7,-5,7,-4,9,-5,8,-5,9,-5,10,-7,8,-8,9,-8,9,-7,8,-13,10,-11,10,-11,10,-11,10,-11,7,-14,8,-13,9,-15,11,-14,13,-15,11,-15,11,-16,10,-16,10,-19,10,-17,10,-17,8,-17,10,-19,13,-19,10,-17,10,-19,11,-19,11,-20,11,-21,11,-20,13,-19,14,-22,13,-22,10,-21,15,-19,13,-21,17,-23,13,-21,17,-23,15,-23,17,-26,17,-24,15,-26,13,-29,16,-29,16,-28,15,-30,17,0,0,0,0,0,0,13,30,15,32,14,29,13,32,14,32,10,30,11,34,9,30,11,32,10,32,8,32,13,29,9,30,13,29,10,28,11,27,14,30,11,28,10,26,9,32,11,28,11,28,10,27,8,27,11,28,8,26,13,28,13,27,10,27,13,27,9,27,10,26,5,32,9,29,9,29,5,28,8,30,4,29,5,29,1,28,3,27,2,28,0,28,0,28,0,23,-4,26,-5,23,-2,24,-7,21,-7,24,-7,21,-7,21,-9,17,-8,17,-10,16,-10,15,-11,14,0,0,0,0,0,0,0,0,0,0]"""
1782031939124,2026-06-21T17:52:19.124,safe,posture,mhw,standing_still,t017,"CSI_DATA,535699,1a:00:00:00:00:00,-44,11,-99,15,29,11,524904694,47,2,256,0,""[0,0,0,0,0,0,0,0,0,0,0,0,5,2,5,2,7,1,8,3,8,2,7,2,8,3,9,3,10,5,10,1,10,3,11,3,13,3,13,5,13,4,13,5,15,5,15,4,14,7,17,4,17,4,15,8,15,5,16,5,16,8,16,4,17,4,19,5,19,8,20,4,19,5,21,7,21,4,21,4,23,4,21,4,22,2,23,2,22,1,23,-1,23,0,24,0,26,0,24,-3,26,-1,28,-4,27,-2,26,-2,27,-3,28,-5,32,-5,29,-7,32,-5,33,-4,32,-7,33,-7,32,-9,0,0,0,0,0,0,-8,-33,-8,-30,-9,-32,-10,-32,-9,-32,-10,-33,-10,-32,-9,-33,-11,-32,-10,-30,-11,-30,-14,-29,-10,-27,-13,-26,-14,-27,-14,-26,-15,-26,-17,-24,-16,-23,-16,-24,-16,-23,-19,-23,-19,-22,-17,-23,-19,-22,-17,-21,-19,-22,-23,-20,-20,-20,-21,-20,-22,-19,-20,-20,-21,-22,-21,-20,-21,-19,-23,-21,-22,-21,-22,-21,-20,-21,-19,-22,-17,-22,-21,-21,-17,-21,-17,-21,-17,-19,-15,-20,-13,-21,-15,-17,-11,-21,-13,-20,-10,-19,-10,-19,-7,-17,-8,-17,-5,-20,-7,-16,-4,-16,0,0,0,0,0,0,0,0,0,0]"""
1782031939135,2026-06-21T17:52:19.135,safe,posture,mhw,standing_still,t017,"CSI_DATA,535700,1a:00:00:00:00:00,-44,11,-99,20,28,11,524915694,47,2,256,0,""[0,0,0,0,0,0,0,0,0,0,0,0,-5,-4,-4,-4,-4,-5,-2,-5,-4,-6,-5,-6,-4,-5,-6,-6,-8,-9,-6,-10,-5,-10,-5,-10,-6,-9,-8,-10,-5,-11,-9,-13,-8,-11,-8,-15,-6,-12,-8,-11,-6,-11,-10,-16,-9,-17,-8,-16,-8,-16,-9,-16,-10,-18,-8,-17,-10,-17,-10,-15,-12,-16,-10,-15,-13,-16,-13,-16,-16,-16,-16,-15,-13,-18,-13,-18,-16,-16,-17,-17,-17,-15,-20,-17,-17,-16,-23,-17,-17,-12,-21,-15,-23,-16,-24,-12,-26,-13,-25,-17,-24,-18,-25,-18,-24,-18,-28,-19,-26,-18,-25,-17,-28,-15,0,0,0,0,0,0,-18,28,-19,33,-13,26,-16,28,-20,32,-17,25,-18,30,-15,25,-17,30,-12,24,-11,26,-12,27,-11,32,-12,31,-12,25,-12,27,-11,28,-10,28,-9,26,-8,31,-5,26,-10,30,-4,23,-3,28,-5,28,-3,31,-4,32,-5,30,-4,30,-4,31,-5,31,-2,28,-4,33,-3,28,-4,30,-3,25,-2,30,-3,28,-2,28,-4,30,-5,28,-9,26,-9,25,-10,27,-9,24,-8,27,-9,21,-10,24,-6,19,-9,21,-9,20,-9,20,-11,18,-12,19,-11,13,-12,13,-12,11,0,0,0,0,0,0,0,0,0,0]"""
1782031939144,2026-06-21T17:52:19.144,safe,posture,mhw,standing_still,t017,"CSI_DATA,535701,1a:00:00:00:00:00,-44,11,-99,15,29,11,524926694,47,2,256,0,""[0,0,0,0,0,0,0,0,0,0,0,0,-2,7,-2,4,-2,7,-1,7,-2,7,-3,8,-1,8,-2,10,-4,9,-2,11,-2,10,-3,11,-4,11,-2,13,-4,10,-9,14,-3,13,-5,15,-5,13,-5,14,-7,17,-8,15,-7,19,-7,15,-7,16,-8,17,-10,19,-7,15,-10,20,-7,16,-9,20,-7,17,-8,20,-8,19,-4,21,-7,21,-7,22,-5,21,-5,22,-5,26,-3,22,-8,26,-8,22,-3,27,-3,20,-2,27,-3,26,1,28,-3,29,-3,30,-3,28,-4,32,-3,30,-3,34,-3,33,-2,28,-1,35,0,0,0,0,0,0,32,4,38,4,28,1,33,3,40,3,28,5,38,3,30,3,35,4,29,1,30,2,33,1,30,1,35,-1,29,0,29,-2,32,-2,30,-1,27,-1,34,-2,27,-3,30,-3,22,-3,26,-4,29,-5,28,-5,30,-8,27,-7,28,-5,28,-8,29,-7,28,-7,34,-4,27,-4,30,-4,24,-3,30,-8,28,-2,29,-5,30,-3,30,-3,26,0,30,-1,30,0,24,-1,28,3,23,4,24,1,17,3,24,3,21,4,21,3,20,7,20,7,17,5,15,8,15,8,0,0,0,0,0,0,0,0,0,0]"""
1782031939157,2026-06-21T17:52:19.157,safe,posture,mhw,standing_still,t017,"CSI_DATA,535702,1a:00:00:00:00:00,-44,11,-99,15,29,11,524937694,47,2,256,0,""[0,0,0,0,0,0,0,0,0,0,0,0,4,-5,3,-5,5,-5,5,-4,5,-5,5,-5,5,-5,7,-7,5,-5,7,-8,8,-8,8,-8,9,-9,10,-9,10,-8,14,-10,11,-10,14,-9,11,-8,10,-7,15,-9,13,-8,15,-13,15,-11,15,-10,16,-10,17,-10,14,-11,20,-10,15,-10,16,-11,15,-8,15,-13,17,-10,16,-15,17,-15,19,-15,17,-11,19,-14,19,-17,15,-17,21,-16,20,-14,16,-19,15,-14,17,-21,19,-17,15,-23,20,-22,19,-24,19,-20,19,-23,21,-22,22,-26,23,-23,20,-23,23,-27,0,0,0,0,0,0,-27,-24,-27,-27,-22,-20,-24,-22,-27,-27,-20,-22,-24,-26,-20,-22,-23,-26,-22,-20,-21,-20,-26,-20,-22,-21,-27,-19,-21,-20,-22,-17,-24,-19,-22,-19,-22,-16,-24,-20,-22,-16,-24,-17,-21,-13,-23,-13,-26,-15,-24,-16,-28,-15,-23,-14,-23,-17,-27,-13,-28,-16,-24,-13,-26,-20,-22,-16,-23,-15,-20,-15,-28,-15,-22,-16,-24,-14,-22,-19,-22,-20,-19,-19,-19,-20,-20,-22,-19,-19,-15,-22,-11,-21,-15,-17,-10,-16,-14,-20,-10,-17,-13,-17,-9,-19,-8,-20,-4,-17,-4,-16,-3,-19,0,0,0,0,0,0,0,0,0,0]"""
1782031939166,2026-06-21T17:52:19.166,safe,posture,mhw,standing_still,t017,"CSI_DATA,535703,1a:00:00:00:00:00,-44,11,-99,18,29,11,524948694,47,2,256,0,""[0,0,0,0,0,0,0,0,0,0,0,0,4,3,5,5,5,3,6,5,6,4,7,6,7,6,6,5,6,7,5,6,7,7,8,9,8,8,8,8,9,11,8,7,9,10,10,11,10,14,9,15,6,15,10,14,6,14,13,16,11,15,10,14,9,14,10,19,9,11,13,16,9,15,15,21,9,19,11,17,11,18,10,17,10,16,16,17,14,16,14,16,15,19,17,13,20,17,17,19,22,25,13,20,19,21,16,22,18,18,19,20,26,21,21,18,22,23,22,22,25,19,25,23,23,22,0,0,0,0,0,0,29,-21,23,-17,30,-27,28,-18,20,-18,29,-21,21,-17,29,-22,21,-18,29,-21,27,-17,23,-14,23,-20,21,-15,25,-19,21,-20,22,-21,19,-19,25,-19,16,-18,21,-23,18,-17,23,-23,22,-19,21,-17,19,-20,18,-16,19,-22,20,-22,19,-19,20,-18,25,-20,15,-19,19,-22,20,-19,28,-23,25,-17,21,-18,26,-15,22,-13,20,-14,23,-17,23,-15,20,-14,26,-10,19,-11,22,-11,22,-7,28,-7,20,-4,21,-4,20,0,19,-4,17,1,19,-2,18,0,18,2,0,0,0,0,0,0,0,0,0,0]"""
1782031939179,2026-06-21T17:52:19.179,safe,posture,mhw,standing_still,t017,"CSI_DATA,535704,1a:00:00:00:00:00,-44,11,-99,16,29,11,524959694,47,2,256,0,""[0,0,0,0,0,0,0,0,0,0,0,0,4,-3,3,-3,5,-4,5,-4,8,-5,5,-4,6,-5,8,-5,9,-6,9,-6,10,-5,10,-6,9,-6,11,-6,12,-6,12,-8,11,-5,16,-5,13,-4,15,-5,16,-3,17,-9,19,-6,16,-3,19,-4,17,-6,19,-4,18,-5,20,-5,17,-5,18,-4,18,-6,18,-6,18,-5,19,-6,21,-9,21,-6,20,-4,21,-8,23,-9,21,-8,24,-9,21,-6,25,-11,19,-9,23,-11,25,-10,25,-12,26,-12,28,-12,26,-9,30,-11,30,-10,31,-12,31,-10,28,-11,31,-11,0,0,0,0,0,0,-6,-32,-9,-36,-8,-28,-8,-33,-8,-38,-5,-31,-6,-33,-6,-30,-5,-33,-6,-27,-6,-27,-5,-30,-10,-31,-8,-32,-3,-27,-6,-28,-8,-28,-5,-30,-5,-28,-8,-30,-8,-26,-5,-31,-6,-23,-8,-25,-5,-27,-10,-28,-8,-30,-6,-26,-6,-30,-10,-27,-6,-28,-6,-28,-5,-31,-6,-27,-4,-31,-4,-26,-5,-28,-5,-27,-5,-28,-2,-30,0,-28,2,-25,1,-26,2,-28,4,-26,4,-27,6,-23,5,-24,5,-19,5,-20,9,-19,8,-18,8,-18,12,-19,11,-15,12,-13,13,-12,0,0,0,0,0,0,0,0,0,0]"""
1782031939188,2026-06-21T17:52:19.188,safe,posture,mhw,standing_still,t017,"CSI_DATA,535705,1a:00:00:00:00:00,-44,11,-99,17,29,11,524970694,47,2,256,0,""[0,0,0,0,0,0,0,0,0,0,0,0,-3,5,-4,5,-3,4,-4,5,-4,5,-6,7,-7,5,-7,7,-7,4,-8,6,-7,7,-8,6,-8,7,-11,7,-11,5,-11,6,-13,8,-12,7,-14,8,-16,5,-16,4,-14,5,-15,5,-17,6,-17,6,-17,6,-15,6,-17,5,-16,4,-19,5,-17,6,-22,5,-22,5,-20,4,-20,4,-20,5,-19,7,-22,8,-21,8,-20,7,-21,6,-21,8,-23,11,-23,11,-28,8,-25,5,-26,8,-28,8,-24,6,-26,10,-31,11,-28,8,-31,8,-33,6,-31,8,-31,7,-33,8,0,0,0,0,0,0,5,33,4,31,5,38,3,32,3,31,4,32,4,31,3,34,3,31,2,34,0,34,0,29,1,30,0,28,4,33,3,30,3,31,3,28,2,30,2,26,3,31,4,28,3,32,0,30,0,28,0,25,1,28,5,30,3,29,3,29,1,26,2,30,1,26,2,29,0,29,-3,34,-4,30,-3,29,-5,29,-7,25,-6,26,-6,30,-10,28,-6,22,-10,24,-8,22,-12,22,-11,21,-15,22,-15,16,-14,16,-14,14,-13,11,-14,12,-15,13,-13,10,-15,7,0,0,0,0,0,0,0,0,0,0]"""
1782031939198,2026-06-21T17:52:19.198,safe,posture,mhw,standing_still,t017,"CSI_DATA,535706,1a:00:00:00:00:00,-44,11,-99,15,29,11,524981694,47,2,256,0,""[0,0,0,0,0,0,0,0,0,0,0,0,3,4,3,4,5,4,3,5,5,5,3,7,5,7,5,8,4,9,5,9,4,9,4,10,5,10,3,15,5,10,3,16,4,13,3,15,4,14,3,16,4,19,3,16,4,17,2,17,1,20,1,20,0,20,0,17,0,22,1,20,-1,21,1,16,1,21,0,21,1,22,2,23,0,23,-1,22,-1,24,0,26,1,22,-1,26,-2,23,1,26,1,19,1,28,1,26,2,27,1,30,1,32,-2,27,-3,33,-2,30,-1,33,-4,32,-4,30,-2,33,0,0,0,0,0,0,32,8,35,10,29,8,32,10,38,11,28,10,34,13,29,10,33,14,26,10,27,8,30,11,32,9,32,10,27,11,28,11,29,10,29,11,23,10,32,13,26,8,28,13,22,8,23,10,27,9,27,10,32,13,24,13,27,13,28,11,27,14,24,13,28,16,24,15,24,15,21,15,24,15,24,17,24,16,23,20,23,21,19,20,19,22,17,22,16,21,14,23,9,21,13,22,8,19,9,22,7,21,9,20,4,20,3,21,-1,20,-1,19,-2,19,0,0,0,0,0,0,0,0,0,0]"""
1782031939210,2026-06-21T17:52:19.210,safe,posture,mhw,standing_still,t017,"CSI_DATA,535707,1a:00:00:00:00:00,-44,11,-99,15,29,11,524992694,47,2,256,0,""[0,0,0,0,0,0,0,0,0,0,0,0,2,-5,2,-5,2,-5,2,-7,1,-7,2,-9,3,-9,2,-9,3,-9,4,-9,4,-9,3,-10,3,-11,5,-11,5,-13,4,-13,7,-14,3,-14,8,-15,8,-17,7,-16,9,-13,8,-15,7,-17,8,-17,8,-17,8,-16,8,-17,8,-15,8,-19,7,-16,8,-23,8,-20,8,-19,7,-20,7,-19,4,-20,3,-24,5,-21,3,-20,3,-22,4,-22,2,-27,1,-26,4,-28,3,-26,2,-27,2,-28,1,-24,1,-28,-1,-33,-1,-29,1,-32,2,-32,-1,-33,1,-34,-1,-32,0,0,0,0,0,0,-33,0,-30,1,-39,3,-33,2,-28,0,-34,0,-30,2,-35,2,-29,2,-38,0,-32,1,-30,2,-28,2,-29,2,-32,4,-29,5,-29,5,-28,7,-27,5,-27,4,-29,10,-26,9,-30,9,-28,8,-28,10,-27,7,-26,9,-26,13,-28,11,-26,10,-27,9,-27,13,-27,10,-27,13,-26,11,-33,11,-29,10,-28,10,-28,9,-27,5,-24,7,-29,9,-27,7,-24,7,-26,8,-24,4,-26,4,-23,4,-27,1,-23,1,-22,2,-20,-1,-19,-1,-21,-2,-19,-2,-16,-3,-17,-3,0,0,0,0,0,0,0,0,0,0]"""
1782031939222,2026-06-21T17:52:19.222,safe,posture,mhw,standing_still,t017,"CSI_DATA,535708,1a:00:00:00:00:00,-44,11,-99,15,29,11,525003694,47,2,256,0,""[0,0,0,0,0,0,0,0,0,0,0,0,-3,-4,-3,-5,-4,-5,-3,-5,-5,-5,-4,-5,-5,-5,-7,-5,-7,-8,-5,-8,-5,-8,-8,-9,-8,-9,-10,-8,-10,-9,-13,-10,-13,-9,-11,-9,-10,-7,-13,-11,-15,-11,-14,-10,-14,-11,-13,-9,-14,-11,-15,-11,-16,-11,-16,-11,-19,-8,-17,-5,-19,-9,-20,-5,-19,-5,-20,-4,-22,-4,-21,-2,-20,-3,-21,-5,-22,-2,-23,-1,-22,0,-24,2,-23,2,-27,2,-24,5,-26,7,-24,8,-26,10,-27,11,-28,10,-27,9,-29,13,-30,13,-30,13,-28,15,-28,16,-27,20,0,0,0,0,0,0,19,29,22,32,20,23,21,26,22,29,21,26,24,24,23,22,23,23,22,19,24,19,23,21,28,16,27,16,22,17,28,16,27,11,26,13,27,14,30,8,28,7,29,8,24,3,28,3,27,5,29,1,30,2,29,3,30,3,28,0,29,2,30,-2,32,-3,28,-3,30,-2,29,-3,28,-4,29,-4,30,-4,29,-8,30,-2,28,-3,28,-3,27,-3,26,-2,24,-4,24,-3,24,-1,22,-2,21,-4,21,-2,22,-2,22,-2,21,0,17,1,19,1,19,3,0,0,0,0,0,0,0,0,0,0]"""
1782031939233,2026-06-21T17:52:19.233,safe,posture,mhw,standing_still,t017,"CSI_DATA,535709,1a:00:00:00:00:00,-44,11,-99,15,29,11,525015131,47,2,256,0,""[0,0,0,0,0,0,0,0,0,0,0,0,4,4,3,5,4,7,4,5,3,8,4,7,7,5,5,8,8,8,5,9,4,9,4,10,5,10,5,13,7,11,8,13,7,13,5,15,5,14,5,14,4,16,8,16,7,19,4,19,7,17,5,16,4,17,5,20,7,19,8,19,4,20,7,20,7,20,9,19,10,19,10,21,10,20,8,21,9,21,11,22,10,22,11,21,13,21,11,24,13,22,15,21,15,21,19,22,17,23,17,23,15,24,16,27,17,28,16,24,15,27,19,27,19,28,0,0,0,0,0,0,32,-17,32,-15,29,-14,29,-15,29,-17,30,-13,29,-15,29,-14,29,-11,26,-14,24,-15,26,-13,27,-19,26,-16,27,-14,26,-15,23,-16,27,-16,26,-15,23,-16,21,-16,23,-16,21,-16,22,-17,22,-17,22,-21,22,-17,22,-16,23,-19,22,-17,26,-16,26,-17,22,-17,23,-17,26,-15,24,-17,22,-17,23,-17,22,-16,26,-17,24,-15,24,-11,26,-13,26,-10,26,-10,24,-10,23,-7,24,-5,21,-3,21,-4,21,-3,21,-3,22,-4,22,0,17,1,19,3,19,5,0,0,0,0,0,0,0,0,0,0]"""
1782031939244,2026-06-21T17:52:19.244,safe,posture,mhw,standing_still,t017,"CSI_DATA,535710,1a:00:00:00:00:00,-44,11,-99,15,29,11,525025694,47,2,256,0,""[0,0,0,0,0,0,0,0,0,0,0,0,5,-2,4,-2,7,-3,7,-4,8,-3,4,-4,5,-3,8,-5,10,-5,9,-5,9,-7,10,-5,10,-8,9,-5,11,-5,14,-8,10,-7,16,-7,13,-7,9,-7,10,-8,16,-11,15,-10,15,-9,16,-10,15,-11,17,-11,15,-11,17,-11,13,-10,16,-13,13,-13,14,-16,11,-15,11,-19,14,-19,13,-17,11,-17,11,-20,13,-21,10,-20,10,-23,10,-20,9,-24,7,-19,7,-24,8,-26,3,-27,5,-29,4,-29,5,-28,8,-30,4,-33,4,-34,7,-32,3,-30,-1,-33,0,0,0,0,0,0,-35,-1,-40,-2,-29,1,-35,0,-39,1,-29,0,-35,2,-29,2,-35,2,-27,3,-29,4,-30,7,-32,8,-33,10,-27,7,-29,9,-27,11,-28,10,-26,11,-29,13,-22,13,-27,14,-20,13,-22,14,-23,17,-23,20,-24,21,-22,16,-22,19,-21,22,-23,21,-20,21,-26,21,-20,17,-20,22,-17,16,-19,23,-20,21,-16,24,-21,23,-21,22,-20,17,-21,20,-21,21,-19,19,-21,17,-19,13,-20,17,-14,13,-17,15,-16,14,-15,15,-17,11,-16,14,-15,8,-16,8,-15,8,0,0,0,0,0,0,0,0,0,0]"""
1782031939254,2026-06-21T17:52:19.254,safe,posture,mhw,standing_still,t017,"CSI_DATA,535711,1a:00:00:00:00:00,-44,11,-99,15,29,11,525036694,47,2,256,0,""[0,0,0,0,0,0,0,0,0,0,0,0,-5,-2,-5,0,-8,-1,-5,-1,-9,-3,-7,-2,-8,-1,-10,-1,-8,-1,-9,-1,-11,-2,-10,-2,-13,-2,-13,-2,-11,-3,-15,-3,-14,-3,-16,-2,-13,-3,-16,-2,-17,1,-16,-4,-19,-1,-17,-2,-17,-2,-19,-2,-17,-3,-17,-1,-20,-3,-17,-1,-22,0,-19,-1,-22,1,-21,1,-22,2,-21,1,-23,2,-22,3,-23,3,-22,5,-21,5,-24,7,-23,7,-24,9,-21,7,-27,13,-26,9,-23,11,-24,13,-27,14,-26,15,-24,13,-24,13,-30,17,-28,16,-26,15,-28,20,0,0,0,0,0,0,19,26,21,29,21,24,20,27,22,28,20,24,22,26,20,23,23,24,21,24,21,22,23,21,22,21,26,20,23,17,22,16,26,15,26,16,24,13,26,19,24,14,28,13,24,11,27,11,28,10,24,10,28,10,28,8,27,9,32,8,29,5,28,4,32,10,28,7,28,4,27,7,29,4,28,9,29,5,28,9,27,8,27,9,26,10,28,8,26,5,26,11,22,10,24,9,20,8,23,9,19,10,20,9,17,9,21,9,15,10,13,10,13,11,0,0,0,0,0,0,0,0,0,0]"""
1782031939266,2026-06-21T17:52:19.266,safe,posture,mhw,standing_still,t017,"CSI_DATA,535712,1a:00:00:00:00:00,-44,11,-99,15,29,11,525047694,47,2,256,0,""[0,0,0,0,0,0,0,0,0,0,0,0,5,2,4,2,7,3,7,2,8,4,5,2,7,3,8,3,10,3,10,4,9,4,11,4,11,3,13,4,10,7,14,7,13,5,14,9,11,7,13,3,13,8,17,7,15,9,16,8,16,9,17,7,17,8,17,7,21,8,17,5,20,8,16,4,20,4,20,4,21,4,22,3,23,5,22,4,22,2,24,1,23,0,28,1,23,1,26,-1,21,0,24,-3,26,-1,27,-3,29,-7,30,-4,27,-4,30,-4,30,-7,33,-5,33,-4,32,-7,34,-8,0,0,0,0,0,0,-7,-34,-9,-35,-7,-28,-8,-33,-9,-38,-4,-29,-10,-34,-8,-28,-8,-33,-8,-26,-11,-28,-11,-29,-13,-29,-14,-29,-9,-27,-11,-28,-15,-26,-15,-26,-14,-24,-19,-26,-16,-21,-17,-26,-15,-19,-19,-20,-17,-22,-21,-22,-20,-24,-16,-20,-20,-22,-21,-19,-21,-22,-21,-20,-24,-23,-20,-19,-22,-21,-19,-16,-22,-20,-20,-20,-23,-20,-21,-20,-19,-21,-16,-21,-17,-22,-19,-22,-15,-21,-17,-21,-11,-20,-16,-21,-11,-16,-14,-16,-10,-19,-11,-17,-10,-17,-10,-20,-5,-17,-3,-17,-5,-17,0,0,0,0,0,0,0,0,0,0]"""
1782031939277,2026-06-21T17:52:19.277,safe,posture,mhw,standing_still,t017,"CSI_DATA,535713,1a:00:00:00:00:00,-44,11,-99,16,29,11,525058694,47,2,256,0,""[0,0,0,0,0,0,0,0,0,0,0,0,0,-6,2,-6,1,-8,1,-4,2,-8,2,-6,1,-8,2,-10,3,-8,2,-10,2,-11,2,-11,1,-11,4,-13,4,-11,4,-16,3,-13,5,-15,5,-15,3,-15,3,-16,5,-16,6,-19,6,-16,6,-17,6,-18,6,-17,4,-17,8,-20,4,-17,4,-19,5,-17,4,-20,4,-18,3,-20,3,-20,3,-20,3,-24,3,-23,1,-24,0,-21,1,-26,2,-24,-1,-25,-1,-21,-3,-27,-1,-27,-6,-26,-3,-30,-3,-28,-3,-27,-3,-28,-3,-30,-3,-32,-4,-32,-6,-31,-8,-32,0,0,0,0,0,0,-33,8,-34,8,-30,6,-34,8,-35,8,-30,3,-35,8,-31,8,-33,8,-30,5,-28,9,-31,10,-27,9,-28,12,-28,10,-26,11,-27,12,-26,12,-24,10,-28,12,-23,13,-26,13,-21,13,-24,16,-26,16,-23,13,-26,19,-23,17,-23,17,-24,19,-25,17,-20,18,-27,19,-21,16,-21,17,-21,15,-24,20,-24,17,-21,19,-24,15,-25,16,-24,13,-24,12,-25,12,-23,12,-26,10,-21,9,-21,12,-19,8,-23,10,-20,5,-20,9,-19,3,-20,5,-17,1,-16,1,-17,0,0,0,0,0,0,0,0,0,0,0]"""
1782031939288,2026-06-21T17:52:19.288,safe,posture,mhw,standing_still,t017,"CSI_DATA,535714,1a:00:00:00:00:00,-44,11,-99,15,29,11,525069694,47,2,256,0,""[0,0,0,0,0,0,0,0,0,0,0,0,-2,3,-2,7,-2,4,-2,7,-2,5,-4,8,-3,8,-5,8,-2,7,-3,8,-3,11,-2,11,-1,10,-2,13,-2,13,-3,11,-2,15,-3,13,-5,16,-2,17,-1,14,-2,17,-3,15,-2,19,-1,19,0,19,1,17,0,21,1,17,2,21,2,20,3,24,2,21,4,21,2,21,5,21,5,17,11,21,9,20,10,16,14,21,14,15,17,20,17,17,20,22,15,19,17,19,19,22,20,15,22,17,28,15,26,14,27,19,24,17,32,13,32,15,28,16,0,0,0,0,0,0,11,-30,9,-28,10,-38,10,-32,8,-26,7,-33,4,-28,5,-38,2,-29,7,-34,2,-34,3,-29,1,-29,0,-27,-4,-32,-4,-29,-8,-30,-7,-26,-5,-29,-9,-22,-14,-28,-11,-26,-14,-29,-11,-27,-11,-24,-14,-24,-13,-22,-20,-22,-19,-23,-19,-20,-16,-21,-19,-23,-19,-16,-23,-20,-21,-20,-27,-26,-20,-24,-21,-19,-19,-23,-19,-19,-20,-17,-23,-16,-22,-19,-20,-15,-19,-16,-20,-14,-22,-16,-17,-15,-20,-20,-14,-16,-15,-16,-14,-15,-13,-15,-13,-15,-13,-15,-10,-13,-10,-14,0,0,0,0,0,0,0,0,0,0]"""
1782031939300,2026-06-21T17:52:19.300,safe,posture,mhw,standing_still,t017,"CSI_DATA,535715,1a:00:00:00:00:00,-44,11,-99,16,29,11,525080694,47,2,256,0,""[0,0,0,0,0,0,0,0,0,0,0,0,5,-3,5,-3,5,-4,5,-4,8,-3,8,-3,9,-3,8,-3,9,-2,10,-4,10,-4,12,-3,11,-4,11,-3,12,-3,15,-3,15,-4,15,-4,15,-4,15,-4,17,-1,15,-2,18,-3,19,-4,18,-3,18,-3,19,-3,17,-3,19,-2,20,-3,19,-4,19,-4,21,-6,20,-4,20,-6,20,-5,20,-8,21,-6,23,-5,20,-6,20,-10,25,-8,24,-9,21,-12,24,-9,25,-13,25,-11,24,-13,25,-11,24,-13,26,-12,26,-12,27,-13,28,-13,30,-13,27,-12,28,-17,0,0,0,0,0,0,-15,-30,-15,-31,-16,-31,-15,-31,-16,-30,-16,-27,-13,-31,-15,-31,-15,-28,-13,-31,-16,-27,-15,-28,-12,-26,-16,-26,-16,-26,-15,-24,-17,-25,-15,-25,-13,-23,-15,-25,-17,-23,-18,-24,-16,-23,-17,-24,-20,-21,-15,-20,-17,-23,-20,-20,-18,-21,-19,-21,-17,-24,-19,-20,-17,-25,-17,-23,-18,-21,-17,-25,-19,-24,-16,-25,-18,-25,-13,-25,-13,-24,-13,-26,-11,-26,-11,-25,-9,-24,-11,-25,-8,-23,-9,-21,-5,-23,-6,-21,-4,-23,-4,-19,-2,-20,-2,-19,-1,-19,1,-17,2,-18,0,0,0,0,0,0,0,0,0,0]"""
1782031939309,2026-06-21T17:52:19.309,safe,posture,mhw,standing_still,t017,"CSI_DATA,535716,1a:00:00:00:00:00,-44,11,-99,15,29,11,525091694,47,2,256,0,""[0,0,0,0,0,0,0,0,0,0,0,0,-5,-3,-5,-4,-5,-2,-5,-4,-5,-4,-5,-3,-7,-4,-8,-4,-10,-5,-9,-3,-11,-5,-10,-7,-11,-5,-11,-5,-13,-7,-13,-5,-15,-4,-14,-7,-14,-7,-14,-8,-15,-10,-16,-4,-15,-7,-17,-5,-17,-7,-17,-7,-17,-7,-20,-9,-19,-3,-20,-3,-19,-4,-20,-4,-20,-2,-21,-2,-21,-1,-23,0,-21,0,-21,0,-22,3,-23,3,-26,1,-20,7,-24,8,-24,7,-26,8,-23,5,-23,11,-26,9,-24,13,-26,15,-26,15,-24,16,-30,15,-26,17,-26,20,-28,19,-28,21,0,0,0,0,0,0,21,29,20,27,23,27,21,26,22,24,22,27,23,21,24,24,20,22,22,20,22,19,21,21,28,19,22,17,23,17,27,14,27,13,26,13,28,16,27,9,28,7,28,13,27,8,27,7,27,8,30,4,27,7,27,3,30,3,28,2,28,3,32,3,29,-2,29,-2,29,2,33,2,27,2,29,-1,29,2,28,0,28,0,28,-1,27,0,27,0,27,2,24,-1,26,0,24,3,24,3,21,3,22,2,21,2,23,3,19,3,19,5,19,3,17,7,0,0,0,0,0,0,0,0,0,0]"""
1782031939321,2026-06-21T17:52:19.321,safe,posture,mhw,standing_still,t017,"CSI_DATA,535717,1a:00:00:00:00:00,-44,11,-99,16,29,11,525102694,47,2,256,0,""[0,0,0,0,0,0,0,0,0,0,0,0,-4,4,-4,3,-5,6,-5,4,-6,5,-5,4,-4,5,-6,6,-8,8,-6,8,-6,8,-8,8,-6,8,-10,9,-10,8,-11,11,-8,11,-11,12,-10,10,-9,9,-12,10,-10,13,-12,13,-12,13,-12,13,-12,15,-15,15,-10,16,-12,17,-10,15,-11,16,-8,15,-8,18,-8,19,-6,20,-9,21,-9,21,-6,20,-8,23,-6,25,-5,23,-5,28,-6,25,-3,23,-1,20,-1,26,0,26,2,27,0,30,0,31,-1,27,1,32,2,31,2,34,1,32,4,30,6,33,0,0,0,0,0,0,34,-6,39,-3,28,-5,31,-5,39,-9,30,-5,34,-8,30,-6,31,-9,26,-8,26,-11,27,-11,30,-16,30,-15,25,-9,26,-12,27,-16,27,-16,24,-13,26,-18,19,-17,24,-18,17,-13,18,-19,20,-20,19,-23,21,-25,18,-20,21,-21,19,-25,20,-24,16,-24,20,-25,17,-23,17,-24,15,-20,13,-25,17,-24,15,-25,17,-25,17,-24,16,-20,18,-23,19,-21,17,-20,18,-19,16,-17,15,-19,12,-12,15,-17,13,-16,12,-17,16,-16,15,-15,16,-10,16,-9,15,-8,0,0,0,0,0,0,0,0,0,0]"""
1782031939332,2026-06-21T17:52:19.332,safe,posture,mhw,standing_still,t017,"CSI_DATA,535718,1a:00:00:00:00:00,-44,11,-99,15,29,11,525113843,47,2,256,0,""[0,0,0,0,0,0,0,0,0,0,0,0,5,-3,7,-3,4,-3,7,-3,4,-4,7,-4,7,-4,7,-4,9,-5,7,-5,10,-5,9,-7,10,-8,10,-7,14,-7,11,-8,11,-9,11,-7,11,-8,13,-11,13,-9,14,-13,14,-10,14,-9,15,-11,15,-11,16,-10,17,-13,14,-11,14,-14,15,-11,14,-16,14,-14,11,-16,13,-16,13,-19,10,-16,14,-17,14,-17,13,-20,14,-20,10,-21,10,-23,10,-22,10,-24,8,-23,5,-24,8,-26,5,-28,8,-27,7,-28,8,-30,9,-33,7,-28,9,-33,5,-34,7,-32,0,0,0,0,0,0,-34,-8,-33,-9,-35,-2,-34,-5,-32,-4,-32,-8,-32,-3,-36,-2,-29,-4,-33,-2,-32,0,-30,-1,-32,2,-29,1,-29,-2,-30,2,-29,5,-29,2,-32,2,-26,7,-29,8,-27,5,-26,9,-27,9,-28,8,-27,11,-27,9,-26,10,-26,11,-28,11,-26,10,-30,11,-23,14,-26,15,-28,11,-27,15,-24,14,-24,15,-26,14,-24,14,-24,11,-27,11,-26,13,-26,10,-27,9,-21,10,-26,8,-23,7,-24,5,-20,4,-21,7,-21,4,-21,7,-19,2,-19,1,-17,2,-17,0,0,0,0,0,0,0,0,0,0,0]"""
1782031939341,2026-06-21T17:52:19.341,safe,posture,mhw,standing_still,t017,"CSI_DATA,535719,1a:00:00:00:00:00,-44,11,-99,15,29,11,525124694,47,2,256,0,""[0,0,0,0,0,0,0,0,0,0,0,0,2,4,3,5,2,4,3,8,2,7,4,7,3,8,3,7,3,10,3,8,3,10,2,10,2,13,4,11,2,14,2,13,2,16,1,15,1,20,-1,16,-2,11,1,17,-3,16,-1,19,-1,20,0,19,-2,17,-4,23,-1,16,-2,21,-3,19,-3,23,-5,20,-2,20,-3,22,-4,21,-2,21,-2,22,0,22,-2,22,-5,23,1,21,-1,26,-4,24,-3,29,-7,23,-2,27,-5,27,-3,28,-4,29,-3,30,-3,30,-7,35,-7,28,-3,33,-7,34,-5,33,0,0,0,0,0,0,34,13,28,13,35,14,29,13,26,11,33,16,24,10,32,15,24,11,30,16,29,15,23,15,30,14,22,15,28,15,27,13,28,13,24,11,28,19,22,9,27,13,22,13,27,13,24,15,22,15,26,15,22,13,26,13,27,15,26,13,23,15,26,20,21,13,27,16,22,16,30,22,21,20,23,19,20,23,19,21,16,20,19,22,17,21,15,20,13,24,11,17,13,22,9,21,8,26,4,21,5,23,1,20,3,20,2,17,-1,21,1,19,-2,17,0,0,0,0,0,0,0,0,0,0]"""
1782031939354,2026-06-21T17:52:19.354,safe,posture,mhw,standing_still,t017,"CSI_DATA,535720,1a:00:00:00:00:00,-44,11,-99,16,29,11,525135694,47,2,256,0,""[0,0,0,0,0,0,0,0,0,0,0,0,5,0,6,1,6,-1,8,1,6,0,8,1,9,1,8,2,11,0,8,3,11,1,13,2,11,1,12,3,13,3,13,1,15,3,12,3,16,4,16,1,13,4,18,5,13,4,17,4,18,3,18,3,19,5,20,6,17,3,20,1,18,3,20,3,20,4,20,3,21,3,21,2,20,0,21,-1,20,0,23,0,24,0,21,-5,25,-4,24,-1,28,-2,24,-1,28,-4,27,2,26,-4,26,-4,27,-10,30,-9,33,-8,30,-5,31,-12,33,-8,30,-8,0,0,0,0,0,0,-8,-36,-6,-32,-10,-35,-6,-34,-5,-28,-8,-34,-9,-28,-10,-34,-5,-28,-8,-32,-8,-31,-4,-30,-11,-28,-8,-27,-10,-27,-12,-27,-13,-26,-11,-27,-10,-31,-13,-21,-16,-24,-12,-25,-15,-25,-15,-24,-12,-24,-17,-25,-13,-24,-16,-21,-17,-24,-17,-24,-16,-21,-18,-28,-19,-18,-19,-21,-15,-24,-21,-26,-15,-25,-16,-24,-13,-27,-15,-24,-13,-23,-16,-25,-15,-23,-13,-21,-11,-26,-12,-20,-11,-23,-8,-23,-8,-25,-4,-20,-5,-21,-2,-19,-3,-19,-1,-18,-3,-20,-1,-16,0,-18,0,0,0,0,0,0,0,0,0,0]"""
1782031939365,2026-06-21T17:52:19.365,safe,posture,mhw,standing_still,t017,"CSI_DATA,535721,1a:00:00:00:00:00,-44,11,-99,15,29,11,525146694,47,2,256,0,""[0,0,0,0,0,0,0,0,0,0,0,0,3,5,2,4,4,9,3,5,3,7,4,7,4,5,5,8,5,8,7,8,7,7,7,8,8,9,9,9,8,10,10,13,10,10,11,13,10,10,11,8,13,9,13,11,13,11,11,11,14,11,15,11,15,11,14,10,16,11,15,13,16,11,17,8,19,7,20,9,20,4,20,7,23,7,21,5,22,4,24,2,22,2,27,1,24,1,27,-4,20,0,24,-7,27,-2,27,-8,28,-7,28,-7,28,-4,32,-8,29,-8,30,-10,30,-11,27,-11,30,-16,0,0,0,0,0,0,-15,-28,-16,-33,-15,-23,-16,-27,-21,-30,-16,-24,-21,-28,-20,-23,-22,-26,-19,-21,-21,-21,-24,-21,-24,-20,-24,-19,-23,-17,-24,-15,-28,-15,-26,-14,-23,-11,-28,-15,-24,-9,-28,-9,-22,-5,-28,-5,-28,-5,-28,-4,-33,-3,-27,-3,-30,-3,-29,1,-30,0,-28,2,-34,-2,-27,0,-29,2,-24,1,-32,3,-28,2,-28,5,-29,2,-29,3,-28,0,-27,1,-28,0,-26,3,-28,1,-23,0,-26,3,-19,1,-23,0,-22,2,-22,2,-20,-1,-21,0,-19,-2,-16,-1,-17,-2,0,0,0,0,0,0,0,0,0,0]"""
1782031939376,2026-06-21T17:52:19.376,safe,posture,mhw,standing_still,t017,"CSI_DATA,535722,1a:00:00:00:00:00,-44,11,-99,16,29,11,525157694,47,2,256,0,""[0,0,0,0,0,0,0,0,0,0,0,0,0,-5,1,-6,-1,-8,-1,-6,1,-8,0,-8,0,-8,-3,-10,-1,-9,-1,-10,-1,-10,-1,-11,-1,-11,0,-13,1,-12,0,-16,-2,-13,-2,-17,-2,-11,-2,-15,-2,-19,-5,-17,-4,-19,-3,-17,-3,-17,-4,-17,-2,-19,-5,-18,-8,-20,-5,-16,-6,-20,-8,-13,-11,-17,-10,-17,-12,-17,-15,-18,-16,-18,-11,-18,-16,-17,-18,-18,-16,-16,-19,-19,-17,-15,-21,-15,-16,-12,-20,-12,-23,-13,-24,-9,-28,-12,-28,-12,-24,-12,-27,-13,-28,-12,-31,-12,-28,-12,-27,-9,-33,-6,0,0,0,0,0,0,-5,31,-6,38,-4,28,-5,34,-3,38,-5,31,-4,36,-1,30,-2,34,0,28,1,27,1,31,4,33,6,33,2,28,5,28,5,30,6,28,6,26,10,33,10,24,12,28,12,20,13,24,15,24,18,25,18,26,15,24,17,25,20,21,19,25,20,21,20,26,17,21,20,21,16,19,23,18,21,20,21,19,21,21,20,21,17,19,19,21,20,23,17,19,18,19,12,18,17,20,11,13,15,17,13,16,17,15,12,18,11,18,9,15,9,17,8,16,0,0,0,0,0,0,0,0,0,0]"""
1782031939386,2026-06-21T17:52:19.386,safe,posture,mhw,standing_still,t017,"CSI_DATA,535723,1a:00:00:00:00:00,-44,11,-99,17,29,11,525168694,47,2,256,0,""[0,0,0,0,0,0,0,0,0,0,0,0,5,1,6,1,5,1,7,2,5,2,8,4,7,4,8,6,7,4,8,4,11,5,10,5,12,5,11,5,11,7,12,7,13,8,12,7,13,7,12,12,13,12,12,8,12,10,15,10,14,12,14,12,14,12,15,12,14,11,16,15,15,12,17,15,16,13,15,13,16,12,16,13,17,12,20,12,16,14,19,13,21,12,20,13,21,13,22,11,23,15,24,13,22,14,24,12,22,14,23,15,25,15,23,15,26,15,26,16,29,16,28,17,29,17,0,0,0,0,0,0,20,-29,20,-26,19,-31,21,-26,17,-24,20,-25,20,-24,22,-26,16,-25,21,-26,20,-25,19,-25,19,-23,16,-24,20,-25,16,-24,17,-26,16,-23,14,-23,16,-22,16,-26,14,-24,15,-26,15,-24,14,-25,14,-23,14,-23,14,-26,14,-24,14,-25,13,-23,14,-25,15,-22,17,-25,16,-24,19,-26,17,-25,19,-23,17,-23,20,-19,19,-19,21,-21,20,-19,19,-17,20,-17,20,-14,22,-14,19,-14,23,-11,21,-11,20,-7,19,-8,19,-5,17,-5,19,-3,16,-3,20,-2,0,0,0,0,0,0,0,0,0,0]"""
1782031939398,2026-06-21T17:52:19.398,safe,posture,mhw,standing_still,t017,"CSI_DATA,535724,1a:00:00:00:00:00,-44,11,-99,15,29,11,525179694,47,2,256,0,""[0,0,0,0,0,0,0,0,0,0,0,0,7,0,4,-1,8,-1,8,-1,8,-1,9,-1,9,-1,9,-2,8,0,10,-1,11,-1,10,-2,14,-1,13,-2,11,-2,16,-1,15,-2,16,-1,16,-1,15,-2,15,-4,16,-2,17,-3,16,-3,19,-3,17,-2,19,-3,17,-4,21,-4,19,-4,19,-5,19,-5,21,-8,17,-7,20,-9,20,-9,20,-9,21,-11,20,-11,20,-13,17,-14,21,-14,19,-13,19,-17,17,-14,17,-22,20,-19,17,-21,20,-20,21,-20,19,-22,20,-22,20,-23,21,-24,20,-26,20,-24,17,-28,0,0,0,0,0,0,-26,-17,-30,-19,-27,-16,-29,-15,-32,-17,-28,-14,-32,-16,-27,-15,-30,-14,-27,-14,-28,-11,-30,-10,-26,-9,-30,-9,-30,-9,-28,-8,-30,-5,-30,-4,-26,-2,-32,-5,-29,-2,-29,-2,-27,-1,-30,0,-32,2,-28,1,-28,3,-29,3,-29,2,-29,4,-29,4,-27,7,-32,2,-29,3,-27,5,-27,2,-30,7,-29,3,-29,5,-27,2,-28,3,-27,2,-28,0,-27,3,-26,3,-27,0,-24,-1,-26,4,-22,1,-24,1,-21,-1,-21,1,-20,-2,-20,-2,-21,-3,-16,-4,-16,-4,0,0,0,0,0,0,0,0,0,0]"""
1782031939408,2026-06-21T17:52:19.408,safe,posture,mhw,standing_still,t017,"CSI_DATA,535725,1a:00:00:00:00:00,-44,11,-99,15,29,11,525190694,47,2,256,0,""[0,0,0,0,0,0,0,0,0,0,0,0,-4,4,-4,4,-4,4,-5,5,-4,4,-7,7,-8,5,-5,5,-7,8,-7,5,-9,8,-7,9,-8,9,-7,10,-8,10,-10,9,-11,11,-9,10,-11,10,-14,13,-11,11,-11,11,-13,11,-13,15,-13,14,-13,15,-13,14,-13,14,-10,13,-14,16,-11,15,-14,20,-14,17,-13,15,-11,16,-11,16,-9,17,-9,22,-11,20,-7,17,-8,20,-4,22,-8,26,-7,24,-10,30,-9,26,-7,26,-9,26,-5,24,-5,28,-1,32,-2,28,-5,29,-7,34,0,34,-3,34,-4,34,0,0,0,0,0,0,34,4,32,1,36,1,35,2,29,1,35,1,29,-1,35,1,29,-2,38,0,34,0,28,-1,29,0,28,-2,33,-4,28,-7,29,-7,27,-7,29,-5,28,-7,28,-9,27,-10,30,-11,30,-9,26,-9,26,-9,24,-11,26,-17,24,-15,26,-14,23,-11,26,-14,23,-13,26,-15,24,-15,32,-17,28,-13,26,-13,28,-11,22,-9,26,-11,27,-16,24,-14,21,-11,22,-9,22,-10,24,-10,23,-9,27,-7,23,-3,21,-5,21,-2,19,-2,20,-2,21,-3,17,-1,19,-1,0,0,0,0,0,0,0,0,0,0]"""
1782031939419,2026-06-21T17:52:19.419,safe,posture,mhw,standing_still,t017,"CSI_DATA,535726,1a:00:00:00:00:00,-44,11,-99,17,29,11,525201694,47,2,256,0,""[0,0,0,0,0,0,0,0,0,0,0,0,5,-4,4,-4,6,-3,5,-3,7,-2,6,-3,6,-4,7,-5,8,-5,10,-4,11,-3,10,-4,11,-3,12,-5,12,-4,14,-3,16,-4,16,-1,14,-1,14,-4,15,-4,17,-3,17,0,17,1,21,1,19,0,21,3,20,1,20,2,19,1,20,1,17,0,19,1,21,1,21,0,23,-1,23,1,22,3,21,2,23,2,25,2,24,1,23,3,26,2,24,2,25,0,25,0,28,-2,30,1,31,2,26,4,31,6,31,7,31,4,32,7,31,6,33,6,0,0,0,0,0,0,12,-32,15,-34,11,-28,14,-29,15,-33,16,-28,16,-30,14,-28,16,-29,13,-26,12,-26,12,-29,12,-30,14,-30,16,-24,13,-25,14,-25,16,-25,16,-25,15,-25,13,-24,16,-25,11,-23,12,-25,12,-24,13,-29,15,-28,13,-22,16,-25,15,-25,20,-24,17,-25,19,-24,16,-22,20,-22,17,-20,16,-21,17,-22,19,-22,22,-21,22,-19,23,-12,24,-14,24,-13,23,-13,24,-10,24,-7,22,-7,19,-5,20,-5,20,-4,21,-6,21,-2,22,-1,19,4,17,4,19,5,0,0,0,0,0,0,0,0,0,0]"""
1782031939430,2026-06-21T17:52:19.430,safe,posture,mhw,standing_still,t017,"CSI_DATA,535727,1a:00:00:00:00:00,-44,11,-99,16,29,11,525212694,47,2,256,0,""[0,0,0,0,0,0,0,0,0,0,0,0,-5,-1,-6,-2,-5,-1,-8,-2,-6,-2,-9,-2,-9,-3,-8,-3,-9,-3,-6,-3,-11,-3,-11,-3,-10,-3,-13,-3,-11,-6,-11,-3,-13,-4,-13,-5,-16,-8,-13,-9,-10,-9,-16,-8,-13,-8,-16,-8,-18,-8,-17,-6,-15,-9,-19,-9,-15,-6,-20,-8,-17,-6,-24,-9,-18,-10,-19,-9,-19,-9,-20,-8,-19,-5,-21,-4,-20,-5,-20,-2,-23,-6,-21,-1,-26,-1,-25,-3,-31,-4,-24,-5,-27,-2,-25,-5,-25,-2,-27,-2,-32,0,-30,1,-33,0,-30,-3,-34,1,-34,0,-33,-1,0,0,0,0,0,0,-2,35,-2,30,-1,38,-3,33,-1,27,-2,36,-1,30,-1,36,0,28,-1,36,-1,32,-2,27,0,30,0,27,3,30,5,31,4,28,5,27,2,31,8,23,8,31,4,26,8,32,4,31,4,27,4,28,5,25,11,27,10,27,11,28,8,24,8,33,9,23,13,28,6,26,10,36,4,31,5,28,3,30,4,26,4,26,9,28,5,27,5,24,1,25,5,21,3,27,1,23,-1,28,-3,21,-2,23,-5,20,-2,19,-4,18,-3,20,-3,18,-5,17,0,0,0,0,0,0,0,0,0,0]"""
1782031939442,2026-06-21T17:52:19.442,safe,posture,mhw,standing_still,t017,"CSI_DATA,535728,1a:00:00:00:00:00,-44,11,-99,16,29,11,525223694,47,2,256,0,""[0,0,0,0,0,0,0,0,0,0,0,0,-5,-2,-3,-3,-6,-3,-5,-3,-6,-5,-5,-3,-5,-2,-8,-4,-9,-4,-11,-4,-8,-5,-11,-4,-12,-5,-11,-6,-10,-6,-13,-5,-12,-4,-13,-8,-11,-5,-12,-4,-13,-5,-18,-5,-18,-6,-15,-6,-18,-6,-17,-5,-18,-8,-17,-4,-21,-2,-18,-3,-20,-2,-16,-1,-19,0,-19,2,-24,4,-23,3,-24,2,-20,2,-24,3,-24,5,-23,5,-25,9,-21,9,-25,10,-18,8,-20,12,-23,16,-21,17,-23,19,-26,19,-21,15,-26,19,-25,19,-25,21,-25,19,-23,20,-20,26,0,0,0,0,0,0,25,23,28,23,25,17,27,20,31,23,25,19,28,19,26,16,30,18,25,12,25,11,27,10,32,9,31,10,27,10,30,8,30,5,30,5,30,4,32,2,27,1,30,0,23,-1,26,-3,27,-2,30,-6,32,-6,27,-4,30,-6,28,-9,32,-8,30,-9,31,-9,26,-9,28,-10,23,-9,24,-12,26,-12,25,-13,27,-13,27,-12,26,-8,26,-9,27,-8,25,-10,26,-9,20,-6,23,-9,18,-6,20,-8,20,-8,18,-9,19,-6,20,-6,17,-2,19,-3,18,-1,0,0,0,0,0,0,0,0,0,0]"""
1782031939453,2026-06-21T17:52:19.453,safe,posture,mhw,standing_still,t017,"CSI_DATA,535729,1a:00:00:00:00:00,-44,11,-99,21,28,11,525234694,47,2,256,0,""[0,0,0,0,0,0,0,0,0,0,0,0,1,6,0,4,1,7,-1,6,1,7,1,8,0,8,1,10,1,10,1,10,2,11,1,11,2,11,3,12,1,12,1,14,1,15,1,16,0,15,2,14,2,14,3,16,3,16,4,17,4,17,5,17,5,17,5,16,4,19,4,19,5,19,8,19,8,20,6,17,11,17,10,19,11,19,12,19,14,20,16,19,16,15,16,19,15,17,20,15,16,15,23,16,20,16,23,12,23,15,23,13,25,15,25,16,26,16,30,17,29,15,28,12,28,13,0,0,0,0,0,0,10,-31,12,-32,10,-32,10,-33,8,-33,7,-31,7,-34,7,-32,4,-32,4,-31,3,-30,1,-31,2,-30,-1,-31,-2,-30,-3,-29,-4,-30,-4,-29,-5,-26,-4,-30,-7,-26,-7,-29,-6,-25,-10,-29,-12,-28,-8,-24,-14,-26,-15,-25,-14,-26,-15,-24,-14,-25,-19,-22,-15,-28,-15,-25,-17,-22,-14,-25,-20,-26,-15,-25,-17,-23,-14,-24,-17,-23,-15,-23,-15,-24,-14,-24,-14,-20,-12,-23,-13,-22,-15,-21,-8,-19,-12,-21,-10,-19,-10,-19,-8,-19,-8,-17,-10,-17,-6,-15,-5,-16,0,0,0,0,0,0,0,0,0,0]"""
1782031939463,2026-06-21T17:52:19.463,safe,posture,mhw,standing_still,t017,"CSI_DATA,535730,1a:00:00:00:00:00,-44,11,-99,16,29,11,525245694,47,2,256,0,""[0,0,0,0,0,0,0,0,0,0,0,0,-5,1,-5,2,-5,2,-9,1,-6,2,-8,2,-9,1,-9,2,-10,1,-9,2,-11,2,-12,2,-12,2,-11,1,-13,1,-12,0,-16,1,-15,0,-17,-2,-18,-1,-13,0,-17,-2,-16,-3,-18,0,-19,-1,-18,-3,-17,-2,-19,-2,-16,-1,-20,-2,-19,-2,-24,-2,-20,-3,-21,-2,-19,-2,-19,-3,-20,-1,-25,1,-21,-3,-20,0,-21,-1,-23,0,-26,0,-26,1,-32,0,-25,0,-27,0,-27,0,-23,-1,-30,0,-33,2,-27,0,-32,0,-34,-2,-34,4,-32,-2,-34,-1,0,0,0,0,0,0,-3,35,-3,32,-3,39,-5,33,-3,27,-4,34,-4,28,-6,33,-2,31,-8,36,-6,34,-5,28,-4,30,-5,30,-2,33,-2,30,-1,31,0,26,-3,28,-2,26,-1,30,-1,27,-1,33,-4,30,-1,27,-3,25,-4,28,1,31,-1,31,-1,28,-3,26,-1,30,-2,26,-1,30,-3,27,-5,35,-6,30,-6,27,-8,28,-9,24,-6,25,-8,30,-9,25,-8,23,-11,23,-8,23,-11,23,-12,20,-17,21,-16,17,-15,16,-15,13,-13,12,-16,13,-15,12,-13,10,-15,8,0,0,0,0,0,0,0,0,0,0]"""
1782031939474,2026-06-21T17:52:19.474,safe,posture,mhw,standing_still,t017,"CSI_DATA,535731,1a:00:00:00:00:00,-44,11,-99,15,29,11,525256694,47,2,256,0,""[0,0,0,0,0,0,0,0,0,0,0,0,1,5,1,4,2,7,1,7,2,8,1,7,2,9,1,9,1,9,1,11,0,10,-1,13,1,14,0,14,-2,13,-1,16,-1,14,-2,16,-2,14,-1,15,-1,13,-2,19,-4,19,-5,17,-5,17,-4,16,-7,19,-5,17,-8,20,-5,17,-7,20,-7,16,-4,20,-4,20,-4,21,-5,22,-7,22,-7,21,-5,22,-5,23,-7,22,-8,24,-5,21,-5,24,-4,21,-3,23,-5,27,-2,28,-5,30,-7,29,-7,28,-7,30,-9,29,-8,32,-10,30,-9,30,-11,29,0,0,0,0,0,0,30,13,35,15,27,11,28,14,34,16,27,15,30,15,27,15,30,17,24,14,24,13,27,14,30,14,30,13,26,16,26,14,27,13,27,14,26,13,29,13,26,9,26,15,22,9,26,10,26,13,27,9,29,13,24,14,27,14,26,14,27,15,26,13,29,16,24,15,24,15,22,14,26,16,24,17,24,17,23,19,21,19,17,20,19,20,17,21,16,22,16,21,13,21,14,22,9,19,10,20,9,21,10,19,8,21,5,20,2,20,2,16,-1,17,0,0,0,0,0,0,0,0,0,0]"""
1782031939487,2026-06-21T17:52:19.487,safe,posture,mhw,standing_still,t017,"CSI_DATA,535732,1a:00:00:00:00:00,-44,11,-99,16,29,11,525267694,47,2,256,0,""[0,0,0,0,0,0,0,0,0,0,0,0,-2,-5,0,-6,-1,-6,-1,-6,1,-9,-1,-6,1,-9,0,-9,0,-10,2,-11,2,-9,3,-10,1,-11,4,-12,5,-15,3,-15,3,-13,5,-13,5,-12,6,-15,6,-17,8,-16,10,-16,9,-15,10,-16,8,-13,10,-16,11,-17,10,-16,11,-17,12,-17,9,-17,10,-16,9,-16,11,-18,11,-19,11,-18,12,-17,12,-19,13,-19,13,-20,12,-21,12,-20,13,-23,11,-19,11,-20,15,-23,12,-25,13,-24,16,-23,16,-23,19,-26,19,-25,19,-25,20,-25,20,-27,18,-25,0,0,0,0,0,0,-23,-24,-25,-28,-21,-21,-24,-25,-23,-27,-20,-27,-19,-24,-23,-27,-19,-26,-19,-23,-19,-20,-18,-21,-21,-25,-19,-24,-13,-24,-18,-26,-18,-23,-17,-24,-16,-26,-19,-23,-19,-20,-17,-24,-16,-19,-17,-20,-16,-21,-20,-23,-17,-24,-15,-23,-15,-24,-16,-23,-16,-24,-17,-26,-15,-25,-16,-25,-13,-25,-13,-25,-13,-25,-13,-25,-13,-27,-11,-27,-8,-27,-4,-27,-4,-27,-3,-26,-3,-27,-2,-26,-1,-25,-1,-25,1,-20,1,-20,3,-21,4,-20,3,-20,8,-19,8,-15,9,-16,11,-15,0,0,0,0,0,0,0,0,0,0]"""
1782031939496,2026-06-21T17:52:19.496,safe,posture,mhw,standing_still,t017,"CSI_DATA,535733,1a:00:00:00:00:00,-44,11,-99,17,29,11,525278694,47,2,256,0,""[0,0,0,0,0,0,0,0,0,0,0,0,-1,6,-2,6,-1,6,-1,6,-2,6,-2,6,-2,7,-3,7,-2,12,-3,8,-4,11,-5,10,-4,12,-6,11,-8,12,-6,11,-7,12,-10,10,-11,12,-8,12,-8,8,-12,14,-13,12,-13,11,-14,11,-14,12,-14,11,-15,13,-13,13,-15,12,-15,12,-15,12,-15,12,-16,13,-16,13,-17,13,-17,11,-16,12,-17,12,-19,14,-21,14,-17,15,-21,15,-21,14,-21,14,-20,14,-20,17,-22,14,-23,16,-26,15,-24,15,-25,19,-30,15,-26,12,-29,14,-30,15,-28,14,0,0,0,0,0,0,11,34,8,32,11,31,7,32,8,31,5,32,6,30,6,32,4,30,5,30,6,29,4,29,6,31,3,30,3,30,4,31,5,30,3,30,2,32,5,26,6,28,4,29,3,26,4,26,3,28,4,30,2,30,1,28,1,29,1,29,0,30,-1,32,0,30,0,30,-3,29,-2,30,-3,28,-2,29,-5,30,-6,30,-7,26,-11,26,-10,25,-11,24,-14,24,-10,23,-12,23,-14,21,-16,19,-13,15,-14,15,-15,14,-16,13,-15,12,-16,7,-16,7,-20,5,0,0,0,0,0,0,0,0,0,0]"""
1782031939508,2026-06-21T17:52:19.508,safe,posture,mhw,standing_still,t017,"CSI_DATA,535734,1a:00:00:00:00:00,-44,11,-99,16,29,11,525289694,47,2,256,0,""[0,0,0,0,0,0,0,0,0,0,0,0,4,4,3,3,3,5,3,6,4,6,4,5,5,6,5,6,6,8,5,8,5,10,6,10,6,10,6,10,5,12,6,12,6,13,5,13,8,11,9,12,9,13,10,16,9,15,6,17,8,16,10,15,6,18,9,20,10,17,10,17,8,19,10,16,12,16,12,16,13,17,13,17,12,18,12,18,16,18,15,18,13,18,16,18,16,18,17,19,17,19,18,16,20,17,23,16,21,17,23,18,19,19,24,20,26,23,25,20,23,21,26,21,25,20,0,0,0,0,0,0,24,-25,26,-25,21,-25,23,-23,21,-25,24,-20,21,-23,21,-25,23,-21,20,-21,19,-23,18,-23,17,-26,18,-25,18,-20,16,-25,16,-25,17,-24,18,-25,15,-23,12,-26,17,-25,12,-24,11,-25,11,-25,10,-27,11,-25,12,-24,13,-26,10,-27,12,-26,13,-27,13,-26,12,-26,15,-25,12,-26,11,-26,10,-27,11,-26,13,-26,12,-24,15,-23,15,-24,17,-23,16,-20,16,-20,17,-17,17,-18,17,-16,16,-16,16,-16,16,-13,16,-15,13,-13,18,-9,17,-9,17,-5,0,0,0,0,0,0,0,0,0,0]"""
1782031939520,2026-06-21T17:52:19.520,safe,posture,mhw,standing_still,t017,"CSI_DATA,535735,1a:00:00:00:00:00,-44,11,-99,15,29,11,525300694,47,2,256,0,""[0,0,0,0,0,0,0,0,0,0,0,0,4,-4,3,-3,5,-4,3,-5,5,-5,4,-4,5,-4,5,-7,7,-5,8,-9,9,-7,8,-7,9,-9,9,-8,9,-7,14,-9,11,-8,14,-8,11,-7,14,-7,16,-13,14,-5,17,-10,14,-9,16,-8,16,-9,16,-9,15,-8,20,-9,15,-9,19,-9,15,-10,17,-13,16,-11,17,-14,17,-11,17,-14,19,-13,19,-14,19,-15,16,-15,21,-16,19,-14,19,-19,16,-13,20,-21,20,-16,16,-22,22,-19,21,-21,20,-20,22,-19,21,-21,24,-23,23,-23,22,-20,22,-23,0,0,0,0,0,0,-23,-22,-27,-28,-20,-21,-23,-23,-27,-27,-19,-22,-26,-28,-19,-20,-22,-27,-20,-20,-21,-22,-23,-22,-22,-21,-24,-21,-21,-21,-22,-20,-24,-19,-22,-19,-21,-17,-24,-22,-23,-17,-24,-19,-20,-14,-22,-16,-24,-17,-21,-16,-26,-19,-24,-14,-24,-16,-24,-15,-24,-17,-23,-14,-26,-22,-21,-17,-24,-17,-19,-15,-26,-19,-22,-20,-23,-16,-21,-20,-20,-20,-19,-21,-19,-21,-19,-21,-16,-19,-15,-22,-11,-21,-14,-19,-9,-16,-13,-20,-8,-20,-10,-17,-7,-20,-8,-19,-4,-17,-3,-17,-2,-17,0,0,0,0,0,0,0,0,0,0]"""
1782031939529,2026-06-21T17:52:19.529,safe,posture,mhw,standing_still,t017,"CSI_DATA,535736,1a:00:00:00:00:00,-44,11,-99,16,29,11,525311694,47,2,256,0,""[0,0,0,0,0,0,0,0,0,0,0,0,-5,2,-5,2,-8,1,-6,2,-6,2,-5,1,-8,1,-11,1,-10,0,-11,1,-10,1,-11,1,-11,1,-13,1,-12,0,-18,0,-15,0,-16,-1,-13,-3,-13,-2,-15,-2,-16,-1,-18,-2,-16,-2,-18,-3,-19,-4,-19,-3,-17,-3,-21,-3,-18,-3,-19,-3,-18,-4,-21,-1,-20,-4,-20,-1,-23,-2,-23,-3,-21,-3,-24,-3,-27,-2,-23,0,-26,-3,-24,-2,-25,0,-19,-1,-27,2,-25,-2,-27,2,-28,0,-28,2,-27,0,-32,0,-31,-2,-34,-1,-32,-1,-31,-1,-34,1,0,0,0,0,0,0,-2,32,-4,38,-2,30,-2,34,-5,39,-4,28,-2,34,-3,28,-4,34,-3,28,-3,28,-3,31,-2,31,-2,34,-3,27,-2,30,-1,30,0,30,-1,26,-1,32,2,26,-1,31,0,24,1,26,1,30,1,28,0,32,1,28,0,30,1,31,0,30,2,27,-1,34,0,27,0,30,-1,25,1,31,-2,28,0,28,-5,30,-6,30,-6,26,-8,27,-9,28,-6,25,-10,27,-11,19,-9,23,-9,16,-9,20,-11,16,-9,18,-11,17,-15,17,-13,11,-15,11,-15,10,0,0,0,0,0,0,0,0,0,0]"""
1782031939540,2026-06-21T17:52:19.540,safe,posture,mhw,standing_still,t017,"CSI_DATA,535737,1a:00:00:00:00:00,-44,11,-99,16,29,11,525322694,47,2,256,0,""[0,0,0,0,0,0,0,0,0,0,0,0,6,-3,5,-1,5,-2,5,-2,8,-2,6,-2,6,-2,8,-1,10,-3,10,-3,10,-1,11,-2,12,-2,13,-2,13,-1,16,-1,15,-1,16,0,12,0,15,0,18,1,17,1,19,0,17,2,17,0,17,2,19,2,19,3,21,2,18,2,20,3,19,2,20,1,21,0,20,0,23,-1,21,2,21,3,24,-1,25,0,24,0,26,1,23,1,26,0,21,0,23,-1,26,-2,25,-5,30,-1,30,-1,27,1,32,0,34,2,31,2,33,1,34,0,32,1,0,0,0,0,0,0,4,-33,4,-36,3,-30,5,-33,5,-36,8,-30,6,-33,4,-31,9,-32,5,-27,5,-28,2,-30,3,-32,3,-31,6,-26,3,-30,1,-28,4,-30,6,-28,4,-31,2,-25,5,-30,2,-24,0,-25,3,-28,1,-28,1,-31,3,-27,4,-31,2,-28,4,-31,4,-30,4,-31,4,-27,6,-30,4,-28,5,-27,5,-28,6,-28,8,-28,9,-30,10,-23,10,-25,12,-25,13,-24,12,-21,15,-19,15,-20,12,-16,13,-18,15,-16,13,-16,16,-15,16,-15,16,-10,17,-8,16,-6,0,0,0,0,0,0,0,0,0,0]"""
1782031939554,2026-06-21T17:52:19.554,safe,posture,mhw,standing_still,t017,"CSI_DATA,535738,1a:00:00:00:00:00,-44,11,-99,16,29,11,525333694,47,2,256,0,""[0,0,0,0,0,0,0,0,0,0,0,0,-5,-1,-6,-1,-6,-1,-6,-1,-8,-1,-6,-1,-6,-1,-9,-2,-10,-2,-11,-2,-9,-2,-9,-3,-11,-4,-12,-5,-11,-10,-13,-5,-13,-6,-11,-10,-11,-10,-11,-4,-11,-11,-15,-10,-16,-10,-11,-11,-15,-12,-15,-11,-13,-13,-15,-15,-13,-15,-15,-12,-13,-13,-13,-12,-17,-11,-16,-12,-17,-11,-18,-15,-16,-13,-15,-16,-17,-16,-18,-13,-18,-17,-19,-17,-19,-15,-19,-16,-16,-12,-19,-13,-20,-15,-23,-16,-24,-19,-24,-18,-20,-17,-24,-23,-24,-23,-21,-21,-23,-24,-24,-21,-23,-21,0,0,0,0,0,0,-27,24,-31,24,-23,18,-26,19,-28,21,-26,17,-26,18,-27,18,-28,17,-24,15,-21,17,-25,17,-26,20,-25,19,-24,15,-25,17,-23,17,-25,16,-26,17,-26,18,-21,16,-25,15,-19,15,-20,16,-21,17,-24,20,-24,18,-20,15,-25,16,-23,16,-28,15,-28,17,-27,15,-25,13,-27,13,-24,11,-23,15,-24,13,-27,13,-30,11,-27,8,-26,3,-27,5,-28,4,-28,2,-27,3,-25,0,-25,0,-20,-1,-21,-1,-19,-3,-20,-1,-21,-3,-19,-6,-16,-6,-17,-8,-16,-9,0,0,0,0,0,0,0,0,0,0]"""
1782031939561,2026-06-21T17:52:19.561,safe,posture,mhw,standing_still,t017,"CSI_DATA,535739,1a:00:00:00:00:00,-44,11,-99,15,29,11,525344694,47,2,256,0,""[0,0,0,0,0,0,0,0,0,0,0,0,7,1,5,1,7,2,7,2,8,1,7,2,7,2,7,2,9,2,9,3,10,4,11,5,11,7,11,7,11,7,10,8,13,8,13,9,10,9,13,9,15,13,15,13,11,11,11,14,13,14,13,15,13,15,11,17,13,14,13,15,11,16,13,14,10,14,14,14,14,17,15,16,13,15,14,17,15,17,15,17,15,21,15,19,16,20,15,21,16,20,16,19,20,20,19,20,20,22,19,23,16,23,17,24,19,29,20,24,19,26,19,27,19,27,0,0,0,0,0,0,32,-14,33,-11,30,-15,30,-10,33,-13,35,-9,28,-10,32,-10,30,-7,29,-9,28,-10,30,-8,29,-11,27,-8,28,-4,28,-9,29,-10,29,-7,32,-5,28,-9,28,-9,28,-5,26,-8,28,-9,28,-7,28,-10,27,-7,26,-4,29,-7,29,-8,29,-4,33,-5,29,-5,29,-3,29,-1,30,-3,28,-1,29,-2,30,0,30,-1,28,3,27,4,27,3,26,8,27,8,23,5,24,8,21,11,20,10,20,9,20,10,19,10,20,13,14,14,10,14,10,16,8,16,0,0,0,0,0,0,0,0,0,0]"""
1782031939574,2026-06-21T17:52:19.574,safe,posture,mhw,standing_still,t017,"CSI_DATA,535740,1a:00:00:00:00:00,-44,11,-99,16,29,11,525355694,47,2,256,0,""[0,0,0,0,0,0,0,0,0,0,0,0,5,1,5,0,9,2,8,1,8,1,8,2,8,2,10,1,8,1,11,1,9,1,10,0,12,2,13,2,12,1,15,2,15,2,16,2,15,3,15,4,19,3,16,5,17,3,16,2,18,3,17,2,19,5,18,3,19,5,19,4,19,2,19,4,21,2,21,3,21,2,21,3,23,1,23,1,24,2,26,0,24,-2,26,1,26,0,25,-4,21,-1,27,-4,26,-1,25,-6,28,-3,27,-4,27,-3,31,-3,31,-4,33,-5,32,-5,30,-4,32,-8,0,0,0,0,0,0,-4,-35,-6,-35,-8,-28,-6,-33,-6,-33,-6,-30,-6,-34,-6,-31,-6,-33,-5,-30,-9,-28,-11,-30,-8,-26,-11,-30,-10,-27,-10,-25,-12,-28,-11,-27,-12,-24,-11,-30,-12,-25,-13,-25,-12,-23,-12,-24,-17,-26,-13,-24,-17,-25,-16,-21,-15,-25,-18,-23,-15,-26,-18,-20,-15,-28,-16,-27,-16,-23,-13,-24,-18,-25,-13,-25,-17,-23,-12,-26,-13,-25,-11,-25,-10,-27,-11,-26,-12,-23,-6,-27,-4,-24,-9,-21,-5,-18,-6,-23,-4,-21,-6,-20,-2,-21,-3,-19,-1,-18,1,-17,2,-17,0,0,0,0,0,0,0,0,0,0]"""
1782031939584,2026-06-21T17:52:19.584,safe,posture,mhw,standing_still,t017,"CSI_DATA,535741,1a:00:00:00:00:00,-44,11,-99,15,29,11,525366694,47,2,256,0,""[0,0,0,0,0,0,0,0,0,0,0,0,-4,3,-7,2,-4,3,-7,2,-7,3,-8,3,-7,4,-7,4,-10,5,-9,4,-10,2,-11,3,-11,3,-13,3,-13,3,-14,3,-15,5,-15,4,-14,4,-14,7,-13,5,-17,5,-16,4,-17,3,-17,4,-19,4,-19,2,-21,3,-19,5,-19,4,-21,3,-20,4,-20,4,-19,7,-20,9,-20,9,-21,8,-20,7,-21,8,-20,8,-23,9,-21,11,-22,13,-24,11,-22,11,-20,13,-22,16,-23,15,-24,17,-26,16,-24,15,-27,17,-28,17,-26,16,-27,19,-30,19,-27,20,0,0,0,0,0,0,19,30,17,30,19,28,19,29,16,28,15,29,15,27,17,28,16,27,15,27,20,23,15,26,20,26,17,24,15,26,19,23,17,23,17,24,19,26,17,20,21,20,19,23,20,19,20,19,19,20,22,20,21,21,20,20,21,22,22,20,20,21,22,23,21,20,22,19,23,20,22,21,19,21,22,19,21,21,21,23,19,23,16,23,17,23,15,22,14,23,14,21,13,21,11,22,9,22,9,19,8,20,8,20,7,21,4,17,3,19,1,19,1,19,0,0,0,0,0,0,0,0,0,0]"""
1782031939597,2026-06-21T17:52:19.597,safe,posture,mhw,standing_still,t017,"CSI_DATA,535742,1a:00:00:00:00:00,-44,11,-99,15,29,11,525377730,47,2,256,0,""[0,0,0,0,0,0,0,0,0,0,0,0,-1,5,0,7,-1,7,-1,8,0,7,-1,8,-1,9,-1,10,-2,9,0,10,-1,13,0,11,1,13,0,13,0,13,0,13,-1,16,0,14,-2,16,1,16,2,14,0,16,0,17,0,17,0,19,1,19,1,19,4,21,1,19,4,19,3,20,5,23,7,22,5,21,7,19,5,19,9,19,11,21,9,20,11,20,14,19,15,19,16,20,19,19,19,21,19,19,19,17,22,16,22,16,21,17,24,19,22,19,27,17,27,20,28,17,30,17,28,15,0,0,0,0,0,0,13,-28,13,-29,14,-34,11,-30,11,-29,10,-30,10,-29,9,-33,7,-30,9,-34,8,-32,5,-30,5,-28,2,-29,1,-32,0,-28,-2,-32,-1,-28,-2,-28,-3,-28,-3,-29,-5,-28,-7,-30,-7,-30,-9,-27,-5,-26,-9,-27,-13,-27,-11,-27,-13,-27,-13,-24,-14,-26,-13,-27,-15,-27,-16,-23,-16,-30,-15,-26,-15,-26,-15,-26,-11,-23,-13,-22,-14,-27,-14,-24,-13,-22,-14,-22,-11,-22,-13,-22,-13,-20,-10,-24,-11,-20,-9,-20,-8,-19,-7,-17,-8,-19,-7,-19,-3,-17,-3,-17,0,0,0,0,0,0,0,0,0,0]"""
1782031939608,2026-06-21T17:52:19.608,safe,posture,mhw,standing_still,t017,"CSI_DATA,535743,1a:00:00:00:00:00,-44,11,-99,16,29,11,525388694,47,2,256,0,""[0,0,0,0,0,0,0,0,0,0,0,0,-1,-5,-2,-6,-1,-6,-2,-5,-2,-6,0,-8,-1,-8,-2,-10,-1,-9,-1,-10,-1,-11,0,-11,1,-12,0,-11,1,-13,1,-15,2,-15,0,-17,2,-16,4,-16,4,-19,3,-16,3,-18,2,-18,4,-17,3,-16,4,-17,4,-17,6,-19,4,-18,4,-18,5,-20,1,-21,5,-20,4,-21,3,-21,4,-20,5,-21,5,-23,3,-21,1,-23,4,-24,3,-24,1,-25,2,-23,0,-30,3,-27,0,-26,3,-26,2,-28,4,-31,5,-27,3,-30,5,-32,3,-31,5,-30,3,-34,0,0,0,0,0,0,-31,-5,-34,-6,-32,-4,-33,-6,-34,-5,-28,-6,-35,-9,-31,-6,-32,-6,-31,-9,-31,-6,-32,-4,-28,-8,-31,-4,-30,-6,-26,-5,-31,-4,-28,-3,-25,-3,-31,-6,-28,-3,-28,-3,-27,-4,-28,-3,-31,-2,-26,-5,-30,-2,-31,-2,-28,-4,-30,-2,-28,-3,-27,-2,-32,-6,-28,-5,-30,-3,-27,-6,-30,-3,-28,-6,-28,-6,-26,-9,-26,-9,-26,-11,-27,-11,-24,-11,-23,-9,-23,-15,-19,-13,-21,-12,-17,-13,-20,-15,-16,-13,-17,-13,-11,-15,-13,-16,-11,-17,-9,-16,-8,-16,0,0,0,0,0,0,0,0,0,0]"""
1782031939615,2026-06-21T17:52:19.615,safe,posture,mhw,standing_still,t017,"CSI_DATA,535744,1a:00:00:00:00:00,-44,11,-99,16,29,11,525399694,47,2,256,0,""[0,0,0,0,0,0,0,0,0,0,0,0,3,4,2,4,3,6,3,6,3,8,3,6,3,6,3,9,4,10,2,10,2,10,2,11,1,11,1,12,1,13,4,13,2,15,1,16,0,12,1,16,1,18,1,19,-1,18,-2,16,-2,19,-1,18,-3,18,-2,20,-1,20,-1,20,-2,21,-1,20,-1,19,-1,20,-1,21,0,24,0,23,-1,21,-2,23,1,23,-1,24,0,25,1,25,0,25,1,24,-1,21,3,26,3,28,2,30,0,30,-1,30,-1,32,-2,33,-1,31,-3,33,-3,34,-1,33,0,0,0,0,0,0,36,3,36,5,31,4,32,4,33,6,31,8,31,5,32,8,32,6,27,8,30,5,28,6,33,4,32,8,26,9,28,6,27,4,27,6,28,5,27,4,28,2,30,5,26,3,26,3,26,6,28,3,30,5,26,5,30,8,27,5,30,8,31,8,30,4,30,5,28,8,28,8,26,6,27,8,28,9,27,10,27,11,23,13,23,16,24,15,23,17,21,15,19,15,20,17,15,16,15,15,15,13,13,15,15,13,9,17,6,15,6,17,5,17,0,0,0,0,0,0,0,0,0,0]"""
1782031939631,2026-06-21T17:52:19.631,safe,posture,mhw,standing_still,t017,"CSI_DATA,535745,1a:00:00:00:00:00,-44,11,-99,17,29,11,525410694,47,2,256,0,""[0,0,0,0,0,0,0,0,0,0,0,0,-2,-5,-3,-5,-3,-4,-3,-6,-3,-6,-1,-6,-2,-7,-3,-8,-3,-10,-2,-11,-2,-11,-3,-11,-2,-11,-2,-13,0,-14,-2,-13,-2,-15,0,-14,-1,-15,-1,-14,2,-13,0,-19,1,-16,2,-17,2,-19,2,-17,4,-20,4,-21,4,-17,3,-19,4,-20,4,-21,3,-19,1,-20,2,-21,3,-23,2,-21,3,-21,4,-23,2,-23,4,-23,1,-23,2,-24,4,-25,4,-24,2,-24,1,-25,2,-26,2,-29,4,-29,2,-28,6,-31,6,-34,5,-30,6,-30,4,-32,5,-33,0,0,0,0,0,0,-35,-10,-31,-12,-32,-12,-31,-13,-30,-13,-31,-15,-29,-11,-32,-13,-28,-13,-28,-13,-29,-12,-24,-13,-30,-12,-26,-13,-25,-15,-29,-14,-26,-11,-26,-13,-26,-14,-23,-11,-28,-11,-25,-13,-24,-10,-24,-10,-24,-12,-28,-11,-25,-13,-24,-13,-29,-14,-26,-12,-24,-16,-29,-16,-24,-14,-25,-14,-23,-19,-25,-15,-22,-14,-24,-15,-24,-17,-22,-17,-20,-20,-17,-20,-17,-21,-17,-22,-14,-22,-16,-20,-13,-21,-10,-22,-10,-22,-7,-19,-8,-20,-6,-19,-5,-21,-5,-19,-1,-19,0,-19,3,-17,0,0,0,0,0,0,0,0,0,0]"""
1782031939640,2026-06-21T17:52:19.640,safe,posture,mhw,standing_still,t017,"CSI_DATA,535746,1a:00:00:00:00:00,-44,11,-99,16,29,11,525421694,47,2,256,0,""[0,0,0,0,0,0,0,0,0,0,0,0,-4,4,-4,3,-4,4,-6,3,-4,5,-8,5,-9,4,-6,4,-9,4,-8,3,-10,4,-10,5,-11,8,-11,5,-11,8,-10,5,-11,9,-11,9,-15,9,-17,5,-16,5,-12,8,-15,5,-17,10,-17,8,-17,8,-15,6,-17,11,-15,8,-17,11,-15,10,-23,12,-18,11,-18,11,-18,11,-17,11,-15,11,-17,17,-15,13,-13,15,-18,13,-12,17,-15,19,-17,20,-23,21,-18,18,-18,20,-19,19,-13,20,-16,21,-16,27,-15,25,-17,26,-17,26,-15,30,-16,28,-16,28,0,0,0,0,0,0,28,18,24,17,33,18,28,18,24,15,31,17,26,15,32,16,26,12,32,18,31,16,24,15,26,12,24,15,30,11,28,10,27,11,25,9,28,10,26,6,30,5,28,5,31,6,31,8,27,8,30,4,26,5,31,2,30,4,28,3,25,3,30,4,25,1,30,0,28,2,38,4,30,5,30,2,28,9,26,6,27,6,31,3,26,4,24,3,24,8,24,4,26,4,23,8,27,11,20,10,21,10,17,12,18,10,17,11,17,9,15,10,12,13,0,0,0,0,0,0,0,0,0,0]"""
1782031939651,2026-06-21T17:52:19.651,safe,posture,mhw,standing_still,t017,"CSI_DATA,535747,1a:00:00:00:00:00,-44,11,-99,15,29,11,525432694,47,2,256,0,""[0,0,0,0,0,0,0,0,0,0,0,0,-5,1,-7,0,-8,1,-5,1,-8,1,-8,2,-8,1,-8,4,-10,3,-10,2,-10,2,-10,2,-11,4,-14,3,-10,2,-15,5,-11,4,-15,5,-11,5,-15,5,-17,9,-16,8,-17,8,-14,7,-16,8,-16,9,-16,10,-15,11,-17,11,-13,11,-15,13,-11,13,-14,15,-13,16,-11,17,-13,19,-10,20,-11,19,-11,20,-10,23,-9,21,-10,24,-9,22,-7,26,-5,20,-2,26,-3,23,0,27,-1,28,1,29,-1,29,0,33,0,29,2,34,2,33,4,30,8,34,0,0,0,0,0,0,33,-8,39,-9,28,-8,33,-11,35,-13,30,-9,34,-11,27,-13,30,-14,23,-14,26,-16,26,-16,27,-19,26,-21,24,-16,21,-19,20,-21,21,-22,17,-21,21,-26,14,-22,15,-26,11,-22,13,-26,13,-27,10,-27,11,-28,10,-27,9,-28,5,-29,8,-29,5,-28,8,-33,5,-27,5,-28,3,-26,2,-29,3,-28,1,-29,3,-30,2,-28,4,-27,3,-28,4,-28,2,-26,3,-27,4,-21,2,-26,2,-19,3,-22,3,-21,1,-22,2,-22,3,-21,5,-19,4,-17,7,-17,0,0,0,0,0,0,0,0,0,0]"""
1782031939662,2026-06-21T17:52:19.662,safe,posture,mhw,standing_still,t017,"CSI_DATA,535748,1a:00:00:00:00:00,-44,11,-99,15,29,11,525443694,47,2,256,0,""[0,0,0,0,0,0,0,0,0,0,0,0,3,4,3,4,5,4,5,3,5,8,5,5,4,4,8,7,7,8,11,7,8,5,8,7,10,8,8,8,8,9,13,10,11,8,13,10,13,8,11,9,14,11,13,9,16,9,16,9,14,9,15,9,17,9,16,8,20,10,16,8,19,7,16,5,21,3,20,5,22,2,21,3,23,2,21,3,23,0,26,-1,22,-2,26,-1,24,-1,26,-5,21,-3,27,-10,26,-5,23,-11,27,-10,27,-9,28,-10,29,-13,27,-11,30,-16,32,-15,26,-16,28,-19,0,0,0,0,0,0,-19,-24,-21,-29,-19,-24,-22,-26,-24,-29,-19,-21,-23,-27,-21,-20,-24,-24,-21,-19,-23,-17,-27,-17,-26,-16,-29,-17,-26,-14,-26,-13,-28,-11,-28,-11,-26,-9,-32,-10,-26,-8,-30,-8,-24,-4,-26,-4,-30,-3,-28,-3,-32,-2,-29,-2,-32,-1,-30,2,-32,2,-27,4,-34,-1,-29,2,-28,2,-24,2,-30,5,-28,2,-29,5,-29,3,-29,4,-26,1,-28,1,-29,2,-26,4,-27,2,-21,-1,-26,4,-20,2,-23,2,-21,0,-21,3,-21,0,-20,1,-17,-1,-17,-1,-17,-1,0,0,0,0,0,0,0,0,0,0]"""
1782031939673,2026-06-21T17:52:19.673,safe,posture,mhw,standing_still,t017,"CSI_DATA,535749,1a:00:00:00:00:00,-44,11,-99,16,29,11,525454694,47,2,256,0,""[0,0,0,0,0,0,0,0,0,0,0,0,3,4,3,5,3,5,4,5,4,4,4,6,4,9,3,8,4,9,3,8,5,10,5,10,6,10,4,13,4,15,5,11,8,13,5,13,6,17,3,17,0,17,4,17,3,16,6,18,4,19,3,18,3,17,4,20,5,16,6,18,6,19,6,24,4,21,4,20,5,21,4,21,6,19,9,20,6,20,8,19,9,20,11,20,12,21,10,23,12,27,9,23,13,25,9,26,11,24,11,26,17,26,17,25,15,28,13,30,18,27,16,28,16,32,0,0,0,0,0,0,33,-13,30,-11,35,-16,32,-11,27,-10,33,-12,26,-11,32,-15,26,-13,32,-12,32,-10,27,-8,28,-13,26,-10,28,-12,27,-12,27,-15,25,-12,27,-11,21,-12,25,-16,25,-12,27,-16,27,-13,25,-10,24,-15,25,-11,24,-17,25,-16,24,-16,24,-13,27,-12,23,-15,24,-17,25,-16,32,-16,27,-11,28,-9,27,-9,25,-9,26,-8,26,-12,27,-9,23,-6,25,-3,23,-6,25,-6,25,-2,28,-1,21,2,23,2,20,4,18,3,18,3,21,3,18,4,17,5,0,0,0,0,0,0,0,0,0,0]"""
1782031939686,2026-06-21T17:52:19.686,safe,posture,mhw,standing_still,t017,"CSI_DATA,535750,1a:00:00:00:00:00,-44,11,-99,16,29,11,525465819,47,2,256,0,""[0,0,0,0,0,0,0,0,0,0,0,0,3,-5,3,-5,3,-4,5,-5,2,-5,5,-8,5,-6,5,-6,6,-8,5,-6,8,-9,8,-10,8,-9,8,-9,9,-10,9,-8,10,-11,11,-11,15,-9,12,-10,11,-8,15,-11,13,-9,15,-12,15,-10,15,-10,16,-9,17,-11,15,-10,17,-12,17,-10,19,-12,19,-10,17,-10,18,-10,18,-10,16,-11,18,-15,17,-11,16,-13,19,-12,15,-16,18,-18,18,-18,25,-19,23,-15,21,-18,23,-15,19,-15,21,-17,23,-23,20,-19,25,-21,25,-16,24,-21,25,-21,27,-18,0,0,0,0,0,0,-18,-27,-17,-24,-23,-34,-17,-28,-15,-25,-19,-30,-17,-25,-18,-31,-17,-25,-17,-32,-15,-28,-12,-26,-15,-25,-12,-26,-18,-27,-16,-26,-17,-26,-15,-21,-16,-26,-15,-19,-20,-23,-18,-21,-18,-26,-16,-26,-15,-24,-16,-23,-12,-21,-20,-23,-17,-25,-17,-24,-16,-20,-16,-26,-16,-20,-19,-24,-15,-24,-18,-32,-12,-28,-12,-26,-8,-28,-6,-26,-9,-25,-12,-26,-8,-25,-8,-21,-5,-25,-6,-21,-6,-25,-5,-24,-1,-27,1,-21,1,-23,3,-20,3,-19,4,-17,3,-20,4,-17,5,-16,0,0,0,0,0,0,0,0,0,0]"""
1782031939696,2026-06-21T17:52:19.696,safe,posture,mhw,standing_still,t017,"CSI_DATA,535751,1a:00:00:00:00:00,-44,11,-99,16,29,11,525476694,47,2,256,0,""[0,0,0,0,0,0,0,0,0,0,0,0,-5,-4,-5,-3,-5,-5,-5,-4,-6,-5,-4,-4,-5,-5,-6,-8,-6,-8,-8,-8,-6,-9,-6,-10,-8,-10,-8,-10,-8,-10,-9,-15,-6,-12,-6,-15,-5,-11,-6,-11,-5,-12,-9,-16,-9,-17,-5,-16,-5,-18,-8,-17,-5,-19,-4,-18,-3,-23,-5,-18,-5,-19,-3,-15,-8,-19,-5,-20,-8,-19,-9,-21,-6,-23,-5,-23,-5,-25,-8,-23,-8,-20,-8,-25,-6,-21,-11,-24,-6,-18,-11,-23,-8,-24,-13,-23,-10,-27,-10,-28,-9,-28,-6,-30,-8,-30,-11,-30,-9,-32,-8,-30,-10,-32,0,0,0,0,0,0,-31,6,-38,6,-28,5,-31,6,-39,8,-28,4,-35,4,-28,5,-34,4,-27,3,-28,4,-32,5,-31,4,-33,5,-28,2,-28,2,-32,4,-31,4,-25,2,-33,5,-27,8,-31,5,-24,4,-26,4,-31,4,-28,5,-33,5,-30,4,-30,2,-30,4,-31,3,-26,4,-33,2,-28,1,-30,1,-24,0,-31,2,-31,-2,-30,0,-30,-2,-30,-4,-27,-8,-27,-9,-28,-8,-24,-6,-26,-11,-20,-9,-24,-8,-15,-8,-20,-9,-17,-12,-18,-10,-16,-13,-15,-13,-11,-15,-10,-15,-10,-15,0,0,0,0,0,0,0,0,0,0]"""
1782031939707,2026-06-21T17:52:19.707,safe,posture,mhw,standing_still,t017,"CSI_DATA,535752,1a:00:00:00:00:00,-44,11,-99,16,29,11,525487694,47,2,256,0,""[0,0,0,0,0,0,0,0,0,0,0,0,-1,4,0,5,-2,8,-1,5,-3,6,-2,8,-2,6,-2,9,-2,11,-3,10,-4,10,-5,12,-4,12,-5,12,-5,12,-4,13,-5,12,-6,15,-4,12,-5,13,-9,17,-4,17,-6,17,-8,17,-9,18,-8,16,-9,17,-6,18,-8,20,-5,19,-8,19,-4,17,-4,19,-2,20,-3,21,-3,23,-2,21,-3,21,-3,23,-3,24,-1,24,-1,26,0,24,0,25,0,23,3,24,4,27,6,27,6,28,4,31,4,27,2,31,3,32,5,32,3,32,5,32,9,30,0,0,0,0,0,0,32,-8,36,-8,32,-6,31,-8,34,-9,32,-5,33,-9,31,-8,32,-8,26,-8,25,-10,27,-10,28,-15,30,-12,27,-9,28,-12,26,-13,26,-13,26,-13,26,-16,23,-16,25,-17,19,-15,20,-17,20,-17,23,-21,24,-20,24,-16,24,-19,21,-19,23,-19,21,-18,25,-21,20,-19,23,-19,19,-18,19,-19,18,-20,21,-20,21,-21,21,-20,21,-15,20,-18,23,-16,23,-15,21,-16,19,-12,21,-12,19,-10,17,-10,19,-11,18,-11,19,-9,19,-9,17,-3,18,-4,17,-3,0,0,0,0,0,0,0,0,0,0]"""
1782031939719,2026-06-21T17:52:19.719,safe,posture,mhw,standing_still,t017,"CSI_DATA,535753,1a:00:00:00:00:00,-44,11,-99,15,29,11,525498694,47,2,256,0,""[0,0,0,0,0,0,0,0,0,0,0,0,-2,-5,-1,-5,-1,-7,-2,-7,0,-7,-2,-7,0,-7,-1,-9,-2,-10,-1,-11,0,-9,0,-11,-2,-13,1,-14,1,-15,1,-16,1,-15,3,-16,3,-14,1,-11,3,-14,2,-17,7,-19,7,-16,7,-17,5,-16,9,-17,7,-17,9,-19,7,-17,10,-17,7,-15,7,-19,7,-19,7,-20,8,-21,9,-21,10,-17,11,-20,11,-21,9,-20,13,-22,9,-21,11,-23,10,-20,10,-22,11,-23,8,-27,13,-28,14,-26,15,-22,19,-27,17,-26,16,-26,19,-26,17,-24,19,-27,0,0,0,0,0,0,-26,-24,-26,-28,-20,-21,-23,-23,-26,-27,-17,-24,-22,-26,-19,-23,-21,-29,-14,-21,-16,-21,-17,-24,-21,-23,-22,-24,-14,-23,-16,-23,-17,-23,-15,-26,-14,-23,-17,-26,-17,-21,-16,-28,-13,-20,-15,-19,-17,-24,-20,-23,-19,-27,-13,-23,-14,-27,-16,-24,-11,-29,-15,-27,-14,-30,-11,-26,-10,-28,-9,-23,-11,-26,-9,-28,-10,-27,-7,-28,-5,-30,-1,-27,-1,-28,-1,-29,0,-27,2,-29,4,-23,4,-24,3,-20,5,-20,7,-21,5,-21,9,-20,9,-20,11,-14,14,-15,11,-13,0,0,0,0,0,0,0,0,0,0]"""
1782031939727,2026-06-21T17:52:19.727,safe,posture,mhw,standing_still,t017,"CSI_DATA,535754,1a:00:00:00:00:00,-44,11,-99,15,29,11,525509694,47,2,256,0,""[0,0,0,0,0,0,0,0,0,0,0,0,-1,5,-1,7,-2,7,-2,7,-1,5,-2,9,-3,8,-3,7,-3,11,-2,8,-3,10,-3,11,-3,11,-3,13,-7,13,-2,10,-3,14,-4,14,-7,15,-8,15,-11,11,-5,16,-9,14,-9,16,-8,17,-8,17,-8,15,-9,19,-4,16,-7,20,-8,17,-10,22,-11,19,-8,20,-9,20,-8,20,-8,17,-4,21,-4,21,-4,20,-9,21,1,21,-2,27,-4,26,-4,30,-8,24,-3,28,-7,27,-2,26,-4,28,0,33,1,30,-2,33,-2,30,2,35,-4,34,-1,33,0,0,0,0,0,0,34,3,30,5,40,4,33,5,28,3,35,4,28,2,36,3,28,3,35,3,34,2,27,5,32,-1,28,3,32,0,30,0,30,0,26,-1,30,1,24,-3,29,-5,28,-2,33,-5,29,-1,28,-1,28,-4,24,-2,28,-5,29,-4,28,-5,26,-3,32,-3,22,-8,29,-8,28,-4,38,-7,30,-1,29,-3,30,1,28,-1,27,-1,30,-3,27,-3,24,-1,27,2,22,-3,27,0,23,4,29,4,22,5,22,7,20,7,17,5,16,7,21,8,16,7,16,9,0,0,0,0,0,0,0,0,0,0]"""
1782031939740,2026-06-21T17:52:19.740,safe,posture,mhw,standing_still,t017,"CSI_DATA,535755,1a:00:00:00:00:00,-44,11,-99,17,29,11,525520694,47,2,256,0,""[0,0,0,0,0,0,0,0,0,0,0,0,6,3,5,3,6,3,5,3,5,4,6,4,7,3,6,5,10,5,11,5,7,6,10,7,11,7,11,7,10,10,11,10,10,8,12,12,10,8,8,10,8,14,12,10,13,14,11,12,13,14,13,14,12,15,12,13,15,15,13,13,14,16,13,12,14,14,15,14,15,13,17,13,17,15,16,13,17,14,21,15,19,14,21,14,19,13,22,14,20,13,22,11,23,13,24,11,25,14,26,15,25,14,25,17,29,17,28,19,29,19,25,15,29,19,0,0,0,0,0,0,19,-26,23,-31,15,-24,21,-28,21,-31,19,-23,20,-30,17,-23,21,-26,12,-23,14,-24,16,-24,15,-29,17,-26,17,-23,15,-25,14,-26,14,-26,14,-23,13,-28,11,-25,14,-28,8,-22,10,-24,12,-25,12,-29,12,-29,12,-24,13,-28,10,-26,13,-28,11,-26,13,-30,11,-25,13,-26,11,-24,11,-25,13,-26,13,-26,13,-29,15,-25,16,-21,17,-21,16,-22,16,-19,16,-21,16,-16,17,-20,14,-14,15,-14,17,-14,16,-13,15,-14,19,-10,16,-6,17,-7,16,-4,0,0,0,0,0,0,0,0,0,0]"""
1782031939753,2026-06-21T17:52:19.753,safe,posture,mhw,standing_still,t017,"CSI_DATA,535756,1a:00:00:00:00:00,-44,11,-99,16,29,11,525533898,47,2,256,0,""[0,0,0,0,0,0,0,0,0,0,0,0,0,-5,1,-5,1,-5,2,-8,1,-6,1,-10,0,-9,1,-10,0,-8,1,-10,0,-11,1,-12,0,-10,-1,-11,-1,-13,0,-11,-1,-16,0,-15,-1,-17,0,-16,1,-15,-2,-15,0,-18,-2,-18,-2,-18,-1,-18,-2,-17,-3,-18,-1,-18,-3,-21,-3,-18,-4,-21,-5,-21,-5,-20,-8,-19,-6,-19,-9,-18,-10,-21,-9,-19,-11,-18,-12,-19,-12,-18,-15,-20,-17,-19,-18,-21,-18,-19,-18,-21,-18,-17,-18,-19,-20,-19,-25,-21,-21,-19,-25,-21,-25,-23,-27,-19,-28,-19,-24,-19,0,0,0,0,0,0,-17,27,-15,27,-17,32,-17,30,-12,25,-16,28,-12,28,-15,30,-10,30,-15,31,-11,30,-9,27,-9,27,-9,27,-5,31,-4,30,-3,28,-2,27,-2,28,-2,27,-1,30,2,27,1,32,1,30,3,30,2,27,3,26,8,28,6,30,6,30,6,27,9,30,5,27,11,30,8,27,10,32,9,30,9,28,8,27,6,25,9,26,9,28,6,27,8,24,8,25,5,23,4,25,6,23,4,26,4,23,2,23,2,20,1,19,2,19,1,20,0,17,-2,18,0,0,0,0,0,0,0,0,0,0]"""
1782031939762,2026-06-21T17:52:19.762,safe,posture,mhw,standing_still,t017,"CSI_DATA,535757,1a:00:00:00:00:00,-44,11,-99,15,29,11,525542694,47,2,256,0,""[0,0,0,0,0,0,0,0,0,0,0,0,-3,5,-4,4,-4,5,-3,4,-5,5,-4,4,-5,5,-8,7,-7,5,-5,9,-9,8,-8,8,-8,9,-9,8,-9,7,-13,8,-11,8,-14,8,-13,5,-14,9,-17,10,-14,7,-16,9,-14,8,-16,8,-17,9,-17,7,-15,7,-20,7,-17,7,-19,7,-17,7,-20,8,-20,8,-17,10,-20,9,-21,8,-21,9,-21,9,-22,9,-21,13,-23,10,-22,8,-22,14,-19,10,-24,15,-22,10,-23,17,-26,15,-26,13,-26,13,-29,10,-27,11,-29,14,-30,11,-26,10,-33,16,0,0,0,0,0,0,11,33,13,34,11,27,11,30,14,35,8,29,10,36,8,29,7,34,9,30,9,29,10,29,9,29,11,30,9,28,9,27,11,28,9,27,9,26,8,30,10,27,11,28,10,23,9,24,11,29,9,24,11,29,11,27,10,28,13,26,9,29,10,26,7,33,7,28,9,28,7,27,9,28,5,30,9,29,5,27,3,30,1,28,-1,29,0,28,0,27,-3,27,-7,22,-1,24,-3,19,-4,23,-7,20,-4,21,-7,17,-8,20,-10,17,-11,15,-10,14,0,0,0,0,0,0,0,0,0,0]"""
1782031939774,2026-06-21T17:52:19.774,safe,posture,mhw,standing_still,t017,"CSI_DATA,535758,1a:00:00:00:00:00,-44,11,-99,16,29,11,525553694,47,2,256,0,""[0,0,0,0,0,0,0,0,0,0,0,0,4,0,6,0,6,-2,6,-1,6,0,8,-1,9,-2,9,-1,11,-2,10,-2,10,0,12,-1,11,-2,12,0,15,-1,15,-2,15,-3,15,0,16,-2,13,-3,15,-2,18,-5,17,-3,17,-1,19,-2,18,-3,19,-2,20,-1,18,-4,19,-4,18,-3,19,-5,18,-4,19,-9,20,-8,21,-9,18,-8,19,-9,20,-9,20,-11,20,-11,19,-15,20,-15,23,-13,20,-15,19,-16,19,-20,18,-19,20,-20,20,-21,19,-18,24,-24,24,-24,20,-21,23,-24,21,-26,20,-26,0,0,0,0,0,0,-26,-24,-27,-25,-25,-18,-25,-23,-27,-21,-24,-23,-26,-19,-25,-18,-24,-20,-24,-17,-25,-16,-25,-15,-31,-13,-26,-13,-24,-16,-27,-12,-27,-11,-27,-12,-28,-13,-27,-8,-27,-6,-26,-11,-26,-6,-26,-5,-27,-4,-30,-3,-27,-4,-27,-5,-30,-4,-27,-3,-28,-5,-31,-5,-30,-2,-27,-3,-28,-4,-30,-1,-26,-2,-27,0,-27,-1,-30,-2,-27,-2,-26,-6,-28,-4,-26,-5,-26,-5,-25,-5,-25,-6,-24,-6,-21,-5,-19,-4,-20,-6,-19,-4,-19,-5,-17,-8,-16,-8,-16,-9,-13,-10,0,0,0,0,0,0,0,0,0,0]"""
1782031939784,2026-06-21T17:52:19.784,safe,posture,mhw,standing_still,t017,"CSI_DATA,535759,1a:00:00:00:00:00,-44,11,-99,17,29,11,525564694,47,2,256,0,""[0,0,0,0,0,0,0,0,0,0,0,0,-4,4,-4,4,-4,5,-5,4,-7,4,-5,4,-6,5,-8,6,-7,5,-6,5,-10,5,-11,4,-12,4,-13,3,-13,4,-14,3,-14,4,-14,4,-14,4,-16,2,-17,3,-19,4,-17,2,-17,0,-17,1,-16,0,-20,0,-20,0,-20,0,-19,2,-22,0,-19,-1,-19,0,-20,0,-22,0,-24,1,-22,-1,-21,0,-22,0,-25,-1,-22,-1,-25,0,-22,0,-28,-2,-22,0,-24,-2,-28,0,-28,1,-30,-1,-30,-2,-28,-4,-30,-3,-31,-6,-32,-4,-32,-5,-32,-4,-32,-2,0,0,0,0,0,0,-10,33,-11,37,-6,26,-11,33,-11,34,-13,29,-12,30,-11,28,-14,30,-11,26,-10,25,-10,28,-10,31,-13,29,-15,25,-14,28,-12,26,-13,28,-14,25,-13,30,-8,24,-13,26,-10,24,-10,26,-12,25,-11,29,-14,28,-13,24,-15,25,-14,26,-17,25,-15,25,-16,28,-15,23,-17,24,-14,21,-16,23,-17,23,-17,22,-20,23,-21,19,-21,15,-22,15,-24,14,-22,12,-23,13,-21,11,-23,11,-19,6,-20,8,-20,4,-19,4,-20,4,-21,1,-16,0,-19,-2,-17,-4,0,0,0,0,0,0,0,0,0,0]"""
1782031939795,2026-06-21T17:52:19.795,safe,posture,mhw,standing_still,t017,"CSI_DATA,535760,1a:00:00:00:00:00,-44,11,-99,17,29,11,525576600,47,2,256,0,""[0,0,0,0,0,0,0,0,0,0,0,0,6,-2,4,-3,6,-3,5,-4,7,-4,6,-3,7,-5,8,-5,10,-4,8,-7,7,-6,8,-6,8,-10,11,-6,10,-7,13,-10,11,-10,13,-10,11,-8,12,-12,11,-14,13,-11,12,-14,11,-12,13,-14,12,-14,12,-15,11,-14,13,-16,11,-15,10,-16,7,-17,10,-20,8,-17,6,-21,6,-20,5,-22,4,-22,3,-22,2,-24,2,-21,1,-26,2,-24,-2,-25,1,-22,-6,-26,-3,-26,-10,-24,-3,-29,-10,-29,-6,-28,-7,-28,-10,-30,-13,-30,-13,-30,-12,-28,-16,-26,0,0,0,0,0,0,-28,17,-31,19,-24,19,-25,20,-32,23,-25,19,-28,23,-21,21,-24,24,-19,21,-19,21,-17,25,-16,23,-16,28,-13,24,-13,25,-11,29,-10,29,-8,25,-11,30,-7,25,-5,30,-3,24,-3,28,-2,30,-1,29,0,32,-1,29,2,29,4,31,4,31,7,28,2,34,4,29,5,29,5,23,10,29,5,28,10,29,6,30,6,28,6,28,4,26,7,29,7,24,5,26,1,23,7,23,5,19,4,22,4,20,6,21,3,20,6,22,3,17,1,19,0,15,0,0,0,0,0,0,0,0,0,0]"""
1782031939806,2026-06-21T17:52:19.806,safe,posture,mhw,standing_still,t017,"CSI_DATA,535761,1a:00:00:00:00:00,-44,11,-99,15,29,11,525586694,47,2,256,0,""[0,0,0,0,0,0,0,0,0,0,0,0,2,-5,4,-7,3,-4,3,-7,2,-7,3,-5,2,-8,3,-8,2,-10,5,-9,5,-10,4,-11,4,-11,4,-11,5,-15,4,-11,4,-14,4,-14,4,-14,5,-17,4,-16,2,-16,4,-16,4,-17,3,-17,3,-19,3,-19,4,-20,1,-19,-1,-20,2,-20,0,-23,-1,-19,-2,-20,-1,-21,-4,-22,-4,-20,-3,-22,-5,-22,-7,-21,-7,-23,-11,-19,-13,-23,-11,-26,-16,-23,-13,-21,-15,-21,-16,-22,-19,-22,-17,-23,-22,-21,-23,-20,-22,-22,-23,-20,-26,-21,-27,-20,-27,-20,0,0,0,0,0,0,-20,32,-15,28,-19,32,-16,30,-14,27,-16,29,-13,26,-13,33,-11,29,-13,30,-9,30,-9,27,-5,33,-8,29,-4,30,-4,30,-2,29,-1,28,-2,33,2,27,5,29,1,29,3,29,5,28,4,26,9,28,5,27,8,26,9,28,11,27,9,26,11,30,14,24,16,26,11,27,17,28,13,26,16,26,15,26,15,27,14,23,15,26,14,24,11,22,11,26,15,21,15,23,10,22,13,23,10,19,9,20,8,19,10,20,7,16,5,17,5,16,4,19,0,0,0,0,0,0,0,0,0,0]"""
1782031939817,2026-06-21T17:52:19.817,safe,posture,mhw,standing_still,t017,"CSI_DATA,535762,1a:00:00:00:00:00,-44,11,-99,16,29,11,525597694,47,2,256,0,""[0,0,0,0,0,0,0,0,0,0,0,0,-5,-1,-5,-1,-6,-2,-5,-2,-8,-3,-6,-1,-8,-1,-10,-2,-10,-1,-10,-2,-10,-3,-10,-3,-12,-2,-12,-3,-13,-3,-16,-3,-13,-2,-16,-4,-15,-3,-13,-2,-16,-4,-17,-1,-20,-2,-17,-3,-18,-2,-17,-2,-19,-2,-18,-1,-21,0,-19,2,-19,-1,-18,2,-19,3,-20,4,-20,5,-20,8,-24,6,-20,4,-21,6,-23,9,-20,9,-21,11,-20,10,-23,13,-17,12,-18,16,-18,18,-19,18,-19,20,-23,20,-20,19,-21,21,-23,21,-23,25,-25,25,-19,25,-19,27,0,0,0,0,0,0,27,21,31,21,25,17,28,17,34,18,25,17,30,16,27,13,31,17,27,12,25,9,27,9,31,6,32,8,27,9,30,6,30,5,31,4,27,4,31,2,27,-1,31,1,24,-1,26,-2,27,-4,31,-8,31,-5,28,-3,31,-5,28,-8,31,-6,26,-8,31,-10,27,-9,28,-8,25,-5,26,-11,26,-10,27,-12,27,-11,30,-10,26,-5,26,-9,27,-8,25,-8,25,-8,21,-4,25,-8,19,-4,21,-6,19,-3,20,-5,20,-5,20,-5,18,-1,18,-2,18,0,0,0,0,0,0,0,0,0,0,0]"""
1782031939827,2026-06-21T17:52:19.827,safe,posture,mhw,standing_still,t017,"CSI_DATA,535763,1a:00:00:00:00:00,-44,11,-99,16,29,11,525608694,47,2,256,0,""[0,0,0,0,0,0,0,0,0,0,0,0,6,-1,5,-1,8,0,6,-1,8,-1,6,0,9,-1,10,1,10,0,12,-1,10,1,11,0,12,0,12,0,11,1,16,2,15,0,16,3,13,4,11,2,15,2,17,3,18,3,18,5,17,5,17,5,19,5,18,4,21,8,17,4,21,6,16,5,20,3,21,5,20,3,23,4,23,5,20,6,23,5,26,4,23,2,26,6,21,6,25,3,19,2,27,2,25,3,27,1,28,3,28,4,26,6,32,5,30,5,32,5,32,6,27,5,32,5,0,0,0,0,0,0,9,-31,10,-38,5,-27,8,-32,10,-38,10,-27,8,-34,8,-27,10,-33,8,-26,9,-27,8,-31,9,-30,6,-32,8,-28,8,-28,6,-28,5,-28,5,-24,6,-33,3,-26,6,-30,5,-25,2,-25,4,-32,5,-27,4,-32,4,-27,6,-28,2,-30,5,-30,2,-25,8,-32,8,-27,5,-28,8,-23,6,-30,9,-26,8,-28,8,-26,11,-28,13,-24,15,-24,15,-25,12,-24,16,-23,15,-18,12,-23,12,-13,15,-17,15,-15,13,-16,15,-15,16,-11,16,-10,15,-8,15,-6,0,0,0,0,0,0,0,0,0,0]"""
1782031939839,2026-06-21T17:52:19.839,safe,posture,mhw,standing_still,t017,"CSI_DATA,535764,1a:00:00:00:00:00,-44,11,-99,20,28,11,525619694,47,2,256,0,""[0,0,0,0,0,0,0,0,0,0,0,0,-4,-3,-3,-4,-6,-3,-6,-3,-6,-5,-5,-2,-6,-4,-9,-3,-9,-4,-10,-4,-8,-5,-9,-8,-9,-5,-11,-8,-11,-9,-15,-8,-12,-5,-15,-8,-12,-6,-13,-8,-16,-9,-15,-5,-17,-10,-15,-9,-17,-9,-17,-8,-17,-9,-18,-9,-19,-8,-18,-6,-19,-8,-18,-5,-19,-4,-20,-3,-21,-3,-23,-3,-21,-3,-20,-4,-21,-2,-25,-3,-24,-2,-25,0,-23,1,-27,0,-23,2,-23,3,-26,3,-27,6,-30,6,-32,5,-30,4,-32,4,-32,6,-30,8,-32,9,-32,10,-31,11,0,0,0,0,0,0,10,32,11,35,12,28,13,32,12,34,10,28,12,33,13,28,12,28,12,26,13,25,15,25,19,26,17,28,13,25,16,26,18,24,17,25,17,24,20,23,20,19,20,23,20,17,20,16,21,17,26,18,24,18,21,18,24,17,24,17,25,19,25,18,27,16,25,15,26,17,24,13,25,13,25,15,25,16,28,16,24,18,21,17,21,17,23,18,21,17,23,15,17,15,19,16,16,13,17,12,17,15,15,13,17,13,15,16,11,16,10,17,10,16,0,0,0,0,0,0,0,0,0,0]"""
1782031939851,2026-06-21T17:52:19.851,safe,posture,mhw,standing_still,t017,"CSI_DATA,535765,1a:00:00:00:00:00,-44,11,-99,17,29,11,525630694,47,2,256,0,""[0,0,0,0,0,0,0,0,0,0,0,0,5,0,7,-1,5,0,7,-1,7,-2,8,1,10,0,8,0,11,0,8,1,11,0,12,-1,13,-2,12,-1,15,1,12,-1,16,0,13,0,15,0,17,0,15,-1,17,-2,15,1,17,1,20,0,19,-1,20,0,21,0,16,-2,20,-2,20,0,23,-3,19,-1,20,-3,21,-4,22,-4,19,-4,20,-5,20,-7,21,-6,24,-6,19,-12,23,-12,23,-10,25,-13,21,-11,23,-15,22,-13,23,-14,23,-16,22,-19,24,-19,29,-17,24,-16,24,-21,28,-20,28,-20,0,0,0,0,0,0,-23,-30,-19,-28,-23,-28,-19,-25,-21,-23,-22,-28,-20,-20,-23,-24,-20,-22,-23,-23,-22,-21,-20,-22,-25,-19,-22,-19,-24,-20,-24,-17,-24,-15,-24,-15,-25,-19,-23,-10,-29,-13,-24,-15,-28,-12,-26,-13,-23,-12,-28,-12,-23,-11,-25,-8,-29,-10,-28,-7,-26,-10,-30,-12,-24,-6,-30,-6,-28,-10,-32,-8,-26,-11,-28,-8,-28,-12,-28,-10,-24,-7,-25,-10,-26,-8,-24,-8,-24,-13,-23,-7,-24,-11,-22,-13,-22,-14,-16,-13,-19,-11,-16,-12,-17,-10,-15,-12,-13,-12,-13,-13,-12,-14,0,0,0,0,0,0,0,0,0,0]"""
1782031939860,2026-06-21T17:52:19.860,safe,posture,mhw,standing_still,t017,"CSI_DATA,535766,1a:00:00:00:00:00,-44,11,-99,16,29,11,525641694,47,2,256,0,""[0,0,0,0,0,0,0,0,0,0,0,0,-2,4,-2,4,-1,5,-3,6,-2,6,-4,9,-5,6,-4,6,-5,6,-6,5,-6,10,-6,9,-5,10,-9,9,-12,9,-9,9,-9,10,-12,10,-13,11,-13,8,-13,5,-13,10,-13,6,-15,9,-16,9,-17,10,-16,8,-19,9,-15,8,-18,9,-18,9,-23,11,-20,5,-19,5,-20,6,-18,5,-17,9,-20,11,-21,8,-18,9,-21,6,-19,12,-23,12,-24,10,-30,11,-24,5,-26,10,-27,5,-24,8,-27,9,-30,12,-27,12,-31,10,-31,6,-30,11,-31,8,-33,8,0,0,0,0,0,0,3,34,3,28,5,39,2,34,1,26,2,34,2,27,1,36,2,30,-1,35,-2,34,-3,26,-2,30,-3,28,-1,31,1,32,1,30,-1,27,-3,31,0,26,1,30,0,26,-2,32,-3,31,-4,27,-4,28,-3,25,1,30,-2,30,-2,27,-3,26,-6,31,-3,26,-2,28,-5,27,-10,34,-11,28,-10,26,-13,27,-13,24,-12,23,-11,28,-13,24,-11,21,-17,19,-11,20,-15,21,-18,18,-23,17,-18,12,-18,11,-19,8,-17,8,-19,8,-17,8,-15,5,-18,2,0,0,0,0,0,0,0,0,0,0]"""
1782031939872,2026-06-21T17:52:19.872,safe,posture,mhw,standing_still,t017,"CSI_DATA,535767,1a:00:00:00:00:00,-44,11,-99,15,29,11,525652694,47,2,256,0,""[0,0,0,0,0,0,0,0,0,0,0,0,-2,5,-3,5,-3,7,-4,5,-2,5,-3,8,-3,9,-4,8,-4,11,-5,8,-3,11,-3,13,-4,11,-2,13,-4,14,-3,13,-3,15,-4,11,-4,16,-3,15,-3,13,-3,20,-5,15,-3,20,-5,20,-2,17,-1,20,-2,21,2,17,2,20,0,19,2,23,2,20,4,20,1,23,5,22,5,17,9,21,8,20,9,21,9,22,13,19,15,21,15,22,19,24,13,21,17,21,19,21,19,20,22,21,26,17,24,19,26,20,24,19,28,16,30,20,29,17,0,0,0,0,0,0,16,-30,14,-32,11,-34,15,-32,10,-27,11,-32,8,-29,8,-35,7,-28,9,-34,3,-32,9,-27,1,-32,3,-27,1,-32,-3,-32,-3,-28,-3,-28,-2,-32,-7,-24,-11,-29,-7,-27,-10,-29,-9,-27,-7,-26,-11,-28,-10,-23,-15,-24,-16,-26,-16,-22,-16,-23,-17,-27,-19,-19,-22,-21,-19,-21,-23,-27,-16,-22,-19,-21,-19,-23,-19,-21,-19,-20,-21,-21,-21,-19,-20,-19,-17,-21,-19,-15,-20,-17,-14,-19,-16,-21,-14,-16,-15,-19,-11,-15,-14,-16,-10,-15,-13,-15,-11,-14,-10,-16,0,0,0,0,0,0,0,0,0,0]"""
1782031939884,2026-06-21T17:52:19.884,safe,posture,mhw,standing_still,t017,"CSI_DATA,535768,1a:00:00:00:00:00,-44,11,-99,16,29,11,525663694,47,2,256,0,""[0,0,0,0,0,0,0,0,0,0,0,0,-1,-5,-2,-5,-2,-5,-2,-6,-3,-5,-3,-6,-3,-8,-1,-8,-3,-8,-1,-10,-4,-11,-2,-12,-4,-11,-4,-11,-3,-15,-3,-11,-2,-15,-3,-15,-2,-17,0,-18,2,-17,-1,-15,-1,-15,-5,-18,-2,-18,-3,-18,-2,-18,-1,-20,-2,-17,-4,-20,-4,-19,-4,-25,-2,-21,-3,-20,-3,-23,-2,-19,-4,-18,-8,-23,-6,-21,-6,-17,-5,-21,-10,-18,-10,-24,-9,-24,-11,-30,-8,-24,-12,-26,-6,-30,-9,-24,-11,-25,-17,-27,-15,-24,-11,-31,-10,-30,-17,-28,-16,-31,-10,-31,0,0,0,0,0,0,-32,11,-27,12,-36,15,-31,12,-24,10,-33,12,-25,11,-33,13,-26,11,-33,12,-31,11,-26,6,-28,12,-27,10,-28,13,-26,15,-25,15,-23,15,-26,13,-20,15,-25,18,-23,17,-26,18,-26,13,-23,12,-23,16,-23,13,-23,19,-24,18,-21,17,-21,15,-26,16,-20,16,-23,19,-23,17,-31,20,-27,11,-26,15,-27,12,-26,11,-24,11,-26,16,-25,12,-19,10,-24,8,-21,10,-24,11,-24,8,-27,4,-21,1,-23,1,-18,-1,-19,-2,-18,-1,-21,1,-18,0,-18,-2,0,0,0,0,0,0,0,0,0,0]"""
1782031939893,2026-06-21T17:52:19.893,safe,posture,mhw,standing_still,t017,"CSI_DATA,535769,1a:00:00:00:00:00,-44,11,-99,20,28,11,525674694,47,2,256,0,""[0,0,0,0,0,0,0,0,0,0,0,0,-4,4,-3,4,-3,5,-4,4,-5,5,-5,6,-5,6,-6,6,-8,9,-6,5,-6,6,-8,6,-9,6,-10,8,-12,9,-11,9,-11,9,-13,8,-12,8,-11,6,-12,5,-15,10,-16,6,-15,6,-16,8,-16,8,-17,9,-19,9,-16,9,-17,10,-17,8,-19,10,-18,10,-17,10,-19,12,-20,12,-18,11,-18,12,-18,11,-18,13,-20,11,-16,16,-20,16,-23,15,-20,16,-18,13,-20,19,-21,16,-23,20,-20,19,-23,19,-25,19,-27,20,-23,20,-26,19,-27,21,-25,21,0,0,0,0,0,0,19,31,17,31,17,27,16,28,19,27,17,28,19,25,19,27,15,27,17,27,18,24,16,25,21,24,17,25,13,23,19,26,18,24,18,24,18,27,19,23,19,21,18,23,18,20,20,20,18,21,21,21,19,23,18,20,21,23,19,20,18,23,20,25,19,20,19,20,18,24,20,25,17,21,20,21,17,26,16,25,15,25,13,25,13,24,12,25,11,26,10,23,9,24,8,25,5,23,4,21,4,20,3,21,4,19,1,19,-1,19,-1,19,-3,18,0,0,0,0,0,0,0,0,0,0]"""
1782031939905,2026-06-21T17:52:19.905,safe,posture,mhw,standing_still,t017,"CSI_DATA,535770,1a:00:00:00:00:00,-44,11,-99,16,29,11,525685694,47,2,256,0,""[0,0,0,0,0,0,0,0,0,0,0,0,-2,4,-3,3,-4,4,-4,5,-5,5,-5,6,-5,6,-6,9,-6,6,-6,9,-6,8,-8,10,-5,9,-8,9,-6,8,-12,11,-9,12,-11,12,-10,12,-11,11,-11,12,-10,12,-11,15,-11,13,-11,15,-11,16,-11,16,-9,15,-13,16,-11,15,-12,18,-11,17,-9,19,-10,18,-6,19,-10,20,-9,24,-8,20,-8,23,-4,25,-3,21,-5,25,-4,21,-1,26,-4,23,-1,27,-2,26,3,26,0,30,1,28,0,30,0,28,1,30,2,33,4,31,3,33,8,34,0,0,0,0,0,0,32,-5,36,-6,31,-8,33,-8,36,-8,30,-5,33,-9,30,-8,32,-10,28,-10,30,-10,28,-13,27,-11,27,-15,26,-12,24,-16,26,-16,25,-17,21,-15,27,-17,23,-18,23,-19,18,-18,21,-20,20,-21,19,-18,20,-25,19,-24,18,-23,17,-25,18,-23,15,-23,20,-25,17,-24,15,-26,16,-21,16,-27,18,-24,16,-27,17,-23,16,-24,16,-23,17,-23,17,-21,13,-20,18,-19,18,-17,13,-20,15,-15,17,-18,15,-16,15,-18,13,-11,15,-15,16,-12,15,-10,13,-9,0,0,0,0,0,0,0,0,0,0]"""
1782031939917,2026-06-21T17:52:19.917,safe,posture,mhw,standing_still,t017,"CSI_DATA,535771,1a:00:00:00:00:00,-44,11,-99,15,29,11,525696694,47,2,256,0,""[0,0,0,0,0,0,0,0,0,0,0,0,0,-5,2,-7,2,-4,2,-7,1,-8,2,-8,3,-9,2,-8,3,-9,3,-9,3,-13,3,-10,3,-11,2,-11,2,-11,4,-11,4,-17,3,-14,5,-16,5,-15,5,-14,5,-16,7,-14,5,-19,7,-17,4,-17,4,-15,4,-20,5,-16,3,-20,3,-19,4,-23,4,-22,3,-20,3,-22,2,-21,1,-19,-2,-23,0,-23,-2,-21,-2,-23,-3,-20,-7,-24,-5,-24,-7,-29,-4,-27,-5,-27,-4,-28,-7,-24,-8,-27,-13,-32,-13,-26,-10,-28,-9,-29,-14,-30,-11,-33,-14,-30,0,0,0,0,0,0,-30,16,-26,11,-34,20,-28,16,-24,14,-32,20,-27,16,-30,19,-23,16,-33,17,-28,19,-24,16,-23,15,-22,16,-24,21,-21,21,-21,21,-19,21,-21,21,-19,20,-19,24,-17,23,-21,26,-19,23,-19,23,-16,22,-15,21,-13,28,-15,26,-13,26,-13,23,-11,27,-11,24,-13,29,-10,27,-16,32,-17,27,-15,26,-16,27,-13,22,-13,23,-13,28,-14,24,-13,21,-13,22,-11,22,-14,22,-13,21,-19,23,-14,17,-14,16,-15,14,-14,13,-14,14,-16,16,-14,11,-14,11,0,0,0,0,0,0,0,0,0,0]"""
1782031939924,2026-06-21T17:52:19.924,safe,posture,mhw,standing_still,t017,"CSI_DATA,535772,1a:00:00:00:00:00,-44,11,-99,15,29,11,525707694,47,2,256,0,""[0,0,0,0,0,0,0,0,0,0,0,0,5,3,5,3,5,3,8,4,7,3,7,5,7,7,5,7,5,5,5,7,9,8,8,8,9,9,9,9,10,11,7,9,10,14,8,11,9,15,8,17,8,15,7,16,5,14,8,17,8,19,8,17,5,16,5,21,7,14,7,20,8,19,8,24,4,21,5,20,5,22,4,20,7,19,9,21,8,20,5,17,7,21,9,19,11,23,10,23,11,33,5,26,9,27,4,27,5,23,7,27,13,29,11,27,8,30,8,32,13,30,7,34,7,33,0,0,0,0,0,0,33,-2,29,-2,40,-3,33,-1,27,-1,35,-1,28,-2,35,0,28,-2,36,1,34,2,28,3,30,2,29,2,34,1,30,-1,30,-1,28,0,32,2,26,0,32,-1,29,0,34,0,32,2,28,3,27,3,26,2,30,-1,32,2,29,2,26,3,30,5,27,1,32,2,28,3,35,8,29,10,27,10,28,11,24,13,23,10,29,9,26,11,22,11,22,15,20,9,22,15,20,15,21,21,14,19,14,17,10,19,9,16,9,17,10,17,8,14,4,17,0,0,0,0,0,0,0,0,0,0]"""
1782031939938,2026-06-21T17:52:19.938,safe,posture,mhw,standing_still,t017,"CSI_DATA,535773,1a:00:00:00:00:00,-44,11,-99,17,29,11,525718694,47,2,256,0,""[0,0,0,0,0,0,0,0,0,0,0,0,0,-5,2,-6,1,-6,1,-5,3,-8,2,-7,3,-8,4,-8,3,-10,4,-8,5,-8,4,-10,6,-10,6,-10,7,-11,8,-11,8,-12,8,-11,10,-10,11,-13,11,-13,12,-12,14,-10,15,-8,17,-11,15,-10,17,-11,19,-11,15,-11,16,-11,17,-10,17,-10,17,-11,16,-11,19,-12,20,-11,20,-11,19,-11,19,-10,21,-10,21,-12,20,-13,21,-14,23,-13,23,-12,21,-12,23,-13,23,-13,23,-15,28,-12,25,-12,29,-12,30,-14,29,-11,32,-14,31,-12,30,-11,0,0,0,0,0,0,-7,-34,-5,-35,-5,-32,-5,-33,-5,-32,-3,-34,-4,-31,-3,-32,-3,-32,-1,-31,-3,-30,-1,-29,-4,-32,0,-30,2,-29,1,-29,-1,-29,0,-31,2,-30,-2,-28,-4,-30,0,-29,0,-25,0,-28,1,-26,-1,-29,2,-30,2,-26,3,-30,2,-29,4,-30,4,-31,3,-29,3,-29,5,-29,6,-29,6,-26,7,-28,8,-28,11,-29,12,-24,15,-24,15,-23,14,-22,17,-22,14,-21,16,-20,17,-19,17,-15,15,-14,16,-14,19,-12,17,-11,17,-7,16,-6,17,-4,19,-3,0,0,0,0,0,0,0,0,0,0]"""
1782031939950,2026-06-21T17:52:19.950,safe,posture,mhw,standing_still,t017,"CSI_DATA,535774,1a:00:00:00:00:00,-44,11,-99,15,29,11,525729694,47,2,256,0,""[0,0,0,0,0,0,0,0,0,0,0,0,-5,2,-7,2,-7,1,-5,1,-7,3,-9,1,-9,1,-9,0,-10,0,-10,1,-11,0,-11,0,-13,0,-11,-1,-13,-2,-14,-3,-15,-5,-15,-2,-15,-4,-19,-4,-19,-4,-15,-9,-15,-7,-17,-5,-17,-9,-16,-9,-16,-9,-16,-10,-15,-11,-16,-11,-16,-10,-17,-13,-17,-14,-15,-14,-16,-13,-15,-14,-16,-13,-20,-14,-17,-16,-19,-14,-17,-14,-17,-16,-19,-16,-20,-15,-19,-19,-20,-20,-19,-20,-21,-19,-17,-20,-19,-22,-22,-22,-20,-22,-21,-23,-19,-26,-20,-26,-19,-27,-19,-27,0,0,0,0,0,0,-30,14,-29,15,-32,16,-30,15,-27,13,-29,14,-30,13,-32,13,-29,13,-32,10,-30,8,-28,8,-29,5,-29,8,-30,9,-28,8,-29,9,-28,8,-28,7,-28,4,-28,7,-29,7,-29,7,-30,5,-29,4,-26,3,-28,4,-28,7,-30,4,-29,3,-30,2,-29,3,-30,0,-29,1,-29,1,-33,-3,-30,-3,-29,-4,-28,-5,-27,-9,-26,-8,-27,-8,-26,-11,-26,-10,-23,-10,-21,-13,-21,-16,-21,-14,-17,-17,-16,-17,-14,-19,-10,-16,-9,-16,-10,-17,-8,-19,-4,-15,-4,-16,0,0,0,0,0,0,0,0,0,0]"""
1782031939965,2026-06-21T17:52:19.965,safe,posture,mhw,standing_still,t017,"CSI_DATA,535775,1a:00:00:00:00:00,-44,11,-99,16,29,11,525743772,47,2,256,0,""[0,0,0,0,0,0,0,0,0,0,0,0,-6,-4,-4,-3,-6,-5,-6,-4,-5,-3,-5,-4,-5,-3,-6,-6,-6,-5,-8,-6,-8,-8,-10,-9,-9,-8,-10,-11,-8,-10,-11,-11,-9,-11,-11,-13,-10,-10,-10,-13,-9,-13,-10,-13,-13,-13,-9,-13,-10,-16,-11,-16,-11,-18,-11,-16,-12,-17,-10,-17,-12,-16,-9,-13,-12,-15,-12,-15,-16,-16,-16,-18,-16,-17,-12,-16,-15,-17,-17,-19,-17,-16,-18,-19,-16,-18,-18,-17,-17,-13,-20,-16,-19,-18,-23,-15,-23,-18,-23,-19,-18,-18,-21,-23,-23,-21,-24,-23,-24,-23,-23,-19,-26,-20,0,0,0,0,0,0,-24,25,-28,26,-19,19,-24,23,-25,28,-23,20,-25,24,-21,20,-24,23,-19,18,-17,21,-20,23,-21,24,-21,25,-21,18,-20,20,-19,21,-21,23,-19,20,-21,25,-16,21,-18,26,-13,19,-15,23,-17,24,-15,26,-18,25,-16,23,-19,23,-17,25,-20,23,-16,24,-19,26,-18,21,-19,23,-16,19,-16,23,-17,20,-17,24,-20,24,-23,20,-21,15,-23,17,-21,17,-20,16,-23,16,-20,11,-21,15,-16,11,-18,10,-19,9,-19,11,-20,8,-21,4,-16,2,-18,0,-18,-1,0,0,0,0,0,0,0,0,0,0]"""
1782031939975,2026-06-21T17:52:19.975,safe,posture,mhw,standing_still,t017,"CSI_DATA,535776,1a:00:00:00:00:00,-44,11,-99,20,28,11,525751694,47,2,256,0,""[0,0,0,0,0,0,0,0,0,0,0,0,4,-3,4,-3,5,-2,6,-3,5,-4,6,-5,9,-5,8,-4,9,-5,9,-5,10,-5,9,-6,9,-6,9,-9,11,-8,10,-8,13,-10,11,-8,15,-11,13,-8,11,-5,12,-10,13,-9,15,-12,13,-12,12,-11,13,-12,15,-13,12,-11,13,-16,13,-15,15,-19,16,-16,15,-15,12,-17,9,-15,10,-16,10,-23,11,-21,8,-20,8,-20,6,-23,4,-25,5,-24,9,-31,6,-24,5,-26,9,-27,5,-24,2,-27,-1,-32,0,-27,2,-31,3,-32,-2,-33,-2,-34,-2,-34,0,0,0,0,0,0,-34,1,-30,3,-39,5,-34,4,-27,5,-34,5,-30,8,-34,9,-28,8,-35,8,-32,8,-30,6,-27,9,-26,10,-28,15,-27,16,-27,17,-23,15,-25,13,-20,15,-21,19,-21,18,-25,21,-24,18,-20,18,-19,17,-18,19,-16,24,-18,23,-18,24,-17,19,-19,24,-15,24,-16,26,-15,25,-23,31,-21,23,-18,24,-21,24,-17,20,-17,21,-15,27,-16,24,-12,19,-16,19,-13,20,-16,23,-13,20,-20,21,-18,15,-17,16,-17,12,-15,12,-15,13,-16,15,-13,11,-15,11,0,0,0,0,0,0,0,0,0,0]"""
1782031939984,2026-06-21T17:52:19.984,safe,posture,mhw,standing_still,t017,"CSI_DATA,535777,1a:00:00:00:00:00,-44,11,-99,15,29,11,525762694,47,2,256,0,""[0,0,0,0,0,0,0,0,0,0,0,0,-5,0,-7,1,-5,1,-7,0,-5,2,-8,0,-10,1,-8,-1,-9,1,-9,0,-11,1,-14,1,-13,1,-10,1,-15,1,-13,-1,-16,3,-13,2,-17,1,-19,1,-17,2,-17,0,-15,0,-19,3,-20,4,-19,4,-16,3,-20,3,-16,3,-21,7,-20,5,-24,7,-22,4,-20,5,-21,4,-20,7,-17,7,-20,13,-19,10,-16,11,-20,11,-15,13,-20,16,-19,15,-26,21,-22,14,-21,17,-22,16,-19,15,-21,20,-21,27,-16,23,-21,23,-21,22,-17,29,-21,27,-23,26,0,0,0,0,0,0,27,20,26,17,34,22,28,19,22,15,30,17,27,14,32,17,26,13,33,19,29,16,26,15,28,13,24,10,32,9,30,7,28,7,26,4,28,8,26,3,32,1,27,2,34,3,29,5,27,3,27,4,26,1,29,-3,29,-2,29,-3,27,-1,30,-1,26,-3,30,-7,28,-4,36,-4,32,2,30,-2,32,1,26,2,26,-2,32,-7,29,-3,23,-3,26,0,24,-3,27,-2,24,0,29,2,23,4,22,3,19,5,19,2,17,3,20,4,17,3,17,4,0,0,0,0,0,0,0,0,0,0]"""
1782031939994,2026-06-21T17:52:19.994,safe,posture,mhw,standing_still,t017,"CSI_DATA,535778,1a:00:00:00:00:00,-44,11,-99,19,28,11,525773694,47,2,256,0,""[0,0,0,0,0,0,0,0,0,0,0,0,-1,7,0,4,-1,5,-2,7,-2,8,0,8,-1,7,-1,10,-3,10,-1,11,-2,10,-2,13,0,13,-2,14,-3,11,-3,17,-2,14,-4,16,-2,14,-1,14,-1,16,-4,17,-2,19,-3,16,-2,19,-2,20,-4,20,-2,20,-4,21,-2,17,-2,22,-1,16,0,21,-1,20,2,21,1,22,2,24,1,23,3,23,3,24,3,21,3,28,4,23,7,26,5,20,9,26,8,26,11,23,11,27,11,30,9,27,11,29,11,29,15,32,11,30,13,27,15,29,0,0,0,0,0,0,29,-14,34,-16,24,-14,30,-16,34,-20,26,-13,33,-19,26,-15,30,-17,24,-16,23,-17,23,-19,26,-21,24,-22,23,-17,21,-20,20,-21,21,-21,17,-20,22,-23,16,-22,21,-24,13,-19,15,-23,17,-24,14,-27,16,-28,14,-24,15,-27,11,-28,14,-27,11,-26,16,-29,11,-23,13,-27,10,-23,11,-28,15,-26,11,-27,14,-27,14,-27,16,-23,15,-24,16,-24,15,-22,17,-23,14,-16,14,-22,13,-14,13,-20,14,-16,13,-17,15,-15,14,-16,15,-13,15,-10,16,-9,0,0,0,0,0,0,0,0,0,0]"""
1782031940005,2026-06-21T17:52:20.005,safe,posture,mhw,standing_still,t017,"CSI_DATA,535779,1a:00:00:00:00:00,-44,11,-99,15,29,11,525784694,47,2,256,0,""[0,0,0,0,0,0,0,0,0,0,0,0,-3,-5,-3,-5,-3,-7,-2,-5,-3,-8,-2,-7,-3,-7,-1,-9,-3,-9,-3,-10,-1,-9,-2,-11,-2,-13,-2,-14,-1,-13,0,-15,-1,-14,2,-16,1,-13,1,-15,3,-21,2,-16,2,-21,3,-17,4,-19,4,-21,4,-19,4,-16,5,-22,3,-17,5,-20,5,-16,3,-21,7,-20,4,-21,4,-22,7,-22,8,-21,8,-23,7,-23,5,-22,7,-26,7,-22,4,-26,7,-19,4,-27,7,-23,4,-27,9,-29,10,-29,9,-26,14,-28,11,-29,13,-32,13,-30,13,-26,11,-33,0,0,0,0,0,0,-29,-15,-35,-21,-24,-15,-29,-17,-33,-22,-23,-17,-28,-21,-24,-19,-28,-22,-22,-16,-23,-15,-27,-19,-23,-19,-27,-20,-22,-20,-22,-19,-24,-17,-22,-19,-20,-19,-24,-22,-21,-15,-23,-20,-17,-15,-21,-17,-23,-19,-23,-17,-23,-20,-19,-19,-21,-22,-22,-20,-21,-24,-21,-19,-20,-27,-17,-21,-20,-21,-15,-20,-20,-22,-16,-23,-19,-23,-15,-24,-13,-27,-9,-26,-8,-26,-9,-27,-7,-23,-5,-28,-2,-23,-5,-24,-1,-17,-2,-23,0,-22,-1,-21,2,-22,3,-22,5,-17,8,-16,7,-16,0,0,0,0,0,0,0,0,0,0]"""
1782031940014,2026-06-21T17:52:20.014,safe,posture,mhw,standing_still,t017,"CSI_DATA,535780,1a:00:00:00:00:00,-44,11,-99,16,29,11,525795694,47,2,256,0,""[0,0,0,0,0,0,0,0,0,0,0,0,-2,5,-2,6,0,6,-2,8,-2,8,-1,6,-2,8,-3,9,-2,9,-3,9,-4,10,-5,12,-4,11,-6,13,-6,11,-5,13,-4,15,-6,13,-4,12,-4,16,-4,15,-6,17,-8,15,-9,15,-9,16,-8,16,-10,16,-10,18,-8,18,-6,17,-8,18,-6,18,-5,17,-6,18,-6,23,-4,23,-6,23,-6,21,-5,21,-6,23,-6,24,-3,24,-3,23,-5,27,-2,25,-2,23,0,26,0,26,-1,30,-2,30,0,27,0,31,-3,32,-2,32,-1,35,1,33,-1,32,0,0,0,0,0,0,35,1,35,4,33,1,33,2,36,1,33,3,32,0,33,0,33,1,28,0,30,-2,30,0,32,-4,33,-3,28,0,30,-1,30,-3,32,-3,31,-2,27,-8,26,-8,31,-4,24,-6,25,-6,27,-5,28,-10,27,-9,26,-5,30,-10,27,-10,27,-9,30,-9,27,-10,28,-10,30,-9,27,-9,25,-8,27,-10,28,-8,30,-8,28,-6,27,-3,28,-4,28,-4,26,-3,26,-3,25,-2,26,-1,23,-1,20,0,20,1,21,1,21,0,21,3,17,5,18,5,17,8,0,0,0,0,0,0,0,0,0,0]"""
1782031940029,2026-06-21T17:52:20.029,safe,posture,mhw,standing_still,t017,"CSI_DATA,535781,1a:00:00:00:00:00,-44,11,-99,20,28,11,525806694,47,2,256,0,""[0,0,0,0,0,0,0,0,0,0,0,0,1,-5,3,-6,0,-5,2,-6,2,-6,2,-8,3,-6,2,-6,5,-9,4,-9,6,-10,5,-12,5,-11,6,-12,9,-13,6,-13,6,-13,9,-13,8,-15,10,-13,11,-12,8,-15,10,-15,10,-15,11,-16,9,-16,11,-15,12,-17,9,-15,10,-17,11,-17,10,-18,12,-17,10,-18,9,-19,10,-20,10,-17,9,-19,9,-19,8,-19,10,-23,8,-21,9,-25,9,-25,10,-27,8,-21,5,-28,10,-26,6,-27,8,-28,8,-28,6,-30,9,-32,9,-28,8,-33,6,-33,6,-31,0,0,0,0,0,0,-34,-11,-31,-10,-35,-11,-32,-9,-32,-8,-33,-11,-28,-9,-32,-9,-31,-10,-28,-8,-28,-8,-27,-8,-33,-6,-27,-6,-27,-8,-30,-5,-28,-3,-30,-4,-32,-5,-28,-1,-30,-1,-28,-5,-28,-3,-28,-3,-28,-2,-32,0,-28,-2,-27,1,-31,-1,-30,-1,-28,-1,-32,-2,-27,-1,-30,0,-30,-3,-34,-2,-28,-4,-28,-2,-28,-4,-30,-4,-28,-3,-27,-5,-27,-4,-27,-4,-25,-10,-24,-4,-24,-9,-23,-9,-24,-10,-17,-10,-20,-10,-18,-11,-19,-11,-16,-11,-16,-11,-13,-12,-12,-15,0,0,0,0,0,0,0,0,0,0]"""
1782031940041,2026-06-21T17:52:20.041,safe,posture,mhw,standing_still,t017,"CSI_DATA,535782,1a:00:00:00:00:00,-44,11,-99,15,29,11,525817694,47,2,256,0,""[0,0,0,0,0,0,0,0,0,0,0,0,2,-5,2,-4,1,-7,0,-7,3,-8,2,-8,1,-7,2,-11,2,-8,0,-10,1,-10,3,-11,2,-10,3,-13,3,-10,3,-16,1,-14,3,-16,4,-14,3,-14,4,-17,1,-17,3,-20,3,-17,3,-19,1,-19,3,-20,1,-17,2,-21,1,-19,0,-22,1,-16,-3,-21,-3,-19,-4,-21,-4,-21,-5,-23,-5,-22,-7,-23,-9,-23,-9,-20,-10,-26,-8,-22,-14,-22,-10,-17,-17,-21,-13,-22,-20,-17,-19,-21,-20,-22,-17,-22,-19,-24,-21,-24,-24,-24,-23,-23,-21,-20,-26,-20,0,0,0,0,0,0,-20,26,-22,30,-17,22,-17,29,-21,34,-16,26,-19,32,-15,26,-15,30,-11,24,-13,27,-9,29,-10,29,-8,33,-9,27,-7,29,-5,30,-5,30,-3,27,-3,34,-2,27,-1,30,2,26,2,28,3,29,3,29,4,33,4,30,3,30,8,30,5,30,8,26,7,35,5,28,9,29,8,24,11,27,8,28,11,28,8,28,8,28,5,27,7,27,7,28,8,26,5,29,4,23,8,26,4,19,5,23,4,21,7,22,2,19,4,22,0,19,1,17,-1,16,0,0,0,0,0,0,0,0,0,0]"""
1782031940051,2026-06-21T17:52:20.051,safe,posture,mhw,standing_still,t017,"CSI_DATA,535783,1a:00:00:00:00:00,-44,11,-99,16,29,11,525830835,47,2,256,0,""[0,0,0,0,0,0,0,0,0,0,0,0,0,-5,-1,-8,-1,-4,0,-8,-1,-6,-1,-8,0,-9,1,-9,-1,-10,1,-9,0,-11,2,-11,1,-13,1,-12,1,-16,2,-12,2,-15,2,-15,5,-18,6,-15,6,-11,3,-17,6,-13,6,-19,5,-18,5,-17,4,-17,8,-19,4,-16,6,-20,5,-17,8,-24,9,-17,9,-19,9,-20,8,-19,5,-19,4,-23,5,-21,5,-19,9,-23,1,-20,3,-27,4,-24,6,-30,10,-25,5,-26,9,-25,6,-25,6,-27,4,-34,3,-28,8,-32,8,-30,4,-33,8,-35,11,-31,0,0,0,0,0,0,-33,-11,-27,-10,-36,-12,-31,-13,-25,-11,-33,-13,-25,-10,-34,-13,-25,-9,-33,-13,-30,-15,-25,-13,-30,-12,-23,-11,-30,-10,-28,-9,-30,-8,-26,-6,-28,-12,-23,-6,-31,-6,-26,-8,-32,-9,-28,-10,-25,-11,-27,-9,-24,-9,-28,-5,-30,-8,-27,-6,-25,-8,-31,-12,-25,-4,-31,-8,-25,-9,-34,-13,-25,-15,-26,-12,-25,-17,-24,-15,-21,-15,-26,-13,-24,-15,-21,-13,-20,-17,-19,-13,-21,-16,-17,-15,-19,-21,-12,-20,-11,-18,-8,-19,-10,-17,-5,-16,-11,-17,-8,-16,-4,-17,0,0,0,0,0,0,0,0,0,0]"""
1782031940062,2026-06-21T17:52:20.062,safe,posture,mhw,standing_still,t017,"CSI_DATA,535784,1a:00:00:00:00:00,-44,11,-99,17,28,11,525839694,47,2,256,0,""[0,0,0,0,0,0,0,0,0,0,0,0,-16,-2,21,7,-3,-11,22,-12,0,-21,1,5,-25,-10,6,0,8,-2,-13,0,-1,-17,2,-6,-2,-7,2,-16,10,-3,1,-12,7,-20,-1,-13,7,-12,5,-11,11,-21,8,-12,5,-17,7,-17,6,-15,5,-15,8,-15,7,-16,10,-17,7,-17,8,-17,10,-17,10,-18,8,-20,10,-20,7,-18,10,-20,11,-22,11,-21,8,-22,6,-22,12,-22,12,-21,8,-23,7,-18,8,-28,12,-23,7,-27,12,-26,11,-25,12,-25,15,-26,13,-27,13,-31,15,-30,12,-27,15,-31,0,0,0,0,0,0,-27,-16,-31,-17,-28,-15,-27,-16,-31,-18,-25,-17,-27,-20,-26,-17,-27,-20,-25,-20,-23,-16,-28,-17,-23,-20,-27,-16,-25,-16,-23,-16,-25,-16,-25,-17,-22,-15,-25,-18,-23,-17,-23,-17,-22,-15,-23,-15,-25,-15,-25,-16,-25,-15,-23,-17,-25,-16,-26,-15,-25,-17,-23,-15,-25,-22,-22,-17,-23,-16,-21,-17,-22,-20,-20,-20,-22,-18,-17,-20,-20,-21,-16,-22,-15,-22,-16,-23,-15,-21,-12,-25,-8,-22,-11,-22,-6,-18,-10,-22,-7,-22,-7,-20,-3,-18,-3,-22,-1,-18,2,-18,2,-17,0,0,0,0,0,0,0,0,0,0]"""
1782031940071,2026-06-21T17:52:20.071,safe,posture,mhw,standing_still,t017,"CSI_DATA,535785,1a:00:00:00:00:00,-44,11,-99,15,29,11,525850694,47,2,256,0,""[0,0,0,0,0,0,0,0,0,0,0,0,5,0,5,1,5,1,8,1,9,1,8,2,9,2,8,2,11,3,8,4,10,2,11,4,10,5,13,5,14,9,11,5,13,8,14,8,14,8,14,13,13,11,15,11,11,11,14,13,14,13,14,14,11,14,14,16,14,13,14,14,13,15,16,16,14,16,14,15,14,17,15,16,14,15,16,16,15,15,15,14,17,20,16,14,21,17,16,20,20,22,15,19,21,21,19,21,22,20,20,22,21,22,22,23,21,27,17,24,22,24,24,28,19,24,0,0,0,0,0,0,33,-17,29,-16,30,-17,30,-15,26,-14,33,-15,26,-14,30,-16,29,-11,32,-13,29,-13,28,-10,30,-15,26,-10,28,-10,28,-11,28,-13,26,-13,30,-11,22,-11,28,-14,27,-10,27,-13,26,-10,24,-9,27,-14,27,-9,26,-13,28,-13,27,-13,27,-9,33,-9,24,-11,28,-11,27,-7,33,-9,29,-4,29,-8,29,-3,30,-3,24,-2,28,-1,28,0,26,0,27,4,24,1,26,3,24,7,23,8,19,5,20,8,20,9,19,8,16,9,15,11,14,11,13,13,0,0,0,0,0,0,0,0,0,0]"""
1782031940082,2026-06-21T17:52:20.082,safe,posture,mhw,standing_still,t017,"CSI_DATA,535786,1a:00:00:00:00:00,-44,11,-99,20,28,11,525861694,47,2,256,0,""[0,0,0,0,0,0,0,0,0,0,0,0,0,-4,0,-5,1,-6,1,-8,1,-8,3,-8,3,-10,2,-11,3,-9,3,-11,5,-11,4,-11,4,-10,5,-11,5,-12,10,-12,9,-12,8,-12,9,-11,9,-15,10,-13,13,-11,11,-12,13,-13,12,-11,15,-12,15,-11,13,-12,17,-11,15,-12,16,-13,17,-12,18,-13,18,-11,16,-12,18,-10,18,-11,19,-15,18,-12,18,-13,18,-13,20,-15,20,-15,19,-16,23,-16,21,-16,23,-13,24,-13,24,-13,24,-16,25,-17,25,-13,27,-17,32,-13,31,-16,30,-13,31,-15,0,0,0,0,0,0,-12,-31,-10,-31,-13,-32,-10,-33,-10,-31,-10,-32,-6,-33,-9,-32,-9,-31,-6,-34,-5,-33,-5,-31,-3,-27,-6,-30,-5,-31,-6,-30,-6,-30,-5,-27,-4,-27,-4,-30,-5,-28,-5,-30,-5,-28,-4,-30,-5,-27,-2,-28,-4,-27,-4,-28,-3,-28,-3,-30,-3,-30,-3,-28,1,-30,-1,-28,-2,-30,2,-32,3,-31,4,-30,3,-31,8,-27,6,-27,8,-30,10,-26,10,-26,9,-24,13,-24,13,-21,12,-23,15,-19,15,-19,15,-17,15,-13,16,-10,16,-13,17,-11,15,-8,17,-4,0,0,0,0,0,0,0,0,0,0]"""
1782031940091,2026-06-21T17:52:20.091,safe,posture,mhw,standing_still,t017,"CSI_DATA,535787,1a:00:00:00:00:00,-44,11,-99,17,29,11,525872694,47,2,256,0,""[0,0,0,0,0,0,0,0,0,0,0,0,0,-5,-2,-7,0,-6,-1,-7,0,-6,-1,-7,-1,-7,0,-10,-2,-10,-2,-10,-2,-10,-2,-12,-3,-12,-3,-13,-3,-13,-4,-15,-4,-14,-3,-14,-2,-13,-7,-13,-7,-13,-7,-17,-5,-16,-4,-16,-6,-17,-7,-16,-6,-20,-8,-20,-11,-16,-11,-16,-11,-16,-13,-14,-12,-16,-14,-15,-14,-19,-16,-15,-16,-14,-16,-14,-17,-13,-19,-14,-20,-13,-23,-10,-23,-11,-25,-10,-24,-7,-23,-6,-25,-7,-28,-5,-29,-4,-31,-5,-28,-4,-32,-3,-34,-1,-33,-3,-34,-2,-32,0,-32,2,0,0,0,0,0,0,3,35,3,37,4,31,6,33,7,34,5,30,8,30,10,31,10,30,10,28,13,26,12,28,19,29,15,26,14,26,16,25,19,23,19,24,17,24,22,20,22,19,22,20,21,16,22,14,23,16,29,15,26,15,23,14,26,15,28,12,28,12,29,12,30,10,29,8,28,10,29,7,28,6,29,6,29,7,30,6,29,7,26,10,26,7,28,6,26,7,25,5,24,6,24,7,22,6,21,4,22,6,20,5,21,6,19,6,17,7,17,8,15,10,0,0,0,0,0,0,0,0,0,0]"""
1782031940103,2026-06-21T17:52:20.103,safe,posture,mhw,standing_still,t017,"CSI_DATA,535788,1a:00:00:00:00:00,-44,11,-99,15,29,11,525883694,47,2,256,0,""[0,0,0,0,0,0,0,0,0,0,0,0,-7,2,-5,2,-8,1,-7,1,-7,3,-9,3,-8,3,-8,5,-10,2,-9,7,-9,5,-9,4,-11,5,-14,4,-10,5,-15,7,-11,7,-13,9,-11,7,-11,9,-14,14,-15,9,-15,11,-14,11,-14,10,-15,10,-15,11,-15,13,-17,13,-14,11,-14,14,-11,13,-14,17,-13,16,-11,20,-10,16,-11,20,-10,20,-10,21,-10,23,-7,22,-10,24,-8,23,-4,24,-7,20,-1,27,-4,27,2,28,-2,29,-1,32,1,29,-2,32,0,32,-1,34,1,33,2,30,5,35,0,0,0,0,0,0,34,-5,36,-7,30,-5,34,-8,35,-10,30,-7,34,-10,28,-9,33,-11,28,-11,28,-13,29,-17,26,-15,28,-19,24,-14,22,-15,24,-21,23,-19,21,-19,23,-21,19,-20,22,-23,15,-20,19,-23,16,-27,15,-23,16,-28,13,-24,13,-28,11,-28,13,-27,9,-27,15,-30,13,-27,10,-28,9,-26,7,-29,11,-26,5,-29,10,-28,7,-28,10,-26,13,-27,10,-29,9,-24,13,-24,11,-20,7,-24,8,-17,9,-22,9,-20,7,-21,9,-19,10,-20,8,-15,10,-14,11,-14,0,0,0,0,0,0,0,0,0,0]"""
1782031940113,2026-06-21T17:52:20.113,safe,posture,mhw,standing_still,t017,"CSI_DATA,535789,1a:00:00:00:00:00,-44,11,-99,16,29,11,525894694,47,2,256,0,""[0,0,0,0,0,0,0,0,0,0,0,0,1,-5,0,-6,1,-6,0,-8,0,-8,0,-9,0,-10,1,-9,-1,-10,1,-8,2,-11,0,-13,-1,-12,2,-12,1,-15,1,-13,0,-16,1,-16,1,-13,-2,-15,0,-13,-3,-20,0,-17,0,-18,0,-20,-3,-19,0,-19,-1,-21,-3,-20,-5,-19,-3,-19,-5,-20,-6,-18,-6,-19,-8,-19,-10,-21,-10,-19,-11,-20,-10,-19,-13,-20,-12,-20,-15,-18,-16,-19,-16,-20,-18,-18,-17,-16,-21,-17,-23,-17,-23,-19,-24,-18,-21,-16,-27,-21,-27,-20,-26,-17,-28,-17,-30,-18,-30,-16,0,0,0,0,0,0,-16,35,-16,31,-12,32,-15,31,-12,32,-13,32,-11,28,-12,32,-10,30,-11,28,-6,28,-6,27,-4,34,-4,30,-6,28,-2,31,-2,31,-2,30,-4,32,3,27,5,30,2,31,5,27,6,26,5,26,10,31,5,28,6,25,9,30,10,27,9,28,10,32,11,25,12,26,12,27,12,28,12,25,15,26,15,27,13,28,10,25,10,26,12,27,9,27,10,26,11,21,9,23,8,24,6,23,6,19,8,20,5,20,6,20,4,19,3,18,3,19,1,19,0,0,0,0,0,0,0,0,0,0]"""
1782031940124,2026-06-21T17:52:20.124,safe,posture,mhw,standing_still,t017,"CSI_DATA,535790,1a:00:00:00:00:00,-44,11,-99,14,29,11,525905694,47,2,256,0,""[0,0,0,0,0,0,0,0,0,0,0,0,-6,1,-6,0,-7,1,-7,1,-9,-1,-7,2,-8,2,-9,3,-9,2,-11,3,-12,2,-11,2,-13,1,-14,3,-12,1,-15,1,-14,2,-18,2,-13,1,-14,4,-17,6,-17,3,-19,4,-18,2,-18,4,-18,3,-19,2,-18,3,-22,4,-17,6,-19,8,-17,7,-18,9,-18,8,-17,12,-18,11,-19,12,-19,11,-18,12,-19,15,-18,14,-20,15,-19,12,-20,19,-15,14,-17,20,-17,19,-13,23,-17,24,-18,26,-18,22,-18,25,-17,24,-18,29,-19,26,-15,29,-14,28,0,0,0,0,0,0,29,15,35,18,26,11,30,13,36,15,26,13,33,14,28,11,34,12,25,9,29,7,31,7,33,6,34,4,28,7,29,4,33,3,31,4,29,2,31,1,28,-1,31,0,24,-3,26,-4,29,-4,30,-7,31,-7,26,-3,29,-4,30,-9,31,-7,26,-9,34,-8,29,-7,30,-7,24,-7,29,-12,28,-9,29,-12,30,-8,29,-8,28,-3,29,-6,29,-6,25,-6,26,-6,23,-2,25,-6,18,-3,23,-4,20,-3,22,-6,20,-2,22,-2,19,0,18,2,18,2,0,0,0,0,0,0,0,0,0,0]"""
1782031940136,2026-06-21T17:52:20.136,safe,posture,mhw,standing_still,t017,"CSI_DATA,535791,1a:00:00:00:00:00,-44,11,-99,20,28,11,525916694,47,2,256,0,""[0,0,0,0,0,0,0,0,0,0,0,0,5,-1,5,-1,6,-2,8,-3,6,-1,6,-2,6,-3,9,-2,9,-4,11,-4,9,-4,11,-4,12,-5,13,-5,13,-2,16,-3,15,-5,17,-4,16,-4,12,-4,15,-2,17,-8,19,-6,18,-5,19,-4,18,-6,18,-5,19,-6,19,-8,16,-8,19,-9,16,-9,17,-10,17,-10,17,-12,19,-16,18,-12,18,-11,18,-13,20,-15,17,-15,20,-18,18,-16,17,-18,16,-16,17,-20,17,-20,16,-23,17,-25,18,-26,16,-24,17,-26,18,-27,16,-27,19,-28,16,-27,15,-30,0,0,0,0,0,0,-28,-17,-32,-19,-25,-13,-30,-13,-34,-18,-28,-16,-33,-16,-30,-11,-32,-15,-27,-10,-28,-9,-28,-10,-32,-8,-31,-6,-27,-10,-28,-6,-31,-4,-31,-5,-30,-4,-31,-2,-27,0,-32,-3,-26,1,-27,1,-28,0,-31,3,-33,2,-27,2,-32,2,-30,5,-32,4,-30,3,-31,4,-28,5,-31,4,-26,4,-28,6,-28,4,-30,6,-30,5,-30,5,-27,1,-28,2,-30,2,-27,1,-27,2,-21,-1,-27,0,-20,0,-21,0,-21,-1,-20,0,-21,-1,-23,-3,-19,-3,-18,-3,-17,-6,0,0,0,0,0,0,0,0,0,0]"""
1782031940149,2026-06-21T17:52:20.149,safe,posture,mhw,standing_still,t017,"CSI_DATA,535792,1a:00:00:00:00:00,-44,11,-99,15,29,11,525928789,47,2,256,0,""[0,0,0,0,0,0,0,0,0,0,0,0,1,-7,2,-7,2,-7,1,-7,1,-7,4,-7,4,-8,3,-9,4,-9,5,-11,5,-9,7,-10,7,-10,7,-11,7,-11,11,-11,9,-11,10,-13,10,-10,13,-11,14,-14,11,-10,13,-14,15,-13,13,-13,15,-13,15,-11,15,-11,20,-10,17,-11,16,-10,17,-11,17,-13,19,-13,17,-14,19,-10,19,-11,20,-13,20,-13,20,-14,19,-14,23,-13,22,-13,20,-16,20,-11,23,-17,22,-13,22,-19,23,-14,23,-15,26,-16,26,-13,26,-15,29,-15,29,-14,26,-14,30,-15,0,0,0,0,0,0,-13,-30,-11,-33,-11,-30,-10,-32,-9,-33,-8,-30,-10,-34,-7,-32,-7,-33,-5,-30,-7,-32,-9,-30,-4,-29,-8,-30,-8,-30,-7,-27,-8,-29,-7,-29,-5,-26,-4,-32,-5,-29,-5,-30,-5,-27,-5,-29,-8,-29,-4,-28,-8,-30,-8,-28,-4,-29,-7,-29,-3,-29,-4,-27,-1,-33,-2,-29,-2,-29,0,-28,-1,-32,1,-32,1,-29,5,-27,4,-29,7,-29,8,-28,5,-26,5,-24,11,-24,11,-22,10,-23,11,-19,11,-21,13,-17,13,-16,14,-13,14,-14,16,-11,15,-10,15,-9,0,0,0,0,0,0,0,0,0,0]"""
1782031940159,2026-06-21T17:52:20.159,safe,posture,mhw,standing_still,t017,"CSI_DATA,535793,1a:00:00:00:00:00,-44,11,-99,15,29,11,525938694,47,2,256,0,""[0,0,0,0,0,0,0,0,0,0,0,0,-3,-4,-3,-5,-4,-3,-3,-5,-4,-8,-3,-9,-4,-10,-4,-7,-4,-9,-2,-9,-5,-11,-4,-11,-2,-11,-4,-13,-2,-14,-2,-14,-3,-16,-2,-16,0,-17,-1,-19,-1,-14,2,-19,2,-16,1,-19,3,-20,3,-19,4,-17,3,-20,3,-17,3,-19,2,-20,4,-26,5,-21,4,-20,7,-21,5,-20,4,-21,3,-26,4,-21,4,-19,5,-22,1,-23,3,-26,4,-26,8,-32,9,-24,7,-28,9,-26,7,-24,10,-26,9,-30,8,-29,10,-29,14,-29,11,-32,14,-29,15,-28,0,0,0,0,0,0,-29,-17,-27,-15,-33,-20,-27,-19,-22,-16,-29,-21,-24,-16,-28,-22,-27,-16,-26,-24,-24,-22,-19,-20,-22,-21,-21,-20,-26,-21,-22,-21,-23,-20,-21,-17,-23,-20,-21,-17,-23,-19,-23,-20,-23,-22,-22,-23,-19,-20,-19,-22,-17,-21,-23,-21,-20,-21,-20,-22,-17,-20,-19,-24,-17,-22,-21,-23,-19,-22,-21,-30,-15,-27,-13,-26,-11,-27,-9,-24,-8,-26,-13,-27,-8,-27,-5,-23,-3,-26,-5,-23,-2,-24,-3,-24,1,-28,3,-22,3,-22,5,-21,5,-17,7,-19,8,-19,8,-17,9,-16,0,0,0,0,0,0,0,0,0,0]"""
1782031940169,2026-06-21T17:52:20.169,safe,posture,mhw,standing_still,t017,"CSI_DATA,535794,1a:00:00:00:00:00,-44,11,-99,15,29,11,525951246,47,2,256,0,""[0,0,0,0,0,0,0,0,0,0,0,0,2,5,2,7,3,7,2,7,2,8,3,8,3,8,3,9,4,10,4,11,1,10,3,11,3,11,3,13,0,14,3,15,1,15,1,16,2,13,1,15,1,19,4,17,3,20,1,19,2,17,2,19,1,20,1,21,3,20,3,20,1,21,2,20,2,20,5,21,4,21,7,21,5,21,4,22,5,23,4,23,7,23,10,22,9,24,8,26,9,22,11,22,11,23,13,24,14,26,13,29,13,24,14,29,13,32,15,28,14,29,19,30,15,30,0,0,0,0,0,0,33,-15,34,-13,29,-16,30,-15,33,-14,30,-10,28,-14,29,-13,30,-13,28,-14,27,-15,28,-13,28,-17,29,-16,27,-13,26,-16,24,-15,26,-15,27,-16,24,-17,22,-19,26,-17,20,-17,21,-19,23,-16,22,-21,23,-19,21,-19,24,-20,22,-17,23,-20,23,-21,23,-20,21,-19,26,-19,22,-17,22,-19,21,-19,23,-20,24,-19,23,-17,23,-14,24,-13,24,-14,24,-11,23,-14,23,-9,24,-9,19,-8,21,-7,21,-7,22,-7,22,-5,22,-3,17,-1,20,0,19,1,0,0,0,0,0,0,0,0,0,0]"""
1782031940178,2026-06-21T17:52:20.178,safe,posture,mhw,standing_still,t017,"CSI_DATA,535795,1a:00:00:00:00:00,-44,11,-99,15,29,11,525960694,47,2,256,0,""[0,0,0,0,0,0,0,0,0,0,0,0,3,5,2,4,2,8,2,7,2,8,3,8,3,9,4,9,2,8,3,11,2,10,2,10,3,11,3,14,3,11,2,16,3,14,3,15,2,16,4,17,5,17,0,17,3,16,3,19,1,17,1,20,0,19,3,17,0,21,1,19,2,21,2,21,3,21,2,21,5,21,4,20,4,21,5,23,2,23,4,23,7,22,5,26,4,23,10,23,5,23,10,28,8,28,10,27,8,26,9,27,9,29,7,28,9,28,10,32,13,32,9,30,11,32,0,0,0,0,0,0,32,-9,33,-9,32,-11,32,-11,33,-10,33,-8,32,-9,33,-9,32,-9,33,-7,32,-9,32,-13,29,-9,29,-11,29,-10,26,-8,28,-10,27,-11,24,-10,28,-9,27,-13,27,-14,26,-11,26,-14,26,-15,24,-10,27,-14,26,-16,26,-13,28,-14,27,-13,24,-15,30,-13,27,-14,26,-13,28,-11,28,-14,27,-10,27,-10,28,-9,27,-8,29,-8,28,-7,28,-7,23,-5,27,-1,24,0,24,-5,23,-2,26,-1,22,0,21,1,20,2,20,2,20,5,16,7,19,8,0,0,0,0,0,0,0,0,0,0]"""
1782031940192,2026-06-21T17:52:20.192,safe,posture,mhw,standing_still,t017,"CSI_DATA,535796,1a:00:00:00:00:00,-44,11,-99,19,28,11,525971694,47,2,256,0,""[0,0,0,0,0,0,0,0,0,0,0,0,3,-5,2,-4,2,-5,4,-7,4,-7,4,-5,3,-7,4,-9,4,-9,5,-9,5,-10,5,-10,7,-9,8,-11,7,-10,13,-11,10,-13,13,-13,13,-10,9,-9,14,-9,13,-13,15,-14,13,-13,13,-13,13,-15,16,-13,14,-13,19,-14,16,-10,15,-11,13,-10,15,-16,15,-15,16,-16,16,-15,16,-19,16,-16,16,-17,17,-19,15,-19,21,-19,19,-16,16,-19,14,-14,16,-22,17,-19,15,-22,19,-23,19,-22,19,-21,20,-22,21,-22,21,-27,22,-24,21,-23,22,-26,0,0,0,0,0,0,-22,-24,-28,-28,-24,-21,-24,-24,-27,-28,-20,-24,-26,-28,-21,-23,-22,-26,-20,-22,-20,-20,-22,-22,-20,-23,-26,-23,-21,-20,-21,-19,-23,-20,-23,-20,-21,-17,-24,-22,-22,-17,-24,-21,-21,-16,-21,-20,-24,-20,-23,-20,-24,-19,-23,-16,-23,-19,-24,-16,-24,-20,-23,-16,-23,-26,-21,-20,-21,-20,-17,-19,-22,-21,-19,-22,-21,-20,-19,-23,-20,-22,-15,-22,-16,-23,-16,-26,-14,-21,-11,-26,-9,-23,-10,-22,-7,-17,-9,-23,-5,-22,-7,-20,-3,-20,-3,-20,0,-17,-1,-19,1,-17,0,0,0,0,0,0,0,0,0,0]"""
1782031940201,2026-06-21T17:52:20.201,safe,posture,mhw,standing_still,t017,"CSI_DATA,535797,1a:00:00:00:00:00,-44,11,-99,15,29,11,525982706,47,2,256,0,""[0,0,0,0,0,0,0,0,0,0,0,0,-3,1,-5,1,-7,0,-7,2,-8,2,-8,2,-9,2,-9,2,-8,1,-10,3,-11,3,-11,3,-13,4,-11,3,-14,3,-14,3,-14,3,-13,3,-17,3,-15,5,-14,5,-17,3,-17,3,-17,7,-19,4,-19,5,-19,5,-19,7,-19,5,-20,7,-19,9,-22,9,-20,9,-20,9,-20,11,-20,10,-19,13,-17,14,-19,14,-17,15,-17,16,-17,14,-20,19,-17,20,-19,20,-17,21,-17,21,-16,23,-16,21,-17,24,-17,27,-15,21,-19,27,-21,28,-16,29,-16,29,-16,32,0,0,0,0,0,0,30,16,30,15,34,14,30,14,29,13,32,13,30,11,33,11,30,9,32,10,30,9,30,7,28,8,28,5,30,4,32,4,30,1,29,3,27,1,29,1,30,0,29,-2,30,-2,30,-1,29,-5,28,-4,29,-3,29,-8,30,-5,29,-8,28,-8,28,-8,29,-7,30,-8,28,-9,33,-8,30,-9,28,-7,29,-7,27,-4,27,-8,29,-8,28,-4,27,-4,26,-8,24,-3,26,-2,24,-7,24,-2,24,-1,21,-1,21,0,20,0,20,0,19,1,17,1,16,2,0,0,0,0,0,0,0,0,0,0]"""
1782031940214,2026-06-21T17:52:20.214,safe,posture,mhw,standing_still,t017,"CSI_DATA,535798,1a:00:00:00:00:00,-44,11,-99,16,29,11,525993694,47,2,256,0,""[0,0,0,0,0,0,0,0,0,0,0,0,0,-6,2,-6,1,-6,1,-8,1,-6,2,-8,4,-8,2,-9,3,-9,3,-11,3,-10,3,-10,4,-10,5,-13,6,-12,8,-11,8,-12,6,-12,9,-13,11,-13,12,-15,11,-11,12,-15,12,-15,11,-13,13,-13,13,-12,12,-13,15,-12,13,-13,13,-13,15,-15,13,-16,15,-16,16,-16,16,-16,16,-16,15,-17,16,-16,15,-17,16,-16,18,-18,17,-18,16,-19,18,-18,18,-21,18,-18,18,-20,19,-18,18,-20,21,-20,23,-19,23,-21,26,-21,24,-24,25,-21,26,-23,0,0,0,0,0,0,-19,-26,-20,-27,-20,-28,-18,-27,-18,-27,-20,-27,-17,-28,-17,-30,-17,-28,-16,-28,-17,-27,-16,-26,-15,-27,-16,-27,-16,-26,-15,-25,-17,-25,-13,-26,-15,-23,-15,-27,-15,-25,-16,-25,-15,-24,-15,-25,-16,-24,-12,-25,-16,-25,-17,-25,-15,-26,-15,-25,-15,-25,-13,-24,-12,-28,-12,-27,-13,-27,-10,-30,-12,-30,-10,-27,-9,-28,-6,-27,-6,-28,-4,-28,-2,-27,-4,-27,-4,-25,1,-26,1,-26,0,-26,3,-23,3,-23,5,-20,4,-20,6,-18,10,-18,9,-18,10,-15,9,-13,0,0,0,0,0,0,0,0,0,0]"""
1782031940223,2026-06-21T17:52:20.223,safe,posture,mhw,standing_still,t017,"CSI_DATA,535799,1a:00:00:00:00:00,-44,11,-99,19,28,11,526004694,47,2,256,0,""[0,0,0,0,0,0,0,0,0,0,0,0,-4,0,-7,1,-5,-1,-9,1,-7,0,-10,1,-9,-1,-8,1,-9,0,-9,1,-10,0,-11,0,-13,0,-14,2,-13,0,-14,-1,-17,1,-15,0,-19,-1,-15,-1,-15,-1,-19,-2,-16,0,-19,1,-19,0,-20,1,-19,-1,-20,1,-20,-1,-21,0,-19,1,-23,0,-23,1,-21,2,-21,2,-21,2,-21,2,-22,5,-22,3,-22,7,-22,5,-23,7,-24,8,-23,10,-28,8,-26,10,-26,10,-24,11,-24,10,-27,11,-28,16,-24,15,-30,15,-30,13,-29,17,-29,17,-29,17,0,0,0,0,0,0,19,29,17,26,22,32,19,29,19,24,21,30,17,27,21,29,17,24,20,32,20,27,19,24,17,24,19,22,22,24,21,22,22,22,22,20,23,21,21,19,24,20,22,17,26,21,23,19,23,16,21,19,22,16,26,15,26,15,26,14,24,14,27,14,24,15,28,15,24,14,29,20,26,17,24,16,24,17,21,15,21,15,26,16,22,17,21,13,20,16,19,15,21,20,20,14,17,20,16,19,16,19,13,17,13,17,10,16,11,19,8,15,9,16,0,0,0,0,0,0,0,0,0,0]"""
1782031940235,2026-06-21T17:52:20.235,safe,posture,mhw,standing_still,t017,"CSI_DATA,535800,1a:00:00:00:00:00,-44,11,-99,16,29,11,526015694,47,2,256,0,""[0,0,0,0,0,0,0,0,0,0,0,0,-5,2,-4,3,-6,4,-3,3,-6,4,-8,4,-6,3,-6,8,-8,6,-8,8,-10,6,-9,6,-9,9,-11,8,-8,8,-12,12,-9,10,-13,12,-10,12,-11,10,-13,15,-11,11,-10,16,-11,15,-11,15,-10,16,-11,16,-9,15,-12,18,-10,17,-9,19,-6,17,-6,20,-5,19,-4,24,-3,20,-3,24,-3,24,-2,25,1,25,1,23,0,26,1,25,3,25,3,21,10,27,6,25,10,25,9,27,11,27,9,26,11,27,11,31,15,31,13,31,17,25,20,27,0,0,0,0,0,0,27,-19,28,-24,24,-20,24,-23,27,-27,21,-21,26,-24,21,-23,21,-26,16,-25,16,-24,13,-27,16,-27,13,-31,12,-26,10,-27,9,-31,8,-30,4,-27,8,-30,4,-27,3,-30,1,-26,-1,-28,-2,-31,-1,-27,-2,-32,-3,-30,-4,-30,-8,-31,-6,-28,-9,-26,-5,-33,-5,-28,-8,-27,-6,-25,-12,-28,-9,-27,-13,-26,-9,-28,-10,-25,-8,-27,-9,-27,-10,-26,-10,-24,-9,-26,-4,-23,-12,-25,-6,-18,-8,-24,-5,-18,-9,-19,-4,-19,-6,-20,-5,-19,-4,-17,-2,-17,0,0,0,0,0,0,0,0,0,0]"""
1782031940246,2026-06-21T17:52:20.246,safe,posture,mhw,standing_still,t017,"CSI_DATA,535801,1a:00:00:00:00:00,-44,11,-99,14,29,11,526026694,47,2,256,0,""[0,0,0,0,0,0,0,0,0,0,0,0,6,-2,6,0,7,-3,6,-1,9,-4,8,-3,7,-2,9,-4,8,-3,9,-6,9,-4,11,-6,12,-7,12,-6,9,-6,14,-7,11,-7,15,-8,13,-8,12,-8,12,-12,14,-9,15,-12,13,-11,14,-11,13,-13,17,-13,14,-12,17,-14,14,-12,14,-15,11,-14,13,-18,12,-17,11,-20,9,-19,11,-22,11,-19,8,-23,9,-24,6,-20,8,-25,7,-23,3,-26,4,-20,1,-28,3,-28,0,-26,1,-29,-1,-30,-1,-29,-1,-31,-4,-31,-1,-33,-3,-33,-6,-31,-9,-33,0,0,0,0,0,0,-33,8,-37,12,-28,9,-31,11,-37,14,-29,11,-35,15,-28,13,-31,15,-23,14,-24,17,-25,18,-25,19,-24,24,-23,17,-22,20,-20,23,-20,24,-17,20,-20,24,-14,23,-17,25,-12,23,-13,24,-13,28,-12,26,-11,31,-9,28,-11,29,-8,30,-8,30,-6,28,-11,33,-8,28,-7,28,-6,25,-2,31,-6,30,-2,30,-6,30,-3,29,-4,26,-6,28,-6,29,-3,26,-4,28,-7,22,-3,26,-3,19,-3,23,-4,22,-3,20,-6,20,-6,19,-6,17,-6,15,-7,17,0,0,0,0,0,0,0,0,0,0]"""
1782031940256,2026-06-21T17:52:20.256,safe,posture,mhw,standing_still,t017,"CSI_DATA,535802,1a:00:00:00:00:00,-44,11,-99,15,29,11,526037694,47,2,256,0,""[0,0,0,0,0,0,0,0,0,0,0,0,-4,3,-4,3,-5,3,-5,4,-7,4,-5,4,-7,5,-7,5,-8,5,-9,7,-9,8,-8,7,-9,8,-9,9,-9,9,-11,9,-11,9,-11,11,-11,11,-13,11,-13,15,-11,10,-10,13,-13,14,-11,13,-11,16,-11,15,-10,15,-14,15,-11,16,-13,17,-10,19,-11,20,-9,20,-9,21,-9,19,-5,22,-8,22,-8,21,-5,24,-2,23,-5,23,-4,23,-1,26,-2,28,0,29,-1,27,2,27,0,28,2,29,2,32,1,32,7,30,3,34,5,34,5,32,8,33,0,0,0,0,0,0,33,-8,35,-11,32,-14,32,-14,34,-14,30,-11,32,-15,29,-13,29,-14,29,-14,28,-16,27,-19,26,-17,26,-19,22,-19,23,-21,21,-22,20,-21,19,-21,21,-22,19,-23,17,-24,15,-23,15,-24,14,-28,15,-24,14,-27,11,-28,13,-28,10,-29,9,-27,9,-29,13,-30,9,-27,9,-28,10,-28,8,-30,9,-28,8,-29,10,-27,9,-27,7,-27,10,-26,9,-24,7,-23,9,-24,9,-23,7,-26,8,-20,9,-22,9,-20,8,-20,8,-17,8,-17,9,-16,9,-15,10,-15,0,0,0,0,0,0,0,0,0,0]"""
1782031940268,2026-06-21T17:52:20.268,safe,posture,mhw,standing_still,t017,"CSI_DATA,535803,1a:00:00:00:00:00,-44,11,-99,19,28,11,526050245,47,2,256,0,""[0,0,0,0,0,0,0,0,0,0,0,0,-3,7,-3,5,-4,3,-4,5,-3,8,-4,7,-7,7,-5,7,-7,7,-8,7,-7,8,-8,7,-9,8,-9,9,-10,9,-13,9,-11,10,-11,11,-15,10,-15,8,-14,10,-15,5,-15,8,-16,11,-16,9,-16,10,-17,9,-16,9,-19,8,-19,10,-17,9,-20,9,-21,10,-17,11,-19,11,-19,9,-17,11,-20,14,-21,14,-17,13,-19,14,-19,13,-23,15,-19,16,-22,15,-23,17,-22,16,-21,17,-24,16,-23,16,-23,20,-24,19,-26,20,-27,19,-27,19,-27,19,-28,20,0,0,0,0,0,0,16,29,17,28,20,33,17,29,16,28,16,30,14,30,17,30,15,27,16,30,15,27,15,27,14,28,14,26,15,26,16,26,17,26,16,24,17,26,14,26,16,27,15,24,16,26,15,27,16,24,14,26,17,24,19,23,17,23,19,24,16,24,19,26,14,27,16,28,14,27,15,29,16,28,11,28,13,27,8,28,10,26,10,28,8,27,8,26,5,27,4,26,3,26,3,24,0,24,-1,24,-1,22,-3,22,-3,20,-4,20,-5,20,-7,15,-7,17,0,0,0,0,0,0,0,0,0,0]"""
1782031940278,2026-06-21T17:52:20.278,safe,posture,mhw,standing_still,t017,"CSI_DATA,535804,1a:00:00:00:00:00,-44,11,-99,14,29,11,526059694,47,2,256,0,""[0,0,0,0,0,0,0,0,0,0,0,0,-2,7,0,6,-2,8,-2,7,-2,8,-2,7,-2,7,-3,8,-3,11,-4,12,-4,9,-4,9,-4,11,-7,12,-8,12,-9,13,-7,14,-11,13,-8,9,-9,11,-13,12,-9,14,-14,15,-13,12,-13,14,-12,13,-15,12,-12,14,-15,14,-14,14,-17,13,-13,12,-13,15,-15,14,-15,17,-15,19,-17,17,-17,14,-17,15,-18,19,-15,18,-18,18,-17,17,-17,20,-15,15,-17,19,-17,20,-17,23,-19,23,-19,23,-20,19,-24,23,-20,23,-23,23,-25,23,-22,23,-25,24,0,0,0,0,0,0,23,26,24,31,19,23,20,26,24,31,15,28,23,29,18,24,18,29,14,24,17,23,18,25,20,25,20,26,15,26,17,24,19,25,17,25,17,24,19,25,19,22,19,25,17,19,17,19,19,23,20,23,20,25,17,23,17,25,18,24,18,28,19,24,18,28,18,22,15,25,13,23,15,23,13,25,14,25,13,28,12,28,7,26,8,29,8,29,6,26,4,28,1,23,4,26,2,19,1,23,0,22,0,22,-1,23,-2,20,-4,17,-8,17,-8,17,0,0,0,0,0,0,0,0,0,0]"""
1782031940291,2026-06-21T17:52:20.291,safe,posture,mhw,standing_still,t017,"CSI_DATA,535805,1a:00:00:00:00:00,-44,11,-99,16,29,11,526072197,47,2,256,0,""[0,0,0,0,0,0,0,0,0,0,0,0,0,8,-1,8,0,8,-2,8,0,8,-2,10,-2,9,-2,8,-3,9,-3,9,-2,11,-5,11,-4,11,-5,12,-6,10,-8,12,-8,13,-6,13,-11,13,-11,12,-9,10,-10,15,-11,10,-12,13,-13,16,-13,13,-13,12,-15,15,-12,11,-15,15,-15,15,-18,16,-16,15,-15,13,-17,16,-15,13,-15,12,-17,18,-16,15,-16,15,-17,17,-13,16,-17,19,-17,18,-24,21,-19,18,-20,21,-23,19,-19,16,-21,18,-24,21,-21,20,-24,21,-25,20,-24,21,-27,20,-27,20,0,0,0,0,0,0,17,28,17,27,24,32,18,28,11,25,19,30,13,26,16,31,15,26,13,33,12,30,11,26,15,27,10,26,13,27,13,27,15,27,13,25,12,26,11,24,13,27,12,26,13,30,12,28,12,25,10,26,10,25,15,28,15,26,12,26,9,25,10,30,10,25,12,28,8,27,8,34,5,32,6,31,2,30,1,27,3,27,3,31,0,26,0,25,-2,26,-1,24,-3,26,-4,25,-9,28,-8,20,-8,21,-10,18,-9,16,-11,16,-11,17,-11,15,-11,12,0,0,0,0,0,0,0,0,0,0]"""
1782031940300,2026-06-21T17:52:20.300,safe,posture,mhw,standing_still,t017,"CSI_DATA,535806,1a:00:00:00:00:00,-44,11,-99,19,28,11,526081694,47,2,256,0,""[0,0,0,0,0,0,0,0,0,0,0,0,-7,-1,-7,-1,-7,0,-7,-1,-8,0,-8,-2,-9,-1,-9,-2,-10,-2,-10,-2,-13,-2,-11,-1,-14,-2,-14,-2,-14,-3,-14,-4,-16,-4,-15,-3,-15,-7,-17,-4,-15,-2,-16,-4,-17,-4,-19,-4,-19,-5,-16,-4,-20,-5,-20,-4,-19,-4,-21,-4,-20,-3,-22,-5,-23,-4,-21,-4,-23,-4,-21,-1,-21,-2,-22,-1,-23,0,-22,1,-23,1,-24,1,-24,2,-26,3,-27,2,-28,3,-27,3,-27,3,-27,5,-30,7,-30,8,-28,4,-32,8,-34,3,-34,8,-32,5,-33,9,0,0,0,0,0,0,9,34,8,32,11,35,11,33,8,32,9,33,11,32,10,34,13,30,10,33,11,30,13,28,9,27,11,28,14,29,15,27,15,27,14,26,13,24,14,27,16,24,17,26,17,24,17,26,17,23,16,22,17,23,21,23,20,23,20,22,19,22,20,21,19,23,21,22,19,21,21,26,21,26,19,22,19,24,15,24,17,21,19,23,15,24,15,22,16,22,13,21,14,23,11,21,10,23,8,22,8,21,7,20,4,21,4,19,7,21,3,17,3,19,0,0,0,0,0,0,0,0,0,0]"""
1782031940313,2026-06-21T17:52:20.313,safe,posture,mhw,standing_still,t017,"CSI_DATA,535807,1a:00:00:00:00:00,-44,11,-99,16,29,11,526092694,47,2,256,0,""[0,0,0,0,0,0,0,0,0,0,0,0,4,-2,6,-4,3,-3,6,-4,5,-3,9,-5,10,-5,8,-3,9,-5,9,-3,10,-5,10,-5,11,-6,11,-6,12,-8,10,-5,16,-9,11,-6,16,-6,18,-8,16,-8,17,-6,15,-6,18,-8,17,-8,17,-8,16,-4,21,-8,15,-8,18,-10,16,-9,24,-11,21,-8,19,-9,20,-9,17,-10,16,-11,19,-15,18,-13,16,-13,21,-13,15,-16,19,-19,19,-17,25,-21,20,-16,19,-19,24,-17,18,-17,19,-20,20,-25,20,-23,25,-25,20,-21,20,-26,24,-27,23,-24,0,0,0,0,0,0,-26,-25,-19,-20,-28,-27,-24,-26,-21,-19,-27,-26,-21,-18,-26,-24,-20,-17,-26,-25,-25,-21,-20,-19,-23,-19,-18,-18,-24,-19,-26,-16,-26,-16,-23,-16,-25,-18,-21,-11,-28,-12,-23,-12,-28,-16,-25,-15,-24,-15,-25,-13,-20,-13,-28,-10,-27,-11,-26,-10,-23,-10,-28,-15,-24,-6,-30,-10,-26,-13,-34,-18,-25,-16,-25,-12,-25,-16,-23,-15,-20,-12,-27,-13,-25,-13,-20,-11,-21,-17,-20,-11,-23,-16,-18,-16,-20,-21,-15,-19,-15,-16,-9,-18,-11,-15,-9,-15,-12,-17,-9,-13,-5,-17,0,0,0,0,0,0,0,0,0,0]"""
1782031940322,2026-06-21T17:52:20.322,safe,posture,mhw,standing_still,t017,"CSI_DATA,535808,1a:00:00:00:00:00,-44,11,-99,14,29,11,526103694,47,2,256,0,""[0,0,0,0,0,0,0,0,0,0,0,0,7,-1,6,-2,6,-1,7,-2,8,0,8,-1,8,-2,11,-3,9,-2,11,-2,12,-3,12,-4,11,-4,13,-3,12,-2,14,-3,14,-3,17,-6,15,-4,14,-6,13,-9,17,-6,17,-8,17,-7,15,-8,18,-8,18,-8,17,-9,18,-8,15,-8,17,-11,15,-12,17,-14,17,-13,14,-17,14,-14,15,-17,15,-18,15,-18,13,-20,11,-20,15,-22,13,-20,9,-24,9,-22,9,-29,9,-26,3,-26,8,-29,6,-28,7,-30,7,-29,6,-30,6,-34,4,-31,3,-31,3,-34,0,0,0,0,0,0,-34,1,-34,1,-33,3,-36,2,-35,3,-33,1,-34,3,-31,4,-35,7,-31,7,-30,8,-30,12,-28,9,-30,13,-29,12,-25,14,-25,15,-25,15,-23,15,-29,17,-23,18,-24,19,-19,19,-20,20,-19,23,-20,20,-19,25,-18,24,-18,25,-15,28,-17,25,-12,25,-19,24,-15,25,-13,25,-15,25,-13,30,-14,26,-11,28,-14,26,-13,25,-14,25,-14,24,-13,25,-11,23,-14,22,-14,20,-12,24,-13,18,-13,22,-12,18,-11,19,-12,15,-12,17,-11,15,-11,14,-13,12,0,0,0,0,0,0,0,0,0,0]"""
1782031940335,2026-06-21T17:52:20.335,safe,posture,mhw,standing_still,t017,"CSI_DATA,535809,1a:00:00:00:00:00,-44,11,-99,19,28,11,526116278,47,2,256,0,""[0,0,0,0,0,0,0,0,0,0,0,0,4,-4,4,-5,3,-5,5,-7,3,-7,5,-7,5,-7,5,-4,5,-10,8,-5,8,-9,8,-10,5,-10,7,-10,10,-14,7,-10,9,-13,7,-11,8,-15,11,-15,11,-13,9,-15,9,-13,10,-16,10,-17,8,-17,8,-17,13,-19,7,-16,5,-21,8,-19,8,-23,8,-20,7,-20,7,-20,5,-21,3,-19,1,-23,2,-22,1,-21,3,-24,-3,-21,-3,-27,-4,-27,-3,-32,-1,-26,-5,-28,-2,-28,-5,-26,-7,-28,-11,-28,-11,-28,-10,-32,-10,-29,-17,-29,-17,-34,-13,-34,0,0,0,0,0,0,-33,14,-26,15,-33,20,-30,15,-24,13,-30,20,-24,19,-29,22,-26,19,-28,21,-26,22,-24,16,-22,22,-21,20,-22,22,-21,24,-17,26,-16,22,-21,26,-10,23,-11,29,-15,24,-14,29,-13,27,-11,24,-9,27,-11,23,-7,28,-8,28,-7,28,-7,27,-10,30,-3,26,-3,29,-4,30,-8,38,-10,28,-5,30,-10,29,-5,27,-7,27,-2,32,-4,28,-4,24,-7,26,-1,24,-3,28,-7,23,-9,26,-8,20,-8,21,-10,17,-7,20,-10,19,-8,19,-8,16,-10,16,0,0,0,0,0,0,0,0,0,0]"""
1782031940346,2026-06-21T17:52:20.346,safe,posture,mhw,standing_still,t017,"CSI_DATA,535810,1a:00:00:00:00:00,-44,11,-99,15,29,11,526125694,47,2,256,0,""[0,0,0,0,0,0,0,0,0,0,0,0,5,0,5,-1,7,-3,8,-2,7,-2,7,-2,8,-2,8,-4,10,-3,9,-4,11,-3,11,-3,10,-4,13,-4,15,-4,15,-4,15,-4,15,-4,14,-4,15,-7,16,-9,15,-5,16,-7,16,-4,19,-7,17,-7,19,-5,20,-9,16,-7,19,-9,17,-9,17,-11,16,-11,15,-14,17,-15,17,-16,16,-15,16,-13,16,-16,17,-16,16,-17,17,-19,15,-19,16,-21,13,-20,11,-22,11,-24,10,-26,13,-26,11,-27,14,-26,13,-28,13,-30,10,-28,11,-32,11,-34,9,-32,0,0,0,0,0,0,-35,-11,-34,-11,-32,-10,-34,-9,-35,-8,-32,-9,-32,-7,-33,-8,-32,-8,-30,-4,-28,-3,-32,-2,-34,1,-30,1,-30,-2,-32,0,-29,3,-30,1,-30,1,-29,4,-28,7,-29,4,-27,7,-27,9,-26,10,-29,13,-28,13,-27,10,-29,13,-24,14,-29,11,-29,14,-28,14,-28,15,-26,14,-27,11,-23,16,-23,16,-26,17,-26,16,-26,14,-26,10,-26,13,-26,11,-26,9,-24,10,-23,8,-23,8,-21,7,-20,9,-20,10,-19,9,-20,7,-19,5,-19,2,-17,2,-19,2,0,0,0,0,0,0,0,0,0,0]"""
1782031940358,2026-06-21T17:52:20.358,safe,posture,mhw,standing_still,t017,"CSI_DATA,535811,1a:00:00:00:00:00,-44,11,-99,19,28,11,526138039,47,2,256,0,""[0,0,0,0,0,0,0,0,0,0,0,0,0,-5,0,-7,1,-7,1,-8,0,-9,1,-9,2,-9,2,-9,3,-10,2,-9,4,-11,4,-10,3,-11,2,-13,5,-14,5,-14,5,-14,5,-16,8,-14,10,-15,9,-15,7,-14,10,-14,10,-17,10,-16,10,-15,9,-15,11,-16,10,-15,13,-19,11,-17,14,-19,14,-19,13,-15,13,-19,13,-17,13,-16,13,-21,13,-19,11,-19,11,-19,13,-21,13,-23,11,-22,15,-27,15,-22,16,-23,14,-22,14,-21,15,-23,17,-28,16,-24,17,-26,20,-26,19,-27,21,-28,22,-27,0,0,0,0,0,0,-26,-23,-24,-22,-28,-27,-23,-23,-23,-21,-23,-23,-22,-23,-24,-26,-22,-21,-23,-27,-21,-26,-21,-21,-17,-23,-21,-22,-24,-24,-21,-21,-21,-21,-20,-20,-20,-22,-20,-21,-22,-21,-21,-21,-22,-21,-20,-23,-19,-20,-17,-21,-20,-21,-24,-21,-21,-21,-20,-20,-19,-20,-20,-21,-17,-22,-20,-23,-19,-22,-20,-28,-17,-27,-16,-23,-15,-26,-10,-26,-13,-24,-15,-28,-11,-26,-9,-23,-8,-23,-8,-23,-5,-26,-5,-23,-1,-27,-1,-23,-1,-22,1,-21,1,-19,3,-21,4,-22,4,-17,5,-16,0,0,0,0,0,0,0,0,0,0]"""
1782031940367,2026-06-21T17:52:20.367,safe,posture,mhw,standing_still,t017,"CSI_DATA,535812,1a:00:00:00:00:00,-44,11,-99,13,29,11,526147694,47,2,256,0,""[0,0,0,0,0,0,0,0,0,0,0,0,5,20,-13,-5,5,0,-16,22,23,2,-6,6,-11,-3,12,16,21,6,15,23,1,12,8,2,12,6,11,16,1,15,5,11,16,10,3,11,11,11,15,12,10,7,13,11,16,15,11,15,13,16,13,11,13,16,13,13,15,17,13,13,16,15,13,12,17,11,16,13,18,11,20,15,18,13,16,13,18,12,22,12,20,12,25,12,21,12,23,8,18,7,26,8,25,7,28,6,28,7,30,10,26,10,30,8,30,8,32,8,31,8,32,5,33,3,0,0,0,0,0,0,8,-32,8,-36,5,-28,5,-35,6,-37,6,-31,6,-33,5,-32,7,-37,3,-27,1,-30,2,-31,0,-32,0,-35,2,-28,0,-31,-1,-31,-2,-31,-3,-30,-3,-33,-5,-27,-3,-31,-5,-22,-6,-25,-5,-27,-10,-27,-10,-31,-8,-27,-8,-28,-10,-27,-8,-30,-10,-27,-8,-32,-10,-27,-8,-28,-7,-23,-12,-27,-8,-27,-11,-27,-8,-30,-7,-28,-3,-26,-6,-30,-5,-30,-5,-25,-3,-28,-1,-22,-3,-25,-2,-17,-2,-22,0,-21,-1,-22,0,-21,0,-21,3,-17,5,-18,5,-17,0,0,0,0,0,0,0,0,0,0]"""
1782031940376,2026-06-21T17:52:20.376,safe,posture,mhw,standing_still,t017,"CSI_DATA,535813,1a:00:00:00:00:00,-44,11,-99,16,29,11,526158694,47,2,256,0,""[0,0,0,0,0,0,0,0,0,0,0,0,2,5,3,5,3,5,2,6,2,6,3,9,2,8,2,9,2,11,1,9,1,12,1,12,2,12,0,13,-2,16,1,13,-1,16,-3,15,-2,17,-2,15,-4,11,-3,18,-4,16,-5,17,-4,18,-6,19,-5,17,-9,19,-5,17,-8,20,-8,16,-8,24,-10,18,-6,19,-10,19,-9,18,-6,19,-8,23,-5,20,-6,19,-11,21,-5,20,-8,25,-11,24,-12,30,-13,20,-12,25,-13,25,-11,25,-13,25,-12,30,-11,28,-16,28,-15,27,-15,28,-17,31,-17,27,0,0,0,0,0,0,26,26,23,21,30,26,25,23,20,20,24,26,20,23,26,26,19,23,23,27,20,26,16,23,21,25,17,23,18,25,19,24,21,21,19,21,18,26,18,19,20,23,16,23,19,25,18,24,15,25,16,25,16,21,18,25,17,25,17,23,13,24,16,30,15,23,16,27,12,26,13,33,8,27,11,27,6,30,6,30,5,25,5,31,5,27,3,25,0,31,2,24,0,26,-3,23,-3,28,-8,21,-5,23,-8,19,-8,19,-8,17,-9,18,-10,16,-11,13,0,0,0,0,0,0,0,0,0,0]"""
1782031940387,2026-06-21T17:52:20.387,safe,posture,mhw,standing_still,t017,"CSI_DATA,535814,1a:00:00:00:00:00,-44,11,-99,15,29,11,526169694,47,2,256,0,""[0,0,0,0,0,0,0,0,0,0,0,0,3,4,4,7,3,5,4,7,4,4,7,7,7,7,5,8,7,7,5,8,8,9,10,10,9,9,10,8,9,13,10,9,11,10,10,9,13,11,14,14,13,13,13,11,13,11,17,11,16,10,16,10,15,10,17,11,14,8,20,7,15,9,24,8,20,9,21,9,20,8,20,5,19,3,22,2,22,1,21,0,26,2,20,-4,26,-3,24,-3,33,-3,26,-1,26,-7,28,-5,24,-8,27,-9,29,-15,26,-14,32,-13,29,-13,29,-19,32,-17,32,-16,0,0,0,0,0,0,-21,-29,-19,-26,-27,-32,-19,-27,-19,-19,-23,-28,-20,-20,-27,-26,-22,-19,-29,-24,-23,-23,-21,-21,-23,-16,-23,-15,-28,-15,-28,-13,-29,-10,-27,-9,-28,-13,-24,-4,-30,-5,-26,-8,-33,-4,-30,-7,-27,-5,-27,-3,-26,-2,-29,3,-29,3,-28,2,-26,1,-34,0,-24,5,-30,8,-28,4,-38,8,-29,2,-29,5,-32,3,-27,3,-24,3,-28,9,-28,7,-23,7,-28,3,-22,7,-26,8,-23,4,-29,2,-21,1,-21,2,-21,0,-21,3,-19,0,-20,2,-17,2,-19,0,0,0,0,0,0,0,0,0,0,0]"""
1782031940400,2026-06-21T17:52:20.400,safe,posture,mhw,standing_still,t017,"CSI_DATA,535815,1a:00:00:00:00:00,-44,11,-99,14,29,11,526180694,47,2,256,0,""[0,0,0,0,0,0,0,0,0,0,0,0,-6,-2,-7,-1,-6,-2,-7,-2,-7,-2,-8,-3,-9,-2,-8,-2,-11,-3,-8,-6,-8,-6,-12,-4,-11,-3,-12,-7,-14,-8,-13,-6,-13,-6,-13,-7,-13,-7,-14,-11,-13,-13,-15,-9,-13,-9,-15,-9,-17,-11,-15,-11,-15,-11,-17,-12,-15,-9,-18,-11,-18,-11,-19,-11,-17,-11,-19,-11,-19,-12,-20,-12,-18,-9,-20,-8,-20,-8,-20,-8,-23,-9,-23,-6,-24,-8,-24,-8,-26,-8,-22,-11,-26,-7,-26,-9,-28,-6,-30,-8,-30,-7,-34,-6,-33,-12,-30,-9,-33,-8,-36,-7,-34,-13,0,0,0,0,0,0,-13,30,-13,33,-11,35,-13,33,-11,30,-15,33,-11,31,-12,31,-11,28,-11,30,-11,30,-12,25,-8,33,-8,28,-11,29,-7,30,-7,29,-7,28,-11,31,-3,28,-4,29,-7,28,-4,29,-4,28,-6,28,-3,31,-6,28,-4,29,-3,31,-1,30,-4,28,-6,33,-1,29,-3,30,-7,29,-4,33,-7,28,-4,30,-8,29,-8,28,-9,25,-9,29,-7,28,-9,25,-12,25,-7,24,-9,25,-13,22,-14,22,-13,17,-13,20,-14,15,-13,17,-13,13,-15,13,-15,13,-15,9,0,0,0,0,0,0,0,0,0,0]"""
1782031940411,2026-06-21T17:52:20.411,safe,posture,mhw,standing_still,t017,"CSI_DATA,535816,1a:00:00:00:00:00,-44,11,-99,14,29,11,526191694,47,2,256,0,""[0,0,0,0,0,0,0,0,0,0,0,0,-4,-1,-4,-1,-7,-1,-8,0,-9,-2,-9,-1,-8,-1,-12,1,-9,-1,-12,-1,-11,0,-11,-2,-12,-2,-14,-1,-12,-2,-14,-1,-14,-1,-17,-1,-15,-1,-14,-3,-18,-3,-15,-1,-19,-1,-18,-1,-19,-2,-20,-1,-19,-1,-19,2,-22,-1,-19,1,-20,1,-20,1,-22,4,-20,3,-20,6,-22,4,-22,8,-22,8,-22,6,-22,11,-19,11,-23,9,-25,9,-22,15,-20,12,-23,18,-23,14,-22,20,-23,19,-20,18,-23,19,-24,20,-23,24,-24,24,-23,24,-23,25,-19,26,0,0,0,0,0,0,28,20,26,22,26,18,29,18,30,22,26,18,31,19,28,15,29,17,28,15,28,13,31,12,28,12,29,11,30,8,28,7,30,6,30,6,28,3,31,6,29,2,30,0,29,1,30,1,31,-2,29,-2,30,-2,29,-3,30,-4,31,-6,31,-6,29,-8,33,-3,30,-4,29,-4,28,-3,31,-9,29,-6,29,-9,29,-4,29,-7,28,-6,30,-4,29,-6,25,-6,25,-3,24,-1,24,-6,22,-1,24,-3,23,-1,20,-2,19,-1,23,-1,18,1,18,2,17,3,0,0,0,0,0,0,0,0,0,0]"""
1782031940422,2026-06-21T17:52:20.422,safe,posture,mhw,standing_still,t017,"CSI_DATA,535817,1a:00:00:00:00:00,-44,11,-99,14,29,11,526202694,47,2,256,0,""[0,0,0,0,0,0,0,0,0,0,0,0,6,2,4,2,7,2,7,2,9,3,8,2,8,1,11,2,9,3,12,2,12,4,9,4,11,4,14,6,12,4,17,6,13,4,15,3,13,3,17,3,19,2,17,4,18,6,17,4,17,6,19,4,19,6,19,4,20,6,19,2,23,3,18,2,20,0,20,1,22,-2,23,-2,25,-1,23,-1,24,-2,26,-4,23,-4,26,-3,23,-3,25,-8,22,-6,24,-12,25,-9,24,-14,28,-11,28,-12,28,-12,29,-13,29,-13,33,-15,30,-14,25,-15,26,-19,0,0,0,0,0,0,-17,-28,-19,-31,-15,-24,-18,-28,-24,-34,-17,-25,-22,-30,-19,-24,-22,-28,-19,-20,-20,-22,-25,-22,-24,-20,-26,-23,-20,-20,-24,-18,-26,-19,-26,-18,-24,-15,-26,-17,-23,-13,-29,-15,-22,-9,-24,-9,-28,-11,-29,-8,-30,-12,-28,-9,-29,-11,-29,-8,-30,-8,-29,-7,-33,-11,-26,-6,-30,-7,-25,-6,-30,-4,-29,-7,-30,-3,-29,-6,-29,-6,-25,-8,-26,-9,-28,-9,-25,-7,-26,-8,-22,-11,-25,-9,-17,-7,-20,-8,-20,-8,-22,-4,-18,-9,-20,-9,-15,-11,-14,-12,-14,-12,0,0,0,0,0,0,0,0,0,0]"""
1782031940432,2026-06-21T17:52:20.432,safe,posture,mhw,standing_still,t017,"CSI_DATA,535818,1a:00:00:00:00:00,-44,11,-99,19,28,11,526213694,47,2,256,0,""[0,0,0,0,0,0,0,0,0,0,0,0,-5,-2,-5,0,-8,-1,-8,0,-8,-1,-9,-1,-8,0,-8,-2,-10,-4,-11,-1,-11,-2,-11,-4,-11,-2,-14,-4,-11,-4,-16,-4,-14,-1,-16,-4,-13,-3,-13,-3,-15,-5,-19,-2,-21,-4,-16,-3,-17,-5,-20,-3,-20,-4,-19,-3,-21,-3,-17,-2,-20,-3,-19,-1,-21,-1,-22,0,-22,1,-23,2,-23,1,-21,0,-23,1,-24,3,-23,3,-24,5,-23,4,-27,9,-22,5,-26,9,-24,9,-24,10,-27,14,-28,13,-26,9,-32,11,-30,13,-30,14,-29,15,-29,16,-28,17,0,0,0,0,0,0,16,32,19,33,14,24,17,30,21,34,14,27,21,32,15,26,19,29,16,23,17,23,19,24,22,24,22,24,19,22,19,22,24,21,23,23,21,20,26,20,22,16,24,20,22,13,23,14,24,17,27,14,27,17,26,16,26,16,27,14,28,15,26,13,29,15,28,11,27,13,23,11,27,11,27,13,28,11,29,11,27,16,23,16,24,15,27,16,22,15,24,15,20,14,22,14,16,13,19,13,19,14,17,13,16,14,15,13,13,15,11,13,10,17,0,0,0,0,0,0,0,0,0,0]"""
1782031940444,2026-06-21T17:52:20.444,safe,posture,mhw,standing_still,t017,"CSI_DATA,535819,1a:00:00:00:00:00,-44,11,-99,19,28,11,526224694,47,2,256,0,""[0,0,0,0,0,0,0,0,0,0,0,0,2,-4,4,-7,2,-5,3,-7,3,-7,7,-8,4,-9,5,-5,7,-8,5,-7,7,-9,8,-11,5,-11,7,-11,10,-11,8,-9,10,-14,10,-11,11,-15,11,-13,14,-10,9,-14,11,-10,13,-16,11,-16,11,-15,9,-15,14,-17,9,-14,10,-20,9,-15,14,-21,13,-17,11,-17,11,-17,10,-19,10,-17,8,-22,8,-22,7,-21,10,-22,2,-22,4,-26,4,-24,7,-34,9,-26,4,-26,10,-28,5,-26,3,-28,1,-34,-1,-29,2,-34,2,-30,-1,-35,1,-35,3,-33,0,0,0,0,0,0,-38,-2,-30,-1,-40,0,-34,-3,-28,0,-38,-1,-28,0,-38,0,-27,3,-38,0,-34,1,-29,-1,-32,2,-27,1,-32,4,-32,5,-29,8,-28,8,-30,4,-23,9,-29,13,-26,8,-32,11,-29,8,-27,8,-28,8,-23,8,-28,15,-27,14,-24,14,-24,11,-30,11,-22,13,-26,17,-24,13,-34,17,-29,9,-28,11,-29,11,-26,8,-24,10,-28,15,-26,11,-22,9,-28,7,-21,9,-26,8,-24,4,-29,4,-22,2,-21,3,-21,-1,-20,0,-20,0,-20,-1,-19,0,-19,-1,0,0,0,0,0,0,0,0,0,0]"""
1782031940454,2026-06-21T17:52:20.454,safe,posture,mhw,standing_still,t017,"CSI_DATA,535820,1a:00:00:00:00:00,-44,11,-99,19,28,11,526235694,47,2,256,0,""[0,0,0,0,0,0,0,0,0,0,0,0,-5,0,-5,-1,-5,-1,-8,-2,-8,-2,-8,-3,-8,-1,-9,-2,-10,-2,-10,-2,-10,-4,-13,-4,-11,-4,-14,-7,-13,-4,-14,-3,-14,-5,-15,-8,-13,-7,-13,-4,-11,-7,-19,-4,-19,-8,-16,-8,-17,-9,-17,-7,-19,-9,-19,-10,-19,-9,-17,-7,-19,-7,-19,-7,-20,-5,-20,-5,-21,-4,-23,-3,-22,-7,-21,-5,-23,-5,-24,-4,-24,-4,-27,-3,-26,-2,-27,-2,-22,-3,-24,1,-27,-1,-28,2,-29,2,-30,-2,-29,-1,-33,-1,-33,1,-32,0,-33,0,-34,1,-34,2,0,0,0,0,0,0,2,35,1,38,2,33,2,34,1,36,-2,34,1,35,3,33,0,34,1,29,3,29,2,30,7,32,4,32,1,29,3,30,4,29,5,32,5,30,9,30,10,28,8,30,9,24,9,24,9,27,14,28,10,30,10,26,10,29,11,27,11,28,13,29,14,29,10,27,11,28,11,26,11,26,13,27,13,28,13,29,11,28,5,27,7,28,7,28,4,28,7,27,4,26,3,27,2,22,1,22,1,21,0,22,1,22,-1,21,-3,20,-4,19,-5,17,0,0,0,0,0,0,0,0,0,0]"""
1782031940464,2026-06-21T17:52:20.464,safe,posture,mhw,standing_still,t017,"CSI_DATA,535821,1a:00:00:00:00:00,-44,11,-99,16,29,11,526246694,47,2,256,0,""[0,0,0,0,0,0,0,0,0,0,0,0,5,0,8,-1,6,0,9,0,8,-1,8,0,9,0,10,1,11,1,10,0,10,1,13,2,13,3,12,3,15,3,15,2,17,3,17,3,13,3,16,4,17,4,18,4,19,5,17,5,18,5,17,5,19,6,19,8,18,4,19,4,19,6,20,6,19,5,23,3,23,4,23,2,23,2,20,3,21,4,24,3,25,3,25,-1,25,0,28,1,25,1,24,0,27,-1,28,-2,30,-2,31,-1,31,-3,32,-1,34,0,31,-4,34,-2,34,-3,32,-4,0,0,0,0,0,0,-1,-35,0,-34,-2,-33,-2,-33,-1,-34,0,-35,-2,-32,0,-33,-1,-33,0,-31,-3,-30,-1,-30,-6,-33,-3,-30,0,-28,-3,-31,-4,-30,-4,-30,-2,-31,-6,-28,-9,-27,-5,-28,-8,-27,-9,-25,-6,-26,-11,-28,-8,-27,-8,-25,-9,-31,-9,-27,-8,-28,-8,-32,-10,-28,-10,-28,-8,-30,-9,-30,-8,-27,-8,-26,-8,-30,-8,-30,-5,-28,-3,-28,-4,-30,-3,-28,-1,-28,-3,-26,0,-26,0,-25,1,-23,2,-21,2,-24,3,-19,3,-20,4,-19,6,-18,5,-17,6,-16,0,0,0,0,0,0,0,0,0,0]"""
1782031940477,2026-06-21T17:52:20.477,safe,posture,mhw,standing_still,t017,"CSI_DATA,535822,1a:00:00:00:00:00,-44,11,-99,18,28,11,526257694,47,2,256,0,""[0,0,0,0,0,0,0,0,0,0,0,0,-3,-6,-2,-4,-2,-7,-2,-7,-2,-8,-2,-7,-3,-7,-4,-8,-3,-11,-4,-12,-2,-11,-4,-12,-4,-11,-2,-14,-1,-13,-2,-17,-3,-13,0,-17,-2,-14,0,-13,0,-18,-3,-15,-3,-22,-1,-18,-1,-18,-2,-19,0,-19,-3,-17,-2,-23,-2,-19,-1,-22,-1,-19,-3,-20,-2,-20,-4,-22,-6,-23,-3,-23,-2,-22,-4,-23,-4,-25,-6,-23,-4,-26,-3,-23,-7,-26,-6,-20,-11,-26,-7,-26,-12,-24,-11,-28,-12,-28,-8,-28,-7,-30,-7,-31,-11,-33,-11,-31,-9,-31,-11,-33,0,0,0,0,0,0,-33,8,-37,8,-26,8,-34,8,-39,9,-28,4,-35,7,-29,8,-36,7,-26,6,-26,8,-29,9,-31,9,-30,12,-29,7,-28,9,-29,11,-30,11,-25,9,-31,12,-24,12,-30,11,-20,11,-25,13,-26,12,-26,13,-29,15,-25,12,-28,12,-26,14,-30,13,-26,13,-33,12,-25,9,-28,12,-22,9,-26,13,-26,11,-26,13,-29,9,-29,8,-28,4,-28,3,-30,3,-26,3,-28,2,-23,0,-25,1,-19,-1,-23,0,-23,0,-22,0,-20,-1,-20,-3,-17,-6,-15,-7,-15,-8,0,0,0,0,0,0,0,0,0,0]"""
1782031940487,2026-06-21T17:52:20.487,safe,posture,mhw,standing_still,t017,"CSI_DATA,535823,1a:00:00:00:00:00,-44,11,-99,14,29,11,526268694,47,2,256,0,""[0,0,0,0,0,0,0,0,0,0,0,0,-7,2,-4,3,-7,2,-7,3,-7,2,-9,1,-7,2,-11,3,-9,3,-11,4,-9,3,-11,2,-12,3,-13,4,-13,4,-17,7,-14,6,-15,4,-13,4,-12,6,-17,7,-17,7,-18,8,-17,6,-17,6,-17,7,-19,8,-17,8,-20,8,-18,9,-18,12,-14,8,-18,12,-15,12,-18,14,-18,14,-18,15,-17,15,-18,15,-17,19,-13,18,-17,20,-13,19,-14,24,-9,17,-11,26,-14,23,-7,28,-12,28,-12,29,-12,24,-14,28,-12,29,-12,33,-11,30,-8,30,-6,31,0,0,0,0,0,0,33,8,39,8,28,4,35,4,40,7,29,4,37,4,31,1,35,3,28,1,29,0,33,0,33,-2,33,-3,29,-1,29,-1,30,-4,30,-6,28,-6,33,-9,24,-8,30,-11,22,-9,24,-11,29,-12,26,-14,29,-15,25,-13,26,-13,26,-17,28,-17,23,-17,30,-17,23,-15,24,-17,23,-14,24,-20,24,-15,22,-19,25,-18,26,-17,24,-13,25,-13,25,-15,24,-13,23,-14,22,-9,20,-14,17,-9,19,-12,19,-9,18,-12,19,-8,18,-8,18,-6,19,-3,17,-3,0,0,0,0,0,0,0,0,0,0]"""
1782031940499,2026-06-21T17:52:20.499,safe,posture,mhw,standing_still,t017,"CSI_DATA,535824,1a:00:00:00:00:00,-44,11,-99,19,28,11,526279694,47,2,256,0,""[0,0,0,0,0,0,0,0,0,0,0,0,-5,2,-8,1,-5,1,-9,1,-7,1,-10,1,-9,0,-8,0,-11,0,-9,0,-13,-1,-14,0,-13,0,-13,-1,-15,-2,-11,-2,-16,-2,-15,-1,-17,-4,-15,-3,-11,-4,-17,-5,-14,-7,-19,-7,-19,-7,-19,-7,-17,-7,-20,-8,-16,-7,-20,-7,-19,-7,-24,-9,-20,-11,-17,-9,-21,-8,-20,-8,-20,-5,-23,-5,-21,-7,-20,-4,-22,-10,-21,-3,-26,-5,-24,-7,-29,-11,-23,-9,-26,-8,-27,-13,-22,-7,-28,-10,-34,-7,-29,-4,-32,-10,-30,-11,-33,-7,-36,-9,-32,-13,0,0,0,0,0,0,-14,34,-13,29,-16,36,-15,30,-10,26,-19,33,-13,27,-17,33,-11,26,-20,32,-17,28,-16,24,-15,26,-14,24,-14,29,-13,28,-13,29,-10,24,-15,28,-9,23,-11,29,-11,26,-14,30,-15,27,-14,24,-14,26,-13,23,-9,29,-13,27,-13,27,-13,24,-15,28,-11,24,-14,29,-15,24,-19,32,-20,23,-19,24,-22,23,-17,20,-20,20,-20,23,-20,21,-17,19,-22,17,-16,17,-22,16,-20,14,-24,15,-21,9,-21,10,-21,5,-19,5,-17,3,-21,5,-17,3,-17,2,0,0,0,0,0,0,0,0,0,0]"""
1782031940508,2026-06-21T17:52:20.508,safe,posture,mhw,standing_still,t017,"CSI_DATA,535825,1a:00:00:00:00:00,-44,11,-99,14,29,11,526290694,47,2,256,0,""[0,0,0,0,0,0,0,0,0,0,0,0,4,0,7,0,7,-1,7,-1,8,0,9,2,9,2,8,2,11,2,9,2,12,2,12,3,13,3,13,4,14,6,12,3,14,6,13,6,15,6,15,11,15,9,17,11,14,9,17,9,17,11,15,11,15,12,17,14,15,8,18,11,15,13,20,15,15,15,17,13,17,14,17,14,17,11,19,13,19,12,18,11,19,18,19,9,22,13,20,15,25,17,18,15,24,17,20,18,23,17,23,18,29,18,28,18,28,22,22,18,26,17,28,22,24,22,0,0,0,0,0,0,25,-24,24,-20,29,-25,26,-20,23,-19,29,-22,22,-19,26,-24,23,-17,30,-20,28,-20,25,-13,26,-20,24,-14,24,-17,24,-20,23,-20,23,-18,26,-18,18,-18,23,-22,24,-18,24,-22,24,-18,22,-13,24,-19,22,-13,24,-19,23,-19,24,-18,23,-17,29,-17,19,-15,25,-18,24,-13,31,-18,26,-11,29,-12,29,-9,28,-9,24,-9,29,-11,28,-9,25,-6,28,-2,23,-6,25,-2,25,-1,29,2,22,3,24,2,20,6,19,3,18,6,18,7,15,8,17,9,0,0,0,0,0,0,0,0,0,0]"""
1782031940521,2026-06-21T17:52:20.521,safe,posture,mhw,standing_still,t017,"CSI_DATA,535826,1a:00:00:00:00:00,-44,11,-99,19,28,11,526301694,47,2,256,0,""[0,0,0,0,0,0,0,0,0,0,0,0,1,-8,0,-7,0,-7,0,-7,1,-9,1,-9,1,-9,2,-8,2,-10,2,-9,3,-10,3,-13,0,-13,2,-13,3,-15,1,-13,3,-16,2,-15,3,-17,3,-15,7,-13,3,-19,4,-15,4,-20,4,-20,4,-19,5,-19,5,-21,2,-19,3,-20,2,-21,3,-22,4,-20,2,-21,2,-21,1,-22,0,-22,-1,-21,-1,-22,-1,-22,0,-23,-5,-23,-5,-24,-3,-27,-4,-29,-2,-23,-8,-27,-3,-27,-8,-26,-7,-28,-11,-29,-11,-29,-7,-33,-9,-32,-14,-32,-10,-33,-11,-32,0,0,0,0,0,0,-34,9,-33,10,-34,14,-33,7,-29,10,-34,11,-28,11,-33,14,-29,10,-33,14,-30,13,-27,9,-29,15,-27,13,-28,13,-27,17,-24,16,-24,16,-27,14,-21,17,-22,19,-23,15,-23,21,-23,19,-22,15,-22,21,-22,16,-20,20,-22,21,-20,20,-21,20,-23,22,-16,21,-20,23,-22,21,-23,26,-23,17,-22,21,-23,20,-22,20,-21,17,-22,20,-23,19,-20,17,-23,16,-19,16,-20,17,-22,14,-23,13,-20,9,-21,11,-19,7,-19,8,-19,7,-20,7,-16,5,-17,3,0,0,0,0,0,0,0,0,0,0]"""
1782031940533,2026-06-21T17:52:20.533,safe,posture,mhw,standing_still,t017,"CSI_DATA,535827,1a:00:00:00:00:00,-44,11,-99,18,28,11,526313941,47,2,256,0,""[0,0,0,0,0,0,0,0,0,0,0,0,-3,6,-2,6,-3,6,-2,7,-4,8,-3,7,-4,7,-3,9,-3,11,-2,12,-3,12,-3,12,-2,11,-4,13,-3,13,-4,15,-4,13,-6,17,-2,12,-3,17,-1,20,-2,17,-1,20,-2,18,-2,17,-1,19,-2,19,0,18,-1,23,0,20,1,22,0,17,4,20,6,19,7,20,7,23,8,22,8,20,9,22,12,23,13,19,13,25,11,23,17,19,13,17,20,19,19,19,22,15,22,18,25,18,20,18,25,18,26,18,30,20,28,19,28,15,30,15,0,0,0,0,0,0,15,-31,15,-35,9,-25,12,-33,12,-39,11,-28,9,-36,6,-28,8,-35,4,-30,3,-30,0,-34,2,-31,-3,-34,1,-29,-3,-29,-6,-31,-4,-30,-4,-26,-7,-31,-8,-25,-11,-31,-12,-22,-11,-25,-14,-25,-14,-26,-18,-28,-17,-23,-17,-25,-19,-24,-20,-24,-19,-20,-20,-26,-18,-23,-22,-23,-15,-19,-25,-19,-20,-19,-24,-17,-20,-20,-23,-20,-19,-20,-20,-20,-22,-19,-18,-18,-19,-22,-15,-17,-19,-18,-13,-13,-18,-15,-17,-13,-17,-14,-14,-15,-17,-15,-12,-14,-9,-13,-8,-14,0,0,0,0,0,0,0,0,0,0]"""
1782031940542,2026-06-21T17:52:20.542,safe,posture,mhw,standing_still,t017,"CSI_DATA,535828,1a:00:00:00:00:00,-44,11,-99,18,28,11,526323694,47,2,256,0,""[0,0,0,0,0,0,0,0,0,0,0,0,7,4,6,4,6,3,6,4,6,3,6,4,8,4,7,6,9,4,8,7,8,7,9,8,12,8,12,8,12,8,13,7,13,8,13,8,14,8,13,8,13,11,17,8,15,9,17,8,17,9,18,7,19,11,20,9,19,6,18,4,19,7,20,3,19,3,22,2,20,2,25,1,26,2,22,1,23,0,25,-2,25,-1,23,-7,24,-6,24,-7,24,-7,24,-8,25,-12,25,-12,26,-14,28,-15,25,-14,28,-17,29,-15,25,-18,26,-20,26,-20,26,-20,0,0,0,0,0,0,-25,-26,-24,-28,-24,-23,-26,-24,-25,-26,-24,-23,-24,-20,-26,-20,-26,-20,-24,-19,-25,-14,-26,-15,-29,-14,-28,-14,-25,-14,-28,-12,-29,-11,-29,-9,-31,-9,-29,-4,-29,-3,-30,-4,-26,-2,-28,1,-29,0,-31,1,-30,0,-28,0,-30,2,-29,4,-30,3,-33,3,-28,6,-28,8,-30,6,-29,8,-29,6,-28,9,-29,8,-30,8,-28,7,-28,6,-26,7,-28,7,-28,6,-24,7,-24,4,-25,4,-23,4,-22,3,-24,3,-20,4,-23,6,-20,1,-19,0,-18,0,-19,-1,0,0,0,0,0,0,0,0,0,0]"""
1782031940552,2026-06-21T17:52:20.552,safe,posture,mhw,standing_still,t017,"CSI_DATA,535829,1a:00:00:00:00:00,-44,11,-99,18,28,11,526334694,47,2,256,0,""[0,0,0,0,0,0,0,0,0,0,0,0,-7,-2,-6,-3,-6,-3,-7,-4,-7,-3,-8,-4,-7,-3,-9,-3,-8,-4,-8,-4,-11,-4,-9,-4,-12,-3,-13,-4,-13,-4,-12,-7,-15,-7,-14,-4,-17,-7,-18,-8,-17,-8,-15,-8,-15,-7,-19,-6,-18,-4,-17,-6,-17,-4,-19,-4,-18,-3,-19,-3,-20,-3,-24,-6,-22,-3,-22,-3,-22,-3,-18,0,-19,0,-23,3,-23,2,-20,3,-22,4,-22,6,-24,7,-26,11,-29,9,-26,8,-24,11,-26,9,-23,9,-25,14,-28,18,-24,17,-26,15,-29,18,-26,20,-26,20,-28,24,0,0,0,0,0,0,23,25,20,25,28,28,24,25,22,20,25,22,24,22,28,23,25,18,26,25,26,22,24,17,24,17,24,15,30,13,26,13,29,11,25,9,26,11,28,9,29,7,28,8,31,6,29,6,30,4,26,6,29,3,31,0,30,0,28,-1,26,0,29,0,29,-1,31,-3,30,-3,35,-1,30,-1,30,-2,29,0,28,0,29,-1,31,-2,29,-2,25,-4,25,-1,25,-1,26,0,25,-2,26,2,22,1,23,2,22,2,19,2,19,3,22,2,17,3,18,3,0,0,0,0,0,0,0,0,0,0]"""
1782031940564,2026-06-21T17:52:20.564,safe,posture,mhw,standing_still,t017,"CSI_DATA,535830,1a:00:00:00:00:00,-44,11,-99,15,29,11,526345694,47,2,256,0,""[0,0,0,0,0,0,0,0,0,0,0,0,5,1,5,1,7,2,7,3,9,5,8,3,8,3,10,4,11,5,10,5,9,5,10,7,10,7,11,8,10,7,15,10,11,8,14,10,11,9,14,9,16,11,14,11,15,14,13,13,13,14,14,14,13,16,13,11,15,16,13,13,13,15,11,13,15,14,15,16,17,14,17,13,19,16,16,16,16,17,20,17,17,14,20,16,17,16,22,15,15,14,22,17,20,17,24,15,23,19,26,19,21,19,23,21,23,21,27,23,24,22,22,19,26,22,0,0,0,0,0,0,22,-21,28,-28,19,-21,22,-23,29,-28,23,-21,28,-27,23,-21,28,-26,22,-20,21,-20,22,-23,21,-21,24,-26,22,-20,21,-19,20,-22,21,-22,19,-19,23,-24,17,-22,22,-23,16,-19,17,-20,19,-22,19,-22,22,-24,20,-21,21,-21,19,-22,22,-23,19,-22,24,-24,19,-20,20,-22,19,-16,21,-22,22,-17,22,-21,23,-19,24,-19,24,-14,27,-13,27,-15,23,-13,26,-11,21,-8,23,-11,20,-5,22,-8,22,-4,21,-4,22,-2,22,-1,17,-1,20,2,17,3,0,0,0,0,0,0,0,0,0,0]"""
1782031940575,2026-06-21T17:52:20.575,safe,posture,mhw,standing_still,t017,"CSI_DATA,535831,1a:00:00:00:00:00,-44,11,-99,16,29,11,526356694,47,2,256,0,""[0,0,0,0,0,0,0,0,0,0,0,0,-4,4,-4,4,-5,4,-5,4,-5,5,-10,4,-10,3,-9,4,-9,5,-8,5,-10,4,-10,4,-12,5,-12,4,-13,4,-13,2,-17,3,-15,5,-16,3,-18,2,-18,2,-16,0,-17,1,-19,4,-19,1,-18,2,-18,1,-19,1,-18,0,-20,2,-20,2,-25,0,-20,1,-21,1,-21,2,-20,1,-21,1,-24,3,-23,1,-21,3,-24,3,-21,3,-27,3,-25,5,-30,3,-25,4,-28,2,-28,2,-26,3,-27,4,-31,4,-28,4,-32,2,-32,1,-33,2,-33,2,-34,2,0,0,0,0,0,0,-1,34,-1,31,0,38,-2,34,-2,31,-3,33,-3,32,-3,34,0,30,-4,34,-2,33,-3,31,-4,30,-1,28,-2,32,-1,31,0,32,-1,30,-3,28,-2,28,0,32,-1,30,-2,32,-3,32,-1,28,-4,27,-1,27,0,31,-1,31,0,32,-3,28,-1,30,-4,28,-2,31,-4,28,-6,34,-8,31,-8,28,-9,28,-9,24,-9,25,-10,28,-11,26,-9,23,-11,24,-12,20,-15,21,-15,19,-18,19,-16,19,-16,15,-16,13,-16,12,-17,11,-16,12,-15,9,-15,8,0,0,0,0,0,0,0,0,0,0]"""
1782031940586,2026-06-21T17:52:20.586,safe,posture,mhw,standing_still,t017,"CSI_DATA,535832,1a:00:00:00:00:00,-44,11,-99,16,29,11,526367694,47,2,256,0,""[0,0,0,0,0,0,0,0,0,0,0,0,8,1,8,1,8,2,5,3,8,2,6,3,8,2,8,3,10,2,11,4,10,5,9,4,11,5,12,6,11,6,13,9,12,9,13,9,11,8,12,8,16,11,13,12,16,13,12,12,13,13,12,13,13,16,13,15,15,17,12,15,15,16,12,15,15,15,15,16,15,16,18,16,17,18,15,16,13,19,17,19,17,17,18,20,16,19,20,19,13,15,19,17,18,20,21,18,21,23,20,23,15,23,19,25,19,25,21,26,18,27,17,25,23,24,0,0,0,0,0,0,27,-17,34,-20,25,-15,30,-15,35,-19,28,-11,32,-16,28,-15,32,-15,26,-11,25,-12,26,-15,30,-15,31,-15,28,-11,26,-10,27,-13,28,-13,25,-11,31,-12,24,-12,30,-12,21,-10,23,-11,26,-12,27,-13,30,-12,25,-10,27,-11,27,-11,31,-9,26,-11,32,-11,28,-9,30,-8,24,-5,27,-10,28,-6,30,-8,30,-4,31,-3,27,1,28,0,31,2,26,1,28,4,21,5,26,4,18,4,21,5,20,8,23,8,20,10,18,10,13,11,13,13,12,13,0,0,0,0,0,0,0,0,0,0]"""
1782031940598,2026-06-21T17:52:20.598,safe,posture,mhw,standing_still,t017,"CSI_DATA,535833,1a:00:00:00:00:00,-44,11,-99,19,28,11,526378694,47,2,256,0,""[0,0,0,0,0,0,0,0,0,0,0,0,-5,-3,-5,-3,-5,-4,-4,-5,-7,-4,-7,-7,-7,-7,-5,-7,-7,-7,-7,-8,-8,-10,-9,-9,-9,-8,-10,-9,-8,-11,-9,-10,-10,-11,-10,-10,-11,-11,-10,-16,-10,-16,-9,-11,-11,-14,-13,-14,-13,-14,-13,-14,-10,-14,-11,-14,-11,-14,-15,-14,-15,-15,-17,-16,-14,-16,-14,-14,-17,-16,-15,-15,-16,-13,-20,-14,-17,-14,-19,-11,-20,-13,-21,-11,-21,-11,-23,-13,-26,-14,-23,-14,-23,-13,-24,-14,-21,-11,-26,-13,-32,-13,-27,-10,-30,-10,-30,-14,-33,-10,-30,-11,-33,-13,0,0,0,0,0,0,-15,32,-10,30,-10,36,-13,33,-10,30,-10,34,-11,32,-11,35,-8,30,-11,33,-10,34,-9,29,-8,28,-7,30,-7,33,-3,32,-3,30,-3,28,-2,28,-3,27,-1,30,1,30,0,32,-2,30,0,28,-1,27,-1,28,4,32,3,29,3,32,3,27,2,28,1,30,2,29,3,30,2,35,1,33,0,29,1,30,-2,28,0,27,2,32,-2,28,0,26,-2,26,-2,27,-4,27,-1,26,-7,27,-5,23,-5,22,-8,21,-5,16,-8,19,-8,17,-8,15,-9,15,0,0,0,0,0,0,0,0,0,0]"""
1782031940608,2026-06-21T17:52:20.608,safe,posture,mhw,standing_still,t017,"CSI_DATA,535834,1a:00:00:00:00:00,-44,11,-99,19,28,11,526389694,47,2,256,0,""[0,0,0,0,0,0,0,0,0,0,0,0,0,8,1,7,0,9,0,5,0,9,-1,8,1,8,0,10,-1,10,0,11,-2,10,-3,13,-1,11,-4,13,-3,13,-4,17,-2,14,-4,16,-3,14,-3,15,-4,20,-4,17,-4,21,-7,17,-5,19,-4,19,-7,20,-4,19,-8,22,-4,19,-7,21,-4,16,-3,21,-3,22,-2,22,-1,22,-2,23,-5,22,-4,23,-2,26,0,22,-2,29,-2,23,1,27,0,21,3,27,0,28,5,29,3,30,3,32,0,28,1,32,3,32,4,34,1,34,5,28,4,32,0,0,0,0,0,0,34,-2,38,-2,28,-3,35,-3,40,-4,33,0,36,-3,29,-3,35,-2,27,-3,28,-5,30,-5,32,-8,34,-7,29,-3,29,-5,29,-8,30,-7,27,-5,33,-8,24,-8,30,-9,23,-9,24,-10,28,-11,27,-13,30,-15,27,-10,28,-11,27,-13,29,-13,26,-13,33,-13,26,-11,30,-13,23,-10,28,-11,27,-10,27,-14,29,-10,29,-9,27,-5,29,-7,29,-7,24,-4,28,-4,23,-1,26,-4,19,-2,23,-2,22,-1,22,-2,22,1,22,2,17,3,17,3,16,5,0,0,0,0,0,0,0,0,0,0]"""
1782031940620,2026-06-21T17:52:20.620,safe,posture,mhw,standing_still,t017,"CSI_DATA,535835,1a:00:00:00:00:00,-44,11,-99,18,28,11,526400694,47,2,256,0,""[0,0,0,0,0,0,0,0,0,0,0,0,-2,-6,-1,-8,0,-6,-2,-8,-2,-7,-2,-9,-2,-9,-1,-8,-4,-9,-2,-11,-6,-12,-6,-12,-4,-13,-6,-12,-4,-13,-6,-13,-6,-15,-6,-13,-6,-15,-8,-17,-7,-13,-6,-17,-7,-14,-9,-17,-12,-17,-11,-17,-11,-15,-9,-19,-11,-14,-13,-15,-12,-15,-14,-18,-12,-17,-13,-15,-17,-17,-15,-14,-15,-12,-19,-12,-19,-13,-19,-11,-20,-13,-20,-4,-25,-8,-26,-8,-29,-9,-23,-11,-26,-6,-26,-9,-25,-6,-26,-4,-31,-1,-30,1,-33,-4,-30,-3,-34,2,-36,2,-33,-1,0,0,0,0,0,0,2,35,3,31,7,40,2,35,6,29,6,35,8,29,9,35,9,28,9,33,11,31,7,30,13,30,11,26,15,28,17,28,18,24,17,23,17,29,19,18,23,22,18,22,24,23,20,20,19,22,23,19,19,17,24,14,26,15,24,13,24,14,28,17,24,11,28,12,26,14,31,14,24,18,28,13,26,17,24,14,24,13,28,11,26,12,24,9,24,13,23,8,26,11,20,12,26,14,19,12,20,12,17,13,18,11,14,12,15,11,14,11,14,13,0,0,0,0,0,0,0,0,0,0]"""
1782031940630,2026-06-21T17:52:20.630,safe,posture,mhw,standing_still,t017,"CSI_DATA,535836,1a:00:00:00:00:00,-44,11,-99,18,28,11,526411694,47,2,256,0,""[0,0,0,0,0,0,0,0,0,0,0,0,4,3,6,3,4,4,7,6,6,4,6,7,7,7,6,7,8,6,6,7,9,8,8,8,9,9,8,8,8,9,8,11,9,13,9,13,9,15,8,15,7,13,11,13,8,17,12,17,11,17,11,15,8,14,12,17,8,14,11,18,11,15,12,22,9,20,11,19,12,19,11,17,11,17,18,17,13,18,14,14,14,19,15,17,17,19,19,18,19,24,18,22,19,20,18,23,15,22,22,22,24,23,19,22,20,24,20,25,25,23,24,26,22,25,0,0,0,0,0,0,28,-19,24,-20,30,-26,26,-20,23,-19,26,-22,24,-18,29,-22,23,-18,29,-20,29,-18,24,-17,24,-17,23,-18,25,-22,24,-20,22,-22,19,-19,23,-19,19,-19,22,-22,20,-20,23,-22,23,-20,20,-19,20,-19,22,-20,19,-25,20,-22,18,-24,19,-20,22,-20,18,-18,19,-24,20,-20,28,-23,24,-19,24,-18,26,-17,23,-13,23,-15,25,-19,23,-14,22,-14,24,-13,22,-11,24,-11,24,-11,28,-8,23,-4,20,-3,20,-2,19,-1,19,-1,22,-2,19,-1,18,1,0,0,0,0,0,0,0,0,0,0]"""
1782031940642,2026-06-21T17:52:20.642,safe,posture,mhw,standing_still,t017,"CSI_DATA,535837,1a:00:00:00:00:00,-44,11,-99,18,28,11,526422821,47,2,256,0,""[0,0,0,0,0,0,0,0,0,0,0,0,4,-4,4,-6,4,-4,6,-6,3,-6,6,-7,7,-8,6,-7,6,-8,7,-7,7,-8,7,-9,8,-12,6,-11,7,-12,7,-12,9,-14,7,-13,11,-14,12,-18,8,-12,11,-14,9,-13,8,-15,11,-17,9,-14,9,-15,11,-17,9,-15,7,-18,8,-18,9,-23,12,-20,8,-19,7,-20,8,-19,4,-19,3,-23,3,-22,2,-22,3,-22,-1,-22,-2,-26,-2,-26,0,-33,2,-26,-1,-28,1,-26,-2,-25,0,-30,-7,-31,-8,-28,-3,-34,-4,-30,-13,-33,-8,-34,-8,-33,0,0,0,0,0,0,-31,12,-29,12,-37,15,-33,9,-25,11,-33,15,-25,12,-33,17,-25,14,-33,15,-30,14,-26,12,-26,14,-26,15,-25,19,-23,19,-22,19,-19,19,-24,19,-18,20,-19,24,-18,23,-22,26,-20,23,-18,22,-18,23,-15,20,-13,28,-15,25,-13,25,-13,23,-17,28,-11,25,-13,29,-12,26,-17,33,-17,26,-14,28,-15,26,-14,20,-14,23,-12,29,-13,25,-12,22,-15,23,-11,22,-14,24,-13,22,-18,23,-14,18,-14,18,-15,14,-14,14,-14,14,-14,17,-13,13,-14,11,0,0,0,0,0,0,0,0,0,0]"""
1782031940650,2026-06-21T17:52:20.650,safe,posture,mhw,standing_still,t017,"CSI_DATA,535838,1a:00:00:00:00:00,-44,11,-99,17,29,11,526433694,47,2,256,0,""[0,0,0,0,0,0,0,0,0,0,0,0,3,5,2,6,2,6,3,7,3,7,2,10,2,10,2,8,2,10,2,11,2,12,2,11,1,13,1,14,0,13,-2,15,0,15,0,15,-2,17,-3,15,-3,15,-3,15,-2,19,-2,20,-3,19,-2,19,-5,19,-3,20,-6,20,-5,21,-4,20,-5,22,-5,22,-5,21,-5,21,-5,21,-3,21,-4,23,-5,21,-2,22,-3,22,-5,23,-4,26,-3,28,-5,28,-6,28,-5,29,-5,29,-5,25,-6,30,-4,31,-7,29,-7,30,-10,33,-7,32,-10,31,-8,32,0,0,0,0,0,0,33,11,31,12,35,11,31,12,31,12,32,13,30,13,32,14,29,13,30,17,30,15,28,12,26,14,28,12,30,12,28,12,28,12,28,11,26,11,25,12,28,12,28,10,28,14,28,13,29,10,25,12,26,11,29,8,26,12,26,11,24,13,26,11,25,14,28,14,25,13,26,17,25,16,24,17,24,17,20,17,22,19,22,20,17,21,17,20,17,20,15,19,14,20,15,20,12,23,12,21,7,19,6,20,5,17,6,20,3,20,2,19,0,19,0,0,0,0,0,0,0,0,0,0]"""
1782031940663,2026-06-21T17:52:20.663,safe,posture,mhw,standing_still,t017,"CSI_DATA,535839,1a:00:00:00:00:00,-44,11,-99,19,28,11,526445264,47,2,256,0,""[0,0,0,0,0,0,0,0,0,0,0,0,0,5,2,5,0,7,1,7,1,5,0,10,1,10,1,9,0,10,1,9,1,11,1,14,1,15,1,13,0,14,-1,15,1,17,1,15,1,16,3,17,3,17,-1,17,0,17,0,17,1,20,1,19,-1,20,1,21,-1,20,0,21,0,20,1,23,3,22,3,23,3,21,3,20,4,22,5,23,4,22,9,22,9,22,7,22,7,26,11,23,10,23,13,27,11,26,14,23,11,24,14,26,15,27,14,26,16,26,17,28,19,29,20,29,19,28,0,0,0,0,0,0,29,-20,28,-19,30,-21,29,-19,27,-20,29,-20,26,-20,27,-20,27,-20,27,-20,26,-21,22,-22,23,-20,21,-22,21,-24,20,-23,17,-24,19,-22,17,-22,20,-22,19,-24,16,-23,15,-24,16,-24,15,-27,17,-23,14,-26,11,-27,13,-29,11,-28,13,-28,10,-28,16,-27,14,-29,11,-26,15,-29,13,-29,14,-27,11,-27,14,-24,13,-24,15,-26,15,-24,14,-24,15,-23,16,-20,15,-20,14,-20,15,-19,15,-19,14,-15,15,-17,14,-13,14,-14,17,-10,14,-10,15,-9,0,0,0,0,0,0,0,0,0,0]"""
1782031940673,2026-06-21T17:52:20.673,safe,posture,mhw,standing_still,t017,"CSI_DATA,535840,1a:00:00:00:00:00,-44,11,-99,19,28,11,526455694,47,2,256,0,""[0,0,0,0,0,0,0,0,0,0,0,0,-1,7,-2,7,-1,5,-2,8,-1,8,-1,10,-3,10,-3,7,-2,10,-4,9,-4,11,-3,13,-3,13,-3,14,-7,15,-3,11,-4,15,-7,14,-4,17,-10,16,-10,16,-7,16,-7,16,-5,17,-7,20,-5,20,-8,16,-9,20,-5,16,-5,21,-5,19,-7,23,-8,20,-7,21,-7,22,-7,21,-5,20,-3,24,-3,23,-2,22,-5,24,2,22,1,26,-1,26,-1,32,-3,24,0,28,-4,27,1,28,1,29,4,33,7,30,3,34,1,32,8,33,4,35,3,33,0,0,0,0,0,0,35,-3,33,-4,40,-4,35,-2,28,-2,35,-2,28,-4,36,-5,29,-4,36,-4,34,-5,29,-1,30,-7,28,-3,32,-7,30,-8,30,-9,27,-9,32,-7,24,-11,29,-14,26,-10,29,-13,28,-9,26,-9,27,-13,24,-8,26,-15,28,-15,24,-15,26,-13,30,-13,22,-15,26,-17,26,-14,33,-17,28,-11,26,-14,29,-11,27,-10,23,-10,27,-13,27,-11,21,-11,27,-4,23,-10,26,-10,24,-5,28,-5,22,-1,22,-3,21,1,21,-1,21,0,21,0,21,1,19,1,0,0,0,0,0,0,0,0,0,0]"""
1782031940688,2026-06-21T17:52:20.688,safe,posture,mhw,standing_still,t017,"CSI_DATA,535841,1a:00:00:00:00:00,-44,11,-99,18,28,11,526466694,47,2,256,0,""[0,0,0,0,0,0,0,0,0,0,0,0,7,4,6,3,4,4,6,6,4,3,6,6,8,7,7,4,7,6,8,7,11,7,11,7,12,7,12,6,12,6,13,8,14,8,13,6,14,9,17,8,17,7,14,8,14,9,18,7,17,7,19,7,17,6,19,7,18,6,20,3,19,3,25,6,22,4,22,2,22,3,22,2,22,1,25,-3,24,-1,22,-4,23,-3,22,-7,24,-7,24,-9,29,-9,25,-11,25,-12,24,-13,22,-12,26,-15,26,-19,22,-17,23,-18,28,-19,24,-23,24,-22,26,-23,0,0,0,0,0,0,-26,-22,-24,-20,-31,-25,-26,-22,-23,-18,-29,-20,-28,-17,-31,-18,-26,-14,-30,-19,-30,-17,-28,-14,-25,-12,-28,-9,-31,-8,-29,-6,-30,-3,-26,-3,-28,-2,-29,-2,-31,0,-30,0,-34,1,-30,1,-28,3,-28,1,-28,4,-30,9,-28,6,-29,11,-26,8,-29,8,-26,9,-29,11,-26,12,-34,12,-30,11,-28,12,-28,11,-24,8,-25,11,-28,14,-25,11,-23,11,-24,11,-23,12,-24,13,-23,9,-26,9,-22,8,-22,7,-19,6,-19,7,-18,4,-22,7,-17,3,-18,3,0,0,0,0,0,0,0,0,0,0]"""
1782031940695,2026-06-21T17:52:20.695,safe,posture,mhw,standing_still,t017,"CSI_DATA,535842,1a:00:00:00:00:00,-44,11,-99,19,28,11,526477723,47,2,256,0,""[0,0,0,0,0,0,0,0,0,0,0,0,-4,2,-7,3,-5,4,-7,3,-7,4,-8,4,-7,4,-9,3,-10,5,-9,4,-11,3,-11,4,-11,4,-13,4,-15,4,-15,4,-15,7,-14,3,-15,5,-17,5,-19,4,-19,4,-16,3,-17,3,-17,3,-19,3,-20,2,-22,2,-19,4,-20,5,-21,2,-23,8,-20,4,-21,5,-21,5,-22,8,-20,7,-21,7,-21,8,-22,8,-24,7,-21,11,-24,11,-23,10,-24,11,-22,10,-24,14,-24,13,-23,15,-23,13,-26,15,-27,16,-30,16,-27,15,-30,16,-32,17,-30,15,0,0,0,0,0,0,14,33,13,30,15,30,13,32,13,32,11,33,13,28,16,32,13,28,13,30,14,28,11,28,19,29,13,27,13,28,15,28,15,26,13,26,15,29,16,22,17,26,15,27,16,23,16,24,14,23,19,24,16,23,16,23,17,26,19,23,15,26,19,28,20,23,20,24,15,24,20,27,15,24,17,23,15,26,15,27,13,24,13,27,11,26,10,26,10,27,10,22,9,24,5,24,7,26,3,23,3,21,2,22,3,23,2,19,-2,20,-1,17,-4,16,0,0,0,0,0,0,0,0,0,0]"""
1782031940707,2026-06-21T17:52:20.707,safe,posture,mhw,standing_still,t017,"CSI_DATA,535843,1a:00:00:00:00:00,-44,11,-99,18,28,11,526488694,47,2,256,0,""[0,0,0,0,0,0,0,0,0,0,0,0,7,1,8,1,4,2,8,1,7,0,9,1,9,3,9,2,11,1,8,2,12,2,12,3,13,1,12,-1,14,2,13,2,18,0,14,1,18,2,17,1,13,1,18,2,15,3,19,-1,20,0,19,1,19,1,22,-1,17,-1,22,-4,19,-1,25,-4,22,-2,20,-2,22,-2,20,-4,18,-6,20,-11,22,-9,18,-8,23,-11,18,-13,19,-14,20,-15,26,-19,23,-13,22,-17,24,-15,19,-15,20,-18,20,-24,17,-24,22,-24,22,-23,18,-28,22,-25,19,-24,0,0,0,0,0,0,-28,-22,-24,-19,-35,-20,-29,-20,-23,-13,-31,-17,-25,-12,-33,-15,-26,-11,-34,-15,-30,-14,-25,-13,-26,-9,-25,-11,-31,-7,-29,-6,-30,-3,-26,-3,-29,-4,-25,-1,-31,0,-26,0,-34,1,-30,-1,-29,0,-28,2,-25,1,-30,7,-29,7,-28,7,-26,3,-31,6,-24,9,-30,11,-26,8,-35,9,-30,6,-28,8,-30,4,-25,3,-25,8,-28,11,-28,8,-22,8,-28,4,-23,9,-26,7,-23,4,-29,4,-20,2,-24,2,-20,-1,-19,1,-20,0,-20,1,-18,1,-18,-1,0,0,0,0,0,0,0,0,0,0]"""
1782031940720,2026-06-21T17:52:20.720,safe,posture,mhw,standing_still,t017,"CSI_DATA,535844,1a:00:00:00:00:00,-44,11,-99,16,29,11,526499694,47,2,256,0,""[0,0,0,0,0,0,0,0,0,0,0,0,-5,-2,-4,-2,-5,-3,-5,-2,-6,-3,-9,-5,-8,-4,-9,-3,-8,-4,-10,-5,-10,-6,-11,-6,-10,-6,-10,-6,-11,-6,-13,-10,-11,-10,-12,-11,-12,-11,-10,-11,-12,-11,-11,-13,-12,-13,-12,-11,-13,-15,-13,-13,-13,-15,-13,-12,-11,-16,-12,-16,-12,-15,-13,-17,-15,-16,-15,-18,-15,-17,-13,-17,-15,-16,-16,-17,-16,-17,-17,-17,-17,-16,-16,-19,-18,-18,-20,-17,-17,-19,-19,-19,-19,-18,-21,-16,-19,-19,-21,-19,-21,-18,-21,-21,-21,-23,-23,-24,-24,-25,-21,-24,-24,-27,0,0,0,0,0,0,-27,20,-27,23,-26,23,-26,21,-27,20,-27,18,-27,20,-27,18,-27,19,-27,17,-28,18,-25,19,-25,16,-23,19,-24,19,-23,20,-24,21,-21,18,-21,18,-24,17,-23,20,-21,19,-23,19,-23,17,-23,19,-21,16,-21,19,-21,20,-23,20,-21,20,-23,19,-23,20,-26,17,-24,18,-24,17,-25,16,-26,19,-26,13,-25,16,-27,10,-25,12,-27,11,-27,9,-25,10,-25,9,-25,4,-26,3,-24,5,-24,3,-24,3,-23,0,-21,1,-19,-2,-20,-1,-19,-4,-18,-4,-16,-6,0,0,0,0,0,0,0,0,0,0]"""
1782031940728,2026-06-21T17:52:20.728,safe,posture,mhw,standing_still,t017,"CSI_DATA,535845,1a:00:00:00:00:00,-44,11,-99,16,29,11,526510734,47,2,256,0,""[0,0,0,0,0,0,0,0,0,0,0,0,5,-3,5,-2,6,-4,8,-3,8,-3,8,-3,8,-4,10,-4,11,-3,10,-4,11,-2,13,-2,12,-4,13,-1,13,-1,13,-2,16,-2,16,1,16,0,15,-1,15,2,19,-2,19,0,17,2,19,2,18,3,20,3,21,3,20,2,20,2,21,4,20,2,18,2,21,2,20,0,24,2,23,1,23,1,23,2,25,3,24,3,25,1,25,1,26,2,27,1,24,1,27,0,28,0,28,0,30,2,28,3,33,1,33,4,32,2,33,6,33,4,33,4,0,0,0,0,0,0,9,-35,11,-34,9,-32,12,-33,9,-34,15,-30,11,-31,12,-33,12,-30,12,-30,9,-31,11,-28,9,-33,9,-28,13,-26,11,-28,9,-30,11,-26,13,-30,6,-28,8,-28,13,-27,6,-25,6,-26,9,-26,8,-31,10,-30,11,-25,10,-28,8,-28,12,-26,12,-28,10,-26,11,-27,15,-26,13,-28,12,-25,12,-27,15,-27,16,-26,15,-24,20,-21,18,-24,18,-20,20,-18,20,-19,20,-16,21,-12,20,-12,18,-11,19,-12,18,-11,19,-10,18,-8,18,-3,18,-2,19,0,0,0,0,0,0,0,0,0,0,0]"""
1782031940740,2026-06-21T17:52:20.740,safe,posture,mhw,standing_still,t017,"CSI_DATA,535846,1a:00:00:00:00:00,-44,11,-99,19,28,11,526521694,47,2,256,0,""[0,0,0,0,0,0,0,0,0,0,0,0,2,-5,1,-7,3,-8,1,-5,3,-9,3,-8,2,-8,3,-10,2,-9,3,-11,4,-10,3,-10,4,-11,5,-11,5,-13,7,-15,5,-14,7,-14,4,-13,4,-16,4,-16,7,-17,8,-19,7,-16,8,-17,7,-19,9,-20,7,-17,9,-21,7,-17,7,-19,5,-17,4,-21,5,-20,4,-21,4,-23,3,-22,5,-22,4,-23,2,-26,1,-23,2,-27,2,-23,0,-28,0,-21,-1,-28,-2,-28,-4,-28,-3,-29,-3,-32,-2,-28,-2,-33,-3,-33,-4,-32,-4,-32,-5,-33,-4,-32,0,0,0,0,0,0,-33,5,-39,5,-28,5,-34,5,-39,9,-32,3,-34,8,-30,5,-34,8,-27,5,-27,10,-29,10,-30,10,-30,11,-29,8,-28,13,-26,14,-28,13,-26,11,-29,14,-23,15,-26,16,-20,15,-22,15,-26,16,-24,20,-26,21,-23,17,-24,17,-22,20,-24,19,-23,19,-27,20,-22,19,-22,19,-20,16,-21,21,-23,19,-21,20,-24,19,-26,17,-24,15,-24,14,-24,16,-22,14,-24,13,-21,10,-23,13,-19,9,-21,10,-21,9,-20,10,-19,7,-20,5,-17,3,-19,3,-19,2,0,0,0,0,0,0,0,0,0,0]"""
1782031940751,2026-06-21T17:52:20.751,safe,posture,mhw,standing_still,t017,"CSI_DATA,535847,1a:00:00:00:00:00,-44,11,-99,19,28,11,526532694,47,2,256,0,""[0,0,0,0,0,0,0,0,0,0,0,0,7,1,7,1,5,2,9,2,7,0,9,1,10,2,8,1,9,1,9,3,11,4,14,1,13,2,13,1,16,4,14,3,17,4,14,4,17,5,17,4,13,5,19,4,15,5,19,5,20,5,19,5,19,5,21,7,16,3,21,5,17,4,24,5,22,5,21,3,22,5,22,4,19,1,24,1,22,1,21,1,23,2,21,-3,27,-5,26,0,32,-2,26,1,28,-3,29,2,27,-2,28,-4,32,-8,29,-8,34,-8,29,-3,33,-9,36,-8,35,-5,0,0,0,0,0,0,-3,-36,-4,-32,-8,-39,-4,-34,-5,-28,-4,-38,-5,-26,-8,-36,-5,-28,-7,-35,-8,-34,-4,-29,-8,-30,-7,-27,-10,-32,-10,-28,-10,-29,-10,-28,-10,-33,-11,-22,-15,-27,-10,-24,-15,-30,-13,-28,-13,-24,-13,-27,-10,-23,-15,-26,-17,-26,-16,-23,-14,-22,-16,-29,-16,-19,-19,-24,-13,-23,-20,-32,-13,-28,-14,-26,-11,-28,-11,-26,-13,-23,-16,-26,-13,-24,-11,-22,-8,-27,-10,-21,-9,-26,-4,-22,-7,-29,-3,-21,-3,-23,-2,-21,-2,-21,-1,-17,-2,-21,0,-17,3,-16,0,0,0,0,0,0,0,0,0,0]"""
1782031940763,2026-06-21T17:52:20.763,safe,posture,mhw,standing_still,t017,"CSI_DATA,535848,1a:00:00:00:00:00,-44,11,-99,18,28,11,526545144,47,2,256,0,""[0,0,0,0,0,0,0,0,0,0,0,0,-3,6,-3,6,-3,4,-4,6,-2,7,-4,8,-3,8,-6,6,-4,8,-6,8,-4,11,-6,12,-6,12,-6,11,-7,13,-6,12,-6,14,-6,13,-9,17,-7,15,-7,11,-6,17,-9,15,-6,19,-6,19,-6,19,-6,18,-6,20,-2,18,-1,23,-2,19,-1,25,-2,22,-3,20,-2,23,0,23,0,20,4,23,1,22,4,22,4,25,9,20,11,24,11,24,12,29,8,25,12,25,11,26,13,22,15,25,22,24,22,20,22,26,19,26,26,23,23,25,25,26,0,0,0,0,0,0,23,-26,20,-24,23,-31,22,-26,17,-22,18,-30,13,-25,17,-33,13,-26,17,-31,17,-29,15,-25,12,-28,12,-26,7,-31,7,-30,3,-30,3,-26,4,-30,0,-26,-1,-31,0,-28,-1,-33,-1,-30,-1,-28,-3,-28,-3,-26,-9,-30,-8,-26,-7,-26,-7,-26,-7,-33,-12,-23,-14,-28,-13,-28,-14,-35,-7,-31,-9,-29,-7,-30,-8,-28,-9,-25,-14,-26,-11,-26,-11,-22,-9,-25,-14,-20,-13,-25,-11,-24,-8,-26,-4,-19,-6,-22,-3,-20,-6,-19,-2,-20,-4,-20,-3,-17,-3,-18,0,0,0,0,0,0,0,0,0,0]"""
1782031940773,2026-06-21T17:52:20.773,safe,posture,mhw,standing_still,t017,"CSI_DATA,535849,1a:00:00:00:00:00,-44,11,-99,20,28,11,526554694,47,2,256,0,""[0,0,0,0,0,0,0,0,0,0,0,0,4,3,5,4,5,3,6,5,5,3,6,8,8,6,5,6,8,6,5,9,10,9,8,11,10,11,9,9,8,11,8,11,10,13,9,12,10,16,9,16,9,12,9,17,8,15,10,17,10,17,10,17,8,16,10,17,9,15,11,17,9,16,13,21,10,21,11,18,11,18,12,18,11,15,17,19,11,18,12,15,15,18,16,16,19,18,18,19,20,24,19,21,19,19,18,23,17,20,20,21,24,24,23,20,21,24,20,25,24,21,25,25,25,26,0,0,0,0,0,0,26,-23,23,-20,28,-28,25,-23,20,-19,26,-25,23,-19,26,-25,20,-21,30,-23,27,-21,23,-18,24,-18,23,-18,25,-24,20,-23,19,-23,18,-19,19,-21,17,-19,19,-25,17,-21,21,-26,20,-23,19,-20,18,-19,19,-20,18,-26,18,-24,17,-24,15,-20,19,-24,16,-20,18,-25,17,-25,25,-28,23,-23,20,-20,24,-20,21,-16,20,-17,21,-23,21,-17,19,-16,21,-16,19,-13,23,-15,21,-12,27,-11,23,-8,20,-8,20,-4,17,-4,20,-5,20,-3,18,-2,18,-1,0,0,0,0,0,0,0,0,0,0]"""
1782031940785,2026-06-21T17:52:20.785,safe,posture,mhw,standing_still,t017,"CSI_DATA,535850,1a:00:00:00:00:00,-44,11,-99,14,29,11,526565694,47,2,256,0,""[0,0,0,0,0,0,0,0,0,0,0,0,4,-6,3,-4,3,-7,4,-6,4,-7,4,-6,6,-7,6,-7,6,-7,7,-9,6,-8,8,-7,8,-9,11,-9,9,-8,13,-11,13,-9,13,-11,13,-9,12,-8,15,-9,13,-9,15,-9,14,-11,17,-9,15,-11,17,-11,15,-9,19,-9,17,-11,18,-11,17,-11,19,-13,18,-11,18,-13,18,-12,19,-12,19,-13,19,-13,19,-14,18,-15,20,-14,20,-14,20,-18,19,-15,20,-19,20,-15,19,-19,23,-17,24,-20,24,-19,23,-18,24,-19,26,-22,28,-20,24,-18,26,-22,0,0,0,0,0,0,-19,-25,-22,-28,-22,-25,-20,-28,-20,-30,-18,-26,-20,-28,-19,-29,-19,-28,-18,-28,-17,-28,-18,-25,-14,-25,-20,-24,-17,-23,-17,-23,-20,-25,-18,-23,-17,-23,-18,-25,-19,-23,-19,-22,-18,-23,-19,-24,-20,-22,-17,-22,-19,-23,-20,-20,-19,-23,-22,-23,-19,-23,-20,-22,-18,-28,-19,-24,-18,-23,-14,-24,-18,-26,-17,-26,-17,-23,-12,-25,-13,-26,-14,-26,-11,-26,-11,-25,-11,-23,-7,-28,-3,-25,-7,-23,-3,-22,-4,-25,-2,-22,-2,-20,2,-18,1,-20,3,-19,2,-17,6,-17,0,0,0,0,0,0,0,0,0,0]"""
1782031940795,2026-06-21T17:52:20.795,safe,posture,mhw,standing_still,t017,"CSI_DATA,535851,1a:00:00:00:00:00,-44,11,-99,19,28,11,526576694,47,2,256,0,""[0,0,0,0,0,0,0,0,0,0,0,0,-4,5,-4,5,-2,5,-4,8,-4,8,-4,9,-5,7,-5,5,-7,10,-5,7,-7,8,-7,11,-7,10,-8,10,-10,11,-7,10,-8,14,-9,11,-10,14,-11,11,-10,9,-10,16,-13,14,-10,16,-13,17,-7,15,-10,16,-13,17,-7,16,-10,20,-10,17,-10,22,-8,19,-8,20,-9,22,-7,23,-5,20,-5,21,-3,23,-3,21,-5,24,2,22,1,23,-2,27,0,30,-2,26,0,28,-1,28,1,27,2,29,4,32,5,32,4,33,5,33,9,30,5,36,5,34,0,0,0,0,0,0,34,-5,30,-8,35,-10,34,-7,29,-9,35,-8,28,-10,33,-13,29,-10,34,-11,29,-10,29,-7,28,-15,27,-13,27,-14,27,-15,27,-16,23,-16,28,-15,19,-17,22,-22,21,-16,23,-21,22,-19,23,-16,20,-21,21,-20,16,-21,20,-23,19,-23,17,-21,22,-26,15,-23,16,-28,17,-24,20,-29,19,-22,17,-24,21,-22,17,-23,17,-21,17,-23,16,-23,16,-21,20,-21,14,-20,17,-22,17,-17,20,-20,17,-13,17,-15,17,-13,16,-13,17,-11,16,-10,16,-11,17,-9,0,0,0,0,0,0,0,0,0,0]"""
1782031940807,2026-06-21T17:52:20.807,safe,posture,mhw,standing_still,t017,"CSI_DATA,535852,1a:00:00:00:00:00,-44,11,-99,16,29,11,526587694,47,2,256,0,""[0,0,0,0,0,0,0,0,0,0,0,0,-1,-8,-2,-6,-1,-5,0,-8,-1,-6,-1,-9,-2,-8,0,-10,-1,-10,0,-11,0,-11,1,-12,1,-12,1,-13,3,-16,1,-15,1,-15,3,-13,3,-15,2,-16,3,-15,3,-19,6,-16,6,-16,9,-18,8,-18,9,-18,9,-20,8,-18,6,-20,9,-19,8,-18,8,-19,6,-19,8,-20,8,-21,8,-21,10,-20,8,-21,8,-20,10,-23,5,-25,6,-23,9,-24,9,-25,8,-23,6,-26,9,-26,8,-28,10,-28,11,-26,13,-30,13,-31,12,-28,15,-28,15,-31,13,-30,0,0,0,0,0,0,-32,-18,-28,-18,-27,-16,-27,-18,-28,-18,-27,-21,-25,-19,-28,-20,-26,-19,-25,-19,-24,-17,-23,-19,-28,-19,-23,-18,-20,-20,-24,-19,-25,-18,-23,-17,-23,-21,-23,-16,-26,-17,-23,-19,-21,-17,-21,-16,-21,-17,-26,-17,-23,-19,-20,-17,-23,-20,-24,-19,-23,-20,-24,-21,-23,-18,-24,-19,-19,-21,-23,-20,-18,-20,-20,-20,-20,-23,-18,-21,-15,-23,-13,-24,-15,-24,-10,-24,-11,-25,-9,-21,-9,-23,-6,-24,-4,-23,-4,-21,-4,-21,-2,-21,-2,-20,0,-20,2,-17,5,-19,5,-17,0,0,0,0,0,0,0,0,0,0]"""
1782031940818,2026-06-21T17:52:20.818,safe,posture,mhw,standing_still,t017,"CSI_DATA,535853,1a:00:00:00:00:00,-44,11,-99,19,28,11,526598976,47,2,256,0,""[0,0,0,0,0,0,0,0,0,0,0,0,-4,-5,-4,-5,-3,-7,-4,-7,-4,-5,-5,-7,-7,-7,-5,-7,-4,-8,-5,-7,-8,-9,-8,-10,-8,-9,-8,-10,-8,-10,-9,-13,-9,-13,-9,-13,-8,-14,-9,-14,-9,-11,-9,-15,-9,-15,-10,-15,-9,-16,-11,-16,-8,-16,-11,-15,-9,-17,-13,-17,-10,-15,-13,-19,-14,-19,-15,-16,-13,-16,-13,-16,-15,-14,-17,-15,-15,-16,-16,-15,-19,-15,-20,-15,-21,-15,-22,-15,-23,-16,-23,-15,-24,-14,-24,-15,-22,-15,-24,-14,-27,-16,-26,-14,-29,-16,-28,-16,-30,-15,-33,-16,-28,-15,0,0,0,0,0,0,-15,32,-14,30,-14,33,-15,30,-14,29,-15,32,-14,30,-14,33,-11,30,-15,32,-11,30,-10,29,-10,29,-8,28,-7,32,-5,29,-7,32,-5,29,-5,29,-5,29,-3,29,-1,30,-3,32,-3,30,-1,32,-3,28,-1,28,1,29,1,30,2,29,0,29,2,30,0,29,2,30,2,28,0,34,0,32,-1,32,0,30,-2,28,-1,28,0,30,-2,29,-2,27,-2,27,-4,26,-5,26,-3,26,-8,24,-5,24,-7,22,-8,20,-8,19,-9,19,-9,17,-8,17,-9,16,0,0,0,0,0,0,0,0,0,0]"""
1782031940827,2026-06-21T17:52:20.827,safe,posture,mhw,standing_still,t017,"CSI_DATA,535854,1a:00:00:00:00:00,-44,11,-99,16,29,11,526609694,47,2,256,0,""[0,0,0,0,0,0,0,0,0,0,0,0,4,-4,4,-4,4,-5,5,-5,5,-6,5,-8,6,-6,8,-6,9,-5,9,-6,11,-8,9,-6,11,-6,11,-6,11,-6,16,-5,15,-8,16,-6,15,-6,17,-3,19,-3,15,-3,18,-4,19,-3,19,-3,19,-4,19,-2,19,-3,21,0,20,-1,20,-1,20,0,23,-1,20,1,21,-2,23,1,21,0,23,0,24,-1,24,-1,25,-1,25,0,24,1,27,-1,24,1,30,-2,27,2,27,0,27,1,27,2,31,3,31,3,31,4,33,5,34,5,33,5,33,5,0,0,0,0,0,0,11,-28,11,-33,11,-33,11,-31,13,-31,12,-30,15,-28,15,-30,13,-28,17,-27,15,-28,15,-30,15,-25,15,-28,15,-27,13,-25,15,-26,13,-26,13,-24,16,-25,13,-26,15,-26,16,-25,17,-25,15,-25,17,-21,17,-25,15,-25,18,-24,17,-25,20,-23,18,-23,20,-23,20,-20,19,-21,21,-21,24,-21,24,-18,24,-17,24,-13,26,-16,26,-15,26,-10,25,-10,24,-10,26,-8,25,-5,25,-5,24,-2,24,-1,23,0,23,1,19,3,20,3,19,4,16,4,17,8,0,0,0,0,0,0,0,0,0,0]"""
1782031940838,2026-06-21T17:52:20.838,safe,posture,mhw,standing_still,t017,"CSI_DATA,535855,1a:00:00:00:00:00,-44,11,-99,15,29,11,526620694,47,2,256,0,""[0,0,0,0,0,0,0,0,0,0,0,0,-5,3,-5,3,-4,3,-7,3,-5,3,-8,3,-11,4,-9,2,-11,4,-9,2,-10,4,-11,4,-11,3,-13,3,-15,3,-11,5,-15,4,-15,3,-17,4,-16,1,-16,-1,-19,4,-19,0,-19,2,-19,3,-19,4,-19,2,-21,3,-17,5,-20,5,-17,4,-23,5,-21,3,-20,5,-21,3,-21,5,-20,5,-21,9,-21,8,-20,8,-23,5,-20,10,-22,13,-23,10,-28,14,-23,8,-23,14,-27,10,-26,14,-26,14,-26,16,-26,17,-29,14,-27,13,-27,19,-29,19,-30,17,0,0,0,0,0,0,15,33,14,27,15,33,13,32,14,28,15,33,14,24,16,32,14,27,15,32,15,29,10,28,17,27,11,26,16,28,17,27,17,23,16,23,17,29,16,20,22,23,17,23,20,24,17,24,15,24,20,22,16,23,20,22,21,22,20,20,17,21,20,28,21,20,22,21,20,22,24,28,17,23,17,26,16,26,16,23,15,24,17,24,15,23,15,21,10,26,13,21,13,24,9,23,8,27,5,20,7,22,1,21,4,21,1,19,2,19,1,17,-1,19,0,0,0,0,0,0,0,0,0,0]"""
1782031940848,2026-06-21T17:52:20.848,safe,posture,mhw,standing_still,t017,"CSI_DATA,535856,1a:00:00:00:00:00,-44,11,-99,18,28,11,526631694,47,2,256,0,""[0,0,0,0,0,0,0,0,0,0,0,0,2,6,1,6,0,8,-1,7,1,9,-1,6,0,8,1,8,0,11,0,12,-1,12,-1,11,-1,12,-3,13,-2,13,-3,18,-1,15,-4,17,-3,12,-3,12,-4,15,-2,19,-4,20,-7,17,-6,18,-6,18,-7,19,-4,18,-8,20,-6,19,-8,19,-6,17,-6,22,-6,20,-4,23,-4,24,-4,23,-7,20,-7,24,-4,25,-3,23,-6,28,-4,23,-3,28,-2,20,0,25,-2,25,1,29,-3,31,-2,31,-6,26,-6,33,-3,29,-4,33,-6,35,-3,31,-3,31,0,0,0,0,0,0,33,3,37,6,28,4,34,4,40,8,28,7,36,7,30,6,36,9,25,7,28,2,31,3,34,3,35,2,26,7,29,4,30,4,31,4,28,4,33,3,26,0,31,2,23,1,25,0,30,-1,31,0,34,1,28,2,30,2,30,1,33,2,30,1,34,2,28,2,30,2,24,3,28,0,28,2,31,2,33,3,31,6,26,9,28,9,29,9,25,7,28,12,20,11,24,9,18,9,20,9,20,11,19,11,18,12,17,14,9,12,12,15,9,14,0,0,0,0,0,0,0,0,0,0]"""
1782031940862,2026-06-21T17:52:20.862,safe,posture,mhw,standing_still,t017,"CSI_DATA,535857,1a:00:00:00:00:00,-44,11,-99,18,28,11,526642694,47,2,256,0,""[0,0,0,0,0,0,0,0,0,0,0,0,3,-4,4,-6,4,-4,6,-6,3,-6,4,-8,4,-7,4,-7,4,-9,6,-8,7,-9,6,-11,6,-11,7,-12,9,-12,7,-12,8,-14,7,-14,7,-13,9,-14,12,-14,8,-17,9,-15,9,-14,12,-17,8,-15,11,-17,11,-18,7,-17,8,-20,9,-19,7,-20,6,-19,4,-20,4,-20,3,-23,4,-20,4,-20,3,-23,2,-24,1,-25,-1,-24,-2,-25,-1,-26,-2,-28,-2,-23,-4,-28,-4,-28,-7,-26,-7,-28,-7,-28,-11,-30,-7,-33,-8,-29,-12,-31,-11,-34,-13,-30,0,0,0,0,0,0,-31,14,-31,12,-31,15,-29,18,-30,15,-30,13,-26,13,-30,17,-28,15,-28,15,-25,19,-23,17,-25,23,-23,18,-23,18,-22,19,-22,23,-22,20,-23,22,-17,23,-14,25,-19,24,-14,23,-13,25,-13,24,-12,29,-14,25,-12,24,-13,26,-12,28,-13,26,-13,31,-9,29,-9,29,-11,26,-11,30,-8,26,-8,29,-11,29,-9,28,-9,26,-13,26,-11,26,-11,24,-13,25,-8,24,-12,25,-9,24,-11,23,-11,19,-11,19,-11,19,-9,18,-12,15,-12,14,-11,15,-12,13,0,0,0,0,0,0,0,0,0,0]"""
1782031940881,2026-06-21T17:52:20.881,safe,posture,mhw,standing_still,t017,"CSI_DATA,535858,1a:00:00:00:00:00,-44,11,-99,16,29,11,526660292,47,2,256,0,""[0,0,0,0,0,0,0,0,0,0,0,0,-1,-5,0,-6,0,-6,2,-8,1,-8,0,-9,3,-8,4,-8,5,-11,5,-8,4,-12,3,-11,5,-12,5,-12,8,-11,5,-11,9,-13,6,-13,9,-15,15,-16,11,-12,12,-13,12,-10,11,-13,12,-13,13,-13,13,-12,16,-15,10,-13,13,-15,15,-15,16,-18,17,-12,17,-13,18,-15,17,-15,13,-15,12,-19,16,-18,13,-16,19,-16,11,-19,15,-21,18,-19,23,-25,19,-16,17,-21,23,-18,18,-17,23,-21,20,-27,17,-24,25,-21,24,-20,23,-25,26,-23,25,-20,0,0,0,0,0,0,-19,-30,-17,-24,-23,-31,-18,-30,-16,-25,-19,-28,-18,-21,-18,-30,-17,-25,-18,-30,-18,-31,-12,-27,-17,-26,-11,-25,-17,-27,-16,-26,-17,-25,-15,-24,-15,-27,-16,-20,-18,-24,-16,-23,-17,-25,-12,-27,-11,-25,-13,-25,-11,-24,-18,-25,-15,-27,-15,-24,-12,-24,-11,-28,-15,-20,-16,-26,-13,-27,-15,-32,-9,-31,-8,-28,-5,-28,-5,-25,-4,-25,-9,-28,-5,-26,-3,-23,-1,-25,-4,-24,-2,-26,0,-25,4,-28,5,-21,6,-21,8,-19,6,-17,9,-17,6,-19,9,-16,11,-16,0,0,0,0,0,0,0,0,0,0]"""
1782031940891,2026-06-21T17:52:20.891,safe,posture,mhw,standing_still,t017,"CSI_DATA,535859,1a:00:00:00:00:00,-44,11,-99,19,28,11,526664694,47,2,256,0,""[0,0,0,0,0,0,0,0,0,0,0,0,5,-3,7,-3,7,-1,7,0,8,-2,5,-1,9,-3,9,0,10,-2,10,-2,11,-1,13,-2,14,-3,13,-3,15,-3,16,-3,15,-2,17,-3,14,-3,17,-5,19,-3,19,-3,17,-4,17,-3,21,-2,19,-4,21,-2,21,-3,19,-5,21,-7,20,-3,20,-5,19,-7,19,-8,21,-9,22,-10,21,-8,21,-8,22,-9,20,-13,22,-11,21,-16,21,-15,22,-15,20,-15,17,-15,20,-19,20,-17,20,-20,21,-20,21,-20,22,-23,26,-23,21,-21,22,-23,23,-26,23,-24,0,0,0,0,0,0,-28,-23,-27,-24,-27,-21,-27,-21,-28,-21,-24,-23,-26,-20,-28,-20,-24,-21,-26,-19,-26,-16,-24,-16,-30,-16,-26,-15,-24,-16,-28,-14,-28,-11,-27,-14,-29,-14,-27,-9,-29,-8,-27,-10,-27,-7,-27,-7,-26,-8,-32,-5,-29,-8,-27,-5,-30,-7,-29,-3,-29,-7,-32,-7,-28,-3,-30,-2,-29,-5,-32,-3,-26,-3,-28,-2,-30,-4,-30,-3,-29,-5,-27,-7,-28,-7,-26,-7,-27,-9,-26,-5,-23,-7,-24,-10,-21,-8,-19,-7,-21,-8,-17,-8,-20,-9,-17,-10,-15,-10,-15,-11,-14,-13,0,0,0,0,0,0,0,0,0,0]"""
1782031940901,2026-06-21T17:52:20.901,safe,posture,mhw,standing_still,t017,"CSI_DATA,535860,1a:00:00:00:00:00,-44,11,-99,16,29,11,526675694,47,2,256,0,""[0,0,0,0,0,0,0,0,0,0,0,0,-4,4,-4,4,-6,5,-6,3,-8,3,-8,3,-8,3,-9,5,-10,5,-10,5,-11,2,-11,3,-12,3,-15,3,-13,1,-17,2,-16,2,-17,2,-15,1,-13,0,-19,0,-17,0,-20,1,-18,-2,-19,-1,-20,-2,-19,-3,-20,-2,-21,-3,-19,-3,-19,-4,-17,-3,-20,-1,-21,-2,-21,-1,-24,-2,-24,-3,-21,-6,-23,-3,-26,-4,-24,-3,-24,-4,-24,-5,-25,-5,-19,-3,-27,-2,-25,-4,-28,0,-30,-3,-30,-4,-27,-9,-30,-10,-31,-9,-32,-6,-30,-11,-30,-8,-31,-9,0,0,0,0,0,0,-17,33,-18,36,-12,26,-16,28,-19,33,-17,24,-18,31,-16,25,-21,27,-16,24,-13,24,-16,26,-18,28,-17,28,-19,21,-17,23,-17,25,-19,25,-17,23,-19,26,-16,23,-20,25,-13,18,-13,21,-16,24,-17,24,-19,26,-17,21,-19,23,-19,24,-23,23,-19,23,-24,23,-21,20,-23,20,-18,18,-21,20,-20,18,-23,19,-25,18,-27,16,-26,10,-27,12,-28,10,-26,9,-27,5,-24,4,-24,4,-19,2,-21,2,-21,1,-23,3,-23,0,-23,-3,-17,-4,-17,-8,-16,-8,0,0,0,0,0,0,0,0,0,0]"""
1782031940910,2026-06-21T17:52:20.910,safe,posture,mhw,standing_still,t017,"CSI_DATA,535861,1a:00:00:00:00:00,-44,11,-99,15,29,11,526687879,47,2,256,0,""[0,0,0,0,0,0,0,0,0,0,0,0,1,-5,2,-7,3,-5,3,-7,2,-7,4,-9,3,-9,3,-9,3,-8,2,-9,3,-11,4,-13,3,-13,2,-11,4,-13,3,-14,4,-16,2,-15,5,-17,4,-19,-1,-19,3,-16,2,-16,0,-17,2,-20,2,-20,1,-19,-1,-21,2,-20,0,-21,-2,-19,-1,-23,-2,-22,-4,-21,-5,-21,-3,-21,-8,-21,-9,-21,-8,-21,-9,-20,-11,-20,-11,-20,-15,-22,-17,-20,-17,-22,-19,-20,-20,-20,-19,-19,-19,-16,-21,-16,-24,-20,-22,-19,-24,-17,-24,-19,-29,-17,-30,-20,-28,-19,0,0,0,0,0,0,-14,33,-11,29,-11,35,-11,32,-9,30,-10,34,-8,32,-8,35,-4,29,-7,36,-4,33,-2,32,-4,29,0,30,1,32,2,28,4,30,4,27,5,28,4,27,9,29,9,26,11,30,13,28,13,27,11,24,14,26,19,23,17,24,19,24,15,22,20,23,16,23,21,24,20,21,21,27,21,24,20,22,20,22,16,23,19,20,21,23,19,20,17,19,19,20,17,20,17,21,16,16,16,21,15,17,15,17,14,17,11,16,13,16,10,17,9,15,9,15,0,0,0,0,0,0,0,0,0,0]"""
1782031940920,2026-06-21T17:52:20.920,safe,posture,mhw,standing_still,t017,"CSI_DATA,535862,1a:00:00:00:00:00,-44,11,-99,14,29,11,526697694,47,2,256,0,""[0,0,0,0,0,0,0,0,0,0,0,0,-1,-6,-1,-6,0,-8,0,-7,1,-8,0,-8,0,-11,0,-11,1,-9,-1,-12,1,-11,0,-12,2,-13,3,-13,1,-12,6,-15,4,-15,3,-17,4,-17,2,-17,2,-19,4,-15,4,-18,4,-18,6,-18,4,-17,7,-18,3,-18,8,-19,6,-19,4,-22,6,-19,3,-23,6,-20,3,-23,4,-22,7,-24,3,-23,6,-23,3,-24,1,-23,4,-24,3,-24,1,-25,4,-24,-1,-30,1,-28,-2,-28,2,-29,-1,-30,2,-31,2,-31,1,-30,4,-35,4,-33,0,-34,1,-34,0,0,0,0,0,0,-34,-2,-35,-3,-33,1,-34,0,-35,-1,-33,-1,-34,-3,-33,0,-35,0,-33,-2,-31,0,-31,2,-30,-1,-31,2,-30,1,-30,1,-31,3,-28,1,-28,2,-34,2,-28,3,-30,4,-28,4,-29,4,-31,7,-28,3,-30,6,-28,8,-30,6,-29,7,-30,4,-29,6,-33,2,-31,3,-29,4,-28,1,-31,6,-30,2,-30,3,-29,0,-28,2,-29,-1,-29,-2,-29,-2,-26,-1,-28,-4,-25,-6,-25,-3,-20,-6,-23,-4,-22,-6,-20,-4,-18,-8,-17,-9,-19,-11,-14,-8,-14,-11,0,0,0,0,0,0,0,0,0,0]"""
1782031940930,2026-06-21T17:52:20.930,safe,posture,mhw,standing_still,t017,"CSI_DATA,535863,1a:00:00:00:00:00,-44,11,-99,18,28,11,526708694,47,2,256,0,""[0,0,0,0,0,0,0,0,0,0,0,0,-7,-1,-6,0,-9,-1,-7,1,-9,-1,-7,0,-8,2,-12,1,-9,1,-12,1,-12,0,-12,0,-12,0,-14,0,-12,-1,-17,0,-14,2,-17,1,-14,0,-13,2,-15,1,-20,4,-19,2,-18,1,-20,0,-19,1,-22,2,-18,3,-22,3,-17,4,-20,7,-17,6,-19,8,-18,9,-19,11,-20,12,-22,12,-19,11,-22,11,-20,14,-18,14,-22,15,-18,14,-18,18,-14,13,-15,23,-17,18,-14,25,-18,25,-18,24,-18,20,-19,24,-18,26,-17,28,-18,29,-17,26,-14,31,0,0,0,0,0,0,34,14,31,13,28,11,34,9,37,13,28,9,35,9,30,9,34,9,25,7,28,6,31,3,34,2,34,3,29,6,30,3,31,0,33,2,29,-1,33,-2,26,-4,30,-4,24,-3,25,-8,29,-7,28,-11,31,-11,26,-8,29,-8,29,-11,29,-12,26,-14,30,-13,26,-13,26,-14,23,-9,24,-18,25,-14,25,-17,26,-15,26,-14,25,-12,29,-9,29,-11,25,-12,26,-12,23,-7,24,-12,18,-7,20,-8,22,-8,19,-8,22,-9,22,-8,18,-2,18,-2,19,-2,0,0,0,0,0,0,0,0,0,0]"""
1782031940941,2026-06-21T17:52:20.941,safe,posture,mhw,standing_still,t017,"CSI_DATA,535864,1a:00:00:00:00:00,-44,11,-99,19,28,11,526719694,47,2,256,0,""[0,0,0,0,0,0,0,0,0,0,0,0,5,1,5,1,7,3,7,2,10,3,8,3,7,2,10,3,9,4,13,3,10,3,11,3,11,4,13,4,13,4,16,4,14,2,16,4,13,4,16,4,20,4,16,5,20,4,16,5,20,5,19,5,20,5,19,5,21,5,19,4,22,3,17,1,21,1,21,2,22,-1,23,-1,23,-1,22,-1,26,-2,26,-4,23,-4,27,-4,24,-4,27,-10,20,-5,23,-10,27,-10,23,-13,28,-11,28,-14,24,-10,28,-14,29,-11,29,-15,28,-16,28,-16,29,-20,0,0,0,0,0,0,-20,-27,-22,-32,-16,-22,-21,-26,-23,-33,-19,-26,-22,-27,-20,-23,-22,-26,-19,-17,-21,-19,-22,-22,-24,-21,-28,-22,-21,-20,-23,-17,-26,-17,-26,-17,-24,-14,-28,-15,-24,-11,-29,-13,-22,-8,-24,-8,-29,-10,-28,-9,-33,-8,-27,-7,-30,-9,-30,-7,-33,-7,-29,-4,-34,-9,-30,-5,-30,-5,-24,-5,-30,-2,-29,-5,-29,-3,-29,-7,-29,-5,-24,-7,-29,-8,-29,-7,-24,-5,-27,-9,-22,-9,-26,-4,-19,-4,-22,-7,-20,-7,-21,-5,-21,-11,-20,-9,-13,-7,-15,-9,-14,-10,0,0,0,0,0,0,0,0,0,0]"""
1782031940950,2026-06-21T17:52:20.950,safe,posture,mhw,standing_still,t017,"CSI_DATA,535865,1a:00:00:00:00:00,-44,11,-99,16,29,11,526730694,47,2,256,0,""[0,0,0,0,0,0,0,0,0,0,0,0,-3,5,-4,3,-5,5,-4,5,-5,5,-6,4,-6,5,-8,6,-9,6,-9,8,-9,5,-11,6,-10,6,-11,6,-10,5,-15,8,-11,8,-16,5,-15,5,-11,5,-16,3,-17,6,-20,6,-17,2,-18,4,-18,5,-19,2,-18,5,-23,4,-19,5,-21,3,-17,3,-20,6,-19,5,-21,8,-21,6,-24,6,-20,3,-21,4,-25,8,-23,5,-26,8,-24,4,-25,8,-20,5,-24,9,-25,5,-25,10,-30,8,-31,8,-26,6,-32,5,-31,5,-32,8,-33,5,-30,6,-34,8,0,0,0,0,0,0,2,33,3,39,3,28,2,33,1,40,0,28,2,36,3,28,-1,35,-2,27,1,30,2,31,1,32,2,34,-1,30,0,28,2,31,1,30,1,27,0,33,2,26,0,32,1,24,0,26,0,30,3,30,2,32,0,27,0,30,0,31,-1,32,0,28,-3,33,-1,28,-2,31,-3,26,-2,30,-4,30,-3,30,-4,31,-6,30,-10,26,-10,27,-12,28,-10,23,-15,25,-12,19,-12,24,-11,16,-11,18,-15,16,-13,18,-15,15,-15,13,-16,11,-13,9,-16,8,0,0,0,0,0,0,0,0,0,0]"""
1782031940960,2026-06-21T17:52:20.960,safe,posture,mhw,standing_still,t017,"CSI_DATA,535866,1a:00:00:00:00:00,-44,11,-99,16,29,11,526741694,47,2,256,0,""[0,0,0,0,0,0,0,0,0,0,0,0,3,-4,3,-5,3,-4,5,-5,5,-6,8,-4,8,-6,8,-5,9,-4,8,-6,10,-6,10,-8,11,-6,10,-6,10,-5,13,-4,15,-6,15,-4,15,-4,15,-5,15,-3,18,-4,19,-3,19,-5,20,-4,19,-3,18,-3,19,-3,20,-1,19,-2,19,-3,21,-1,21,-2,20,-1,21,-2,21,-3,21,-2,24,-3,23,-1,24,-3,21,-4,26,-3,24,-2,24,-5,26,-2,27,-5,26,-4,26,-5,26,-2,30,-2,33,-4,30,-3,31,-1,34,0,33,-1,33,0,34,1,0,0,0,0,0,0,4,-34,2,-33,2,-34,4,-34,5,-33,4,-34,6,-33,6,-32,5,-31,9,-31,6,-33,5,-31,9,-28,6,-28,5,-31,6,-28,6,-30,4,-28,4,-27,9,-28,5,-31,5,-28,8,-28,8,-30,5,-30,9,-27,6,-27,4,-30,8,-28,6,-30,8,-30,6,-30,12,-28,10,-28,9,-27,13,-28,13,-28,13,-24,15,-26,16,-23,16,-23,16,-26,19,-23,17,-19,16,-20,18,-17,20,-15,19,-16,20,-12,21,-12,21,-9,19,-8,19,-5,19,-5,19,-4,17,-2,18,-1,0,0,0,0,0,0,0,0,0,0]"""
1782031940973,2026-06-21T17:52:20.973,safe,posture,mhw,standing_still,t017,"CSI_DATA,535867,1a:00:00:00:00:00,-44,11,-99,16,29,11,526752694,47,2,256,0,""[0,0,0,0,0,0,0,0,0,0,0,0,-4,-6,-2,-5,-3,-6,-4,-6,-2,-8,-4,-9,-4,-8,-6,-9,-3,-10,-6,-10,-4,-10,-4,-11,-4,-11,-5,-12,-4,-13,-3,-15,-5,-13,-8,-15,-4,-15,-3,-17,-8,-18,-3,-15,-6,-17,-8,-17,-6,-18,-6,-18,-4,-17,-6,-17,-5,-19,-5,-19,-8,-18,-6,-18,-8,-19,-6,-21,-9,-19,-8,-19,-10,-19,-10,-21,-11,-20,-13,-20,-15,-19,-12,-20,-15,-20,-16,-19,-13,-19,-18,-23,-18,-20,-18,-18,-17,-21,-19,-21,-21,-21,-20,-24,-21,-23,-23,-25,-21,-23,-21,-24,-24,-24,0,0,0,0,0,0,-24,24,-26,24,-23,24,-21,24,-24,26,-21,23,-25,25,-23,24,-21,25,-21,24,-19,25,-19,26,-19,24,-18,25,-18,26,-16,25,-16,27,-15,24,-13,25,-17,25,-12,26,-13,27,-13,24,-12,26,-12,27,-13,25,-11,30,-10,30,-10,27,-9,30,-11,28,-9,27,-13,28,-13,27,-9,28,-13,26,-11,30,-13,27,-11,27,-15,24,-12,27,-12,25,-15,25,-13,24,-12,23,-16,20,-16,18,-12,20,-15,18,-16,19,-16,17,-13,16,-17,12,-15,11,-15,11,-15,10,-15,9,0,0,0,0,0,0,0,0,0,0]"""
1782031940982,2026-06-21T17:52:20.982,safe,posture,mhw,standing_still,t017,"CSI_DATA,535868,1a:00:00:00:00:00,-44,11,-99,14,29,11,526763694,47,2,256,0,""[0,0,0,0,0,0,0,0,0,0,0,0,-6,0,-6,-1,-7,-2,-7,-1,-7,-3,-8,-3,-8,-1,-11,-1,-11,-2,-12,-1,-11,-1,-12,-1,-12,-1,-12,-2,-12,-1,-15,-2,-15,-2,-17,-3,-14,-2,-15,-1,-17,-1,-18,0,-19,-1,-18,0,-20,-1,-20,2,-22,0,-19,2,-20,0,-19,1,-22,3,-18,4,-22,6,-19,4,-22,8,-20,8,-22,9,-20,9,-20,11,-20,14,-19,14,-23,14,-19,14,-18,18,-15,15,-18,22,-20,20,-14,23,-18,23,-17,23,-18,23,-18,25,-17,26,-18,29,-17,26,-15,28,-12,30,0,0,0,0,0,0,31,11,36,13,31,8,33,9,36,8,29,9,34,8,30,6,34,4,29,2,30,3,33,1,31,1,33,-3,29,-1,29,-3,30,-4,29,-6,26,-6,31,-7,28,-8,30,-11,23,-11,25,-12,28,-15,24,-13,26,-18,25,-18,24,-18,24,-20,24,-19,20,-19,28,-19,23,-20,20,-20,20,-18,20,-24,22,-20,19,-23,23,-20,20,-20,20,-19,22,-19,22,-20,19,-20,20,-18,17,-14,17,-18,13,-13,18,-17,17,-15,15,-17,15,-12,15,-14,15,-12,14,-9,14,-9,0,0,0,0,0,0,0,0,0,0]"""
1782031940994,2026-06-21T17:52:20.994,safe,posture,mhw,standing_still,t017,"CSI_DATA,535869,1a:00:00:00:00:00,-44,11,-99,19,28,11,526775946,47,2,256,0,""[0,0,0,0,0,0,0,0,0,0,0,0,7,1,8,2,5,1,7,1,9,2,10,3,9,5,7,4,9,3,8,5,10,4,11,5,14,7,10,7,13,9,11,5,14,8,14,8,15,9,15,13,14,11,15,11,13,11,15,13,16,11,15,11,14,11,16,14,15,10,17,11,16,11,21,15,16,14,17,13,16,15,17,13,16,10,20,10,19,11,17,10,20,13,20,5,24,9,26,10,28,14,21,13,26,10,24,15,24,11,26,11,34,10,28,8,33,13,30,14,34,11,32,15,32,15,0,0,0,0,0,0,15,-32,15,-28,15,-36,16,-30,13,-26,15,-32,11,-26,16,-32,11,-27,19,-32,16,-29,15,-24,13,-29,15,-24,14,-29,10,-29,9,-29,9,-27,14,-29,7,-24,7,-30,8,-26,8,-29,11,-29,11,-24,8,-28,10,-26,7,-28,8,-29,8,-28,8,-27,13,-29,4,-28,5,-30,9,-29,10,-34,15,-27,11,-27,16,-26,13,-23,13,-23,11,-27,11,-24,13,-20,16,-22,10,-22,14,-22,15,-20,19,-21,16,-13,17,-15,17,-10,15,-11,17,-10,17,-13,16,-10,17,-8,0,0,0,0,0,0,0,0,0,0]"""
1782031941003,2026-06-21T17:52:21.003,safe,posture,mhw,standing_still,t017,"CSI_DATA,535870,1a:00:00:00:00:00,-44,11,-99,18,28,11,526785694,47,2,256,0,""[0,0,0,0,0,0,0,0,0,0,0,0,-3,6,-3,4,-2,3,-4,7,-2,7,-3,8,-3,8,-4,6,-4,8,-4,8,-6,9,-4,12,-4,12,-4,12,-7,13,-6,9,-6,17,-4,13,-7,17,-9,18,-9,15,-8,15,-8,14,-7,18,-7,18,-7,18,-6,17,-8,19,-2,17,-3,20,-7,18,-6,25,-4,22,-2,17,-3,20,-3,22,-1,19,1,24,0,22,2,22,2,25,6,19,7,25,6,25,8,33,2,25,9,26,4,28,7,23,11,28,15,29,14,25,13,29,11,30,19,26,18,31,17,28,0,0,0,0,0,0,33,-18,24,-13,33,-25,28,-19,23,-14,28,-23,20,-19,29,-25,22,-19,28,-23,24,-22,22,-17,19,-22,19,-19,19,-26,18,-26,15,-24,14,-24,17,-25,8,-24,12,-29,11,-25,12,-30,12,-29,12,-24,8,-26,9,-24,7,-30,7,-30,4,-28,7,-25,9,-33,1,-26,1,-31,3,-29,4,-39,8,-29,4,-29,7,-30,6,-25,4,-25,2,-31,3,-29,3,-24,6,-26,1,-23,2,-26,6,-23,8,-29,7,-22,6,-23,9,-19,6,-19,8,-17,8,-19,7,-17,9,-17,0,0,0,0,0,0,0,0,0,0]"""
1782031941016,2026-06-21T17:52:21.016,safe,posture,mhw,standing_still,t017,"CSI_DATA,535871,1a:00:00:00:00:00,-44,11,-99,15,29,11,526796694,47,2,256,0,""[0,0,0,0,0,0,0,0,0,0,0,0,0,-7,0,-8,-1,-7,0,-9,-1,-7,1,-9,1,-10,2,-10,3,-11,2,-9,3,-13,2,-13,2,-13,4,-13,3,-15,4,-11,5,-15,4,-14,9,-17,5,-15,5,-14,7,-16,9,-13,9,-17,10,-16,10,-16,9,-15,10,-19,9,-14,10,-19,9,-16,13,-22,14,-19,11,-17,11,-19,13,-19,9,-17,9,-22,13,-20,9,-17,11,-22,8,-21,9,-24,9,-23,15,-29,13,-23,11,-26,14,-24,11,-22,13,-24,15,-30,13,-27,15,-32,16,-28,15,-30,19,-32,16,-29,0,0,0,0,0,0,-29,-19,-24,-14,-34,-20,-28,-17,-22,-16,-30,-21,-26,-15,-30,-22,-24,-14,-29,-23,-27,-21,-24,-17,-24,-17,-21,-17,-27,-17,-24,-16,-24,-16,-24,-16,-26,-17,-21,-14,-28,-16,-24,-14,-28,-17,-26,-16,-24,-15,-22,-16,-22,-16,-27,-14,-26,-17,-26,-16,-21,-16,-26,-17,-21,-16,-26,-16,-22,-15,-28,-22,-23,-22,-21,-20,-21,-22,-16,-22,-16,-20,-21,-21,-16,-22,-15,-20,-16,-23,-13,-20,-14,-24,-11,-21,-10,-27,-7,-22,-7,-21,-3,-22,-3,-17,-2,-20,-2,-20,1,-16,2,-17,0,0,0,0,0,0,0,0,0,0]"""
1782031941027,2026-06-21T17:52:21.027,safe,posture,mhw,standing_still,t017,"CSI_DATA,535872,1a:00:00:00:00:00,-44,11,-99,16,29,11,526807694,47,2,256,0,""[0,0,0,0,0,0,0,0,0,0,0,0,-5,3,-5,3,-8,3,-5,4,-8,2,-6,3,-6,3,-9,4,-10,2,-11,3,-11,1,-12,2,-12,3,-13,2,-13,1,-16,0,-16,1,-16,-1,-13,-1,-13,1,-15,-1,-19,1,-20,-2,-17,-3,-18,-3,-18,-4,-19,-5,-20,-2,-21,-3,-20,-2,-19,-4,-17,-3,-21,-2,-20,-3,-23,-2,-25,-1,-21,-3,-19,-6,-23,-4,-24,-5,-24,-2,-25,-2,-24,-2,-26,-2,-21,-3,-26,-1,-27,-1,-28,2,-31,-2,-30,-1,-25,-5,-31,-6,-32,-6,-30,-6,-34,-8,-32,-4,-34,-5,0,0,0,0,0,0,-10,34,-12,35,-8,28,-10,33,-13,35,-15,27,-13,33,-11,28,-15,30,-11,25,-8,26,-11,30,-11,32,-11,31,-13,25,-13,27,-11,27,-13,28,-11,26,-12,30,-10,26,-13,28,-10,21,-9,25,-10,27,-9,30,-11,30,-12,25,-15,27,-12,28,-15,27,-13,26,-17,28,-13,24,-13,25,-13,21,-16,26,-15,25,-13,27,-17,25,-20,25,-21,18,-23,18,-23,19,-21,17,-23,16,-21,12,-21,15,-18,8,-19,11,-19,9,-19,10,-19,8,-20,6,-18,2,-19,0,-18,0,0,0,0,0,0,0,0,0,0,0]"""
1782031941036,2026-06-21T17:52:21.036,safe,posture,mhw,standing_still,t017,"CSI_DATA,535873,1a:00:00:00:00:00,-44,11,-99,15,29,11,526818694,47,2,256,0,""[0,0,0,0,0,0,0,0,0,0,0,0,8,1,7,2,8,2,7,2,8,2,8,3,8,3,10,4,9,3,10,5,11,4,10,7,11,7,11,7,9,7,13,11,13,8,13,10,9,11,11,10,15,10,10,14,14,16,13,15,11,15,11,15,13,16,10,14,13,21,10,17,10,17,9,16,11,17,9,19,13,17,13,20,14,21,11,21,10,21,14,21,14,20,14,23,11,21,16,20,11,17,17,23,13,22,17,22,14,27,15,27,13,26,14,27,13,27,15,30,15,29,13,29,15,30,0,0,0,0,0,0,30,-11,36,-10,30,-9,34,-9,38,-9,30,-7,35,-9,30,-7,34,-7,30,-3,30,-5,33,-8,30,-4,33,-8,30,-5,30,-5,30,-8,30,-5,27,-4,32,-3,28,-5,30,-5,24,-4,28,-4,30,-5,28,-3,32,-3,30,-4,30,-1,30,-4,30,-2,27,-4,34,1,29,0,30,0,27,2,32,0,30,3,32,2,29,5,30,8,27,9,27,10,27,9,23,8,26,15,21,14,23,11,14,11,21,14,15,14,16,14,13,15,15,15,10,17,9,16,7,19,0,0,0,0,0,0,0,0,0,0]"""
1782031941047,2026-06-21T17:52:21.047,safe,posture,mhw,standing_still,t017,"CSI_DATA,535874,1a:00:00:00:00:00,-44,11,-99,14,29,11,526829695,47,2,256,0,""[0,0,0,0,0,0,0,0,0,0,0,0,6,1,6,1,7,-1,7,2,9,1,8,0,9,0,12,0,11,1,12,-1,9,0,12,-1,13,-1,13,1,13,0,17,-1,14,-1,18,-1,15,-2,15,-1,19,-3,17,-2,19,-4,18,-4,18,-7,20,-6,19,-6,17,-6,22,-6,18,-6,18,-8,17,-9,19,-12,18,-12,17,-14,17,-12,18,-14,18,-15,18,-15,15,-19,13,-18,18,-19,15,-19,12,-23,12,-19,12,-26,13,-25,7,-25,9,-26,8,-28,9,-28,9,-28,8,-30,8,-34,7,-31,6,-30,3,-35,0,0,0,0,0,0,-34,0,-37,-1,-31,2,-34,4,-39,3,-29,2,-35,4,-30,4,-34,7,-30,8,-30,8,-30,12,-29,9,-30,14,-28,12,-25,14,-26,18,-25,17,-22,15,-28,20,-22,18,-22,20,-17,18,-18,22,-19,23,-17,22,-18,26,-14,26,-15,26,-14,28,-14,29,-11,25,-17,29,-14,26,-11,28,-11,25,-9,31,-9,26,-7,30,-12,28,-7,28,-9,26,-11,26,-11,28,-8,24,-11,26,-9,22,-7,25,-7,20,-9,23,-8,20,-6,20,-7,17,-8,20,-8,15,-7,14,-9,15,0,0,0,0,0,0,0,0,0,0]"""
1782031941059,2026-06-21T17:52:21.059,safe,posture,mhw,standing_still,t017,"CSI_DATA,535875,1a:00:00:00:00:00,-44,11,-99,19,28,11,526840694,47,2,256,0,""[0,0,0,0,0,0,0,0,0,0,0,0,5,3,5,3,7,4,7,4,7,3,10,4,9,5,8,7,8,5,7,5,10,8,10,7,10,7,10,7,11,10,10,9,11,11,11,10,13,13,9,15,9,15,13,11,11,14,14,15,14,16,14,14,11,14,14,15,13,13,16,16,15,14,16,17,14,19,15,16,15,15,14,15,17,11,21,13,17,13,17,11,17,14,19,11,23,13,22,13,26,17,19,16,24,16,22,17,22,15,24,15,30,14,26,13,27,16,29,17,29,11,32,17,29,15,0,0,0,0,0,0,16,-29,17,-27,17,-35,17,-30,14,-26,16,-30,15,-28,19,-33,13,-27,19,-28,17,-29,15,-26,15,-27,13,-24,11,-32,10,-28,9,-29,10,-27,10,-26,8,-26,8,-29,8,-27,9,-32,11,-30,8,-28,10,-24,9,-27,5,-32,5,-30,5,-27,5,-27,9,-30,7,-27,5,-30,8,-27,10,-35,13,-29,11,-28,14,-28,13,-24,10,-26,10,-29,11,-26,9,-22,13,-23,10,-22,13,-23,14,-22,17,-22,16,-17,16,-16,15,-14,15,-11,15,-14,16,-15,15,-11,15,-10,0,0,0,0,0,0,0,0,0,0]"""
1782031941070,2026-06-21T17:52:21.070,safe,posture,mhw,standing_still,t017,"CSI_DATA,535876,1a:00:00:00:00:00,-44,11,-99,19,28,11,526851694,47,2,256,0,""[0,0,0,0,0,0,0,0,0,0,0,0,-2,-7,-2,-8,-2,-7,1,-8,-1,-8,0,-9,1,-9,0,-10,0,-10,0,-9,-1,-11,0,-14,-1,-14,1,-14,0,-14,2,-14,2,-16,0,-16,2,-16,3,-19,1,-19,4,-15,3,-17,2,-19,4,-17,3,-17,3,-17,4,-20,7,-17,3,-20,3,-20,7,-23,4,-23,4,-21,3,-21,4,-19,3,-22,2,-23,3,-22,2,-22,2,-23,2,-23,0,-24,0,-27,1,-29,3,-28,0,-27,2,-26,2,-27,0,-29,-2,-34,0,-30,-1,-30,3,-36,-1,-34,1,-33,1,-34,0,0,0,0,0,0,-35,-1,-32,0,-38,0,-34,-2,-32,-2,-34,-1,-32,-3,-35,-2,-30,1,-35,-2,-34,-3,-30,0,-29,-2,-29,-3,-32,-1,-30,0,-32,3,-29,2,-30,0,-28,1,-29,3,-29,4,-32,3,-33,1,-29,2,-27,1,-29,3,-32,5,-30,3,-29,4,-27,1,-30,4,-29,2,-29,4,-30,3,-34,1,-34,0,-29,0,-30,-1,-28,-2,-27,-1,-30,0,-28,-3,-26,-2,-27,-3,-26,-5,-26,-7,-23,-5,-24,-10,-23,-10,-20,-9,-19,-11,-16,-9,-16,-13,-19,-11,-15,-10,-14,-11,0,0,0,0,0,0,0,0,0,0]"""
1782031941081,2026-06-21T17:52:21.081,safe,posture,mhw,standing_still,t017,"CSI_DATA,535877,1a:00:00:00:00:00,-44,11,-99,17,28,11,526862694,47,2,256,0,""[0,0,0,0,0,0,0,0,0,0,0,0,26,30,-6,-16,1,23,11,32,23,15,3,2,-1,22,16,28,-7,11,-1,7,5,35,-2,11,-3,10,2,-3,-6,17,-8,12,-12,18,-8,20,-7,18,-15,13,-12,18,-7,10,-8,20,-7,15,-8,13,-8,16,-11,13,-11,17,-10,16,-10,16,-11,17,-12,21,-12,18,-11,18,-13,18,-11,16,-10,18,-10,22,-10,20,-8,18,-8,21,-12,22,-12,23,-11,23,-15,25,-11,25,-13,26,-13,22,-12,25,-12,26,-13,30,-13,25,-15,27,-15,27,-15,30,-16,30,-13,28,0,0,0,0,0,0,30,18,28,17,32,17,30,17,28,20,25,18,27,15,30,18,27,16,28,20,27,18,25,16,25,17,25,16,28,16,26,15,26,15,26,15,22,15,25,13,27,13,26,12,27,12,26,17,25,13,25,15,23,13,27,12,28,15,27,13,25,13,26,13,26,15,27,15,25,15,28,18,26,20,23,18,23,20,21,20,21,16,21,20,20,21,17,17,16,18,16,18,15,20,16,21,12,25,10,22,11,18,8,21,6,17,6,20,5,20,5,16,2,17,0,0,0,0,0,0,0,0,0,0]"""
1782031941093,2026-06-21T17:52:21.093,safe,posture,mhw,standing_still,t017,"CSI_DATA,535878,1a:00:00:00:00:00,-44,11,-99,16,29,11,526873695,47,2,256,0,""[0,0,0,0,0,0,0,0,0,0,0,0,1,-6,2,-5,1,-5,2,-8,2,-8,3,-8,4,-9,4,-6,3,-11,5,-9,6,-10,4,-12,4,-11,8,-11,9,-13,8,-12,8,-13,10,-13,10,-13,11,-11,11,-9,11,-16,12,-13,13,-12,15,-12,12,-12,13,-13,18,-13,12,-11,15,-15,15,-13,17,-15,15,-13,15,-15,17,-15,17,-17,15,-15,15,-16,16,-13,16,-16,18,-18,13,-18,17,-19,18,-19,20,-20,17,-16,17,-20,20,-18,18,-21,20,-21,19,-24,19,-25,24,-24,21,-20,21,-24,25,-26,24,-23,0,0,0,0,0,0,-23,-26,-18,-24,-21,-27,-21,-28,-18,-26,-20,-31,-18,-24,-20,-28,-17,-25,-18,-26,-19,-24,-15,-24,-20,-25,-16,-24,-17,-23,-19,-24,-19,-23,-17,-24,-17,-27,-17,-19,-19,-23,-17,-23,-19,-23,-17,-21,-17,-21,-19,-23,-16,-21,-18,-21,-17,-24,-18,-21,-16,-24,-18,-27,-17,-21,-19,-25,-15,-25,-18,-28,-13,-26,-15,-26,-11,-26,-12,-28,-9,-25,-9,-26,-9,-26,-8,-24,-4,-28,-6,-23,-4,-26,-2,-24,-2,-26,1,-21,0,-21,4,-19,3,-21,3,-18,5,-20,4,-19,9,-17,0,0,0,0,0,0,0,0,0,0]"""
1782031941105,2026-06-21T17:52:21.105,safe,posture,mhw,standing_still,t017,"CSI_DATA,535879,1a:00:00:00:00:00,-44,11,-99,15,29,11,526884694,47,2,256,0,""[0,0,0,0,0,0,0,0,0,0,0,0,-7,1,-7,0,-9,0,-7,-1,-9,-1,-7,-1,-9,0,-9,1,-10,-1,-11,0,-10,-2,-13,-3,-11,-3,-14,-4,-11,-4,-15,-5,-14,-4,-14,-7,-13,-5,-14,-4,-14,-7,-19,-8,-16,-9,-14,-9,-15,-11,-16,-10,-16,-13,-16,-11,-15,-15,-16,-14,-15,-13,-14,-11,-16,-10,-17,-11,-17,-13,-20,-11,-19,-13,-17,-13,-19,-14,-21,-14,-19,-14,-21,-15,-20,-14,-22,-16,-19,-11,-22,-14,-22,-14,-24,-11,-26,-16,-24,-17,-21,-16,-23,-20,-24,-20,-27,-22,-24,-23,-24,-20,-26,-22,0,0,0,0,0,0,-27,24,-29,24,-21,20,-26,22,-30,26,-26,16,-27,21,-24,17,-29,19,-22,17,-22,17,-23,19,-26,21,-24,21,-24,15,-24,17,-24,20,-24,16,-24,16,-26,20,-22,17,-24,17,-21,17,-20,17,-24,17,-24,20,-27,19,-23,14,-27,16,-23,17,-28,15,-24,16,-29,15,-26,14,-28,13,-22,11,-24,15,-27,13,-27,13,-28,10,-28,9,-27,3,-28,5,-29,3,-27,2,-29,1,-24,0,-26,-1,-21,-1,-23,-1,-22,-3,-22,-2,-21,-7,-21,-5,-15,-8,-17,-9,-15,-10,0,0,0,0,0,0,0,0,0,0]"""
1782031941113,2026-06-21T17:52:21.113,safe,posture,mhw,standing_still,t017,"CSI_DATA,535880,1a:00:00:00:00:00,-44,11,-99,14,29,11,526895694,47,2,256,0,""[0,0,0,0,0,0,0,0,0,0,0,0,6,-3,6,-3,6,-3,8,-3,7,-3,8,-2,8,-3,9,-2,11,-3,9,-1,11,-2,13,-3,13,-3,13,-1,14,-1,12,0,15,-2,15,-1,15,0,17,3,18,4,20,1,17,3,20,4,20,2,19,3,19,6,22,7,18,2,22,2,19,6,22,4,20,6,22,4,22,4,23,6,20,4,22,4,20,3,23,6,24,7,23,3,25,6,26,6,26,7,24,8,26,7,28,7,30,6,29,8,29,9,31,9,33,13,28,11,30,12,34,13,33,14,0,0,0,0,0,0,15,-34,18,-29,18,-29,19,-28,17,-24,23,-28,17,-24,23,-29,19,-24,20,-25,20,-25,18,-22,18,-28,20,-20,19,-23,20,-24,19,-24,20,-22,24,-24,17,-22,17,-24,20,-22,20,-22,19,-20,18,-20,22,-24,20,-18,19,-20,23,-22,20,-22,23,-19,25,-22,20,-20,23,-23,22,-18,26,-20,24,-15,24,-17,26,-15,26,-14,24,-11,25,-11,26,-9,25,-6,29,-6,24,-6,26,-4,24,-2,25,0,20,1,22,0,22,3,22,2,19,4,17,7,17,7,17,8,0,0,0,0,0,0,0,0,0,0]"""
1782031941125,2026-06-21T17:52:21.125,safe,posture,mhw,standing_still,t017,"CSI_DATA,535881,1a:00:00:00:00:00,-44,11,-99,18,28,11,526906694,47,2,256,0,""[0,0,0,0,0,0,0,0,0,0,0,0,4,4,4,2,7,3,4,3,9,6,8,3,7,2,8,2,11,4,9,3,9,4,11,4,13,4,13,4,13,6,15,4,13,3,17,4,14,3,13,4,15,4,18,2,19,4,18,3,19,4,19,1,20,3,19,2,22,0,19,1,22,0,17,-1,20,-3,20,-3,22,-4,22,-8,23,-7,20,-6,22,-8,23,-9,19,-11,24,-12,19,-12,23,-15,17,-14,20,-17,20,-19,17,-20,19,-23,22,-24,19,-22,20,-24,20,-24,20,-26,20,-28,14,-28,15,-31,0,0,0,0,0,0,-30,-15,-36,-17,-29,-9,-33,-11,-36,-13,-30,-13,-33,-11,-30,-8,-34,-8,-29,-6,-28,-1,-31,-2,-34,0,-33,1,-29,-2,-30,2,-30,3,-31,2,-28,4,-30,7,-25,8,-30,8,-23,9,-24,11,-26,11,-26,14,-28,17,-25,14,-26,14,-24,19,-25,18,-23,18,-26,19,-22,18,-24,20,-19,18,-22,22,-19,22,-19,23,-20,23,-23,20,-22,17,-22,18,-22,19,-19,19,-22,20,-17,13,-20,19,-13,15,-15,15,-15,14,-15,15,-15,14,-15,15,-15,9,-17,11,-15,7,0,0,0,0,0,0,0,0,0,0]"""
1782031941136,2026-06-21T17:52:21.136,safe,posture,mhw,standing_still,t017,"CSI_DATA,535882,1a:00:00:00:00:00,-44,11,-99,18,28,11,526917694,47,2,256,0,""[0,0,0,0,0,0,0,0,0,0,0,0,-4,-3,-6,-4,-6,-2,-6,-2,-7,-3,-7,-4,-8,-3,-8,-4,-11,-4,-8,-4,-9,-6,-11,-6,-11,-4,-13,-7,-13,-7,-13,-9,-13,-6,-14,-8,-12,-7,-15,-7,-18,-6,-18,-4,-17,-7,-17,-7,-17,-6,-17,-6,-18,-7,-20,-6,-18,-3,-20,-4,-20,-3,-20,-3,-19,-1,-20,1,-23,0,-23,1,-23,2,-23,0,-23,2,-23,4,-23,6,-24,8,-23,8,-24,9,-22,9,-23,11,-23,13,-24,14,-23,18,-26,17,-24,15,-26,18,-26,19,-25,19,-26,20,-25,23,-24,23,0,0,0,0,0,0,24,24,28,26,24,19,25,23,29,24,23,22,26,22,28,18,28,19,25,15,25,13,26,13,33,13,30,12,26,13,28,11,30,6,30,8,29,9,30,3,29,1,30,4,26,-1,26,-1,29,0,30,-3,30,-2,29,-2,30,-3,30,-6,30,-2,30,-6,33,-6,28,-7,30,-8,28,-7,28,-8,26,-11,30,-9,30,-8,29,-9,28,-6,28,-7,29,-7,28,-6,25,-8,24,-6,25,-4,20,-3,20,-6,23,-6,19,-6,23,-6,20,-3,19,0,18,0,18,1,0,0,0,0,0,0,0,0,0,0]"""
1782031941148,2026-06-21T17:52:21.148,safe,posture,mhw,standing_still,t017,"CSI_DATA,535883,1a:00:00:00:00:00,-44,11,-99,15,29,11,526928742,47,2,256,0,""[0,0,0,0,0,0,0,0,0,0,0,0,0,-5,0,-9,0,-5,1,-7,1,-8,1,-9,2,-10,3,-8,1,-10,3,-8,4,-11,3,-11,3,-11,4,-14,8,-14,4,-11,4,-15,5,-13,9,-15,8,-15,9,-11,10,-19,9,-14,9,-17,10,-17,10,-17,11,-16,11,-20,8,-14,8,-19,10,-16,13,-21,14,-17,10,-16,13,-20,11,-19,9,-17,7,-22,8,-20,8,-20,13,-21,7,-22,7,-24,8,-23,13,-29,11,-20,9,-27,15,-24,9,-27,10,-28,7,-32,4,-30,11,-33,11,-29,7,-33,11,-33,10,-30,0,0,0,0,0,0,-32,-15,-28,-11,-36,-15,-33,-14,-26,-13,-32,-16,-26,-10,-34,-13,-28,-10,-33,-14,-30,-14,-24,-16,-30,-13,-24,-13,-29,-11,-28,-11,-28,-10,-27,-9,-28,-14,-24,-5,-29,-5,-27,-9,-29,-9,-29,-9,-26,-13,-28,-8,-24,-11,-29,-8,-28,-9,-28,-8,-27,-8,-30,-11,-26,-4,-30,-5,-27,-9,-34,-11,-26,-15,-27,-13,-26,-16,-24,-13,-23,-14,-26,-11,-23,-13,-22,-11,-22,-15,-21,-10,-23,-14,-19,-16,-20,-20,-13,-17,-15,-19,-10,-20,-10,-17,-9,-16,-11,-17,-9,-17,-7,-17,0,0,0,0,0,0,0,0,0,0]"""
1782031941157,2026-06-21T17:52:21.157,safe,posture,mhw,standing_still,t017,"CSI_DATA,535884,1a:00:00:00:00:00,-44,11,-99,15,29,11,526939694,47,2,256,0,""[0,0,0,0,0,0,0,0,0,0,0,0,-2,5,-2,5,-2,5,-4,7,-2,8,-4,8,-5,8,-5,7,-7,8,-5,7,-8,8,-8,10,-7,10,-8,10,-10,10,-8,9,-11,11,-10,11,-13,13,-17,10,-16,9,-14,10,-14,8,-15,13,-16,11,-15,11,-15,9,-17,10,-13,10,-15,14,-15,13,-21,14,-20,11,-17,11,-20,11,-17,10,-14,13,-16,16,-17,14,-15,15,-19,13,-13,16,-17,19,-19,17,-23,22,-20,16,-21,19,-23,15,-19,19,-21,20,-22,24,-19,21,-24,22,-24,19,-22,24,-26,20,-26,22,0,0,0,0,0,0,20,29,19,24,24,30,17,29,15,22,21,30,15,23,21,30,16,23,19,32,19,29,10,26,17,27,14,24,19,27,17,26,19,24,15,22,16,26,16,19,21,24,19,21,21,24,16,27,14,24,16,23,15,23,21,22,19,23,17,22,17,22,17,27,17,20,20,23,17,26,20,32,13,29,13,27,10,29,9,26,9,26,15,28,9,26,9,23,5,27,9,22,7,27,3,23,2,30,0,23,0,23,-3,20,-3,19,-3,20,-3,21,-3,19,-5,17,0,0,0,0,0,0,0,0,0,0]"""
1782031941169,2026-06-21T17:52:21.169,safe,posture,mhw,standing_still,t017,"CSI_DATA,535885,1a:00:00:00:00:00,-44,11,-99,19,28,11,526951402,47,2,256,0,""[0,0,0,0,0,0,0,0,0,0,0,0,-7,1,-8,2,-7,2,-8,1,-9,0,-8,1,-9,3,-9,2,-10,4,-9,1,-13,2,-11,4,-14,2,-14,3,-15,2,-14,1,-14,2,-16,3,-15,4,-17,3,-17,2,-19,7,-17,2,-19,4,-20,4,-19,4,-19,2,-22,5,-17,7,-17,8,-19,5,-22,7,-20,7,-19,9,-21,10,-22,10,-19,10,-16,11,-19,14,-19,11,-21,15,-16,16,-20,16,-20,17,-22,20,-17,15,-17,22,-21,20,-19,22,-21,22,-17,26,-17,27,-21,26,-19,27,-19,29,-20,29,-17,28,0,0,0,0,0,0,30,22,28,19,30,20,28,19,28,16,28,19,27,15,32,19,28,15,30,17,29,13,24,15,32,11,29,11,28,10,29,8,30,8,28,7,30,9,27,4,30,3,29,7,32,4,28,4,27,2,32,0,29,1,29,0,30,-1,28,-2,28,1,33,2,28,-2,30,-3,32,0,35,-4,29,0,30,-1,30,0,29,0,28,-1,28,-1,29,-2,27,0,29,3,24,1,27,2,26,3,26,4,22,3,23,3,21,5,21,4,20,3,20,7,20,5,17,8,0,0,0,0,0,0,0,0,0,0]"""
1782031941181,2026-06-21T17:52:21.181,safe,posture,mhw,standing_still,t017,"CSI_DATA,535886,1a:00:00:00:00:00,-44,11,-99,15,29,11,526961694,47,2,256,0,""[0,0,0,0,0,0,0,0,0,0,0,0,-4,-2,-7,-3,-7,-2,-7,-4,-7,-4,-7,-8,-7,-7,-7,-7,-7,-8,-7,-8,-8,-8,-8,-9,-7,-10,-7,-10,-8,-13,-7,-13,-8,-14,-8,-13,-8,-16,-7,-16,-7,-16,-5,-15,-7,-15,-8,-17,-5,-17,-5,-17,-5,-19,-7,-19,-3,-17,-7,-20,-4,-19,-5,-23,-5,-21,-5,-20,-5,-21,-3,-21,-4,-19,-7,-23,-3,-21,-7,-22,-8,-23,-5,-22,-7,-26,-8,-23,-8,-29,-7,-27,-8,-26,-7,-26,-5,-24,-7,-27,-8,-32,-8,-29,-7,-33,-3,-32,-7,-34,-4,-34,-1,-32,0,0,0,0,0,0,-35,1,-34,1,-38,3,-35,2,-29,0,-35,-2,-33,0,-34,-1,-30,0,-35,-4,-34,-2,-32,-3,-29,-4,-28,-3,-32,-1,-30,-1,-29,-1,-30,0,-29,-3,-26,-3,-30,-2,-28,-1,-32,-2,-30,-2,-30,-2,-28,-3,-27,-3,-32,0,-30,-3,-30,-1,-27,-3,-29,-4,-27,-5,-32,-7,-28,-5,-33,-9,-29,-10,-29,-9,-28,-10,-23,-14,-24,-10,-26,-11,-24,-15,-22,-14,-22,-15,-20,-14,-20,-19,-17,-16,-19,-22,-14,-17,-11,-17,-11,-19,-9,-15,-8,-19,-7,-20,-5,-17,-3,-19,0,0,0,0,0,0,0,0,0,0]"""
1782031941189,2026-06-21T17:52:21.189,safe,posture,mhw,standing_still,t017,"CSI_DATA,535887,1a:00:00:00:00:00,-44,11,-99,15,29,11,526972694,47,2,256,0,""[0,0,0,0,0,0,0,0,0,0,0,0,5,0,8,0,7,1,8,0,8,2,8,1,9,2,8,4,10,4,10,4,10,3,10,4,11,4,11,7,11,8,13,5,14,7,11,8,15,10,11,14,8,14,13,13,10,13,14,13,14,14,13,15,11,15,13,20,11,13,15,16,10,17,15,19,11,16,11,17,11,19,13,17,14,16,14,16,14,16,13,17,14,20,17,15,17,20,15,21,16,26,10,21,16,23,13,22,16,23,14,24,20,24,19,26,16,30,16,27,20,27,14,32,16,28,0,0,0,0,0,0,34,-14,33,-8,32,-10,32,-9,29,-7,36,-8,26,-8,35,-8,29,-7,33,-4,33,-3,28,0,33,-7,29,-2,30,-3,30,-5,32,-5,29,-4,33,-2,24,-4,29,-5,28,-4,29,-4,32,-3,28,1,30,-3,29,1,29,-5,32,-2,30,-2,29,-2,34,2,28,-1,29,-2,28,2,34,3,29,5,30,5,29,10,29,8,24,9,26,7,26,9,23,10,23,15,22,9,24,11,21,15,20,19,13,16,15,17,11,17,13,17,10,16,8,19,8,17,5,19,0,0,0,0,0,0,0,0,0,0]"""
1782031941202,2026-06-21T17:52:21.202,safe,posture,mhw,standing_still,t017,"CSI_DATA,535888,1a:00:00:00:00:00,-44,11,-99,18,28,11,526983694,47,2,256,0,""[0,0,0,0,0,0,0,0,0,0,0,0,6,0,7,0,6,-1,8,0,6,-1,9,0,9,-1,9,1,11,-1,11,-1,14,-3,12,-1,12,-3,13,-2,14,-3,13,-3,17,-3,13,-3,15,-4,15,-4,15,-4,18,-3,15,-2,19,-7,18,-7,15,-7,17,-6,20,-8,14,-9,18,-11,17,-8,22,-14,19,-11,17,-13,18,-12,19,-14,15,-13,15,-18,15,-18,13,-17,15,-18,8,-20,11,-23,11,-23,14,-28,12,-22,9,-25,12,-25,8,-26,9,-28,4,-33,2,-30,6,-30,7,-30,-1,-35,2,-33,1,-34,0,0,0,0,0,0,-34,0,-29,2,-40,3,-35,1,-29,3,-35,3,-30,8,-37,8,-30,7,-34,8,-31,7,-29,7,-29,11,-28,9,-28,15,-26,15,-24,17,-23,15,-26,15,-19,18,-20,22,-22,19,-22,24,-22,22,-19,19,-19,19,-17,19,-14,26,-14,24,-15,25,-14,24,-18,26,-8,25,-11,29,-12,28,-15,33,-17,28,-13,26,-17,26,-12,24,-13,24,-8,29,-9,26,-8,24,-11,24,-6,24,-9,26,-11,22,-13,25,-9,19,-12,19,-12,15,-8,18,-11,15,-11,18,-9,15,-11,14,0,0,0,0,0,0,0,0,0,0]"""
1782031941212,2026-06-21T17:52:21.212,safe,posture,mhw,standing_still,t017,"CSI_DATA,535889,1a:00:00:00:00:00,-44,11,-99,15,29,11,526994694,47,2,256,0,""[0,0,0,0,0,0,0,0,0,0,0,0,-4,5,-5,5,-4,4,-4,7,-4,5,-7,5,-8,7,-5,4,-9,7,-5,5,-7,7,-10,7,-8,9,-10,8,-13,8,-10,8,-13,9,-13,8,-14,9,-15,8,-17,7,-15,10,-14,9,-16,8,-16,9,-16,9,-17,9,-21,10,-14,11,-19,13,-17,9,-20,13,-17,10,-17,11,-19,13,-17,13,-16,11,-16,14,-17,13,-17,13,-20,15,-14,15,-20,19,-21,15,-23,22,-19,15,-21,20,-22,19,-20,20,-21,19,-20,23,-20,23,-26,23,-22,19,-21,24,-24,26,-24,24,0,0,0,0,0,0,26,30,19,24,24,29,21,27,21,23,22,29,19,20,24,28,19,23,23,26,22,26,17,23,24,23,17,21,19,22,23,22,23,20,21,20,23,24,20,15,24,20,21,20,24,20,23,19,20,17,24,20,20,17,24,16,23,17,23,17,22,20,24,22,23,17,27,19,22,19,27,22,21,21,23,20,21,21,21,22,19,20,20,20,19,21,17,20,15,23,15,19,15,23,11,20,13,26,9,19,9,21,4,22,7,20,3,19,4,20,2,20,1,20,0,0,0,0,0,0,0,0,0,0]"""
1782031941225,2026-06-21T17:52:21.225,safe,posture,mhw,standing_still,t017,"CSI_DATA,535890,1a:00:00:00:00:00,-44,11,-99,14,29,11,527007992,47,2,256,0,""[0,0,0,0,0,0,0,0,0,0,0,0,6,-1,7,0,3,1,7,-1,7,-2,11,0,11,1,9,3,11,-1,11,2,13,-1,13,-1,13,0,13,-1,15,0,13,1,18,-1,15,-2,17,1,18,-1,13,1,19,-2,18,2,19,-2,20,0,18,-1,18,0,22,1,17,-3,20,-6,19,-3,24,-6,22,-3,20,-3,20,-4,22,-7,18,-6,20,-11,19,-8,19,-12,22,-11,15,-15,19,-18,22,-17,25,-18,22,-14,22,-17,23,-17,18,-18,23,-20,20,-28,18,-24,20,-26,20,-25,15,-29,22,-29,19,-26,0,0,0,0,0,0,-26,-18,-26,-15,-34,-18,-29,-19,-24,-14,-33,-17,-26,-9,-34,-15,-28,-11,-33,-15,-31,-13,-25,-14,-30,-9,-26,-8,-30,-8,-30,-3,-29,-3,-28,-2,-31,-6,-25,1,-30,2,-30,1,-33,1,-30,0,-28,-1,-29,3,-25,1,-29,7,-29,4,-28,6,-28,6,-34,4,-24,12,-28,11,-30,8,-36,12,-29,3,-29,7,-30,4,-25,6,-26,6,-29,11,-25,8,-23,8,-26,4,-23,8,-26,8,-25,3,-30,3,-20,0,-23,1,-20,-2,-20,0,-18,0,-20,0,-20,0,-18,-2,0,0,0,0,0,0,0,0,0,0]"""
1782031941238,2026-06-21T17:52:21.238,safe,posture,mhw,standing_still,t017,"CSI_DATA,535891,1a:00:00:00:00:00,-44,11,-99,19,28,11,527016694,47,2,256,0,""[0,0,0,0,0,0,0,0,0,0,0,0,-1,-7,-1,-5,-2,-8,-2,-7,-1,-5,0,-8,-2,-8,0,-11,1,-9,-1,-11,0,-11,-2,-11,-1,-13,2,-13,-1,-13,1,-16,1,-14,3,-16,4,-16,2,-14,4,-15,3,-16,3,-19,4,-19,4,-17,3,-19,7,-19,4,-17,8,-22,5,-20,7,-19,5,-19,5,-22,7,-21,5,-22,7,-22,7,-22,5,-23,7,-24,5,-26,5,-23,7,-24,8,-23,2,-24,5,-22,3,-28,5,-24,2,-28,5,-30,4,-28,7,-29,7,-29,7,-32,9,-33,9,-32,8,-30,9,-34,0,0,0,0,0,0,-32,-10,-34,-11,-32,-9,-32,-13,-34,-14,-28,-11,-34,-14,-30,-13,-33,-14,-27,-14,-28,-11,-33,-11,-27,-11,-29,-10,-28,-11,-28,-9,-29,-8,-28,-9,-26,-8,-30,-13,-27,-9,-29,-8,-27,-9,-27,-9,-30,-9,-27,-10,-29,-8,-28,-7,-29,-9,-29,-9,-29,-10,-28,-8,-30,-14,-26,-13,-27,-11,-27,-14,-30,-11,-27,-14,-29,-14,-24,-17,-23,-17,-23,-16,-22,-17,-21,-17,-21,-17,-19,-21,-15,-21,-16,-19,-11,-17,-14,-20,-10,-20,-11,-17,-9,-19,-7,-20,-7,-19,-3,-17,-3,-16,0,0,0,0,0,0,0,0,0,0]"""
1782031941246,2026-06-21T17:52:21.246,safe,posture,mhw,standing_still,t017,"CSI_DATA,535892,1a:00:00:00:00:00,-44,11,-99,15,29,11,527027694,47,2,256,0,""[0,0,0,0,0,0,0,0,0,0,0,0,5,0,7,1,5,2,8,3,7,0,9,4,9,3,8,4,9,3,9,4,11,5,11,5,11,4,13,5,11,7,11,9,14,8,11,8,15,10,15,10,11,8,13,13,11,13,15,13,15,14,13,14,11,13,15,15,13,14,15,15,14,13,17,19,14,17,11,16,14,16,14,16,14,14,19,15,15,16,15,14,16,16,19,15,21,16,19,17,21,23,17,21,20,20,19,20,17,20,19,21,23,22,21,20,20,21,20,28,23,24,22,27,21,27,0,0,0,0,0,0,29,-21,26,-19,30,-21,29,-17,24,-15,32,-17,26,-15,30,-17,26,-16,33,-17,32,-15,26,-11,26,-10,26,-11,28,-17,27,-16,27,-15,23,-13,26,-11,24,-13,27,-17,23,-14,28,-16,29,-13,24,-13,24,-11,24,-13,27,-17,27,-15,27,-15,23,-11,27,-13,23,-13,28,-14,24,-10,34,-11,32,-8,29,-7,29,-5,27,-3,27,-3,30,-7,28,-3,24,-3,26,-1,24,0,27,2,24,2,27,4,22,5,21,7,21,7,17,8,17,9,20,9,16,8,15,11,0,0,0,0,0,0,0,0,0,0]"""
1782031941257,2026-06-21T17:52:21.257,safe,posture,mhw,standing_still,t017,"CSI_DATA,535893,1a:00:00:00:00:00,-44,11,-99,14,29,11,527038694,47,2,256,0,""[0,0,0,0,0,0,0,0,0,0,0,0,2,-7,2,-6,3,-8,2,-6,4,-7,4,-6,3,-6,4,-7,6,-9,7,-11,7,-9,4,-9,8,-12,9,-12,7,-9,12,-12,11,-9,14,-9,12,-8,11,-9,13,-9,14,-11,17,-13,14,-8,17,-11,15,-11,17,-11,15,-8,22,-9,18,-7,20,-7,15,-7,18,-11,18,-9,17,-12,20,-12,20,-12,20,-8,22,-9,23,-11,19,-12,26,-11,20,-8,23,-13,18,-8,23,-13,24,-11,23,-15,26,-14,28,-13,26,-12,29,-12,29,-11,31,-14,31,-12,29,-12,31,-12,0,0,0,0,0,0,-4,-31,-7,-40,-8,-29,-6,-34,-7,-39,-2,-29,-3,-36,-2,-30,-2,-36,-2,-28,-2,-28,-3,-31,-2,-33,-6,-34,-2,-29,-3,-26,-3,-30,-1,-30,-2,-26,-2,-34,-2,-25,-1,-31,-2,-24,-2,-26,-1,-31,-2,-29,-2,-33,-2,-28,-1,-31,-3,-30,1,-31,-1,-29,4,-34,3,-29,3,-31,4,-25,2,-30,4,-29,4,-29,9,-29,9,-28,12,-25,13,-28,12,-25,13,-23,17,-25,15,-18,17,-20,13,-14,17,-17,15,-14,14,-15,17,-13,18,-12,18,-7,18,-6,18,-4,0,0,0,0,0,0,0,0,0,0]"""
1782031941265,2026-06-21T17:52:21.265,safe,posture,mhw,standing_still,t017,"CSI_DATA,535894,1a:00:00:00:00:00,-44,11,-99,15,29,11,527049695,47,2,256,0,""[0,0,0,0,0,0,0,0,0,0,0,0,5,1,5,2,7,3,7,3,5,2,7,4,8,5,9,3,10,5,7,5,9,7,10,7,9,7,10,9,10,13,9,8,11,10,10,11,9,14,8,14,5,13,10,15,8,14,9,15,10,16,10,17,8,19,8,21,7,15,9,20,7,17,11,22,5,20,9,19,7,21,9,20,8,17,8,20,9,17,8,20,8,24,11,19,11,24,7,24,10,29,8,21,10,26,7,26,10,24,9,28,13,30,11,30,10,34,5,30,7,30,8,35,7,30,0,0,0,0,0,0,35,-3,32,-1,39,-2,34,2,29,-1,38,3,29,0,38,3,29,3,35,4,32,4,28,4,33,1,28,4,29,5,32,1,30,2,29,4,33,8,26,2,30,3,27,7,32,7,28,8,27,7,30,5,26,7,28,5,32,5,29,5,28,9,32,13,24,7,32,11,26,13,33,16,26,16,27,14,27,16,24,16,20,15,23,16,22,17,20,16,19,22,17,15,16,21,13,21,14,24,9,20,9,21,7,20,7,21,3,20,2,19,1,19,-1,19,0,0,0,0,0,0,0,0,0,0]"""
1782031941280,2026-06-21T17:52:21.280,safe,posture,mhw,standing_still,t017,"CSI_DATA,535895,1a:00:00:00:00:00,-44,11,-99,19,28,11,527060695,47,2,256,0,""[0,0,0,0,0,0,0,0,0,0,0,0,4,-4,4,-7,2,-5,4,-7,3,-7,4,-8,5,-7,5,-5,5,-10,7,-8,8,-10,9,-9,8,-10,8,-11,10,-11,9,-10,10,-13,10,-11,11,-10,13,-13,11,-11,14,-11,14,-9,13,-13,14,-14,14,-13,15,-11,17,-15,13,-14,14,-16,14,-11,16,-17,16,-15,13,-15,16,-15,15,-19,14,-16,14,-17,11,-20,13,-20,16,-17,10,-21,13,-23,14,-21,14,-26,15,-20,13,-22,16,-23,11,-26,14,-27,11,-30,11,-30,14,-30,14,-27,14,-30,15,-33,15,-30,0,0,0,0,0,0,-32,-20,-29,-15,-32,-20,-29,-17,-28,-15,-32,-19,-27,-13,-33,-16,-27,-14,-28,-16,-28,-15,-23,-15,-32,-14,-26,-14,-26,-14,-29,-10,-29,-10,-28,-10,-32,-15,-26,-7,-30,-7,-27,-9,-29,-8,-29,-8,-27,-9,-29,-7,-27,-8,-30,-5,-30,-7,-32,-5,-28,-5,-32,-10,-27,-3,-32,-4,-29,-7,-33,-8,-28,-10,-28,-8,-28,-13,-29,-10,-26,-9,-28,-9,-27,-9,-23,-10,-24,-15,-22,-9,-24,-11,-22,-14,-23,-15,-16,-14,-19,-14,-15,-16,-15,-15,-14,-16,-11,-15,-11,-15,-10,-17,0,0,0,0,0,0,0,0,0,0]"""
1782031941289,2026-06-21T17:52:21.289,safe,posture,mhw,standing_still,t017,"CSI_DATA,535896,1a:00:00:00:00:00,-44,11,-99,14,29,11,527071694,47,2,256,0,""[0,0,0,0,0,0,0,0,0,0,0,0,4,-4,4,-6,4,-7,4,-4,7,-6,4,-8,6,-6,4,-11,6,-7,4,-11,4,-11,6,-9,6,-11,6,-12,6,-11,9,-14,8,-12,9,-15,7,-11,7,-14,6,-20,8,-14,7,-18,7,-15,8,-17,8,-18,8,-18,6,-19,9,-20,6,-18,7,-20,4,-18,2,-20,3,-18,0,-23,2,-20,3,-24,1,-22,1,-22,-2,-25,-3,-23,0,-26,-1,-26,-4,-25,-4,-20,-9,-26,-8,-25,-12,-24,-11,-30,-12,-28,-11,-26,-11,-30,-13,-28,-14,-29,-14,-30,-14,-26,-18,-29,0,0,0,0,0,0,-29,18,-33,24,-22,17,-25,20,-30,24,-25,18,-28,23,-23,20,-26,24,-20,20,-20,23,-19,26,-18,25,-18,26,-18,24,-15,24,-13,28,-13,26,-9,25,-14,30,-9,28,-11,31,-7,23,-7,26,-4,30,-7,29,-4,34,-2,30,-2,30,0,31,-1,33,1,28,-4,33,-2,29,1,30,1,25,2,33,-1,30,4,30,-1,31,1,30,-1,28,-1,29,0,30,0,26,-2,29,-6,24,0,26,-1,19,-1,24,-2,22,0,24,-3,22,-3,23,-2,17,-3,17,-4,15,0,0,0,0,0,0,0,0,0,0]"""
1782031941301,2026-06-21T17:52:21.301,safe,posture,mhw,standing_still,t017,"CSI_DATA,535897,1a:00:00:00:00:00,-44,11,-99,15,29,11,527082695,47,2,256,0,""[0,0,0,0,0,0,0,0,0,0,0,0,5,3,5,4,5,3,5,4,5,4,7,4,8,5,7,5,10,4,8,5,9,5,10,7,10,7,10,7,11,9,13,4,14,8,14,8,14,8,16,7,13,5,16,8,15,8,16,8,16,10,17,8,17,9,19,10,17,7,19,5,17,8,21,7,20,8,21,4,21,4,23,4,21,3,22,2,21,1,23,-1,27,3,22,-3,26,-2,27,-3,28,-3,26,-2,28,-7,28,-4,27,-8,29,-8,27,-11,28,-10,32,-9,27,-11,28,-15,30,-15,29,-13,0,0,0,0,0,0,-15,-33,-16,-32,-19,-29,-14,-30,-16,-28,-16,-32,-17,-24,-19,-30,-16,-26,-17,-27,-20,-24,-17,-22,-23,-23,-17,-23,-19,-22,-24,-21,-24,-19,-22,-19,-24,-21,-23,-13,-27,-15,-24,-17,-27,-14,-24,-14,-23,-14,-28,-11,-24,-13,-27,-9,-30,-10,-27,-9,-26,-11,-30,-13,-27,-4,-29,-5,-28,-9,-33,-9,-27,-9,-30,-7,-28,-9,-28,-8,-27,-8,-27,-9,-28,-8,-26,-8,-26,-9,-24,-5,-24,-8,-24,-10,-23,-10,-20,-9,-21,-8,-19,-10,-20,-9,-17,-9,-17,-11,-16,-10,-15,-13,0,0,0,0,0,0,0,0,0,0]"""
1782031941312,2026-06-21T17:52:21.312,safe,posture,mhw,standing_still,t017,"CSI_DATA,535898,1a:00:00:00:00:00,-44,11,-99,15,29,11,527093694,47,2,256,0,""[0,0,0,0,0,0,0,0,0,0,0,0,-5,-2,-7,-3,-4,-3,-7,-3,-7,-2,-8,-4,-9,-4,-8,-4,-8,-4,-8,-4,-11,-7,-11,-5,-14,-7,-11,-4,-11,-8,-10,-5,-15,-7,-13,-7,-16,-9,-13,-10,-11,-11,-15,-7,-14,-9,-17,-9,-19,-8,-17,-8,-14,-7,-17,-10,-16,-8,-20,-5,-16,-5,-23,-9,-20,-9,-21,-7,-20,-7,-20,-5,-17,-4,-23,-1,-22,-3,-21,-1,-22,-2,-22,2,-27,1,-26,1,-34,2,-28,-1,-28,3,-28,0,-23,3,-28,4,-32,9,-28,8,-32,3,-30,7,-30,11,-33,9,-34,8,0,0,0,0,0,0,9,32,9,29,15,38,11,33,10,26,13,35,13,24,15,34,14,26,14,35,14,30,10,27,15,24,13,23,19,28,20,24,20,23,16,21,20,24,19,17,24,21,20,19,26,23,21,22,20,21,21,19,20,17,27,15,26,17,24,15,22,16,24,20,22,13,27,13,26,14,33,20,26,20,24,15,24,20,23,16,21,15,27,16,24,16,20,11,20,16,21,10,24,16,17,15,21,21,16,16,16,17,13,16,13,15,13,14,14,16,13,14,9,15,0,0,0,0,0,0,0,0,0,0]"""
1782031941326,2026-06-21T17:52:21.326,safe,posture,mhw,standing_still,t017,"CSI_DATA,535899,1a:00:00:00:00:00,-44,11,-99,19,28,11,527105973,47,2,256,0,""[0,0,0,0,0,0,0,0,0,0,0,0,0,-8,-2,-4,0,-9,-1,-8,-1,-8,0,-8,0,-8,0,-10,1,-10,0,-13,1,-13,1,-11,2,-13,1,-14,2,-11,5,-17,5,-14,4,-15,5,-13,3,-15,4,-16,4,-16,7,-19,7,-16,8,-16,7,-19,9,-17,8,-16,13,-19,10,-17,10,-19,9,-15,10,-21,11,-19,10,-20,11,-19,11,-21,10,-21,13,-20,11,-23,9,-21,15,-23,13,-21,10,-24,8,-17,13,-27,13,-22,9,-26,14,-23,13,-24,15,-26,16,-24,15,-24,20,-30,20,-28,14,-27,19,-32,0,0,0,0,0,0,-26,-22,-26,-23,-23,-19,-26,-21,-29,-24,-20,-20,-28,-27,-21,-21,-26,-26,-21,-22,-22,-21,-23,-21,-20,-22,-24,-22,-22,-23,-21,-20,-23,-21,-21,-22,-20,-17,-23,-24,-20,-19,-22,-22,-19,-19,-21,-20,-22,-22,-17,-20,-23,-22,-21,-21,-20,-22,-21,-22,-19,-24,-19,-19,-20,-29,-16,-22,-17,-23,-14,-22,-19,-27,-15,-24,-17,-23,-14,-26,-11,-27,-9,-28,-9,-29,-8,-27,-7,-24,-5,-29,-2,-24,-3,-27,-1,-20,-2,-26,2,-21,-1,-22,3,-21,4,-22,5,-20,7,-17,8,-15,0,0,0,0,0,0,0,0,0,0]"""
1782031941336,2026-06-21T17:52:21.336,safe,posture,mhw,standing_still,t017,"CSI_DATA,535900,1a:00:00:00:00:00,-44,11,-99,15,29,11,527115695,47,2,256,0,""[0,0,0,0,0,0,0,0,0,0,0,0,-1,-7,0,-8,-2,-8,-1,-8,-1,-5,-1,-10,-2,-10,0,-8,-1,-9,0,-9,-3,-11,-2,-11,-3,-13,-3,-13,-2,-14,-1,-13,-3,-16,-2,-15,-2,-19,1,-17,1,-16,-2,-16,-1,-19,-4,-20,-2,-21,-2,-20,-2,-17,-1,-20,-2,-17,-4,-21,-3,-20,-3,-24,-3,-22,-3,-21,-3,-21,-3,-21,-5,-20,-9,-22,-8,-21,-7,-20,-7,-21,-11,-19,-13,-22,-13,-22,-15,-28,-11,-24,-13,-23,-10,-24,-13,-23,-16,-24,-19,-26,-19,-21,-19,-26,-15,-28,-21,-24,-17,-28,-20,-29,0,0,0,0,0,0,-28,19,-26,20,-30,26,-29,20,-23,17,-28,22,-22,20,-27,23,-23,21,-28,22,-26,21,-23,19,-21,20,-22,21,-21,24,-19,23,-17,24,-16,22,-20,23,-15,22,-15,27,-14,24,-19,27,-19,27,-16,22,-15,24,-16,22,-11,29,-11,26,-11,27,-11,23,-15,27,-10,24,-13,29,-13,26,-16,32,-17,26,-15,24,-17,27,-16,20,-15,22,-15,27,-16,23,-13,21,-16,20,-14,21,-16,22,-16,21,-21,20,-19,15,-16,15,-17,14,-14,10,-15,11,-17,11,-15,11,-16,8,0,0,0,0,0,0,0,0,0,0]"""
1782031941344,2026-06-21T17:52:21.344,safe,posture,mhw,standing_still,t017,"CSI_DATA,535901,1a:00:00:00:00:00,-44,11,-99,19,28,11,527126694,47,2,256,0,""[0,0,0,0,0,0,0,0,0,0,0,0,-4,2,-4,2,-7,2,-8,2,-8,2,-7,1,-8,2,-10,2,-9,1,-9,3,-11,1,-13,1,-13,3,-13,3,-14,1,-16,1,-15,1,-16,1,-16,0,-19,1,-20,2,-16,-1,-20,1,-19,2,-17,1,-19,-1,-17,0,-19,1,-21,-1,-20,1,-21,2,-23,1,-22,2,-21,1,-22,3,-21,3,-21,4,-24,5,-23,4,-23,8,-22,8,-23,5,-24,4,-24,9,-23,7,-26,10,-27,8,-23,11,-26,9,-27,13,-28,10,-28,11,-30,13,-30,11,-30,11,-30,14,-32,13,0,0,0,0,0,0,14,32,15,29,16,32,15,32,14,30,14,32,15,32,15,32,15,29,14,29,15,28,17,26,14,27,16,27,16,26,15,24,19,24,15,24,19,21,15,26,17,22,19,22,19,23,19,21,21,22,17,22,21,21,21,20,21,21,23,21,20,21,21,20,20,24,20,22,20,22,21,24,22,23,21,23,20,23,16,23,17,22,17,24,15,24,15,24,15,22,13,24,11,22,14,21,9,21,10,22,5,22,7,21,4,17,5,19,3,19,2,16,2,16,0,0,0,0,0,0,0,0,0,0]"""
1782031941355,2026-06-21T17:52:21.355,safe,posture,mhw,standing_still,t017,"CSI_DATA,535902,1a:00:00:00:00:00,-44,11,-99,19,28,11,527137695,47,2,256,0,""[0,0,0,0,0,0,0,0,0,0,0,0,8,-1,5,0,5,-3,8,-1,7,-1,9,-1,8,-1,8,-1,10,-1,11,-1,13,-1,13,-1,14,0,14,1,14,0,16,2,16,0,16,0,17,0,15,2,16,2,17,1,20,1,21,1,20,1,20,1,20,3,20,0,19,3,21,2,21,0,21,2,23,-1,22,1,21,0,23,1,22,0,23,0,24,0,24,-1,23,-2,26,-1,24,-2,26,-7,24,-3,29,-5,27,-3,28,-5,27,-4,28,-5,30,-8,29,-5,29,-5,34,-4,34,-5,32,-8,34,-10,0,0,0,0,0,0,-7,-33,-8,-34,-7,-34,-8,-33,-5,-34,-9,-34,-5,-34,-7,-34,-7,-34,-4,-33,-7,-32,-8,-30,-4,-30,-11,-32,-8,-30,-8,-27,-9,-28,-10,-28,-9,-26,-9,-30,-11,-27,-13,-28,-10,-27,-10,-28,-13,-27,-8,-27,-11,-28,-14,-27,-14,-27,-14,-27,-13,-26,-13,-24,-9,-29,-11,-27,-13,-26,-11,-28,-14,-29,-10,-28,-11,-28,-8,-29,-8,-28,-7,-29,-4,-29,-5,-24,-5,-26,-3,-26,-2,-24,-4,-24,1,-23,-1,-23,1,-21,0,-22,2,-17,3,-21,3,-17,7,-17,7,-16,0,0,0,0,0,0,0,0,0,0]"""
1782031941366,2026-06-21T17:52:21.366,safe,posture,mhw,standing_still,t017,"CSI_DATA,535903,1a:00:00:00:00:00,-44,11,-99,18,28,11,527148695,47,2,256,0,""[0,0,0,0,0,0,0,0,0,0,0,0,3,-6,2,-6,3,-7,2,-7,3,-8,2,-7,2,-8,2,-12,3,-11,3,-11,3,-9,3,-11,4,-13,3,-14,4,-12,4,-17,2,-13,4,-18,2,-14,6,-15,3,-19,2,-17,4,-20,3,-17,4,-17,2,-18,3,-20,1,-17,2,-24,2,-18,1,-22,0,-17,-2,-22,-1,-22,-3,-22,-4,-23,-6,-23,-4,-24,-4,-23,-9,-22,-8,-23,-9,-28,-8,-23,-11,-23,-8,-18,-17,-20,-13,-23,-19,-20,-15,-24,-20,-22,-15,-24,-18,-25,-19,-24,-23,-23,-19,-23,-20,-22,-29,-19,0,0,0,0,0,0,-20,26,-25,29,-17,23,-18,28,-23,33,-18,23,-20,30,-14,25,-17,30,-15,25,-12,26,-12,29,-11,30,-9,31,-13,26,-11,29,-9,31,-8,30,-4,28,-6,31,-3,29,-3,30,0,23,0,26,1,29,2,31,2,34,1,29,1,30,6,31,4,33,8,28,3,36,6,28,7,29,4,25,9,29,7,31,9,29,7,30,6,29,3,26,4,30,4,30,6,26,3,28,1,23,6,26,2,18,3,24,2,22,6,22,1,22,2,20,-2,19,-1,19,-2,18,0,0,0,0,0,0,0,0,0,0]"""
1782031941376,2026-06-21T17:52:21.376,safe,posture,mhw,standing_still,t017,"CSI_DATA,535904,1a:00:00:00:00:00,-44,11,-99,15,29,11,527159695,47,2,256,0,""[0,0,0,0,0,0,0,0,0,0,0,0,7,0,8,-2,7,0,5,-1,7,-1,8,-1,9,-2,9,-1,11,-2,11,0,11,1,13,1,13,0,15,2,15,2,15,1,16,0,16,2,14,1,16,0,16,0,19,2,17,2,17,4,16,7,19,3,19,7,20,7,19,5,20,3,21,7,20,4,20,4,21,3,22,4,24,3,23,5,22,7,22,4,23,7,24,7,27,2,26,2,28,4,26,3,24,1,26,1,28,2,29,2,30,2,29,3,32,3,33,5,30,7,32,5,33,4,33,2,0,0,0,0,0,0,8,-35,11,-34,9,-32,8,-33,10,-35,11,-30,8,-30,9,-32,10,-32,9,-30,8,-29,9,-29,5,-33,8,-29,11,-28,9,-29,7,-29,9,-29,9,-28,5,-29,4,-29,7,-29,4,-28,5,-28,7,-26,3,-30,5,-28,5,-26,7,-30,5,-29,8,-28,9,-32,4,-30,7,-29,10,-28,8,-30,9,-27,8,-28,10,-29,11,-30,13,-26,14,-24,15,-24,17,-22,17,-22,14,-22,16,-21,16,-20,16,-19,14,-15,16,-15,15,-14,16,-15,19,-11,15,-8,19,-9,17,-5,0,0,0,0,0,0,0,0,0,0]"""
1782031941390,2026-06-21T17:52:21.390,safe,posture,mhw,standing_still,t017,"CSI_DATA,535905,1a:00:00:00:00:00,-44,11,-99,18,28,11,527172284,47,2,256,0,""[0,0,0,0,0,0,0,0,0,0,0,0,0,6,2,7,1,6,1,8,2,9,1,8,1,9,0,8,2,11,0,11,2,11,1,13,2,14,2,12,0,15,2,13,2,17,2,13,2,17,3,18,3,15,1,18,1,17,2,19,2,19,4,19,2,18,1,22,3,17,6,22,3,20,8,24,4,19,6,20,6,20,8,22,7,19,9,19,9,22,12,18,11,23,14,18,17,22,17,22,18,23,14,20,17,22,17,23,19,20,22,20,23,20,22,20,23,24,23,20,28,19,25,23,24,23,0,0,0,0,0,0,25,-29,20,-24,23,-31,22,-25,17,-23,20,-29,17,-24,19,-29,14,-24,19,-28,17,-29,17,-23,13,-30,14,-24,13,-29,11,-29,11,-29,9,-25,14,-29,4,-24,6,-30,7,-28,6,-30,8,-26,6,-26,6,-30,6,-26,1,-30,2,-29,1,-28,2,-28,4,-33,-1,-28,-2,-33,2,-30,1,-36,3,-29,1,-29,3,-30,3,-29,2,-26,2,-30,3,-29,1,-25,4,-28,1,-24,2,-28,6,-24,8,-26,7,-20,7,-22,7,-18,6,-20,8,-18,7,-19,8,-18,9,-15,0,0,0,0,0,0,0,0,0,0]"""
1782031941400,2026-06-21T17:52:21.400,safe,posture,mhw,standing_still,t017,"CSI_DATA,535906,1a:00:00:00:00:00,-44,11,-99,15,29,11,527181694,47,2,256,0,""[0,0,0,0,0,0,0,0,0,0,0,0,0,5,0,7,0,7,-1,8,0,7,-1,9,0,9,-1,10,-1,10,-2,10,-1,13,-2,13,0,13,-1,13,-1,14,-3,14,-3,16,-1,15,-2,19,-4,19,-3,19,-3,16,-2,17,-2,21,-3,21,-2,20,-3,17,-1,20,-4,19,-1,21,0,20,-2,26,-1,22,0,22,1,22,0,22,-1,21,2,24,2,22,4,21,4,22,4,24,8,26,9,22,7,28,9,26,8,27,9,27,8,24,10,26,13,29,13,26,14,29,10,32,15,29,16,30,15,29,0,0,0,0,0,0,32,-14,28,-16,33,-20,29,-17,27,-11,32,-17,26,-15,30,-19,24,-16,32,-17,28,-19,23,-17,23,-16,22,-17,24,-22,22,-19,22,-22,20,-19,20,-20,21,-19,21,-23,17,-21,20,-24,20,-23,17,-23,17,-22,16,-22,15,-26,16,-24,15,-26,15,-24,16,-26,15,-24,15,-28,14,-26,20,-30,19,-26,16,-26,19,-26,17,-23,17,-22,16,-26,17,-23,16,-20,15,-22,17,-19,19,-20,15,-17,21,-19,17,-16,17,-15,16,-14,15,-10,16,-9,17,-13,14,-9,16,-8,0,0,0,0,0,0,0,0,0,0]"""
1782031941413,2026-06-21T17:52:21.413,safe,posture,mhw,standing_still,t017,"CSI_DATA,535907,1a:00:00:00:00:00,-44,11,-99,19,28,11,527192695,47,2,256,0,""[0,0,0,0,0,0,0,0,0,0,0,0,5,-1,4,-1,8,-3,5,-2,8,-2,8,-1,7,-1,10,-2,8,-3,11,-4,11,-3,14,-3,11,-2,15,-4,13,-2,17,-2,14,-2,17,-2,11,-1,16,-3,19,-5,19,-1,20,-5,17,-2,19,-1,16,-1,19,-2,17,-3,22,-4,19,-3,21,-5,17,-4,20,-5,20,-4,21,-8,22,-8,22,-7,20,-5,22,-8,24,-11,20,-10,24,-13,22,-9,23,-13,16,-9,21,-15,24,-14,22,-19,24,-17,27,-19,23,-15,27,-17,27,-17,27,-21,26,-21,26,-20,24,-21,0,0,0,0,0,0,-22,-26,-24,-32,-17,-20,-21,-26,-26,-32,-17,-23,-24,-27,-20,-23,-23,-27,-17,-21,-19,-20,-22,-22,-23,-22,-24,-23,-21,-21,-21,-20,-24,-19,-23,-21,-20,-16,-26,-20,-23,-14,-27,-17,-21,-11,-23,-13,-26,-16,-26,-14,-29,-16,-24,-13,-28,-15,-28,-14,-28,-14,-28,-11,-29,-17,-24,-13,-28,-13,-21,-11,-28,-13,-27,-15,-28,-13,-26,-16,-24,-17,-22,-16,-23,-19,-23,-19,-22,-16,-23,-17,-17,-16,-21,-16,-15,-11,-17,-16,-14,-16,-15,-15,-13,-17,-15,-19,-8,-15,-8,-17,-7,-19,0,0,0,0,0,0,0,0,0,0]"""
1782031941422,2026-06-21T17:52:21.422,safe,posture,mhw,standing_still,t017,"CSI_DATA,535908,1a:00:00:00:00:00,-44,11,-99,18,28,11,527203694,47,2,256,0,""[0,0,0,0,0,0,0,0,0,0,0,0,-6,-2,-7,-2,-6,-3,-7,-3,-8,-1,-8,-2,-9,-3,-8,-3,-9,-3,-9,-2,-12,-4,-12,-3,-13,-2,-12,-2,-12,-2,-13,-2,-15,-4,-13,-1,-17,-3,-20,-3,-19,-3,-15,-3,-18,-2,-20,1,-19,-2,-19,-1,-18,-1,-19,0,-18,-1,-19,2,-23,3,-23,4,-22,2,-20,3,-22,4,-23,4,-19,7,-20,11,-23,11,-19,11,-20,12,-19,13,-20,15,-19,15,-22,18,-22,18,-20,19,-19,19,-19,18,-18,22,-18,28,-15,23,-17,25,-20,28,-15,29,-17,28,-15,30,0,0,0,0,0,0,29,13,29,12,37,12,30,11,31,8,33,11,30,7,36,4,30,4,35,6,34,3,33,0,29,1,28,1,31,-2,29,-3,30,-6,29,-4,28,-7,25,-6,29,-9,26,-9,29,-12,29,-11,26,-12,24,-11,24,-15,25,-19,24,-17,23,-17,23,-15,23,-18,23,-18,22,-20,22,-22,26,-22,24,-23,20,-19,22,-22,20,-17,20,-18,23,-23,20,-19,17,-18,19,-17,19,-18,20,-17,18,-18,20,-15,18,-13,18,-14,15,-12,15,-12,17,-12,17,-13,14,-11,15,-9,0,0,0,0,0,0,0,0,0,0]"""
1782031941433,2026-06-21T17:52:21.433,safe,posture,mhw,standing_still,t017,"CSI_DATA,535909,1a:00:00:00:00:00,-44,11,-99,19,28,11,527214694,47,2,256,0,""[0,0,0,0,0,0,0,0,0,0,0,0,8,0,8,1,7,1,9,1,7,0,9,0,10,0,10,1,11,-1,9,1,14,1,14,-2,14,-3,14,-3,17,-1,11,-3,16,-3,14,-2,17,-1,17,0,16,2,16,-3,16,-3,17,-7,20,-4,17,-4,17,-5,21,-4,16,-7,20,-9,17,-5,24,-11,20,-7,20,-10,19,-9,19,-11,16,-11,19,-16,17,-15,15,-16,19,-17,11,-16,15,-23,14,-21,17,-27,16,-19,15,-23,15,-22,14,-23,13,-23,9,-32,7,-30,13,-32,9,-28,5,-33,8,-35,13,-33,0,0,0,0,0,0,-35,-8,-28,-4,-39,-8,-34,-7,-27,-3,-38,-4,-27,-1,-39,-2,-28,0,-38,-1,-33,0,-30,-2,-30,1,-28,0,-30,4,-29,7,-28,10,-27,8,-32,9,-21,10,-28,14,-26,10,-28,16,-27,15,-24,14,-26,15,-21,13,-22,21,-22,20,-22,21,-20,19,-27,21,-16,17,-21,24,-20,20,-27,29,-24,20,-21,22,-24,19,-21,20,-17,19,-20,24,-17,21,-15,20,-22,21,-14,19,-17,21,-17,16,-22,20,-17,13,-19,14,-17,11,-16,13,-15,10,-17,14,-16,11,-15,9,0,0,0,0,0,0,0,0,0,0]"""
1782031941444,2026-06-21T17:52:21.444,safe,posture,mhw,standing_still,t017,"CSI_DATA,535910,1a:00:00:00:00:00,-44,11,-99,18,28,11,527225694,47,2,256,0,""[0,0,0,0,0,0,0,0,0,0,0,0,-7,-2,-8,-2,-7,-1,-8,-3,-6,1,-8,-2,-11,-2,-8,-2,-12,-1,-9,-2,-12,-1,-14,-3,-14,-2,-13,1,-13,-1,-12,-1,-17,-1,-14,1,-19,-1,-19,-1,-15,0,-17,-2,-15,-2,-19,-1,-19,-1,-19,-1,-18,-1,-22,0,-17,2,-22,4,-19,2,-26,2,-23,1,-20,3,-22,2,-19,3,-19,4,-22,11,-20,8,-18,9,-23,9,-17,12,-22,15,-20,14,-28,18,-24,13,-20,15,-24,14,-18,15,-22,18,-20,24,-17,23,-23,22,-25,23,-18,28,-24,26,-22,28,0,0,0,0,0,0,28,20,24,17,35,23,29,20,22,11,30,19,26,13,33,17,24,11,33,19,31,15,24,15,28,11,25,12,31,8,30,4,31,6,25,4,30,7,25,0,31,-1,28,1,36,0,30,0,29,1,28,0,28,0,30,-6,30,-4,29,-4,26,-3,31,-4,24,-8,30,-12,30,-8,37,-8,31,-4,30,-6,30,-3,26,-3,26,-4,29,-11,26,-8,24,-7,26,-4,22,-7,28,-8,25,-4,30,-3,23,-1,23,0,22,1,19,-1,19,1,20,0,19,0,18,1,0,0,0,0,0,0,0,0,0,0]"""
1782031941455,2026-06-21T17:52:21.455,safe,posture,mhw,standing_still,t017,"CSI_DATA,535911,1a:00:00:00:00:00,-44,11,-99,19,28,11,527236694,47,2,256,0,""[0,0,0,0,0,0,0,0,0,0,0,0,-4,3,-3,3,-5,4,-4,5,-7,4,-7,4,-5,5,-7,8,-7,8,-8,10,-7,8,-9,8,-7,9,-9,10,-9,8,-13,11,-10,13,-11,11,-10,11,-9,11,-10,13,-13,13,-13,15,-10,13,-13,14,-13,14,-13,14,-10,15,-15,16,-11,15,-11,17,-9,15,-11,20,-11,19,-8,21,-9,21,-9,21,-10,21,-9,21,-7,24,-5,22,-8,24,-7,23,-3,27,-3,21,-1,30,-4,27,1,27,-2,30,0,29,-2,29,-3,29,-2,33,-1,34,0,33,2,32,3,33,0,0,0,0,0,0,33,-2,36,-4,29,-5,32,-4,38,-5,32,-3,38,-7,32,-7,36,-8,28,-7,28,-8,29,-10,29,-10,30,-13,27,-13,26,-14,27,-15,27,-15,23,-14,29,-16,23,-17,24,-20,20,-16,22,-17,23,-21,21,-20,22,-23,20,-23,20,-22,21,-24,21,-23,19,-22,24,-24,19,-22,20,-23,19,-19,19,-27,21,-21,16,-24,21,-23,20,-23,20,-20,20,-21,22,-22,17,-19,21,-20,19,-15,16,-19,14,-14,19,-17,17,-14,17,-15,15,-11,17,-13,16,-11,15,-8,17,-7,0,0,0,0,0,0,0,0,0,0]"""
1782031941467,2026-06-21T17:52:21.467,safe,posture,mhw,standing_still,t017,"CSI_DATA,535912,1a:00:00:00:00:00,-44,11,-99,15,29,11,527247694,47,2,256,0,""[0,0,0,0,0,0,0,0,0,0,0,0,-4,3,-5,3,-5,1,-8,3,-7,3,-8,3,-9,4,-8,2,-11,2,-10,1,-11,3,-13,2,-13,2,-13,2,-15,2,-14,1,-16,2,-14,2,-17,0,-17,0,-14,-1,-19,-3,-14,-3,-19,-2,-20,-2,-19,-3,-17,-3,-21,-3,-17,-2,-21,-3,-20,-3,-26,-4,-21,-7,-20,-4,-21,-7,-19,-4,-19,-4,-23,-1,-22,-3,-21,-2,-22,-3,-23,0,-24,-1,-26,-3,-33,-7,-24,-4,-29,-4,-28,-5,-26,-2,-28,-7,-34,-1,-29,-2,-32,-4,-33,-7,-32,-1,-34,-7,-32,-8,0,0,0,0,0,0,-10,34,-9,29,-13,38,-8,32,-10,28,-13,34,-9,27,-14,35,-8,29,-14,33,-16,29,-14,24,-13,29,-14,26,-10,32,-10,28,-11,28,-10,27,-13,29,-9,24,-9,29,-9,27,-11,30,-11,29,-13,24,-13,26,-13,24,-10,30,-11,29,-11,27,-10,24,-15,29,-10,26,-11,29,-11,26,-19,33,-19,24,-17,23,-21,24,-19,21,-19,20,-19,26,-19,21,-16,19,-22,16,-17,17,-21,17,-20,14,-24,13,-20,8,-22,8,-21,4,-19,5,-19,3,-21,4,-17,4,-20,1,0,0,0,0,0,0,0,0,0,0]"""
1782031941476,2026-06-21T17:52:21.476,safe,posture,mhw,standing_still,t017,"CSI_DATA,535913,1a:00:00:00:00:00,-44,11,-99,18,28,11,527258694,47,2,256,0,""[0,0,0,0,0,0,0,0,0,0,0,0,-4,3,-4,2,-6,3,-7,3,-7,2,-9,2,-8,6,-9,3,-8,2,-9,4,-11,4,-11,3,-12,4,-12,6,-12,6,-14,4,-13,7,-14,7,-17,7,-15,4,-15,6,-14,6,-18,7,-17,8,-19,7,-18,8,-17,7,-15,8,-19,7,-19,8,-18,9,-20,9,-19,11,-19,11,-19,12,-18,12,-19,12,-17,13,-18,13,-18,14,-17,15,-20,17,-19,15,-17,19,-19,18,-19,23,-19,19,-14,22,-18,20,-18,22,-19,22,-20,22,-19,24,-22,24,-19,26,-19,26,-18,29,0,0,0,0,0,0,25,18,28,19,28,18,29,19,26,18,28,17,28,18,28,18,29,17,28,18,29,14,29,14,25,14,29,12,29,12,29,12,30,11,28,9,26,8,30,11,30,7,28,7,29,8,29,6,30,3,26,7,30,4,31,3,30,3,30,2,30,1,28,1,31,4,31,4,29,3,31,6,34,2,30,6,31,0,29,6,28,4,30,6,26,8,26,6,26,3,24,9,23,9,25,6,22,9,25,6,20,8,19,7,17,9,18,11,15,11,13,11,13,13,0,0,0,0,0,0,0,0,0,0]"""
1782031941490,2026-06-21T17:52:21.490,safe,posture,mhw,standing_still,t017,"CSI_DATA,535914,1a:00:00:00:00:00,-44,11,-99,19,28,11,527269695,47,2,256,0,""[0,0,0,0,0,0,0,0,0,0,0,0,7,0,4,0,8,-2,8,-1,8,-2,9,-1,7,-2,10,-1,11,0,11,-3,10,-2,10,0,11,-2,14,-1,14,-1,17,-1,16,-1,19,0,14,0,16,0,19,-1,17,0,22,-2,17,0,17,0,20,-1,21,1,20,0,22,-1,20,-2,22,-1,19,-1,21,-2,22,-3,21,-7,24,-5,23,-4,22,-3,22,-5,24,-5,22,-7,26,-7,23,-5,24,-9,20,-7,23,-11,24,-10,22,-15,24,-15,28,-14,26,-13,29,-14,30,-13,30,-14,30,-14,27,-14,28,-20,0,0,0,0,0,0,-15,-30,-19,-35,-15,-26,-15,-32,-20,-34,-13,-28,-17,-32,-14,-26,-16,-32,-14,-24,-16,-23,-17,-27,-21,-24,-20,-26,-16,-24,-17,-23,-19,-23,-19,-24,-17,-23,-21,-26,-20,-17,-21,-23,-19,-17,-21,-17,-22,-20,-23,-19,-24,-21,-20,-19,-22,-21,-23,-17,-23,-21,-23,-19,-24,-23,-22,-19,-22,-21,-20,-16,-24,-17,-22,-19,-24,-17,-23,-21,-21,-23,-16,-22,-19,-21,-17,-23,-16,-21,-16,-22,-11,-19,-15,-22,-11,-16,-14,-20,-10,-19,-13,-19,-10,-20,-8,-20,-3,-16,-4,-17,-2,-19,0,0,0,0,0,0,0,0,0,0]"""
1782031941497,2026-06-21T17:52:21.497,safe,posture,mhw,standing_still,t017,"CSI_DATA,535915,1a:00:00:00:00:00,-44,11,-99,19,28,11,527280695,47,2,256,0,""[0,0,0,0,0,0,0,0,0,0,0,0,0,7,-1,10,-1,7,-3,7,-1,7,-2,10,-2,9,-3,8,-3,8,-3,9,-2,11,-4,13,-2,13,-1,13,-5,11,-5,11,-7,16,-4,13,-5,19,-9,19,-7,16,-7,16,-8,14,-5,19,-8,19,-7,17,-8,16,-10,19,-7,14,-7,20,-5,17,-10,24,-9,20,-8,19,-9,20,-8,19,-5,20,-3,24,-5,22,-4,19,-5,22,-2,22,-3,27,-3,24,-4,32,-5,26,-3,26,-7,29,-3,23,-3,28,0,35,0,29,-2,33,-3,30,1,34,-2,35,-5,32,0,0,0,0,0,0,36,7,29,2,40,3,35,4,28,2,38,4,28,2,38,2,28,0,38,3,33,2,29,4,29,2,28,2,34,-1,30,-1,29,-2,28,-2,32,0,26,-1,33,-4,27,-2,35,-7,33,-2,29,-1,27,-1,26,-2,29,-8,29,-5,28,-7,27,-4,32,-4,26,-5,32,-8,29,-4,38,-5,29,0,27,-3,32,1,27,0,26,0,32,-2,28,0,26,-2,27,1,23,0,28,2,24,3,29,7,22,8,22,5,20,9,19,7,17,7,21,9,17,7,15,9,0,0,0,0,0,0,0,0,0,0]"""
1782031941511,2026-06-21T17:52:21.511,safe,posture,mhw,standing_still,t017,"CSI_DATA,535916,1a:00:00:00:00:00,-44,11,-99,19,28,11,527291695,47,2,256,0,""[0,0,0,0,0,0,0,0,0,0,0,0,7,-3,7,-5,7,-4,8,-4,8,-4,8,-4,9,-4,8,-4,8,-4,9,-4,10,-7,10,-7,11,-5,9,-7,11,-7,13,-5,15,-7,15,-7,16,-7,16,-3,14,-3,15,-5,17,-3,17,-7,19,-7,19,-7,17,-7,19,-5,17,-5,20,-5,20,-5,23,-7,22,-5,20,-7,21,-5,19,-7,20,-8,21,-11,21,-9,20,-9,22,-11,20,-11,22,-14,23,-14,27,-14,26,-14,23,-13,23,-15,22,-11,26,-14,27,-19,23,-16,27,-15,30,-16,28,-20,28,-17,29,-16,0,0,0,0,0,0,-17,-30,-16,-28,-17,-34,-15,-29,-15,-27,-17,-32,-14,-26,-16,-32,-16,-27,-14,-32,-15,-29,-13,-24,-14,-26,-14,-27,-17,-28,-17,-24,-17,-26,-16,-24,-16,-24,-16,-22,-19,-23,-20,-22,-20,-24,-19,-24,-17,-23,-15,-23,-16,-23,-21,-22,-20,-22,-19,-21,-15,-22,-19,-22,-16,-22,-22,-23,-19,-22,-21,-30,-16,-28,-15,-23,-15,-28,-13,-24,-14,-26,-16,-26,-11,-26,-10,-22,-10,-23,-9,-22,-9,-26,-8,-23,-7,-28,-2,-23,-2,-23,-2,-21,1,-19,1,-20,-1,-21,1,-19,3,-17,0,0,0,0,0,0,0,0,0,0]"""
1782031941520,2026-06-21T17:52:21.520,safe,posture,mhw,standing_still,t017,"CSI_DATA,535917,1a:00:00:00:00:00,-44,11,-99,16,29,11,527302694,47,2,256,0,""[0,0,0,0,0,0,0,0,0,0,0,0,-4,4,-4,5,-4,4,-6,5,-5,5,-6,8,-6,6,-6,5,-6,6,-5,4,-8,6,-10,8,-9,8,-9,8,-12,6,-9,8,-12,9,-11,8,-16,9,-13,9,-12,6,-17,10,-15,6,-16,6,-16,8,-17,9,-18,6,-20,8,-13,9,-19,10,-18,5,-21,11,-20,6,-18,10,-19,8,-21,9,-18,9,-17,10,-19,10,-18,11,-21,10,-15,13,-21,17,-21,12,-27,18,-21,10,-21,16,-25,12,-20,17,-23,16,-24,21,-24,20,-28,20,-26,16,-25,23,-31,20,-28,17,0,0,0,0,0,0,16,34,12,26,19,33,15,31,12,24,15,34,15,24,17,32,12,24,16,32,15,30,11,26,16,27,11,25,15,26,17,27,17,25,15,24,16,31,15,20,18,26,13,25,19,26,15,26,12,23,16,24,12,23,17,24,17,25,17,23,15,23,16,28,15,20,17,27,13,26,18,32,10,26,11,26,11,28,9,27,9,24,11,27,10,26,6,24,4,27,6,21,6,26,1,24,2,30,-1,21,-1,23,-4,21,-2,20,-3,17,-4,19,-4,18,-8,17,0,0,0,0,0,0,0,0,0,0]"""
1782031941531,2026-06-21T17:52:21.531,safe,posture,mhw,standing_still,t017,"CSI_DATA,535918,1a:00:00:00:00:00,-44,11,-99,20,28,11,527313694,47,2,256,0,""[0,0,0,0,0,0,0,0,0,0,0,0,5,-3,6,-3,4,-4,6,-3,5,-4,9,-5,10,-4,8,-2,9,-3,10,-4,11,-5,11,-5,12,-4,12,-5,16,-3,12,-2,16,-4,13,-4,19,-4,18,1,17,1,17,-1,16,-1,19,-1,19,-1,18,-2,19,-1,21,-1,17,-2,20,-3,19,-1,25,-2,23,1,19,0,23,0,21,-1,19,-2,24,-4,20,-4,19,-4,24,-2,21,-5,27,-6,26,-4,32,-6,25,-1,28,-3,28,0,25,-3,31,-4,33,-5,27,-8,33,-4,31,-3,33,-5,38,-3,34,0,0,0,0,0,0,0,0,-35,0,-31,-1,-42,2,-32,1,-28,1,-36,0,-28,1,-38,-1,-28,3,-38,3,-33,3,-30,2,-31,5,-27,2,-33,0,-31,-2,-32,0,-28,2,-32,-1,-26,-2,-32,1,-27,-1,-33,2,-31,1,-27,1,-27,2,-26,0,-32,-2,-30,0,-30,1,-27,3,-33,0,-27,-1,-32,4,-28,3,-39,8,-31,4,-30,9,-28,9,-28,8,-27,6,-31,9,-27,9,-24,12,-23,6,-24,11,-25,12,-21,18,-25,16,-16,16,-17,16,-15,15,-12,16,-12,15,-12,13,-11,17,-9,0,0,0,0,0,0,0,0,0,0]"""
1782031941543,2026-06-21T17:52:21.543,safe,posture,mhw,standing_still,t017,"CSI_DATA,535919,1a:00:00:00:00:00,-44,11,-99,14,29,11,527324695,47,2,256,0,""[0,0,0,0,0,0,0,0,0,0,0,0,6,-3,6,-2,6,-4,8,-4,8,-3,9,-4,8,-4,9,-7,8,-3,9,-4,9,-7,11,-6,11,-6,12,-6,12,-8,13,-6,15,-7,14,-7,13,-8,17,-8,15,-11,15,-6,14,-9,15,-9,18,-9,14,-9,15,-8,17,-12,17,-8,18,-9,15,-9,19,-13,18,-14,15,-11,17,-14,17,-14,15,-13,18,-17,18,-17,15,-17,14,-18,17,-18,17,-19,14,-20,14,-22,14,-25,14,-22,12,-24,13,-23,13,-25,14,-26,13,-28,15,-29,17,-29,15,-30,13,-29,13,-31,0,0,0,0,0,0,-30,-14,-30,-13,-33,-11,-33,-12,-29,-11,-31,-11,-31,-9,-35,-11,-31,-9,-33,-11,-31,-7,-30,-4,-29,-7,-29,-4,-30,-4,-29,-2,-31,-2,-29,-2,-28,0,-29,-2,-31,1,-29,2,-30,2,-30,2,-31,4,-26,0,-29,4,-30,6,-30,6,-30,7,-28,6,-29,8,-30,3,-31,6,-28,8,-31,6,-33,7,-30,6,-29,7,-29,3,-28,3,-29,3,-30,1,-26,3,-25,3,-25,0,-26,0,-24,3,-24,-1,-25,-1,-23,-1,-23,-1,-19,-3,-19,-1,-20,-3,-18,-3,-18,-6,0,0,0,0,0,0,0,0,0,0]"""
1782031941557,2026-06-21T17:52:21.557,safe,posture,mhw,standing_still,t017,"CSI_DATA,535920,1a:00:00:00:00:00,-44,11,-99,14,29,11,527338509,47,2,256,0,""[0,0,0,0,0,0,0,0,0,0,0,0,-6,0,-8,-1,-7,-1,-9,-1,-9,-1,-9,-1,-9,-1,-11,-2,-11,-1,-9,-1,-11,-1,-12,-1,-14,-2,-13,-2,-14,-2,-13,-2,-17,-2,-15,-2,-18,-3,-17,-6,-19,-6,-15,-3,-17,-2,-18,-3,-19,-3,-18,-2,-18,-3,-19,-4,-18,-3,-20,-2,-19,-2,-23,-4,-22,-3,-22,-2,-20,-2,-20,-2,-20,0,-24,1,-23,1,-20,1,-23,2,-22,2,-23,3,-25,6,-29,3,-26,3,-28,4,-28,6,-26,4,-26,7,-30,9,-28,8,-30,8,-30,7,-30,11,-30,9,-34,11,0,0,0,0,0,0,11,33,9,30,14,36,12,33,11,29,12,34,9,30,13,34,12,26,12,34,14,30,12,28,11,26,12,25,17,29,14,26,15,25,15,24,15,25,14,25,18,26,17,23,19,25,18,24,19,24,17,22,18,22,22,23,20,22,22,22,18,20,22,22,19,20,23,22,20,20,22,25,20,24,18,23,18,24,15,23,17,20,19,24,15,24,15,20,14,23,13,20,14,23,13,20,11,25,9,23,8,20,6,19,4,19,4,19,6,20,3,18,1,18,0,0,0,0,0,0,0,0,0,0]"""
1782031941566,2026-06-21T17:52:21.566,safe,posture,mhw,standing_still,t017,"CSI_DATA,535921,1a:00:00:00:00:00,-44,11,-99,19,28,11,527346695,47,2,256,0,""[0,0,0,0,0,0,0,0,0,0,0,0,1,-5,0,-7,-1,-5,1,-9,-1,-7,1,-10,3,-11,1,-8,2,-10,2,-10,3,-14,1,-13,2,-13,3,-13,4,-14,2,-11,3,-16,3,-15,4,-17,7,-16,4,-13,5,-19,7,-14,4,-19,8,-17,5,-19,4,-16,8,-20,4,-15,4,-21,3,-21,4,-23,7,-22,4,-20,4,-22,4,-21,3,-20,1,-23,2,-21,3,-20,3,-23,-3,-22,-3,-26,-1,-28,-1,-32,1,-26,-1,-27,1,-28,-1,-23,-2,-29,-4,-33,-5,-30,-3,-32,-2,-32,-8,-33,-5,-35,-4,-33,0,0,0,0,0,0,-35,2,-30,5,-39,7,-34,3,-29,4,-36,5,-28,5,-36,5,-30,7,-35,4,-35,3,-29,2,-30,5,-28,4,-33,8,-29,9,-28,8,-28,7,-30,8,-23,11,-29,14,-26,13,-30,14,-29,11,-27,10,-28,11,-26,9,-26,15,-28,14,-24,14,-26,11,-29,11,-22,14,-24,19,-27,14,-35,17,-28,9,-26,13,-29,10,-26,8,-26,8,-29,11,-26,10,-23,7,-26,4,-22,10,-27,8,-26,3,-28,2,-22,1,-23,2,-21,-3,-21,0,-21,-3,-19,-1,-17,-1,-17,-4,0,0,0,0,0,0,0,0,0,0]"""
1782031941576,2026-06-21T17:52:21.576,safe,posture,mhw,standing_still,t017,"CSI_DATA,535922,1a:00:00:00:00:00,-44,11,-99,13,29,11,527357694,47,2,256,0,""[0,0,0,0,0,0,0,0,0,0,0,0,11,17,15,-13,-18,-8,7,-15,12,-1,-12,7,-5,-26,-7,-7,-22,-15,12,10,-15,-6,-5,0,-20,-2,-10,-3,-28,1,-6,-5,-16,3,-17,5,-20,-1,-11,-3,-16,-1,-12,-3,-20,-5,-20,0,-18,-5,-18,-3,-20,-2,-20,-2,-18,-5,-21,-3,-21,-2,-22,-3,-21,-2,-22,-3,-21,-3,-21,-3,-22,-2,-23,1,-22,-1,-22,-1,-23,1,-23,-1,-26,0,-25,3,-28,0,-27,1,-27,1,-27,2,-26,2,-28,2,-30,5,-28,2,-33,3,-32,1,-32,3,-32,2,-32,5,0,0,0,0,0,0,2,35,3,33,3,37,5,33,2,31,3,33,2,31,3,36,6,32,0,36,3,32,6,31,3,28,5,28,6,31,6,30,8,30,6,28,7,27,5,28,8,30,10,28,10,28,10,30,8,28,6,28,10,27,12,27,11,28,12,27,8,27,12,28,7,28,10,30,10,27,8,32,10,31,6,28,7,28,5,28,6,27,6,28,3,27,5,26,2,26,0,26,0,27,1,25,-2,26,-1,25,-3,23,-3,21,-5,20,-6,20,-5,18,-6,17,-7,16,0,0,0,0,0,0,0,0,0,0]"""
1782031941586,2026-06-21T17:52:21.586,safe,posture,mhw,standing_still,t017,"CSI_DATA,535923,1a:00:00:00:00:00,-44,11,-99,15,29,11,527368695,47,2,256,0,""[0,0,0,0,0,0,0,0,0,0,0,0,-2,7,-3,8,-3,8,-2,5,-2,8,-3,9,-1,8,-2,10,-1,11,-1,10,-4,10,-3,11,-2,13,-3,14,-3,13,-3,14,-1,14,-4,19,-3,14,-3,15,-3,20,-2,19,-2,19,-2,17,-2,17,-2,19,-3,21,-1,19,-2,21,-1,20,-1,22,1,19,3,21,3,20,4,21,7,22,4,23,4,22,4,22,9,23,8,22,10,24,8,21,14,23,10,20,15,20,15,21,17,20,20,24,20,22,19,23,20,24,22,26,23,23,22,22,24,21,26,20,0,0,0,0,0,0,21,-26,24,-29,19,-23,21,-28,21,-34,20,-24,19,-29,16,-24,19,-29,13,-26,13,-26,11,-27,10,-32,11,-32,10,-24,9,-29,7,-29,7,-30,7,-29,4,-33,0,-27,4,-30,1,-23,-1,-28,-1,-28,-4,-32,-2,-32,-2,-27,-3,-30,-5,-30,-5,-32,-5,-32,-7,-32,-5,-28,-4,-29,-7,-24,-8,-27,-8,-28,-10,-28,-9,-30,-8,-29,-4,-27,-5,-29,-5,-30,-5,-27,-7,-28,-3,-24,-3,-24,-3,-19,-5,-22,-5,-22,-4,-21,-3,-20,-2,-22,1,-17,2,-19,3,-19,0,0,0,0,0,0,0,0,0,0]"""
1782031941598,2026-06-21T17:52:21.598,safe,posture,mhw,standing_still,t017,"CSI_DATA,535924,1a:00:00:00:00:00,-44,11,-99,15,29,11,527379695,47,2,256,0,""[0,0,0,0,0,0,0,0,0,0,0,0,-2,-5,-1,-5,-2,-7,-3,-8,-3,-5,-1,-7,-2,-10,-2,-8,-3,-10,-2,-10,-4,-14,-5,-13,-5,-13,-3,-10,-3,-14,-3,-13,-3,-15,-4,-13,-5,-16,-4,-17,-5,-17,-4,-17,-5,-16,-8,-19,-7,-17,-5,-17,-7,-16,-8,-19,-7,-16,-10,-17,-9,-15,-11,-21,-9,-20,-10,-17,-11,-19,-11,-17,-11,-16,-17,-19,-15,-16,-16,-14,-17,-15,-19,-14,-21,-15,-22,-14,-26,-17,-22,-16,-23,-14,-22,-15,-21,-13,-27,-11,-29,-14,-27,-9,-29,-15,-32,-14,-33,-7,-33,-14,-33,-13,0,0,0,0,0,0,-10,34,-8,32,-9,40,-9,34,-5,27,-7,35,-7,29,-5,34,-2,32,-7,36,-4,33,-3,29,-3,30,-2,28,2,33,2,29,4,29,3,29,2,30,5,26,10,30,8,28,8,32,5,30,5,28,7,27,10,27,14,27,14,28,15,27,13,24,14,28,13,23,16,26,15,26,17,33,13,29,13,28,9,29,10,26,11,27,17,27,14,26,13,22,11,23,11,22,11,23,9,23,8,27,7,22,4,23,4,20,4,20,2,20,8,21,4,17,1,19,0,0,0,0,0,0,0,0,0,0]"""
1782031941608,2026-06-21T17:52:21.608,safe,posture,mhw,standing_still,t017,"CSI_DATA,535925,1a:00:00:00:00:00,-44,11,-99,17,29,11,527390694,47,2,256,0,""[0,0,0,0,0,0,0,0,0,0,0,0,-6,1,-5,2,-6,2,-8,2,-7,1,-10,1,-10,2,-10,3,-10,2,-10,2,-11,3,-12,3,-13,3,-13,4,-11,3,-15,3,-14,3,-15,3,-16,3,-15,4,-15,4,-16,3,-17,3,-20,5,-20,4,-20,5,-19,4,-17,6,-20,4,-20,6,-17,7,-19,6,-21,7,-20,7,-21,10,-19,8,-19,10,-20,12,-19,12,-19,13,-17,14,-21,15,-20,16,-16,19,-20,15,-20,21,-20,19,-17,21,-17,21,-20,21,-20,21,-20,21,-21,24,-22,25,-21,26,-20,26,-19,28,0,0,0,0,0,0,26,17,29,21,31,16,31,16,31,19,28,15,30,16,29,15,30,13,30,15,30,14,29,12,26,11,29,11,29,8,28,8,30,6,29,6,26,5,31,8,29,5,29,2,29,2,29,2,30,1,28,3,30,0,30,-2,31,-2,29,-2,29,-2,28,-4,31,-1,30,-1,30,-3,32,-1,32,-4,30,-2,30,-4,28,0,29,-1,30,-2,28,1,29,-1,25,-1,26,1,24,2,24,0,23,2,24,2,22,3,20,2,21,5,19,4,20,5,16,5,16,6,0,0,0,0,0,0,0,0,0,0]"""
1782031941623,2026-06-21T17:52:21.623,safe,posture,mhw,standing_still,t017,"CSI_DATA,535926,1a:00:00:00:00:00,-44,11,-99,15,29,11,527401695,47,2,256,0,""[0,0,0,0,0,0,0,0,0,0,0,0,7,1,4,1,8,0,7,1,9,1,8,1,9,2,10,1,9,2,11,1,13,3,10,1,14,2,14,1,13,1,15,2,14,3,15,2,16,2,17,4,20,2,16,4,19,3,20,2,19,4,20,2,19,4,17,1,19,3,20,2,20,2,21,2,22,0,22,1,22,-2,21,0,23,-2,23,-2,23,0,23,-3,22,-7,26,-2,24,-3,24,-8,26,-4,27,-8,26,-7,24,-10,27,-9,27,-10,29,-11,28,-8,28,-10,32,-11,30,-13,29,-13,30,-16,0,0,0,0,0,0,-15,-30,-15,-32,-16,-29,-17,-28,-15,-32,-16,-29,-17,-30,-17,-29,-19,-29,-16,-28,-16,-28,-19,-24,-16,-26,-20,-26,-19,-24,-19,-22,-22,-22,-20,-22,-19,-17,-20,-23,-20,-20,-22,-19,-22,-17,-22,-17,-24,-19,-20,-17,-24,-16,-26,-15,-26,-17,-26,-19,-27,-16,-24,-15,-24,-20,-27,-16,-24,-15,-26,-17,-29,-16,-23,-16,-26,-14,-22,-17,-23,-17,-22,-17,-21,-19,-22,-17,-21,-15,-20,-19,-17,-20,-20,-16,-14,-19,-17,-17,-13,-16,-14,-16,-11,-16,-13,-17,-10,-17,-9,-16,-8,-16,0,0,0,0,0,0,0,0,0,0]"""
1782031941630,2026-06-21T17:52:21.630,safe,posture,mhw,standing_still,t017,"CSI_DATA,535927,1a:00:00:00:00:00,-44,11,-99,19,28,11,527412695,47,2,256,0,""[0,0,0,0,0,0,0,0,0,0,0,0,-2,5,-5,7,-2,4,-3,9,-3,7,-5,8,-5,9,-4,7,-7,8,-7,8,-7,10,-7,10,-9,10,-7,11,-8,13,-7,10,-9,11,-9,13,-11,16,-13,11,-15,9,-11,14,-11,11,-13,17,-13,14,-13,16,-13,14,-14,15,-11,14,-11,16,-10,16,-15,22,-14,17,-11,16,-14,17,-11,16,-11,16,-8,22,-9,20,-8,19,-11,21,-5,21,-8,27,-8,24,-9,28,-11,22,-10,27,-10,26,-8,23,-7,27,-4,33,-3,29,-8,30,-9,29,-4,32,-7,35,-9,34,0,0,0,0,0,0,33,7,32,7,40,4,34,9,27,4,34,7,29,2,38,4,30,2,38,5,35,7,29,4,29,4,27,3,34,0,33,-1,32,-1,27,-2,30,1,27,-2,32,-4,28,-3,34,-3,33,-2,27,-2,29,-2,27,-3,30,-9,30,-8,29,-8,26,-7,32,-5,26,-9,29,-10,29,-7,36,-8,32,-2,30,-4,32,-2,27,-2,26,-3,32,-5,30,-3,23,-4,27,-2,24,-4,28,-2,24,-1,29,2,21,4,21,3,20,5,19,4,20,3,21,5,19,5,17,8,0,0,0,0,0,0,0,0,0,0]"""
1782031941642,2026-06-21T17:52:21.642,safe,posture,mhw,standing_still,t017,"CSI_DATA,535928,1a:00:00:00:00:00,-44,11,-99,14,29,11,527424503,47,2,256,0,""[0,0,0,0,0,0,0,0,0,0,0,0,-2,-7,-1,-6,-1,-8,-1,-7,-3,-9,-2,-8,-2,-9,-4,-11,-2,-8,-7,-11,-6,-9,-6,-11,-6,-12,-6,-11,-4,-11,-7,-15,-7,-12,-7,-14,-7,-15,-8,-13,-8,-13,-8,-13,-9,-15,-12,-15,-11,-14,-13,-15,-11,-14,-12,-13,-12,-17,-13,-14,-15,-14,-14,-13,-18,-13,-17,-13,-19,-11,-18,-12,-22,-9,-20,-11,-22,-9,-24,-7,-22,-6,-23,-9,-25,-8,-25,-4,-24,-6,-29,-2,-28,0,-26,2,-28,-1,-30,1,-31,2,-28,3,-33,3,-35,2,-33,3,-31,6,-33,8,0,0,0,0,0,0,7,33,12,34,14,30,12,31,15,31,12,31,14,33,15,28,17,29,18,26,18,28,22,25,19,25,22,23,20,23,20,19,25,20,22,19,23,14,25,20,24,14,25,14,25,13,26,12,29,9,26,11,30,9,30,8,29,7,31,6,30,6,28,4,31,8,30,4,29,3,29,4,31,1,29,3,30,1,29,4,28,2,30,4,29,3,26,4,28,0,28,3,24,6,25,1,23,4,24,2,22,3,22,1,20,4,20,2,19,4,17,6,17,6,0,0,0,0,0,0,0,0,0,0]"""
1782031941653,2026-06-21T17:52:21.653,safe,posture,mhw,standing_still,t017,"CSI_DATA,535929,1a:00:00:00:00:00,-44,11,-99,18,28,11,527434695,47,2,256,0,""[0,0,0,0,0,0,0,0,0,0,0,0,6,-2,6,-1,8,-1,7,-1,9,0,7,-1,9,-1,11,-3,11,-1,9,-4,11,-4,11,-3,12,-3,12,-2,12,-4,15,-6,15,-6,18,-4,15,-6,14,-3,15,-6,15,-7,19,-8,15,-8,17,-8,17,-9,17,-8,15,-9,19,-9,17,-9,17,-12,14,-12,15,-15,15,-14,13,-18,14,-15,14,-17,14,-17,14,-18,12,-20,9,-20,14,-23,12,-20,9,-24,9,-20,6,-28,9,-26,4,-28,8,-26,8,-29,7,-28,6,-30,3,-29,4,-35,3,-34,4,-33,1,-34,0,0,0,0,0,0,-31,-2,-39,3,-29,3,-33,4,-36,3,-30,3,-36,6,-30,6,-34,6,-30,7,-29,8,-29,12,-29,11,-29,14,-28,11,-25,13,-26,15,-28,17,-22,14,-29,17,-23,17,-24,20,-19,19,-20,20,-20,23,-19,20,-19,25,-17,24,-17,23,-17,26,-18,26,-12,23,-20,26,-17,24,-14,25,-13,22,-14,29,-14,25,-9,28,-15,25,-13,25,-14,25,-15,24,-14,25,-12,22,-17,24,-12,19,-12,22,-9,15,-12,22,-11,17,-11,20,-11,14,-13,19,-12,13,-12,12,-12,12,0,0,0,0,0,0,0,0,0,0]"""
1782031941663,2026-06-21T17:52:21.663,safe,posture,mhw,standing_still,t017,"CSI_DATA,535930,1a:00:00:00:00:00,-44,11,-99,19,28,11,527445695,47,2,256,0,""[0,0,0,0,0,0,0,0,0,0,0,0,-1,7,1,7,0,8,-1,8,1,8,-1,9,-1,9,-1,10,-2,8,-3,11,-2,11,-2,11,-3,11,-3,14,-3,13,-5,16,-5,14,-5,15,-5,13,-5,17,-7,19,-9,15,-7,17,-5,17,-9,17,-8,16,-8,17,-8,15,-10,20,-9,17,-9,20,-10,17,-10,21,-8,19,-9,21,-9,19,-9,21,-9,23,-8,22,-9,22,-5,21,-10,24,-10,24,-7,26,-7,22,-7,28,-9,24,-5,27,-9,26,-8,28,-10,29,-10,27,-10,30,-10,32,-9,33,-9,28,-9,35,0,0,0,0,0,0,32,11,33,13,30,10,32,13,34,11,29,10,33,14,32,13,33,11,28,13,29,11,30,11,28,13,30,9,28,9,28,8,29,10,29,7,28,8,30,9,29,7,30,5,28,8,28,9,29,8,27,8,32,8,30,4,28,8,32,7,29,7,30,5,30,10,29,8,29,7,29,10,32,9,27,11,28,10,27,14,27,14,27,13,24,15,24,14,23,14,22,16,17,16,20,13,15,15,17,16,14,15,14,16,13,16,14,20,9,17,7,17,7,17,0,0,0,0,0,0,0,0,0,0]"""
1782031941676,2026-06-21T17:52:21.676,safe,posture,mhw,standing_still,t017,"CSI_DATA,535931,1a:00:00:00:00:00,-44,11,-99,14,29,11,527456695,47,2,256,0,""[0,0,0,0,0,0,0,0,0,0,0,0,4,-6,3,-6,6,-6,6,-6,6,-7,7,-7,6,-6,7,-7,7,-6,9,-8,8,-6,9,-7,9,-8,9,-8,9,-7,14,-9,12,-9,14,-8,15,-8,13,-6,18,-8,13,-6,17,-8,18,-8,19,-8,17,-8,17,-7,17,-8,20,-7,19,-6,19,-7,18,-4,20,-9,19,-8,19,-11,19,-9,22,-9,22,-9,20,-9,24,-12,20,-12,24,-11,23,-11,22,-14,20,-9,24,-17,23,-12,20,-19,25,-13,24,-14,25,-13,26,-12,28,-12,30,-17,29,-14,28,-14,30,-18,0,0,0,0,0,0,-13,-31,-13,-34,-13,-30,-12,-31,-15,-34,-8,-28,-12,-35,-11,-29,-9,-33,-11,-30,-11,-28,-11,-30,-9,-29,-13,-30,-9,-28,-11,-26,-14,-29,-9,-26,-9,-25,-11,-30,-12,-26,-12,-28,-12,-23,-12,-26,-14,-28,-11,-26,-13,-28,-13,-26,-12,-28,-13,-28,-12,-28,-13,-24,-9,-33,-9,-29,-9,-26,-6,-26,-12,-30,-7,-28,-9,-29,-3,-29,-4,-29,-2,-29,-1,-29,-1,-29,-1,-25,1,-28,3,-24,0,-24,3,-19,2,-24,7,-19,3,-22,7,-20,7,-19,9,-18,11,-14,11,-14,0,0,0,0,0,0,0,0,0,0]"""
1782031941686,2026-06-21T17:52:21.686,safe,posture,mhw,standing_still,t017,"CSI_DATA,535932,1a:00:00:00:00:00,-44,11,-99,19,28,11,527467819,47,2,256,0,""[0,0,0,0,0,0,0,0,0,0,0,0,-4,4,-5,4,-5,4,-7,7,-5,4,-7,4,-5,7,-7,5,-8,9,-7,5,-9,8,-10,7,-9,9,-11,9,-10,9,-10,9,-13,11,-11,9,-11,14,-16,10,-15,10,-13,14,-13,10,-13,13,-13,11,-13,14,-14,13,-14,15,-13,15,-13,17,-14,13,-13,19,-14,15,-13,16,-14,19,-13,20,-11,17,-11,21,-11,20,-10,20,-11,23,-5,22,-9,26,-9,24,-8,28,-9,24,-5,27,-8,26,-5,28,-5,27,-3,32,-2,33,-5,34,-3,30,-1,32,-3,36,-2,32,0,0,0,0,0,0,36,2,33,3,38,1,34,2,32,2,36,3,30,-1,38,0,30,-2,36,-1,29,-3,29,0,33,-4,28,-2,30,-3,30,-7,29,-9,29,-5,34,-5,24,-9,27,-13,28,-7,29,-13,26,-11,28,-11,27,-14,26,-11,26,-15,27,-14,24,-14,24,-11,30,-15,23,-17,26,-17,26,-15,29,-19,27,-13,26,-15,26,-15,27,-15,24,-11,26,-14,26,-15,24,-14,27,-11,21,-13,24,-13,23,-9,26,-9,21,-5,23,-7,20,-4,21,-5,21,-3,20,-2,17,-2,19,0,0,0,0,0,0,0,0,0,0,0]"""
1782031941696,2026-06-21T17:52:21.696,safe,posture,mhw,standing_still,t017,"CSI_DATA,535933,1a:00:00:00:00:00,-44,11,-99,18,28,11,527478695,47,2,256,0,""[0,0,0,0,0,0,0,0,0,0,0,0,9,-4,0,-3,-31,12,7,11,0,4,-24,-12,0,1,14,14,-20,2,-1,12,4,12,9,8,6,14,7,12,4,7,-4,9,3,13,9,14,-1,11,7,14,6,19,3,11,7,19,8,15,9,20,8,18,9,19,8,15,9,19,8,17,11,18,9,15,14,17,11,18,15,17,15,15,15,18,14,18,15,18,18,17,17,14,18,20,14,15,20,15,15,14,24,15,23,15,24,13,26,17,25,15,24,15,24,18,26,17,29,19,28,15,26,17,31,14,0,0,0,0,0,0,15,-28,18,-33,13,-25,14,-30,18,-34,14,-26,15,-33,13,-26,13,-33,13,-26,12,-28,9,-31,9,-30,7,-33,8,-28,7,-26,6,-30,7,-30,4,-26,7,-33,3,-28,3,-30,2,-24,1,-28,1,-28,1,-29,1,-31,0,-29,1,-31,-1,-31,0,-30,-2,-28,2,-35,1,-29,0,-31,0,-25,-2,-33,0,-29,-2,-30,1,-30,2,-30,3,-25,4,-29,2,-29,1,-24,6,-26,7,-23,2,-26,6,-19,6,-23,6,-22,4,-22,7,-20,7,-20,7,-15,9,-14,11,-13,0,0,0,0,0,0,0,0,0,0]"""
1782031941708,2026-06-21T17:52:21.708,safe,posture,mhw,standing_still,t017,"CSI_DATA,535934,1a:00:00:00:00:00,-44,11,-99,16,29,11,527489695,47,2,256,0,""[0,0,0,0,0,0,0,0,0,0,0,0,4,-4,3,-5,4,-5,4,-4,5,-6,5,-6,4,-9,4,-9,5,-10,4,-9,5,-9,5,-12,6,-12,8,-12,5,-13,5,-13,4,-13,5,-16,4,-13,4,-15,2,-19,3,-18,3,-19,5,-16,5,-18,2,-19,3,-19,3,-19,1,-21,2,-20,1,-20,-1,-19,-2,-19,-3,-21,-4,-20,-8,-23,-6,-21,-5,-20,-6,-23,-6,-23,-9,-21,-12,-23,-12,-20,-15,-23,-13,-17,-16,-18,-18,-20,-21,-18,-23,-18,-23,-19,-20,-18,-23,-20,-26,-20,-26,-18,-24,-21,-27,-18,-31,-13,0,0,0,0,0,0,-13,30,-13,34,-11,27,-10,33,-11,35,-11,27,-9,33,-6,31,-8,34,-4,28,-1,28,-2,30,2,33,0,33,-1,28,2,30,4,31,5,31,3,30,9,30,11,26,10,31,10,23,13,25,13,24,19,25,16,25,16,23,17,25,19,24,19,25,20,24,21,24,20,20,21,23,19,18,23,18,24,17,24,17,23,20,23,19,19,19,21,19,21,19,20,18,23,17,17,17,19,17,16,13,18,13,17,13,18,12,17,15,15,13,10,16,12,15,10,16,0,0,0,0,0,0,0,0,0,0]"""
1782031941719,2026-06-21T17:52:21.719,safe,posture,mhw,standing_still,t017,"CSI_DATA,535935,1a:00:00:00:00:00,-44,11,-99,18,28,11,527500695,47,2,256,0,""[0,0,0,0,0,0,0,0,0,0,0,0,1,6,1,8,0,6,0,11,2,7,1,9,3,11,1,7,3,11,0,9,2,12,3,13,3,12,4,13,3,14,3,12,6,15,7,13,4,17,6,15,4,13,6,18,6,15,9,19,7,17,9,15,8,15,9,19,8,14,13,17,11,15,17,20,9,18,13,17,13,17,13,17,14,13,22,13,18,13,17,9,20,13,19,7,24,9,24,9,30,11,24,12,25,9,28,9,25,6,29,6,33,2,30,-1,31,3,29,2,34,-1,35,0,34,-1,0,0,0,0,0,0,-2,-33,-3,-31,-7,-41,-4,-33,-6,-29,-8,-35,-8,-28,-11,-36,-11,-28,-9,-35,-9,-31,-7,-29,-12,-26,-12,-25,-18,-28,-19,-24,-19,-25,-18,-22,-18,-23,-18,-17,-23,-20,-19,-18,-26,-20,-23,-20,-22,-18,-23,-18,-20,-17,-28,-12,-25,-13,-25,-11,-24,-12,-29,-14,-25,-8,-31,-7,-28,-9,-35,-14,-26,-15,-26,-12,-26,-13,-24,-11,-24,-9,-29,-7,-28,-8,-24,-6,-24,-9,-24,-4,-26,-8,-24,-9,-26,-11,-20,-11,-20,-9,-18,-11,-17,-9,-17,-11,-18,-9,-17,-8,-17,-9,0,0,0,0,0,0,0,0,0,0]"""
1782031941731,2026-06-21T17:52:21.731,safe,posture,mhw,standing_still,t017,"CSI_DATA,535936,1a:00:00:00:00:00,-44,11,-99,15,29,11,527511695,47,2,256,0,""[0,0,0,0,0,0,0,0,0,0,0,0,-7,0,-5,-1,-5,0,-8,-2,-7,-1,-9,-2,-10,-3,-8,-3,-9,-2,-9,-3,-11,-2,-11,-4,-11,-4,-11,-4,-14,-8,-10,-5,-14,-7,-14,-5,-16,-7,-15,-11,-14,-11,-14,-9,-13,-9,-16,-8,-15,-10,-16,-9,-16,-9,-20,-11,-14,-7,-19,-8,-17,-8,-21,-10,-19,-11,-17,-10,-20,-13,-20,-10,-16,-8,-22,-7,-21,-8,-19,-7,-21,-9,-21,-3,-24,-5,-24,-7,-30,-9,-22,-10,-26,-8,-23,-11,-24,-9,-28,-9,-33,-7,-29,-3,-32,-9,-30,-8,-34,-3,-34,-10,-30,-13,0,0,0,0,0,0,-13,35,-10,27,-11,36,-11,32,-9,28,-13,35,-8,28,-10,35,-8,28,-14,34,-13,33,-14,24,-10,30,-11,26,-8,32,-8,30,-7,29,-4,28,-9,28,-4,26,-2,30,-4,28,-5,33,-9,29,-8,27,-5,28,-7,26,-2,32,-3,32,-2,28,-5,27,-4,33,-1,26,-1,32,-4,29,-8,36,-11,29,-8,28,-14,28,-10,27,-10,23,-8,30,-10,27,-8,22,-13,24,-5,23,-11,26,-13,21,-16,24,-15,16,-15,15,-17,13,-11,11,-14,13,-15,14,-13,11,-14,9,0,0,0,0,0,0,0,0,0,0]"""
1782031941740,2026-06-21T17:52:21.740,safe,posture,mhw,standing_still,t017,"CSI_DATA,535937,1a:00:00:00:00:00,-44,11,-99,19,28,11,527522695,47,2,256,0,""[0,0,0,0,0,0,0,0,0,0,0,0,-4,-3,-4,-5,-7,-3,-7,-2,-7,-4,-7,-3,-8,-3,-7,-4,-10,-4,-10,-3,-10,-3,-10,-4,-11,-4,-11,-5,-13,-7,-14,-8,-13,-4,-16,-8,-14,-4,-15,-7,-17,-9,-16,-5,-19,-8,-16,-7,-16,-5,-17,-5,-19,-7,-20,-5,-20,-5,-19,-4,-20,-4,-17,-3,-21,-2,-21,-2,-23,0,-23,1,-23,0,-22,-1,-22,1,-24,3,-23,3,-26,2,-26,4,-26,5,-22,7,-24,7,-27,10,-24,10,-28,11,-29,13,-26,10,-28,16,-28,13,-29,15,-29,16,-29,19,-28,19,0,0,0,0,0,0,17,28,21,32,17,23,20,28,23,29,17,24,22,28,21,23,21,26,19,20,21,20,23,20,26,20,29,21,21,19,24,16,26,16,26,17,23,14,28,14,26,9,29,13,23,7,26,9,28,10,30,8,33,7,26,5,32,8,32,4,30,7,29,3,33,7,28,2,30,3,26,4,30,1,29,4,30,1,32,2,30,4,27,4,29,3,28,5,26,4,27,5,22,7,24,5,19,7,22,5,22,7,21,4,22,7,20,7,16,8,17,10,15,10,0,0,0,0,0,0,0,0,0,0]"""
1782031941753,2026-06-21T17:52:21.753,safe,posture,mhw,standing_still,t017,"CSI_DATA,535938,1a:00:00:00:00:00,-44,11,-99,15,29,11,527533695,47,2,256,0,""[0,0,0,0,0,0,0,0,0,0,0,0,-2,-5,-1,-5,-3,-5,-3,-7,-2,-7,-2,-8,-2,-10,1,-9,-1,-11,-1,-10,0,-10,-1,-13,-1,-13,-1,-15,0,-16,-1,-13,0,-15,2,-15,1,-16,0,-16,1,-15,1,-19,4,-15,2,-19,3,-20,3,-19,4,-19,5,-21,2,-17,2,-20,5,-20,3,-22,7,-20,4,-21,5,-21,4,-22,3,-21,2,-22,0,-23,1,-23,5,-24,0,-23,1,-27,3,-27,3,-28,5,-23,2,-29,5,-27,2,-28,2,-28,0,-30,0,-33,4,-34,4,-29,1,-33,4,-36,4,-34,0,0,0,0,0,0,-38,-7,-34,-10,-35,-9,-33,-10,-32,-10,-34,-9,-28,-8,-34,-10,-29,-9,-30,-9,-30,-11,-27,-13,-32,-8,-28,-10,-27,-9,-29,-5,-29,-7,-29,-7,-32,-10,-26,-3,-30,-3,-28,-8,-29,-5,-28,-7,-26,-10,-29,-7,-24,-9,-28,-5,-32,-7,-28,-5,-27,-8,-33,-11,-27,-5,-30,-7,-28,-11,-32,-13,-26,-14,-27,-11,-26,-16,-27,-15,-22,-14,-24,-14,-23,-13,-22,-13,-21,-20,-20,-13,-20,-16,-17,-19,-17,-20,-11,-19,-11,-19,-9,-19,-9,-20,-7,-17,-9,-19,-7,-16,-4,-17,0,0,0,0,0,0,0,0,0,0]"""
1782031941762,2026-06-21T17:52:21.762,safe,posture,mhw,standing_still,t017,"CSI_DATA,535939,1a:00:00:00:00:00,-44,11,-99,16,29,11,527544695,47,2,256,0,""[0,0,0,0,0,0,0,0,0,0,0,0,-5,1,-6,2,-5,0,-9,0,-5,2,-10,1,-10,1,-9,-1,-10,1,-8,1,-13,3,-12,1,-13,2,-12,2,-12,1,-13,1,-16,1,-13,2,-16,1,-16,0,-15,-3,-17,2,-17,-1,-19,2,-19,2,-18,3,-17,2,-20,3,-18,3,-21,5,-17,4,-24,5,-23,4,-20,3,-20,4,-20,5,-18,6,-23,10,-21,9,-19,9,-20,11,-17,12,-21,16,-21,13,-25,17,-23,12,-21,16,-24,15,-20,15,-23,17,-25,23,-18,20,-25,20,-25,20,-21,26,-26,23,-24,23,0,0,0,0,0,0,21,25,23,21,30,26,25,24,19,18,27,23,24,19,28,23,21,18,30,25,25,20,23,18,23,16,23,17,28,15,27,16,27,13,24,11,27,15,25,9,30,9,28,9,32,11,30,11,26,10,25,10,24,9,31,4,28,4,28,4,25,5,30,9,25,3,31,4,30,4,36,8,31,8,30,5,30,10,25,6,27,5,31,5,27,8,23,4,25,9,24,5,25,8,23,6,26,12,20,10,21,12,17,12,17,10,17,11,16,11,15,10,16,12,0,0,0,0,0,0,0,0,0,0]"""
1782031941773,2026-06-21T17:52:21.773,safe,posture,mhw,standing_still,t017,"CSI_DATA,535940,1a:00:00:00:00:00,-44,11,-99,20,28,11,527555695,47,2,256,0,""[0,0,0,0,0,0,0,0,0,0,0,0,-3,5,-2,4,-5,5,-5,6,-4,6,-4,5,-3,6,-5,9,-6,6,-6,10,-8,9,-6,10,-6,9,-8,10,-9,8,-10,12,-8,11,-12,12,-9,10,-10,10,-15,13,-11,13,-13,15,-11,13,-11,15,-11,16,-12,16,-10,15,-16,17,-12,13,-13,15,-11,15,-12,17,-12,18,-10,19,-12,20,-11,20,-12,19,-10,21,-11,24,-9,23,-12,24,-11,23,-6,25,-5,20,-6,27,-8,26,-3,27,-6,28,-8,28,-6,27,-6,31,-6,31,-6,35,-5,34,-4,30,-5,34,0,0,0,0,0,0,32,8,40,6,30,2,34,6,39,5,30,4,36,4,30,4,35,5,28,3,31,1,32,1,32,0,33,-3,30,1,28,-1,32,-2,32,-2,28,-2,33,-3,27,-4,31,-4,25,-3,27,-4,31,-8,27,-5,32,-6,28,-8,28,-8,27,-10,30,-9,27,-11,34,-8,28,-6,28,-9,24,-6,31,-10,28,-6,28,-11,30,-6,31,-6,28,-3,30,-4,30,-3,26,-3,28,-2,25,2,26,-2,18,-1,25,-1,21,1,21,-2,23,1,21,3,17,3,16,5,17,5,0,0,0,0,0,0,0,0,0,0]"""
1782031941786,2026-06-21T17:52:21.786,safe,posture,mhw,standing_still,t017,"CSI_DATA,535941,1a:00:00:00:00:00,-44,11,-99,14,29,11,527568118,47,2,256,0,""[0,0,0,0,0,0,0,0,0,0,0,0,-3,-3,-4,-4,-7,-3,-6,-3,-6,-4,-6,-4,-7,-3,-8,-3,-8,-4,-11,-6,-8,-6,-9,-6,-11,-4,-11,-8,-11,-8,-14,-7,-12,-4,-15,-7,-12,-6,-12,-7,-15,-9,-18,-6,-18,-8,-15,-6,-18,-7,-18,-6,-19,-7,-19,-4,-22,-6,-18,-3,-20,-4,-18,-2,-19,-1,-20,1,-22,1,-23,2,-24,2,-20,1,-23,4,-24,6,-24,7,-25,8,-23,7,-25,9,-20,9,-20,12,-22,14,-20,18,-23,20,-25,19,-23,18,-25,20,-25,23,-24,23,-24,22,-24,25,-23,25,0,0,0,0,0,0,29,20,29,23,24,13,29,19,33,19,25,17,31,17,29,13,31,15,25,11,26,8,30,8,34,6,34,4,26,7,29,4,31,0,31,2,30,1,31,-1,29,-3,33,-2,23,-4,25,-7,29,-7,30,-11,31,-9,28,-8,29,-11,26,-13,30,-13,28,-13,29,-14,25,-13,25,-14,23,-12,23,-17,24,-15,23,-20,25,-18,25,-17,24,-12,25,-14,25,-15,23,-15,23,-13,22,-12,22,-14,19,-11,18,-12,18,-11,18,-13,19,-11,19,-9,18,-6,15,-7,18,-6,0,0,0,0,0,0,0,0,0,0]"""
1782031941796,2026-06-21T17:52:21.796,safe,posture,mhw,standing_still,t017,"CSI_DATA,535942,1a:00:00:00:00:00,-44,11,-99,15,29,11,527577695,47,2,256,0,""[0,0,0,0,0,0,0,0,0,0,0,0,-5,3,-3,3,-7,3,-8,4,-8,4,-7,3,-5,4,-8,4,-9,4,-9,7,-11,5,-11,4,-11,5,-11,4,-11,4,-15,3,-14,4,-15,5,-14,4,-16,4,-19,7,-15,2,-20,5,-17,4,-17,4,-17,4,-19,4,-19,5,-21,3,-19,5,-20,5,-21,5,-21,8,-20,5,-21,7,-21,7,-22,9,-22,8,-22,8,-22,10,-21,10,-24,9,-24,9,-23,14,-22,10,-24,15,-24,13,-23,14,-24,14,-24,14,-27,15,-26,13,-28,16,-30,16,-27,17,-28,15,-27,20,0,0,0,0,0,0,16,29,17,29,17,27,19,30,17,32,14,28,17,32,16,29,17,29,14,28,16,27,19,28,14,27,19,26,17,26,17,23,20,24,19,24,16,21,16,26,19,23,20,23,19,21,20,21,22,22,17,22,22,23,22,20,20,22,22,22,23,22,22,19,20,24,20,21,20,21,19,23,23,23,17,23,20,21,16,23,17,23,16,24,15,26,17,24,13,21,10,24,9,22,11,21,7,22,9,22,7,21,5,21,4,20,3,22,2,19,0,16,-1,19,0,0,0,0,0,0,0,0,0,0]"""
1782031941807,2026-06-21T17:52:21.807,safe,posture,mhw,standing_still,t017,"CSI_DATA,535943,1a:00:00:00:00:00,-44,11,-99,19,28,11,527588695,47,2,256,0,""[0,0,0,0,0,0,0,0,0,0,0,0,0,-7,-1,-8,-1,-5,1,-9,-2,-7,-1,-10,1,-11,1,-8,-1,-11,1,-8,-2,-11,-2,-13,0,-13,1,-13,2,-17,0,-11,1,-15,1,-15,1,-17,4,-20,4,-17,3,-19,3,-15,1,-20,2,-19,3,-19,3,-17,5,-22,3,-17,3,-21,2,-20,3,-24,4,-21,3,-21,7,-21,2,-22,3,-20,-2,-24,0,-20,1,-20,3,-23,-2,-21,-3,-27,1,-26,1,-33,4,-26,-1,-29,3,-27,0,-24,0,-29,-4,-34,-4,-28,-1,-34,1,-30,-3,-34,-2,-35,0,-33,0,0,0,0,0,0,-35,-2,-30,0,-41,-1,-34,-4,-27,-2,-38,-2,-27,0,-38,-3,-28,1,-38,-2,-34,-4,-30,-3,-30,-2,-27,-1,-33,0,-30,1,-30,2,-28,2,-33,-2,-26,2,-33,3,-27,3,-34,2,-32,0,-27,0,-29,1,-26,0,-29,7,-29,4,-28,5,-27,2,-32,0,-24,4,-30,4,-27,3,-38,2,-32,-3,-30,0,-30,-3,-27,-3,-26,-2,-32,1,-28,-2,-24,-3,-27,-5,-23,-1,-28,-5,-22,-7,-28,-10,-19,-10,-20,-9,-17,-14,-16,-10,-16,-11,-19,-10,-15,-10,-13,-13,0,0,0,0,0,0,0,0,0,0]"""
1782031941818,2026-06-21T17:52:21.818,safe,posture,mhw,standing_still,t017,"CSI_DATA,535944,1a:00:00:00:00:00,-44,11,-99,15,29,11,527599867,47,2,256,0,""[0,0,0,0,0,0,0,0,0,0,0,0,0,-4,1,-5,0,-8,0,-8,0,-8,0,-11,-2,-9,-2,-9,1,-9,-1,-10,-1,-13,0,-11,-2,-14,-2,-11,-1,-13,-2,-15,-2,-15,-2,-16,0,-17,-2,-19,-4,-16,-1,-17,-2,-19,-2,-16,-3,-19,-3,-19,-3,-20,-4,-17,-2,-20,-4,-20,-5,-17,-5,-21,-7,-21,-5,-20,-9,-20,-8,-20,-10,-19,-13,-21,-11,-20,-14,-17,-14,-17,-13,-21,-15,-21,-19,-19,-16,-20,-20,-20,-19,-20,-20,-17,-20,-17,-22,-17,-24,-19,-23,-17,-24,-19,-27,-21,-27,-17,-27,-16,-29,-19,0,0,0,0,0,0,-15,29,-15,28,-14,33,-15,32,-13,30,-11,29,-14,30,-14,30,-11,30,-10,30,-11,32,-7,30,-8,29,-5,30,-4,30,-5,29,-2,32,-1,29,-1,29,-3,30,-1,30,2,30,2,29,2,32,4,28,3,27,5,29,9,28,5,29,9,29,8,29,9,27,5,32,8,29,9,28,9,30,10,30,8,28,7,27,5,28,7,28,9,28,7,28,8,24,8,26,4,27,3,28,7,23,2,24,4,24,2,23,2,22,0,19,1,22,0,20,-1,16,-1,19,0,0,0,0,0,0,0,0,0,0]"""
1782031941828,2026-06-21T17:52:21.828,safe,posture,mhw,standing_still,t017,"CSI_DATA,535945,1a:00:00:00:00:00,-44,11,-99,16,29,11,527610695,47,2,256,0,""[0,0,0,0,0,0,0,0,0,0,0,0,6,1,6,1,6,2,6,2,6,2,10,3,8,3,10,3,9,4,10,3,11,4,10,5,11,6,11,8,10,6,12,10,12,6,12,9,12,10,12,11,12,12,11,10,13,12,13,11,15,12,13,13,12,15,12,12,13,16,15,15,12,15,16,16,16,15,15,17,16,15,13,16,15,16,17,16,16,17,18,16,18,16,17,20,17,19,20,17,18,17,21,19,18,18,21,17,18,18,21,20,21,19,19,21,21,20,23,25,23,25,23,21,25,25,0,0,0,0,0,0,28,-19,25,-24,27,-21,26,-20,28,-20,25,-18,27,-20,28,-18,26,-19,28,-18,27,-18,25,-19,25,-18,25,-18,24,-18,24,-18,26,-19,24,-17,21,-16,26,-16,24,-16,24,-18,21,-17,25,-17,24,-19,23,-16,23,-19,23,-20,25,-18,24,-19,24,-16,23,-16,27,-15,24,-16,26,-16,28,-15,27,-16,28,-11,26,-13,26,-9,27,-10,30,-9,28,-6,26,-5,25,-5,27,-2,24,0,25,-4,23,0,25,0,21,2,20,2,18,4,18,3,20,6,17,8,16,9,0,0,0,0,0,0,0,0,0,0]"""
1782031941839,2026-06-21T17:52:21.839,safe,posture,mhw,standing_still,t017,"CSI_DATA,535946,1a:00:00:00:00:00,-44,11,-99,15,29,11,527621695,47,2,256,0,""[0,0,0,0,0,0,0,0,0,0,0,0,-3,2,-5,5,-4,4,-5,4,-4,4,-9,4,-9,4,-9,3,-9,4,-9,4,-10,7,-11,5,-11,4,-11,3,-14,3,-11,3,-16,5,-15,4,-19,2,-15,2,-14,-1,-16,2,-16,0,-20,2,-20,1,-20,1,-17,0,-21,1,-16,-1,-21,1,-17,1,-27,0,-22,-2,-21,-1,-22,-2,-21,-1,-21,0,-23,2,-22,0,-20,1,-26,0,-21,4,-26,3,-26,1,-32,1,-27,-1,-29,0,-27,-3,-24,0,-28,0,-33,1,-28,1,-33,-1,-32,-3,-33,2,-36,-3,-32,-1,0,0,0,0,0,0,-7,33,-7,29,-7,40,-7,33,-5,27,-8,35,-5,28,-9,35,-4,27,-11,34,-10,33,-10,28,-9,28,-9,24,-10,33,-7,30,-8,30,-7,27,-10,28,-7,26,-7,30,-7,27,-9,32,-13,30,-10,27,-11,27,-10,24,-7,32,-9,29,-8,27,-9,26,-13,28,-10,24,-9,30,-10,26,-17,33,-19,26,-16,24,-19,24,-16,21,-15,19,-17,26,-20,20,-15,16,-21,16,-16,16,-21,19,-19,16,-24,15,-21,8,-21,9,-20,4,-19,4,-17,3,-22,5,-19,3,-19,1,0,0,0,0,0,0,0,0,0,0]"""
1782031941849,2026-06-21T17:52:21.849,safe,posture,mhw,standing_still,t017,"CSI_DATA,535947,1a:00:00:00:00:00,-44,11,-99,14,29,11,527632695,47,2,256,0,""[0,0,0,0,0,0,0,0,0,0,0,0,-4,6,-2,6,-2,6,-3,6,-2,7,-6,7,-4,9,-4,8,-6,9,-3,8,-4,12,-6,11,-7,12,-7,11,-7,9,-9,11,-9,14,-7,13,-9,14,-12,14,-11,15,-12,13,-9,13,-9,17,-11,14,-11,17,-11,14,-12,15,-11,15,-11,18,-9,17,-13,19,-12,18,-12,17,-11,22,-8,18,-11,19,-9,23,-8,20,-9,20,-8,22,-7,23,-9,25,-7,25,-7,26,-7,26,-7,26,-6,28,-6,28,-6,28,-6,33,-6,28,-7,33,-7,31,-6,33,-6,34,-2,31,0,0,0,0,0,0,33,4,33,0,35,1,34,4,31,4,34,4,31,6,34,3,33,1,33,4,33,2,29,0,30,0,29,1,31,-1,29,-1,31,-3,29,-3,29,-2,29,-2,30,-4,28,-6,31,-6,29,-4,29,-7,26,-6,28,-8,28,-9,28,-8,29,-9,28,-9,29,-9,28,-7,29,-9,28,-9,33,-8,31,-8,29,-8,30,-8,28,-4,26,-6,29,-6,29,-3,26,-6,26,-4,25,-2,26,0,25,-2,25,1,24,1,22,1,20,1,19,3,20,2,20,4,17,6,18,7,0,0,0,0,0,0,0,0,0,0]"""
1782031941861,2026-06-21T17:52:21.861,safe,posture,mhw,standing_still,t017,"CSI_DATA,535948,1a:00:00:00:00:00,-44,11,-99,15,29,11,527643695,47,2,256,0,""[0,0,0,0,0,0,0,0,0,0,0,0,8,1,7,2,5,2,8,2,8,1,9,2,10,2,9,2,9,1,9,1,13,1,13,0,13,0,11,0,14,0,15,0,16,1,15,0,19,0,16,2,16,3,17,0,17,0,19,-3,20,-2,17,-4,17,-2,20,-3,17,-3,19,-5,20,-4,22,-7,21,-7,21,-7,19,-7,20,-7,19,-9,19,-15,20,-13,15,-14,16,-15,16,-17,17,-19,16,-21,19,-22,17,-21,16,-21,16,-22,14,-21,14,-27,11,-29,11,-26,11,-29,16,-32,11,-33,9,-33,9,-32,0,0,0,0,0,0,-33,-7,-33,-7,-38,-4,-35,-5,-30,-3,-34,-1,-30,-1,-35,0,-30,2,-35,1,-33,1,-30,3,-30,4,-30,4,-33,10,-28,9,-27,10,-26,11,-27,11,-24,11,-26,16,-24,15,-28,17,-27,16,-24,17,-23,15,-21,19,-21,23,-21,22,-20,22,-19,21,-17,22,-19,22,-17,27,-16,24,-20,29,-20,23,-17,23,-20,22,-17,21,-16,22,-15,27,-15,24,-13,21,-14,22,-13,21,-14,22,-13,21,-17,20,-15,19,-14,17,-15,14,-14,15,-14,14,-13,16,-13,14,-13,14,0,0,0,0,0,0,0,0,0,0]"""
1782031941873,2026-06-21T17:52:21.873,safe,posture,mhw,standing_still,t017,"CSI_DATA,535949,1a:00:00:00:00:00,-44,11,-99,14,29,11,527654695,47,2,256,0,""[0,0,0,0,0,0,0,0,0,0,0,0,2,-7,1,-6,1,-7,1,-6,2,-9,2,-8,0,-7,1,-9,0,-11,0,-11,2,-11,0,-12,0,-13,0,-13,1,-13,-1,-17,-1,-13,0,-19,-1,-14,0,-15,1,-18,-1,-17,-1,-20,-1,-18,-2,-19,-1,-19,-2,-20,-3,-18,-4,-22,-3,-18,-3,-19,-6,-18,-9,-19,-8,-17,-11,-20,-9,-19,-11,-19,-9,-19,-12,-19,-14,-20,-14,-19,-18,-20,-15,-18,-19,-19,-15,-15,-22,-14,-22,-17,-24,-13,-24,-14,-26,-18,-23,-15,-26,-18,-28,-14,-29,-15,-29,-15,-29,-12,-30,-9,0,0,0,0,0,0,-11,35,-9,36,-7,28,-9,34,-9,36,-8,30,-8,35,-4,29,-7,34,-3,29,-1,29,1,31,2,33,1,34,-1,30,1,30,4,30,4,31,4,28,8,30,8,26,9,30,11,22,12,25,12,26,17,25,15,30,15,26,15,26,17,25,15,26,18,23,19,28,18,23,19,25,15,19,22,22,20,20,22,22,22,23,20,23,17,23,18,24,17,23,17,19,17,22,12,19,17,20,13,17,14,19,14,19,14,17,13,18,11,18,9,17,8,17,6,15,0,0,0,0,0,0,0,0,0,0]"""
1782031941883,2026-06-21T17:52:21.883,safe,posture,mhw,standing_still,t017,"CSI_DATA,535950,1a:00:00:00:00:00,-44,11,-99,15,29,11,527665695,47,2,256,0,""[0,0,0,0,0,0,0,0,0,0,0,0,-2,7,-2,5,-2,7,-1,8,-2,8,-1,8,0,8,-2,9,-1,10,-2,9,-1,10,-1,11,-1,13,-3,14,-2,14,-1,16,-1,15,-3,16,-2,13,1,16,0,16,0,20,-2,17,-2,17,-2,20,0,17,-2,21,0,21,0,21,2,19,2,20,2,20,3,20,4,22,5,22,7,22,7,21,7,22,8,22,10,23,10,23,14,22,11,20,15,23,14,20,15,19,16,20,20,20,21,21,20,21,20,20,22,22,23,23,24,21,27,22,27,20,27,21,0,0,0,0,0,0,20,-28,21,-30,17,-26,20,-29,19,-30,17,-28,15,-29,14,-30,16,-29,13,-27,11,-29,10,-28,9,-33,11,-32,10,-27,8,-29,3,-30,5,-30,7,-32,1,-30,0,-28,2,-32,-1,-27,-2,-27,0,-27,-5,-30,-3,-30,-2,-27,-2,-30,-5,-28,-4,-32,-7,-32,-8,-29,-9,-28,-8,-29,-8,-28,-9,-27,-9,-28,-9,-29,-10,-28,-8,-28,-5,-26,-7,-28,-7,-28,-5,-26,-8,-26,-4,-24,-5,-26,-4,-21,-4,-21,-3,-22,-3,-21,-5,-21,-3,-22,1,-17,1,-19,2,-20,0,0,0,0,0,0,0,0,0,0]"""
1782031941895,2026-06-21T17:52:21.895,safe,posture,mhw,standing_still,t017,"CSI_DATA,535951,1a:00:00:00:00:00,-44,11,-99,16,29,11,527677602,47,2,256,0,""[0,0,0,0,0,0,0,0,0,0,0,0,-1,6,-1,5,-2,8,-3,5,-3,6,-2,8,-2,8,-2,9,-2,11,-2,11,-3,10,-2,12,-3,12,-4,13,-4,11,-4,16,-3,15,-4,16,-5,12,-2,15,-1,16,-5,18,-4,19,-4,16,-3,19,-4,19,-4,19,-3,19,-4,21,-2,18,-3,21,-1,18,0,20,-1,20,2,23,2,21,2,23,0,20,2,23,3,26,4,23,4,27,6,24,9,24,8,19,11,24,9,24,16,24,15,26,13,27,11,26,13,28,15,27,18,28,16,28,17,26,20,27,0,0,0,0,0,0,28,-19,31,-18,24,-17,25,-20,30,-24,26,-18,28,-21,23,-18,27,-23,21,-20,19,-21,21,-24,20,-27,19,-27,20,-21,18,-24,16,-26,18,-26,17,-24,16,-27,11,-25,15,-27,8,-21,10,-25,10,-28,8,-31,9,-30,9,-26,9,-30,6,-28,8,-32,4,-28,9,-31,5,-28,6,-30,6,-25,2,-31,5,-28,1,-30,4,-31,5,-30,9,-27,8,-28,9,-27,8,-26,8,-27,9,-21,8,-23,6,-19,6,-20,6,-20,6,-21,8,-19,11,-19,9,-16,10,-15,11,-15,0,0,0,0,0,0,0,0,0,0]"""
1782031941905,2026-06-21T17:52:21.905,safe,posture,mhw,standing_still,t017,"CSI_DATA,535952,1a:00:00:00:00:00,-44,11,-99,19,28,11,527687695,47,2,256,0,""[0,0,0,0,0,0,0,0,0,0,0,0,5,0,7,0,5,0,9,1,9,0,9,2,10,1,8,3,10,2,9,4,11,2,11,4,13,3,13,3,14,7,10,3,15,4,11,3,16,7,19,9,15,8,16,8,14,9,17,8,17,10,15,10,15,10,19,13,15,7,20,9,19,10,22,13,19,14,17,13,19,14,17,14,16,11,22,10,20,11,16,10,21,15,21,8,24,10,23,11,27,19,20,15,26,15,21,19,21,14,23,16,29,15,27,15,27,19,27,17,30,15,28,20,27,22,0,0,0,0,0,0,23,-27,20,-24,27,-32,22,-24,19,-20,24,-24,19,-23,24,-27,20,-21,27,-24,24,-23,23,-19,21,-21,23,-17,23,-22,22,-22,20,-24,19,-21,22,-21,17,-20,20,-24,19,-22,23,-23,23,-21,20,-19,21,-19,22,-16,19,-22,22,-22,21,-20,20,-17,24,-20,19,-20,21,-23,22,-20,30,-22,27,-15,26,-15,26,-14,24,-11,24,-13,28,-16,26,-11,22,-10,26,-8,22,-11,24,-9,24,-5,28,-2,22,1,23,1,21,3,19,1,20,3,20,2,17,4,17,5,0,0,0,0,0,0,0,0,0,0]"""
1782031941917,2026-06-21T17:52:21.917,safe,posture,mhw,standing_still,t017,"CSI_DATA,535953,1a:00:00:00:00:00,-44,11,-99,19,28,11,527698695,47,2,256,0,""[0,0,0,0,0,0,0,0,0,0,0,0,5,-1,7,-1,8,0,7,0,8,-2,9,0,9,1,10,0,10,0,13,0,10,0,10,0,13,0,14,0,13,0,15,1,17,0,14,-1,16,1,15,0,16,-2,17,1,19,2,20,0,19,0,19,1,19,1,21,-1,21,1,19,-1,20,-2,23,-1,23,-3,21,-1,21,-3,21,-2,21,-3,24,-7,22,-3,22,-7,22,-7,23,-5,23,-9,23,-11,26,-10,26,-13,24,-10,23,-14,24,-11,27,-14,27,-15,26,-14,27,-15,29,-15,27,-16,27,-16,28,-21,0,0,0,0,0,0,-19,-30,-19,-29,-20,-27,-20,-28,-20,-29,-21,-26,-19,-26,-22,-27,-22,-23,-20,-26,-21,-26,-20,-23,-19,-24,-20,-22,-22,-22,-20,-20,-24,-21,-22,-19,-22,-17,-23,-20,-23,-16,-24,-15,-23,-16,-26,-16,-24,-15,-22,-15,-26,-16,-27,-14,-24,-15,-27,-14,-24,-14,-26,-11,-27,-15,-28,-13,-27,-11,-26,-16,-29,-14,-26,-15,-27,-15,-23,-16,-23,-14,-26,-16,-23,-16,-23,-15,-22,-13,-21,-17,-21,-16,-21,-14,-16,-16,-17,-15,-16,-16,-15,-15,-11,-15,-13,-16,-11,-15,-9,-15,-7,-16,0,0,0,0,0,0,0,0,0,0]"""
1782031941927,2026-06-21T17:52:21.927,safe,posture,mhw,standing_still,t017,"CSI_DATA,535954,1a:00:00:00:00:00,-44,11,-99,16,29,11,527709695,47,2,256,0,""[0,0,0,0,0,0,0,0,0,0,0,0,4,4,4,5,4,4,4,6,4,6,3,9,3,6,3,8,4,10,3,9,2,11,4,12,3,12,3,12,2,13,3,12,2,15,2,16,1,18,1,16,0,13,1,19,-1,16,-1,17,-3,18,-2,19,-3,19,-4,21,-1,18,-2,19,-3,18,-3,24,-5,20,-2,20,-6,20,-5,21,-4,19,-3,23,-2,20,-3,20,-8,24,0,21,-2,25,-5,26,-6,28,-9,23,-5,28,-10,26,-5,26,-8,27,-5,32,-4,31,-11,32,-10,30,-8,33,-13,33,-11,32,0,0,0,0,0,0,32,19,28,17,33,18,28,20,25,16,30,20,25,13,27,20,23,17,26,23,25,21,20,20,26,19,19,19,23,19,23,20,24,18,21,20,20,23,20,16,24,17,20,19,23,20,20,21,18,21,21,20,17,20,23,20,20,21,20,20,18,21,20,26,17,20,21,24,16,24,20,30,13,25,16,26,10,28,11,26,9,25,10,28,9,25,5,25,3,28,6,21,4,25,1,24,0,26,-4,21,-3,21,-6,20,-5,19,-5,18,-8,18,-8,16,-11,16,0,0,0,0,0,0,0,0,0,0]"""
1782031941940,2026-06-21T17:52:21.940,safe,posture,mhw,standing_still,t017,"CSI_DATA,535955,1a:00:00:00:00:00,-44,11,-99,16,29,11,527720695,47,2,256,0,""[0,0,0,0,0,0,0,0,0,0,0,0,5,-3,6,-1,6,-1,8,-1,6,-3,9,-2,11,-1,9,-1,11,-3,10,-1,12,-2,12,-2,12,-2,12,-2,15,-3,12,-2,15,-2,13,-2,19,-3,20,0,16,2,16,-2,16,0,20,-2,21,0,18,-1,18,-1,21,1,16,-2,20,-2,17,-1,25,-3,20,-1,20,-3,21,-1,21,-2,19,-4,21,-6,21,-5,20,-6,23,-4,19,-9,23,-9,24,-8,31,-12,25,-5,25,-10,25,-8,23,-9,26,-11,28,-16,25,-15,28,-13,28,-12,32,-17,33,-15,31,-13,0,0,0,0,0,0,-11,-33,-10,-25,-16,-35,-13,-31,-11,-24,-13,-33,-11,-24,-16,-33,-13,-26,-15,-34,-13,-32,-10,-26,-13,-27,-11,-25,-16,-27,-16,-26,-15,-26,-15,-21,-12,-27,-15,-20,-19,-25,-16,-23,-20,-26,-18,-26,-15,-23,-17,-23,-15,-21,-20,-21,-19,-21,-18,-23,-17,-21,-18,-27,-18,-18,-21,-21,-17,-23,-21,-31,-16,-27,-17,-24,-13,-27,-13,-25,-13,-20,-17,-25,-13,-23,-11,-20,-9,-24,-12,-19,-12,-25,-9,-21,-6,-28,-4,-21,-4,-23,-2,-21,-2,-19,-1,-19,-1,-20,-1,-18,1,-18,0,0,0,0,0,0,0,0,0,0]"""
1782031941950,2026-06-21T17:52:21.950,safe,posture,mhw,standing_still,t017,"CSI_DATA,535956,1a:00:00:00:00:00,-44,11,-99,15,29,11,527731695,47,2,256,0,""[0,0,0,0,0,0,0,0,0,0,0,0,-3,-5,-4,-5,-3,-7,-4,-5,-4,-5,-3,-7,-4,-9,-5,-7,-5,-9,-4,-8,-5,-10,-5,-10,-4,-10,-4,-10,-7,-11,-2,-15,-5,-17,-5,-14,-2,-15,-4,-17,-7,-15,-2,-17,-3,-17,-4,-19,-3,-19,-3,-19,-3,-19,-4,-17,-3,-19,-3,-19,-4,-17,-4,-22,-7,-22,-3,-22,-5,-20,-3,-20,-5,-20,-9,-23,-7,-22,-8,-20,-8,-20,-8,-22,-9,-23,-13,-22,-10,-27,-10,-23,-13,-24,-11,-24,-10,-24,-13,-26,-15,-28,-16,-26,-14,-29,-11,-30,-14,-28,-15,-29,-15,-30,0,0,0,0,0,0,-32,14,-32,13,-33,16,-30,15,-27,11,-32,15,-30,14,-32,15,-28,15,-32,13,-30,14,-28,14,-27,11,-27,13,-27,16,-26,15,-26,14,-24,16,-24,15,-24,13,-24,15,-24,16,-27,16,-27,16,-23,19,-23,15,-23,15,-22,19,-23,17,-26,20,-22,16,-23,19,-26,16,-24,17,-23,15,-29,17,-28,14,-26,14,-27,14,-27,10,-24,11,-28,13,-27,10,-23,9,-27,9,-24,7,-27,5,-23,8,-26,3,-24,3,-23,1,-22,-1,-19,-1,-20,-1,-21,-2,-19,-4,-17,-4,0,0,0,0,0,0,0,0,0,0]"""
1782031941959,2026-06-21T17:52:21.959,safe,posture,mhw,standing_still,t017,"CSI_DATA,535957,1a:00:00:00:00:00,-44,11,-99,15,29,11,527743049,47,2,256,0,""[0,0,0,0,0,0,0,0,0,0,0,0,1,5,2,8,0,5,0,8,0,7,0,10,0,10,-1,9,-1,10,0,9,0,10,0,11,-1,11,0,11,-2,15,-2,11,-1,17,-2,14,-3,19,-4,19,-3,16,-4,16,-4,15,-4,19,-7,19,-4,19,-5,17,-8,20,-3,16,-5,20,-5,16,-7,23,-8,20,-5,17,-8,21,-5,20,-5,21,-2,23,-3,21,-3,20,-7,23,-1,22,-2,27,-4,24,-5,32,-7,26,-2,28,-8,27,-4,26,-4,28,-1,32,0,29,-5,32,-5,30,0,34,-5,35,-4,34,0,0,0,0,0,0,33,10,29,9,39,9,32,9,28,7,35,9,27,4,36,8,27,9,35,10,33,11,26,10,30,8,24,10,32,8,30,7,30,5,27,5,30,9,24,2,32,3,27,3,33,5,30,8,28,8,29,3,24,7,29,3,32,3,28,4,28,4,32,8,26,2,30,4,29,5,36,8,29,11,28,9,29,13,26,11,24,10,29,9,27,10,22,9,23,16,21,10,24,13,22,15,22,17,15,16,16,16,13,19,13,15,14,15,10,19,10,15,7,17,0,0,0,0,0,0,0,0,0,0]"""
1782031941972,2026-06-21T17:52:21.972,safe,posture,mhw,standing_still,t017,"CSI_DATA,535958,1a:00:00:00:00:00,-44,11,-99,15,29,11,527753695,47,2,256,0,""[0,0,0,0,0,0,0,0,0,0,0,0,5,-2,7,-2,5,-3,7,-3,7,-2,5,-3,9,-3,9,-2,10,-5,9,-4,10,-3,13,-5,11,-5,13,-4,14,-7,13,-5,13,-8,14,-7,14,-7,15,-5,17,-2,15,-9,16,-4,17,-8,17,-9,16,-9,17,-8,20,-9,14,-10,16,-13,19,-10,19,-13,17,-10,16,-13,16,-14,16,-16,15,-14,16,-16,14,-17,13,-17,16,-19,10,-20,14,-22,15,-22,14,-26,15,-21,13,-26,13,-24,10,-24,11,-28,10,-28,9,-28,13,-34,10,-29,9,-32,9,-33,8,-32,0,0,0,0,0,0,-35,-11,-32,-9,-35,-5,-33,-9,-32,-5,-35,-8,-30,-3,-35,-5,-30,-4,-33,-4,-32,-3,-29,-3,-33,0,-29,-1,-30,0,-30,2,-30,3,-28,3,-32,2,-27,5,-30,7,-29,4,-28,7,-28,7,-27,8,-28,10,-27,8,-26,10,-30,10,-26,13,-28,10,-32,13,-23,14,-26,15,-27,11,-30,16,-26,10,-27,15,-27,11,-28,11,-26,10,-26,11,-27,11,-26,11,-27,9,-23,11,-24,9,-23,7,-26,8,-21,4,-22,7,-20,3,-20,3,-19,3,-21,3,-19,1,-19,0,0,0,0,0,0,0,0,0,0,0]"""
1782031941982,2026-06-21T17:52:21.982,safe,posture,mhw,standing_still,t017,"CSI_DATA,535959,1a:00:00:00:00:00,-44,11,-99,17,29,11,527764695,47,2,256,0,""[0,0,0,0,0,0,0,0,0,0,0,0,-5,6,-4,5,-5,4,-5,4,-5,6,-6,4,-5,6,-8,5,-7,6,-8,5,-7,5,-11,5,-11,6,-13,6,-13,6,-13,6,-14,6,-14,4,-14,4,-13,6,-14,3,-17,8,-17,4,-19,2,-17,3,-17,4,-19,2,-21,3,-17,2,-20,3,-20,3,-20,2,-20,3,-20,3,-22,4,-22,5,-21,4,-22,3,-22,3,-22,3,-23,4,-23,5,-25,5,-25,4,-24,5,-24,4,-26,5,-25,6,-28,6,-30,6,-29,5,-31,6,-32,5,-30,4,-31,5,-34,4,-32,4,0,0,0,0,0,0,2,35,0,37,1,34,-1,33,-1,33,-5,34,-2,30,-2,35,-4,32,-2,31,-2,30,-2,30,-1,33,-4,30,-6,29,-3,31,-3,29,-4,30,-4,32,-1,26,1,29,-2,29,-2,28,-2,28,-2,29,0,32,-2,29,-4,29,-5,31,-2,31,-6,29,-6,33,-4,30,-3,30,-7,29,-8,28,-6,29,-7,29,-10,28,-11,29,-12,24,-13,24,-13,25,-14,24,-16,22,-14,21,-14,20,-16,20,-15,16,-15,15,-15,14,-16,12,-17,14,-16,10,-16,8,-19,5,-17,4,0,0,0,0,0,0,0,0,0,0]"""
1782031941995,2026-06-21T17:52:21.995,safe,posture,mhw,standing_still,t017,"CSI_DATA,535960,1a:00:00:00:00:00,-44,11,-99,16,29,11,527776469,47,2,256,0,""[0,0,0,0,0,0,0,0,0,0,0,0,-3,5,-4,5,-4,5,-6,8,-5,4,-6,5,-8,4,-6,6,-8,4,-9,5,-10,5,-10,5,-11,6,-11,6,-12,5,-13,5,-13,5,-15,5,-17,4,-17,3,-18,4,-13,1,-18,3,-18,4,-18,2,-18,3,-19,1,-19,3,-20,0,-19,2,-19,1,-21,0,-23,1,-21,1,-19,0,-21,0,-20,0,-23,2,-23,0,-23,1,-23,1,-24,1,-24,2,-26,3,-26,0,-27,2,-27,-1,-25,1,-27,-1,-27,1,-32,1,-30,0,-32,-1,-33,-2,-33,-2,-32,-4,-33,-2,0,0,0,0,0,0,-9,33,-5,33,-8,33,-8,31,-10,32,-10,30,-10,32,-11,32,-10,31,-11,31,-11,30,-10,28,-13,27,-11,28,-9,28,-10,26,-11,28,-10,28,-10,26,-12,28,-10,26,-9,30,-11,27,-12,27,-11,27,-13,25,-11,27,-11,28,-11,26,-12,27,-15,26,-11,26,-16,25,-15,26,-15,24,-19,25,-19,26,-19,24,-19,21,-20,19,-21,19,-21,19,-23,18,-21,15,-20,13,-23,15,-23,10,-21,12,-23,9,-23,8,-20,4,-19,3,-19,1,-21,1,-20,-1,-17,-1,-17,-3,0,0,0,0,0,0,0,0,0,0]"""
1782031942007,2026-06-21T17:52:22.007,safe,posture,mhw,standing_still,t017,"CSI_DATA,535961,1a:00:00:00:00:00,-44,11,-99,19,28,11,527786702,47,2,256,0,""[0,0,0,0,0,0,0,0,0,0,0,0,-2,-5,-2,-5,-3,-3,-4,-5,-4,-7,-4,-8,-5,-9,-2,-7,-5,-9,-5,-9,-4,-10,-5,-10,-7,-10,-7,-10,-5,-15,-5,-11,-7,-14,-5,-13,-5,-15,-5,-14,-2,-13,-9,-16,-3,-16,-7,-16,-8,-19,-8,-17,-7,-19,-8,-20,-8,-16,-11,-19,-8,-17,-11,-21,-8,-20,-8,-19,-9,-20,-11,-19,-11,-16,-13,-20,-14,-19,-14,-16,-14,-20,-16,-14,-19,-17,-16,-20,-19,-23,-13,-20,-20,-20,-17,-21,-19,-20,-21,-20,-23,-19,-23,-19,-24,-22,-21,-21,-27,-17,-26,-23,-26,-19,0,0,0,0,0,0,-26,27,-22,22,-26,29,-23,23,-21,21,-24,27,-19,21,-23,29,-19,22,-23,26,-22,24,-21,20,-19,27,-20,20,-17,24,-19,26,-14,26,-16,23,-19,26,-13,23,-11,29,-15,24,-15,27,-14,27,-15,23,-11,27,-13,24,-9,27,-10,29,-9,26,-11,26,-15,29,-8,26,-10,29,-13,27,-15,33,-15,26,-11,26,-15,26,-14,26,-14,23,-11,24,-14,26,-13,22,-17,21,-11,22,-16,23,-16,20,-20,21,-14,14,-17,16,-17,13,-16,13,-16,13,-16,11,-16,11,-17,8,0,0,0,0,0,0,0,0,0,0]"""
1782031942016,2026-06-21T17:52:22.016,safe,posture,mhw,standing_still,t017,"CSI_DATA,535962,1a:00:00:00:00:00,-44,11,-99,15,29,11,527798277,47,2,256,0,""[0,0,0,0,0,0,0,0,0,0,0,0,-1,-7,1,-5,-1,-9,2,-7,0,-8,0,-5,0,-8,1,-10,1,-9,1,-11,2,-10,2,-13,1,-13,2,-14,4,-11,4,-17,3,-14,5,-16,5,-13,5,-13,9,-17,5,-15,7,-20,5,-17,7,-17,5,-17,7,-20,5,-16,9,-20,5,-19,8,-20,5,-17,5,-20,8,-20,4,-21,4,-22,4,-22,4,-21,7,-23,5,-24,1,-22,5,-27,4,-23,0,-26,0,-20,0,-28,3,-27,-2,-27,0,-29,1,-30,4,-26,3,-30,3,-30,2,-35,2,-34,2,-32,1,-35,0,0,0,0,0,0,-33,-3,-38,-3,-29,-2,-34,-2,-39,-3,-29,-3,-36,-3,-29,-2,-34,-1,-29,-1,-29,-1,-33,-1,-30,0,-33,2,-28,-2,-29,1,-33,2,-32,2,-27,1,-35,1,-27,2,-30,4,-23,3,-26,4,-30,4,-28,4,-33,5,-28,3,-30,3,-30,5,-32,5,-26,7,-34,4,-30,3,-30,3,-24,2,-32,4,-29,1,-29,5,-29,1,-30,-1,-27,-2,-28,-3,-30,-3,-24,-2,-28,-3,-23,-8,-26,-3,-17,-4,-23,-5,-21,-7,-22,-7,-20,-8,-19,-9,-16,-9,-15,-10,-14,-10,0,0,0,0,0,0,0,0,0,0]"""
1782031942029,2026-06-21T17:52:22.029,safe,posture,mhw,standing_still,t017,"CSI_DATA,535963,1a:00:00:00:00:00,-44,11,-99,19,28,11,527808695,47,2,256,0,""[0,0,0,0,0,0,0,0,0,0,0,0,0,-7,2,-8,1,-4,2,-8,2,-7,2,-8,3,-9,4,-7,3,-10,4,-9,3,-13,4,-10,4,-11,4,-11,8,-13,3,-13,8,-15,7,-14,8,-16,10,-13,13,-9,7,-14,10,-14,9,-17,10,-17,9,-15,10,-16,13,-17,9,-15,9,-17,10,-16,11,-21,13,-16,10,-16,11,-17,11,-19,9,-19,7,-24,9,-20,7,-20,11,-21,4,-22,7,-24,8,-24,11,-29,11,-22,9,-26,11,-24,8,-24,10,-28,7,-32,5,-29,11,-30,10,-29,7,-34,9,-35,13,-32,0,0,0,0,0,0,-33,-15,-32,-13,-35,-14,-32,-14,-27,-11,-33,-15,-27,-11,-34,-14,-28,-9,-33,-15,-30,-16,-23,-14,-29,-11,-24,-14,-30,-11,-28,-9,-29,-9,-27,-7,-29,-14,-24,-5,-30,-5,-28,-7,-30,-8,-29,-9,-26,-11,-28,-8,-24,-9,-30,-4,-29,-5,-28,-5,-28,-7,-29,-10,-27,-3,-29,-5,-28,-8,-35,-10,-27,-14,-27,-11,-28,-15,-27,-13,-23,-11,-28,-11,-26,-11,-22,-11,-23,-17,-22,-9,-24,-13,-20,-16,-21,-19,-14,-17,-15,-17,-8,-17,-11,-15,-9,-16,-13,-15,-10,-14,-7,-16,0,0,0,0,0,0,0,0,0,0]"""
1782031942038,2026-06-21T17:52:22.038,safe,posture,mhw,standing_still,t017,"CSI_DATA,535964,1a:00:00:00:00:00,-44,11,-99,16,29,11,527819695,47,2,256,0,""[0,0,0,0,0,0,0,0,0,0,0,0,-4,-4,-4,-4,-4,-4,-4,-6,-4,-4,-6,-5,-6,-6,-3,-8,-6,-8,-5,-6,-6,-8,-9,-8,-9,-9,-10,-9,-10,-11,-9,-9,-11,-10,-9,-10,-10,-11,-13,-11,-10,-9,-12,-12,-11,-11,-13,-12,-13,-12,-15,-12,-12,-13,-16,-13,-13,-9,-18,-10,-15,-12,-20,-13,-18,-11,-17,-11,-18,-10,-20,-9,-17,-8,-20,-8,-21,-8,-21,-5,-24,-9,-21,-3,-26,-4,-25,-4,-28,-4,-25,-4,-28,-1,-27,-1,-26,-1,-31,-1,-30,0,-31,3,-33,1,-30,2,-31,4,-35,3,-32,3,0,0,0,0,0,0,4,35,5,32,9,35,5,33,6,28,6,34,8,28,10,33,9,28,11,33,11,30,8,27,15,30,11,26,13,26,16,26,16,25,15,24,17,28,17,18,19,24,17,24,20,20,19,20,19,21,24,20,18,19,21,17,23,18,25,17,21,18,25,23,24,12,25,15,23,18,30,18,23,18,26,16,24,18,23,17,23,16,24,16,24,15,21,13,19,18,20,12,21,16,17,17,19,19,15,16,17,16,12,16,15,15,12,16,11,15,11,13,9,16,0,0,0,0,0,0,0,0,0,0]"""
1782031942049,2026-06-21T17:52:22.049,safe,posture,mhw,standing_still,t017,"CSI_DATA,535965,1a:00:00:00:00:00,-44,11,-99,15,29,11,527830695,47,2,256,0,""[0,0,0,0,0,0,0,0,0,0,0,0,2,5,3,7,2,5,2,8,3,7,3,8,3,10,2,9,3,9,3,9,5,11,4,13,7,13,5,11,7,14,4,10,5,17,5,14,8,16,4,17,3,16,7,15,7,16,9,16,8,19,8,15,7,16,8,19,7,14,13,17,9,16,14,22,9,20,11,17,10,20,13,17,11,16,17,16,17,14,16,14,17,19,17,10,23,14,21,16,27,19,17,15,23,14,22,19,23,14,24,14,30,13,27,10,28,16,27,13,32,9,33,11,30,11,0,0,0,0,0,0,14,-34,10,-28,14,-39,11,-29,10,-26,11,-34,7,-26,10,-35,7,-27,10,-34,9,-33,9,-27,3,-29,4,-27,2,-32,1,-30,1,-28,-1,-27,2,-30,-2,-24,-4,-30,-2,-28,-4,-33,-1,-30,-2,-28,-4,-30,-2,-26,-8,-28,-8,-28,-8,-27,-5,-26,-5,-30,-10,-22,-11,-29,-9,-28,-10,-36,-4,-29,-9,-29,-5,-30,-7,-27,-7,-26,-9,-28,-8,-27,-7,-22,-3,-28,-7,-22,-7,-24,-3,-23,-3,-30,1,-21,-2,-24,3,-20,0,-20,1,-17,0,-21,1,-20,3,-19,0,0,0,0,0,0,0,0,0,0]"""
1782031942060,2026-06-21T17:52:22.060,safe,posture,mhw,standing_still,t017,"CSI_DATA,535966,1a:00:00:00:00:00,-44,11,-99,15,29,11,527841695,47,2,256,0,""[0,0,0,0,0,0,0,0,0,0,0,0,3,-3,2,-8,1,-5,2,-7,2,-7,3,-8,3,-9,5,-7,3,-10,4,-9,4,-10,3,-13,3,-13,3,-13,5,-15,3,-11,3,-15,4,-11,5,-17,5,-16,5,-11,5,-19,7,-14,7,-17,5,-20,5,-19,5,-17,5,-21,5,-16,4,-21,5,-17,3,-23,5,-19,4,-21,4,-20,3,-21,1,-17,-1,-23,1,-22,0,-22,1,-23,-4,-21,-3,-28,-2,-26,-3,-30,-1,-23,-5,-28,-2,-27,-5,-24,-7,-29,-11,-29,-11,-28,-9,-33,-8,-29,-11,-32,-11,-33,-9,-30,0,0,0,0,0,0,-34,9,-28,9,-34,15,-32,8,-28,8,-35,13,-27,11,-34,14,-24,10,-33,15,-29,14,-28,11,-29,15,-23,11,-27,15,-24,17,-24,17,-21,17,-28,15,-19,15,-22,21,-21,16,-23,23,-22,19,-21,17,-21,20,-19,16,-19,22,-20,23,-20,22,-17,20,-24,24,-14,21,-17,27,-19,22,-22,27,-21,19,-19,23,-21,20,-19,20,-19,19,-20,22,-19,22,-16,19,-20,19,-15,19,-20,20,-19,14,-23,17,-19,11,-20,14,-19,8,-17,9,-17,5,-17,10,-15,8,-17,7,0,0,0,0,0,0,0,0,0,0]"""
1782031942071,2026-06-21T17:52:22.071,safe,posture,mhw,standing_still,t017,"CSI_DATA,535967,1a:00:00:00:00:00,-44,11,-99,15,29,11,527852695,47,2,256,0,""[0,0,0,0,0,0,0,0,0,0,0,0,-5,4,-3,4,-4,5,-5,4,-4,4,-7,5,-8,4,-7,8,-7,5,-9,8,-9,5,-9,5,-10,7,-10,5,-11,4,-14,4,-14,7,-14,4,-15,4,-15,4,-16,3,-15,4,-17,4,-19,3,-17,4,-19,3,-20,2,-19,3,-21,1,-20,1,-20,1,-21,1,-22,2,-23,2,-21,2,-22,3,-21,3,-23,1,-24,2,-24,3,-22,2,-24,-1,-26,-1,-24,2,-23,0,-28,2,-26,1,-27,4,-29,-1,-28,1,-30,0,-29,0,-32,-1,-34,-2,-34,-1,-33,-2,-34,-4,0,0,0,0,0,0,-7,32,-7,34,-5,34,-9,34,-9,33,-10,30,-10,33,-13,29,-11,30,-14,29,-11,29,-9,29,-11,27,-9,28,-10,28,-10,29,-9,29,-10,26,-10,24,-14,27,-11,27,-10,27,-11,27,-11,26,-10,28,-14,24,-10,27,-10,27,-13,26,-13,28,-14,27,-13,26,-19,26,-16,24,-16,23,-19,24,-20,26,-19,21,-20,22,-22,19,-21,19,-22,17,-23,16,-22,16,-21,15,-23,11,-24,9,-22,10,-21,7,-23,7,-22,5,-21,3,-20,0,-21,2,-19,-2,-19,-3,-17,-3,0,0,0,0,0,0,0,0,0,0]"""
1782031942082,2026-06-21T17:52:22.082,safe,posture,mhw,standing_still,t017,"CSI_DATA,535968,1a:00:00:00:00:00,-44,11,-99,15,29,11,527863695,47,2,256,0,""[0,0,0,0,0,0,0,0,0,0,0,0,-2,7,-2,3,-2,7,-3,7,-3,7,-3,8,-3,7,-3,9,-3,11,-2,11,-3,10,-3,13,-4,11,-4,11,-5,14,-4,14,-3,13,-4,16,-2,14,-3,16,-4,17,-2,17,-2,20,-3,16,-4,19,-1,17,-3,20,-1,20,-1,20,0,20,0,21,1,20,3,17,5,20,5,21,8,22,7,21,5,21,8,20,11,23,11,22,13,23,11,22,16,21,15,17,19,17,20,17,22,16,23,19,24,20,20,19,27,20,28,20,27,17,28,19,28,16,29,14,0,0,0,0,0,0,14,-33,17,-32,10,-28,10,-32,11,-35,13,-29,11,-33,7,-32,9,-32,5,-28,3,-28,3,-30,0,-35,0,-32,3,-28,-1,-29,-4,-30,-3,-30,-2,-30,-5,-29,-9,-27,-7,-30,-8,-22,-13,-23,-11,-26,-15,-28,-15,-27,-14,-24,-15,-27,-17,-23,-15,-27,-17,-26,-19,-24,-19,-24,-17,-24,-19,-21,-19,-20,-22,-21,-23,-20,-21,-22,-21,-21,-17,-22,-19,-21,-19,-22,-17,-21,-19,-19,-15,-19,-16,-21,-14,-15,-15,-16,-15,-16,-14,-15,-15,-17,-11,-17,-8,-14,-9,-16,-8,-16,0,0,0,0,0,0,0,0,0,0]"""
1782031942093,2026-06-21T17:52:22.093,safe,posture,mhw,standing_still,t017,"CSI_DATA,535969,1a:00:00:00:00:00,-44,11,-99,15,29,11,527874695,47,2,256,0,""[0,0,0,0,0,0,0,0,0,0,0,0,-2,-5,-1,-9,0,-5,0,-8,-3,-7,-1,-9,-1,-11,0,-7,-2,-9,-1,-10,-3,-13,-3,-11,-3,-13,-4,-13,-3,-14,-3,-11,-4,-14,-4,-14,-5,-16,-4,-19,-5,-17,-5,-15,-5,-16,-9,-16,-7,-17,-8,-17,-7,-16,-5,-17,-8,-14,-14,-17,-10,-16,-14,-21,-11,-19,-14,-17,-13,-16,-13,-15,-13,-15,-20,-15,-16,-14,-16,-10,-19,-14,-20,-7,-23,-9,-24,-10,-28,-13,-22,-13,-26,-10,-24,-10,-22,-7,-26,-8,-34,-5,-29,-3,-30,-7,-32,-4,-32,-1,-34,-4,-33,-2,0,0,0,0,0,0,0,34,1,30,1,40,1,36,1,28,3,36,4,28,7,35,5,27,5,36,5,32,4,28,8,29,8,28,13,30,13,28,15,26,11,23,14,27,15,21,20,24,19,22,23,26,19,24,16,22,19,21,19,21,24,19,22,19,22,17,20,19,23,21,22,13,27,14,26,13,32,21,24,19,26,16,24,20,21,15,20,15,27,15,23,15,20,11,21,14,21,10,26,14,21,14,22,17,16,14,17,15,13,15,14,14,11,14,17,14,13,13,13,16,0,0,0,0,0,0,0,0,0,0]"""
1782031942102,2026-06-21T17:52:22.102,safe,posture,mhw,standing_still,t017,"CSI_DATA,535970,1a:00:00:00:00:00,-44,11,-99,15,29,11,527885695,47,2,256,0,""[0,0,0,0,0,0,0,0,0,0,0,0,1,5,1,7,0,8,0,9,0,9,2,8,1,9,0,9,0,10,0,10,-2,11,0,10,0,13,-3,14,-3,14,-2,15,-3,14,-3,16,-2,13,-4,17,-4,19,-3,16,-5,20,-5,16,-7,17,-5,17,-7,17,-7,19,-7,20,-4,19,-7,17,-4,20,-7,19,-3,20,-4,20,-5,23,-5,22,-5,21,-5,21,-5,23,-5,23,-5,24,-5,24,-4,27,-3,22,-2,24,-2,27,-1,28,-2,28,-3,30,-2,28,-4,32,-4,30,-4,30,-4,33,-4,32,-4,34,0,0,0,0,0,0,34,7,38,9,30,5,33,5,36,8,29,9,34,9,30,7,32,10,28,5,27,4,29,7,33,4,33,5,27,8,29,5,30,5,30,5,29,7,32,3,28,3,30,7,26,1,27,2,28,2,32,1,30,3,28,4,30,3,30,3,30,4,30,4,33,2,29,4,30,7,27,5,29,3,27,4,29,5,30,8,29,9,24,11,27,10,26,14,26,11,24,13,21,13,21,13,17,11,19,11,19,13,19,11,15,14,15,15,9,15,10,16,9,16,0,0,0,0,0,0,0,0,0,0]"""
1782031942117,2026-06-21T17:52:22.117,safe,posture,mhw,standing_still,t017,"CSI_DATA,535971,1a:00:00:00:00:00,-44,11,-99,16,29,11,527896695,47,2,256,0,""[0,0,0,0,0,0,0,0,0,0,0,0,0,-5,-1,-6,0,-6,0,-6,0,-8,1,-8,0,-8,1,-9,1,-10,1,-9,3,-10,2,-12,2,-12,3,-13,4,-13,3,-13,3,-13,4,-13,4,-15,3,-12,5,-12,3,-19,8,-16,6,-15,8,-17,8,-17,11,-18,10,-18,9,-17,8,-19,9,-17,9,-18,8,-19,6,-19,9,-20,9,-21,9,-20,9,-19,9,-20,8,-20,9,-21,8,-23,8,-24,10,-24,9,-24,8,-21,8,-24,8,-27,8,-27,8,-27,10,-27,11,-28,12,-30,12,-28,11,-31,13,-32,11,-32,0,0,0,0,0,0,-32,-15,-31,-17,-30,-13,-32,-16,-31,-16,-27,-18,-28,-16,-28,-17,-28,-16,-28,-16,-26,-15,-25,-16,-31,-13,-26,-15,-24,-16,-26,-15,-27,-13,-26,-15,-25,-15,-26,-10,-26,-11,-27,-13,-24,-11,-25,-11,-25,-11,-28,-10,-25,-13,-24,-12,-28,-15,-26,-12,-25,-15,-28,-15,-27,-12,-26,-12,-25,-15,-25,-15,-24,-15,-25,-15,-25,-16,-25,-17,-20,-18,-19,-18,-19,-19,-19,-20,-17,-20,-17,-18,-16,-20,-12,-20,-11,-20,-10,-18,-11,-18,-8,-20,-8,-19,-5,-19,-4,-18,-3,-17,0,-18,0,0,0,0,0,0,0,0,0,0]"""
1782031942126,2026-06-21T17:52:22.126,safe,posture,mhw,standing_still,t017,"CSI_DATA,535972,1a:00:00:00:00:00,-44,11,-99,20,28,11,527907695,47,2,256,0,""[0,0,0,0,0,0,0,0,0,0,0,0,-4,-2,-6,-3,-6,-3,-8,-2,-9,-3,-8,-2,-8,-3,-8,-3,-9,-2,-10,-3,-9,-5,-10,-5,-10,-4,-12,-4,-12,-6,-13,-5,-13,-5,-15,-6,-13,-5,-17,-5,-17,-4,-17,-6,-17,-5,-15,-9,-19,-6,-17,-6,-17,-8,-19,-5,-18,-5,-18,-4,-18,-6,-18,-4,-19,-3,-20,-3,-21,-2,-24,-2,-21,-2,-21,-1,-21,0,-25,-1,-25,0,-26,2,-25,3,-27,1,-25,4,-23,3,-26,6,-25,5,-28,8,-30,9,-28,6,-32,9,-33,8,-28,10,-31,9,-31,12,-31,12,0,0,0,0,0,0,10,33,12,34,11,31,12,32,13,32,10,33,13,30,13,30,13,32,15,27,16,25,15,26,19,27,18,26,13,25,17,25,18,23,18,24,18,25,21,21,21,20,21,24,19,17,20,17,23,18,26,18,24,18,20,18,25,19,23,16,25,18,26,18,24,16,25,16,25,18,25,15,23,15,26,13,24,15,26,17,25,16,21,17,24,16,21,18,23,19,21,17,18,17,18,17,16,18,17,16,16,15,15,16,17,17,12,17,10,13,10,16,9,16,0,0,0,0,0,0,0,0,0,0]"""
1782031942137,2026-06-21T17:52:22.137,safe,posture,mhw,standing_still,t017,"CSI_DATA,535973,1a:00:00:00:00:00,-44,11,-99,20,28,11,527918695,47,2,256,0,""[0,0,0,0,0,0,0,0,0,0,0,0,1,5,-1,4,0,8,1,8,-1,6,-1,8,1,8,-1,11,-1,10,-1,11,-1,9,-2,12,-2,12,-2,12,-2,12,-1,18,-1,15,-1,17,-1,15,-1,15,-3,19,-2,16,-2,19,-3,17,-3,19,-2,18,-4,20,-2,19,-1,23,-2,18,-1,19,0,18,1,19,0,19,1,23,2,21,2,24,2,20,1,23,5,25,5,21,6,26,5,23,9,25,5,20,12,24,6,26,13,25,11,26,11,28,8,24,9,28,10,30,15,32,15,30,13,28,18,26,0,0,0,0,0,0,31,-16,36,-17,26,-13,28,-18,35,-18,26,-16,32,-19,26,-13,30,-17,24,-13,25,-16,26,-17,26,-18,27,-20,24,-16,23,-17,23,-20,23,-19,19,-18,26,-24,18,-19,20,-23,16,-17,17,-20,19,-24,18,-23,19,-25,18,-21,19,-24,17,-25,19,-26,13,-24,21,-26,17,-24,16,-25,15,-19,15,-25,18,-24,16,-25,18,-23,19,-23,20,-19,20,-20,21,-23,17,-19,20,-19,17,-15,19,-19,15,-12,17,-16,17,-13,15,-15,18,-11,17,-12,17,-9,17,-6,18,-4,0,0,0,0,0,0,0,0,0,0]"""
1782031942148,2026-06-21T17:52:22.148,safe,posture,mhw,standing_still,t017,"CSI_DATA,535974,1a:00:00:00:00:00,-44,11,-99,15,29,11,527929695,47,2,256,0,""[0,0,0,0,0,0,0,0,0,0,0,0,-1,5,-2,8,-1,4,-3,7,-3,7,-4,8,-7,7,-5,7,-7,9,-5,7,-7,8,-7,9,-7,9,-9,9,-11,10,-8,9,-11,10,-10,9,-14,9,-16,9,-16,10,-14,8,-13,7,-15,9,-15,9,-16,8,-16,5,-20,8,-14,7,-19,8,-19,5,-23,9,-21,5,-19,8,-21,5,-21,7,-17,5,-21,11,-19,8,-19,9,-21,5,-19,9,-24,11,-23,7,-32,9,-24,5,-27,9,-26,4,-26,7,-29,5,-30,10,-28,11,-32,8,-30,4,-32,9,-35,4,-33,2,0,0,0,0,0,0,0,35,0,33,0,39,-1,34,0,29,-2,35,1,28,-4,38,-1,28,-5,36,-5,33,-5,28,-3,30,-7,27,-5,32,-3,29,-2,30,-2,27,-7,32,-2,24,-3,32,-4,27,-4,33,-7,29,-8,27,-7,28,-8,24,-5,30,-5,29,-5,28,-8,27,-11,29,-5,24,-8,30,-10,27,-15,34,-16,26,-16,24,-19,23,-17,21,-15,21,-16,24,-17,21,-15,20,-21,16,-14,17,-21,17,-20,13,-26,13,-21,8,-20,8,-20,5,-20,5,-19,3,-21,5,-19,4,-17,0,0,0,0,0,0,0,0,0,0,0]"""
1782031942158,2026-06-21T17:52:22.158,safe,posture,mhw,standing_still,t017,"CSI_DATA,535975,1a:00:00:00:00:00,-44,11,-99,15,29,11,527940695,47,2,256,0,""[0,0,0,0,0,0,0,0,0,0,0,0,-4,3,-5,5,-4,5,-4,7,-4,7,-5,8,-7,8,-7,5,-7,4,-7,8,-7,9,-7,9,-5,10,-7,10,-9,11,-7,10,-9,13,-8,11,-11,14,-9,14,-9,9,-7,15,-9,13,-9,17,-9,16,-8,16,-7,17,-8,17,-5,16,-7,21,-5,17,-8,24,-7,20,-5,21,-5,21,-3,20,-2,21,2,24,1,22,2,20,2,23,5,20,5,23,8,24,8,30,5,26,10,26,8,28,9,22,13,24,19,27,15,23,16,28,15,28,21,24,19,27,20,28,0,0,0,0,0,0,26,-23,21,-22,26,-28,24,-22,19,-19,22,-28,19,-23,21,-28,16,-23,22,-28,17,-27,17,-26,16,-24,13,-24,14,-30,9,-29,8,-29,4,-26,9,-27,5,-27,2,-30,3,-29,3,-33,3,-30,2,-28,2,-28,0,-27,-5,-30,-4,-29,-4,-29,-2,-26,-4,-30,-7,-26,-9,-29,-7,-29,-8,-36,-3,-30,-7,-28,-5,-30,-4,-26,-5,-26,-11,-29,-8,-27,-8,-23,-5,-24,-8,-22,-8,-26,-7,-22,-7,-29,-3,-22,-3,-22,-1,-19,-3,-19,-1,-20,-3,-20,-1,-17,-2,-17,0,0,0,0,0,0,0,0,0,0]"""
1782031942169,2026-06-21T17:52:22.169,safe,posture,mhw,standing_still,t017,"CSI_DATA,535976,1a:00:00:00:00:00,-44,11,-99,15,29,11,527951773,47,2,256,0,""[0,0,0,0,0,0,0,0,0,0,0,0,5,0,4,1,8,0,7,1,9,0,8,1,8,2,10,1,9,2,11,1,10,1,11,2,11,2,11,2,11,3,14,5,15,4,15,5,13,4,14,7,19,8,14,7,17,4,17,4,19,5,16,5,19,5,16,7,19,10,17,8,20,7,17,8,21,7,19,7,20,7,21,7,21,7,22,7,22,7,24,5,23,3,24,8,23,8,24,3,22,5,28,1,26,7,28,2,28,5,28,3,28,4,28,5,30,5,35,4,33,5,30,3,34,5,0,0,0,0,0,0,8,-32,5,-35,5,-32,8,-32,8,-34,8,-33,9,-34,7,-32,8,-34,7,-29,7,-29,5,-32,8,-28,4,-32,4,-29,2,-30,2,-32,3,-29,3,-28,4,-32,2,-28,2,-30,2,-26,0,-28,1,-30,3,-28,0,-32,-1,-28,0,-30,-1,-30,-1,-29,-1,-27,4,-33,2,-28,1,-29,4,-28,2,-33,4,-29,3,-29,7,-29,5,-29,7,-28,5,-28,8,-28,8,-26,11,-23,13,-22,8,-24,9,-19,11,-20,11,-17,11,-17,14,-16,13,-16,13,-14,13,-11,14,-11,0,0,0,0,0,0,0,0,0,0]"""
1782031942182,2026-06-21T17:52:22.182,safe,posture,mhw,standing_still,t017,"CSI_DATA,535977,1a:00:00:00:00:00,-44,11,-99,15,29,11,527962695,47,2,256,0,""[0,0,0,0,0,0,0,0,0,0,0,0,-1,-5,-1,-7,-1,-7,-1,-7,-1,-7,-1,-8,-3,-10,-2,-9,-2,-9,-3,-10,-3,-13,-2,-11,-4,-10,-4,-10,-3,-11,-3,-14,-3,-15,-5,-14,-4,-16,-5,-14,-5,-15,-4,-14,-5,-16,-7,-17,-5,-19,-7,-17,-7,-17,-9,-17,-8,-20,-9,-16,-9,-15,-11,-19,-13,-19,-10,-17,-15,-16,-11,-16,-14,-17,-16,-17,-16,-16,-16,-15,-19,-14,-19,-17,-20,-15,-22,-13,-19,-15,-23,-14,-23,-13,-24,-10,-23,-13,-24,-11,-29,-13,-27,-13,-28,-11,-30,-13,-32,-11,-30,-10,-32,-8,0,0,0,0,0,0,-7,33,-9,36,-4,34,-5,33,-5,33,-4,32,-4,33,-4,33,-1,33,-2,33,-1,33,3,32,-1,28,2,30,2,32,3,28,5,30,5,28,7,27,5,29,8,28,10,27,10,26,9,28,14,28,10,27,13,28,15,26,14,27,16,26,15,26,17,24,15,27,16,24,17,23,15,27,19,26,17,26,16,24,14,24,15,23,15,23,14,24,13,22,14,21,11,23,11,23,14,20,10,22,10,21,8,20,9,21,8,19,7,21,7,19,4,19,4,16,0,0,0,0,0,0,0,0,0,0]"""
1782031942192,2026-06-21T17:52:22.192,safe,posture,mhw,standing_still,t017,"CSI_DATA,535978,1a:00:00:00:00:00,-44,11,-99,16,29,11,527973695,47,2,256,0,""[0,0,0,0,0,0,0,0,0,0,0,0,-4,5,-3,4,-4,6,-4,6,-4,6,-5,6,-4,6,-5,6,-4,6,-4,10,-4,10,-5,8,-6,10,-8,11,-8,10,-10,11,-8,13,-9,12,-9,11,-10,13,-9,18,-9,11,-9,17,-8,16,-9,15,-9,16,-10,16,-8,16,-11,18,-9,17,-9,19,-8,17,-8,20,-8,17,-4,20,-6,20,-5,21,-5,21,-6,23,-3,24,-2,24,-4,24,-4,25,0,24,-2,23,1,27,-1,26,4,26,2,28,1,27,1,28,1,30,3,32,3,32,4,32,4,32,6,33,0,0,0,0,0,0,32,-10,35,-8,30,-10,32,-10,34,-11,30,-10,34,-9,31,-10,31,-12,30,-10,28,-13,30,-15,30,-12,27,-16,26,-13,25,-15,25,-17,25,-17,21,-16,25,-18,21,-18,23,-20,19,-18,19,-21,19,-23,19,-20,19,-23,18,-23,19,-21,18,-24,19,-23,15,-24,20,-24,17,-24,16,-24,18,-23,17,-27,18,-24,13,-24,18,-21,16,-21,18,-21,20,-20,18,-23,16,-20,19,-19,18,-16,16,-19,15,-15,17,-19,16,-13,15,-16,15,-11,18,-13,15,-10,16,-10,16,-8,0,0,0,0,0,0,0,0,0,0]"""
1782031942202,2026-06-21T17:52:22.202,safe,posture,mhw,standing_still,t017,"CSI_DATA,535979,1a:00:00:00:00:00,-44,11,-99,16,29,11,527984695,47,2,256,0,""[0,0,0,0,0,0,0,0,0,0,0,0,-4,3,-3,5,-3,3,-6,6,-5,4,-8,6,-8,6,-6,5,-8,4,-8,3,-8,6,-9,5,-10,4,-10,5,-12,5,-10,8,-13,6,-13,8,-16,6,-18,4,-17,5,-17,4,-15,2,-17,4,-18,4,-17,3,-17,3,-20,3,-16,3,-19,6,-18,5,-25,5,-20,1,-19,2,-21,1,-20,1,-19,2,-21,6,-20,4,-18,4,-23,2,-20,8,-24,8,-25,4,-31,6,-24,2,-27,5,-28,1,-25,5,-28,3,-31,10,-27,5,-32,4,-31,3,-32,9,-34,5,-34,2,0,0,0,0,0,0,1,36,0,31,1,39,0,34,0,28,-2,35,0,28,-1,35,0,28,-4,34,-5,33,-5,26,-3,32,-3,27,-3,31,-2,30,-1,30,-1,27,-3,31,0,26,1,31,-1,28,-1,31,-4,30,-4,26,-4,30,-5,25,0,30,-2,28,-2,30,-3,27,-5,30,-1,26,-1,31,-4,27,-8,36,-11,28,-9,26,-12,28,-11,25,-11,24,-10,28,-12,25,-11,23,-16,20,-10,21,-15,23,-16,19,-21,19,-17,12,-18,13,-18,11,-16,9,-18,8,-18,11,-16,8,-17,5,0,0,0,0,0,0,0,0,0,0]"""
1782031942213,2026-06-21T17:52:22.213,safe,posture,mhw,standing_still,t017,"CSI_DATA,535980,1a:00:00:00:00:00,-44,11,-99,16,29,11,527995695,47,2,256,0,""[0,0,0,0,0,0,0,0,0,0,0,0,-6,0,-5,0,-6,0,-6,0,-9,-1,-6,-1,-6,0,-10,2,-9,-2,-11,0,-12,0,-10,0,-11,-1,-13,-1,-11,-2,-17,-2,-13,0,-17,-1,-13,0,-15,-3,-20,-2,-16,-2,-20,0,-18,-2,-18,-3,-17,-1,-20,-3,-17,-2,-23,-2,-18,-2,-20,0,-16,-1,-20,1,-20,0,-21,2,-23,2,-23,3,-21,1,-23,3,-24,3,-21,6,-25,3,-23,3,-26,6,-18,4,-25,10,-26,6,-24,12,-28,10,-28,10,-25,10,-30,11,-30,9,-32,12,-31,11,-26,13,-31,12,0,0,0,0,0,0,12,28,15,35,12,24,13,32,15,35,10,27,16,34,12,26,16,32,12,24,15,24,16,25,17,26,20,26,16,24,17,24,21,23,19,24,17,21,20,26,18,21,21,24,17,17,20,19,20,20,21,19,25,20,21,18,23,18,26,19,23,20,21,16,25,24,20,19,23,19,18,16,24,19,23,19,26,18,23,19,21,20,16,20,18,20,20,21,17,17,16,24,11,20,16,20,10,16,13,19,11,19,13,17,10,19,11,18,6,17,6,17,5,16,0,0,0,0,0,0,0,0,0,0]"""
1782031942225,2026-06-21T17:52:22.225,safe,posture,mhw,standing_still,t017,"CSI_DATA,535981,1a:00:00:00:00:00,-44,11,-99,15,29,11,528007172,47,2,256,0,""[0,0,0,0,0,0,0,0,0,0,0,0,-5,3,-5,3,-5,4,-7,3,-5,5,-8,4,-7,5,-7,7,-8,7,-7,9,-8,5,-9,8,-8,9,-10,8,-9,8,-10,10,-8,11,-13,10,-9,10,-9,9,-11,10,-10,16,-10,14,-11,14,-11,14,-9,16,-13,16,-10,17,-10,16,-8,17,-9,17,-5,15,-7,20,-5,21,-3,21,-3,23,-3,22,-4,22,-2,21,-2,24,0,24,2,27,2,23,3,26,4,23,7,23,9,26,11,26,11,28,10,28,10,27,10,29,15,30,14,27,15,30,19,27,22,28,0,0,0,0,0,0,27,-23,32,-21,23,-20,23,-26,27,-27,24,-21,23,-24,22,-23,22,-24,16,-22,16,-26,15,-27,13,-30,11,-29,15,-26,13,-28,9,-29,10,-29,9,-29,5,-32,3,-28,4,-30,2,-23,1,-28,1,-28,-4,-30,0,-30,0,-27,-2,-32,-7,-28,-3,-32,-5,-29,-7,-32,-5,-29,-5,-29,-7,-24,-9,-27,-10,-27,-13,-27,-10,-29,-10,-26,-5,-26,-7,-27,-7,-28,-7,-26,-8,-26,-7,-23,-7,-24,-5,-21,-4,-21,-8,-20,-8,-20,-8,-20,-7,-21,-2,-17,-3,-19,-1,-17,0,0,0,0,0,0,0,0,0,0]"""
1782031942237,2026-06-21T17:52:22.237,safe,posture,mhw,standing_still,t017,"CSI_DATA,535982,1a:00:00:00:00:00,-44,11,-99,16,29,11,528017695,47,2,256,0,""[0,0,0,0,0,0,0,0,0,0,0,0,-3,-5,-2,-5,-2,-8,-1,-8,-2,-5,-2,-8,-1,-8,-3,-9,-2,-9,-3,-11,-3,-11,-2,-10,-3,-12,-2,-12,-2,-11,-2,-16,-3,-15,-1,-16,-1,-13,-3,-15,-4,-16,-1,-17,-2,-18,-1,-17,0,-18,-1,-18,-1,-20,-2,-18,0,-23,-1,-19,-1,-19,-1,-18,-4,-21,-3,-20,-4,-19,-4,-20,-3,-23,-4,-21,-2,-23,-5,-24,-6,-20,-3,-25,-4,-24,-9,-24,-6,-19,-12,-26,-9,-24,-13,-23,-10,-25,-10,-27,-9,-28,-6,-28,-10,-28,-11,-31,-10,-31,-10,-28,-12,-32,0,0,0,0,0,0,-28,12,-33,13,-26,10,-32,12,-35,13,-26,9,-35,11,-30,11,-32,11,-28,10,-28,13,-28,15,-28,11,-30,15,-27,12,-26,13,-28,13,-27,15,-21,12,-28,13,-24,15,-26,16,-23,15,-24,16,-24,17,-23,15,-25,19,-25,18,-25,16,-25,18,-26,17,-23,17,-30,16,-24,15,-24,17,-24,13,-24,19,-24,15,-23,18,-26,13,-26,13,-24,11,-26,9,-26,9,-25,10,-27,5,-25,2,-25,6,-20,3,-24,5,-23,1,-21,4,-19,1,-21,-1,-18,-1,-18,-3,-17,-4,0,0,0,0,0,0,0,0,0,0]"""
1782031942246,2026-06-21T17:52:22.246,safe,posture,mhw,standing_still,t017,"CSI_DATA,535983,1a:00:00:00:00:00,-44,11,-99,15,29,11,528028695,47,2,256,0,""[0,0,0,0,0,0,0,0,0,0,0,0,7,0,7,1,5,1,7,0,7,0,10,1,10,1,8,2,10,2,9,3,11,2,10,1,13,2,13,2,14,4,11,4,16,3,13,3,16,7,17,7,15,4,17,8,13,8,17,5,17,7,16,7,15,4,19,9,16,5,20,8,19,7,22,10,19,11,19,9,21,10,17,9,19,5,23,5,20,5,21,3,21,7,22,3,26,4,24,5,30,7,26,10,26,7,27,9,26,5,28,5,33,4,29,2,30,7,32,9,34,4,38,7,30,8,0,0,0,0,0,0,10,-33,7,-30,9,-38,10,-33,9,-26,9,-35,7,-27,9,-34,5,-27,10,-34,11,-32,11,-28,8,-28,9,-26,7,-33,5,-30,4,-29,5,-27,5,-29,4,-26,3,-32,4,-27,4,-32,7,-30,5,-26,7,-27,7,-26,0,-30,3,-30,2,-28,3,-26,5,-32,2,-27,2,-30,4,-29,8,-38,10,-30,10,-28,11,-28,9,-24,10,-23,7,-28,9,-26,8,-22,11,-23,7,-21,11,-24,11,-22,16,-23,15,-16,14,-16,16,-14,14,-14,16,-13,15,-11,14,-11,15,-9,0,0,0,0,0,0,0,0,0,0]"""
1782031942259,2026-06-21T17:52:22.259,safe,posture,mhw,standing_still,t017,"CSI_DATA,535984,1a:00:00:00:00:00,-44,11,-99,16,29,11,528039695,47,2,256,0,""[0,0,0,0,0,0,0,0,0,0,0,0,1,-5,2,-5,2,-6,2,-8,3,-8,3,-6,3,-6,3,-9,5,-9,4,-9,5,-10,6,-9,5,-10,5,-11,6,-10,9,-11,8,-12,8,-12,9,-12,9,-11,11,-11,11,-11,11,-13,9,-13,13,-13,12,-12,13,-12,12,-13,15,-13,13,-13,13,-15,15,-16,17,-15,16,-15,13,-17,15,-15,13,-16,17,-18,17,-17,15,-18,12,-18,16,-18,16,-19,13,-20,15,-18,16,-23,16,-20,15,-23,16,-21,16,-25,18,-23,19,-23,20,-23,21,-25,19,-25,20,-24,20,-26,0,0,0,0,0,0,-23,-20,-26,-23,-26,-23,-25,-21,-26,-23,-25,-21,-24,-24,-23,-24,-24,-21,-21,-25,-21,-23,-23,-21,-20,-21,-23,-20,-21,-21,-20,-19,-24,-21,-20,-19,-20,-17,-21,-20,-21,-18,-23,-18,-21,-18,-24,-18,-26,-17,-19,-18,-23,-19,-24,-17,-21,-18,-23,-17,-21,-20,-24,-18,-20,-23,-20,-20,-21,-20,-20,-24,-24,-21,-18,-21,-19,-23,-16,-21,-16,-23,-17,-23,-12,-25,-12,-23,-12,-20,-10,-25,-8,-24,-11,-23,-8,-23,-6,-24,-4,-21,-3,-20,0,-18,-2,-21,1,-19,1,-18,2,-17,0,0,0,0,0,0,0,0,0,0]"""
1782031942269,2026-06-21T17:52:22.269,safe,posture,mhw,standing_still,t017,"CSI_DATA,535985,1a:00:00:00:00:00,-44,11,-99,17,29,11,528050695,47,2,256,0,""[0,0,0,0,0,0,0,0,0,0,0,0,-5,3,-5,3,-6,3,-6,3,-6,3,-5,3,-7,3,-8,3,-8,3,-10,4,-11,2,-11,3,-11,3,-13,2,-12,3,-14,2,-12,2,-16,2,-12,1,-15,1,-19,1,-15,2,-20,2,-16,-1,-19,0,-19,0,-19,-2,-19,0,-22,0,-17,-2,-21,-2,-16,0,-20,1,-20,2,-21,2,-22,1,-24,0,-22,-2,-24,1,-24,0,-23,-1,-25,0,-24,-2,-25,0,-22,0,-25,3,-26,2,-26,3,-28,2,-30,2,-28,-1,-30,-1,-29,-2,-33,0,-32,-2,-30,-1,-34,-2,0,0,0,0,0,0,-5,32,-7,38,-3,30,-5,33,-5,37,-8,29,-8,34,-6,30,-8,32,-5,28,-5,28,-7,28,-5,32,-5,33,-8,29,-6,29,-5,31,-6,29,-6,28,-6,31,-4,26,-7,30,-3,24,-2,26,-4,28,-5,30,-5,33,-4,26,-7,28,-5,29,-7,30,-6,29,-10,30,-7,28,-11,30,-7,25,-10,28,-7,26,-10,28,-12,28,-13,28,-16,22,-14,24,-14,23,-15,20,-16,21,-16,16,-17,19,-14,14,-16,15,-16,13,-15,14,-17,12,-19,11,-15,6,-17,4,-17,3,0,0,0,0,0,0,0,0,0,0]"""
1782031942277,2026-06-21T17:52:22.277,safe,posture,mhw,standing_still,t017,"CSI_DATA,535986,1a:00:00:00:00:00,-44,11,-99,16,29,11,528061695,47,2,256,0,""[0,0,0,0,0,0,0,0,0,0,0,0,5,4,5,3,6,5,5,4,6,4,6,4,6,6,8,6,6,8,10,8,8,8,9,9,8,8,9,10,8,9,10,12,10,12,9,11,9,12,6,13,9,17,8,13,9,16,9,15,9,16,8,17,6,17,8,16,6,18,8,18,9,18,5,18,8,20,6,19,9,18,8,18,8,20,8,21,8,23,8,21,10,20,9,23,9,23,10,20,8,21,12,25,9,26,13,23,9,26,11,26,10,27,8,28,9,30,9,33,8,32,8,28,9,33,0,0,0,0,0,0,32,-6,35,-6,32,-6,34,-6,35,-5,32,-4,36,-2,32,-3,34,-3,31,-2,30,-2,31,-3,30,0,32,-3,30,-2,30,-2,32,-4,30,-1,26,-2,32,0,30,-3,31,-2,27,-1,28,-1,30,-2,27,-1,30,-2,30,-3,30,-1,31,-2,30,-1,28,-2,32,3,30,2,28,1,28,4,33,3,30,6,30,5,27,6,27,8,27,9,25,12,25,9,25,10,24,16,19,16,21,12,17,15,20,16,15,15,16,15,11,16,13,17,9,16,9,17,6,16,0,0,0,0,0,0,0,0,0,0]"""
1782031942292,2026-06-21T17:52:22.292,safe,posture,mhw,standing_still,t017,"CSI_DATA,535987,1a:00:00:00:00:00,-44,11,-99,16,29,11,528072695,47,2,256,0,""[0,0,0,0,0,0,0,0,0,0,0,0,3,-4,4,-3,8,-5,4,-3,8,-4,6,-3,5,-6,6,-6,8,-6,8,-5,8,-5,9,-5,10,-6,11,-6,10,-8,13,-9,12,-8,13,-8,11,-5,11,-11,12,-12,16,-10,16,-12,15,-10,16,-9,15,-9,17,-9,16,-10,18,-10,13,-10,17,-12,15,-10,15,-13,13,-12,15,-16,15,-17,19,-16,17,-13,17,-16,15,-18,13,-18,17,-20,16,-17,13,-23,11,-17,11,-23,12,-21,11,-25,13,-27,15,-25,16,-21,16,-25,17,-24,17,-27,16,-28,15,-25,12,-30,0,0,0,0,0,0,-30,-16,-33,-17,-25,-13,-28,-15,-34,-17,-26,-15,-33,-17,-26,-12,-31,-17,-25,-12,-26,-9,-28,-11,-31,-11,-32,-9,-26,-12,-27,-11,-30,-10,-28,-9,-26,-8,-31,-5,-25,-3,-31,-6,-24,-3,-26,-3,-30,-2,-30,-1,-33,-3,-27,-4,-30,-4,-30,-2,-31,-2,-30,-1,-34,-2,-27,-3,-30,-1,-24,-2,-28,0,-28,-2,-31,0,-31,-3,-31,-4,-25,-6,-27,-6,-27,-6,-25,-5,-26,-8,-21,-10,-25,-8,-16,-6,-21,-6,-19,-8,-20,-8,-19,-10,-18,-10,-15,-9,-13,-11,-12,-12,0,0,0,0,0,0,0,0,0,0]"""
1782031942302,2026-06-21T17:52:22.302,safe,posture,mhw,standing_still,t017,"CSI_DATA,535988,1a:00:00:00:00:00,-44,11,-99,15,29,11,528083695,47,2,256,0,""[0,0,0,0,0,0,0,0,0,0,0,0,-1,-5,0,-5,-1,-8,-2,-5,-1,-9,-2,-7,-1,-7,-3,-8,-2,-10,-4,-10,-3,-9,-3,-9,-4,-10,-4,-11,-3,-11,-7,-13,-5,-13,-8,-17,-5,-14,-5,-15,-8,-16,-8,-14,-10,-15,-8,-15,-8,-16,-10,-15,-11,-17,-10,-14,-13,-19,-11,-15,-13,-15,-10,-11,-16,-14,-14,-13,-17,-11,-19,-10,-22,-11,-20,-10,-21,-9,-23,-10,-21,-7,-24,-11,-22,-8,-24,-5,-20,-5,-26,-2,-27,-3,-26,1,-28,-2,-30,-1,-29,-1,-29,0,-32,1,-32,1,-33,2,-29,2,-33,7,0,0,0,0,0,0,5,32,9,35,9,28,10,33,13,36,9,30,15,34,11,27,15,33,13,26,14,26,17,26,17,26,22,24,17,23,19,21,22,22,23,20,20,16,24,21,22,15,24,19,21,11,24,13,27,11,26,11,30,11,28,10,28,9,30,7,30,8,29,5,33,11,28,8,29,7,24,4,30,2,29,7,29,1,32,5,29,3,27,5,29,5,27,5,26,3,27,5,21,7,27,2,19,3,24,4,21,5,22,1,20,5,22,8,16,4,16,5,15,7,0,0,0,0,0,0,0,0,0,0]"""
1782031942313,2026-06-21T17:52:22.313,safe,posture,mhw,standing_still,t017,"CSI_DATA,535989,1a:00:00:00:00:00,-44,11,-99,15,29,11,528094695,47,2,256,0,""[0,0,0,0,0,0,0,0,0,0,0,0,5,0,9,1,5,0,8,0,7,0,8,-1,9,0,7,1,10,-2,9,-1,13,0,14,-1,13,-2,13,-3,16,-2,13,-1,16,-3,15,-3,15,-4,19,-4,17,-3,17,-4,15,-3,19,-4,17,-5,16,-7,17,-5,21,-5,14,-8,19,-10,17,-7,19,-11,17,-8,17,-11,17,-11,17,-14,15,-11,17,-16,15,-15,14,-16,16,-17,10,-19,14,-22,14,-21,15,-24,15,-22,11,-23,13,-24,11,-24,9,-26,7,-29,8,-30,9,-30,8,-27,5,-32,7,-36,8,-32,0,0,0,0,0,0,-36,-7,-30,-4,-35,-4,-34,-3,-28,-2,-35,-4,-30,0,-35,0,-28,-1,-35,1,-30,2,-29,1,-32,7,-27,5,-30,5,-28,9,-28,11,-26,8,-32,10,-21,13,-26,16,-27,11,-26,16,-24,16,-23,14,-23,17,-21,16,-21,17,-22,20,-20,19,-21,19,-26,21,-16,21,-19,24,-20,21,-24,28,-22,19,-19,24,-20,22,-19,21,-19,20,-17,23,-17,22,-17,20,-19,20,-14,19,-17,21,-15,17,-19,17,-16,11,-16,16,-16,13,-15,15,-15,10,-15,13,-14,11,-16,10,0,0,0,0,0,0,0,0,0,0]"""
1782031942325,2026-06-21T17:52:22.325,safe,posture,mhw,standing_still,t017,"CSI_DATA,535990,1a:00:00:00:00:00,-44,11,-99,16,29,11,528105695,47,2,256,0,""[0,0,0,0,0,0,0,0,0,0,0,0,-6,0,-5,0,-8,0,-8,0,-5,-1,-9,-1,-9,-1,-9,0,-9,-2,-9,-1,-12,-1,-10,-2,-12,-3,-12,-2,-11,-1,-12,-4,-16,-3,-15,-3,-15,-6,-16,-4,-16,-4,-16,-8,-16,-4,-17,-5,-17,-6,-17,-5,-18,-8,-17,-5,-16,-10,-18,-8,-17,-8,-18,-9,-19,-8,-18,-8,-18,-6,-19,-9,-19,-6,-23,-8,-21,-6,-21,-5,-23,-6,-20,-6,-24,-8,-23,-4,-26,-5,-26,-6,-26,-8,-26,-5,-25,-6,-27,-5,-31,-5,-28,-8,-31,-8,-30,-10,-33,-8,-32,-8,-31,-5,0,0,0,0,0,0,-9,32,-10,30,-10,35,-10,32,-11,27,-11,32,-11,30,-11,34,-9,31,-13,32,-11,31,-9,30,-11,27,-9,28,-9,31,-8,28,-6,30,-6,27,-6,27,-8,27,-6,30,-6,26,-8,28,-6,30,-6,27,-8,26,-4,26,-3,30,-4,30,-5,31,-5,28,-4,31,-8,27,-9,30,-6,28,-10,31,-9,28,-11,28,-10,26,-12,25,-11,25,-12,27,-15,25,-11,24,-12,23,-13,19,-16,21,-15,19,-18,18,-16,18,-17,15,-15,13,-16,13,-17,11,-15,10,-13,8,-17,6,0,0,0,0,0,0,0,0,0,0]"""
1782031942334,2026-06-21T17:52:22.334,safe,posture,mhw,standing_still,t017,"CSI_DATA,535991,1a:00:00:00:00:00,-44,11,-99,16,29,11,528116695,47,2,256,0,""[0,0,0,0,0,0,0,0,0,0,0,0,2,5,3,4,3,5,4,6,4,5,3,8,3,9,4,8,3,6,4,9,6,11,4,10,5,11,6,10,5,12,4,12,6,12,8,12,9,15,8,18,9,17,6,13,9,16,11,15,11,16,9,15,9,13,10,16,11,16,12,16,12,15,15,19,12,17,15,17,15,15,13,15,15,13,20,13,18,13,17,12,18,11,19,9,21,12,24,9,26,13,25,13,25,10,25,11,24,9,27,9,31,6,26,6,30,8,33,10,33,6,33,8,32,8,0,0,0,0,0,0,6,-32,5,-28,3,-36,5,-33,2,-28,4,-32,2,-31,3,-34,1,-30,2,-36,1,-33,0,-27,-1,-27,-2,-28,-4,-31,-5,-30,-5,-28,-6,-26,-6,-28,-6,-26,-10,-27,-9,-27,-11,-30,-10,-28,-11,-25,-10,-26,-12,-24,-17,-26,-15,-25,-15,-24,-13,-21,-15,-25,-16,-24,-16,-24,-17,-25,-19,-30,-15,-27,-15,-26,-13,-28,-12,-23,-15,-23,-18,-26,-13,-23,-13,-20,-12,-20,-12,-21,-11,-24,-11,-23,-10,-25,-8,-20,-8,-20,-5,-19,-4,-17,-4,-19,-4,-18,-3,-17,-2,-17,0,0,0,0,0,0,0,0,0,0]"""
1782031942348,2026-06-21T17:52:22.348,safe,posture,mhw,standing_still,t017,"CSI_DATA,535992,1a:00:00:00:00:00,-44,11,-99,15,29,11,528127985,47,2,256,0,""[0,0,0,0,0,0,0,0,0,0,0,0,-5,-2,-5,-3,-5,-2,-7,-2,-7,-4,-8,-4,-7,-4,-5,-5,-9,-5,-8,-5,-7,-5,-8,-7,-10,-5,-9,-8,-11,-10,-8,-7,-9,-8,-10,-9,-13,-11,-10,-14,-8,-15,-10,-14,-8,-14,-10,-15,-11,-15,-10,-15,-11,-15,-10,-17,-10,-14,-13,-16,-11,-16,-14,-20,-9,-19,-10,-17,-10,-20,-8,-19,-11,-16,-15,-15,-11,-16,-13,-16,-10,-19,-15,-17,-17,-16,-15,-22,-17,-23,-11,-22,-16,-22,-11,-24,-15,-21,-16,-23,-19,-23,-19,-23,-19,-26,-16,-29,-20,-26,-16,-29,-19,-29,0,0,0,0,0,0,-32,17,-28,13,-34,17,-30,10,-27,10,-33,13,-26,10,-33,11,-27,10,-32,11,-33,8,-27,7,-29,11,-27,7,-28,9,-29,11,-29,11,-26,11,-29,8,-22,10,-27,13,-27,11,-29,13,-30,10,-27,7,-28,9,-26,5,-28,11,-28,10,-27,9,-26,7,-30,8,-24,10,-28,10,-28,7,-35,7,-29,2,-29,3,-30,1,-27,0,-26,0,-30,2,-28,0,-24,-1,-27,-4,-26,-1,-26,-3,-24,-5,-26,-10,-19,-10,-19,-10,-16,-13,-16,-9,-14,-11,-17,-10,-14,-11,-13,-13,0,0,0,0,0,0,0,0,0,0]"""
1782031942354,2026-06-21T17:52:22.354,safe,posture,mhw,standing_still,t017,"CSI_DATA,535993,1a:00:00:00:00:00,-44,11,-99,15,29,11,528138695,47,2,256,0,""[0,0,0,0,0,0,0,0,0,0,0,0,4,4,5,4,5,2,7,5,5,4,5,5,5,5,5,7,7,7,5,8,8,8,8,10,9,9,8,9,9,14,5,10,8,13,5,11,5,15,7,13,4,14,7,16,3,15,7,17,5,17,7,17,4,17,5,21,5,15,7,20,5,17,7,20,3,21,3,20,3,22,4,22,4,19,7,21,5,20,7,20,4,23,9,20,9,23,7,23,8,29,3,23,7,26,2,27,5,27,5,29,10,29,9,29,8,32,5,28,9,33,5,35,4,32,0,0,0,0,0,0,36,0,33,-1,35,-1,35,3,30,2,36,3,28,0,36,2,29,3,34,4,32,4,28,5,34,3,27,5,29,4,30,2,30,2,29,5,32,7,27,2,30,1,28,3,30,3,29,5,26,7,29,4,27,7,29,3,32,5,29,4,29,5,33,9,26,5,30,4,27,10,33,10,26,11,28,13,26,16,24,14,22,14,26,14,24,15,22,15,21,20,20,14,20,17,16,19,17,20,9,19,13,20,8,19,9,20,7,20,5,16,4,16,2,17,0,0,0,0,0,0,0,0,0,0]"""
1782031942369,2026-06-21T17:52:22.369,safe,posture,mhw,standing_still,t017,"CSI_DATA,535994,1a:00:00:00:00:00,-44,11,-99,15,29,11,528150467,47,2,256,0,""[0,0,0,0,0,0,0,0,0,0,0,0,-4,3,-5,3,-5,4,-7,4,-4,4,-7,4,-8,3,-7,2,-7,7,-9,4,-10,7,-11,8,-9,8,-7,9,-10,8,-8,9,-10,13,-9,9,-10,10,-11,13,-10,9,-11,13,-11,10,-11,15,-11,15,-10,15,-9,14,-14,15,-9,16,-8,19,-9,19,-10,22,-10,20,-8,19,-8,20,-4,21,-4,20,-1,23,-1,23,0,21,-2,24,4,20,2,23,2,26,4,29,1,24,7,26,4,28,7,24,10,26,15,27,15,26,13,30,13,28,22,26,19,29,16,29,0,0,0,0,0,0,30,-21,23,-17,29,-26,27,-20,22,-19,24,-24,20,-23,23,-27,20,-21,23,-27,21,-24,20,-21,14,-26,14,-23,13,-29,10,-28,9,-28,7,-26,10,-28,3,-26,2,-29,3,-28,3,-33,3,-28,3,-28,1,-29,0,-26,-5,-29,-3,-28,-5,-27,-4,-26,-2,-32,-8,-23,-11,-28,-5,-28,-9,-34,-4,-28,-9,-28,-3,-30,-7,-27,-8,-26,-10,-28,-10,-24,-10,-22,-7,-26,-10,-23,-10,-26,-8,-21,-7,-27,-4,-21,-5,-22,-2,-20,-3,-20,-3,-20,-3,-19,-3,-17,-2,-17,0,0,0,0,0,0,0,0,0,0]"""
1782031942381,2026-06-21T17:52:22.381,safe,posture,mhw,standing_still,t017,"CSI_DATA,535995,1a:00:00:00:00:00,-44,11,-99,15,29,11,528160695,47,2,256,0,""[0,0,0,0,0,0,0,0,0,0,0,0,2,-5,2,-5,3,-4,4,-5,4,-7,3,-7,4,-7,4,-9,4,-7,4,-10,4,-9,7,-10,4,-11,8,-10,8,-10,9,-11,8,-11,10,-13,7,-9,10,-13,11,-16,11,-11,11,-15,10,-14,11,-14,11,-14,13,-13,10,-14,14,-15,11,-14,13,-15,10,-13,11,-16,13,-16,10,-19,11,-19,13,-19,13,-17,11,-20,13,-23,10,-20,14,-22,13,-20,10,-23,9,-17,10,-24,10,-23,7,-27,9,-27,10,-27,11,-24,13,-28,11,-28,14,-30,13,-29,10,-28,11,-33,0,0,0,0,0,0,-30,-14,-33,-16,-29,-9,-30,-11,-35,-16,-26,-13,-33,-15,-27,-14,-33,-14,-26,-10,-27,-10,-29,-9,-29,-10,-32,-8,-27,-10,-27,-8,-30,-5,-28,-8,-26,-5,-32,-9,-28,-7,-30,-5,-23,-2,-27,-4,-30,-3,-28,-4,-33,-2,-28,-3,-29,-4,-32,-2,-30,-4,-27,-1,-33,-8,-28,-4,-28,-4,-24,-4,-33,-2,-28,-7,-30,-1,-30,-7,-29,-7,-24,-10,-27,-10,-29,-10,-23,-9,-26,-13,-20,-13,-23,-10,-17,-9,-22,-11,-17,-11,-19,-8,-15,-14,-17,-13,-14,-14,-14,-15,-10,-15,0,0,0,0,0,0,0,0,0,0]"""
1782031942389,2026-06-21T17:52:22.389,safe,posture,mhw,standing_still,t017,"CSI_DATA,535996,1a:00:00:00:00:00,-44,11,-99,15,29,11,528171695,47,2,256,0,""[0,0,0,0,0,0,0,0,0,0,0,0,-5,3,-3,2,-5,3,-5,3,-9,3,-5,2,-5,3,-8,3,-9,4,-10,4,-9,2,-10,4,-11,5,-13,4,-10,2,-15,3,-13,4,-16,3,-14,2,-14,1,-16,1,-15,3,-20,4,-17,2,-17,4,-16,4,-17,3,-16,4,-22,1,-17,3,-20,1,-17,2,-20,5,-20,3,-21,5,-21,4,-22,4,-22,4,-22,4,-23,8,-23,9,-26,7,-23,4,-24,10,-19,5,-26,11,-26,8,-23,14,-28,10,-26,13,-27,10,-29,10,-29,9,-33,11,-29,10,-26,13,-30,13,0,0,0,0,0,0,9,30,13,35,9,27,10,33,13,36,8,30,10,35,9,30,10,35,7,28,10,27,13,29,8,30,13,29,10,27,11,27,14,28,13,27,11,24,11,30,11,24,14,29,11,22,11,23,15,27,14,27,15,28,14,24,15,26,16,24,14,27,14,22,13,30,11,26,13,27,8,23,15,27,10,26,14,27,9,29,9,27,7,26,7,28,7,30,7,24,2,28,0,26,4,26,0,20,1,26,-1,21,1,21,-2,21,-2,22,-5,17,-4,17,-7,17,0,0,0,0,0,0,0,0,0,0]"""
1782031942401,2026-06-21T17:52:22.401,safe,posture,mhw,standing_still,t017,"CSI_DATA,535997,1a:00:00:00:00:00,-44,11,-99,16,29,11,528183211,47,2,256,0,""[0,0,0,0,0,0,0,0,0,0,0,0,1,5,3,6,1,5,1,9,1,6,2,9,2,9,2,8,3,10,1,8,4,12,3,12,3,10,4,11,3,13,3,12,5,16,5,12,5,17,4,18,4,17,6,16,4,16,8,17,6,17,8,16,6,16,9,17,6,17,11,16,10,16,12,20,12,18,10,17,12,16,12,17,12,15,17,16,16,16,16,13,18,15,17,9,21,13,20,12,26,17,23,13,24,12,24,13,23,11,26,12,30,10,27,8,30,11,28,13,31,9,33,10,33,9,0,0,0,0,0,0,10,-33,5,-31,4,-39,4,-33,4,-27,4,-36,2,-31,4,-35,2,-27,3,-36,1,-32,0,-27,-1,-28,-2,-28,-3,-31,-3,-31,-4,-30,-3,-27,-4,-28,-8,-25,-11,-28,-8,-26,-9,-31,-9,-28,-10,-25,-10,-25,-11,-24,-15,-25,-13,-26,-15,-24,-11,-23,-16,-26,-13,-21,-18,-24,-17,-24,-20,-31,-15,-25,-16,-24,-13,-25,-13,-23,-13,-21,-16,-25,-15,-24,-12,-20,-12,-23,-13,-20,-13,-24,-11,-20,-10,-26,-9,-19,-9,-19,-8,-19,-6,-18,-3,-18,-6,-19,-5,-16,-3,-17,0,0,0,0,0,0,0,0,0,0]"""
1782031942413,2026-06-21T17:52:22.413,safe,posture,mhw,standing_still,t017,"CSI_DATA,535998,1a:00:00:00:00:00,-44,11,-99,18,28,11,528193695,47,2,256,0,""[0,0,0,0,0,0,0,0,0,0,0,0,-12,22,22,-2,-19,-3,-13,-15,-13,-25,-14,-9,1,9,9,18,-17,-3,-2,6,-25,0,-6,3,-6,2,-22,-1,-4,-2,-20,0,-24,3,-20,-2,-18,-1,-11,-6,-11,-8,-17,-2,-14,-3,-17,-6,-17,-6,-17,-3,-18,-7,-18,-8,-19,-4,-19,-4,-19,-7,-18,-4,-17,-6,-18,-4,-20,-6,-20,-6,-22,-6,-20,-6,-20,-6,-22,-4,-22,-7,-23,-3,-25,-4,-24,-7,-26,-7,-23,-3,-26,-4,-28,-4,-29,-4,-31,-7,-26,-7,-30,-7,-31,-8,-29,-7,-33,-7,-31,-8,-31,-6,0,0,0,0,0,0,-13,31,-13,31,-12,28,-12,30,-14,33,-17,30,-13,28,-13,30,-15,28,-13,28,-12,28,-12,25,-11,33,-13,28,-14,25,-13,28,-11,29,-14,26,-14,26,-11,28,-11,26,-12,26,-9,24,-9,26,-12,25,-11,29,-11,28,-11,25,-12,26,-11,26,-13,26,-14,26,-13,26,-14,26,-15,25,-15,26,-14,24,-15,25,-14,24,-18,26,-18,23,-18,20,-19,20,-19,18,-22,17,-17,18,-20,15,-20,14,-20,12,-17,9,-19,11,-20,8,-19,9,-18,6,-18,3,-17,3,-19,2,0,0,0,0,0,0,0,0,0,0]"""
1782031942422,2026-06-21T17:52:22.422,safe,posture,mhw,standing_still,t017,"CSI_DATA,535999,1a:00:00:00:00:00,-44,11,-99,16,29,11,528204695,47,2,256,0,""[0,0,0,0,0,0,0,0,0,0,0,0,-2,3,-3,4,-3,5,-4,5,-4,5,-4,6,-2,6,-3,9,-3,9,-4,9,-5,8,-5,11,-5,11,-5,12,-6,12,-9,12,-6,12,-10,12,-6,11,-5,15,-5,13,-6,16,-9,16,-9,13,-10,15,-10,16,-9,16,-8,17,-10,17,-8,17,-9,16,-8,17,-5,18,-5,19,-6,21,-4,23,-6,21,-6,21,-5,21,-4,24,-4,24,-3,25,-2,24,-2,26,-2,21,0,24,0,26,3,28,2,30,2,30,0,28,2,31,2,32,2,30,1,34,4,34,4,33,0,0,0,0,0,0,35,-4,38,-2,31,-3,33,-5,38,-6,33,-1,35,-5,31,-5,32,-4,27,-8,26,-9,28,-9,31,-13,28,-11,28,-6,26,-10,26,-11,27,-10,27,-11,26,-13,23,-16,27,-12,18,-13,20,-15,21,-16,24,-19,24,-18,23,-15,24,-18,21,-19,24,-18,21,-20,24,-18,23,-19,24,-18,21,-18,20,-19,20,-19,21,-20,23,-20,24,-18,24,-15,25,-17,24,-15,24,-16,23,-13,23,-11,23,-11,18,-10,19,-11,19,-10,17,-10,21,-8,19,-5,17,-4,18,-4,19,-2,0,0,0,0,0,0,0,0,0,0]"""
1782031942435,2026-06-21T17:52:22.435,safe,posture,mhw,standing_still,t017,"CSI_DATA,536000,1a:00:00:00:00:00,-44,11,-99,15,29,11,528215695,47,2,256,0,""[0,0,0,0,0,0,0,0,0,0,0,0,-1,-5,0,-7,0,-5,0,-8,-1,-5,0,-9,0,-10,0,-9,0,-10,0,-9,0,-10,-1,-10,0,-13,-1,-13,0,-15,0,-13,0,-15,0,-15,1,-16,1,-15,4,-14,-1,-17,2,-16,0,-19,-2,-19,0,-17,0,-17,1,-20,-2,-19,-2,-20,-1,-19,-2,-23,0,-20,-1,-20,-2,-21,-1,-20,-3,-19,-7,-22,-5,-21,-5,-20,-4,-24,-11,-19,-10,-23,-10,-24,-11,-28,-4,-23,-11,-24,-8,-26,-11,-22,-13,-26,-16,-27,-16,-24,-15,-28,-15,-27,-20,-28,-17,-29,-16,-28,0,0,0,0,0,0,-29,15,-27,16,-29,20,-32,15,-26,14,-30,19,-24,17,-29,19,-26,16,-28,17,-28,19,-26,13,-26,20,-24,16,-24,20,-22,20,-21,21,-20,20,-24,19,-16,21,-19,23,-19,22,-21,23,-20,23,-19,20,-17,23,-17,20,-15,24,-17,23,-16,23,-16,22,-20,24,-13,23,-13,27,-16,23,-20,30,-20,21,-17,23,-22,21,-19,21,-19,20,-17,24,-16,22,-16,19,-17,19,-15,19,-19,20,-19,19,-22,17,-16,11,-20,13,-19,9,-16,9,-17,7,-17,10,-16,7,-16,5,0,0,0,0,0,0,0,0,0,0]"""
1782031942444,2026-06-21T17:52:22.444,safe,posture,mhw,standing_still,t017,"CSI_DATA,536001,1a:00:00:00:00:00,-44,11,-99,16,29,11,528226695,47,2,256,0,""[0,0,0,0,0,0,0,0,0,0,0,0,-5,0,-6,0,-5,0,-8,-1,-6,0,-9,-1,-11,-1,-9,0,-9,-1,-10,-1,-12,-1,-11,0,-11,-2,-12,-2,-12,-2,-13,-2,-15,-2,-15,-2,-16,-4,-18,-4,-17,-1,-15,-2,-16,-4,-19,-3,-18,-4,-18,-3,-17,-4,-18,-4,-17,-3,-19,-2,-18,-3,-23,-3,-20,-3,-20,-3,-21,-3,-18,-2,-19,0,-23,0,-20,-2,-21,1,-24,0,-21,2,-26,3,-23,2,-30,3,-26,2,-27,3,-27,2,-23,2,-27,3,-31,5,-27,8,-32,8,-30,3,-31,6,-34,4,-31,6,0,0,0,0,0,0,6,32,4,32,6,39,8,33,4,27,8,34,6,28,8,34,6,27,6,34,8,32,6,28,5,30,5,26,9,31,9,28,10,27,10,25,10,28,9,23,12,28,12,25,13,31,11,27,12,26,9,25,12,24,17,26,13,25,13,26,15,23,13,27,13,25,17,26,15,24,16,33,13,28,11,26,11,28,10,25,11,23,13,28,9,27,8,23,8,26,8,23,6,25,8,24,4,30,3,24,1,23,0,19,1,17,-1,19,-1,19,-2,17,-5,18,0,0,0,0,0,0,0,0,0,0]"""
1782031942455,2026-06-21T17:52:22.455,safe,posture,mhw,standing_still,t017,"CSI_DATA,536002,1a:00:00:00:00:00,-44,11,-99,15,29,11,528237695,47,2,256,0,""[0,0,0,0,0,0,0,0,0,0,0,0,4,3,5,4,5,4,7,7,5,4,8,4,7,4,7,4,9,5,7,7,8,7,9,8,9,8,9,9,10,11,9,8,13,10,8,11,10,11,11,13,11,13,11,13,9,11,10,11,14,14,13,13,11,14,13,16,13,13,14,15,11,16,16,17,14,15,14,15,13,16,15,15,14,14,17,14,16,14,16,14,17,17,19,9,21,16,19,15,22,17,19,14,22,15,23,17,23,14,24,15,26,14,28,15,27,17,26,15,29,16,29,19,28,16,0,0,0,0,0,0,21,-29,20,-24,20,-29,22,-26,19,-24,22,-26,17,-24,20,-27,20,-23,19,-26,19,-24,19,-22,16,-28,16,-23,17,-23,15,-27,14,-28,14,-24,19,-27,10,-23,14,-27,14,-24,11,-27,13,-24,14,-26,9,-28,11,-24,11,-24,10,-28,9,-27,13,-26,15,-29,9,-24,11,-28,13,-24,14,-32,14,-24,11,-26,16,-24,15,-26,11,-23,14,-22,14,-24,14,-21,19,-21,14,-20,15,-20,19,-16,20,-17,19,-14,17,-15,19,-13,17,-11,19,-10,17,-9,17,-7,16,-7,0,0,0,0,0,0,0,0,0,0]"""
1782031942467,2026-06-21T17:52:22.467,safe,posture,mhw,standing_still,t017,"CSI_DATA,536003,1a:00:00:00:00:00,-44,11,-99,15,29,11,528248695,47,2,256,0,""[0,0,0,0,0,0,0,0,0,0,0,0,5,-2,7,-1,7,-1,5,-2,8,-2,8,-2,8,-2,8,-1,10,-4,9,-3,10,-2,11,-4,9,-5,11,-4,14,-5,11,-7,14,-7,14,-5,13,-7,14,-5,15,-4,15,-9,15,-5,16,-7,16,-10,15,-9,15,-9,17,-11,15,-10,16,-14,15,-10,15,-13,15,-13,13,-16,14,-16,16,-19,13,-15,14,-20,13,-16,13,-19,15,-21,9,-20,9,-23,10,-22,11,-27,9,-22,7,-26,8,-24,7,-27,7,-28,4,-29,3,-29,7,-33,4,-29,2,-34,3,-34,2,-35,0,0,0,0,0,0,-38,-2,-33,-1,-36,1,-34,-1,-29,3,-35,0,-28,3,-35,3,-29,3,-33,2,-29,7,-29,1,-29,8,-28,7,-28,7,-30,10,-26,13,-26,10,-30,11,-22,15,-26,17,-24,14,-23,16,-23,17,-23,15,-23,21,-21,17,-20,19,-21,20,-20,22,-21,20,-24,21,-16,21,-17,24,-20,22,-21,28,-20,21,-19,23,-20,22,-17,23,-19,21,-19,22,-17,22,-17,21,-20,20,-16,19,-17,21,-17,17,-19,19,-15,13,-16,16,-16,14,-16,14,-15,13,-15,10,-14,9,-17,9,0,0,0,0,0,0,0,0,0,0]"""
1782031942478,2026-06-21T17:52:22.478,safe,posture,mhw,standing_still,t017,"CSI_DATA,536004,1a:00:00:00:00:00,-44,11,-99,16,29,11,528259695,47,2,256,0,""[0,0,0,0,0,0,0,0,0,0,0,0,-2,-5,-1,-4,0,-6,-1,-6,-2,-8,-1,-8,-1,-9,-3,-9,-1,-10,-2,-11,-3,-10,-2,-12,-4,-11,-3,-11,-4,-11,-3,-13,-3,-13,-3,-13,-5,-16,-4,-18,-6,-17,-3,-15,-5,-16,-8,-17,-5,-17,-6,-16,-5,-16,-8,-16,-6,-17,-10,-17,-8,-16,-10,-18,-10,-19,-10,-18,-12,-17,-11,-17,-12,-16,-16,-18,-15,-17,-16,-15,-17,-13,-17,-16,-18,-16,-20,-13,-21,-16,-23,-15,-23,-16,-21,-13,-20,-13,-24,-15,-27,-15,-25,-12,-27,-13,-30,-16,-30,-12,-28,-12,-31,-13,0,0,0,0,0,0,-12,32,-8,30,-9,35,-10,33,-9,32,-8,32,-8,31,-8,32,-5,32,-8,33,-5,32,-5,31,-4,28,-2,30,-1,30,-1,28,2,32,2,27,2,27,2,30,4,30,5,30,6,28,5,30,8,28,5,26,9,26,11,27,10,27,12,27,10,26,13,25,10,27,12,26,15,25,11,30,13,30,11,26,11,26,9,26,9,25,12,26,9,26,9,23,10,23,8,24,6,24,8,24,6,25,6,24,4,23,4,20,2,19,2,20,2,20,0,18,0,18,0,0,0,0,0,0,0,0,0,0]"""
1782031942489,2026-06-21T17:52:22.489,safe,posture,mhw,standing_still,t017,"CSI_DATA,536005,1a:00:00:00:00:00,-44,11,-99,15,29,11,528271304,47,2,256,0,""[0,0,0,0,0,0,0,0,0,0,0,0,-5,-4,-5,-2,-4,-3,-5,-3,-7,-3,-7,-3,-8,-3,-8,-3,-9,-4,-8,-3,-9,-5,-10,-4,-10,-7,-11,-5,-11,-7,-14,-7,-14,-4,-13,-7,-13,-7,-13,-4,-11,-5,-16,-5,-15,-8,-14,-8,-16,-8,-16,-10,-16,-9,-17,-9,-19,-7,-17,-7,-19,-8,-17,-5,-19,-5,-20,-4,-21,-3,-23,-3,-20,-5,-22,-3,-20,-2,-22,-2,-22,-3,-26,1,-24,0,-26,-1,-23,1,-24,3,-27,4,-27,5,-28,7,-30,5,-28,4,-30,5,-32,7,-32,7,-30,8,-30,8,-30,13,0,0,0,0,0,0,8,34,7,34,9,32,9,33,11,33,8,30,11,32,10,30,10,30,11,27,14,27,11,27,17,28,15,27,13,26,14,24,15,24,14,26,16,24,19,22,19,21,17,24,19,19,20,20,20,20,23,19,22,21,20,20,23,22,21,19,21,20,24,21,24,17,23,16,23,19,23,16,23,16,23,16,23,19,24,17,23,20,20,19,21,20,20,20,17,20,21,16,16,17,17,19,15,17,15,16,15,17,14,17,14,15,13,20,8,17,8,17,5,15,0,0,0,0,0,0,0,0,0,0]"""
1782031942502,2026-06-21T17:52:22.502,safe,posture,mhw,standing_still,t017,"CSI_DATA,536006,1a:00:00:00:00:00,-44,11,-99,15,29,11,528281695,47,2,256,0,""[0,0,0,0,0,0,0,0,0,0,0,0,7,-2,5,-1,7,-4,5,-2,8,-3,8,-2,7,-3,8,-3,9,-4,11,-3,9,-3,10,-4,10,-4,14,-3,14,-3,13,-4,14,-3,14,-5,14,-4,15,-2,16,-2,17,-5,17,-4,16,-2,17,-3,17,-4,19,-4,19,-5,20,-7,17,-7,20,-5,17,-9,17,-7,19,-9,19,-11,19,-11,19,-11,20,-8,19,-11,20,-14,20,-13,20,-16,19,-15,20,-16,17,-17,17,-16,17,-20,19,-20,17,-23,20,-21,19,-20,21,-21,22,-22,20,-24,22,-23,19,-23,20,-27,0,0,0,0,0,0,-28,-22,-27,-23,-23,-17,-27,-20,-29,-20,-24,-22,-27,-21,-27,-20,-26,-20,-26,-17,-26,-15,-26,-16,-29,-15,-27,-14,-23,-17,-28,-15,-27,-11,-26,-14,-27,-13,-29,-9,-26,-9,-27,-10,-24,-8,-27,-5,-28,-8,-30,-3,-29,-5,-26,-8,-28,-5,-28,-4,-29,-8,-32,-5,-29,-4,-29,-3,-30,-5,-28,-4,-28,-4,-29,-3,-29,-4,-29,-5,-28,-5,-24,-9,-27,-8,-28,-9,-27,-9,-24,-5,-23,-9,-23,-9,-21,-8,-20,-8,-19,-9,-20,-9,-20,-10,-17,-11,-14,-13,-14,-11,-13,-13,0,0,0,0,0,0,0,0,0,0]"""
1782031942510,2026-06-21T17:52:22.510,safe,posture,mhw,standing_still,t017,"CSI_DATA,536007,1a:00:00:00:00:00,-44,11,-99,15,29,11,528292695,47,2,256,0,""[0,0,0,0,0,0,0,0,0,0,0,0,-5,0,-7,0,-8,0,-7,0,-8,0,-8,0,-8,1,-8,0,-11,1,-9,0,-10,0,-11,1,-11,0,-13,0,-16,-1,-14,0,-14,1,-15,0,-15,-1,-15,3,-13,0,-19,0,-16,-2,-16,-2,-19,-1,-19,-2,-20,-1,-21,-1,-19,1,-19,2,-20,0,-21,2,-19,0,-19,1,-21,2,-23,3,-21,2,-21,2,-20,3,-23,4,-23,4,-22,8,-23,7,-24,8,-23,5,-23,8,-24,9,-27,9,-24,11,-27,11,-27,10,-29,13,-33,11,-27,11,-28,15,-29,13,-29,13,0,0,0,0,0,0,14,30,13,33,14,29,10,30,15,30,13,32,14,28,14,32,13,28,14,28,14,26,11,27,17,27,14,26,14,26,15,26,17,24,16,26,15,28,19,21,21,21,20,23,17,22,19,19,17,22,22,21,19,22,20,21,20,23,21,19,20,21,23,24,22,20,22,19,20,21,22,22,20,20,23,20,21,21,21,22,19,21,17,22,17,22,19,22,16,23,16,21,16,22,13,22,10,22,9,20,10,21,7,20,9,20,5,17,4,17,3,21,1,20,0,0,0,0,0,0,0,0,0,0]"""
1782031942521,2026-06-21T17:52:22.521,safe,posture,mhw,standing_still,t017,"CSI_DATA,536008,1a:00:00:00:00:00,-44,11,-99,15,29,11,528303695,47,2,256,0,""[0,0,0,0,0,0,0,0,0,0,0,0,3,3,5,4,4,3,7,5,4,5,7,5,7,8,7,3,7,7,5,7,8,9,8,8,9,8,8,9,10,10,8,9,10,13,9,10,9,14,7,13,7,10,11,14,8,14,13,15,10,15,10,14,13,14,11,14,9,14,13,14,13,14,14,19,13,17,14,15,13,15,14,14,14,14,19,14,16,16,15,14,20,14,17,14,20,15,20,11,23,17,22,16,22,15,22,16,20,15,23,15,28,16,23,15,27,16,24,20,30,14,27,19,29,19,0,0,0,0,0,0,20,-28,15,-23,20,-32,16,-28,15,-23,19,-32,16,-26,20,-28,13,-27,20,-28,19,-28,15,-24,14,-23,14,-24,14,-29,14,-28,11,-29,10,-24,13,-26,11,-24,9,-28,8,-27,11,-30,11,-28,10,-28,10,-26,8,-24,5,-30,9,-27,7,-29,8,-27,8,-29,8,-26,8,-29,7,-28,11,-34,11,-30,10,-27,11,-27,14,-23,11,-26,10,-28,14,-24,10,-21,11,-22,13,-21,15,-21,14,-21,17,-21,17,-17,17,-16,15,-14,15,-11,16,-13,16,-14,15,-10,16,-9,0,0,0,0,0,0,0,0,0,0]"""
1782031942532,2026-06-21T17:52:22.532,safe,posture,mhw,standing_still,t017,"CSI_DATA,536009,1a:00:00:00:00:00,-44,11,-99,15,29,11,528314695,47,2,256,0,""[0,0,0,0,0,0,0,0,0,0,0,0,3,4,3,3,5,5,5,4,5,7,4,5,5,4,7,5,8,4,9,5,7,7,8,7,9,8,10,10,8,8,13,9,11,8,14,9,11,8,11,10,15,11,14,7,16,10,13,9,15,9,16,10,19,10,15,7,19,10,16,8,19,8,15,5,20,4,20,5,22,3,20,4,23,3,20,4,23,2,26,2,22,-1,28,-1,22,-1,26,-3,20,-2,26,-7,26,-3,24,-10,27,-9,29,-9,26,-8,29,-8,28,-11,32,-13,32,-11,28,-13,28,-16,0,0,0,0,0,0,-13,-29,-20,-34,-15,-23,-21,-27,-23,-32,-15,-26,-21,-30,-17,-20,-22,-28,-19,-21,-19,-20,-23,-21,-24,-20,-26,-22,-20,-19,-23,-19,-26,-17,-26,-16,-23,-14,-29,-15,-23,-10,-29,-11,-24,-7,-26,-7,-29,-8,-29,-7,-32,-7,-28,-7,-29,-8,-29,-4,-30,-4,-28,-2,-34,-5,-28,-3,-30,-2,-24,-1,-32,1,-29,-2,-30,1,-32,-1,-30,-1,-26,-3,-29,-3,-30,-3,-26,0,-26,-4,-22,-3,-27,-2,-19,-2,-23,-1,-21,-3,-22,-1,-22,-3,-21,-3,-19,-4,-16,-5,-16,-7,0,0,0,0,0,0,0,0,0,0]"""
1782031942545,2026-06-21T17:52:22.545,safe,posture,mhw,standing_still,t017,"CSI_DATA,536010,1a:00:00:00:00:00,-44,11,-99,20,28,11,528326337,47,2,256,0,""[0,0,0,0,0,0,0,0,0,0,0,0,5,-3,3,-2,5,-4,5,-4,5,-4,4,-4,5,-5,6,-6,6,-8,6,-6,9,-6,8,-9,8,-8,9,-9,10,-10,10,-10,10,-11,12,-11,10,-9,8,-12,10,-10,11,-15,10,-12,11,-12,12,-15,11,-13,12,-15,13,-16,10,-17,10,-17,12,-17,8,-16,6,-18,6,-19,8,-19,6,-23,5,-19,8,-20,5,-23,6,-24,5,-24,2,-25,4,-24,2,-26,1,-23,1,-25,-2,-24,-3,-27,-3,-31,-5,-30,-3,-27,-3,-32,-2,-34,-4,-32,-1,-32,-4,-32,-6,-31,0,0,0,0,0,0,-36,8,-35,6,-30,8,-32,10,-34,10,-32,8,-32,10,-31,11,-32,10,-27,12,-24,13,-26,16,-26,17,-25,18,-26,11,-24,18,-23,19,-23,19,-23,19,-21,20,-19,20,-21,19,-16,18,-19,21,-18,24,-16,25,-17,25,-16,23,-17,26,-13,25,-17,25,-17,28,-15,26,-13,25,-15,26,-13,27,-11,26,-11,27,-11,28,-12,30,-11,26,-17,21,-13,25,-15,25,-13,24,-12,23,-13,19,-15,20,-12,17,-12,17,-11,18,-11,19,-13,18,-15,17,-12,12,-13,12,-13,11,0,0,0,0,0,0,0,0,0,0]"""
1782031942555,2026-06-21T17:52:22.555,safe,posture,mhw,standing_still,t017,"CSI_DATA,536011,1a:00:00:00:00:00,-44,11,-99,15,29,11,528337553,47,2,256,0,""[0,0,0,0,0,0,0,0,0,0,0,0,-4,-2,-4,-4,-5,-2,-7,-3,-7,-2,-7,-5,-8,-4,-8,-4,-8,-5,-8,-4,-10,-5,-8,-4,-11,-4,-10,-4,-10,-5,-11,-7,-14,-7,-13,-5,-15,-9,-13,-10,-14,-10,-13,-8,-16,-7,-17,-9,-16,-8,-17,-7,-17,-8,-17,-8,-17,-8,-19,-8,-17,-5,-21,-8,-21,-7,-19,-7,-20,-4,-21,-4,-20,-3,-23,-2,-21,-1,-20,-1,-24,-1,-22,0,-24,0,-24,4,-29,2,-27,3,-28,4,-28,4,-24,3,-28,4,-30,7,-27,5,-32,9,-32,5,-32,9,-34,9,-33,8,0,0,0,0,0,0,10,32,11,28,15,35,13,30,10,28,13,32,14,27,13,30,15,27,15,32,16,29,15,26,14,26,16,24,19,24,17,23,19,23,19,21,20,22,21,20,22,20,21,20,23,21,22,20,22,17,20,16,22,16,26,16,26,15,26,15,23,15,27,15,23,15,27,15,24,13,29,19,26,16,26,14,24,16,22,16,21,14,27,15,23,16,22,13,21,15,20,15,22,16,19,14,16,17,19,16,16,16,14,15,13,14,13,16,14,15,10,14,9,15,0,0,0,0,0,0,0,0,0,0]"""
1782031942567,2026-06-21T17:52:22.567,safe,posture,mhw,standing_still,t017,"CSI_DATA,536012,1a:00:00:00:00:00,-44,11,-99,15,29,11,528347695,47,2,256,0,""[0,0,0,0,0,0,0,0,0,0,0,0,-2,-5,-2,-4,-3,-8,-1,-5,-2,-8,-1,-7,-1,-7,-2,-10,-2,-10,-3,-11,-2,-11,-1,-11,-1,-13,0,-11,0,-14,0,-15,-1,-13,1,-15,2,-14,1,-13,3,-15,1,-17,1,-20,4,-17,4,-17,3,-19,5,-19,4,-17,4,-21,4,-17,5,-19,4,-17,3,-21,4,-17,3,-21,3,-21,5,-21,5,-20,7,-22,4,-26,3,-22,5,-24,5,-23,3,-26,4,-20,3,-26,4,-24,3,-28,4,-28,7,-29,9,-26,9,-30,7,-27,8,-33,11,-30,10,-32,9,-33,0,0,0,0,0,0,-30,-10,-34,-17,-27,-10,-30,-14,-33,-16,-26,-14,-33,-20,-27,-14,-29,-19,-23,-14,-24,-14,-28,-15,-27,-14,-29,-15,-23,-16,-24,-14,-28,-14,-26,-16,-23,-14,-29,-15,-23,-11,-27,-15,-21,-11,-24,-11,-27,-14,-27,-11,-27,-15,-23,-15,-24,-17,-24,-14,-26,-17,-24,-14,-27,-19,-22,-16,-23,-19,-20,-17,-23,-17,-22,-20,-23,-19,-22,-22,-21,-22,-14,-23,-16,-24,-17,-23,-13,-21,-13,-23,-9,-22,-10,-23,-8,-19,-8,-21,-5,-21,-7,-20,-3,-20,-3,-21,1,-19,2,-19,3,-16,0,0,0,0,0,0,0,0,0,0]"""
1782031942576,2026-06-21T17:52:22.576,safe,posture,mhw,standing_still,t017,"CSI_DATA,536013,1a:00:00:00:00:00,-44,11,-99,16,29,11,528358695,47,2,256,0,""[0,0,0,0,0,0,0,0,0,0,0,0,0,6,-1,6,1,6,1,8,1,8,0,9,0,9,0,8,0,10,0,11,-1,9,-3,12,-1,11,-2,12,-3,12,-3,13,-3,13,-5,13,-4,12,-4,16,-4,16,-5,17,-6,18,-8,15,-10,15,-8,16,-11,16,-11,16,-9,17,-9,17,-11,17,-9,17,-9,18,-9,17,-10,18,-12,18,-12,19,-13,17,-11,18,-13,19,-12,18,-13,21,-11,20,-15,21,-12,20,-12,19,-13,23,-15,21,-16,25,-17,26,-18,21,-19,24,-20,25,-19,24,-24,24,-21,24,-21,25,0,0,0,0,0,0,21,25,25,27,21,23,20,27,21,28,16,26,19,28,18,26,17,28,15,25,18,24,16,25,20,26,18,27,13,25,15,26,16,25,15,27,13,26,17,25,16,24,15,27,15,23,15,21,15,24,16,26,15,27,12,25,12,27,12,26,11,26,9,28,11,28,11,26,10,28,10,27,9,26,8,27,8,28,6,28,4,28,0,26,1,28,-1,27,-2,26,-1,27,-5,24,-5,25,-5,20,-3,20,-5,20,-5,19,-8,19,-11,18,-10,12,-10,15,-15,12,0,0,0,0,0,0,0,0,0,0]"""
1782031942589,2026-06-21T17:52:22.589,safe,posture,mhw,standing_still,t017,"CSI_DATA,536014,1a:00:00:00:00:00,-44,11,-99,21,28,11,528371214,47,2,256,0,""[0,0,0,0,0,0,0,0,0,0,0,0,-5,1,-7,0,-5,0,-7,0,-6,-1,-8,0,-10,-1,-8,-2,-11,0,-7,-3,-12,-2,-11,-1,-13,-2,-11,0,-13,-2,-12,-1,-15,-2,-14,-1,-16,-3,-17,-3,-14,-3,-17,-4,-15,-5,-16,-3,-20,-3,-16,-4,-15,-4,-19,-6,-15,-2,-20,-2,-17,-2,-24,-3,-19,-4,-20,-2,-20,-4,-20,-2,-17,-2,-21,1,-22,0,-20,1,-22,-2,-21,4,-24,4,-24,1,-31,2,-24,0,-26,5,-28,0,-26,4,-26,4,-30,8,-28,10,-31,4,-29,5,-33,7,-34,7,-30,4,0,0,0,0,0,0,2,37,5,33,6,37,4,33,5,29,6,34,6,29,6,34,5,28,5,34,5,32,2,26,7,29,4,26,8,31,7,31,10,28,10,25,7,32,12,22,14,26,12,25,14,30,11,29,8,25,13,26,8,24,14,25,14,25,14,25,11,24,13,30,15,21,17,25,13,25,19,32,10,28,12,25,8,29,8,25,8,26,12,26,11,25,8,22,5,25,8,21,8,25,4,25,3,29,1,22,1,23,-2,20,-1,19,-1,17,-1,20,-2,17,-3,19,0,0,0,0,0,0,0,0,0,0]"""
1782031942599,2026-06-21T17:52:22.599,safe,posture,mhw,standing_still,t017,"CSI_DATA,536015,1a:00:00:00:00:00,-44,11,-99,15,29,11,528380695,47,2,256,0,""[0,0,0,0,0,0,0,0,0,0,0,0,-5,0,-5,0,-5,0,-5,-2,-8,-1,-9,1,-9,-2,-7,-2,-10,-1,-8,-3,-10,-1,-9,0,-13,-2,-11,-2,-15,-4,-11,-3,-15,-3,-15,-3,-15,-3,-19,-8,-15,-3,-15,-7,-15,-7,-17,-4,-17,-7,-17,-5,-15,-5,-20,-5,-16,-4,-20,-4,-19,-4,-23,-5,-20,-8,-19,-7,-20,-5,-20,-7,-19,-4,-22,-1,-20,-3,-19,-1,-22,-4,-21,2,-26,1,-27,-1,-32,-2,-23,-2,-27,-1,-26,-5,-26,0,-30,-2,-33,2,-30,2,-30,-1,-33,-2,-32,2,-36,-2,-32,-1,0,0,0,0,0,0,-3,33,0,32,-1,38,-2,35,-1,28,-3,35,1,29,0,38,0,29,-2,35,-2,35,-4,29,-1,32,-3,27,0,32,3,28,2,29,2,28,1,33,3,26,4,29,4,29,4,30,2,30,1,28,2,29,2,26,9,29,5,29,7,28,3,27,4,32,8,24,9,28,7,28,5,36,1,29,3,29,0,30,-1,27,0,27,3,29,1,28,1,24,-3,26,1,22,0,27,-3,24,-7,28,-8,20,-5,21,-9,19,-7,19,-9,16,-8,19,-9,16,-9,14,0,0,0,0,0,0,0,0,0,0]"""
1782031942609,2026-06-21T17:52:22.609,safe,posture,mhw,standing_still,t017,"CSI_DATA,536016,1a:00:00:00:00:00,-44,11,-99,16,29,11,528391695,47,2,256,0,""[0,0,0,0,0,0,0,0,0,0,0,0,-4,4,-4,4,-4,4,-5,5,-3,5,-4,5,-5,6,-6,4,-4,8,-5,6,-6,8,-5,10,-8,10,-5,10,-9,12,-6,8,-8,12,-8,10,-10,15,-11,12,-12,10,-8,15,-10,15,-8,17,-8,16,-6,16,-8,16,-10,17,-5,17,-5,19,-8,17,-6,24,-9,19,-5,18,-6,20,-3,20,-2,19,-3,23,1,21,2,20,-2,25,4,19,3,26,4,24,5,30,2,24,8,27,5,30,8,23,10,25,13,27,13,25,13,31,11,28,17,28,17,34,13,30,0,0,0,0,0,0,30,-17,25,-15,32,-20,30,-16,23,-15,30,-19,21,-18,27,-23,24,-17,27,-23,25,-21,23,-18,19,-23,19,-17,20,-23,17,-25,15,-25,13,-24,19,-26,10,-23,11,-28,12,-23,13,-28,12,-28,11,-25,10,-27,9,-24,4,-26,4,-28,3,-27,6,-25,8,-31,0,-23,1,-30,4,-28,4,-35,8,-28,3,-30,6,-30,4,-26,4,-24,1,-28,1,-26,1,-26,5,-27,1,-23,3,-26,5,-25,5,-28,6,-19,5,-23,9,-18,5,-19,6,-18,5,-19,6,-17,9,-15,0,0,0,0,0,0,0,0,0,0]"""
1782031942620,2026-06-21T17:52:22.620,safe,posture,mhw,standing_still,t017,"CSI_DATA,536017,1a:00:00:00:00:00,-44,11,-99,15,29,11,528402695,47,2,256,0,""[0,0,0,0,0,0,0,0,0,0,0,0,0,7,0,4,1,8,1,7,1,7,1,7,2,5,2,8,2,10,0,11,2,11,2,11,2,11,1,14,1,13,2,15,2,14,2,16,3,14,1,14,2,17,5,16,4,19,2,16,2,17,4,17,4,19,4,17,5,21,5,16,5,19,7,16,9,17,9,17,11,19,13,19,13,20,10,19,11,19,15,19,15,17,17,20,14,19,19,17,15,15,21,14,20,15,23,13,24,16,26,15,22,16,24,17,26,17,29,17,27,17,28,14,29,13,0,0,0,0,0,0,14,-30,15,-34,10,-27,13,-30,14,-34,14,-27,14,-34,10,-28,11,-34,8,-26,5,-28,4,-32,3,-32,3,-32,7,-29,3,-29,1,-29,2,-29,2,-28,0,-30,-2,-26,-1,-32,-3,-24,-4,-27,-5,-29,-8,-30,-8,-33,-5,-27,-5,-30,-11,-27,-7,-30,-10,-27,-9,-32,-10,-27,-10,-29,-7,-26,-13,-27,-10,-27,-14,-28,-11,-28,-9,-28,-5,-27,-9,-27,-8,-28,-8,-26,-5,-27,-3,-22,-5,-26,-4,-19,-4,-22,-5,-20,-5,-21,-3,-21,-3,-21,1,-20,0,-17,1,-19,0,0,0,0,0,0,0,0,0,0]"""
1782031942633,2026-06-21T17:52:22.633,safe,posture,mhw,standing_still,t017,"CSI_DATA,536018,1a:00:00:00:00:00,-44,11,-99,16,29,11,528413695,47,2,256,0,""[0,0,0,0,0,0,0,0,0,0,0,0,-2,-4,-4,-3,-3,-5,-4,-5,-5,-4,-3,-6,-5,-6,-5,-5,-4,-6,-6,-8,-6,-9,-6,-10,-4,-9,-5,-10,-4,-10,-4,-13,-5,-13,-5,-13,-5,-15,-3,-15,-3,-17,-3,-15,-4,-17,-4,-18,-4,-18,-4,-17,-4,-17,-5,-18,-3,-20,-3,-19,-4,-18,-4,-20,-4,-20,-4,-20,-6,-20,-3,-19,-5,-19,-5,-23,-4,-23,-5,-21,-6,-21,-5,-23,-5,-23,-9,-24,-5,-24,-9,-27,-6,-26,-10,-25,-6,-26,-6,-27,-8,-31,-6,-28,-8,-30,-5,-31,-5,-32,-6,-34,-5,-33,0,0,0,0,0,0,-33,5,-34,3,-33,3,-34,1,-32,1,-32,1,-33,-1,-32,0,-32,1,-33,0,-31,0,-32,3,-30,-1,-31,2,-31,1,-28,2,-30,4,-30,2,-26,2,-30,-1,-30,1,-28,2,-28,1,-28,1,-32,3,-27,0,-28,1,-30,3,-30,2,-30,2,-28,1,-27,3,-30,-4,-28,-2,-28,0,-30,-4,-32,-3,-27,-4,-30,-3,-26,-8,-26,-5,-27,-8,-26,-9,-23,-9,-23,-8,-23,-12,-23,-13,-20,-11,-19,-13,-20,-12,-17,-12,-16,-13,-13,-15,-13,-17,-12,-16,-10,-13,-10,-15,0,0,0,0,0,0,0,0,0,0]"""
1782031942642,2026-06-21T17:52:22.642,safe,posture,mhw,standing_still,t017,"CSI_DATA,536019,1a:00:00:00:00:00,-44,11,-99,16,29,11,528424695,47,2,256,0,""[0,0,0,0,0,0,0,0,0,0,0,0,-2,5,-3,5,-2,5,-2,6,-2,8,-3,8,-3,8,-3,6,-4,10,-4,10,-4,9,-5,11,-4,10,-4,10,-8,11,-5,12,-6,12,-6,13,-5,13,-9,11,-10,15,-6,16,-9,15,-8,13,-10,17,-9,13,-10,16,-10,18,-8,17,-8,18,-9,17,-6,19,-5,18,-5,20,-5,21,-6,21,-5,21,-5,19,-5,21,-4,23,-4,24,0,23,-2,24,-2,27,-1,24,-1,23,2,27,0,26,3,27,1,30,2,30,2,31,1,33,2,30,3,32,3,35,3,33,0,0,0,0,0,0,35,-3,34,-2,34,-5,34,-3,33,-4,31,-3,31,-5,33,-6,31,-5,32,-6,30,-9,27,-4,31,-11,28,-8,30,-6,28,-8,28,-11,26,-10,30,-10,24,-13,24,-15,26,-11,24,-13,24,-16,25,-15,24,-18,25,-15,24,-15,25,-17,21,-17,26,-13,26,-19,23,-18,23,-19,25,-17,25,-18,21,-16,23,-18,25,-17,24,-18,24,-16,23,-15,24,-15,23,-13,25,-12,20,-12,23,-11,23,-10,24,-9,19,-8,19,-8,19,-8,20,-6,20,-4,18,-2,18,-2,18,-1,0,0,0,0,0,0,0,0,0,0]"""
1782031942654,2026-06-21T17:52:22.654,safe,posture,mhw,standing_still,t017,"CSI_DATA,536020,1a:00:00:00:00:00,-44,11,-99,15,29,11,528435695,47,2,256,0,""[0,0,0,0,0,0,0,0,0,0,0,0,1,-4,1,-5,2,-5,1,-8,1,-5,2,-7,2,-7,1,-8,0,-10,3,-9,4,-10,4,-11,3,-9,7,-11,8,-13,7,-11,8,-13,10,-11,9,-10,8,-10,9,-9,11,-16,10,-13,13,-11,14,-11,13,-13,15,-11,17,-13,15,-13,15,-13,15,-10,15,-13,14,-11,15,-13,14,-14,17,-16,16,-14,19,-13,16,-13,19,-14,17,-14,19,-15,22,-15,21,-14,20,-14,17,-14,21,-19,20,-19,21,-20,23,-19,24,-14,27,-16,28,-17,27,-15,29,-15,27,-19,28,-15,0,0,0,0,0,0,-13,-33,-9,-32,-10,-30,-8,-32,-9,-33,-4,-34,-5,-30,-8,-32,-4,-30,-5,-29,-8,-29,-5,-28,-10,-32,-7,-28,-1,-29,-3,-29,-5,-30,-4,-30,-2,-30,-4,-29,-4,-28,-2,-29,-4,-27,-5,-27,-4,-29,-5,-30,-3,-29,-2,-27,-2,-30,-2,-28,1,-28,0,-33,0,-29,0,-30,3,-30,1,-28,1,-29,2,-29,2,-29,4,-30,7,-27,11,-26,9,-27,13,-24,14,-27,10,-22,15,-22,15,-21,14,-17,14,-15,15,-16,14,-14,16,-15,17,-14,15,-7,16,-5,17,-4,0,0,0,0,0,0,0,0,0,0]"""
1782031942666,2026-06-21T17:52:22.666,safe,posture,mhw,standing_still,t017,"CSI_DATA,536021,1a:00:00:00:00:00,-44,11,-99,15,29,11,528446695,47,2,256,0,""[0,0,0,0,0,0,0,0,0,0,0,0,-2,-5,-2,-4,-2,-5,-2,-5,-2,-7,-2,-7,-3,-8,-3,-9,-3,-8,-4,-10,-1,-10,-3,-11,-2,-10,-3,-13,-2,-13,-3,-14,-4,-14,-2,-15,-3,-13,-3,-13,-5,-16,-4,-17,-3,-19,-1,-15,-2,-19,-1,-19,-1,-20,-2,-19,-3,-19,-4,-20,-3,-20,-4,-17,-4,-20,-7,-20,-7,-21,-8,-22,-5,-21,-4,-20,-7,-21,-8,-22,-8,-22,-10,-23,-8,-20,-10,-24,-10,-21,-13,-22,-13,-22,-14,-22,-15,-24,-14,-28,-13,-24,-15,-27,-15,-28,-14,-28,-17,-29,-16,-27,-19,-28,0,0,0,0,0,0,-28,15,-34,16,-26,14,-29,17,-33,19,-27,14,-30,16,-28,15,-32,15,-23,16,-22,15,-26,14,-27,20,-27,19,-24,13,-24,17,-23,19,-24,16,-24,19,-23,20,-20,20,-22,20,-17,17,-19,19,-21,19,-20,23,-22,21,-21,19,-22,21,-22,22,-21,21,-20,21,-21,23,-20,20,-21,19,-21,19,-20,20,-19,21,-21,22,-23,21,-23,21,-23,14,-23,16,-24,16,-22,13,-22,15,-21,10,-22,13,-19,9,-20,11,-19,8,-20,9,-20,5,-20,7,-17,3,-19,3,-19,0,0,0,0,0,0,0,0,0,0,0]"""
1782031942676,2026-06-21T17:52:22.676,safe,posture,mhw,standing_still,t017,"CSI_DATA,536022,1a:00:00:00:00:00,-44,11,-99,15,29,11,528457695,47,2,256,0,""[0,0,0,0,0,0,0,0,0,0,0,0,-4,1,-5,1,-7,1,-5,1,-8,2,-7,1,-9,2,-9,1,-8,1,-9,0,-11,3,-10,3,-11,3,-11,3,-13,4,-11,3,-15,4,-14,4,-16,4,-14,5,-13,7,-15,3,-15,4,-16,8,-17,7,-15,8,-17,5,-16,9,-16,7,-17,9,-16,10,-20,13,-16,11,-17,13,-16,14,-15,14,-15,13,-15,16,-14,16,-13,17,-13,20,-11,17,-13,23,-10,21,-14,23,-10,26,-10,24,-9,26,-9,26,-8,27,-9,29,-7,28,-8,32,-8,30,-7,34,-7,34,-3,33,0,0,0,0,0,0,34,1,33,1,39,1,33,0,30,0,34,-1,30,-1,35,-1,32,-4,34,-2,33,-4,28,-7,29,-5,26,-8,30,-9,28,-9,27,-13,26,-11,26,-14,24,-11,27,-16,23,-14,27,-17,24,-17,22,-17,21,-16,20,-20,19,-22,21,-22,21,-23,20,-21,19,-24,20,-21,20,-24,17,-23,22,-26,19,-23,17,-23,17,-22,17,-20,16,-21,19,-24,17,-23,15,-21,16,-22,15,-19,16,-20,14,-19,17,-19,16,-16,15,-15,14,-15,15,-14,14,-14,16,-14,14,-10,13,-9,0,0,0,0,0,0,0,0,0,0]"""
1782031942687,2026-06-21T17:52:22.687,safe,posture,mhw,standing_still,t017,"CSI_DATA,536023,1a:00:00:00:00:00,-44,11,-99,16,29,11,528468695,47,2,256,0,""[0,0,0,0,0,0,0,0,0,0,0,0,1,-6,1,-5,-1,-4,-1,-6,0,-6,-1,-6,0,-8,0,-9,0,-11,0,-9,1,-11,2,-10,2,-11,2,-11,2,-13,1,-12,3,-15,3,-13,3,-13,2,-15,2,-12,4,-18,5,-15,5,-15,6,-17,5,-16,8,-17,8,-19,5,-16,6,-18,5,-17,5,-19,6,-18,4,-18,5,-20,6,-21,5,-19,5,-21,5,-19,5,-21,8,-23,2,-20,2,-24,6,-27,4,-26,5,-23,3,-26,5,-27,3,-28,4,-30,5,-30,4,-31,5,-34,8,-27,5,-33,5,-35,5,-32,0,0,0,0,0,0,-36,-9,-32,-6,-32,-9,-32,-10,-30,-8,-32,-11,-27,-8,-32,-10,-27,-10,-30,-11,-28,-9,-26,-10,-33,-6,-28,-8,-28,-9,-30,-6,-30,-5,-28,-8,-32,-9,-26,-4,-30,-3,-27,-6,-28,-4,-27,-4,-27,-5,-32,-4,-27,-4,-28,-4,-30,-4,-28,-3,-26,-5,-30,-9,-28,-4,-30,-3,-28,-9,-32,-6,-27,-8,-28,-8,-28,-8,-26,-10,-25,-10,-25,-11,-25,-11,-25,-12,-24,-12,-23,-10,-21,-12,-20,-13,-19,-16,-16,-16,-17,-13,-12,-15,-15,-16,-12,-16,-9,-15,-9,-15,-6,-17,0,0,0,0,0,0,0,0,0,0]"""
1782031942699,2026-06-21T17:52:22.699,safe,posture,mhw,standing_still,t017,"CSI_DATA,536024,1a:00:00:00:00:00,-44,11,-99,16,29,11,528479695,47,2,256,0,""[0,0,0,0,0,0,0,0,0,0,0,0,-5,-3,-4,-1,-6,-4,-4,-4,-6,-5,-5,-4,-5,-3,-6,-4,-8,-5,-8,-8,-6,-9,-8,-6,-10,-8,-10,-9,-6,-8,-11,-13,-9,-10,-8,-12,-6,-10,-10,-11,-11,-12,-9,-15,-10,-16,-8,-12,-9,-15,-10,-16,-9,-16,-9,-15,-8,-20,-8,-16,-9,-17,-6,-15,-11,-15,-9,-18,-11,-16,-12,-18,-11,-19,-10,-19,-12,-20,-12,-20,-13,-18,-12,-24,-12,-21,-13,-21,-11,-16,-17,-21,-15,-21,-18,-19,-17,-21,-16,-26,-15,-24,-18,-26,-15,-25,-17,-26,-16,-28,-15,-26,-17,-27,0,0,0,0,0,0,-28,13,-33,17,-24,13,-30,12,-34,16,-27,10,-34,12,-27,12,-31,11,-25,10,-26,11,-28,13,-28,11,-31,17,-26,11,-26,11,-27,13,-26,11,-24,11,-30,12,-24,11,-28,13,-21,10,-23,12,-27,15,-24,12,-28,15,-25,13,-26,12,-25,17,-27,13,-25,12,-32,11,-26,9,-28,11,-24,6,-27,11,-27,9,-27,11,-31,6,-30,5,-27,2,-27,4,-31,2,-25,0,-27,-1,-21,-3,-25,-1,-18,-2,-23,-2,-19,-5,-20,-3,-20,-6,-20,-6,-16,-9,-15,-10,-12,-10,0,0,0,0,0,0,0,0,0,0]"""
1782031942708,2026-06-21T17:52:22.708,safe,posture,mhw,standing_still,t017,"CSI_DATA,536025,1a:00:00:00:00:00,-44,11,-99,16,29,11,528490695,47,2,256,0,""[0,0,0,0,0,0,0,0,0,0,0,0,-4,3,-3,2,-6,5,-3,4,-6,5,-5,4,-3,3,-6,6,-6,6,-8,8,-5,5,-8,8,-8,9,-9,8,-9,8,-11,9,-9,8,-13,10,-10,9,-11,9,-15,10,-11,11,-13,13,-11,11,-13,10,-13,12,-15,12,-13,11,-16,16,-12,12,-15,16,-10,12,-11,16,-13,13,-11,18,-11,18,-15,19,-12,16,-13,19,-10,23,-8,19,-11,23,-11,20,-9,25,-6,18,-6,25,-8,24,-4,26,-6,30,-8,30,-8,25,-9,31,-9,31,-8,33,-8,30,-5,30,-2,32,0,0,0,0,0,0,32,4,40,5,26,3,32,4,39,2,28,3,35,4,32,2,35,4,27,1,28,1,31,0,33,-3,33,-3,30,0,30,-1,31,-3,32,-4,25,-4,32,-6,26,-6,30,-8,21,-8,25,-10,28,-9,26,-11,30,-12,26,-10,27,-10,28,-11,28,-12,25,-13,32,-12,24,-13,27,-12,21,-11,25,-13,26,-11,25,-15,26,-13,28,-12,25,-8,27,-8,27,-9,24,-8,27,-8,21,-3,25,-9,18,-3,23,-5,21,-4,21,-6,20,-3,23,-4,17,0,18,0,17,2,0,0,0,0,0,0,0,0,0,0]"""
1782031942721,2026-06-21T17:52:22.721,safe,posture,mhw,standing_still,t017,"CSI_DATA,536026,1a:00:00:00:00:00,-44,11,-99,19,28,11,528501695,47,2,256,0,""[0,0,0,0,0,0,0,0,0,0,0,0,8,-7,-4,-17,-14,-14,13,-14,1,19,-17,0,8,9,-7,8,-1,8,-16,-19,-11,3,-5,-7,-14,1,-7,-7,-23,-9,-9,-2,-19,-4,-15,-10,-14,-10,-19,-11,-10,-16,-13,-10,-14,-8,-16,-8,-13,-13,-13,-11,-11,-9,-14,-13,-13,-13,-16,-13,-11,-14,-17,-17,-13,-14,-14,-15,-14,-16,-15,-14,-15,-14,-20,-14,-14,-14,-15,-13,-15,-16,-16,-14,-20,-16,-19,-15,-23,-21,-17,-20,-20,-19,-16,-22,-16,-19,-17,-22,-24,-22,-20,-19,-22,-23,-21,-27,-23,-24,-20,-29,-20,-28,0,0,0,0,0,0,-29,15,-27,16,-34,21,-30,15,-23,11,-30,15,-26,14,-33,15,-26,13,-35,14,-30,11,-28,8,-27,10,-24,8,-29,14,-27,13,-24,14,-26,10,-28,9,-23,10,-28,13,-26,11,-30,13,-29,9,-27,8,-26,7,-26,7,-28,14,-27,10,-27,9,-24,8,-29,8,-24,7,-29,8,-28,7,-35,5,-32,2,-28,3,-30,0,-26,-1,-26,0,-32,1,-27,-2,-23,0,-26,-4,-23,-2,-26,-5,-23,-8,-27,-11,-20,-11,-19,-13,-16,-15,-13,-11,-15,-13,-15,-15,-13,-11,-11,-14,0,0,0,0,0,0,0,0,0,0]"""
1782031942731,2026-06-21T17:52:22.731,safe,posture,mhw,standing_still,t017,"CSI_DATA,536027,1a:00:00:00:00:00,-44,11,-99,15,29,11,528512695,47,2,256,0,""[0,0,0,0,0,0,0,0,0,0,0,0,3,-4,2,-4,3,-7,1,-5,2,-7,3,-5,2,-7,2,-10,3,-8,1,-10,2,-10,2,-10,2,-13,4,-11,3,-11,4,-16,4,-11,3,-14,2,-11,2,-16,0,-20,3,-16,1,-19,1,-17,1,-17,1,-19,1,-20,0,-19,1,-22,0,-17,-2,-21,-4,-16,-4,-20,-3,-19,-7,-20,-4,-20,-8,-21,-9,-21,-9,-20,-14,-20,-13,-17,-14,-24,-11,-20,-17,-20,-11,-15,-20,-19,-17,-19,-22,-15,-23,-17,-23,-17,-22,-15,-26,-17,-28,-17,-29,-17,-29,-16,-27,-14,-30,-15,0,0,0,0,0,0,-15,29,-14,35,-4,28,-10,32,-9,36,-5,29,-7,35,-4,29,-4,35,-1,29,-1,30,2,33,1,32,5,33,3,30,4,28,9,30,9,30,7,24,8,32,10,24,14,27,13,21,13,24,14,24,16,23,20,26,19,22,20,23,23,22,22,22,21,20,22,26,22,21,22,19,19,16,24,17,20,20,26,15,23,19,23,19,20,17,22,17,23,17,19,15,20,17,16,16,21,15,15,13,21,15,17,14,17,13,16,14,16,14,14,11,11,13,10,13,0,0,0,0,0,0,0,0,0,0]"""
1782031942740,2026-06-21T17:52:22.740,safe,posture,mhw,standing_still,t017,"CSI_DATA,536028,1a:00:00:00:00:00,-44,11,-99,16,29,11,528523695,47,2,256,0,""[0,0,0,0,0,0,0,0,0,0,0,0,5,0,6,2,6,0,8,0,6,1,8,1,9,0,9,1,9,1,10,1,11,2,11,2,11,1,12,1,12,3,15,2,17,2,15,4,13,3,13,1,15,2,18,2,17,5,16,6,18,6,17,5,18,6,20,6,19,5,18,5,19,6,20,3,17,3,18,1,21,0,23,2,21,3,20,3,21,3,23,2,25,2,24,2,25,2,25,2,23,0,23,-1,25,-2,27,-4,28,-3,32,-2,30,0,32,-2,33,-1,31,-2,33,0,34,-2,31,-2,0,0,0,0,0,0,0,-35,1,-38,-1,-33,1,-33,-1,-33,3,-33,2,-32,-1,-33,1,-32,-1,-31,-2,-28,-1,-31,-5,-32,-4,-31,0,-30,-2,-30,-5,-30,-3,-30,-2,-30,-5,-27,-6,-28,-3,-31,-5,-25,-8,-26,-6,-26,-10,-27,-8,-28,-5,-26,-6,-28,-10,-28,-6,-30,-8,-31,-6,-28,-9,-28,-5,-27,-6,-27,-8,-27,-8,-26,-9,-28,-5,-30,-4,-27,0,-26,-2,-28,0,-27,0,-27,0,-26,1,-25,1,-25,2,-21,2,-23,3,-21,2,-21,4,-21,4,-19,9,-18,8,-16,9,-15,0,0,0,0,0,0,0,0,0,0]"""
1782031942752,2026-06-21T17:52:22.752,safe,posture,mhw,standing_still,t017,"CSI_DATA,536029,1a:00:00:00:00:00,-44,11,-99,15,29,11,528534695,47,2,256,0,""[0,0,0,0,0,0,0,0,0,0,0,0,-4,-3,-2,-4,-2,-5,-4,-7,-3,-4,-4,-7,-4,-7,-4,-5,-7,-8,-4,-7,-7,-8,-8,-8,-8,-8,-8,-9,-8,-11,-8,-8,-10,-11,-9,-10,-13,-10,-10,-11,-7,-14,-13,-11,-11,-11,-14,-11,-14,-11,-14,-11,-11,-11,-16,-13,-13,-9,-16,-10,-15,-10,-20,-10,-17,-11,-17,-9,-17,-9,-20,-8,-19,-7,-22,-4,-21,-5,-21,-3,-24,-5,-21,-1,-28,-1,-24,-1,-30,-1,-24,-3,-27,1,-28,-2,-28,0,-29,3,-32,7,-27,9,-33,4,-30,4,-30,13,-35,10,-33,9,0,0,0,0,0,0,11,33,10,29,13,35,9,32,10,24,13,35,14,26,17,33,13,24,19,32,17,29,13,27,17,26,15,22,20,24,20,21,22,19,22,17,21,24,21,15,26,16,22,17,26,17,24,17,22,15,24,15,22,11,26,10,29,9,26,9,27,9,29,13,24,5,30,7,27,8,34,10,27,11,29,8,27,9,26,10,23,8,30,7,28,5,24,5,24,8,22,3,27,7,21,8,27,10,19,8,22,11,17,11,19,8,19,10,16,10,16,9,15,11,0,0,0,0,0,0,0,0,0,0]"""
1782031942764,2026-06-21T17:52:22.764,safe,posture,mhw,standing_still,t017,"CSI_DATA,536030,1a:00:00:00:00:00,-44,11,-99,15,29,11,528545695,47,2,256,0,""[0,0,0,0,0,0,0,0,0,0,0,0,-4,3,-4,4,-5,3,-7,3,-7,3,-5,3,-5,3,-7,5,-7,8,-7,7,-8,5,-9,8,-8,8,-9,8,-10,7,-10,9,-9,10,-13,9,-10,9,-10,8,-11,8,-11,14,-14,11,-13,9,-15,13,-14,13,-14,15,-14,14,-14,14,-11,15,-13,14,-11,15,-11,16,-13,16,-11,19,-9,20,-11,20,-9,19,-9,21,-8,22,-9,22,-4,24,-5,24,-7,27,-4,23,-4,24,-2,26,-1,28,0,30,-2,30,-1,28,-1,32,-1,33,0,32,1,32,2,32,2,33,0,0,0,0,0,0,36,-2,36,-2,32,-3,33,-5,34,-5,33,-3,32,-7,32,-7,32,-7,28,-8,27,-10,29,-8,30,-13,30,-11,27,-8,29,-13,26,-15,29,-13,26,-14,24,-19,22,-17,24,-17,19,-17,20,-19,21,-19,21,-22,21,-22,21,-19,22,-21,19,-21,21,-22,19,-24,17,-24,16,-24,19,-23,19,-23,16,-22,16,-26,19,-24,19,-26,19,-21,19,-20,19,-21,19,-21,19,-20,16,-21,16,-20,17,-20,15,-15,15,-15,15,-16,15,-15,16,-16,16,-11,15,-10,15,-9,16,-9,0,0,0,0,0,0,0,0,0,0]"""
1782031942774,2026-06-21T17:52:22.774,safe,posture,mhw,standing_still,t017,"CSI_DATA,536031,1a:00:00:00:00:00,-44,11,-99,16,29,11,528556695,47,2,256,0,""[0,0,0,0,0,0,0,0,0,0,0,0,3,4,2,5,3,5,3,5,3,6,3,5,3,6,5,8,3,8,8,9,5,9,5,9,6,10,10,9,5,10,8,15,8,11,6,13,8,11,8,11,9,12,9,13,11,16,9,13,10,16,10,15,11,16,10,13,11,17,10,15,12,15,10,12,15,15,15,15,17,13,16,13,17,15,16,15,18,13,21,12,19,10,21,15,19,13,21,10,17,10,25,9,24,11,26,5,27,10,30,9,25,9,28,10,30,11,28,11,32,9,28,8,33,5,0,0,0,0,0,0,8,-32,9,-36,5,-28,6,-33,4,-39,8,-30,5,-34,3,-31,4,-32,2,-27,1,-28,-1,-32,1,-31,-3,-33,-1,-28,-1,-28,-6,-30,-4,-31,-3,-28,-4,-31,-4,-27,-6,-32,-8,-24,-8,-26,-10,-27,-9,-27,-11,-27,-12,-25,-13,-28,-16,-26,-15,-27,-12,-25,-11,-30,-12,-27,-13,-26,-10,-21,-16,-27,-12,-25,-17,-23,-12,-26,-11,-26,-8,-25,-11,-26,-11,-26,-10,-25,-6,-25,-5,-24,-9,-24,-5,-17,-6,-23,-6,-21,-8,-19,-3,-20,-3,-20,-2,-17,-1,-18,0,-15,0,0,0,0,0,0,0,0,0,0]"""
1782031942785,2026-06-21T17:52:22.785,safe,posture,mhw,standing_still,t017,"CSI_DATA,536032,1a:00:00:00:00:00,-44,11,-99,15,29,11,528567695,47,2,256,0,""[0,0,0,0,0,0,0,0,0,0,0,0,2,3,2,5,2,5,2,7,2,7,0,9,0,10,1,7,1,9,1,10,0,11,0,11,0,11,0,11,0,14,0,13,0,16,-1,15,-2,17,-2,14,-4,11,-3,15,-7,14,-4,19,-5,17,-5,17,-7,15,-7,19,-4,16,-5,17,-5,17,-9,22,-8,19,-7,19,-9,21,-8,16,-5,17,-4,21,-7,21,-4,19,-9,21,-4,22,-4,24,-9,24,-11,29,-9,23,-10,26,-13,26,-9,23,-10,27,-10,32,-9,28,-13,29,-14,29,-11,32,-13,32,-16,32,0,0,0,0,0,0,33,19,24,16,32,21,28,20,22,17,29,22,24,16,29,23,23,16,27,24,24,21,21,19,23,19,20,20,24,20,26,19,23,17,22,15,22,21,21,16,24,17,22,15,24,20,22,21,20,17,21,20,19,20,23,19,23,20,22,19,19,17,22,23,20,16,23,21,20,19,24,28,19,26,17,23,15,27,13,24,13,23,16,26,13,24,11,21,9,24,10,20,10,23,5,26,4,29,2,22,1,21,-2,21,-1,19,-3,20,-1,20,-2,17,-7,17,0,0,0,0,0,0,0,0,0,0]"""
1782031942797,2026-06-21T17:52:22.797,safe,posture,mhw,standing_still,t017,"CSI_DATA,536033,1a:00:00:00:00:00,-44,11,-99,16,29,11,528578695,47,2,256,0,""[0,0,0,0,0,0,0,0,0,0,0,0,5,1,6,1,5,1,8,1,5,0,9,2,9,1,8,2,9,2,8,2,11,3,11,1,12,2,11,1,15,3,11,1,15,2,12,2,15,3,18,4,13,2,17,3,13,3,17,3,18,4,17,2,17,4,21,6,16,2,20,1,19,2,24,3,19,4,20,1,21,3,21,1,19,0,21,-1,21,-2,20,-2,24,1,21,-4,26,-6,24,-3,30,-6,24,-2,26,-8,28,-2,24,-4,28,-6,30,-10,27,-10,31,-6,31,-6,32,-13,34,-11,32,-8,0,0,0,0,0,0,-9,-33,-6,-31,-10,-36,-8,-33,-6,-26,-9,-33,-9,-26,-11,-34,-9,-25,-10,-33,-11,-31,-8,-27,-13,-27,-9,-24,-13,-28,-15,-26,-15,-26,-13,-24,-13,-28,-13,-20,-19,-24,-16,-21,-19,-26,-17,-25,-15,-21,-17,-21,-15,-21,-20,-20,-20,-21,-19,-19,-17,-19,-18,-26,-18,-17,-23,-20,-19,-20,-24,-27,-16,-25,-18,-21,-17,-26,-16,-21,-16,-19,-19,-23,-18,-23,-13,-19,-12,-23,-16,-18,-15,-20,-11,-21,-11,-26,-8,-19,-8,-21,-3,-19,-6,-19,-2,-18,-4,-19,-3,-17,-2,-18,0,0,0,0,0,0,0,0,0,0]"""
1782031942808,2026-06-21T17:52:22.808,safe,posture,mhw,standing_still,t017,"CSI_DATA,536034,1a:00:00:00:00:00,-44,11,-99,16,29,11,528589695,47,2,256,0,""[0,0,0,0,0,0,0,0,0,0,0,0,0,-4,0,-4,1,-5,1,-6,1,-8,0,-8,0,-8,0,-8,-1,-10,1,-10,0,-11,1,-10,0,-11,2,-12,2,-13,2,-13,2,-15,2,-13,2,-12,1,-16,1,-17,2,-16,2,-17,2,-17,3,-17,2,-17,4,-18,3,-18,2,-17,2,-20,2,-18,3,-19,2,-18,1,-21,1,-19,0,-21,1,-20,0,-20,0,-23,-2,-24,0,-25,-2,-21,-3,-24,-2,-25,-2,-25,-5,-21,-5,-25,-5,-26,-9,-27,-6,-30,-5,-28,-9,-31,-5,-33,-5,-30,-8,-31,-6,-31,-8,-33,0,0,0,0,0,0,-34,8,-33,5,-33,5,-33,8,-33,8,-33,5,-31,6,-33,9,-30,4,-31,5,-27,8,-28,6,-28,12,-28,9,-28,5,-30,9,-27,10,-28,10,-30,9,-24,12,-25,13,-27,10,-23,12,-25,12,-24,12,-25,16,-25,13,-25,13,-27,13,-24,15,-26,12,-27,15,-24,16,-24,16,-25,13,-26,15,-25,15,-25,15,-26,15,-26,15,-25,11,-25,9,-24,10,-25,8,-25,8,-24,8,-23,5,-26,4,-23,4,-20,3,-21,4,-21,3,-21,1,-20,-1,-17,-1,-17,-2,-19,-3,0,0,0,0,0,0,0,0,0,0]"""
1782031942818,2026-06-21T17:52:22.818,safe,posture,mhw,standing_still,t017,"CSI_DATA,536035,1a:00:00:00:00:00,-44,11,-99,16,29,11,528600695,47,2,256,0,""[0,0,0,0,0,0,0,0,0,0,0,0,-3,4,-5,4,-2,6,-3,5,-3,4,-4,6,-4,5,-5,6,-5,9,-6,6,-6,6,-6,8,-6,9,-10,9,-10,10,-9,9,-9,10,-12,10,-11,10,-10,6,-11,6,-13,12,-13,10,-12,9,-13,11,-12,11,-15,10,-17,11,-13,11,-15,13,-15,12,-13,13,-13,13,-13,13,-15,16,-16,17,-15,17,-15,15,-16,16,-17,18,-16,17,-15,19,-13,20,-15,20,-16,20,-15,18,-15,21,-15,21,-15,25,-17,26,-16,23,-17,26,-19,27,-18,25,-19,26,-19,30,-18,27,0,0,0,0,0,0,27,20,27,21,26,19,26,20,27,21,25,21,26,19,26,19,24,20,24,19,24,16,25,17,28,17,26,17,21,18,25,16,26,13,24,16,26,17,26,13,25,11,25,16,24,11,24,11,25,13,28,12,27,12,24,11,27,13,27,11,25,15,30,13,27,11,27,12,26,13,25,12,25,12,26,12,25,13,26,16,25,15,21,16,23,17,21,17,20,18,19,17,18,18,17,19,15,16,13,16,13,18,13,16,12,18,10,16,6,17,6,17,4,17,0,0,0,0,0,0,0,0,0,0]"""
1782031942830,2026-06-21T17:52:22.830,safe,posture,mhw,standing_still,t017,"CSI_DATA,536036,1a:00:00:00:00:00,-44,11,-99,16,29,11,528611695,47,2,256,0,""[0,0,0,0,0,0,0,0,0,0,0,0,5,-2,5,-1,5,-1,5,-2,5,-3,8,-2,10,-2,9,-3,9,-2,9,-3,11,-4,10,-3,10,-3,11,-2,11,-1,12,-3,15,-1,13,-3,16,-2,13,0,15,0,17,-1,16,-2,19,-1,18,-2,18,0,18,-2,17,-1,18,0,18,-2,18,-2,21,0,23,-1,20,-1,20,-2,20,0,21,-2,21,-4,21,-3,21,-4,20,-4,24,-4,25,-3,25,-5,26,-4,28,-6,26,-5,26,-5,27,-5,26,-4,28,-8,27,-6,28,-8,33,-5,31,-8,31,-5,31,-5,0,0,0,0,0,0,-4,-31,-6,-32,-6,-34,-6,-33,-4,-31,-5,-31,-3,-34,-4,-34,-4,-30,-4,-34,-2,-32,-3,-30,-2,-27,-5,-30,-6,-32,-5,-28,-8,-31,-6,-27,-5,-27,-5,-28,-8,-28,-6,-27,-8,-27,-6,-28,-8,-28,-4,-26,-6,-28,-12,-26,-8,-28,-9,-28,-8,-27,-9,-27,-5,-30,-8,-30,-8,-27,-4,-30,-5,-31,-3,-28,-4,-30,-1,-27,-2,-26,-2,-28,0,-28,0,-25,0,-25,2,-24,3,-25,1,-24,6,-23,5,-24,8,-20,8,-20,8,-17,9,-19,9,-18,9,-15,10,-13,0,0,0,0,0,0,0,0,0,0]"""
1782031942842,2026-06-21T17:52:22.842,safe,posture,mhw,standing_still,t017,"CSI_DATA,536037,1a:00:00:00:00:00,-44,11,-99,16,29,11,528622695,47,2,256,0,""[0,0,0,0,0,0,0,0,0,0,0,0,2,-5,1,-4,3,-5,3,-4,4,-5,4,-8,3,-8,4,-9,4,-6,4,-9,5,-9,4,-9,5,-11,5,-11,5,-9,8,-13,6,-11,9,-12,5,-11,8,-13,8,-17,6,-13,6,-18,9,-15,8,-15,6,-16,9,-18,5,-16,9,-19,4,-17,6,-19,3,-16,3,-19,2,-19,1,-19,2,-20,2,-24,3,-20,2,-23,-1,-25,-1,-21,-1,-26,-1,-23,-5,-25,-2,-19,-6,-26,-4,-25,-8,-26,-8,-28,-9,-28,-5,-27,-8,-28,-10,-28,-10,-33,-10,-31,-9,-28,-16,-28,0,0,0,0,0,0,-30,13,-35,15,-23,12,-31,16,-35,18,-26,12,-32,18,-25,15,-32,18,-23,15,-23,16,-25,19,-25,20,-24,24,-23,17,-21,19,-19,21,-21,21,-17,19,-21,25,-16,21,-19,26,-12,19,-13,24,-16,26,-12,26,-15,30,-13,25,-13,26,-10,28,-12,28,-9,27,-16,31,-10,26,-11,28,-9,23,-8,30,-10,27,-8,28,-10,28,-12,27,-12,25,-12,24,-13,26,-10,23,-15,24,-12,19,-10,24,-9,16,-10,21,-12,18,-9,20,-11,16,-11,18,-13,13,-11,13,-10,11,0,0,0,0,0,0,0,0,0,0]"""
1782031942852,2026-06-21T17:52:22.852,safe,posture,mhw,standing_still,t017,"CSI_DATA,536038,1a:00:00:00:00:00,-44,11,-99,16,29,11,528633695,47,2,256,0,""[0,0,0,0,0,0,0,0,0,0,0,0,3,-3,5,-3,4,-3,5,-4,4,-4,6,-5,8,-5,6,-4,6,-6,8,-3,11,-5,10,-4,11,-4,9,-6,15,-5,10,-4,15,-6,12,-3,16,-4,18,-3,17,-3,16,-3,16,-2,17,-4,18,-2,19,-3,17,-3,20,-2,17,-2,20,-4,19,-2,24,-3,20,0,19,-2,20,0,20,-1,17,-1,21,-8,20,-5,20,-4,23,-2,18,-5,24,-5,24,-3,30,-6,25,-1,27,-5,26,-2,24,-3,30,-6,31,-8,30,-6,33,-6,30,-3,30,-6,36,-2,33,-1,0,0,0,0,0,0,-1,-36,-1,-30,-2,-40,2,-33,2,-27,1,-38,-1,-30,1,-36,0,-27,2,-36,4,-32,4,-27,2,-28,3,-24,2,-33,-1,-31,1,-28,1,-26,3,-30,0,-24,-2,-32,1,-26,1,-33,2,-31,3,-27,1,-30,3,-25,-1,-31,1,-30,-1,-27,1,-27,4,-33,1,-25,1,-31,4,-27,5,-36,9,-27,6,-26,11,-28,10,-24,8,-23,11,-28,9,-27,9,-21,15,-23,9,-20,13,-24,13,-19,19,-23,18,-15,16,-16,17,-12,16,-11,15,-11,16,-12,15,-10,16,-6,0,0,0,0,0,0,0,0,0,0]"""
1782031942864,2026-06-21T17:52:22.864,safe,posture,mhw,standing_still,t017,"CSI_DATA,536039,1a:00:00:00:00:00,-44,11,-99,15,29,11,528644695,47,2,256,0,""[0,0,0,0,0,0,0,0,0,0,0,0,-4,-2,-7,-2,-5,-2,-5,-4,-7,-3,-8,-5,-5,-4,-7,-4,-7,-5,-7,-5,-8,-8,-8,-5,-8,-8,-8,-8,-8,-9,-8,-11,-10,-11,-9,-11,-9,-14,-8,-11,-7,-11,-8,-16,-8,-15,-9,-16,-8,-17,-7,-16,-8,-14,-9,-16,-7,-17,-8,-19,-8,-17,-7,-20,-5,-19,-7,-20,-8,-19,-5,-19,-9,-19,-11,-21,-8,-17,-9,-20,-10,-21,-9,-19,-9,-23,-10,-23,-10,-27,-9,-23,-9,-26,-9,-24,-9,-23,-8,-27,-14,-30,-10,-26,-10,-29,-8,-30,-10,-32,-9,-29,-9,-33,0,0,0,0,0,0,-36,5,-32,4,-38,7,-33,3,-30,3,-34,3,-30,2,-35,3,-29,2,-35,2,-33,0,-29,0,-29,-1,-27,0,-33,0,-29,1,-30,1,-28,1,-28,0,-27,0,-30,3,-28,3,-32,0,-29,-2,-29,1,-27,-2,-28,0,-29,1,-29,-1,-29,1,-27,0,-30,-2,-28,-2,-30,-2,-28,-3,-33,-5,-32,-8,-28,-7,-28,-9,-23,-9,-26,-9,-27,-10,-24,-10,-22,-10,-22,-11,-22,-13,-21,-14,-21,-14,-19,-17,-16,-17,-14,-17,-11,-17,-10,-17,-9,-15,-10,-19,-8,-16,-5,-15,0,0,0,0,0,0,0,0,0,0]"""
1782031942872,2026-06-21T17:52:22.872,safe,posture,mhw,standing_still,t017,"CSI_DATA,536040,1a:00:00:00:00:00,-44,11,-99,16,29,11,528655695,47,2,256,0,""[0,0,0,0,0,0,0,0,0,0,0,0,3,4,3,3,4,3,5,4,5,3,5,6,4,6,4,6,4,8,6,6,8,8,5,9,5,9,6,9,6,11,3,12,5,13,5,13,5,15,4,18,4,17,3,16,4,16,4,18,4,18,2,18,1,17,1,18,1,18,1,20,2,19,1,23,0,23,0,20,0,21,0,20,1,20,3,23,1,21,2,21,1,23,2,23,2,25,1,25,0,30,-2,26,0,26,-3,27,-1,25,-2,30,1,32,-1,28,-2,30,-5,32,-3,33,-4,33,-5,33,0,0,0,0,0,0,33,9,30,6,38,8,31,10,27,10,31,12,27,10,31,13,27,10,31,16,30,16,27,13,25,13,25,13,31,13,26,12,27,12,24,12,26,13,24,13,28,13,24,13,27,16,25,15,23,15,23,15,23,17,27,13,26,16,25,15,23,16,25,17,23,18,25,18,21,17,24,24,20,23,19,21,17,24,15,21,16,23,19,25,15,25,12,19,10,23,10,21,8,25,9,24,4,26,2,24,2,21,-1,20,0,17,-2,20,-3,20,-3,18,-5,15,0,0,0,0,0,0,0,0,0,0]"""
1782031942885,2026-06-21T17:52:22.885,safe,posture,mhw,standing_still,t017,"CSI_DATA,536041,1a:00:00:00:00:00,-44,11,-99,17,29,11,528666695,47,2,256,0,""[0,0,0,0,0,0,0,0,0,0,0,0,0,6,0,5,1,5,1,6,1,6,1,7,1,8,1,7,1,10,2,8,3,11,3,10,3,11,4,11,3,12,3,12,4,15,3,15,5,14,4,15,4,13,5,15,6,16,8,15,6,16,7,16,8,16,10,15,8,17,10,15,12,16,13,17,14,16,13,15,14,15,14,14,15,15,16,15,16,13,19,12,19,11,20,11,22,11,23,8,23,11,24,10,25,8,26,5,24,6,28,4,31,4,30,3,30,3,32,6,33,2,33,2,32,1,0,0,0,0,0,0,-3,-34,-4,-31,-4,-34,-4,-32,-4,-32,-8,-32,-8,-32,-6,-31,-7,-30,-8,-32,-12,-31,-12,-29,-10,-28,-13,-26,-15,-26,-15,-23,-17,-25,-16,-21,-17,-21,-17,-23,-19,-21,-22,-20,-20,-20,-22,-20,-24,-15,-20,-17,-23,-15,-25,-14,-26,-14,-26,-13,-25,-13,-25,-11,-25,-14,-28,-11,-26,-11,-29,-13,-29,-11,-26,-12,-26,-11,-25,-12,-25,-10,-28,-8,-26,-10,-24,-8,-24,-8,-23,-8,-24,-11,-23,-7,-21,-10,-22,-10,-21,-10,-17,-7,-16,-8,-16,-7,-19,-10,-14,-8,-15,-8,0,0,0,0,0,0,0,0,0,0]"""
1782031942897,2026-06-21T17:52:22.897,safe,posture,mhw,standing_still,t017,"CSI_DATA,536042,1a:00:00:00:00:00,-44,11,-99,15,29,11,528677695,47,2,256,0,""[0,0,0,0,0,0,0,0,0,0,0,0,1,-5,2,-5,1,-7,1,-7,1,-7,0,-8,0,-7,1,-8,0,-10,0,-9,1,-10,2,-11,0,-11,1,-11,0,-13,0,-14,-1,-14,1,-16,0,-14,-1,-14,1,-14,-2,-17,-1,-16,-1,-17,0,-20,-2,-16,0,-20,-2,-19,-3,-19,-3,-19,-3,-19,-5,-19,-8,-17,-8,-17,-8,-19,-11,-19,-10,-19,-9,-20,-11,-20,-10,-20,-14,-20,-15,-17,-19,-17,-17,-19,-19,-17,-19,-16,-21,-16,-23,-15,-24,-15,-24,-17,-23,-16,-27,-16,-26,-17,-28,-16,-28,-17,-29,-15,-28,-11,0,0,0,0,0,0,-13,30,-16,34,-11,32,-8,32,-14,33,-10,30,-9,33,-7,33,-8,30,-7,28,-2,29,-4,30,1,33,-2,30,-3,29,-1,30,1,30,0,32,0,32,5,28,8,29,5,29,7,26,9,26,7,26,14,27,11,28,10,26,10,28,13,27,14,29,15,27,15,26,17,24,15,24,16,24,16,22,17,22,16,22,17,24,15,24,11,24,14,24,13,23,14,24,15,22,13,21,13,21,10,21,11,17,10,20,9,19,10,19,10,21,4,16,4,19,4,19,0,0,0,0,0,0,0,0,0,0]"""
1782031942910,2026-06-21T17:52:22.910,safe,posture,mhw,standing_still,t017,"CSI_DATA,536043,1a:00:00:00:00:00,-44,11,-99,16,29,11,528692863,47,2,256,0,""[0,0,0,0,0,0,0,0,0,0,0,0,5,-1,5,-2,5,-1,5,-2,8,-1,8,0,8,-2,10,-1,9,-1,9,-3,12,-1,11,-2,11,-1,12,-1,12,0,16,1,16,1,15,2,13,3,15,1,15,0,16,2,17,3,18,2,19,2,19,3,19,2,19,3,19,4,19,4,19,3,19,5,21,3,20,4,20,1,21,3,21,2,23,2,21,3,23,2,21,0,25,2,25,5,25,0,24,3,28,1,26,2,27,0,27,2,28,2,30,3,27,3,31,3,34,4,34,4,28,3,32,5,0,0,0,0,0,0,4,-32,8,-32,5,-33,6,-33,8,-33,9,-32,9,-33,6,-31,8,-32,9,-31,8,-30,5,-32,8,-28,5,-32,4,-30,5,-30,4,-32,5,-30,4,-25,6,-30,5,-28,3,-30,4,-28,4,-28,3,-30,5,-25,3,-30,1,-28,3,-30,3,-30,3,-30,2,-26,8,-30,5,-30,5,-27,9,-28,6,-31,9,-28,8,-27,10,-27,10,-27,10,-26,12,-24,11,-25,11,-24,16,-21,16,-20,13,-19,15,-17,16,-18,15,-15,13,-15,15,-12,17,-12,16,-11,16,-9,16,-6,0,0,0,0,0,0,0,0,0,0]"""
1782031942921,2026-06-21T17:52:22.921,safe,posture,mhw,standing_still,t017,"CSI_DATA,536044,1a:00:00:00:00:00,-44,11,-99,15,29,11,528699695,47,2,256,0,""[0,0,0,0,0,0,0,0,0,0,0,0,5,0,4,0,7,1,7,1,7,-1,7,0,8,0,8,0,8,1,11,-1,9,-1,10,1,13,0,14,0,11,-1,14,1,14,1,16,0,16,1,16,0,17,-1,15,2,16,1,19,-1,16,1,19,0,20,1,19,0,19,0,19,-1,19,-2,20,-2,21,-3,22,-3,21,-7,21,-4,20,-7,23,-7,21,-5,21,-8,21,-10,23,-10,22,-11,21,-14,21,-11,24,-15,23,-15,20,-16,23,-17,23,-17,23,-19,24,-17,23,-21,27,-21,24,-22,24,-21,23,-23,0,0,0,0,0,0,-24,-23,-24,-24,-26,-23,-27,-21,-28,-22,-24,-21,-27,-22,-28,-21,-26,-20,-26,-20,-26,-19,-27,-17,-26,-15,-27,-15,-27,-15,-26,-13,-28,-14,-27,-10,-26,-9,-29,-13,-29,-9,-28,-5,-28,-7,-29,-7,-29,-4,-27,-8,-29,-4,-30,-2,-29,-3,-29,-1,-29,-3,-28,1,-32,-4,-29,-2,-29,1,-28,-2,-32,0,-29,-2,-29,0,-27,-4,-27,-2,-28,-2,-28,-4,-26,-2,-26,-1,-26,-4,-22,-3,-26,-3,-22,-4,-24,-3,-20,-5,-21,-3,-19,-7,-19,-9,-19,-8,-15,-7,-15,-8,0,0,0,0,0,0,0,0,0,0]"""
1782031942931,2026-06-21T17:52:22.931,safe,posture,mhw,standing_still,t017,"CSI_DATA,536045,1a:00:00:00:00:00,-44,11,-99,16,29,11,528710695,47,2,256,0,""[0,0,0,0,0,0,0,0,0,0,0,0,-3,4,-3,3,-4,4,-4,4,-5,4,-4,4,-6,4,-9,5,-8,4,-8,6,-9,3,-9,5,-10,5,-11,4,-11,4,-16,4,-12,5,-16,4,-12,3,-12,1,-16,1,-15,2,-19,3,-17,2,-17,1,-18,2,-18,1,-17,1,-23,0,-19,1,-20,0,-18,-1,-19,1,-20,2,-20,3,-20,2,-24,1,-20,1,-23,2,-24,2,-20,4,-25,-1,-24,-1,-25,4,-19,1,-26,5,-25,2,-27,6,-28,2,-31,2,-28,1,-32,0,-30,1,-33,1,-32,0,-31,1,-34,1,0,0,0,0,0,0,-3,31,-3,38,-2,27,-5,33,-3,40,-6,27,-5,38,-4,30,-9,35,-6,27,-4,27,-5,33,-6,30,-3,34,-5,27,-6,27,-5,31,-5,30,-5,25,-6,32,-4,26,-5,31,-3,24,-4,26,-6,30,-5,27,-5,32,-5,28,-8,28,-5,30,-9,31,-4,27,-12,32,-9,25,-9,31,-9,24,-10,28,-12,26,-11,26,-12,25,-16,25,-16,23,-17,21,-18,24,-15,18,-20,23,-18,15,-16,18,-16,11,-18,17,-18,11,-17,12,-19,9,-18,6,-18,5,-18,2,-17,3,0,0,0,0,0,0,0,0,0,0]"""
1782031942942,2026-06-21T17:52:22.942,safe,posture,mhw,standing_still,t017,"CSI_DATA,536046,1a:00:00:00:00:00,-44,11,-99,20,28,11,528721695,47,2,256,0,""[0,0,0,0,0,0,0,0,0,0,0,0,3,-2,5,-3,4,-3,6,-5,4,-3,5,-3,9,-4,6,-3,6,-4,8,-5,10,-6,9,-6,10,-5,10,-5,11,-5,10,-5,13,-8,13,-4,17,-8,15,-4,13,-2,15,-6,15,-5,18,-9,16,-9,15,-9,16,-8,18,-9,15,-6,18,-11,16,-9,20,-12,19,-10,17,-9,19,-11,16,-11,16,-13,16,-18,15,-13,13,-13,16,-15,12,-17,16,-20,16,-19,23,-24,17,-17,18,-21,19,-20,15,-20,17,-23,15,-27,13,-25,18,-25,20,-27,16,-31,18,-31,20,-27,0,0,0,0,0,0,-28,-20,-26,-15,-35,-20,-28,-19,-23,-15,-32,-18,-25,-13,-32,-18,-25,-12,-32,-19,-30,-17,-24,-16,-26,-12,-25,-11,-31,-11,-28,-8,-27,-9,-26,-6,-28,-9,-24,-6,-30,-5,-27,-5,-31,-5,-30,-8,-26,-6,-26,-4,-26,-6,-30,-1,-30,-3,-28,-2,-25,-2,-31,-5,-25,0,-31,-1,-28,-2,-36,-4,-30,-6,-30,-4,-30,-6,-25,-6,-25,-4,-31,-2,-27,-4,-24,-2,-26,-8,-24,-3,-26,-6,-24,-5,-26,-11,-19,-11,-18,-9,-17,-11,-16,-10,-17,-9,-18,-12,-15,-8,-15,-10,0,0,0,0,0,0,0,0,0,0]"""
1782031942951,2026-06-21T17:52:22.951,safe,posture,mhw,standing_still,t017,"CSI_DATA,536047,1a:00:00:00:00:00,-44,11,-99,16,29,11,528732695,47,2,256,0,""[0,0,0,0,0,0,0,0,0,0,0,0,1,-5,1,-5,2,-6,3,-5,2,-8,3,-6,2,-6,2,-10,4,-9,2,-10,5,-10,4,-10,4,-11,5,-11,5,-10,5,-15,5,-13,8,-15,5,-12,8,-11,10,-16,6,-13,8,-17,6,-16,8,-16,9,-17,9,-17,8,-16,12,-17,10,-17,10,-17,8,-16,8,-20,9,-19,5,-19,5,-20,6,-23,6,-20,8,-23,5,-24,3,-23,8,-24,6,-23,4,-23,3,-21,2,-30,6,-27,-2,-27,2,-28,2,-30,2,-26,3,-30,3,-30,3,-33,5,-32,3,-31,0,-34,0,0,0,0,0,0,-32,-5,-35,-3,-31,-1,-32,-3,-36,-2,-32,-3,-34,-4,-32,-2,-34,-3,-30,-2,-28,0,-31,1,-30,0,-32,3,-28,0,-30,2,-31,3,-32,3,-27,3,-33,3,-28,4,-31,5,-25,4,-27,5,-30,6,-27,5,-28,9,-27,9,-30,6,-28,10,-30,8,-26,10,-33,5,-28,8,-27,8,-25,5,-31,9,-28,4,-27,9,-28,4,-28,6,-28,3,-28,2,-30,2,-27,3,-28,-1,-24,-2,-25,1,-20,-1,-24,-1,-20,-2,-21,-1,-19,-5,-23,-5,-16,-8,-16,-6,-15,-8,0,0,0,0,0,0,0,0,0,0]"""
1782031942962,2026-06-21T17:52:22.962,safe,posture,mhw,standing_still,t017,"CSI_DATA,536048,1a:00:00:00:00:00,-44,11,-99,15,29,11,528743695,47,2,256,0,""[0,0,0,0,0,0,0,0,0,0,0,0,-2,5,-1,4,-4,7,-2,5,-4,8,-2,7,-3,5,-4,8,-4,8,-5,10,-5,9,-7,9,-5,9,-7,10,-8,8,-11,13,-7,11,-10,13,-8,8,-8,11,-8,13,-11,14,-11,15,-10,10,-13,13,-11,13,-11,15,-11,14,-15,16,-13,13,-14,16,-9,11,-11,17,-13,16,-11,16,-13,20,-13,20,-13,17,-13,19,-14,23,-10,19,-15,24,-13,19,-10,23,-9,17,-10,23,-13,23,-8,26,-11,28,-13,30,-13,24,-14,28,-15,27,-14,32,-14,29,-14,26,-11,32,0,0,0,0,0,0,30,16,36,19,24,13,29,16,34,16,24,15,30,16,27,14,32,17,24,13,26,11,30,14,30,11,33,13,26,13,26,10,29,10,29,11,26,10,32,9,24,5,29,10,21,4,27,5,30,7,28,5,32,9,27,8,30,5,29,5,29,4,28,4,33,9,27,4,29,8,23,7,29,5,27,8,29,7,30,9,29,11,23,13,27,13,27,13,23,11,24,15,19,14,23,14,15,9,20,13,16,15,19,11,16,14,16,16,11,15,9,15,9,15,0,0,0,0,0,0,0,0,0,0]"""
1782031942974,2026-06-21T17:52:22.974,safe,posture,mhw,standing_still,t017,"CSI_DATA,536049,1a:00:00:00:00:00,-44,11,-99,15,29,11,528754695,47,2,256,0,""[0,0,0,0,0,0,0,0,0,0,0,0,3,4,3,3,5,4,4,3,7,5,5,3,7,3,7,5,8,4,9,7,7,4,9,7,10,5,10,8,9,9,13,8,11,7,13,8,11,5,11,9,15,10,14,7,17,9,13,7,15,9,15,9,17,9,16,8,19,9,17,7,19,8,17,5,19,4,20,3,21,2,22,3,22,3,21,3,24,1,27,0,22,-1,27,0,24,0,28,-4,21,-2,23,-7,26,-5,27,-10,28,-10,29,-10,27,-5,30,-9,30,-11,30,-13,30,-13,27,-13,30,-16,0,0,0,0,0,0,-16,-32,-17,-34,-15,-24,-20,-28,-22,-32,-16,-27,-21,-29,-21,-26,-21,-27,-20,-21,-19,-19,-21,-22,-26,-22,-26,-22,-21,-21,-23,-17,-24,-17,-26,-19,-24,-15,-29,-15,-26,-11,-27,-14,-22,-9,-24,-8,-27,-7,-29,-7,-32,-8,-27,-8,-30,-9,-29,-4,-32,-7,-28,-2,-32,-5,-29,-5,-28,-4,-26,-4,-30,-1,-29,-3,-30,0,-30,-2,-30,-2,-26,-5,-29,-4,-29,-5,-27,-3,-27,-4,-22,-5,-26,-3,-20,-3,-23,-3,-21,-3,-23,-2,-20,-5,-22,-5,-17,-7,-16,-7,-17,-8,0,0,0,0,0,0,0,0,0,0]"""
1782031942985,2026-06-21T17:52:22.985,safe,posture,mhw,standing_still,t017,"CSI_DATA,536050,1a:00:00:00:00:00,-44,11,-99,16,29,11,528766022,47,2,256,0,""[0,0,0,0,0,0,0,0,0,0,0,0,-3,-4,-4,-5,-3,-4,-4,-6,-4,-4,-4,-8,-4,-6,-5,-5,-4,-8,-3,-6,-6,-9,-6,-9,-6,-9,-8,-10,-8,-10,-6,-10,-10,-13,-9,-11,-9,-13,-10,-15,-10,-13,-6,-13,-9,-12,-11,-13,-12,-13,-12,-13,-11,-12,-12,-15,-11,-13,-15,-11,-15,-11,-16,-17,-17,-15,-17,-15,-17,-15,-16,-11,-16,-12,-20,-11,-19,-11,-18,-10,-23,-8,-20,-8,-26,-8,-24,-5,-30,-10,-24,-8,-26,-6,-26,-5,-24,-6,-26,-4,-31,-2,-28,-3,-30,-2,-32,-6,-31,0,-34,-1,-34,0,0,0,0,0,0,0,1,33,0,31,2,39,2,33,3,31,4,35,2,30,3,35,5,31,2,35,6,33,6,28,6,28,5,26,11,31,11,28,11,28,11,25,12,26,11,24,16,27,17,24,16,28,16,25,16,25,15,23,16,23,21,21,19,20,19,21,18,20,21,20,19,19,23,20,21,18,24,26,20,21,20,20,18,21,18,20,18,19,21,20,18,21,18,17,18,19,16,18,19,20,16,17,15,21,13,19,13,19,11,19,10,18,10,16,12,19,8,16,6,16,0,0,0,0,0,0,0,0,0,0]"""
1782031942997,2026-06-21T17:52:22.997,safe,posture,mhw,standing_still,t017,"CSI_DATA,536051,1a:00:00:00:00:00,-44,11,-99,17,29,11,528776695,47,2,256,0,""[0,0,0,0,0,0,0,0,0,0,0,0,-1,-4,-1,-6,-1,-5,-2,-7,0,-6,-1,-8,0,-10,0,-7,0,-8,1,-8,1,-12,-1,-13,0,-12,0,-12,1,-12,1,-12,2,-15,2,-13,4,-16,4,-14,4,-11,4,-15,5,-15,5,-16,5,-17,6,-17,6,-15,7,-19,6,-14,6,-19,7,-16,10,-23,10,-19,7,-19,8,-20,8,-17,5,-17,6,-21,7,-20,5,-20,8,-22,4,-21,6,-24,6,-23,11,-31,11,-24,8,-26,14,-24,8,-23,10,-28,7,-32,6,-29,10,-31,14,-31,7,-34,13,-32,13,-31,0,0,0,0,0,0,-32,-16,-26,-14,-37,-17,-30,-17,-23,-15,-32,-19,-24,-14,-32,-20,-25,-13,-30,-22,-29,-21,-22,-19,-24,-15,-22,-16,-29,-17,-26,-14,-28,-14,-25,-13,-24,-16,-21,-12,-26,-14,-24,-13,-29,-16,-26,-17,-23,-16,-22,-14,-23,-16,-28,-13,-26,-14,-25,-14,-22,-14,-25,-17,-22,-11,-26,-16,-22,-16,-28,-22,-22,-22,-21,-20,-20,-23,-15,-20,-16,-20,-22,-22,-17,-21,-14,-16,-15,-23,-16,-19,-15,-23,-12,-21,-10,-26,-4,-23,-6,-22,-3,-21,-3,-20,-1,-19,-4,-20,-1,-17,2,-16,0,0,0,0,0,0,0,0,0,0]"""
1782031943007,2026-06-21T17:52:23.007,safe,posture,mhw,standing_still,t017,"CSI_DATA,536052,1a:00:00:00:00:00,-44,11,-99,20,28,11,528787695,47,2,256,0,""[0,0,0,0,0,0,0,0,0,0,0,0,-4,-3,-6,-1,-4,-3,-6,-3,-5,-1,-8,-3,-9,-3,-6,-3,-8,-3,-8,-5,-10,-4,-10,-5,-10,-4,-12,-4,-12,-5,-11,-6,-13,-6,-15,-4,-15,-6,-17,-8,-16,-8,-13,-9,-15,-6,-16,-6,-18,-9,-16,-9,-15,-8,-17,-8,-15,-5,-19,-6,-18,-5,-21,-8,-19,-9,-19,-6,-19,-6,-18,-5,-19,-3,-23,-3,-21,-4,-21,-2,-24,-4,-20,0,-24,1,-25,0,-32,-2,-25,-1,-26,1,-27,-1,-26,1,-28,1,-33,4,-30,4,-32,5,-32,2,-34,6,-34,4,-33,3,0,0,0,0,0,0,4,35,5,31,10,40,6,32,5,27,5,35,5,31,10,36,8,30,6,36,8,32,8,28,9,28,9,27,13,31,11,30,13,30,12,23,12,28,12,23,18,26,15,21,19,27,16,25,17,24,13,24,15,21,19,23,18,23,18,21,17,20,19,25,16,21,23,23,19,20,25,27,18,24,18,23,17,24,16,23,16,23,20,24,16,21,15,18,15,21,13,19,16,23,13,21,12,26,10,20,9,21,5,21,5,18,4,17,6,20,5,17,3,18,0,0,0,0,0,0,0,0,0,0]"""
1782031943022,2026-06-21T17:52:23.022,safe,posture,mhw,standing_still,t017,"CSI_DATA,536053,1a:00:00:00:00:00,-44,11,-99,15,29,11,528800512,47,2,256,0,""[0,0,0,0,0,0,0,0,0,0,0,0,5,-1,5,-2,5,-2,5,-3,7,-2,8,-2,7,-2,8,-2,9,-4,10,-3,10,-1,10,-4,11,-4,13,-1,14,-2,13,-4,14,-4,15,-1,14,-4,15,-1,17,0,17,-5,16,-4,17,-2,17,-3,19,-4,20,-3,20,-3,19,-3,19,-4,20,-4,17,-4,17,-8,19,-8,21,-8,22,-9,20,-7,20,-7,20,-8,22,-10,23,-11,21,-13,22,-13,23,-14,20,-13,19,-14,20,-17,21,-19,22,-20,24,-19,23,-16,24,-20,26,-21,24,-19,26,-19,26,-23,26,-23,0,0,0,0,0,0,-24,-27,-22,-30,-21,-23,-21,-28,-23,-26,-20,-27,-21,-27,-22,-27,-19,-26,-21,-23,-22,-20,-21,-21,-27,-23,-23,-21,-17,-22,-22,-20,-24,-20,-24,-20,-23,-22,-24,-17,-24,-15,-24,-17,-22,-14,-23,-13,-24,-14,-28,-11,-26,-15,-23,-14,-27,-16,-27,-13,-27,-16,-27,-17,-28,-13,-26,-13,-26,-16,-24,-13,-26,-11,-27,-13,-26,-13,-27,-14,-23,-14,-21,-16,-23,-16,-23,-17,-22,-19,-21,-16,-20,-16,-17,-16,-15,-16,-15,-14,-16,-14,-14,-15,-15,-16,-13,-17,-9,-16,-8,-16,-5,-16,0,0,0,0,0,0,0,0,0,0]"""
1782031943031,2026-06-21T17:52:23.031,safe,posture,mhw,standing_still,t017,"CSI_DATA,536054,1a:00:00:00:00:00,-44,11,-99,19,28,11,528810922,47,2,256,0,""[0,0,0,0,0,0,0,0,0,0,0,0,4,2,7,2,5,2,5,5,7,2,7,5,8,4,7,5,8,5,8,5,9,5,10,7,10,7,9,7,9,9,8,8,11,8,10,8,14,9,11,13,9,14,13,9,10,11,14,10,14,13,14,11,13,10,16,14,14,10,16,11,13,11,19,17,14,16,19,11,16,14,16,13,16,10,20,10,17,11,17,10,19,13,21,7,23,9,24,13,28,14,21,14,26,13,24,15,23,10,27,13,32,9,28,9,32,13,29,13,33,8,32,10,33,13,0,0,0,0,0,0,15,-35,14,-27,13,-34,15,-33,10,-27,14,-33,9,-28,14,-34,9,-28,16,-33,13,-33,13,-27,10,-29,10,-26,10,-30,7,-29,8,-29,7,-27,9,-29,4,-26,2,-30,4,-28,3,-32,7,-30,4,-28,3,-28,5,-27,2,-30,3,-30,2,-29,2,-27,3,-30,0,-26,0,-30,1,-29,3,-36,7,-29,5,-29,9,-30,7,-27,5,-28,4,-30,5,-28,4,-23,10,-24,5,-24,7,-24,10,-22,13,-24,11,-17,13,-19,13,-15,11,-15,14,-15,13,-15,11,-13,13,-13,0,0,0,0,0,0,0,0,0,0]"""
1782031943041,2026-06-21T17:52:23.041,safe,posture,mhw,standing_still,t017,"CSI_DATA,536055,1a:00:00:00:00:00,-44,11,-99,15,29,11,528822268,47,2,256,0,""[0,0,0,0,0,0,0,0,0,0,0,0,5,2,5,3,5,3,5,4,7,3,7,4,9,4,5,4,8,4,8,5,11,5,10,4,10,4,11,4,11,5,13,4,15,5,15,5,16,8,14,7,13,4,15,7,15,7,19,5,17,5,17,4,17,3,19,5,15,3,21,3,20,2,24,4,21,4,21,3,21,1,21,1,21,0,24,-4,21,-2,19,-3,22,-4,21,-5,26,-9,24,-9,29,-8,26,-8,24,-11,28,-10,23,-10,26,-14,26,-21,22,-19,28,-17,27,-16,26,-23,27,-20,27,-21,0,0,0,0,0,0,-22,-24,-21,-21,-29,-26,-26,-24,-22,-19,-26,-21,-24,-19,-28,-22,-24,-19,-29,-23,-27,-20,-24,-16,-24,-15,-26,-15,-30,-11,-28,-10,-29,-10,-26,-8,-26,-10,-26,-4,-30,-4,-27,-3,-33,-4,-32,-3,-29,-2,-27,-4,-27,-3,-30,3,-29,2,-29,3,-27,2,-28,2,-28,4,-29,8,-29,7,-35,5,-30,3,-28,4,-30,2,-27,3,-27,5,-30,8,-28,4,-24,5,-24,5,-24,5,-26,5,-24,3,-28,2,-23,1,-22,1,-20,-1,-20,0,-20,0,-20,1,-16,0,-19,-2,0,0,0,0,0,0,0,0,0,0]"""
1782031943051,2026-06-21T17:52:23.051,safe,posture,mhw,standing_still,t017,"CSI_DATA,536056,1a:00:00:00:00:00,-44,11,-99,15,29,11,528831695,47,2,256,0,""[0,0,0,0,0,0,0,0,0,0,0,0,3,2,7,3,4,2,7,2,8,2,8,3,9,4,7,2,8,3,9,2,10,3,13,3,11,2,11,1,11,2,13,4,15,4,14,3,15,4,16,4,17,2,15,5,16,4,20,3,19,4,19,3,17,3,19,3,17,3,20,2,19,-1,22,2,23,2,21,-1,21,-1,20,-1,21,-3,23,-5,23,-4,20,-7,22,-7,22,-5,23,-10,23,-10,26,-10,26,-13,24,-11,26,-14,22,-11,26,-15,26,-17,23,-16,22,-19,30,-20,26,-22,28,-22,26,-22,0,0,0,0,0,0,-24,-24,-22,-24,-28,-26,-24,-24,-21,-19,-26,-22,-24,-20,-26,-21,-27,-19,-27,-22,-27,-20,-28,-15,-24,-17,-26,-14,-29,-14,-28,-13,-29,-10,-27,-9,-26,-10,-27,-8,-29,-5,-29,-5,-32,-7,-30,-5,-29,-3,-24,-5,-29,-3,-32,2,-30,-1,-29,0,-27,0,-30,1,-28,0,-30,3,-29,4,-34,1,-33,2,-29,1,-30,3,-27,0,-27,1,-30,3,-29,2,-26,2,-24,1,-24,1,-27,1,-24,2,-27,-1,-23,-1,-22,-1,-21,-2,-17,-2,-21,-3,-20,-1,-17,-4,-15,-5,0,0,0,0,0,0,0,0,0,0]"""
1782031943063,2026-06-21T17:52:23.063,safe,posture,mhw,standing_still,t017,"CSI_DATA,536057,1a:00:00:00:00:00,-44,11,-99,16,29,11,528842695,47,2,256,0,""[0,0,0,0,0,0,0,0,0,0,0,0,0,-6,-1,-4,-1,-6,-2,-5,-3,-6,0,-8,-1,-8,-2,-10,-1,-9,-2,-9,-3,-11,-2,-11,-2,-11,-3,-12,-1,-11,-2,-13,-2,-13,-4,-16,-3,-15,-2,-15,-3,-15,-2,-16,-3,-17,-5,-18,-4,-17,-4,-16,-5,-18,-6,-17,-5,-20,-6,-18,-5,-18,-8,-18,-9,-19,-10,-18,-10,-18,-10,-19,-10,-19,-13,-18,-12,-18,-16,-18,-15,-17,-17,-19,-16,-18,-19,-16,-18,-17,-23,-17,-21,-18,-21,-16,-20,-18,-24,-17,-25,-17,-23,-17,-25,-18,-26,-20,-28,-16,-30,-16,-30,-15,0,0,0,0,0,0,-18,32,-15,32,-13,30,-11,31,-13,33,-12,32,-12,31,-10,30,-10,33,-11,32,-10,30,-5,30,-6,28,-5,30,-4,30,-4,30,-2,31,-2,30,-2,27,-3,31,0,30,2,31,1,28,2,30,3,28,3,27,5,30,8,28,5,28,6,28,6,28,10,27,5,31,9,30,10,27,8,30,10,30,6,30,10,28,5,30,8,26,8,27,4,26,6,26,8,25,4,25,4,25,6,24,2,21,3,25,2,20,2,21,1,19,0,20,-1,19,-2,18,-2,18,0,0,0,0,0,0,0,0,0,0]"""
1782031943073,2026-06-21T17:52:23.073,safe,posture,mhw,standing_still,t017,"CSI_DATA,536058,1a:00:00:00:00:00,-44,11,-99,20,28,11,528853695,47,2,256,0,""[0,0,0,0,0,0,0,0,0,0,0,0,4,2,6,2,3,1,5,4,5,2,8,4,8,3,6,3,8,4,8,5,10,4,10,4,11,4,11,4,11,6,11,4,16,5,13,6,16,9,15,8,10,6,13,9,15,11,18,8,18,10,17,9,17,8,19,10,17,8,20,8,18,5,23,10,19,9,19,9,21,6,18,6,18,4,24,2,23,4,21,2,21,4,21,-1,27,-1,27,-1,33,0,27,2,27,-1,28,1,24,-1,30,-3,32,-5,28,-4,32,-4,34,-3,34,-10,35,-8,33,-6,0,0,0,0,0,0,-6,-34,-6,-30,-10,-39,-8,-35,-6,-26,-10,-34,-10,-26,-12,-33,-11,-26,-9,-36,-9,-32,-6,-27,-11,-27,-8,-26,-15,-28,-13,-26,-16,-25,-13,-24,-15,-26,-15,-20,-20,-23,-17,-21,-20,-27,-19,-25,-16,-21,-16,-21,-17,-18,-23,-20,-21,-19,-21,-20,-18,-18,-23,-23,-20,-16,-25,-18,-23,-19,-27,-24,-20,-23,-21,-19,-21,-24,-18,-18,-18,-19,-25,-19,-20,-18,-18,-15,-18,-18,-19,-15,-19,-19,-17,-17,-18,-26,-11,-18,-12,-19,-9,-19,-9,-16,-9,-17,-10,-17,-9,-16,-5,-17,0,0,0,0,0,0,0,0,0,0]"""
1782031943085,2026-06-21T17:52:23.085,safe,posture,mhw,standing_still,t017,"CSI_DATA,536059,1a:00:00:00:00:00,-44,11,-99,15,29,11,528866386,47,2,256,0,""[0,0,0,0,0,0,0,0,0,0,0,0,0,7,-2,5,0,7,-1,7,-2,5,-3,7,-2,7,-2,8,-2,13,-4,10,-4,10,-3,9,-5,11,-8,10,-7,11,-7,10,-9,11,-9,13,-8,11,-9,15,-9,14,-10,15,-11,14,-13,10,-13,11,-14,13,-16,10,-16,13,-15,13,-15,13,-16,11,-16,13,-15,13,-14,13,-16,15,-17,15,-16,15,-17,13,-17,16,-20,14,-19,15,-19,15,-20,14,-21,13,-20,14,-19,16,-20,17,-21,20,-21,21,-24,19,-22,16,-27,20,-29,20,-28,19,-29,17,-29,19,-29,19,0,0,0,0,0,0,15,32,11,34,14,30,11,32,10,34,5,33,9,32,9,32,4,32,9,29,9,28,9,28,11,32,9,32,3,29,7,32,8,30,5,30,4,30,8,29,8,29,4,28,7,26,8,27,5,27,9,29,5,29,3,27,5,30,5,29,2,32,3,32,4,29,3,29,-1,29,2,29,3,29,2,29,1,29,0,32,-2,29,-8,26,-5,28,-9,27,-10,27,-8,24,-11,23,-11,22,-11,20,-11,20,-11,19,-13,19,-13,19,-16,14,-15,10,-16,10,-15,8,0,0,0,0,0,0,0,0,0,0]"""
1782031943094,2026-06-21T17:52:23.094,safe,posture,mhw,standing_still,t017,"CSI_DATA,536060,1a:00:00:00:00:00,-44,11,-99,15,29,11,528875722,47,2,256,0,""[0,0,0,0,0,0,0,0,0,0,0,0,4,0,5,0,5,0,7,1,7,0,8,1,10,1,8,3,9,2,9,3,9,3,10,4,10,4,11,5,13,8,11,4,14,5,13,7,15,8,11,11,11,13,14,11,11,13,13,11,13,11,14,13,11,14,13,16,11,13,14,14,11,15,14,16,11,17,11,16,11,17,11,17,11,15,16,17,16,17,13,16,14,20,16,15,17,20,16,22,16,26,11,20,16,23,13,26,16,22,16,24,21,24,17,23,16,29,11,26,19,27,16,32,15,29,0,0,0,0,0,0,34,-13,32,-8,35,-13,32,-7,30,-7,35,-7,29,-10,38,-9,29,-5,35,-4,34,-4,28,0,34,-4,29,-2,30,-2,32,-4,30,-4,29,-4,33,-1,26,-7,30,-7,28,-2,30,-2,30,0,28,1,30,-1,28,1,27,-2,32,-1,28,-2,29,0,33,2,28,-1,30,-2,29,4,34,3,28,7,29,5,29,10,28,9,24,10,28,8,26,10,23,10,22,15,21,9,21,14,20,16,20,19,13,16,14,17,9,19,11,16,9,20,9,16,7,16,4,16,0,0,0,0,0,0,0,0,0,0]"""
1782031943105,2026-06-21T17:52:23.105,safe,posture,mhw,standing_still,t017,"CSI_DATA,536061,1a:00:00:00:00:00,-44,11,-99,15,29,11,528886695,47,2,256,0,""[0,0,0,0,0,0,0,0,0,0,0,0,4,3,4,2,4,3,4,3,5,4,5,5,7,3,5,4,9,4,8,5,9,8,9,4,9,4,10,5,11,9,13,5,14,5,11,7,15,7,13,5,10,8,19,4,15,8,16,8,19,8,17,5,17,7,21,8,19,3,20,3,19,5,21,1,19,1,20,-1,21,0,24,-2,21,-2,22,-1,22,-3,23,-3,24,-4,23,-9,23,-9,24,-8,26,-10,23,-10,22,-15,22,-13,23,-15,26,-17,24,-16,24,-20,28,-21,24,-21,24,-22,24,-26,24,-23,0,0,0,0,0,0,-28,-26,-26,-23,-28,-22,-27,-22,-24,-21,-27,-23,-24,-19,-30,-19,-26,-17,-29,-15,-28,-13,-27,-14,-32,-8,-28,-10,-27,-11,-32,-8,-30,-7,-29,-7,-32,-8,-28,-1,-29,1,-29,-3,-27,0,-27,2,-28,3,-30,5,-28,4,-28,4,-29,5,-28,7,-29,5,-33,8,-28,10,-28,11,-29,9,-29,13,-26,11,-28,13,-28,11,-27,14,-27,9,-26,9,-27,11,-24,10,-27,9,-23,11,-24,9,-23,8,-22,8,-20,7,-21,8,-19,7,-21,8,-19,4,-17,2,-19,3,-19,2,0,0,0,0,0,0,0,0,0,0]"""
1782031943118,2026-06-21T17:52:23.118,safe,posture,mhw,standing_still,t017,"CSI_DATA,536062,1a:00:00:00:00:00,-44,11,-99,15,29,11,528897695,47,2,256,0,""[0,0,0,0,0,0,0,0,0,0,0,0,-7,-2,-4,0,-4,-1,-7,-1,-7,-1,-8,-2,-9,-2,-8,-2,-9,-3,-10,-3,-9,-5,-9,-5,-10,-4,-11,-5,-11,-7,-14,-5,-15,-5,-14,-8,-11,-7,-14,-7,-16,-8,-16,-8,-15,-10,-14,-9,-15,-10,-15,-10,-15,-11,-16,-11,-15,-10,-17,-10,-16,-11,-17,-10,-16,-10,-19,-9,-21,-10,-21,-10,-22,-9,-19,-10,-20,-11,-22,-10,-21,-9,-24,-9,-22,-9,-23,-10,-22,-9,-22,-7,-27,-9,-27,-7,-29,-8,-30,-9,-26,-10,-29,-11,-32,-11,-30,-10,-33,-13,-29,-13,-32,-11,0,0,0,0,0,0,-14,32,-15,36,-13,28,-14,30,-15,33,-15,28,-14,30,-11,30,-15,29,-11,27,-10,28,-11,27,-11,32,-11,30,-13,26,-11,29,-9,29,-10,29,-11,29,-8,28,-5,29,-10,29,-5,27,-5,27,-9,28,-5,30,-9,29,-8,27,-8,29,-7,28,-9,29,-7,30,-8,29,-8,29,-9,30,-8,27,-7,27,-9,28,-9,30,-10,29,-11,28,-13,26,-11,26,-13,26,-15,23,-14,22,-15,21,-15,21,-14,17,-13,17,-14,15,-14,17,-15,16,-17,14,-14,9,-16,8,-16,8,0,0,0,0,0,0,0,0,0,0]"""
1782031943128,2026-06-21T17:52:23.128,safe,posture,mhw,standing_still,t017,"CSI_DATA,536063,1a:00:00:00:00:00,-44,11,-99,20,28,11,528908695,47,2,256,0,""[0,0,0,0,0,0,0,0,0,0,0,0,4,1,5,2,4,2,8,2,6,2,8,1,8,1,10,3,10,1,10,4,10,3,11,3,11,4,10,5,13,6,12,4,13,8,13,8,13,5,10,6,11,10,17,5,13,10,15,11,16,11,15,10,16,11,16,13,18,11,16,10,15,12,18,12,17,11,18,10,19,11,20,11,17,11,19,11,20,10,21,12,20,12,23,10,24,11,24,11,24,11,23,11,25,10,24,11,27,11,27,13,26,13,31,15,30,16,28,15,28,16,32,16,32,16,0,0,0,0,0,0,19,-31,18,-30,18,-30,20,-30,18,-28,24,-27,18,-27,21,-30,20,-25,18,-26,16,-26,17,-21,15,-31,17,-25,19,-23,18,-25,17,-27,18,-24,20,-27,12,-25,12,-27,17,-25,13,-25,12,-26,13,-25,12,-30,15,-26,13,-24,16,-26,13,-26,17,-24,18,-27,13,-26,15,-28,16,-24,17,-27,17,-24,15,-25,16,-24,18,-25,18,-21,19,-19,20,-19,20,-17,21,-17,18,-17,19,-17,23,-15,21,-13,18,-10,19,-11,19,-9,19,-10,19,-8,18,-3,19,-2,19,-1,0,0,0,0,0,0,0,0,0,0]"""
1782031943141,2026-06-21T17:52:23.141,safe,posture,mhw,standing_still,t017,"CSI_DATA,536064,1a:00:00:00:00:00,-44,11,-99,20,28,11,528919695,47,2,256,0,""[0,0,0,0,0,0,0,0,0,0,0,0,-3,-1,-5,-3,-4,-1,-5,-2,-5,-3,-6,-4,-6,-4,-6,-4,-9,-4,-8,-3,-10,-6,-10,-8,-11,-5,-13,-5,-12,-10,-11,-8,-12,-10,-11,-9,-12,-9,-13,-11,-11,-9,-12,-12,-10,-12,-12,-12,-12,-13,-11,-13,-11,-15,-12,-18,-11,-12,-13,-15,-11,-16,-15,-17,-12,-17,-13,-15,-15,-17,-15,-17,-12,-15,-15,-17,-16,-16,-17,-15,-13,-20,-17,-15,-17,-17,-18,-19,-19,-21,-15,-18,-20,-20,-19,-20,-19,-19,-20,-23,-24,-20,-25,-20,-23,-26,-19,-23,-24,-23,-24,-28,-20,-28,0,0,0,0,0,0,-30,20,-28,18,-32,23,-31,19,-25,17,-32,17,-25,17,-31,17,-27,15,-31,18,-28,16,-25,13,-28,19,-25,13,-26,16,-25,17,-25,17,-24,17,-30,15,-19,15,-24,18,-25,15,-26,17,-24,17,-24,15,-26,17,-23,13,-25,17,-25,16,-23,17,-24,13,-30,15,-21,13,-25,17,-27,11,-30,15,-26,9,-26,12,-27,10,-26,10,-25,8,-28,9,-26,9,-25,5,-28,3,-24,5,-25,2,-26,1,-27,-1,-20,-2,-23,-2,-20,-3,-19,-3,-18,-5,-18,-5,-17,-5,-17,-10,0,0,0,0,0,0,0,0,0,0]"""
1782031943148,2026-06-21T17:52:23.148,safe,posture,mhw,standing_still,t017,"CSI_DATA,536065,1a:00:00:00:00:00,-44,11,-99,19,28,11,528930695,47,2,256,0,""[0,0,0,0,0,0,0,0,0,0,0,0,4,4,4,5,3,4,5,7,4,4,5,7,4,8,4,8,4,9,3,8,5,10,7,10,4,10,5,10,4,14,4,10,5,15,4,15,5,16,2,16,2,15,4,17,1,16,3,17,3,20,3,17,1,17,0,22,3,16,2,20,-1,20,3,24,0,22,2,21,1,23,1,21,2,20,3,23,2,22,2,21,0,24,5,21,3,24,1,26,4,33,-1,26,4,28,-1,26,3,27,2,29,5,34,5,29,0,33,1,30,5,34,0,36,0,32,0,0,0,0,0,0,38,4,29,5,39,4,34,7,27,4,39,9,27,3,36,7,29,7,36,8,34,8,27,10,33,7,26,7,32,8,32,4,30,7,28,5,32,10,24,3,30,4,27,7,33,5,28,7,27,8,30,5,26,7,28,5,30,7,28,5,29,7,30,11,26,4,32,7,26,10,34,13,27,14,28,11,27,16,24,14,22,13,27,16,23,14,21,13,21,20,20,13,20,17,15,19,17,23,10,20,14,20,7,21,9,19,7,19,7,20,4,16,2,19,0,0,0,0,0,0,0,0,0,0]"""
1782031943161,2026-06-21T17:52:23.161,safe,posture,mhw,standing_still,t017,"CSI_DATA,536066,1a:00:00:00:00:00,-44,11,-99,19,28,11,528942388,47,2,256,0,""[0,0,0,0,0,0,0,0,0,0,0,0,0,5,0,5,0,5,-2,7,0,5,-2,8,-3,9,-3,7,-1,9,-3,10,-2,11,-2,13,-3,13,-3,13,-4,13,-3,13,-4,15,-3,14,-5,15,-4,16,-5,13,-5,16,-8,15,-5,19,-8,20,-8,17,-7,17,-7,20,-5,15,-4,20,-3,17,-5,24,-8,21,-4,20,-4,21,-4,19,-3,20,-2,24,-4,21,-3,20,1,22,2,22,2,27,2,26,0,32,0,26,1,27,0,28,1,24,3,28,5,33,7,28,5,33,2,33,7,35,5,35,5,34,0,0,0,0,0,0,35,-4,30,-3,41,-8,35,-5,28,-5,36,-7,30,-7,36,-9,29,-10,38,-8,33,-8,32,-8,30,-8,27,-5,32,-11,29,-9,28,-11,24,-10,27,-10,26,-10,28,-17,24,-15,30,-16,27,-15,23,-14,24,-13,24,-14,24,-19,24,-15,24,-16,22,-15,26,-16,21,-16,24,-20,24,-19,30,-21,28,-15,24,-15,26,-14,23,-13,24,-13,27,-17,24,-11,22,-13,23,-10,22,-10,24,-13,23,-10,29,-9,23,-7,21,-4,22,-2,20,-3,21,-2,20,-3,19,-1,19,-1,0,0,0,0,0,0,0,0,0,0]"""
1782031943172,2026-06-21T17:52:23.172,safe,posture,mhw,standing_still,t017,"CSI_DATA,536067,1a:00:00:00:00:00,-44,11,-99,14,29,11,528952695,47,2,256,0,""[0,0,0,0,0,0,0,0,0,0,0,0,2,-6,2,-6,3,-4,1,-7,1,-8,2,-7,2,-8,1,-7,2,-11,4,-8,4,-11,3,-12,3,-12,2,-14,4,-14,4,-13,3,-15,3,-15,2,-14,2,-18,1,-17,1,-18,2,-17,2,-17,0,-19,0,-18,2,-18,0,-19,-2,-18,-3,-20,-1,-20,-3,-23,-3,-18,-6,-19,-6,-20,-8,-22,-7,-19,-8,-20,-9,-22,-12,-20,-13,-22,-15,-17,-17,-19,-17,-20,-19,-20,-18,-18,-22,-17,-22,-17,-24,-18,-24,-18,-25,-17,-29,-17,-30,-18,-28,-15,-31,-13,-31,-14,-30,-15,0,0,0,0,0,0,-13,35,-12,35,-8,34,-8,34,-8,31,-9,34,-4,30,-3,36,-4,33,-4,33,-1,33,-3,30,2,33,1,30,1,30,3,31,4,29,6,29,6,33,11,25,13,25,11,28,13,26,13,24,12,25,18,26,17,24,17,23,18,25,19,22,18,23,22,26,22,20,23,19,20,22,25,22,20,19,24,18,23,22,22,18,22,17,22,19,22,18,19,19,19,20,20,13,20,15,19,17,17,17,15,13,18,14,14,13,17,15,15,13,12,14,11,14,12,14,0,0,0,0,0,0,0,0,0,0]"""
1782031943182,2026-06-21T17:52:23.182,safe,posture,mhw,standing_still,t017,"CSI_DATA,536068,1a:00:00:00:00:00,-44,11,-99,16,29,11,528963695,47,2,256,0,""[0,0,0,0,0,0,0,0,0,0,0,0,-4,3,-3,2,-6,3,-4,2,-8,4,-5,2,-6,3,-8,4,-8,4,-10,5,-10,4,-9,4,-11,4,-12,4,-10,4,-15,4,-13,4,-16,3,-15,3,-17,5,-16,9,-16,3,-19,5,-17,4,-15,4,-17,3,-19,3,-17,4,-21,3,-19,5,-20,3,-18,6,-21,6,-21,5,-20,8,-19,6,-21,6,-21,9,-21,8,-24,10,-19,11,-26,9,-24,9,-23,13,-21,9,-26,15,-25,12,-23,18,-25,12,-25,15,-27,12,-27,11,-28,16,-31,16,-28,16,-27,15,-30,17,0,0,0,0,0,0,15,28,16,33,15,27,15,31,17,34,12,27,17,34,12,28,13,33,12,28,15,27,17,27,13,27,18,27,15,25,16,24,19,25,17,24,15,21,16,27,16,23,17,25,16,20,18,21,20,25,17,23,21,25,20,20,19,23,23,23,20,24,19,19,17,27,17,24,18,23,15,24,20,24,17,25,18,23,16,25,17,26,13,25,13,26,12,26,12,24,9,27,6,23,9,24,5,19,9,25,3,21,6,20,2,20,3,23,-1,18,-1,17,-1,18,0,0,0,0,0,0,0,0,0,0]"""
1782031943194,2026-06-21T17:52:23.194,safe,posture,mhw,standing_still,t017,"CSI_DATA,536069,1a:00:00:00:00:00,-44,11,-99,15,29,11,528975187,47,2,256,0,""[0,0,0,0,0,0,0,0,0,0,0,0,4,-2,5,-3,4,-1,5,-2,7,-1,8,-3,9,-4,8,-2,9,-3,8,-1,9,-3,11,-2,13,-4,10,-2,13,-2,13,-1,15,-3,14,-2,16,-1,17,-2,15,-3,19,0,15,0,19,-1,17,1,20,-1,17,-1,21,0,17,1,22,0,20,-1,24,-1,21,1,21,0,21,0,22,1,19,-1,22,-4,22,-1,20,-3,22,-2,22,-8,24,-8,26,-7,34,-4,26,-1,26,-5,28,-3,27,-5,30,-4,32,-10,28,-10,34,-8,34,-4,33,-9,36,-8,33,-3,0,0,0,0,0,0,-5,-34,-2,-30,-5,-38,-2,-34,-3,-28,-4,-38,-4,-28,-5,-35,-5,-29,-2,-36,-2,-35,-2,-29,-3,-30,-2,-28,-4,-32,-7,-29,-5,-29,-5,-28,-5,-32,-7,-24,-9,-30,-7,-27,-8,-33,-5,-29,-5,-26,-5,-28,-4,-26,-9,-28,-8,-30,-8,-27,-8,-24,-7,-32,-8,-24,-9,-29,-8,-28,-8,-35,-3,-30,-3,-30,-1,-32,0,-28,-1,-27,-5,-30,0,-28,-1,-24,1,-24,0,-24,1,-28,3,-24,5,-30,8,-21,5,-21,9,-20,7,-17,8,-19,10,-20,8,-15,10,-15,0,0,0,0,0,0,0,0,0,0]"""
1782031943204,2026-06-21T17:52:23.204,safe,posture,mhw,standing_still,t017,"CSI_DATA,536070,1a:00:00:00:00:00,-44,11,-99,15,29,11,528985695,47,2,256,0,""[0,0,0,0,0,0,0,0,0,0,0,0,1,5,-2,5,-2,4,-2,7,-2,7,-2,8,-3,9,-3,8,-3,10,-4,8,-3,10,-4,10,-4,13,-4,10,-9,13,-5,11,-5,14,-8,13,-8,13,-13,14,-13,10,-9,13,-13,11,-11,14,-14,14,-11,15,-14,13,-14,15,-10,13,-13,17,-14,14,-15,17,-16,15,-14,15,-15,16,-15,16,-13,15,-13,19,-13,17,-14,19,-16,17,-9,20,-14,23,-16,22,-20,24,-16,17,-16,24,-19,22,-15,21,-17,23,-16,27,-15,27,-20,26,-21,24,-19,27,-21,28,-22,27,0,0,0,0,0,0,26,26,22,22,29,24,24,26,23,20,26,27,21,19,27,27,22,22,24,26,22,26,19,23,24,22,19,22,22,22,23,22,24,19,21,19,21,23,20,16,26,17,21,17,22,21,22,22,19,20,23,20,19,19,23,17,23,20,23,19,21,19,23,23,21,16,24,19,21,20,26,26,19,24,20,23,16,24,16,22,16,22,19,23,16,24,15,20,10,26,13,20,13,23,8,22,9,27,4,22,4,23,2,22,3,20,1,21,1,20,-1,17,-2,16,0,0,0,0,0,0,0,0,0,0]"""
1782031943215,2026-06-21T17:52:23.215,safe,posture,mhw,standing_still,t017,"CSI_DATA,536071,1a:00:00:00:00:00,-44,11,-99,15,29,11,528996695,47,2,256,0,""[0,0,0,0,0,0,0,0,0,0,0,0,2,-4,4,-4,4,-3,5,-5,5,-5,7,-4,7,-4,5,-3,8,-5,8,-3,9,-5,9,-5,11,-5,9,-5,14,-4,10,-4,15,-7,13,-5,19,-4,16,-4,13,-3,19,-4,16,-1,19,-3,19,-2,19,-2,17,-3,21,-2,15,-3,21,-4,21,-2,26,-3,21,0,21,-1,21,0,22,0,19,-1,22,-8,21,-3,20,-3,24,-2,20,-7,24,-8,27,-5,33,-5,26,-2,27,-4,27,0,26,-3,29,-3,32,-8,28,-5,32,-5,30,-3,34,-7,38,-7,34,-2,0,0,0,0,0,0,1,-35,0,-33,-1,-40,2,-34,1,-28,3,-36,0,-29,2,-38,-1,-29,3,-36,4,-35,4,-29,3,-30,4,-28,2,-32,1,-30,2,-30,1,-28,4,-33,0,-27,-1,-30,1,-29,1,-33,4,-30,3,-27,4,-30,4,-26,-1,-30,1,-32,1,-30,2,-27,4,-33,0,-24,0,-32,3,-29,7,-36,9,-28,8,-29,11,-28,10,-26,9,-24,8,-29,10,-26,9,-22,14,-23,9,-22,11,-24,14,-21,19,-21,17,-14,16,-14,19,-11,16,-10,15,-9,16,-13,16,-9,16,-8,0,0,0,0,0,0,0,0,0,0]"""
1782031943228,2026-06-21T17:52:23.228,safe,posture,mhw,standing_still,t017,"CSI_DATA,536072,1a:00:00:00:00:00,-44,11,-99,14,29,11,529007695,47,2,256,0,""[0,0,0,0,0,0,0,0,0,0,0,0,-3,-4,-3,-3,-4,-6,-4,-4,-4,-6,-3,-6,-4,-4,-6,-7,-6,-8,-6,-8,-3,-9,-4,-9,-4,-11,-4,-13,-3,-14,-2,-15,-3,-14,-2,-15,-2,-13,-3,-14,-3,-13,-3,-18,-2,-18,0,-15,0,-19,0,-18,2,-20,1,-20,0,-20,1,-19,2,-22,-1,-19,-1,-20,-1,-20,-2,-20,-1,-24,1,-24,0,-23,0,-23,0,-24,0,-24,0,-25,0,-23,2,-26,0,-23,-1,-25,-1,-28,-2,-29,-1,-30,0,-30,2,-28,2,-33,3,-34,3,-31,6,-33,1,-33,4,-35,0,0,0,0,0,0,-35,-8,-35,-12,-30,-7,-30,-11,-37,-13,-30,-14,-31,-12,-29,-13,-31,-13,-26,-12,-28,-8,-29,-9,-33,-9,-31,-11,-25,-14,-26,-12,-28,-12,-29,-14,-25,-13,-29,-13,-26,-9,-28,-13,-24,-9,-25,-8,-25,-11,-30,-9,-28,-12,-24,-12,-28,-13,-26,-12,-26,-15,-28,-14,-30,-14,-25,-14,-25,-18,-23,-14,-24,-14,-26,-14,-25,-15,-25,-19,-19,-19,-17,-22,-18,-23,-19,-23,-15,-22,-15,-22,-13,-22,-12,-22,-9,-18,-8,-20,-8,-22,-9,-19,-6,-22,-3,-22,0,-19,0,-18,2,-18,0,0,0,0,0,0,0,0,0,0]"""
1782031943240,2026-06-21T17:52:23.240,safe,posture,mhw,standing_still,t017,"CSI_DATA,536073,1a:00:00:00:00:00,-44,11,-99,19,28,11,529021005,47,2,256,0,""[0,0,0,0,0,0,0,0,0,0,0,0,2,4,1,5,0,7,3,7,1,9,0,7,0,8,2,8,1,8,0,11,0,11,-1,13,-2,9,-2,13,-3,14,-3,14,-3,16,-7,14,-4,14,-4,13,-7,16,-3,19,-8,17,-9,16,-10,17,-9,17,-11,17,-11,16,-10,15,-11,17,-13,16,-11,16,-10,17,-9,17,-13,19,-10,19,-11,19,-15,16,-13,20,-16,20,-15,20,-15,21,-16,20,-16,21,-14,20,-14,21,-15,22,-14,22,-17,26,-19,22,-20,21,-22,24,-23,23,-23,23,-24,21,-24,23,-23,24,0,0,0,0,0,0,21,33,20,32,19,28,19,30,17,32,13,30,15,30,14,30,10,32,14,29,14,26,14,27,17,30,14,29,8,28,11,28,14,27,10,30,8,32,11,28,11,28,9,30,9,24,11,26,10,27,15,29,11,29,7,28,9,30,9,28,7,30,8,30,5,32,5,29,2,29,3,28,4,28,5,32,4,29,1,32,0,29,-5,27,-5,28,-5,27,-9,27,-9,26,-10,22,-9,23,-10,20,-9,19,-10,19,-10,19,-14,19,-13,16,-16,10,-16,13,-16,8,0,0,0,0,0,0,0,0,0,0]"""
1782031943250,2026-06-21T17:52:23.250,safe,posture,mhw,standing_still,t017,"CSI_DATA,536074,1a:00:00:00:00:00,-44,11,-99,16,29,11,529029695,47,2,256,0,""[0,0,0,0,0,0,0,0,0,0,0,0,-4,3,-4,3,-5,5,-4,4,-5,4,-5,3,-4,4,-6,8,-5,8,-6,10,-6,6,-8,9,-6,8,-8,10,-8,8,-10,12,-8,12,-10,11,-8,11,-5,11,-10,11,-8,15,-10,17,-10,13,-11,15,-9,16,-11,17,-6,16,-9,20,-6,17,-6,20,-3,17,-3,19,-4,19,-2,23,-1,23,0,25,-1,20,-2,23,1,26,3,24,2,27,2,24,6,27,4,21,9,25,9,25,13,25,13,27,13,28,10,25,13,30,15,28,17,28,16,30,17,26,20,26,0,0,0,0,0,0,26,-21,30,-27,21,-20,24,-24,30,-27,20,-20,26,-27,20,-24,23,-26,18,-23,16,-24,16,-30,15,-31,12,-31,15,-26,13,-27,10,-30,11,-30,9,-28,9,-31,4,-27,5,-31,2,-24,1,-28,1,-30,-1,-30,-1,-33,0,-27,-1,-31,-4,-30,-4,-31,-6,-27,-4,-34,-5,-28,-5,-30,-4,-24,-10,-28,-8,-28,-12,-27,-9,-31,-9,-30,-5,-26,-5,-26,-8,-28,-8,-25,-8,-26,-4,-21,-8,-25,-5,-19,-4,-21,-5,-20,-8,-21,-5,-21,-3,-23,-2,-17,-2,-17,1,-17,0,0,0,0,0,0,0,0,0,0]"""
1782031943260,2026-06-21T17:52:23.260,safe,posture,mhw,standing_still,t017,"CSI_DATA,536075,1a:00:00:00:00:00,-44,11,-99,19,28,11,529040695,47,2,256,0,""[0,0,0,0,0,0,0,0,0,0,0,0,1,-5,1,-5,1,-5,1,-5,1,-7,1,-7,2,-8,3,-8,3,-11,2,-10,2,-11,2,-11,4,-11,3,-13,3,-13,1,-13,3,-14,3,-15,3,-16,4,-16,4,-19,2,-19,2,-19,4,-16,2,-19,2,-19,2,-19,3,-21,2,-20,0,-20,2,-21,-1,-21,-2,-20,-3,-20,-4,-22,-7,-22,-5,-19,-4,-22,-8,-22,-8,-22,-9,-23,-11,-22,-10,-22,-13,-22,-14,-22,-15,-21,-20,-21,-17,-21,-19,-22,-20,-23,-21,-22,-22,-22,-23,-24,-24,-21,-23,-22,-27,-19,-27,-20,0,0,0,0,0,0,-22,29,-22,29,-20,30,-20,29,-19,29,-20,28,-16,28,-16,32,-17,28,-14,29,-10,30,-10,28,-8,33,-7,32,-9,29,-5,32,-5,32,-4,30,-4,32,-1,29,1,29,-2,32,2,30,4,28,2,29,9,32,7,29,5,29,9,32,9,28,5,29,8,32,11,29,9,29,10,28,13,28,11,27,13,27,13,27,14,28,13,27,11,27,11,26,10,27,9,28,10,24,9,24,8,24,9,23,8,20,8,21,7,20,8,20,5,21,2,20,2,20,1,19,0,0,0,0,0,0,0,0,0,0]"""
1782031943270,2026-06-21T17:52:23.270,safe,posture,mhw,standing_still,t017,"CSI_DATA,536076,1a:00:00:00:00:00,-44,11,-99,14,29,11,529051695,47,2,256,0,""[0,0,0,0,0,0,0,0,0,0,0,0,-3,2,-6,4,-4,3,-6,3,-7,3,-7,3,-4,6,-6,6,-8,8,-6,6,-8,6,-8,7,-9,8,-9,7,-11,8,-11,9,-11,9,-14,8,-12,9,-11,9,-11,7,-12,14,-13,12,-14,11,-14,13,-13,13,-15,13,-15,15,-13,14,-12,17,-14,14,-13,17,-12,17,-11,18,-9,19,-8,22,-11,18,-12,20,-9,20,-9,23,-8,24,-7,23,-7,25,-7,26,-3,25,-6,25,-1,28,-1,28,-1,31,-1,30,-1,31,-1,33,-1,35,1,31,2,33,3,34,3,35,0,0,0,0,0,0,40,-3,36,-1,35,-4,31,-4,35,-8,35,-2,34,-6,34,-6,33,-6,31,-8,29,-12,29,-9,31,-14,29,-14,28,-8,28,-13,28,-14,26,-14,29,-15,23,-17,23,-19,25,-17,20,-18,20,-20,20,-20,19,-25,19,-23,19,-20,22,-25,18,-24,22,-23,19,-26,17,-24,17,-25,18,-23,17,-26,14,-25,13,-26,14,-26,15,-28,14,-24,18,-22,15,-24,17,-23,18,-22,17,-20,17,-19,17,-19,14,-18,13,-17,13,-18,12,-17,14,-17,14,-13,15,-13,15,-12,15,-11,0,0,0,0,0,0,0,0,0,0]"""
1782031943284,2026-06-21T17:52:23.284,safe,posture,mhw,standing_still,t017,"CSI_DATA,536077,1a:00:00:00:00:00,-44,11,-99,19,28,11,529064754,47,2,256,0,""[0,0,0,0,0,0,0,0,0,0,0,0,7,-2,5,-2,5,-3,5,-3,9,-5,7,-3,7,-4,8,-4,10,-4,8,-4,10,-4,9,-5,10,-5,14,-7,11,-4,15,-5,14,-5,15,-5,11,-4,13,-8,16,-10,15,-8,16,-9,14,-5,17,-8,16,-8,19,-9,19,-10,19,-9,17,-10,16,-11,16,-11,16,-13,16,-15,16,-15,16,-19,15,-16,15,-14,16,-19,17,-20,16,-19,15,-21,14,-19,15,-23,11,-17,11,-22,10,-22,9,-28,10,-30,11,-29,9,-24,14,-32,14,-29,11,-29,13,-32,10,-32,9,-30,0,0,0,0,0,0,-36,-10,-38,-11,-30,-7,-32,-9,-38,-9,-30,-9,-34,-8,-30,-7,-34,-7,-29,-4,-29,-3,-30,-1,-34,-1,-33,0,-28,-4,-32,0,-30,3,-32,0,-30,1,-32,3,-27,4,-32,5,-26,8,-26,8,-29,9,-29,10,-30,10,-27,9,-29,10,-27,13,-30,10,-28,13,-32,11,-27,10,-29,11,-23,9,-24,13,-26,14,-27,14,-28,14,-28,13,-26,7,-27,11,-29,11,-26,8,-26,9,-22,5,-26,8,-19,4,-20,5,-21,5,-21,7,-22,3,-22,4,-19,1,-19,0,-17,-1,0,0,0,0,0,0,0,0,0,0]"""
1782031943295,2026-06-21T17:52:23.295,safe,posture,mhw,standing_still,t017,"CSI_DATA,536078,1a:00:00:00:00:00,-43,11,-99,16,29,11,529073695,47,2,256,0,""[0,0,0,0,0,0,0,0,0,0,0,0,-5,-3,-4,-3,-4,-4,-5,-3,-5,-3,-5,-4,-5,-4,-9,-4,-6,-5,-9,-6,-8,-5,-9,-9,-10,-9,-9,-9,-8,-9,-9,-12,-8,-12,-9,-13,-9,-11,-9,-15,-11,-17,-6,-13,-10,-17,-8,-16,-8,-16,-10,-16,-8,-17,-8,-17,-6,-20,-6,-18,-6,-18,-6,-17,-8,-19,-6,-19,-11,-19,-9,-20,-9,-21,-8,-21,-8,-21,-11,-23,-11,-20,-9,-25,-6,-24,-12,-23,-8,-19,-13,-25,-9,-25,-16,-24,-12,-26,-12,-27,-9,-25,-9,-28,-11,-32,-11,-32,-10,-31,-8,-27,-13,-33,0,0,0,0,0,0,-32,9,-39,9,-30,9,-34,8,-38,6,-31,3,-38,4,-32,4,-35,4,-30,3,-30,3,-33,6,-31,3,-33,6,-28,3,-31,4,-30,5,-31,4,-27,3,-34,4,-28,3,-31,4,-25,3,-27,5,-31,4,-27,3,-32,5,-28,4,-31,4,-30,5,-31,3,-28,3,-34,0,-30,1,-30,1,-26,0,-31,1,-28,-2,-30,0,-30,-4,-30,-6,-27,-6,-27,-9,-28,-8,-24,-9,-26,-13,-21,-12,-23,-9,-17,-10,-21,-11,-17,-12,-18,-12,-17,-13,-13,-13,-10,-15,-10,-16,-8,-15,0,0,0,0,0,0,0,0,0,0]"""
1782031943303,2026-06-21T17:52:23.303,safe,posture,mhw,standing_still,t017,"CSI_DATA,536079,1a:00:00:00:00:00,-44,11,-99,19,28,11,529084695,47,2,256,0,""[0,0,0,0,0,0,0,0,0,0,0,0,-1,5,-2,7,-4,5,-3,7,-4,7,-3,8,-2,7,-4,9,-4,9,-4,8,-4,9,-3,11,-4,11,-5,10,-5,13,-8,13,-8,13,-9,13,-8,15,-10,13,-11,15,-10,14,-9,16,-9,16,-10,16,-10,17,-9,15,-10,16,-11,16,-10,19,-9,17,-11,16,-10,20,-9,19,-9,20,-9,21,-8,20,-9,22,-8,22,-5,24,-5,23,-8,26,-7,24,-3,26,-5,24,-3,29,-4,28,-1,28,-4,28,-2,29,-1,33,-2,29,-4,30,-4,35,-3,33,-2,34,0,35,0,0,0,0,0,0,35,1,35,1,36,0,34,1,35,0,33,1,36,2,35,0,33,-1,33,0,34,-1,32,-4,30,-1,32,-4,33,-4,29,-5,30,-8,30,-5,28,-7,28,-7,29,-8,29,-10,27,-10,29,-9,27,-11,27,-9,27,-13,27,-15,27,-14,27,-14,27,-14,26,-15,28,-10,28,-11,26,-14,29,-11,30,-15,27,-11,27,-13,27,-10,27,-10,28,-10,27,-9,26,-9,26,-9,26,-5,26,-5,23,-7,23,-3,24,-4,22,-2,21,-3,21,0,21,-1,21,1,19,2,19,1,0,0,0,0,0,0,0,0,0,0]"""
1782031943314,2026-06-21T17:52:23.314,safe,posture,mhw,standing_still,t017,"CSI_DATA,536080,1a:00:00:00:00:00,-43,11,-99,19,28,11,529095695,47,2,256,0,""[0,0,0,0,0,0,0,0,0,0,0,0,2,-5,2,-5,1,-7,2,-7,1,-5,3,-7,4,-7,2,-7,2,-10,3,-10,4,-7,4,-11,4,-11,7,-13,9,-13,5,-11,7,-13,7,-13,5,-13,8,-15,8,-15,9,-15,9,-16,10,-15,10,-15,9,-15,11,-16,11,-17,10,-16,10,-17,11,-16,9,-19,9,-19,7,-20,8,-20,7,-22,7,-21,9,-21,7,-22,8,-22,7,-23,5,-24,5,-26,7,-26,5,-26,3,-24,1,-28,2,-28,1,-29,1,-30,2,-30,4,-33,5,-35,3,-32,4,-32,3,-34,0,-36,0,0,0,0,0,0,-36,-4,-35,-7,-36,-4,-34,-4,-34,-4,-35,-7,-34,-5,-35,-4,-34,-4,-32,-2,-32,0,-29,-1,-34,3,-32,0,-30,-3,-32,1,-33,2,-29,0,-32,-1,-28,3,-29,5,-30,3,-29,5,-28,5,-28,4,-30,8,-28,7,-27,3,-30,8,-29,9,-30,5,-33,7,-29,8,-29,8,-30,4,-30,8,-27,8,-30,8,-28,9,-32,7,-28,4,-28,2,-29,4,-27,1,-29,1,-24,4,-24,0,-26,-1,-23,-1,-20,0,-21,0,-20,-2,-21,-2,-21,-4,-19,-4,-17,-7,-15,-8,0,0,0,0,0,0,0,0,0,0]"""
1782031943328,2026-06-21T17:52:23.328,safe,posture,mhw,standing_still,t017,"CSI_DATA,536081,1a:00:00:00:00:00,-43,11,-99,19,28,11,529107443,47,2,256,0,""[0,0,0,0,0,0,0,0,0,0,0,0,-4,-4,-4,-4,-3,-3,-4,-4,-4,-4,-4,-7,-4,-7,-3,-5,-7,-8,-4,-7,-7,-10,-7,-10,-8,-9,-8,-10,-8,-11,-7,-9,-10,-13,-9,-10,-10,-16,-7,-15,-4,-14,-8,-14,-7,-16,-9,-16,-8,-16,-9,-14,-8,-16,-8,-20,-10,-15,-11,-17,-10,-16,-14,-22,-10,-20,-9,-19,-10,-20,-10,-17,-10,-17,-15,-19,-14,-17,-14,-16,-14,-20,-16,-15,-20,-17,-17,-20,-21,-27,-15,-21,-21,-20,-17,-23,-16,-17,-20,-22,-28,-21,-23,-17,-23,-24,-21,-23,-28,-21,-24,-23,-23,-26,0,0,0,0,0,0,-24,24,-22,21,-28,29,-26,24,-20,21,-26,23,-22,22,-27,26,-20,21,-29,26,-26,24,-23,20,-22,21,-22,20,-21,24,-20,24,-19,24,-17,22,-21,22,-16,21,-16,28,-16,24,-20,28,-20,24,-16,23,-17,21,-16,22,-14,28,-15,27,-15,26,-14,23,-20,26,-10,23,-15,28,-16,26,-21,30,-21,23,-17,23,-22,22,-19,21,-17,21,-17,26,-17,21,-15,20,-19,19,-16,17,-20,21,-19,16,-24,17,-19,11,-21,13,-19,8,-19,9,-17,7,-19,9,-15,9,-17,5,0,0,0,0,0,0,0,0,0,0]"""
1782031943336,2026-06-21T17:52:23.336,safe,posture,mhw,standing_still,t017,"CSI_DATA,536082,1a:00:00:00:00:00,-44,11,-99,18,28,11,529117955,47,2,256,0,""[0,0,0,0,0,0,0,0,0,0,0,0,-2,6,-2,4,-3,6,-2,7,-2,6,-3,7,-2,9,-3,8,-2,9,-6,8,-3,9,-6,11,-6,11,-6,12,-6,12,-6,13,-6,15,-7,14,-7,13,-4,15,-3,14,-4,19,-7,17,-7,17,-6,17,-7,17,-7,18,-6,20,-3,18,-3,19,-3,19,-3,22,-2,20,0,20,0,22,1,24,1,22,2,22,3,23,3,23,3,26,7,23,7,26,8,26,7,25,8,23,12,23,12,25,17,26,14,28,13,26,18,26,19,31,17,25,20,26,22,28,22,26,0,0,0,0,0,0,29,-24,30,-23,26,-23,26,-23,24,-24,26,-22,24,-23,24,-26,22,-24,20,-25,18,-25,18,-25,17,-30,15,-26,17,-25,15,-26,14,-28,12,-26,13,-29,7,-26,6,-30,9,-28,6,-26,3,-26,6,-28,1,-31,4,-30,3,-26,2,-31,1,-29,2,-30,-1,-33,-1,-28,-2,-31,1,-30,-3,-31,-2,-29,-4,-30,-3,-30,-3,-31,-2,-28,-2,-29,0,-29,0,-28,0,-26,-2,-25,-1,-25,1,-26,-1,-24,0,-20,-1,-24,1,-23,0,-23,2,-22,3,-19,4,-18,4,-19,0,0,0,0,0,0,0,0,0,0]"""
1782031943348,2026-06-21T17:52:23.348,safe,posture,mhw,standing_still,t017,"CSI_DATA,536083,1a:00:00:00:00:00,-44,11,-99,14,29,11,529128695,47,2,256,0,""[0,0,0,0,0,0,0,0,0,0,0,0,4,-3,3,-6,4,-6,4,-4,4,-7,6,-7,3,-7,4,-7,6,-9,6,-8,7,-8,8,-9,7,-9,8,-11,8,-12,7,-12,8,-14,9,-14,7,-12,9,-13,11,-14,8,-17,9,-15,9,-15,11,-17,9,-15,11,-17,11,-18,8,-19,7,-19,8,-17,7,-19,6,-19,4,-20,7,-20,4,-23,4,-22,4,-22,3,-23,3,-24,1,-26,-1,-25,-1,-25,-1,-28,-1,-26,-3,-24,-4,-26,-4,-28,-6,-30,-6,-33,-7,-29,-7,-33,-7,-34,-9,-31,-11,-31,-11,-34,-11,-33,0,0,0,0,0,0,-35,13,-35,14,-30,13,-31,17,-31,13,-33,11,-29,14,-30,17,-31,14,-28,14,-25,17,-25,15,-25,23,-25,19,-26,15,-25,19,-23,20,-23,20,-25,22,-17,24,-15,24,-20,23,-15,22,-14,25,-15,24,-14,28,-17,25,-15,24,-15,28,-13,25,-14,26,-14,29,-9,28,-11,28,-11,29,-11,28,-9,26,-8,26,-11,29,-11,29,-13,26,-11,26,-12,26,-11,25,-12,25,-9,24,-11,24,-12,22,-12,19,-9,20,-11,19,-9,18,-12,19,-13,15,-11,15,-12,14,-13,12,0,0,0,0,0,0,0,0,0,0]"""
1782031943363,2026-06-21T17:52:23.363,safe,posture,mhw,standing_still,t017,"CSI_DATA,536084,1a:00:00:00:00:00,-44,11,-99,15,29,11,529143890,47,2,256,0,""[0,0,0,0,0,0,0,0,0,0,0,0,4,3,5,4,3,4,7,5,4,3,7,5,7,8,4,7,8,7,4,7,10,9,9,8,9,8,10,8,10,11,8,9,10,11,10,9,13,11,13,15,11,13,13,14,10,11,15,13,13,14,11,13,14,13,15,15,15,10,17,13,14,13,20,16,15,15,16,13,19,14,19,13,16,10,21,10,21,9,21,8,23,13,21,4,24,5,24,9,32,11,23,10,27,5,27,10,27,5,29,5,33,1,29,0,33,5,34,4,35,0,39,3,34,5,0,0,0,0,0,0,3,-39,2,-32,1,-39,2,-36,0,-28,0,-40,-1,-28,1,-39,-1,-29,-1,-38,-1,-36,2,-30,-4,-30,-1,-27,-5,-34,-7,-30,-8,-30,-7,-27,-4,-32,-9,-22,-13,-28,-10,-26,-13,-33,-10,-29,-9,-27,-11,-27,-10,-23,-17,-27,-15,-27,-15,-23,-14,-23,-14,-29,-16,-20,-19,-23,-15,-24,-20,-34,-13,-28,-14,-24,-11,-29,-11,-23,-14,-22,-16,-24,-15,-24,-13,-21,-13,-26,-13,-20,-13,-24,-9,-22,-10,-27,-5,-20,-5,-23,-2,-21,-4,-20,-1,-19,-5,-20,-4,-17,-2,-19,0,0,0,0,0,0,0,0,0,0]"""
1782031943374,2026-06-21T17:52:23.374,safe,posture,mhw,standing_still,t017,"CSI_DATA,536085,1a:00:00:00:00:00,-43,11,-99,15,29,11,529151972,47,2,256,0,""[0,0,0,0,0,0,0,0,0,0,0,0,-5,2,-7,1,-4,1,-8,1,-7,2,-8,1,-9,1,-9,1,-9,-1,-9,-1,-11,0,-10,-1,-11,-1,-11,0,-13,-2,-14,-3,-16,-3,-15,-3,-15,-5,-17,-4,-16,-4,-15,-8,-16,-7,-17,-5,-16,-8,-17,-8,-15,-9,-17,-8,-15,-10,-17,-10,-17,-8,-19,-10,-20,-11,-17,-10,-20,-9,-17,-10,-19,-9,-22,-13,-20,-13,-21,-10,-21,-11,-20,-10,-23,-13,-22,-10,-26,-14,-26,-10,-24,-14,-24,-13,-23,-14,-27,-14,-27,-17,-26,-16,-27,-17,-24,-20,-27,-20,-29,-20,-27,-21,0,0,0,0,0,0,-24,26,-21,26,-24,29,-24,23,-22,22,-24,26,-23,23,-27,23,-22,21,-27,22,-24,23,-23,22,-24,19,-23,20,-23,22,-22,22,-23,23,-21,17,-22,19,-22,16,-23,21,-22,21,-23,21,-24,20,-21,20,-21,16,-21,19,-22,21,-24,20,-22,20,-22,16,-23,19,-26,16,-24,17,-23,16,-30,15,-29,15,-28,13,-27,13,-26,8,-28,10,-30,10,-27,8,-26,5,-24,5,-26,3,-26,2,-26,3,-28,-1,-24,-1,-22,-2,-22,-3,-19,-5,-17,-4,-20,-8,-16,-8,-15,-9,0,0,0,0,0,0,0,0,0,0]"""
1782031943385,2026-06-21T17:52:23.385,safe,posture,mhw,standing_still,t017,"CSI_DATA,536086,1a:00:00:00:00:00,-44,11,-99,18,28,11,529161695,47,2,256,0,""[0,0,0,0,0,0,0,0,0,0,0,0,-2,-4,-3,-4,-2,-6,-2,-8,-2,-7,-3,-6,-4,-7,-2,-7,-4,-9,-3,-8,-3,-9,-4,-11,-4,-12,-4,-13,-4,-13,-3,-12,-6,-14,-4,-15,-4,-15,-3,-15,-2,-14,-7,-18,-3,-15,-4,-18,-4,-19,-6,-17,-3,-19,-6,-22,-4,-17,-8,-18,-7,-18,-8,-22,-8,-18,-9,-19,-9,-18,-12,-20,-9,-19,-12,-20,-12,-19,-12,-20,-13,-22,-14,-17,-15,-22,-15,-22,-18,-22,-14,-19,-19,-22,-18,-20,-23,-19,-20,-23,-23,-20,-24,-23,-24,-24,-19,-22,-24,-22,-26,-25,-24,-22,0,0,0,0,0,0,-26,28,-24,26,-23,25,-25,24,-23,23,-26,24,-20,23,-23,26,-23,23,-22,23,-19,24,-19,22,-17,28,-19,24,-17,24,-18,24,-18,25,-15,26,-19,28,-11,25,-12,28,-14,26,-13,28,-11,26,-12,25,-9,30,-11,26,-9,26,-12,26,-8,28,-12,28,-11,31,-7,26,-7,29,-9,28,-11,31,-12,28,-9,29,-11,28,-13,28,-11,26,-12,26,-13,26,-13,24,-13,24,-8,23,-13,24,-14,20,-14,22,-12,18,-12,17,-14,15,-13,17,-13,14,-14,12,-15,12,-15,11,0,0,0,0,0,0,0,0,0,0]"""
1782031943395,2026-06-21T17:52:23.395,safe,posture,mhw,standing_still,t017,"CSI_DATA,536087,1a:00:00:00:00:00,-44,11,-99,18,28,11,529172695,47,2,256,0,""[0,0,0,0,0,0,0,0,0,0,0,0,-4,0,-7,2,-6,-1,-9,0,-6,3,-8,2,-9,0,-7,0,-9,1,-9,1,-12,2,-11,2,-12,3,-12,2,-13,3,-13,4,-14,4,-13,3,-15,4,-18,7,-15,6,-17,4,-17,4,-18,9,-18,7,-17,7,-15,7,-18,8,-13,9,-17,12,-17,11,-20,15,-18,12,-17,14,-17,13,-15,14,-14,14,-14,18,-14,17,-12,18,-13,20,-7,18,-9,24,-9,25,-12,30,-9,24,-8,28,-8,28,-6,25,-6,29,-1,34,-1,29,-4,34,-3,31,1,34,-1,35,-1,36,0,0,0,0,0,0,34,-2,30,-2,40,-3,35,-3,28,-4,35,-4,30,-7,37,-9,29,-11,36,-8,33,-11,29,-9,29,-13,25,-12,29,-18,24,-18,25,-19,23,-15,24,-18,18,-20,22,-23,19,-23,22,-25,20,-23,18,-23,18,-22,14,-22,13,-28,14,-28,12,-25,12,-23,13,-29,8,-25,7,-29,9,-29,13,-36,12,-29,8,-29,11,-28,9,-25,7,-26,6,-31,7,-28,6,-23,7,-25,4,-23,7,-26,8,-23,11,-28,8,-20,7,-22,9,-17,7,-19,9,-17,8,-19,8,-15,9,-15,0,0,0,0,0,0,0,0,0,0]"""
1782031943406,2026-06-21T17:52:23.406,safe,posture,mhw,standing_still,t017,"CSI_DATA,536088,1a:00:00:00:00:00,-44,11,-99,14,29,11,529183695,47,2,256,0,""[0,0,0,0,0,0,0,0,0,0,0,0,3,-3,4,-6,3,-3,4,-4,3,-4,6,-7,7,-6,7,-4,8,-8,7,-6,9,-7,8,-8,8,-8,9,-8,13,-9,9,-8,13,-9,12,-11,14,-12,15,-8,17,-8,14,-9,14,-7,15,-11,17,-9,17,-9,14,-8,19,-9,14,-9,18,-13,17,-9,22,-14,20,-9,19,-9,19,-9,18,-12,17,-12,19,-15,18,-14,17,-15,20,-13,14,-17,18,-19,19,-19,24,-23,20,-17,19,-22,22,-18,19,-18,23,-22,22,-26,18,-25,24,-24,22,-23,20,-26,26,-24,25,-23,0,0,0,0,0,0,-25,-29,-20,-23,-28,-31,-22,-25,-19,-20,-25,-29,-19,-19,-25,-28,-20,-20,-25,-29,-23,-26,-19,-24,-20,-22,-17,-20,-24,-23,-24,-20,-24,-20,-20,-18,-23,-23,-20,-14,-28,-19,-22,-18,-28,-20,-24,-20,-19,-18,-24,-18,-20,-15,-26,-14,-26,-17,-24,-14,-22,-15,-25,-20,-22,-12,-26,-15,-23,-17,-30,-23,-20,-22,-22,-20,-22,-22,-22,-19,-19,-17,-24,-19,-22,-19,-18,-17,-17,-23,-17,-15,-19,-20,-14,-19,-14,-25,-9,-20,-12,-22,-7,-22,-7,-17,-6,-20,-6,-18,-4,-18,-2,-19,0,0,0,0,0,0,0,0,0,0]"""
1782031943416,2026-06-21T17:52:23.416,safe,posture,mhw,standing_still,t017,"CSI_DATA,536089,1a:00:00:00:00:00,-44,11,-99,18,28,11,529194996,47,2,256,0,""[0,0,0,0,0,0,0,0,0,0,0,0,0,-6,0,-4,0,-6,-1,-7,-1,-8,-2,-7,-1,-6,-1,-8,-2,-11,1,-11,0,-9,1,-13,0,-12,1,-12,3,-14,1,-14,2,-15,1,-17,2,-17,2,-13,6,-15,2,-18,4,-17,4,-18,6,-20,4,-18,7,-19,7,-22,4,-18,3,-20,4,-20,4,-20,3,-19,3,-19,3,-23,4,-23,4,-22,4,-22,6,-22,4,-24,4,-25,1,-25,1,-25,2,-28,3,-28,2,-24,0,-28,2,-28,0,-29,2,-31,2,-29,2,-33,3,-35,3,-31,2,-35,2,-35,3,-33,0,0,0,0,0,0,-37,-7,-36,-7,-35,-2,-34,-7,-34,-7,-33,-9,-31,-6,-35,-7,-31,-7,-33,-6,-30,-4,-30,-7,-33,-3,-29,-6,-26,-9,-30,-7,-31,-4,-30,-6,-33,-6,-29,-2,-29,-1,-31,-3,-28,-2,-28,-1,-29,-2,-31,0,-29,-3,-28,-2,-33,-3,-30,-1,-30,-6,-34,-3,-29,-1,-30,-1,-30,-6,-31,-3,-28,-4,-30,-2,-29,-6,-31,-6,-28,-8,-26,-9,-26,-11,-26,-9,-25,-13,-24,-8,-22,-11,-22,-11,-22,-13,-17,-11,-18,-11,-17,-13,-17,-13,-14,-15,-11,-15,-11,-15,-9,-15,0,0,0,0,0,0,0,0,0,0]"""
1782031943424,2026-06-21T17:52:23.424,safe,posture,mhw,standing_still,t017,"CSI_DATA,536090,1a:00:00:00:00:00,-43,11,-99,19,28,11,529205695,47,2,256,0,""[0,0,0,0,0,0,0,0,0,0,0,0,4,3,5,4,3,2,7,5,5,3,8,5,7,7,5,5,7,7,5,5,8,8,8,9,8,10,8,10,8,13,5,9,10,13,9,11,9,15,7,17,8,16,5,15,7,13,9,16,9,19,7,17,7,15,8,21,7,15,10,20,7,19,11,22,5,20,8,20,7,22,5,20,8,17,14,19,10,20,10,17,10,22,14,19,15,23,14,22,16,30,10,24,14,26,10,27,11,23,14,27,19,30,16,24,16,30,13,30,19,30,16,35,14,33,0,0,0,0,0,0,36,-13,29,-11,39,-14,33,-10,26,-8,38,-10,28,-9,35,-11,28,-11,36,-10,35,-9,29,-5,29,-8,27,-7,33,-11,30,-10,30,-13,27,-10,30,-9,22,-10,27,-13,27,-10,30,-13,30,-9,28,-8,28,-8,26,-5,28,-11,29,-13,29,-11,26,-8,32,-9,23,-10,29,-14,26,-10,38,-10,32,-5,29,-5,33,-4,28,-2,26,-3,32,-5,29,-4,24,-2,27,0,24,-2,28,0,26,1,29,7,21,9,22,7,19,9,17,8,19,8,19,10,16,8,15,11,0,0,0,0,0,0,0,0,0,0]"""
1782031943434,2026-06-21T17:52:23.434,safe,posture,mhw,standing_still,t017,"CSI_DATA,536091,1a:00:00:00:00:00,-43,11,-99,16,29,11,529216695,47,2,256,0,""[0,0,0,0,0,0,0,0,0,0,0,0,4,-3,4,-2,4,-3,4,-3,5,-4,8,-3,8,-4,8,-5,6,-4,8,-4,10,-5,10,-5,11,-5,10,-5,11,-4,15,-3,15,-4,16,-4,15,-2,15,-4,16,-4,16,-1,17,-2,19,-3,20,-1,20,-1,18,-1,19,-2,20,1,19,0,20,-1,23,0,21,-1,21,0,21,0,20,0,23,-1,24,-1,24,-1,24,-1,23,-2,24,-1,26,-1,26,-4,28,-1,27,-3,28,0,27,-2,27,-1,30,-1,33,-2,31,-1,33,0,35,1,35,-1,34,-1,34,0,0,0,0,0,0,0,2,-33,3,-32,3,-36,3,-34,5,-33,5,-34,6,-33,5,-33,5,-33,6,-33,8,-33,6,-31,8,-30,6,-30,6,-31,5,-30,5,-31,6,-28,4,-28,5,-27,4,-31,3,-28,6,-30,5,-31,5,-30,6,-27,4,-28,4,-30,5,-30,4,-31,6,-30,5,-28,8,-27,9,-28,8,-28,11,-30,11,-31,11,-27,12,-27,12,-25,13,-25,16,-26,16,-23,15,-23,16,-23,16,-20,19,-18,17,-19,20,-16,18,-13,17,-13,18,-11,17,-9,18,-10,18,-8,17,-5,17,-3,0,0,0,0,0,0,0,0,0,0]"""
1782031943445,2026-06-21T17:52:23.445,safe,posture,mhw,standing_still,t017,"CSI_DATA,536092,1a:00:00:00:00:00,-44,11,-99,15,29,11,529227695,47,2,256,0,""[0,0,0,0,0,0,0,0,0,0,0,0,-3,5,-3,7,-2,4,-3,5,-3,7,-4,8,-4,8,-5,7,-7,9,-5,8,-8,7,-7,9,-8,9,-9,8,-13,9,-8,8,-13,10,-14,9,-16,9,-14,8,-11,4,-16,8,-15,7,-15,7,-17,8,-17,9,-19,4,-21,7,-15,7,-20,8,-19,5,-23,10,-19,4,-20,5,-21,4,-21,7,-21,7,-20,9,-21,8,-21,8,-24,7,-20,11,-24,11,-24,7,-32,11,-26,7,-26,13,-28,7,-27,8,-27,8,-30,11,-30,10,-35,9,-29,5,-33,10,-36,8,-34,7,0,0,0,0,0,0,2,38,0,33,3,41,-1,38,0,26,-1,36,0,28,-2,38,0,30,-3,35,-3,35,-4,28,0,33,-2,28,-2,30,0,32,0,30,-2,30,-4,34,0,23,1,33,-2,27,-1,32,-2,30,-5,27,-3,29,-4,28,-1,30,-2,32,-1,29,-4,29,-7,33,-3,26,-4,33,-8,27,-8,35,-11,27,-9,28,-14,28,-13,27,-13,24,-11,27,-13,24,-11,21,-19,22,-11,20,-16,21,-16,16,-20,20,-17,13,-19,14,-19,10,-19,10,-15,10,-19,9,-16,7,-19,3,0,0,0,0,0,0,0,0,0,0]"""
1782031943457,2026-06-21T17:52:23.457,safe,posture,mhw,standing_still,t017,"CSI_DATA,536093,1a:00:00:00:00:00,-44,11,-99,19,28,11,529238695,47,2,256,0,""[0,0,0,0,0,0,0,0,0,0,0,0,-4,2,-4,2,-5,2,-7,2,-8,2,-5,1,-5,3,-8,4,-9,2,-11,3,-9,2,-11,2,-11,4,-14,3,-11,3,-16,2,-13,3,-14,2,-14,1,-13,4,-15,3,-19,3,-20,2,-15,0,-19,1,-19,2,-22,1,-19,2,-21,2,-19,4,-21,3,-16,3,-21,7,-20,5,-22,7,-21,7,-22,7,-22,5,-23,7,-26,10,-22,10,-26,9,-22,9,-24,14,-19,10,-21,15,-23,14,-21,19,-27,17,-26,17,-26,14,-28,15,-28,14,-29,19,-29,17,-27,17,-28,19,0,0,0,0,0,0,20,29,20,35,19,23,20,29,22,34,15,27,20,32,17,27,21,30,16,23,20,22,23,24,22,26,22,24,16,26,19,23,21,23,22,24,19,20,24,23,22,19,24,21,20,15,22,16,24,19,26,16,29,20,22,17,24,19,27,19,26,20,26,16,28,21,23,17,26,17,21,14,26,15,24,17,27,17,27,19,23,20,19,20,20,21,20,22,20,19,19,21,15,19,17,19,11,16,15,19,13,17,15,16,11,19,11,20,4,17,5,17,4,19,0,0,0,0,0,0,0,0,0,0]"""
1782031943469,2026-06-21T17:52:23.469,safe,posture,mhw,standing_still,t017,"CSI_DATA,536094,1a:00:00:00:00:00,-43,11,-99,18,28,11,529249695,47,2,256,0,""[0,0,0,0,0,0,0,0,0,0,0,0,1,4,0,6,1,6,3,7,1,7,2,6,3,8,2,9,3,9,2,9,3,11,4,12,4,12,6,13,4,12,6,14,6,13,7,15,6,14,7,14,7,17,8,17,9,15,8,15,8,19,11,15,9,17,11,18,12,17,14,14,13,17,13,15,13,12,15,13,19,14,20,14,18,15,19,14,19,13,23,11,22,11,23,8,25,8,26,9,24,6,25,4,28,3,28,2,30,1,31,2,29,3,33,2,34,0,31,-1,36,1,34,-2,34,-3,0,0,0,0,0,0,-4,-36,-7,-39,-7,-33,-7,-35,-7,-35,-7,-31,-7,-34,-11,-33,-12,-31,-11,-29,-14,-25,-14,-28,-17,-29,-17,-26,-13,-26,-18,-24,-19,-24,-18,-24,-19,-25,-22,-22,-23,-18,-23,-20,-22,-15,-24,-15,-25,-17,-29,-14,-26,-14,-23,-15,-28,-15,-25,-12,-28,-13,-28,-12,-29,-11,-28,-9,-29,-11,-26,-8,-26,-6,-28,-8,-29,-8,-30,-8,-28,-8,-25,-11,-26,-8,-29,-8,-26,-8,-25,-7,-25,-7,-25,-6,-20,-8,-20,-7,-22,-7,-22,-6,-20,-6,-20,-8,-17,-8,-15,-8,-17,-11,0,0,0,0,0,0,0,0,0,0]"""
1782031943481,2026-06-21T17:52:23.481,safe,posture,mhw,standing_still,t017,"CSI_DATA,536095,1a:00:00:00:00:00,-43,11,-99,19,28,11,529260695,47,2,256,0,""[0,0,0,0,0,0,0,0,0,0,0,0,-4,1,-5,-1,-4,-2,-7,-2,-7,-2,-7,-3,-8,-1,-8,-3,-11,-4,-9,-4,-10,-4,-11,-5,-10,-5,-10,-7,-11,-9,-11,-7,-14,-7,-11,-11,-13,-10,-11,-7,-9,-8,-15,-11,-14,-11,-13,-13,-15,-13,-15,-13,-14,-14,-15,-13,-14,-13,-16,-13,-15,-13,-16,-13,-16,-11,-17,-13,-20,-13,-19,-14,-19,-11,-17,-14,-21,-14,-21,-14,-20,-16,-21,-11,-22,-13,-23,-14,-22,-11,-23,-14,-24,-11,-26,-11,-29,-11,-28,-14,-26,-14,-29,-15,-30,-17,-28,-15,-30,-16,-30,-16,-32,-14,0,0,0,0,0,0,-19,30,-21,30,-16,29,-21,30,-19,29,-21,28,-20,28,-21,30,-20,26,-17,27,-15,27,-15,26,-14,32,-16,28,-19,24,-16,27,-14,29,-15,26,-17,28,-11,26,-11,29,-15,26,-10,26,-10,27,-11,27,-9,32,-10,28,-11,24,-11,29,-11,28,-14,29,-14,32,-13,27,-10,28,-14,24,-13,28,-13,27,-13,27,-11,28,-15,27,-15,24,-17,22,-15,23,-17,22,-17,22,-16,19,-19,20,-17,19,-17,17,-16,16,-16,16,-16,14,-17,15,-19,10,-16,7,-17,7,-16,5,0,0,0,0,0,0,0,0,0,0]"""
1782031943491,2026-06-21T17:52:23.491,safe,posture,mhw,standing_still,t017,"CSI_DATA,536096,1a:00:00:00:00:00,-44,11,-99,17,29,11,529271695,47,2,256,0,""[0,0,0,0,0,0,0,0,0,0,0,0,-1,6,0,6,0,6,-1,6,1,6,1,10,2,10,0,7,2,10,-1,10,2,12,1,12,2,13,3,12,0,15,1,11,2,15,2,14,3,17,0,19,-1,19,3,16,0,16,4,17,3,19,4,19,4,17,3,21,5,15,8,21,3,17,7,24,5,20,8,20,7,20,10,20,10,17,13,20,13,19,12,19,15,21,16,14,19,19,19,20,24,23,16,21,22,19,19,21,22,16,24,17,30,15,26,13,28,19,28,17,31,15,31,17,30,17,0,0,0,0,0,0,17,-33,13,-26,17,-39,17,-30,8,-25,15,-34,7,-28,13,-37,8,-26,13,-35,10,-32,11,-29,6,-30,6,-28,6,-32,2,-30,1,-31,1,-28,5,-32,-4,-25,-4,-33,-2,-28,-4,-33,-3,-31,-3,-28,-6,-29,-4,-26,-8,-28,-8,-30,-8,-25,-7,-26,-7,-32,-11,-22,-14,-28,-8,-28,-13,-35,-6,-30,-11,-29,-8,-29,-6,-26,-8,-25,-12,-28,-11,-26,-7,-23,-7,-26,-10,-22,-11,-25,-5,-23,-6,-30,-3,-21,-3,-22,-1,-20,-4,-21,0,-19,-2,-22,-2,-17,0,-19,0,0,0,0,0,0,0,0,0,0]"""
1782031943506,2026-06-21T17:52:23.506,safe,posture,mhw,standing_still,t017,"CSI_DATA,536097,1a:00:00:00:00:00,-43,11,-99,19,28,11,529284841,47,2,256,0,""[0,0,0,0,0,0,0,0,0,0,0,0,-5,-1,-7,-1,-7,-1,-7,-2,-5,-2,-8,-2,-8,-3,-8,-4,-9,-3,-8,-4,-10,-5,-11,-4,-10,-5,-11,-4,-13,-8,-10,-7,-13,-8,-13,-8,-14,-10,-13,-10,-7,-9,-15,-13,-10,-13,-11,-13,-13,-15,-13,-15,-13,-15,-14,-17,-11,-13,-16,-14,-13,-15,-17,-17,-13,-17,-13,-16,-14,-16,-14,-19,-13,-15,-17,-15,-15,-16,-15,-15,-15,-19,-19,-13,-21,-16,-20,-19,-23,-22,-15,-20,-20,-21,-16,-22,-20,-20,-21,-22,-24,-22,-24,-20,-22,-27,-21,-23,-28,-22,-23,-27,-24,-26,0,0,0,0,0,0,-29,24,-28,19,-32,22,-29,21,-26,17,-32,20,-24,17,-29,21,-23,16,-32,19,-30,16,-27,13,-29,16,-26,13,-28,16,-26,16,-27,17,-24,16,-29,15,-19,16,-24,20,-24,16,-27,17,-27,17,-24,11,-27,15,-24,13,-24,19,-26,19,-23,17,-23,15,-29,13,-21,16,-27,17,-26,15,-32,15,-28,10,-27,13,-29,9,-28,8,-26,9,-29,9,-27,8,-26,7,-28,1,-23,7,-27,4,-26,1,-28,-1,-22,-3,-21,-3,-20,-8,-20,-5,-20,-5,-21,-5,-17,-4,-17,-8,0,0,0,0,0,0,0,0,0,0]"""
1782031943517,2026-06-21T17:52:23.517,safe,posture,mhw,standing_still,t017,"CSI_DATA,536098,1a:00:00:00:00:00,-43,11,-99,15,29,11,529293695,47,2,256,0,""[0,0,0,0,0,0,0,0,0,0,0,0,-4,-1,-5,-2,-7,-1,-7,-3,-7,-1,-7,-2,-8,-3,-8,-2,-7,-4,-10,-4,-9,-2,-10,-4,-10,-5,-10,-5,-10,-8,-11,-9,-13,-9,-13,-10,-13,-10,-10,-13,-11,-14,-10,-11,-14,-14,-14,-11,-13,-13,-15,-15,-10,-14,-11,-14,-10,-16,-13,-16,-13,-16,-11,-17,-15,-17,-13,-19,-13,-17,-13,-17,-14,-17,-16,-21,-14,-19,-15,-19,-15,-19,-13,-21,-15,-21,-17,-20,-16,-20,-19,-21,-17,-22,-19,-21,-14,-23,-17,-23,-20,-23,-15,-24,-17,-26,-19,-28,-19,-28,-16,-29,-19,-32,0,0,0,0,0,0,-33,16,-30,15,-33,16,-32,13,-34,13,-29,13,-34,13,-34,11,-32,11,-32,9,-30,11,-32,11,-29,8,-30,11,-30,11,-28,11,-29,14,-30,10,-27,10,-30,9,-28,11,-28,10,-27,10,-28,9,-28,11,-27,8,-28,10,-28,13,-28,10,-28,13,-28,8,-28,10,-30,5,-29,7,-28,5,-30,3,-33,5,-30,3,-29,4,-28,1,-29,1,-29,1,-29,-1,-27,-1,-27,-2,-27,-5,-24,-7,-24,-4,-22,-8,-22,-9,-20,-10,-19,-10,-17,-10,-16,-10,-16,-13,-14,-11,-13,-15,0,0,0,0,0,0,0,0,0,0]"""
1782031943525,2026-06-21T17:52:23.525,safe,posture,mhw,standing_still,t017,"CSI_DATA,536099,1a:00:00:00:00:00,-44,11,-99,15,29,11,529304695,47,2,256,0,""[0,0,0,0,0,0,0,0,0,0,0,0,1,5,2,5,2,4,2,9,4,7,3,8,3,9,3,8,4,9,2,9,5,10,2,10,4,11,4,11,3,13,3,13,4,15,3,15,4,19,1,16,0,15,4,16,3,17,4,20,5,19,5,20,4,17,4,20,4,17,8,19,5,19,8,24,7,22,8,20,7,21,7,19,9,19,11,20,9,20,10,19,10,21,14,17,16,22,16,22,19,26,14,23,16,23,15,24,15,21,17,22,24,24,21,20,22,26,21,28,24,24,26,24,23,24,0,0,0,0,0,0,28,-24,23,-23,29,-28,26,-22,22,-21,26,-26,23,-23,24,-28,21,-23,28,-24,24,-24,21,-20,19,-21,20,-23,20,-27,17,-24,16,-28,14,-23,17,-24,14,-24,14,-29,13,-27,15,-29,16,-28,14,-24,13,-24,13,-24,8,-30,11,-28,9,-27,10,-26,11,-28,8,-27,9,-29,9,-28,14,-35,14,-28,11,-27,15,-28,13,-23,11,-26,10,-29,11,-26,9,-22,11,-22,11,-22,13,-23,14,-20,16,-23,17,-15,15,-19,16,-14,13,-15,15,-14,15,-14,11,-10,15,-11,0,0,0,0,0,0,0,0,0,0]"""
1782031943537,2026-06-21T17:52:23.537,safe,posture,mhw,standing_still,t017,"CSI_DATA,536100,1a:00:00:00:00:00,-43,11,-99,18,28,11,529315695,47,2,256,0,""[0,0,0,0,0,0,0,0,0,0,0,0,-1,4,-1,6,-1,7,-1,6,-3,8,-2,6,-3,7,-2,9,-2,9,0,12,-2,11,-2,11,-2,12,-3,13,-3,13,-1,17,0,12,-1,17,-1,14,-2,18,-1,20,-2,15,-1,19,1,18,0,18,-1,18,-1,20,3,18,1,23,2,19,6,20,3,15,7,20,6,18,8,20,8,20,11,22,9,20,12,22,15,23,13,17,17,23,14,20,18,19,13,15,23,18,19,18,24,14,25,17,25,18,24,17,28,19,29,17,30,18,29,14,28,14,34,12,0,0,0,0,0,0,13,-33,13,-36,8,-29,7,-31,7,-40,6,-30,7,-37,6,-29,2,-35,3,-30,1,-29,-1,-33,-2,-31,-3,-34,-3,-31,-4,-30,-7,-33,-8,-29,-8,-25,-11,-31,-12,-24,-14,-29,-9,-22,-14,-24,-17,-26,-15,-24,-18,-28,-19,-23,-19,-25,-22,-23,-23,-23,-20,-18,-24,-26,-19,-20,-23,-19,-18,-18,-25,-20,-22,-22,-25,-15,-23,-18,-23,-18,-20,-20,-22,-18,-23,-20,-22,-15,-22,-18,-17,-18,-22,-15,-15,-12,-18,-17,-17,-14,-18,-13,-15,-14,-17,-14,-12,-14,-11,-14,-11,-14,0,0,0,0,0,0,0,0,0,0]"""
1782031943546,2026-06-21T17:52:23.546,safe,posture,mhw,standing_still,t017,"CSI_DATA,536101,1a:00:00:00:00:00,-45,11,-99,17,30,11,529326695,47,2,256,0,""[0,0,0,0,0,0,0,0,0,0,0,0,-2,-6,-1,-7,-1,-6,-1,-7,-3,-7,-3,-6,-4,-9,-3,-7,-4,-10,-4,-10,-5,-10,-6,-12,-7,-11,-7,-11,-5,-15,-5,-13,-9,-14,-7,-16,-7,-13,-9,-16,-7,-13,-9,-17,-10,-13,-8,-14,-12,-16,-12,-15,-12,-15,-13,-19,-12,-13,-14,-14,-14,-15,-17,-15,-14,-14,-17,-13,-17,-15,-19,-13,-18,-11,-21,-11,-21,-11,-21,-10,-24,-11,-22,-6,-25,-7,-27,-8,-30,-8,-25,-5,-28,-4,-28,-6,-30,-3,-29,-1,-31,0,-33,2,-36,1,-31,1,-34,5,-37,5,-35,5,0,0,0,0,0,0,4,39,3,35,7,36,7,35,9,31,9,36,9,31,12,36,9,30,11,31,14,29,12,28,17,30,15,27,15,27,18,27,19,22,19,24,20,28,20,18,23,20,22,22,25,20,25,16,22,19,27,17,25,16,25,14,28,13,28,13,26,14,31,16,26,9,30,11,27,13,33,11,27,12,29,8,29,12,28,9,27,9,27,10,27,8,26,9,26,12,24,6,26,10,23,11,23,10,20,9,21,8,19,11,22,11,18,10,16,11,17,11,16,13,0,0,0,0,0,0,0,0,0,0]"""
1782031943557,2026-06-21T17:52:23.557,safe,posture,mhw,standing_still,t017,"CSI_DATA,536102,1a:00:00:00:00:00,-44,11,-99,18,28,11,529337695,47,2,256,0,""[0,0,0,0,0,0,0,0,0,0,0,0,0,6,1,8,0,4,2,8,2,7,1,8,0,11,1,6,2,11,-1,9,1,13,1,12,2,13,1,13,1,14,1,14,2,15,1,14,3,19,1,17,-2,17,3,15,1,19,4,19,4,19,4,19,3,15,6,20,6,17,9,19,7,18,8,24,6,20,7,22,8,19,11,19,9,17,15,18,12,19,14,17,15,20,17,13,19,18,22,19,24,22,17,18,23,17,23,20,20,15,25,17,30,13,28,12,28,17,29,15,34,12,33,14,31,14,0,0,0,0,0,0,17,-35,9,-30,13,-39,9,-34,8,-25,11,-34,7,-29,7,-35,4,-29,11,-36,7,-31,7,-29,2,-33,3,-29,0,-34,0,-30,-2,-31,-2,-28,0,-31,-6,-25,-9,-30,-7,-28,-7,-33,-7,-31,-7,-26,-11,-28,-7,-25,-14,-26,-12,-28,-13,-24,-12,-24,-13,-28,-15,-20,-18,-24,-15,-25,-19,-34,-12,-29,-13,-25,-14,-30,-12,-23,-12,-24,-18,-25,-15,-23,-14,-18,-13,-23,-15,-22,-15,-24,-12,-22,-12,-26,-7,-18,-8,-20,-4,-19,-7,-18,-7,-18,-6,-20,-6,-17,-3,-19,0,0,0,0,0,0,0,0,0,0]"""
1782031943569,2026-06-21T17:52:23.569,safe,posture,mhw,standing_still,t017,"CSI_DATA,536103,1a:00:00:00:00:00,-43,11,-99,19,28,11,529348695,47,2,256,0,""[0,0,0,0,0,0,0,0,0,0,0,0,0,-5,0,-7,1,-7,0,-7,1,-8,2,-8,4,-10,1,-8,3,-8,3,-9,4,-11,2,-11,3,-14,5,-11,4,-13,7,-11,9,-14,7,-13,9,-15,9,-16,7,-14,10,-13,10,-13,10,-16,11,-15,10,-14,10,-15,14,-16,11,-15,11,-17,11,-16,15,-21,17,-17,14,-16,15,-17,14,-16,11,-19,11,-22,11,-20,10,-17,13,-20,13,-21,14,-22,11,-23,16,-28,16,-23,15,-24,16,-22,15,-21,14,-26,16,-32,14,-26,16,-27,20,-29,17,-30,16,-28,21,-27,0,0,0,0,0,0,-28,-22,-27,-21,-32,-23,-27,-23,-22,-20,-29,-24,-24,-20,-28,-22,-24,-19,-26,-24,-26,-24,-21,-22,-21,-21,-23,-20,-27,-21,-24,-19,-27,-19,-24,-15,-22,-19,-23,-17,-24,-17,-24,-17,-26,-19,-24,-21,-23,-17,-21,-20,-22,-17,-27,-17,-24,-17,-24,-15,-23,-16,-24,-20,-23,-17,-24,-17,-22,-17,-26,-23,-21,-23,-20,-21,-20,-22,-16,-22,-17,-21,-22,-22,-17,-23,-15,-21,-14,-22,-14,-21,-13,-24,-13,-21,-10,-26,-7,-21,-5,-22,-3,-21,-2,-19,-2,-22,-2,-22,-1,-20,1,-17,0,0,0,0,0,0,0,0,0,0]"""
1782031943581,2026-06-21T17:52:23.581,safe,posture,mhw,standing_still,t017,"CSI_DATA,536104,1a:00:00:00:00:00,-44,11,-99,18,28,11,529362764,47,2,256,0,""[0,0,0,0,0,0,0,0,0,0,0,0,4,3,4,3,6,3,6,3,7,3,6,4,7,4,9,6,7,6,11,6,11,6,11,4,11,4,11,7,11,6,12,8,12,8,13,8,13,8,13,9,15,11,12,9,14,9,15,9,15,11,17,11,15,12,17,9,17,13,18,9,18,11,18,9,20,11,18,8,20,8,19,9,22,7,24,7,24,7,24,3,24,3,24,8,25,4,29,1,26,2,28,1,29,3,29,0,29,3,29,-1,31,-1,30,-1,33,0,36,-1,33,-2,34,-1,33,-2,0,0,0,0,0,0,-3,-33,-2,-34,-7,-34,-3,-33,-4,-35,-2,-33,-3,-36,-3,-35,-4,-33,-6,-33,-6,-33,-8,-31,-7,-30,-9,-30,-9,-30,-11,-29,-13,-28,-12,-28,-12,-25,-12,-30,-13,-26,-14,-28,-15,-23,-15,-26,-18,-25,-14,-23,-19,-25,-19,-24,-19,-25,-19,-23,-18,-23,-20,-20,-18,-28,-18,-24,-18,-20,-19,-23,-22,-25,-18,-23,-19,-22,-18,-23,-17,-24,-18,-23,-17,-24,-17,-23,-14,-20,-12,-24,-11,-23,-14,-20,-12,-20,-12,-22,-8,-20,-9,-19,-7,-19,-8,-22,-8,-18,-4,-18,-3,-17,0,0,0,0,0,0,0,0,0,0]"""
1782031943590,2026-06-21T17:52:23.590,safe,posture,mhw,standing_still,t017,"CSI_DATA,536105,1a:00:00:00:00:00,-44,11,-99,14,29,11,529370695,47,2,256,0,""[0,0,0,0,0,0,0,0,0,0,0,0,-4,1,-4,1,-7,1,-6,2,-8,1,-7,1,-7,3,-9,3,-9,2,-11,3,-11,3,-11,3,-13,3,-13,3,-12,2,-17,2,-14,3,-15,3,-13,2,-17,3,-19,7,-18,2,-20,3,-19,2,-17,1,-18,2,-22,3,-19,4,-23,3,-19,4,-22,6,-17,3,-19,6,-20,6,-23,7,-20,8,-23,8,-22,7,-23,9,-25,12,-20,12,-24,12,-22,11,-22,15,-19,11,-22,15,-24,13,-20,19,-24,18,-26,19,-24,18,-26,20,-26,19,-28,22,-26,22,-24,22,-24,22,0,0,0,0,0,0,22,24,26,29,20,22,24,24,30,29,22,22,26,26,22,23,28,25,20,22,23,20,25,23,25,20,29,19,23,19,24,17,26,17,28,17,24,14,30,15,25,12,29,15,24,9,25,11,28,11,28,11,30,11,28,8,29,12,30,9,31,9,28,7,34,12,28,8,29,7,23,9,31,7,26,9,30,7,29,9,28,12,26,12,26,13,28,13,26,11,25,13,19,13,24,11,15,11,20,12,18,12,20,11,18,12,18,13,13,13,12,13,11,13,0,0,0,0,0,0,0,0,0,0]"""
1782031943602,2026-06-21T17:52:23.602,safe,posture,mhw,standing_still,t017,"CSI_DATA,536106,1a:00:00:00:00:00,-43,11,-99,18,28,11,529381695,47,2,256,0,""[0,0,0,0,0,0,0,0,0,0,0,0,6,-2,6,-1,7,-2,8,-2,8,-2,6,-1,8,-3,11,-2,12,-3,9,-3,11,-1,12,-2,11,-3,14,-2,13,-2,15,-1,13,-2,15,-1,13,-2,13,-3,14,-1,19,-3,19,-2,18,0,19,-2,18,-1,19,-1,20,-3,22,-2,19,-3,22,-1,18,-3,19,-4,20,-7,20,-7,23,-7,23,-7,20,-6,23,-7,24,-9,24,-9,25,-9,23,-9,24,-13,20,-12,22,-14,24,-15,23,-18,25,-19,26,-17,25,-12,28,-14,29,-17,26,-17,29,-15,29,-19,26,-18,0,0,0,0,0,0,-18,-30,-20,-31,-17,-25,-19,-29,-20,-30,-17,-28,-19,-29,-19,-28,-17,-29,-17,-24,-19,-22,-20,-24,-24,-24,-22,-25,-17,-25,-22,-24,-22,-20,-22,-25,-19,-23,-24,-22,-23,-19,-24,-22,-19,-14,-23,-13,-24,-17,-28,-17,-25,-17,-22,-17,-25,-18,-24,-15,-25,-18,-26,-17,-25,-19,-25,-17,-25,-18,-23,-14,-25,-14,-25,-14,-26,-13,-25,-18,-23,-18,-19,-19,-22,-22,-22,-19,-19,-19,-18,-19,-15,-19,-17,-19,-14,-17,-17,-18,-14,-17,-14,-15,-13,-18,-9,-18,-7,-17,-6,-17,-4,-19,0,0,0,0,0,0,0,0,0,0]"""
1782031943613,2026-06-21T17:52:23.613,safe,posture,mhw,standing_still,t017,"CSI_DATA,536107,1a:00:00:00:00:00,-44,11,-99,18,28,11,529393533,47,2,256,0,""[0,0,0,0,0,0,0,0,0,0,0,0,2,-3,3,-4,1,-4,3,-7,3,-6,6,-7,6,-8,4,-7,6,-8,6,-8,6,-9,9,-9,8,-9,8,-9,9,-13,9,-9,11,-14,9,-11,13,-13,13,-13,12,-13,13,-11,12,-11,14,-13,14,-13,13,-12,13,-12,14,-13,14,-11,13,-17,13,-13,17,-15,15,-14,14,-15,14,-15,15,-15,13,-15,13,-20,15,-18,13,-18,13,-20,12,-19,12,-24,11,-23,17,-25,14,-24,13,-26,14,-24,13,-20,13,-25,18,-29,14,-25,15,-29,18,-28,15,-30,14,-34,17,-31,0,0,0,0,0,0,-33,-15,-28,-14,-34,-18,-31,-14,-24,-13,-33,-17,-28,-14,-33,-18,-29,-12,-31,-18,-30,-17,-28,-13,-26,-12,-26,-13,-30,-12,-29,-11,-30,-11,-26,-11,-28,-11,-26,-8,-31,-6,-29,-7,-30,-9,-30,-8,-28,-7,-26,-7,-26,-6,-30,-4,-30,-6,-29,-4,-26,-4,-30,-7,-28,-6,-30,-3,-29,-4,-35,-8,-29,-11,-29,-7,-28,-8,-25,-9,-25,-8,-29,-8,-25,-12,-23,-9,-24,-12,-22,-11,-24,-11,-22,-11,-23,-15,-19,-14,-19,-13,-15,-14,-14,-13,-13,-14,-14,-14,-12,-14,-11,-15,0,0,0,0,0,0,0,0,0,0]"""
1782031943622,2026-06-21T17:52:23.622,safe,posture,mhw,standing_still,t017,"CSI_DATA,536108,1a:00:00:00:00:00,-43,11,-99,18,28,11,529403695,47,2,256,0,""[0,0,0,0,0,0,0,0,0,0,0,0,6,0,7,0,6,0,7,2,7,-1,9,0,9,1,8,1,11,0,9,2,13,0,14,1,13,2,13,0,14,2,12,3,18,3,13,1,17,4,15,6,13,4,20,4,14,6,19,4,18,4,15,3,17,6,22,7,17,3,20,3,19,4,24,6,22,8,19,6,20,8,20,6,19,4,23,2,23,3,20,3,24,4,23,-1,26,0,28,3,33,2,25,4,28,4,28,4,25,3,30,2,34,-1,30,-1,34,2,31,4,35,-3,36,2,36,6,0,0,0,0,0,0,4,-35,3,-31,3,-40,4,-35,3,-29,4,-36,2,-30,3,-36,2,-30,3,-36,6,-34,7,-29,2,-33,3,-29,2,-33,2,-30,0,-30,0,-29,2,-31,-2,-24,-3,-31,-1,-29,0,-31,1,-30,0,-28,0,-30,1,-26,-4,-30,-3,-29,-3,-30,0,-28,-1,-34,-4,-26,-4,-31,-2,-29,-1,-36,3,-30,1,-29,6,-30,3,-26,4,-26,1,-31,2,-28,3,-23,6,-25,3,-25,4,-28,6,-24,11,-26,11,-20,9,-20,12,-18,11,-17,11,-15,11,-19,11,-14,14,-14,0,0,0,0,0,0,0,0,0,0]"""
1782031943635,2026-06-21T17:52:23.635,safe,posture,mhw,standing_still,t017,"CSI_DATA,536109,1a:00:00:00:00:00,-44,11,-99,19,28,11,529414913,47,2,256,0,""[0,0,0,0,0,0,0,0,0,0,0,0,3,-4,4,-4,4,-4,4,-7,5,-7,4,-3,4,-7,7,-7,7,-7,8,-5,8,-7,9,-8,8,-9,11,-8,11,-8,10,-8,11,-9,14,-8,13,-8,10,-7,13,-7,15,-11,16,-9,16,-7,20,-9,16,-10,19,-8,19,-9,19,-9,19,-11,19,-8,17,-8,19,-9,16,-15,17,-14,19,-14,19,-13,19,-11,21,-11,21,-14,21,-13,21,-16,22,-14,22,-14,19,-16,21,-17,20,-20,21,-19,23,-21,23,-20,24,-17,27,-20,28,-20,27,-20,28,-17,27,-21,28,-21,0,0,0,0,0,0,-20,-33,-17,-32,-17,-27,-16,-32,-19,-32,-14,-34,-15,-30,-15,-32,-15,-30,-15,-26,-17,-24,-16,-27,-20,-28,-19,-28,-13,-28,-14,-27,-17,-27,-15,-27,-14,-27,-17,-24,-19,-26,-15,-27,-16,-22,-16,-23,-17,-23,-20,-23,-19,-23,-15,-23,-19,-26,-19,-24,-15,-27,-19,-26,-16,-26,-16,-24,-15,-27,-15,-24,-17,-23,-16,-24,-19,-24,-16,-28,-14,-27,-8,-27,-10,-27,-9,-27,-7,-27,-7,-26,-3,-26,-2,-26,-3,-22,-2,-22,-3,-22,-2,-21,-2,-22,-1,-20,3,-20,4,-19,5,-19,0,0,0,0,0,0,0,0,0,0]"""
1782031943643,2026-06-21T17:52:23.643,safe,posture,mhw,standing_still,t017,"CSI_DATA,536110,1a:00:00:00:00:00,-43,11,-99,19,28,11,529425695,47,2,256,0,""[0,0,0,0,0,0,0,0,0,0,0,0,-4,0,-7,0,-5,0,-5,0,-7,0,-7,1,-8,0,-8,-1,-10,2,-10,0,-11,0,-13,1,-11,0,-14,1,-14,0,-14,0,-16,0,-16,0,-15,1,-17,0,-17,-1,-19,1,-17,0,-19,0,-20,0,-19,1,-21,0,-22,0,-17,2,-21,3,-20,2,-21,4,-21,3,-20,4,-22,5,-23,7,-21,8,-21,8,-22,10,-22,10,-23,9,-19,13,-23,14,-24,13,-22,15,-20,13,-22,17,-23,17,-22,21,-24,20,-22,20,-23,23,-26,23,-22,22,-22,26,-24,27,-24,24,0,0,0,0,0,0,26,26,26,23,30,22,24,24,26,21,26,23,26,20,29,22,24,20,29,19,27,17,24,16,30,16,26,15,27,14,29,13,28,10,29,11,30,13,27,7,30,5,29,8,28,5,27,4,27,5,32,3,28,4,27,1,30,1,30,0,30,2,34,2,28,-1,30,-2,30,1,32,-2,29,1,29,-1,32,2,30,1,28,1,28,0,28,-1,27,0,29,4,26,-1,27,1,24,3,23,4,21,4,22,3,21,5,24,5,17,5,19,4,20,7,19,8,0,0,0,0,0,0,0,0,0,0]"""
1782031943654,2026-06-21T17:52:23.654,safe,posture,mhw,standing_still,t017,"CSI_DATA,536111,1a:00:00:00:00:00,-43,11,-99,15,29,11,529436695,47,2,256,0,""[0,0,0,0,0,0,0,0,0,0,0,0,5,2,4,2,7,2,5,3,8,3,7,4,7,5,8,5,9,7,9,7,8,5,9,8,9,8,11,8,9,8,10,11,10,14,9,13,9,13,10,14,13,15,7,14,11,15,9,16,8,16,11,16,9,16,8,16,7,20,9,19,8,19,9,20,10,21,9,19,10,20,10,20,9,21,11,22,10,22,11,21,11,20,9,23,9,23,13,23,11,24,14,27,13,26,15,24,10,27,15,27,14,28,11,28,11,30,11,33,13,30,13,33,14,34,0,0,0,0,0,0,35,-9,33,-8,34,-9,35,-8,36,-8,33,-7,34,-7,33,-5,34,-5,33,-4,33,-4,32,-7,29,-1,32,-5,32,-7,29,-4,29,-8,30,-5,28,-4,33,-4,29,-5,29,-5,28,-5,30,-4,29,-5,26,-3,29,-5,29,-7,28,-5,30,-7,29,-4,29,-4,32,-2,30,-2,30,-2,33,-1,34,0,29,1,30,2,28,4,29,4,29,3,28,4,26,5,26,7,26,9,23,11,22,9,21,10,22,11,19,14,16,11,15,14,14,14,14,13,10,14,10,14,0,0,0,0,0,0,0,0,0,0]"""
1782031943668,2026-06-21T17:52:23.668,safe,posture,mhw,standing_still,t017,"CSI_DATA,536112,1a:00:00:00:00:00,-44,11,-99,14,29,11,529447695,47,2,256,0,""[0,0,0,0,0,0,0,0,0,0,0,0,-4,-2,-4,-4,-4,-2,-6,-3,-4,-2,-6,-7,-7,-7,-7,-6,-6,-8,-4,-7,-7,-8,-6,-9,-8,-9,-7,-9,-7,-11,-6,-12,-9,-14,-7,-12,-8,-17,-4,-18,-6,-18,-3,-15,-4,-18,-6,-18,-4,-19,-4,-18,-4,-18,-2,-19,-1,-19,-4,-20,-3,-19,-3,-24,-2,-22,-3,-22,-3,-23,-1,-22,-3,-20,-6,-24,-3,-22,-3,-22,-3,-22,-4,-24,-3,-26,-4,-25,-2,-30,-3,-26,-3,-28,-2,-29,-1,-26,-2,-29,-3,-31,-3,-29,-1,-34,1,-33,-2,-31,-2,-34,0,-35,0,0,0,0,0,0,-36,-2,-33,-4,-39,-3,-34,-4,-29,-6,-35,-6,-30,-6,-36,-8,-30,-6,-36,-9,-31,-9,-29,-8,-30,-8,-28,-8,-33,-8,-30,-8,-30,-6,-28,-7,-29,-9,-26,-8,-31,-7,-28,-6,-31,-8,-30,-9,-28,-8,-26,-8,-26,-9,-30,-7,-28,-11,-26,-9,-26,-11,-29,-9,-24,-12,-29,-11,-26,-11,-31,-17,-25,-15,-26,-17,-24,-17,-22,-18,-20,-17,-24,-19,-19,-19,-18,-17,-18,-20,-17,-19,-18,-22,-15,-19,-13,-25,-8,-22,-8,-22,-4,-20,-4,-19,-3,-18,-4,-20,-1,-18,0,-18,0,0,0,0,0,0,0,0,0,0]"""
1782031943679,2026-06-21T17:52:23.679,safe,posture,mhw,standing_still,t017,"CSI_DATA,536113,1a:00:00:00:00:00,-44,11,-99,18,28,11,529460997,47,2,256,0,""[0,0,0,0,0,0,0,0,0,0,0,0,-4,2,-6,2,-6,3,-6,2,-6,2,-7,2,-7,3,-8,3,-9,3,-11,3,-11,2,-11,2,-12,3,-14,3,-14,2,-14,3,-13,3,-17,2,-14,2,-15,2,-18,1,-18,3,-19,3,-17,2,-19,2,-19,2,-20,0,-20,1,-18,3,-19,4,-22,2,-19,3,-19,3,-19,6,-23,7,-20,6,-23,6,-22,6,-23,7,-24,7,-24,8,-24,9,-24,11,-25,11,-23,11,-22,11,-25,14,-24,14,-25,17,-29,15,-28,13,-30,15,-30,15,-26,17,-29,15,-28,15,-29,19,0,0,0,0,0,0,18,33,17,34,19,29,17,31,17,31,14,30,17,29,17,29,15,29,15,26,17,26,15,26,23,28,20,28,14,26,18,29,19,24,18,25,19,26,22,23,20,20,20,24,18,19,19,19,22,19,24,22,23,22,20,20,23,23,23,19,22,22,24,20,24,22,23,18,22,22,23,19,22,19,23,18,23,20,22,22,20,23,17,23,18,23,17,23,15,24,17,22,13,20,12,22,11,20,11,19,11,22,11,18,11,20,8,20,3,19,3,20,1,19,0,0,0,0,0,0,0,0,0,0]"""
1782031943687,2026-06-21T17:52:23.687,safe,posture,mhw,standing_still,t017,"CSI_DATA,536114,1a:00:00:00:00:00,-44,11,-99,18,28,11,529469695,47,2,256,0,""[0,0,0,0,0,0,0,0,0,0,0,0,1,4,1,4,1,6,0,6,1,7,-1,8,0,8,2,9,0,9,1,11,1,11,-1,11,-1,12,-1,14,-2,12,-2,15,-2,15,-1,17,-2,15,-4,17,-2,20,-3,15,-3,20,-2,18,-3,19,-2,19,-4,19,-3,19,-7,22,-3,20,-3,22,-2,19,-2,23,-2,22,0,20,-1,20,-1,23,-2,24,-3,24,0,25,1,23,-1,26,-2,26,1,26,1,23,3,31,1,29,7,30,2,30,2,29,1,29,0,30,1,33,1,35,3,34,2,35,4,34,0,0,0,0,0,0,34,0,37,-4,34,-3,34,-3,36,-1,33,0,39,-2,33,-2,34,-2,33,-2,31,-3,34,-4,31,-2,33,-6,31,-3,31,-3,30,-6,30,-6,28,-4,33,-4,28,-7,31,-7,26,-7,26,-7,30,-9,26,-7,30,-11,29,-9,29,-8,30,-11,28,-9,26,-11,33,-8,29,-11,28,-8,28,-7,28,-11,30,-7,29,-9,30,-4,29,-6,30,-2,30,-1,29,-2,25,-3,26,2,25,2,26,-1,20,1,25,-1,22,3,22,1,20,4,20,6,20,4,15,7,15,8,0,0,0,0,0,0,0,0,0,0]"""
1782031943700,2026-06-21T17:52:23.700,safe,posture,mhw,standing_still,t017,"CSI_DATA,536115,1a:00:00:00:00:00,-44,11,-99,18,28,11,529480695,47,2,256,0,""[0,0,0,0,0,0,0,0,0,0,0,0,6,-2,6,-1,6,-2,7,-3,8,-2,6,-3,6,-3,8,-4,8,-6,8,-6,8,-4,11,-4,12,-7,13,-4,13,-7,12,-9,13,-7,14,-7,11,-6,12,-9,13,-13,15,-9,15,-9,17,-8,17,-11,14,-12,15,-11,18,-12,17,-13,14,-14,17,-14,13,-15,12,-14,12,-18,12,-19,13,-22,12,-19,13,-18,12,-20,9,-22,11,-20,9,-24,9,-23,9,-26,7,-23,6,-25,2,-28,2,-29,2,-30,3,-31,4,-31,3,-33,2,-34,2,-33,0,-33,-2,-35,-2,-34,0,0,0,0,0,0,-36,1,-37,4,-33,6,-36,4,-39,6,-34,1,-34,6,-33,7,-35,6,-30,9,-26,9,-29,11,-29,13,-30,13,-29,9,-26,13,-28,17,-28,14,-26,17,-25,18,-23,18,-25,18,-18,18,-18,22,-20,22,-20,25,-20,24,-19,22,-20,25,-17,25,-20,23,-19,25,-18,28,-17,25,-17,24,-14,24,-13,25,-13,26,-12,28,-15,28,-14,25,-14,22,-14,25,-14,23,-15,22,-15,23,-14,20,-13,22,-12,18,-12,18,-12,19,-12,18,-12,18,-13,17,-14,13,-14,13,-13,11,0,0,0,0,0,0,0,0,0,0]"""
1782031943709,2026-06-21T17:52:23.709,safe,posture,mhw,standing_still,t017,"CSI_DATA,536116,1a:00:00:00:00:00,-44,11,-99,15,29,11,529491695,47,2,256,0,""[0,0,0,0,0,0,0,0,0,0,0,0,-4,2,-4,4,-5,3,-7,3,-7,4,-5,4,-8,4,-9,4,-8,4,-8,4,-10,7,-9,4,-10,5,-10,5,-10,4,-14,4,-15,4,-14,4,-16,3,-16,4,-15,7,-16,1,-16,2,-19,3,-17,2,-19,3,-19,2,-20,3,-20,1,-20,3,-22,3,-22,2,-22,3,-21,1,-22,4,-21,1,-21,4,-23,5,-23,3,-22,7,-22,7,-24,4,-26,5,-24,8,-28,7,-28,8,-28,5,-27,7,-27,4,-28,7,-33,9,-29,5,-32,7,-35,5,-34,8,-33,8,-34,9,0,0,0,0,0,0,5,35,4,34,5,38,4,35,4,34,4,34,3,33,3,35,4,33,2,34,3,34,3,34,1,30,3,30,7,32,5,30,7,32,5,29,5,29,4,30,7,32,8,30,4,30,5,30,5,29,3,28,5,28,9,30,4,30,8,28,7,29,5,28,3,30,5,30,7,29,3,30,2,33,1,32,1,29,-3,27,-1,28,1,32,-2,29,-1,26,-2,27,-5,26,-7,24,-3,24,-9,23,-8,24,-11,21,-9,19,-11,16,-10,19,-13,17,-13,14,-13,13,0,0,0,0,0,0,0,0,0,0]"""
1782031943721,2026-06-21T17:52:23.721,safe,posture,mhw,standing_still,t017,"CSI_DATA,536117,1a:00:00:00:00:00,-44,11,-99,16,29,11,529502695,47,2,256,0,""[0,0,0,0,0,0,0,0,0,0,0,0,5,0,6,0,6,-1,6,0,8,0,8,0,8,0,9,0,11,-1,10,1,10,3,13,3,11,2,13,4,12,5,15,4,13,4,15,5,12,5,13,4,11,5,17,6,16,8,15,10,16,10,16,10,18,12,18,13,18,11,17,9,18,12,17,10,18,9,18,11,20,11,19,10,19,11,19,11,20,12,20,12,20,12,23,9,21,12,25,12,24,10,23,11,25,11,26,10,27,11,26,16,25,13,28,17,28,17,27,17,31,16,31,18,28,17,0,0,0,0,0,0,20,-27,24,-28,18,-26,20,-27,23,-30,23,-24,21,-25,23,-25,21,-24,19,-21,19,-24,20,-23,20,-27,20,-24,20,-20,23,-23,19,-24,20,-23,21,-23,18,-21,17,-24,20,-21,15,-20,16,-21,18,-20,18,-25,20,-23,18,-20,23,-23,18,-23,20,-20,23,-23,20,-23,19,-21,23,-23,21,-20,20,-19,20,-20,24,-20,25,-20,24,-16,24,-13,26,-12,26,-11,26,-11,25,-12,24,-9,25,-8,21,-6,20,-4,21,-5,20,-3,23,-2,20,1,20,1,19,3,19,5,0,0,0,0,0,0,0,0,0,0]"""
1782031943733,2026-06-21T17:52:23.733,safe,posture,mhw,standing_still,t017,"CSI_DATA,536118,1a:00:00:00:00:00,-43,11,-99,14,29,11,529513695,47,2,256,0,""[0,0,0,0,0,0,0,0,0,0,0,0,1,-6,1,-4,2,-7,1,-7,2,-8,1,-7,2,-8,3,-9,4,-9,3,-12,4,-9,3,-11,3,-11,6,-11,7,-8,9,-14,9,-13,8,-12,8,-9,7,-14,8,-13,11,-13,13,-14,13,-13,14,-13,14,-12,14,-12,13,-13,18,-13,14,-12,17,-13,13,-12,14,-14,18,-13,17,-14,17,-15,19,-15,18,-13,18,-14,20,-17,18,-15,23,-17,20,-13,20,-18,15,-13,22,-20,20,-17,18,-22,24,-20,24,-20,23,-17,24,-19,25,-18,30,-19,28,-19,25,-18,29,-20,0,0,0,0,0,0,-15,-31,-18,-36,-15,-28,-13,-29,-19,-35,-9,-29,-13,-36,-11,-28,-13,-35,-9,-28,-12,-28,-12,-29,-11,-30,-14,-33,-9,-28,-11,-29,-11,-29,-9,-30,-8,-25,-11,-31,-11,-26,-11,-30,-9,-23,-12,-25,-13,-29,-9,-26,-12,-29,-11,-28,-9,-29,-12,-28,-9,-29,-9,-26,-6,-34,-6,-28,-6,-30,-3,-25,-6,-30,-4,-29,-6,-30,-1,-29,0,-30,3,-28,2,-29,3,-29,4,-26,7,-30,7,-22,7,-24,7,-18,7,-23,9,-20,4,-22,12,-19,12,-18,12,-14,13,-13,14,-11,0,0,0,0,0,0,0,0,0,0]"""
1782031943742,2026-06-21T17:52:23.742,safe,posture,mhw,standing_still,t017,"CSI_DATA,536119,1a:00:00:00:00:00,-44,11,-99,19,28,11,529524695,47,2,256,0,""[0,0,0,0,0,0,0,0,0,0,0,0,2,5,3,7,2,7,3,7,1,7,0,8,2,10,1,9,2,10,2,11,1,11,0,13,-1,11,-1,14,-1,15,0,13,-1,15,-3,16,-3,16,-4,14,-7,15,-2,20,-5,16,-8,19,-8,20,-9,19,-9,17,-8,20,-7,17,-7,19,-11,20,-8,19,-10,19,-10,19,-10,20,-11,21,-9,20,-9,20,-11,20,-11,21,-13,21,-10,22,-10,23,-13,23,-14,24,-13,22,-13,26,-14,26,-14,26,-16,27,-15,27,-17,29,-20,28,-19,24,-17,28,-19,28,-21,26,0,0,0,0,0,0,27,27,24,27,26,23,26,24,22,26,21,29,20,24,22,28,19,28,17,26,19,24,17,26,21,27,17,27,15,26,19,27,20,24,16,27,16,28,19,26,20,23,15,26,15,23,16,23,14,24,19,27,14,27,14,26,15,29,15,27,13,29,14,29,14,26,13,27,10,28,10,30,8,27,9,28,8,33,8,29,3,28,4,28,1,29,1,28,-3,29,0,27,-1,27,-3,24,-7,23,-5,20,-7,22,-7,20,-9,20,-11,19,-10,17,-13,16,-13,14,0,0,0,0,0,0,0,0,0,0]"""
1782031943754,2026-06-21T17:52:23.754,safe,posture,mhw,standing_still,t017,"CSI_DATA,536120,1a:00:00:00:00:00,-44,11,-99,18,28,11,529535695,47,2,256,0,""[0,0,0,0,0,0,0,0,0,0,0,0,-2,2,-6,2,-7,3,-4,2,-7,4,-7,4,-6,3,-8,6,-7,4,-7,8,-8,6,-8,7,-9,6,-11,7,-11,6,-11,9,-9,9,-14,11,-9,9,-9,9,-11,11,-11,14,-13,14,-14,12,-14,13,-13,13,-15,15,-12,13,-14,18,-11,15,-12,19,-8,14,-9,19,-7,18,-7,20,-7,23,-6,24,-8,22,-4,22,-4,24,-2,23,-6,26,-3,24,0,28,1,20,4,25,3,28,7,28,6,29,7,30,6,28,7,33,8,30,12,33,11,31,12,29,14,33,0,0,0,0,0,0,30,-14,36,-17,25,-14,30,-18,35,-22,28,-14,30,-22,24,-18,28,-20,22,-19,22,-22,20,-22,22,-25,19,-26,20,-20,19,-24,15,-28,15,-26,14,-24,14,-30,9,-25,11,-30,6,-24,7,-26,6,-29,4,-31,4,-34,3,-29,3,-31,1,-31,2,-31,0,-29,2,-35,1,-26,-1,-33,-1,-25,-4,-29,-2,-29,-6,-29,-2,-33,-3,-30,0,-26,-1,-29,-1,-31,-2,-24,-1,-28,1,-24,-2,-26,-1,-18,-2,-23,-2,-22,-3,-22,0,-23,-1,-23,2,-19,1,-18,3,-18,0,0,0,0,0,0,0,0,0,0]"""
1782031943765,2026-06-21T17:52:23.765,safe,posture,mhw,standing_still,t017,"CSI_DATA,536121,1a:00:00:00:00:00,-43,11,-99,18,28,11,529546695,47,2,256,0,""[0,0,0,0,0,0,0,0,0,0,0,0,6,3,4,3,4,4,6,3,6,4,7,4,8,3,7,2,7,4,11,4,9,3,9,4,13,4,12,6,11,4,14,8,13,6,15,8,15,7,14,3,17,3,15,6,18,4,17,6,18,6,19,6,20,6,19,3,19,4,20,3,20,4,20,2,22,1,23,0,22,-1,22,-1,24,-1,24,-2,23,-3,24,-4,24,-7,25,-6,25,-7,25,-9,23,-7,25,-14,24,-12,25,-17,26,-14,25,-15,26,-14,26,-14,26,-18,31,-22,26,-19,24,-19,24,-24,0,0,0,0,0,0,-24,-24,-28,-24,-24,-23,-24,-22,-29,-24,-25,-20,-29,-24,-25,-22,-29,-20,-25,-18,-28,-15,-30,-13,-25,-14,-30,-11,-29,-13,-28,-12,-31,-9,-29,-7,-26,-4,-29,-8,-30,-4,-31,-3,-26,-1,-28,0,-30,1,-28,0,-31,1,-31,2,-31,3,-30,4,-30,3,-29,6,-33,3,-29,3,-28,6,-29,6,-31,11,-28,7,-29,11,-28,7,-28,6,-28,6,-30,4,-28,6,-25,7,-28,6,-24,3,-24,7,-20,3,-24,6,-23,3,-22,7,-22,1,-19,3,-19,0,-18,0,-17,-1,0,0,0,0,0,0,0,0,0,0]"""
1782031943776,2026-06-21T17:52:23.776,safe,posture,mhw,standing_still,t017,"CSI_DATA,536122,1a:00:00:00:00:00,-44,11,-99,19,28,11,529557695,47,2,256,0,""[0,0,0,0,0,0,0,0,0,0,0,0,-7,-2,-7,-3,-8,-2,-5,-3,-7,-3,-5,-3,-8,-2,-9,-4,-11,-3,-9,-3,-10,-4,-10,-3,-11,-3,-11,-4,-15,-5,-15,-4,-14,-3,-17,-7,-15,-3,-14,-4,-14,-8,-17,-2,-17,-8,-17,-5,-19,-5,-19,-4,-20,-4,-21,-3,-20,-1,-20,-1,-21,-2,-20,-1,-20,1,-21,1,-22,2,-24,2,-22,2,-23,2,-23,3,-24,4,-23,7,-23,9,-24,9,-24,8,-24,9,-22,10,-23,13,-27,15,-26,17,-27,15,-26,15,-28,19,-28,20,-27,20,-27,21,-27,22,-26,24,0,0,0,0,0,0,24,26,24,27,23,22,23,24,26,24,24,23,24,22,26,22,24,21,23,20,26,19,24,16,30,16,28,15,27,19,28,16,28,13,27,14,28,11,29,8,29,7,29,9,26,7,28,3,27,3,32,2,32,3,28,4,32,2,28,0,30,2,33,0,30,-1,30,-1,32,-1,28,-2,30,-1,29,-3,30,-2,30,-2,29,-2,28,0,28,1,28,0,29,0,26,-1,26,0,27,1,22,1,22,1,22,2,21,1,22,1,21,3,19,5,20,5,16,7,0,0,0,0,0,0,0,0,0,0]"""
1782031943786,2026-06-21T17:52:23.786,safe,posture,mhw,standing_still,t017,"CSI_DATA,536123,1a:00:00:00:00:00,-44,11,-99,16,29,11,529568695,47,2,256,0,""[0,0,0,0,0,0,0,0,0,0,0,0,8,0,6,0,6,1,8,2,6,1,8,2,9,1,9,1,11,2,10,2,11,4,10,4,11,4,12,5,11,5,13,9,15,5,13,8,12,6,15,5,13,6,16,9,16,10,15,11,15,11,16,11,15,15,16,13,17,12,16,11,16,16,12,10,16,11,18,11,19,10,20,12,20,13,16,13,18,13,20,15,21,13,19,16,21,12,21,13,19,11,23,13,24,12,26,10,26,15,26,17,24,16,26,18,27,19,27,19,26,20,30,19,30,17,0,0,0,0,0,0,23,-28,26,-27,20,-24,23,-26,25,-27,24,-21,23,-24,24,-24,27,-23,20,-20,18,-21,20,-23,21,-28,20,-26,23,-19,21,-21,19,-24,23,-23,20,-21,19,-23,17,-21,23,-24,16,-20,16,-21,18,-21,17,-25,19,-25,18,-19,20,-23,18,-24,21,-21,20,-23,21,-23,20,-20,23,-20,20,-19,20,-21,20,-20,20,-20,23,-21,24,-18,24,-13,24,-16,26,-13,25,-13,25,-11,23,-9,24,-9,19,-5,20,-6,21,-6,20,-6,21,-4,20,-1,18,0,19,1,18,3,0,0,0,0,0,0,0,0,0,0]"""
1782031943799,2026-06-21T17:52:23.799,safe,posture,mhw,standing_still,t017,"CSI_DATA,536124,1a:00:00:00:00:00,-44,11,-99,18,28,11,529579695,47,2,256,0,""[0,0,0,0,0,0,0,0,0,0,0,0,-2,-6,-2,-4,-1,-3,-2,-7,-4,-6,-3,-9,-3,-9,-3,-9,-4,-8,-2,-8,-6,-9,-6,-13,-4,-11,-6,-11,-3,-13,-4,-11,-7,-15,-6,-13,-7,-17,-3,-17,0,-15,-4,-17,-3,-17,-8,-18,-6,-19,-8,-18,-6,-15,-7,-18,-7,-17,-9,-19,-8,-17,-12,-22,-8,-20,-9,-18,-11,-18,-12,-19,-13,-17,-15,-17,-14,-17,-14,-14,-14,-18,-17,-12,-20,-17,-17,-17,-25,-20,-18,-18,-22,-15,-20,-22,-22,-14,-23,-18,-30,-14,-26,-13,-29,-18,-29,-19,-33,-17,-33,-17,-29,-17,0,0,0,0,0,0,-20,29,-14,25,-17,35,-15,29,-13,25,-17,33,-9,29,-15,35,-11,28,-17,35,-13,31,-12,25,-9,28,-8,26,-7,31,-3,30,-3,31,-4,28,-7,31,-2,25,0,31,-1,28,-2,35,-2,31,-1,30,0,29,-1,26,6,30,2,30,3,29,1,28,1,33,4,25,4,33,3,29,6,37,1,31,4,29,0,30,0,28,3,26,4,30,3,28,3,24,0,29,3,24,2,28,0,24,-2,30,-4,22,-2,24,-6,22,-2,20,-6,18,-4,20,-6,19,-6,17,0,0,0,0,0,0,0,0,0,0]"""
1782031943809,2026-06-21T17:52:23.809,safe,posture,mhw,standing_still,t017,"CSI_DATA,536125,1a:00:00:00:00:00,-44,11,-99,18,28,11,529590695,47,2,256,0,""[0,0,0,0,0,0,0,0,0,0,0,0,-3,3,-3,6,-1,4,-4,7,-3,6,-3,7,-4,9,-2,6,-4,11,-6,7,-6,11,-6,12,-6,13,-7,13,-6,12,-6,9,-9,15,-8,12,-8,14,-7,15,-7,12,-8,15,-11,12,-9,18,-9,17,-8,17,-11,14,-12,18,-7,15,-9,18,-8,17,-11,23,-9,18,-8,19,-8,19,-9,20,-6,19,-6,23,-4,22,-4,22,-8,24,0,20,-1,26,-4,26,-6,33,-6,25,-1,29,-4,29,0,26,-1,28,2,34,2,30,-1,34,-1,31,4,34,1,35,0,35,0,0,0,0,0,0,37,1,31,0,42,-4,34,1,28,-1,37,-2,30,-3,39,-3,29,-2,37,-3,35,-2,28,-2,30,-4,26,-3,33,-7,30,-9,30,-8,26,-8,31,-8,24,-9,31,-12,26,-11,33,-13,29,-11,25,-9,26,-12,24,-9,25,-15,26,-14,24,-15,24,-14,30,-14,22,-15,25,-18,25,-14,33,-19,28,-13,24,-14,29,-12,24,-11,24,-11,28,-15,25,-13,22,-11,26,-9,20,-12,26,-12,23,-7,29,-8,22,-3,23,-4,20,-1,20,-3,18,0,22,-3,19,-2,19,1,0,0,0,0,0,0,0,0,0,0]"""
1782031943819,2026-06-21T17:52:23.819,safe,posture,mhw,standing_still,t017,"CSI_DATA,536126,1a:00:00:00:00:00,-43,11,-99,15,29,11,529601695,47,2,256,0,""[0,0,0,0,0,0,0,0,0,0,0,0,4,-3,4,-3,7,-3,5,-3,7,-3,9,-4,9,-3,9,-2,9,-2,10,-2,10,-3,11,-2,13,-1,11,0,14,-2,15,-1,16,0,16,0,17,1,16,2,16,4,16,2,16,3,20,2,20,4,20,5,16,5,19,5,17,8,20,7,19,5,22,9,21,9,20,8,21,8,19,9,20,7,23,8,22,10,21,8,22,8,23,10,23,11,23,8,27,13,27,11,24,13,27,10,24,13,26,13,28,16,26,15,29,16,26,17,28,19,29,19,29,19,0,0,0,0,0,0,23,-26,22,-24,27,-29,26,-26,23,-22,26,-23,23,-22,28,-23,23,-20,30,-22,28,-21,24,-19,23,-17,23,-17,24,-20,23,-20,24,-21,23,-17,23,-17,24,-15,24,-19,23,-17,24,-17,26,-16,24,-17,23,-13,24,-15,24,-20,26,-15,26,-17,23,-13,26,-15,27,-10,29,-14,27,-11,33,-10,30,-10,28,-8,29,-8,27,-3,27,-4,30,-4,29,-2,24,-1,27,-1,26,2,27,4,24,3,24,8,23,8,21,9,20,9,15,9,17,9,16,14,14,13,13,13,0,0,0,0,0,0,0,0,0,0]"""
1782031943832,2026-06-21T17:52:23.832,safe,posture,mhw,standing_still,t017,"CSI_DATA,536127,1a:00:00:00:00:00,-44,11,-99,18,28,11,529612695,47,2,256,0,""[0,0,0,0,0,0,0,0,0,0,0,0,-4,-3,-6,-3,-6,-2,-7,-6,-6,-4,-7,-4,-7,-4,-4,-6,-8,-6,-7,-7,-9,-6,-7,-6,-9,-9,-9,-8,-12,-11,-9,-8,-11,-11,-11,-9,-12,-12,-11,-12,-8,-13,-13,-13,-9,-13,-11,-14,-13,-14,-11,-14,-13,-17,-13,-18,-13,-12,-14,-13,-13,-14,-15,-17,-13,-17,-14,-15,-14,-17,-15,-17,-15,-14,-17,-14,-17,-13,-18,-13,-20,-17,-19,-11,-23,-14,-22,-17,-25,-17,-19,-15,-24,-13,-20,-15,-25,-14,-25,-15,-26,-14,-29,-14,-29,-18,-26,-14,-31,-15,-33,-18,-30,-17,0,0,0,0,0,0,-20,31,-18,29,-20,31,-19,28,-17,26,-22,29,-15,24,-20,31,-15,26,-18,29,-18,29,-17,23,-13,29,-15,25,-17,26,-13,28,-12,28,-13,28,-15,30,-8,25,-9,30,-12,26,-11,29,-9,26,-11,25,-9,30,-11,26,-7,26,-9,30,-7,28,-8,26,-12,31,-6,26,-7,31,-11,26,-9,33,-11,26,-11,28,-13,28,-13,26,-11,25,-11,28,-12,25,-11,24,-14,25,-11,23,-13,23,-15,20,-15,22,-14,14,-15,17,-15,13,-15,15,-17,13,-15,9,-15,11,-18,11,0,0,0,0,0,0,0,0,0,0]"""
1782031943841,2026-06-21T17:52:23.841,safe,posture,mhw,standing_still,t017,"CSI_DATA,536128,1a:00:00:00:00:00,-43,11,-99,19,28,11,529623695,47,2,256,0,""[0,0,0,0,0,0,0,0,0,0,0,0,2,4,3,7,2,7,2,7,2,7,3,9,2,10,2,9,2,9,1,9,2,11,3,11,2,13,3,13,2,15,1,11,2,17,2,14,0,17,0,17,0,15,1,19,-1,15,0,17,0,19,0,20,-1,20,-1,22,0,17,-1,20,-1,20,1,27,-1,22,2,22,-1,23,0,21,2,21,2,23,1,24,3,20,1,24,8,21,5,27,4,26,7,32,2,26,8,27,3,28,4,26,5,28,9,32,10,29,7,34,5,32,10,32,8,35,7,35,0,0,0,0,0,0,35,-8,30,-4,40,-7,35,-4,30,-3,40,-2,29,-5,39,-4,27,-4,38,-5,35,-3,30,-1,33,-7,28,-3,33,-4,29,-7,30,-7,28,-5,33,-5,24,-7,29,-10,28,-7,30,-9,30,-7,27,-8,27,-8,26,-7,28,-9,28,-11,28,-10,27,-7,33,-9,23,-11,29,-13,28,-7,36,-10,29,-3,27,-7,30,-3,28,-3,26,-4,29,-5,29,-4,26,-2,28,1,23,-2,27,0,24,2,29,5,22,7,23,3,20,8,20,5,17,5,17,8,17,7,16,10,0,0,0,0,0,0,0,0,0,0]"""
1782031943854,2026-06-21T17:52:23.854,safe,posture,mhw,standing_still,t017,"CSI_DATA,536129,1a:00:00:00:00:00,-44,11,-99,19,28,11,529635573,47,2,256,0,""[0,0,0,0,0,0,0,0,0,0,0,0,-2,-5,-2,-4,-2,-8,-3,-4,-3,-8,-2,-7,-2,-7,-4,-10,-3,-10,-7,-10,-4,-10,-3,-10,-5,-10,-3,-11,-5,-9,-7,-15,-7,-13,-7,-15,-5,-14,-4,-16,-5,-17,-5,-15,-9,-17,-9,-16,-9,-17,-10,-16,-9,-17,-9,-15,-10,-21,-9,-15,-11,-17,-10,-15,-13,-17,-13,-17,-15,-15,-15,-16,-16,-17,-16,-15,-16,-16,-21,-15,-17,-13,-23,-19,-17,-15,-23,-11,-19,-9,-27,-10,-27,-11,-28,-9,-27,-10,-30,-10,-28,-10,-29,-13,-28,-11,-33,-15,-33,-13,-32,-8,-33,-5,0,0,0,0,0,0,-8,33,-5,36,-5,30,-5,35,-4,39,-4,32,-3,39,-2,32,-1,36,-3,30,1,32,0,35,0,30,3,35,1,30,3,32,5,30,7,29,7,26,8,33,9,27,13,29,10,24,11,28,11,28,13,26,16,30,15,26,14,27,17,26,17,27,17,21,16,30,16,23,19,24,14,22,22,26,15,27,19,23,16,26,17,27,15,23,15,26,16,26,15,21,15,26,9,22,15,22,10,17,13,23,10,21,11,17,8,19,9,22,5,17,4,17,3,17,0,0,0,0,0,0,0,0,0,0]"""
1782031943866,2026-06-21T17:52:23.866,safe,posture,mhw,standing_still,t017,"CSI_DATA,536130,1a:00:00:00:00:00,-43,11,-99,18,28,11,529645695,47,2,256,0,""[0,0,0,0,0,0,0,0,0,0,0,0,0,-4,0,-6,1,-6,2,-7,0,-7,1,-7,1,-9,1,-8,1,-11,2,-9,3,-11,2,-11,2,-12,3,-12,3,-11,7,-14,7,-13,7,-13,7,-13,8,-15,7,-19,9,-12,9,-17,9,-17,9,-15,11,-15,13,-17,11,-14,14,-17,12,-15,13,-18,11,-15,12,-19,13,-17,13,-18,12,-19,13,-19,14,-18,14,-19,14,-22,12,-22,18,-22,17,-19,11,-22,12,-15,13,-25,14,-22,13,-26,15,-25,14,-25,17,-24,18,-24,19,-25,19,-28,19,-26,19,-25,19,-29,0,0,0,0,0,0,-26,-23,-29,-25,-24,-18,-26,-23,-26,-25,-22,-23,-24,-26,-23,-24,-24,-25,-19,-23,-22,-23,-24,-22,-20,-23,-25,-22,-20,-22,-22,-20,-24,-19,-22,-20,-20,-19,-23,-26,-23,-19,-24,-22,-20,-17,-22,-19,-23,-20,-22,-19,-24,-19,-22,-20,-20,-22,-23,-20,-23,-22,-23,-19,-22,-26,-20,-22,-20,-22,-17,-20,-20,-23,-17,-24,-19,-23,-17,-25,-17,-25,-12,-26,-13,-25,-12,-26,-12,-24,-8,-26,-3,-25,-8,-23,-4,-19,-4,-25,-2,-22,-4,-20,0,-23,0,-19,2,-19,3,-18,4,-18,0,0,0,0,0,0,0,0,0,0]"""
1782031943874,2026-06-21T17:52:23.874,safe,posture,mhw,standing_still,t017,"CSI_DATA,536131,1a:00:00:00:00:00,-44,11,-99,16,29,11,529656695,47,2,256,0,""[0,0,0,0,0,0,0,0,0,0,0,0,3,6,3,6,4,4,4,6,2,8,2,8,2,10,2,8,0,8,2,10,3,11,2,11,1,12,2,13,1,13,0,15,0,15,0,16,0,16,-3,19,-2,19,-4,15,-3,17,-1,19,-3,18,-3,19,-4,18,-5,19,-5,18,-5,20,-5,18,-6,23,-8,23,-5,20,-6,20,-6,18,-5,19,-4,23,-6,24,-4,21,-4,21,-5,23,-5,25,-5,26,-9,28,-6,25,-6,28,-8,28,-9,24,-8,27,-8,31,-8,27,-9,31,-12,32,-11,33,-13,33,-11,30,0,0,0,0,0,0,30,16,30,15,34,17,32,17,26,16,30,17,27,16,30,18,27,17,31,20,28,19,24,17,23,18,24,17,28,16,26,17,27,17,25,15,23,15,23,17,25,16,24,13,27,19,25,18,24,16,21,17,25,17,27,15,25,16,26,15,23,17,24,15,20,19,24,19,23,18,24,24,21,23,20,21,20,25,16,21,18,21,18,24,16,25,15,21,13,23,11,21,10,25,10,21,8,25,5,24,2,20,2,21,0,20,1,19,1,21,-2,18,-3,17,0,0,0,0,0,0,0,0,0,0]"""
1782031943888,2026-06-21T17:52:23.888,safe,posture,mhw,standing_still,t017,"CSI_DATA,536132,1a:00:00:00:00:00,-43,11,-99,18,28,11,529667695,47,2,256,0,""[0,0,0,0,0,0,0,0,0,0,0,0,6,0,4,1,6,-1,8,0,8,0,8,-2,7,-1,8,-1,11,-2,11,0,12,0,12,0,11,-2,13,0,15,-1,14,-1,15,0,15,2,14,0,17,1,19,0,18,-1,19,0,18,2,19,-1,19,0,20,1,22,1,20,-1,20,0,22,1,20,-1,20,-1,20,-3,20,-3,24,-6,22,-4,23,-2,22,-6,23,-6,24,-4,24,-8,23,-8,25,-7,23,-9,22,-9,25,-12,23,-14,26,-15,28,-13,28,-13,30,-14,29,-15,29,-15,31,-15,29,-17,30,-18,0,0,0,0,0,0,-18,-33,-14,-33,-15,-30,-14,-33,-18,-30,-12,-33,-17,-28,-18,-30,-15,-29,-15,-26,-17,-24,-18,-24,-22,-26,-19,-24,-15,-25,-20,-24,-20,-23,-19,-24,-20,-25,-20,-23,-22,-20,-22,-24,-20,-17,-23,-17,-23,-19,-25,-18,-25,-19,-20,-17,-26,-20,-24,-15,-23,-22,-25,-20,-25,-17,-24,-18,-23,-20,-23,-17,-24,-15,-25,-15,-25,-18,-24,-18,-22,-19,-20,-19,-22,-19,-20,-22,-19,-20,-19,-18,-17,-19,-15,-22,-13,-19,-14,-17,-14,-17,-13,-17,-13,-19,-11,-17,-6,-18,-8,-19,-6,-18,0,0,0,0,0,0,0,0,0,0]"""
1782031943897,2026-06-21T17:52:23.897,safe,posture,mhw,standing_still,t017,"CSI_DATA,536133,1a:00:00:00:00:00,-44,11,-99,19,28,11,529678695,47,2,256,0,""[0,0,0,0,0,0,0,0,0,0,0,0,-1,-7,-1,-4,1,-7,0,-5,0,-8,0,-5,-1,-5,0,-9,1,-10,0,-11,1,-11,2,-11,1,-11,1,-11,2,-10,1,-16,2,-15,2,-17,1,-14,4,-14,5,-19,2,-17,3,-20,4,-16,4,-17,5,-20,5,-20,3,-17,4,-23,3,-19,3,-21,3,-17,1,-20,2,-21,1,-22,2,-24,2,-24,2,-22,3,-23,0,-27,-1,-22,-1,-28,0,-23,-3,-28,-1,-20,-3,-27,-1,-28,-4,-28,-4,-32,-4,-32,-4,-28,-4,-32,-5,-30,-4,-36,-4,-34,-7,-29,-8,-34,0,0,0,0,0,0,-36,4,-41,7,-27,5,-35,7,-42,5,-29,3,-39,5,-29,4,-35,5,-28,5,-29,7,-32,7,-32,8,-34,8,-27,7,-28,9,-29,10,-30,10,-27,8,-32,13,-23,11,-32,11,-21,10,-24,11,-27,14,-27,14,-32,15,-27,14,-28,11,-28,15,-29,16,-24,14,-30,15,-24,13,-27,15,-23,10,-26,16,-28,14,-27,15,-29,13,-28,11,-27,7,-26,8,-28,10,-26,8,-28,7,-23,3,-26,8,-19,3,-24,3,-21,2,-22,3,-21,0,-22,1,-17,-3,-17,-2,-19,-4,0,0,0,0,0,0,0,0,0,0]"""
1782031943909,2026-06-21T17:52:23.909,safe,posture,mhw,standing_still,t017,"CSI_DATA,536134,1a:00:00:00:00:00,-43,11,-99,18,28,11,529689695,47,2,256,0,""[0,0,0,0,0,0,0,0,0,0,0,0,-2,6,-1,7,-1,4,-2,7,-1,6,-2,8,-1,9,-4,7,0,11,-3,8,-1,12,-2,13,-2,12,-1,12,-3,13,-2,12,-2,17,-1,13,-1,18,-6,18,-3,18,-2,18,-2,17,-1,20,0,22,0,17,-1,19,1,22,1,18,3,20,3,18,3,26,2,23,2,20,3,22,6,20,4,17,11,22,9,22,11,18,12,22,13,15,15,22,15,19,19,25,15,23,19,20,18,23,17,19,22,19,26,18,26,15,26,20,22,20,30,15,31,18,29,20,0,0,0,0,0,0,18,-30,11,-26,15,-39,15,-31,12,-28,12,-34,9,-28,12,-37,6,-29,12,-35,8,-33,8,-28,7,-30,6,-28,2,-33,1,-30,-1,-29,-1,-28,0,-31,-3,-25,-8,-31,-6,-28,-7,-34,-6,-30,-4,-28,-8,-26,-7,-25,-14,-28,-13,-28,-13,-25,-11,-24,-14,-29,-14,-20,-18,-24,-15,-24,-19,-31,-13,-29,-15,-25,-12,-28,-12,-23,-13,-23,-19,-24,-15,-23,-14,-19,-12,-20,-15,-20,-14,-23,-12,-20,-13,-26,-8,-20,-9,-22,-6,-18,-8,-18,-6,-18,-8,-19,-8,-18,-6,-18,0,0,0,0,0,0,0,0,0,0]"""
1782031943920,2026-06-21T17:52:23.920,safe,posture,mhw,standing_still,t017,"CSI_DATA,536135,1a:00:00:00:00:00,-44,11,-99,19,28,11,529700695,47,2,256,0,""[0,0,0,0,0,0,0,0,0,0,0,0,5,-1,5,0,5,-1,7,-1,8,-1,5,0,9,-2,10,0,10,-3,10,0,10,-1,13,-1,13,-2,13,-2,16,-1,13,-3,14,-3,16,-3,15,-3,17,-2,17,-1,16,-5,20,-2,19,-4,17,-7,17,-5,17,-5,21,-7,17,-7,20,-10,19,-8,20,-9,17,-9,17,-10,17,-11,19,-15,16,-11,16,-15,17,-15,16,-17,20,-16,14,-19,16,-22,16,-21,15,-23,15,-20,14,-24,15,-24,14,-26,15,-28,13,-28,13,-30,14,-33,14,-29,10,-32,10,-34,13,-34,0,0,0,0,0,0,-35,-8,-34,-9,-34,-8,-34,-10,-32,-7,-34,-8,-32,-4,-34,-4,-32,-5,-33,-3,-32,-1,-32,-1,-35,1,-29,1,-30,-1,-33,2,-29,5,-30,3,-32,3,-26,8,-30,10,-28,8,-27,11,-26,11,-27,10,-28,15,-26,11,-24,13,-27,14,-24,15,-27,14,-29,16,-22,17,-23,19,-24,16,-27,19,-23,17,-22,21,-26,20,-23,17,-22,17,-22,15,-22,17,-23,15,-24,15,-20,16,-22,15,-23,13,-20,11,-19,10,-20,13,-17,9,-20,11,-19,9,-19,7,-17,7,-17,4,0,0,0,0,0,0,0,0,0,0]"""
1782031943931,2026-06-21T17:52:23.931,safe,posture,mhw,standing_still,t017,"CSI_DATA,536136,1a:00:00:00:00:00,-44,11,-99,15,29,11,529711695,47,2,256,0,""[0,0,0,0,0,0,0,0,0,0,0,0,2,-5,3,-4,2,-7,2,-5,1,-5,3,-7,2,-9,3,-9,5,-8,3,-9,4,-11,4,-9,3,-11,4,-14,5,-10,5,-14,4,-14,4,-16,5,-15,8,-15,8,-19,5,-15,4,-19,5,-17,5,-17,7,-19,7,-17,5,-19,5,-20,4,-19,4,-19,5,-22,4,-21,4,-21,2,-21,1,-19,1,-22,0,-27,3,-23,-1,-24,-2,-24,-2,-27,-2,-27,-7,-24,-4,-23,-9,-29,-4,-28,-11,-26,-5,-26,-10,-27,-9,-29,-11,-29,-11,-33,-11,-30,-13,-33,-11,-29,-19,-29,0,0,0,0,0,0,-29,16,-30,17,-29,19,-28,20,-30,21,-27,19,-29,20,-28,20,-28,22,-26,21,-24,21,-22,21,-21,20,-22,23,-22,21,-20,22,-21,26,-17,23,-15,22,-19,24,-15,26,-15,27,-15,26,-14,27,-10,29,-11,24,-13,28,-9,28,-11,28,-9,30,-9,28,-5,28,-11,29,-8,29,-7,29,-9,28,-5,32,-8,28,-7,29,-9,27,-10,29,-10,29,-11,27,-8,26,-7,24,-11,24,-10,23,-8,26,-10,21,-10,24,-9,20,-8,19,-8,17,-10,19,-10,15,-10,14,-10,14,0,0,0,0,0,0,0,0,0,0]"""
1782031943940,2026-06-21T17:52:23.940,safe,posture,mhw,standing_still,t017,"CSI_DATA,536137,1a:00:00:00:00:00,-44,11,-99,18,28,11,529722695,47,2,256,0,""[0,0,0,0,0,0,0,0,0,0,0,0,2,4,2,6,2,4,3,7,3,4,2,7,3,11,2,8,3,9,2,8,3,12,4,12,6,12,4,12,4,14,3,11,4,17,6,13,6,18,3,18,2,18,6,14,2,15,8,17,8,18,6,17,6,17,8,20,8,15,11,18,8,17,12,23,9,19,9,20,9,20,11,18,12,17,15,18,14,14,14,15,17,20,15,12,20,15,20,18,26,23,18,19,22,19,20,20,22,17,24,18,29,14,26,11,29,17,25,17,31,12,31,17,30,18,0,0,0,0,0,0,18,-30,14,-25,17,-37,17,-29,12,-26,18,-34,11,-26,14,-34,11,-26,15,-34,12,-31,13,-24,9,-29,9,-26,8,-33,6,-31,4,-29,3,-26,7,-31,0,-26,-1,-31,1,-28,2,-35,2,-30,3,-28,0,-29,0,-26,-4,-30,-6,-30,-4,-28,-3,-26,-2,-33,-8,-25,-8,-31,-4,-28,-6,-37,-1,-30,-3,-29,1,-33,-2,-28,-3,-26,-6,-29,-4,-28,-4,-25,0,-28,-3,-23,-3,-26,1,-24,1,-29,2,-20,2,-22,4,-20,1,-19,3,-19,3,-20,3,-18,4,-18,0,0,0,0,0,0,0,0,0,0]"""
1782031943954,2026-06-21T17:52:23.954,safe,posture,mhw,standing_still,t017,"CSI_DATA,536138,1a:00:00:00:00:00,-44,11,-99,18,28,11,529733695,47,2,256,0,""[0,0,0,0,0,0,0,0,0,0,0,0,-3,-2,-4,-3,-6,-3,-6,-2,-4,-3,-6,-7,-7,-6,-6,-7,-7,-8,-6,-8,-7,-11,-8,-9,-7,-8,-6,-11,-7,-14,-6,-11,-7,-14,-7,-12,-7,-17,-4,-14,-1,-14,-4,-17,0,-15,-4,-17,-3,-20,-2,-19,-3,-19,-1,-22,-2,-18,-4,-20,-4,-19,-3,-24,1,-23,-2,-20,-1,-23,-1,-20,-1,-19,-4,-22,-2,-23,-2,-19,-2,-23,-7,-22,-7,-25,-6,-26,-6,-34,0,-24,-3,-30,1,-28,-2,-26,-2,-29,-6,-34,-4,-30,-2,-33,1,-33,-4,-34,-1,-35,1,-37,0,0,0,0,0,0,-36,-2,-31,-3,-37,-2,-34,-4,-29,-4,-35,-4,-28,-3,-37,-7,-30,-3,-35,-9,-34,-9,-26,-8,-30,-8,-26,-9,-33,-7,-31,-7,-30,-7,-28,-6,-30,-9,-25,-4,-30,-3,-29,-6,-31,-8,-30,-8,-25,-8,-28,-8,-25,-9,-30,-6,-29,-7,-28,-8,-25,-8,-30,-11,-25,-6,-30,-7,-26,-9,-33,-14,-28,-17,-25,-15,-25,-17,-22,-15,-22,-17,-26,-15,-20,-18,-19,-15,-18,-19,-18,-15,-20,-19,-15,-18,-14,-25,-9,-20,-8,-20,-6,-20,-6,-17,-6,-19,-6,-20,-3,-18,-1,-18,0,0,0,0,0,0,0,0,0,0]"""
1782031943964,2026-06-21T17:52:23.964,safe,posture,mhw,standing_still,t017,"CSI_DATA,536139,1a:00:00:00:00:00,-44,11,-99,15,29,11,529744695,47,2,256,0,""[0,0,0,0,0,0,0,0,0,0,0,0,-4,4,-4,3,-3,4,-7,3,-8,4,-7,4,-7,5,-8,5,-8,5,-9,7,-10,3,-11,4,-11,5,-13,3,-14,2,-14,4,-15,4,-16,2,-15,2,-13,2,-14,2,-20,4,-19,1,-16,-1,-20,-1,-19,0,-19,-5,-20,-2,-19,-2,-20,-1,-21,-2,-20,-2,-21,-2,-19,0,-23,-1,-23,-2,-22,-1,-23,-3,-23,-3,-23,-3,-24,-4,-23,-3,-26,-4,-26,-4,-26,-3,-24,-2,-28,0,-28,-2,-32,-4,-30,-4,-28,-8,-32,-7,-34,-9,-34,-7,-33,-11,-32,-9,-32,-9,0,0,0,0,0,0,-19,30,-17,33,-15,30,-17,32,-17,30,-22,28,-17,27,-20,28,-21,26,-17,26,-15,27,-17,26,-17,29,-17,28,-22,21,-19,24,-19,24,-21,22,-21,23,-17,23,-17,24,-20,21,-16,21,-17,23,-19,22,-19,24,-17,23,-20,20,-21,22,-20,22,-23,20,-24,22,-23,21,-22,20,-24,16,-23,19,-22,17,-22,20,-24,17,-27,16,-24,15,-26,9,-27,10,-27,8,-27,7,-24,7,-24,3,-24,2,-23,1,-21,2,-22,1,-22,1,-22,-2,-22,-3,-17,-5,-19,-8,-17,-9,0,0,0,0,0,0,0,0,0,0]"""
1782031943974,2026-06-21T17:52:23.974,safe,posture,mhw,standing_still,t017,"CSI_DATA,536140,1a:00:00:00:00:00,-44,11,-99,18,28,11,529755861,47,2,256,0,""[0,0,0,0,0,0,0,0,0,0,0,0,-4,-4,-3,-3,-6,-6,-6,-3,-7,-6,-6,-4,-4,-4,-8,-3,-8,-6,-8,-4,-8,-6,-8,-7,-11,-6,-12,-8,-11,-9,-13,-6,-13,-6,-14,-11,-12,-7,-13,-4,-15,-4,-17,-8,-18,-9,-13,-8,-17,-9,-17,-8,-19,-9,-18,-7,-19,-7,-19,-4,-20,-6,-18,-3,-20,-1,-20,-2,-23,0,-22,1,-24,1,-23,-1,-24,0,-24,3,-23,4,-25,3,-24,3,-26,8,-20,4,-25,11,-24,12,-23,15,-25,15,-28,17,-26,12,-30,15,-26,17,-28,19,-28,18,-23,20,-24,24,0,0,0,0,0,0,25,24,28,28,22,19,26,20,30,26,24,20,28,22,25,19,29,22,23,14,26,13,29,13,31,13,31,13,24,13,29,11,30,8,30,9,28,7,31,4,26,1,33,1,23,0,28,-1,29,-1,30,-2,34,-4,28,-2,31,-3,29,-6,31,-6,30,-8,33,-8,29,-7,29,-9,24,-7,26,-12,28,-11,28,-14,30,-13,29,-11,25,-6,26,-8,29,-8,25,-9,26,-9,23,-4,25,-9,18,-6,20,-7,19,-7,20,-8,20,-7,22,-3,17,-2,18,-2,18,-1,0,0,0,0,0,0,0,0,0,0]"""
1782031943985,2026-06-21T17:52:23.985,safe,posture,mhw,standing_still,t017,"CSI_DATA,536141,1a:00:00:00:00:00,-44,11,-99,18,28,11,529766695,47,2,256,0,""[0,0,0,0,0,0,0,0,0,0,0,0,6,-1,6,0,4,-2,8,-2,7,-1,7,-2,8,-2,7,0,11,-2,11,-1,12,-3,11,-6,12,-4,12,-6,14,-3,12,-4,14,-6,15,-3,17,-6,14,-4,14,-2,17,-7,17,-4,15,-8,17,-9,17,-9,18,-8,19,-9,17,-8,15,-12,18,-9,18,-12,18,-12,15,-12,18,-13,17,-17,13,-13,13,-18,15,-17,13,-17,14,-19,11,-20,11,-24,13,-24,13,-29,11,-20,11,-25,11,-26,9,-24,8,-29,3,-33,3,-31,7,-33,6,-30,1,-34,3,-36,3,-33,0,0,0,0,0,0,-35,-2,-33,-3,-39,1,-35,-1,-30,0,-37,1,-30,3,-37,3,-31,2,-33,3,-33,4,-29,2,-33,8,-28,4,-29,8,-28,12,-26,14,-25,12,-31,11,-22,15,-23,20,-25,15,-26,18,-23,18,-23,14,-22,20,-22,18,-20,22,-20,23,-19,22,-18,22,-23,23,-15,24,-15,26,-18,24,-20,29,-19,22,-19,23,-19,24,-18,22,-15,19,-15,24,-15,24,-15,23,-19,22,-12,22,-15,23,-15,19,-18,20,-17,14,-14,17,-17,14,-14,14,-13,13,-14,13,-13,13,-17,13,0,0,0,0,0,0,0,0,0,0]"""
1782031943997,2026-06-21T17:52:23.997,safe,posture,mhw,standing_still,t017,"CSI_DATA,536142,1a:00:00:00:00:00,-44,11,-99,16,29,11,529777695,47,2,256,0,""[0,0,0,0,0,0,0,0,0,0,0,0,-5,1,-5,1,-6,0,-6,0,-8,0,-8,0,-9,0,-9,1,-10,0,-10,-1,-11,-2,-12,-2,-12,-1,-13,-1,-13,-3,-13,-3,-16,-3,-15,-4,-13,-3,-15,-2,-13,-3,-18,-4,-17,-8,-16,-9,-18,-8,-18,-8,-18,-10,-19,-9,-17,-8,-18,-6,-19,-9,-18,-6,-20,-8,-19,-5,-21,-6,-21,-6,-21,-6,-20,-8,-20,-8,-23,-6,-21,-9,-25,-6,-24,-6,-25,-8,-24,-5,-24,-4,-27,-5,-27,-4,-28,-5,-31,-6,-26,-8,-31,-8,-32,-8,-32,-9,-32,-8,-31,-9,-34,-5,0,0,0,0,0,0,-11,32,-13,35,-11,31,-12,34,-12,33,-15,30,-13,32,-15,30,-13,31,-11,28,-10,28,-12,27,-8,31,-11,31,-12,26,-11,27,-9,30,-11,27,-11,27,-8,30,-6,28,-9,30,-5,27,-5,27,-8,27,-5,31,-8,31,-9,27,-10,30,-6,27,-9,30,-9,31,-8,30,-6,27,-10,30,-8,28,-10,28,-10,27,-10,27,-10,30,-13,25,-15,24,-15,23,-15,23,-15,21,-16,21,-15,19,-17,18,-16,17,-15,16,-17,15,-16,15,-16,15,-18,10,-17,9,-17,6,-17,4,0,0,0,0,0,0,0,0,0,0]"""
1782031944006,2026-06-21T17:52:24.006,safe,posture,mhw,standing_still,t017,"CSI_DATA,536143,1a:00:00:00:00:00,-44,11,-99,14,29,11,529788695,47,2,256,0,""[0,0,0,0,0,0,0,0,0,0,0,0,2,4,2,4,1,8,2,6,0,9,2,8,2,7,1,9,2,11,1,11,1,11,1,11,0,14,0,13,0,14,-2,17,-1,13,-3,17,-1,13,-1,18,-2,19,-2,18,-3,20,-4,17,-6,17,-6,18,-4,19,-7,18,-7,22,-4,19,-6,19,-6,15,-6,20,-3,19,-3,22,-6,23,-7,23,-6,22,-4,23,-6,25,-4,24,-7,26,-6,23,-4,29,-4,22,-2,26,-6,28,-2,28,-4,30,-6,33,-7,28,-8,31,-8,31,-6,33,-7,33,-4,33,-7,34,0,0,0,0,0,0,31,13,36,15,28,11,31,13,36,15,28,13,33,15,28,13,31,15,24,11,28,12,30,11,31,12,34,13,26,12,28,13,29,9,30,12,26,12,30,11,25,8,30,14,23,7,28,8,29,9,29,8,31,11,25,12,29,13,29,11,28,12,28,11,30,14,25,12,28,13,23,11,28,11,26,13,26,14,28,17,25,17,20,19,22,22,22,20,19,18,19,20,14,17,15,20,13,15,13,18,12,20,13,18,11,19,8,20,3,19,4,18,2,19,0,0,0,0,0,0,0,0,0,0]"""
1782031944019,2026-06-21T17:52:24.019,safe,posture,mhw,standing_still,t017,"CSI_DATA,536144,1a:00:00:00:00:00,-44,11,-99,16,29,11,529799695,47,2,256,0,""[0,0,0,0,0,0,0,0,0,0,0,0,0,-5,0,-6,-1,-5,0,-9,0,-9,1,-6,1,-8,0,-8,1,-11,1,-11,2,-10,3,-11,3,-11,4,-12,5,-11,3,-15,4,-13,5,-16,5,-12,4,-12,10,-11,6,-19,10,-15,10,-15,11,-16,9,-16,11,-16,12,-16,11,-17,11,-17,12,-16,10,-16,11,-16,11,-17,11,-19,11,-19,13,-19,15,-17,15,-18,15,-20,13,-18,15,-21,12,-20,15,-21,15,-19,12,-21,15,-24,13,-23,15,-26,18,-26,17,-21,18,-25,21,-25,20,-26,20,-26,20,-26,19,-27,0,0,0,0,0,0,-25,-26,-26,-28,-24,-23,-23,-25,-25,-27,-18,-27,-20,-27,-21,-25,-19,-27,-18,-24,-19,-23,-19,-25,-21,-26,-20,-25,-15,-25,-18,-25,-19,-24,-18,-24,-17,-24,-20,-25,-19,-20,-18,-24,-17,-18,-18,-19,-18,-23,-20,-24,-18,-26,-17,-23,-17,-25,-19,-24,-16,-26,-17,-26,-18,-25,-17,-25,-16,-26,-15,-25,-15,-24,-13,-25,-15,-26,-13,-26,-10,-27,-5,-27,-8,-28,-5,-27,-4,-26,-4,-26,-2,-25,-1,-26,0,-20,1,-23,2,-21,1,-21,2,-20,6,-19,6,-18,6,-17,9,-15,0,0,0,0,0,0,0,0,0,0]"""
1782031944031,2026-06-21T17:52:24.031,safe,posture,mhw,standing_still,t017,"CSI_DATA,536145,1a:00:00:00:00:00,-43,11,-99,16,29,11,529810695,47,2,256,0,""[0,0,0,0,0,0,0,0,0,0,0,0,-6,0,-5,1,-5,1,-8,1,-8,0,-8,0,-8,0,-10,1,-10,0,-12,0,-10,-1,-10,-2,-12,-3,-12,-3,-11,-3,-16,-5,-12,-4,-13,-5,-13,-6,-11,-5,-13,-9,-13,-8,-16,-9,-16,-10,-16,-9,-15,-11,-16,-11,-13,-10,-17,-15,-16,-12,-16,-12,-15,-12,-18,-12,-17,-13,-18,-12,-18,-13,-17,-13,-17,-13,-18,-15,-19,-15,-18,-13,-18,-17,-17,-18,-20,-16,-16,-13,-24,-17,-19,-17,-23,-17,-21,-19,-24,-18,-20,-20,-20,-20,-21,-21,-24,-24,-23,-25,-21,-24,-24,-25,0,0,0,0,0,0,-25,20,-30,21,-26,20,-27,19,-32,19,-27,16,-33,19,-30,16,-31,13,-27,15,-27,15,-27,16,-26,13,-28,18,-28,15,-27,12,-27,15,-26,13,-23,11,-30,12,-26,13,-27,16,-26,11,-26,12,-26,16,-25,10,-28,15,-26,12,-27,11,-27,12,-30,12,-26,11,-31,8,-28,6,-28,9,-27,5,-31,9,-31,6,-31,6,-28,2,-30,3,-30,-1,-30,-2,-27,-2,-26,-1,-25,-5,-23,-6,-23,-4,-20,-8,-23,-8,-20,-10,-19,-9,-16,-11,-18,-12,-15,-10,-11,-12,-12,-13,0,0,0,0,0,0,0,0,0,0]"""
1782031944040,2026-06-21T17:52:24.040,safe,posture,mhw,standing_still,t017,"CSI_DATA,536146,1a:00:00:00:00:00,-44,11,-99,14,29,11,529821695,47,2,256,0,""[0,0,0,0,0,0,0,0,0,0,0,0,-4,-1,-4,-1,-8,-2,-6,-1,-7,-3,-8,-2,-7,0,-11,0,-11,-2,-11,0,-11,-1,-11,-1,-11,-1,-14,-2,-13,-2,-17,-3,-14,-1,-15,-2,-14,-1,-17,-1,-19,1,-17,0,-19,1,-17,1,-18,0,-19,1,-20,1,-19,2,-22,1,-18,3,-20,4,-15,4,-20,6,-20,7,-19,11,-20,9,-20,12,-18,11,-19,12,-20,14,-17,13,-23,17,-19,14,-18,20,-14,17,-15,24,-17,20,-13,25,-17,25,-17,26,-15,24,-17,28,-17,28,-14,30,-14,31,-13,30,-9,34,0,0,0,0,0,0,31,11,37,9,30,7,35,4,37,6,31,6,37,6,31,2,34,2,30,-1,29,0,31,-3,30,-3,34,-8,29,-4,29,-7,30,-9,30,-9,25,-11,31,-12,25,-12,29,-14,20,-12,24,-17,25,-18,22,-18,24,-23,22,-19,22,-20,19,-24,20,-24,17,-22,25,-23,19,-22,20,-24,15,-20,15,-25,18,-24,13,-28,17,-24,17,-26,15,-22,17,-23,17,-23,14,-22,17,-23,15,-17,14,-22,9,-15,14,-20,13,-18,12,-19,13,-17,13,-19,13,-13,12,-12,13,-9,0,0,0,0,0,0,0,0,0,0]"""
1782031944051,2026-06-21T17:52:24.051,safe,posture,mhw,standing_still,t017,"CSI_DATA,536147,1a:00:00:00:00:00,-44,11,-99,18,28,11,529832695,47,2,256,0,""[0,0,0,0,0,0,0,0,0,0,0,0,-12,9,-13,7,-14,3,14,2,-1,7,-23,7,-1,4,14,3,-2,23,11,19,8,12,6,11,12,12,11,12,8,14,19,18,14,6,13,11,19,9,8,8,13,12,18,7,20,9,15,9,17,11,18,7,19,11,17,7,20,12,17,7,19,8,15,4,19,6,22,4,22,2,23,2,25,2,22,2,24,1,26,-1,23,-2,28,-1,23,-2,26,-7,19,-2,25,-8,26,-7,25,-9,28,-12,29,-12,26,-12,29,-13,29,-13,31,-17,30,-17,26,-14,28,-22,0,0,0,0,0,0,-20,-25,-26,-30,-20,-22,-22,-24,-28,-31,-18,-23,-24,-26,-20,-18,-26,-25,-24,-17,-25,-15,-25,-17,-28,-17,-30,-15,-24,-15,-26,-13,-29,-11,-29,-12,-25,-11,-33,-9,-24,-6,-33,-7,-24,-2,-28,-3,-30,-3,-30,-2,-33,-2,-29,-1,-29,0,-31,2,-31,2,-28,3,-34,2,-28,2,-30,3,-25,2,-30,6,-29,4,-29,8,-31,6,-30,6,-26,2,-28,3,-30,3,-26,2,-29,4,-22,0,-26,4,-18,1,-24,3,-22,3,-22,4,-20,0,-20,1,-19,0,-18,-1,-17,-3,0,0,0,0,0,0,0,0,0,0]"""
1782031944064,2026-06-21T17:52:24.064,safe,posture,mhw,standing_still,t017,"CSI_DATA,536148,1a:00:00:00:00:00,-44,11,-99,19,28,11,529844755,47,2,256,0,""[0,0,0,0,0,0,0,0,0,0,0,0,3,-3,5,-3,5,-3,5,-4,5,-4,7,-3,7,-5,7,-5,8,-5,8,-4,10,-4,9,-5,10,-5,11,-4,13,-7,13,-5,14,-5,15,-4,15,-5,10,-4,16,-3,17,-9,19,-5,17,-2,19,-5,19,-5,20,-3,20,-4,20,-5,20,-3,21,-4,17,-5,19,-7,20,-8,20,-8,24,-11,22,-10,21,-5,22,-8,24,-9,23,-9,23,-10,23,-10,23,-11,21,-10,20,-14,24,-15,24,-16,26,-15,27,-16,27,-13,30,-14,29,-15,28,-15,30,-14,29,-16,33,-15,0,0,0,0,0,0,-15,-35,-15,-34,-11,-30,-13,-32,-14,-34,-9,-32,-11,-30,-11,-33,-9,-33,-10,-28,-13,-27,-13,-29,-15,-30,-14,-29,-7,-28,-13,-28,-14,-26,-10,-29,-13,-29,-14,-28,-14,-24,-13,-28,-13,-22,-15,-23,-15,-24,-16,-26,-17,-27,-13,-24,-15,-27,-16,-26,-14,-28,-15,-28,-16,-28,-14,-26,-11,-26,-13,-27,-14,-24,-15,-26,-17,-26,-14,-27,-11,-27,-7,-27,-8,-27,-7,-28,-5,-27,-5,-26,-1,-24,-2,-26,-1,-22,-1,-22,-1,-21,-1,-22,0,-22,1,-20,4,-19,5,-17,9,-17,0,0,0,0,0,0,0,0,0,0]"""
1782031944073,2026-06-21T17:52:24.073,safe,posture,mhw,standing_still,t017,"CSI_DATA,536149,1a:00:00:00:00:00,-44,11,-99,19,28,11,529854695,47,2,256,0,""[0,0,0,0,0,0,0,0,0,0,0,0,3,-4,4,-4,3,-2,5,-3,5,-2,5,-4,9,-3,8,-2,10,-4,8,-3,11,-3,10,-4,11,-3,13,-3,15,-2,13,-2,16,-4,15,-4,16,-3,14,1,15,1,19,-3,16,0,20,-2,19,-2,19,0,20,0,21,0,16,-2,21,-1,20,0,23,-2,20,1,21,-1,22,0,21,-2,20,-3,21,-1,23,-2,22,-2,26,-2,22,-5,26,-8,26,-4,32,-4,24,-4,27,-4,30,-2,28,-5,30,-3,30,-8,32,-8,34,-4,32,-3,32,-8,34,-5,35,-4,0,0,0,0,0,0,-4,-38,-2,-32,-3,-38,0,-36,-1,-30,0,-35,-2,-29,-1,-36,0,-30,0,-35,1,-32,2,-29,-1,-34,0,-29,0,-32,-1,-32,-2,-30,-2,-29,0,-34,-3,-27,-5,-29,-1,-29,-4,-30,-1,-29,1,-29,-4,-30,-1,-28,-4,-29,-4,-30,-3,-29,-1,-30,-1,-33,-3,-27,-3,-30,0,-30,-1,-35,3,-29,1,-29,4,-30,2,-30,2,-28,3,-28,4,-28,5,-28,9,-27,4,-23,8,-24,9,-23,11,-26,11,-19,10,-19,13,-19,11,-17,11,-13,14,-16,13,-13,15,-13,0,0,0,0,0,0,0,0,0,0]"""
1782031944085,2026-06-21T17:52:24.085,safe,posture,mhw,standing_still,t017,"CSI_DATA,536150,1a:00:00:00:00:00,-44,11,-99,15,29,11,529865695,47,2,256,0,""[0,0,0,0,0,0,0,0,0,0,0,0,-1,-4,-1,-4,-1,-5,-1,-8,0,-7,0,-8,0,-8,0,-9,2,-7,1,-11,1,-10,1,-11,2,-11,2,-11,3,-13,4,-13,3,-15,3,-16,5,-16,9,-16,7,-17,7,-14,7,-16,7,-16,7,-16,7,-17,8,-15,8,-17,11,-16,9,-17,10,-16,11,-20,10,-20,10,-20,9,-19,10,-19,9,-21,10,-22,13,-20,9,-20,9,-21,13,-21,11,-23,9,-23,10,-23,11,-29,10,-24,11,-24,10,-24,11,-27,13,-30,13,-27,14,-26,17,-29,16,-32,17,-33,15,-29,0,0,0,0,0,0,-26,-20,-27,-17,-32,-17,-29,-20,-27,-19,-26,-20,-27,-21,-27,-21,-27,-21,-27,-23,-24,-21,-26,-19,-22,-21,-23,-19,-24,-20,-24,-19,-26,-17,-22,-17,-21,-16,-23,-20,-22,-17,-24,-17,-22,-16,-26,-20,-24,-16,-21,-17,-23,-17,-24,-15,-23,-17,-26,-16,-20,-17,-22,-16,-21,-20,-22,-20,-22,-20,-22,-22,-22,-23,-19,-21,-20,-21,-15,-23,-16,-21,-16,-24,-14,-24,-13,-23,-11,-21,-11,-23,-10,-24,-10,-22,-7,-23,-7,-23,-3,-22,-4,-21,-1,-19,-1,-19,1,-22,1,-19,2,-17,0,0,0,0,0,0,0,0,0,0]"""
1782031944096,2026-06-21T17:52:24.096,safe,posture,mhw,standing_still,t017,"CSI_DATA,536151,1a:00:00:00:00:00,-44,11,-99,15,29,11,529876695,47,2,256,0,""[0,0,0,0,0,0,0,0,0,0,0,0,-2,-5,-1,-4,-2,-8,-3,-7,-2,-8,-2,-8,-3,-8,-4,-9,-3,-9,-5,-10,-3,-11,-4,-10,-2,-11,-4,-13,-3,-13,-3,-17,-3,-15,-4,-16,-2,-13,-5,-14,-8,-14,-4,-16,-4,-16,-4,-16,-5,-16,-4,-17,-4,-19,-5,-17,-7,-22,-4,-17,-5,-20,-5,-16,-10,-20,-7,-20,-10,-19,-10,-20,-11,-21,-11,-20,-13,-21,-14,-21,-15,-19,-15,-24,-11,-20,-17,-20,-13,-15,-21,-19,-17,-21,-22,-16,-21,-20,-21,-20,-21,-22,-22,-24,-23,-21,-26,-23,-23,-23,-22,-20,-28,-21,0,0,0,0,0,0,-22,27,-27,30,-16,24,-21,27,-23,32,-20,23,-24,29,-17,24,-20,29,-16,24,-14,26,-14,29,-15,28,-14,32,-15,27,-13,26,-13,29,-13,28,-8,24,-14,30,-8,26,-11,32,-5,23,-7,27,-5,30,-5,28,-5,33,-5,28,-3,30,-4,30,-4,32,0,28,-7,35,-5,29,-3,29,-4,24,-2,30,-4,28,0,29,-5,30,-4,29,-7,27,-5,29,-7,28,-4,26,-9,27,-10,20,-5,26,-7,16,-5,23,-9,20,-5,22,-9,19,-9,20,-10,14,-10,13,-11,14,0,0,0,0,0,0,0,0,0,0]"""
1782031944105,2026-06-21T17:52:24.105,safe,posture,mhw,standing_still,t017,"CSI_DATA,536152,1a:00:00:00:00:00,-44,11,-99,15,29,11,529887695,47,2,256,0,""[0,0,0,0,0,0,0,0,0,0,0,0,4,-4,4,-7,2,-5,4,-7,5,-5,5,-5,5,-7,7,-8,8,-7,8,-5,8,-7,11,-9,9,-7,10,-7,13,-7,11,-8,13,-8,15,-5,15,-8,14,-7,14,-3,17,-8,16,-4,17,-4,19,-4,17,-4,20,-2,21,-2,17,-4,21,-7,20,-2,22,-5,20,-3,21,-4,21,-3,22,-4,20,-3,22,-3,22,-3,22,-1,24,-2,22,-7,27,-5,27,-2,28,-3,23,-2,27,-5,27,-2,28,-4,30,-2,32,-3,30,-3,35,-2,30,-1,35,-2,35,-1,33,0,0,0,0,0,0,0,4,-36,7,-34,5,-36,7,-34,5,-32,9,-34,5,-29,9,-35,8,-30,9,-30,9,-30,10,-27,7,-33,10,-28,13,-28,10,-29,9,-28,10,-28,14,-32,7,-26,7,-28,11,-27,9,-28,10,-27,13,-26,9,-28,13,-26,11,-27,13,-27,11,-26,14,-27,16,-29,11,-26,13,-28,16,-26,16,-28,16,-23,17,-26,19,-22,20,-24,19,-20,20,-19,21,-19,21,-17,24,-15,21,-15,22,-14,22,-11,23,-10,20,-8,21,-7,21,-4,21,-4,19,-1,20,1,20,1,19,2,0,0,0,0,0,0,0,0,0,0]"""
1782031944117,2026-06-21T17:52:24.117,safe,posture,mhw,standing_still,t017,"CSI_DATA,536153,1a:00:00:00:00:00,-44,11,-99,18,28,11,529898695,47,2,256,0,""[0,0,0,0,0,0,0,0,0,0,0,0,6,-2,7,-2,7,-1,4,-3,7,-3,7,-2,7,-2,7,-2,9,-6,9,-4,9,-4,11,-7,11,-7,11,-7,12,-7,12,-8,14,-8,12,-6,13,-9,11,-11,11,-9,13,-12,13,-9,13,-11,15,-11,12,-12,14,-12,15,-14,12,-13,13,-17,13,-13,13,-19,12,-17,9,-19,9,-22,11,-20,8,-19,8,-20,6,-22,7,-22,6,-23,2,-23,3,-25,4,-25,0,-28,3,-23,-1,-29,-2,-28,-4,-28,-3,-29,-4,-28,-7,-31,-6,-35,-7,-30,-11,-31,-12,-35,-11,-31,0,0,0,0,0,0,-37,14,-31,12,-34,15,-31,14,-29,14,-33,13,-25,15,-31,18,-28,17,-28,19,-24,19,-23,19,-23,23,-20,19,-23,20,-22,24,-17,25,-18,23,-20,24,-13,25,-12,28,-14,25,-11,26,-8,26,-12,25,-7,30,-7,29,-4,28,-6,30,-3,29,-4,28,-6,33,-1,29,-3,30,-4,31,0,33,-2,29,1,30,1,30,0,30,1,29,-1,28,0,29,-1,28,-3,29,0,26,-1,26,-2,25,-1,25,-1,20,0,22,-2,20,0,20,-2,20,-3,19,-3,19,-4,18,0,0,0,0,0,0,0,0,0,0]"""
1782031944127,2026-06-21T17:52:24.127,safe,posture,mhw,standing_still,t017,"CSI_DATA,536154,1a:00:00:00:00:00,-44,11,-99,19,28,11,529909695,47,2,256,0,""[0,0,0,0,0,0,0,0,0,0,0,0,-2,4,-4,5,-3,5,-4,7,-3,7,-5,8,-5,7,-5,7,-7,7,-7,7,-8,10,-5,8,-8,10,-8,10,-8,9,-9,10,-10,11,-9,11,-14,14,-14,10,-13,5,-14,11,-14,9,-15,15,-14,14,-14,13,-13,11,-16,13,-14,13,-14,14,-16,13,-17,15,-16,13,-16,13,-17,15,-17,14,-14,15,-15,17,-15,16,-13,16,-16,16,-11,17,-16,21,-15,22,-20,24,-17,21,-17,23,-19,21,-16,20,-17,24,-17,30,-16,26,-17,27,-20,28,-17,30,-20,28,-21,27,0,0,0,0,0,0,27,22,26,19,33,22,26,22,24,19,28,23,24,19,28,21,22,17,28,23,27,22,23,20,23,20,21,17,29,17,24,15,27,15,23,14,24,17,24,14,28,14,27,14,28,16,27,17,26,14,23,14,23,14,30,13,28,11,27,11,23,11,28,14,26,13,27,13,27,13,33,20,27,19,26,16,26,19,21,19,21,16,28,17,23,17,19,16,20,17,17,16,20,17,17,17,16,22,14,20,13,20,9,19,8,17,11,17,9,21,7,16,4,15,0,0,0,0,0,0,0,0,0,0]"""
1782031944139,2026-06-21T17:52:24.139,safe,posture,mhw,standing_still,t017,"CSI_DATA,536155,1a:00:00:00:00:00,-44,11,-99,15,29,11,529920695,47,2,256,0,""[0,0,0,0,0,0,0,0,0,0,0,0,4,4,3,4,2,4,2,8,4,4,4,5,3,8,2,8,4,9,3,8,7,10,7,10,8,10,8,9,7,13,5,10,10,14,9,11,9,15,10,14,8,11,8,15,7,15,11,14,11,15,10,15,10,15,14,15,11,13,15,14,13,14,19,19,15,14,15,14,16,15,17,14,15,9,23,10,20,13,19,8,22,10,22,4,26,5,26,7,32,9,26,9,27,7,26,8,26,4,29,4,33,0,32,1,32,2,34,2,33,-2,36,0,34,1,0,0,0,0,0,0,0,-34,-2,-28,-4,-39,-3,-33,-2,-28,-5,-36,-5,-27,-8,-38,-8,-29,-7,-35,-8,-34,-5,-29,-8,-29,-9,-28,-13,-30,-14,-27,-14,-26,-14,-24,-14,-28,-15,-20,-20,-26,-17,-22,-19,-28,-17,-24,-17,-22,-17,-23,-17,-20,-24,-20,-22,-21,-20,-19,-20,-17,-24,-21,-21,-14,-27,-15,-24,-16,-29,-22,-22,-20,-23,-17,-22,-22,-20,-17,-22,-17,-27,-16,-23,-15,-20,-14,-20,-15,-21,-14,-23,-15,-20,-15,-21,-21,-15,-15,-16,-17,-13,-17,-13,-16,-11,-14,-14,-16,-11,-15,-9,-15,0,0,0,0,0,0,0,0,0,0]"""
1782031944152,2026-06-21T17:52:24.152,safe,posture,mhw,standing_still,t017,"CSI_DATA,536156,1a:00:00:00:00:00,-44,11,-99,15,29,11,529931695,47,2,256,0,""[0,0,0,0,0,0,0,0,0,0,0,0,2,-5,1,-5,1,-8,1,-5,1,-7,2,-4,1,-7,2,-9,2,-10,3,-11,4,-10,5,-11,4,-11,5,-13,5,-11,8,-14,5,-14,9,-14,7,-11,5,-13,8,-13,9,-15,9,-16,10,-14,11,-14,11,-13,13,-14,11,-15,14,-17,13,-16,14,-15,11,-14,11,-16,11,-17,13,-19,14,-19,13,-20,14,-17,14,-19,15,-22,13,-19,15,-21,13,-19,15,-22,11,-17,15,-23,13,-22,13,-24,15,-26,16,-27,17,-24,19,-24,19,-26,21,-28,20,-26,16,-24,21,-27,0,0,0,0,0,0,-27,-22,-28,-27,-22,-20,-27,-22,-29,-26,-21,-22,-27,-26,-21,-21,-22,-24,-22,-21,-21,-20,-23,-21,-24,-21,-24,-22,-19,-23,-21,-21,-24,-21,-21,-22,-21,-20,-24,-22,-22,-16,-23,-21,-20,-15,-22,-16,-23,-17,-24,-17,-24,-20,-21,-19,-22,-21,-23,-20,-23,-22,-21,-17,-23,-24,-21,-21,-22,-22,-17,-19,-22,-19,-20,-20,-22,-21,-19,-24,-19,-24,-11,-23,-15,-26,-11,-27,-11,-24,-11,-26,-7,-21,-9,-24,-4,-17,-5,-22,-4,-21,-5,-21,-2,-21,-1,-20,1,-19,3,-19,2,-17,0,0,0,0,0,0,0,0,0,0]"""
1782031944160,2026-06-21T17:52:24.160,safe,posture,mhw,standing_still,t017,"CSI_DATA,536157,1a:00:00:00:00:00,-44,11,-99,19,28,11,529942695,47,2,256,0,""[0,0,0,0,0,0,0,0,0,0,0,0,2,5,2,5,2,5,2,7,3,5,2,8,2,9,1,10,2,9,2,9,3,13,1,13,3,13,1,11,1,13,0,13,-1,15,0,16,-2,19,-1,16,-4,14,-2,16,-5,16,-2,21,-5,19,-4,20,-5,17,-7,21,-2,16,-4,20,-3,19,-7,24,-8,21,-7,19,-9,20,-7,20,-4,21,-2,22,-4,21,-2,21,-5,23,-2,22,-3,28,-5,26,-4,32,-11,26,-8,28,-10,27,-7,23,-9,29,-4,35,-4,28,-9,30,-10,29,-5,34,-10,33,-11,34,0,0,0,0,0,0,34,14,27,13,40,15,30,13,24,11,32,16,26,13,32,16,28,13,34,20,28,17,23,16,24,16,24,15,30,15,28,11,28,13,24,10,26,15,23,11,30,13,26,11,30,16,27,17,23,15,24,15,23,15,29,13,27,14,27,13,22,13,27,15,23,13,28,15,23,15,30,23,23,21,21,19,20,22,17,20,17,20,24,21,17,20,15,17,14,21,16,19,14,22,13,22,9,28,7,22,7,21,1,23,3,17,3,21,2,21,2,19,-1,19,0,0,0,0,0,0,0,0,0,0]"""
1782031944172,2026-06-21T17:52:24.172,safe,posture,mhw,standing_still,t017,"CSI_DATA,536158,1a:00:00:00:00:00,-44,11,-99,15,29,11,529953695,47,2,256,0,""[0,0,0,0,0,0,0,0,0,0,0,0,0,-4,3,-4,2,-5,2,-7,2,-5,4,-7,5,-8,5,-7,4,-8,7,-7,7,-10,7,-9,7,-8,9,-10,10,-10,9,-9,10,-10,10,-9,13,-10,15,-10,11,-9,15,-8,15,-8,17,-11,15,-7,19,-8,16,-7,19,-9,14,-7,16,-8,16,-9,24,-10,21,-5,19,-7,21,-8,20,-7,20,-9,21,-10,20,-9,21,-9,22,-9,17,-11,23,-14,24,-9,32,-10,26,-8,26,-10,27,-8,23,-8,28,-9,30,-15,27,-11,32,-11,33,-9,32,-13,36,-9,33,-8,0,0,0,0,0,0,-4,-35,-5,-32,-5,-41,-3,-36,-2,-30,-3,-38,-2,-28,-3,-36,-3,-29,2,-38,1,-35,2,-29,1,-30,2,-28,0,-34,-1,-32,-2,-32,-1,-28,1,-30,-1,-27,-2,-32,-1,-28,0,-32,2,-33,1,-27,2,-28,3,-27,-1,-32,1,-30,0,-29,2,-27,3,-32,0,-26,2,-30,3,-29,7,-38,10,-29,8,-28,13,-27,11,-24,10,-24,9,-29,13,-24,11,-21,14,-22,11,-21,15,-21,14,-20,21,-22,16,-14,19,-13,19,-11,16,-9,17,-9,17,-10,16,-7,17,-5,0,0,0,0,0,0,0,0,0,0]"""
1782031944184,2026-06-21T17:52:24.184,safe,posture,mhw,standing_still,t017,"CSI_DATA,536159,1a:00:00:00:00:00,-44,11,-99,19,28,11,529964714,47,2,256,0,""[0,0,0,0,0,0,0,0,0,0,0,0,4,-3,3,-3,5,-5,4,-4,5,-4,7,-4,5,-4,8,-5,7,-7,9,-4,8,-5,9,-5,10,-8,13,-8,10,-7,15,-8,11,-9,15,-8,13,-5,10,-7,13,-10,15,-9,16,-10,15,-5,17,-8,16,-8,19,-9,16,-7,19,-11,16,-8,17,-10,15,-9,15,-13,16,-13,17,-15,19,-14,20,-14,19,-13,19,-15,20,-17,17,-16,20,-19,19,-15,17,-21,14,-14,15,-21,17,-19,16,-23,19,-23,19,-24,19,-20,22,-26,20,-24,22,-27,21,-26,17,-23,20,-26,0,0,0,0,0,0,-26,-22,-32,-27,-23,-17,-30,-20,-30,-24,-23,-22,-30,-21,-23,-19,-28,-22,-21,-16,-24,-14,-27,-15,-29,-16,-30,-16,-23,-16,-27,-17,-27,-15,-26,-15,-24,-15,-29,-14,-24,-9,-29,-13,-22,-9,-26,-7,-28,-10,-29,-7,-32,-10,-27,-9,-30,-11,-29,-7,-29,-10,-27,-5,-32,-10,-28,-7,-29,-9,-23,-8,-28,-5,-29,-7,-29,-5,-29,-9,-27,-10,-24,-13,-26,-14,-27,-14,-24,-11,-26,-13,-20,-13,-22,-11,-17,-10,-17,-11,-19,-14,-20,-13,-17,-14,-15,-14,-11,-14,-11,-15,-9,-15,0,0,0,0,0,0,0,0,0,0]"""
1782031944194,2026-06-21T17:52:24.194,safe,posture,mhw,standing_still,t017,"CSI_DATA,536160,1a:00:00:00:00:00,-44,11,-99,19,28,11,529975695,47,2,256,0,""[0,0,0,0,0,0,0,0,0,0,0,0,-5,0,-5,0,-5,-1,-8,-1,-7,0,-9,0,-9,0,-8,-1,-10,2,-10,0,-13,0,-13,2,-11,2,-13,3,-15,1,-10,1,-16,3,-15,2,-17,2,-17,2,-15,-3,-17,4,-17,0,-17,4,-19,3,-17,5,-16,4,-22,5,-17,4,-21,9,-17,7,-22,10,-20,9,-19,10,-19,11,-17,13,-15,11,-16,15,-15,15,-15,17,-19,17,-10,19,-15,22,-16,21,-16,26,-15,21,-11,24,-14,23,-11,26,-10,28,-7,32,-8,29,-9,33,-11,29,-4,35,-7,36,-8,33,0,0,0,0,0,0,36,9,30,3,39,4,34,5,28,3,36,3,28,-1,38,-1,30,-1,36,-2,33,-1,29,-1,32,-4,28,-3,32,-8,30,-10,28,-11,26,-11,32,-10,21,-15,24,-17,26,-13,27,-17,27,-15,23,-16,23,-17,20,-16,21,-21,19,-22,19,-23,17,-21,24,-23,14,-21,17,-27,19,-22,21,-30,20,-22,16,-26,20,-23,17,-23,14,-22,14,-26,14,-24,11,-22,17,-23,10,-20,16,-22,15,-16,17,-22,15,-15,15,-19,14,-13,16,-16,14,-15,14,-15,13,-13,15,-13,0,0,0,0,0,0,0,0,0,0]"""
1782031944204,2026-06-21T17:52:24.204,safe,posture,mhw,standing_still,t017,"CSI_DATA,536161,1a:00:00:00:00:00,-44,11,-99,19,28,11,529986695,47,2,256,0,""[0,0,0,0,0,0,0,0,0,0,0,0,5,0,5,0,5,1,7,2,8,1,9,1,9,2,9,2,9,3,10,3,11,3,13,4,11,4,13,4,14,4,13,7,16,5,14,4,15,8,17,8,16,7,14,8,15,9,17,8,16,8,16,10,16,9,17,10,15,10,17,9,19,9,21,11,19,11,19,10,17,11,19,10,19,5,23,8,21,10,21,9,21,7,22,9,26,9,26,8,27,10,27,7,28,8,27,8,24,9,29,8,30,8,29,8,33,10,32,11,34,9,32,9,34,11,0,0,0,0,0,0,13,-35,11,-30,13,-36,13,-34,9,-28,11,-35,11,-29,13,-33,9,-30,14,-33,13,-32,11,-28,10,-28,10,-27,9,-30,8,-28,8,-30,8,-28,8,-28,8,-27,7,-30,5,-29,7,-30,8,-32,5,-29,8,-26,7,-28,4,-30,4,-29,4,-29,5,-27,5,-30,7,-27,4,-32,5,-28,9,-34,9,-30,9,-29,10,-29,10,-24,10,-26,10,-29,11,-27,10,-22,11,-23,11,-21,15,-23,11,-21,16,-21,16,-16,15,-15,15,-14,13,-14,15,-11,15,-14,14,-10,15,-9,0,0,0,0,0,0,0,0,0,0]"""
1782031944216,2026-06-21T17:52:24.216,safe,posture,mhw,standing_still,t017,"CSI_DATA,536162,1a:00:00:00:00:00,-44,11,-99,15,29,11,529997695,47,2,256,0,""[0,0,0,0,0,0,0,0,0,0,0,0,7,2,4,2,7,2,7,2,7,3,7,2,7,2,9,3,9,2,11,3,11,3,10,4,11,3,11,4,11,3,15,4,14,3,15,3,15,5,13,4,15,3,16,5,19,4,17,3,17,5,16,5,19,5,19,4,20,5,20,2,21,3,19,3,23,0,21,2,21,0,23,-1,24,-1,23,-1,23,-2,24,-4,22,-7,26,-4,24,-4,23,-9,22,-7,27,-13,26,-9,24,-14,27,-13,27,-13,26,-15,28,-13,28,-15,30,-16,29,-17,27,-16,28,-20,0,0,0,0,0,0,-20,-27,-22,-27,-22,-24,-22,-24,-23,-28,-19,-23,-23,-26,-22,-23,-24,-23,-22,-22,-22,-21,-26,-20,-23,-20,-27,-17,-26,-17,-23,-15,-27,-15,-27,-14,-24,-11,-28,-15,-26,-11,-29,-9,-24,-8,-26,-8,-29,-8,-27,-7,-30,-7,-30,-5,-30,-4,-30,-3,-30,-5,-27,-1,-33,-8,-29,-3,-28,-1,-26,-4,-33,-1,-28,-4,-29,1,-28,-4,-30,-4,-27,-4,-27,-5,-28,-3,-27,-3,-26,-4,-22,-5,-26,-1,-20,-4,-24,-3,-21,-4,-21,-4,-21,-7,-20,-5,-19,-7,-14,-8,-14,-9,0,0,0,0,0,0,0,0,0,0]"""
1782031944227,2026-06-21T17:52:24.227,safe,posture,mhw,standing_still,t017,"CSI_DATA,536163,1a:00:00:00:00:00,-44,11,-99,19,28,11,530008695,47,2,256,0,""[0,0,0,0,0,0,0,0,0,0,0,0,-3,-3,-2,-4,-5,-5,-5,-4,-4,-5,-4,-4,-4,-5,-5,-7,-7,-8,-9,-8,-7,-8,-7,-8,-8,-9,-9,-10,-9,-10,-11,-13,-9,-8,-10,-13,-9,-9,-10,-11,-14,-14,-11,-11,-15,-13,-9,-10,-13,-11,-15,-13,-14,-14,-16,-13,-16,-16,-15,-11,-16,-15,-14,-9,-17,-11,-17,-11,-20,-9,-21,-10,-21,-10,-20,-13,-22,-10,-23,-9,-22,-9,-26,-9,-22,-9,-26,-5,-20,-5,-28,-4,-27,-5,-28,-1,-30,-4,-29,-4,-28,-5,-32,-4,-33,-2,-35,-3,-33,-5,-34,1,-32,0,0,0,0,0,0,0,-3,36,0,38,1,32,0,35,1,39,-1,32,2,36,2,30,1,35,3,27,3,28,5,32,8,32,9,34,5,30,8,28,10,29,10,30,8,27,10,30,11,26,13,27,11,20,13,22,15,26,16,24,19,27,16,23,17,26,19,23,17,26,20,22,20,28,17,23,19,24,15,21,21,22,19,22,22,22,20,24,17,23,13,23,17,24,17,26,15,22,15,24,11,21,15,22,9,16,13,20,10,21,10,19,10,19,10,21,4,17,4,17,2,16,0,0,0,0,0,0,0,0,0,0]"""
1782031944237,2026-06-21T17:52:24.237,safe,posture,mhw,standing_still,t017,"CSI_DATA,536164,1a:00:00:00:00:00,-44,11,-99,16,29,11,530019695,47,2,256,0,""[0,0,0,0,0,0,0,0,0,0,0,0,5,1,4,1,5,2,4,1,8,3,6,2,9,2,9,4,10,3,10,3,10,5,11,5,11,5,12,6,11,5,13,9,12,8,12,9,10,9,10,8,10,10,13,10,15,15,11,12,12,15,12,15,12,15,12,13,15,18,12,15,12,15,10,12,15,15,12,16,15,15,18,16,16,19,13,18,13,18,17,19,17,16,17,20,13,18,19,20,12,15,20,19,18,20,20,20,19,24,20,24,13,21,19,27,16,26,20,28,19,26,17,25,20,28,0,0,0,0,0,0,31,-16,35,-18,25,-12,30,-16,38,-17,28,-11,35,-15,27,-11,34,-12,24,-10,25,-10,28,-15,30,-12,32,-13,27,-9,28,-10,28,-12,30,-10,25,-10,31,-12,25,-12,30,-11,21,-9,23,-10,28,-10,27,-11,31,-12,26,-11,30,-8,27,-10,30,-9,26,-10,33,-9,27,-8,30,-8,25,-3,27,-9,27,-4,31,-6,31,-5,31,-3,26,2,30,2,28,3,27,1,28,5,21,6,25,3,18,5,21,5,20,10,20,8,19,10,18,11,15,11,12,12,11,13,0,0,0,0,0,0,0,0,0,0]"""
1782031944249,2026-06-21T17:52:24.249,safe,posture,mhw,standing_still,t017,"CSI_DATA,536165,1a:00:00:00:00:00,-44,11,-99,14,29,11,530030695,47,2,256,0,""[0,0,0,0,0,0,0,0,0,0,0,0,-2,4,-4,4,-4,4,-6,6,-4,3,-7,6,-8,4,-6,4,-9,6,-8,3,-9,6,-9,6,-11,7,-11,6,-14,4,-9,6,-14,7,-15,4,-15,6,-17,1,-18,0,-17,3,-15,2,-17,2,-18,2,-18,2,-19,1,-22,0,-15,2,-19,3,-19,1,-24,0,-22,-1,-19,0,-23,-1,-22,0,-20,0,-23,3,-22,2,-22,1,-24,-1,-22,6,-25,4,-25,0,-30,0,-25,0,-30,2,-29,-4,-29,0,-28,-1,-33,0,-31,1,-34,-4,-31,-2,-36,0,-36,-2,-34,-3,0,0,0,0,0,0,-12,35,-9,30,-12,37,-9,34,-11,29,-14,35,-8,28,-11,34,-12,29,-12,31,-14,29,-14,25,-13,31,-13,24,-13,28,-12,29,-11,28,-12,25,-17,29,-8,23,-11,28,-13,25,-13,28,-14,25,-15,24,-13,28,-15,22,-13,26,-13,26,-13,25,-14,25,-20,28,-12,23,-15,26,-17,24,-22,29,-20,20,-22,22,-23,20,-22,19,-19,17,-22,19,-22,19,-20,17,-25,12,-20,15,-23,13,-23,8,-25,8,-22,2,-22,4,-22,0,-22,2,-19,1,-20,0,-19,0,-17,-3,0,0,0,0,0,0,0,0,0,0]"""
1782031944261,2026-06-21T17:52:24.261,safe,posture,mhw,standing_still,t017,"CSI_DATA,536166,1a:00:00:00:00:00,-44,11,-99,14,29,11,530043523,47,2,256,0,""[0,0,0,0,0,0,0,0,0,0,0,0,-6,1,-6,1,-6,3,-4,1,-6,3,-8,1,-7,2,-8,3,-8,2,-8,4,-9,6,-11,4,-9,4,-13,6,-12,4,-13,7,-12,6,-14,8,-15,8,-14,8,-18,7,-13,9,-14,11,-15,9,-14,11,-14,13,-14,11,-14,12,-17,11,-15,14,-15,14,-15,15,-15,18,-14,15,-12,18,-12,17,-11,18,-11,20,-11,23,-7,23,-7,23,-8,24,-7,25,-4,26,-4,24,-4,29,-4,28,0,29,0,28,-1,29,0,31,1,30,2,31,1,34,2,33,4,34,6,33,0,0,0,0,0,0,34,-7,31,-8,34,-12,35,-9,31,-11,33,-11,33,-13,29,-14,29,-14,30,-17,28,-17,26,-18,25,-18,25,-20,25,-20,20,-20,20,-23,19,-23,18,-23,20,-23,17,-23,15,-25,14,-25,14,-26,12,-25,12,-25,11,-26,8,-28,9,-28,4,-30,7,-29,4,-29,8,-29,6,-29,4,-29,4,-30,3,-31,4,-28,4,-29,4,-28,3,-26,4,-29,3,-29,3,-28,3,-28,4,-25,7,-24,3,-25,4,-23,6,-24,4,-20,3,-22,6,-19,4,-19,3,-19,4,-17,6,-15,0,0,0,0,0,0,0,0,0,0]"""
1782031944271,2026-06-21T17:52:24.271,safe,posture,mhw,standing_still,t017,"CSI_DATA,536167,1a:00:00:00:00:00,-44,11,-99,15,29,11,530052695,47,2,256,0,""[0,0,0,0,0,0,0,0,0,0,0,0,4,4,4,4,4,7,4,5,3,8,4,7,5,4,5,5,4,7,7,10,5,9,5,9,7,9,7,10,7,9,7,15,8,13,7,16,5,11,7,10,9,14,9,15,9,17,5,16,8,16,7,16,7,19,8,17,8,20,8,17,7,20,7,16,10,17,9,20,13,19,13,20,11,21,11,22,14,20,15,21,11,17,14,24,11,21,15,21,11,16,20,20,16,23,22,17,20,23,21,23,17,23,20,24,20,26,22,27,21,27,19,23,23,24,0,0,0,0,0,0,26,-21,33,-23,24,-19,28,-19,33,-24,26,-17,29,-21,24,-16,30,-20,23,-17,22,-19,24,-22,23,-20,23,-24,22,-19,22,-20,21,-23,22,-22,20,-17,26,-22,17,-19,23,-22,16,-19,17,-21,19,-22,16,-21,21,-26,17,-22,20,-23,19,-26,20,-23,16,-23,22,-26,20,-20,21,-21,17,-19,19,-24,20,-22,17,-22,22,-22,21,-20,22,-15,23,-16,24,-17,20,-16,26,-14,22,-10,21,-14,15,-8,21,-11,19,-7,19,-10,20,-8,20,-5,17,-3,19,-3,19,0,0,0,0,0,0,0,0,0,0,0]"""
1782031944284,2026-06-21T17:52:24.284,safe,posture,mhw,standing_still,t017,"CSI_DATA,536168,1a:00:00:00:00:00,-44,11,-99,15,29,11,530063695,47,2,256,0,""[0,0,0,0,0,0,0,0,0,0,0,0,-7,-2,-4,-3,-7,-2,-4,-3,-5,-3,-7,-3,-7,-4,-7,-4,-8,-4,-8,-7,-8,-5,-9,-7,-9,-8,-8,-10,-10,-10,-10,-11,-10,-10,-9,-10,-10,-10,-9,-11,-11,-15,-13,-14,-11,-15,-10,-15,-10,-15,-11,-15,-10,-17,-11,-16,-11,-17,-13,-16,-13,-15,-13,-14,-14,-16,-14,-16,-14,-16,-16,-17,-14,-16,-11,-17,-14,-19,-15,-20,-15,-20,-16,-19,-16,-20,-17,-16,-17,-17,-17,-16,-20,-17,-22,-17,-23,-20,-23,-21,-19,-19,-22,-23,-24,-23,-24,-23,-24,-23,-23,-23,-23,-22,0,0,0,0,0,0,-27,21,-29,26,-22,20,-28,23,-27,23,-29,19,-27,22,-24,21,-26,20,-23,20,-22,20,-23,20,-24,23,-23,22,-23,16,-23,20,-22,21,-23,20,-23,20,-20,22,-19,22,-22,21,-17,20,-17,21,-19,21,-20,26,-21,23,-17,20,-22,23,-17,22,-23,22,-22,23,-20,22,-19,22,-21,21,-20,21,-20,20,-21,21,-21,21,-22,21,-23,17,-22,15,-23,16,-23,15,-24,13,-23,13,-22,11,-23,10,-21,8,-20,8,-22,9,-21,7,-20,7,-21,2,-17,0,-17,0,-17,-1,0,0,0,0,0,0,0,0,0,0]"""
1782031944292,2026-06-21T17:52:24.292,safe,posture,mhw,standing_still,t017,"CSI_DATA,536169,1a:00:00:00:00:00,-44,11,-99,15,29,11,530074695,47,2,256,0,""[0,0,0,0,0,0,0,0,0,0,0,0,-2,5,-2,7,-2,3,-2,8,-1,7,-2,7,-3,8,-4,7,-2,10,-4,9,-4,10,-3,13,-2,11,-2,13,-4,14,-3,13,-4,16,-7,14,-4,16,-4,16,-5,11,-4,19,-5,15,-5,17,-5,20,-4,17,-5,19,-4,20,-2,17,-1,21,-3,19,-1,23,-2,20,-1,21,-1,22,0,22,0,20,2,22,3,21,3,22,2,26,8,22,9,26,5,26,8,28,7,23,10,27,9,27,11,26,13,27,16,27,17,27,14,29,14,27,19,26,20,30,21,27,0,0,0,0,0,0,29,-19,29,-17,30,-21,27,-20,23,-19,29,-20,22,-20,28,-23,24,-19,27,-23,23,-22,22,-20,20,-23,21,-21,20,-23,20,-23,16,-26,16,-23,20,-24,10,-22,13,-30,14,-26,10,-28,11,-27,13,-26,9,-29,11,-26,8,-27,7,-29,7,-28,8,-27,10,-32,3,-27,4,-30,5,-28,7,-34,8,-28,5,-29,8,-29,4,-28,5,-26,7,-28,7,-27,5,-26,9,-26,4,-24,5,-26,7,-23,10,-24,10,-20,9,-21,9,-17,8,-19,10,-16,9,-16,9,-17,10,-16,0,0,0,0,0,0,0,0,0,0]"""
1782031944303,2026-06-21T17:52:24.303,safe,posture,mhw,standing_still,t017,"CSI_DATA,536170,1a:00:00:00:00:00,-44,11,-99,15,29,11,530085695,47,2,256,0,""[0,0,0,0,0,0,0,0,0,0,0,0,3,3,3,4,5,4,5,5,5,5,5,7,5,5,7,5,7,7,8,7,8,7,8,8,8,8,10,9,9,8,10,11,10,11,10,13,8,11,9,9,10,11,11,14,13,14,14,13,13,13,14,14,14,14,13,11,13,16,13,13,16,13,15,13,19,13,17,10,19,11,17,11,20,11,22,11,21,11,22,8,20,7,23,10,21,9,23,7,24,9,29,8,24,4,27,3,27,7,29,4,30,5,30,8,32,5,35,7,33,4,32,2,34,2,0,0,0,0,0,0,2,-35,1,-36,0,-33,2,-35,0,-36,3,-33,1,-38,0,-33,-2,-35,-1,-32,-1,-30,-3,-32,-1,-30,-5,-32,-5,-29,-7,-29,-10,-30,-9,-29,-8,-26,-7,-30,-10,-27,-10,-28,-11,-24,-13,-29,-13,-27,-10,-27,-15,-28,-16,-24,-16,-26,-16,-26,-15,-24,-17,-22,-14,-29,-16,-26,-17,-24,-14,-24,-16,-27,-15,-24,-16,-24,-13,-27,-15,-23,-13,-26,-11,-26,-13,-23,-11,-21,-10,-26,-9,-23,-11,-21,-8,-22,-10,-23,-7,-21,-8,-20,-4,-20,-7,-21,-3,-19,-3,-17,-1,-17,0,0,0,0,0,0,0,0,0,0]"""
1782031944315,2026-06-21T17:52:24.315,safe,posture,mhw,standing_still,t017,"CSI_DATA,536171,1a:00:00:00:00:00,-44,11,-99,20,28,11,530096695,47,2,256,0,""[0,0,0,0,0,0,0,0,0,0,0,0,-4,-3,-5,-4,-5,-5,-4,-4,-5,-4,-6,-5,-6,-3,-6,-6,-8,-6,-8,-5,-6,-6,-8,-8,-8,-9,-10,-9,-9,-11,-9,-10,-10,-10,-10,-13,-11,-10,-9,-11,-9,-12,-15,-11,-13,-12,-10,-13,-13,-15,-12,-12,-12,-15,-16,-13,-13,-13,-13,-13,-12,-15,-15,-12,-16,-11,-18,-12,-18,-11,-20,-11,-19,-12,-18,-12,-19,-11,-21,-13,-20,-11,-23,-11,-23,-10,-23,-12,-23,-9,-23,-6,-27,-5,-26,-5,-28,-8,-30,-9,-26,-10,-30,-9,-33,-11,-32,-9,-32,-6,-35,-5,-31,-4,0,0,0,0,0,0,-8,34,-9,35,-5,32,-6,34,-5,35,-10,34,-6,32,-5,33,-8,31,-4,30,0,30,-2,31,1,34,0,32,-3,30,-1,31,4,31,1,31,0,33,2,30,6,28,2,30,4,26,6,27,6,27,11,30,8,31,6,27,6,30,11,30,8,28,9,31,9,30,8,28,6,31,9,26,9,27,9,28,10,27,10,32,8,27,3,27,6,27,5,28,4,27,4,26,1,26,3,25,0,24,2,21,1,21,1,21,1,23,-3,20,-3,17,-3,19,-4,18,0,0,0,0,0,0,0,0,0,0]"""
1782031944325,2026-06-21T17:52:24.325,safe,posture,mhw,standing_still,t017,"CSI_DATA,536172,1a:00:00:00:00:00,-44,11,-99,14,29,11,530107695,47,2,256,0,""[0,0,0,0,0,0,0,0,0,0,0,0,2,-3,4,-3,3,-4,4,-6,6,-3,8,-6,7,-6,8,-4,8,-6,8,-4,8,-7,9,-7,8,-7,11,-7,13,-7,9,-4,14,-6,13,-7,17,-6,19,-4,18,-3,18,-3,14,-1,19,-6,19,-3,17,-3,17,-2,22,-3,17,-2,20,-3,19,-1,25,-1,23,0,20,0,23,1,20,1,20,-2,23,-3,23,-1,20,-1,24,0,20,-3,26,-3,25,1,33,0,25,2,29,0,28,3,26,1,30,2,33,-1,30,-1,33,2,31,3,34,1,35,2,34,7,0,0,0,0,0,0,8,-35,8,-29,12,-37,12,-33,9,-25,13,-34,9,-28,14,-34,12,-28,17,-33,17,-30,15,-24,14,-28,14,-24,14,-29,12,-28,12,-30,12,-25,15,-26,9,-24,12,-30,12,-24,17,-29,17,-25,15,-22,17,-24,15,-22,14,-28,15,-25,13,-25,15,-23,19,-25,14,-22,18,-25,18,-22,25,-28,25,-18,22,-19,24,-17,22,-17,20,-14,24,-19,24,-15,22,-13,23,-9,22,-12,25,-11,24,-7,29,-4,23,-1,23,-2,22,1,20,1,19,0,20,2,18,3,18,4,0,0,0,0,0,0,0,0,0,0]"""
1782031944336,2026-06-21T17:52:24.336,safe,posture,mhw,standing_still,t017,"CSI_DATA,536173,1a:00:00:00:00:00,-44,11,-99,15,29,11,530118695,47,2,256,0,""[0,0,0,0,0,0,0,0,0,0,0,0,5,2,5,4,8,3,5,3,5,4,8,3,8,4,7,4,10,4,9,5,10,5,11,7,11,4,13,5,11,7,14,5,14,4,14,5,13,4,15,5,17,7,16,4,17,5,16,5,19,5,19,4,19,4,21,4,21,2,20,1,22,3,20,2,20,-1,22,-1,23,-2,23,-2,22,-3,22,-3,22,-4,23,-5,23,-8,23,-9,22,-9,23,-13,21,-11,22,-14,23,-16,22,-17,22,-17,23,-20,21,-19,23,-22,24,-21,22,-23,23,-26,23,-26,21,-23,0,0,0,0,0,0,-29,-20,-29,-22,-27,-17,-30,-16,-30,-19,-27,-17,-30,-15,-29,-13,-30,-14,-28,-13,-28,-9,-28,-9,-33,-7,-29,-5,-27,-9,-30,-5,-30,-2,-30,-3,-29,-2,-29,1,-28,3,-30,2,-27,4,-27,5,-27,5,-29,9,-29,8,-27,8,-30,9,-27,11,-29,10,-29,13,-28,13,-24,13,-29,14,-24,14,-23,14,-24,14,-26,14,-26,16,-24,14,-26,10,-26,14,-24,15,-23,13,-23,14,-20,11,-22,10,-20,10,-19,11,-20,10,-19,10,-19,9,-17,8,-20,7,-19,7,-19,5,0,0,0,0,0,0,0,0,0,0]"""
1782031944349,2026-06-21T17:52:24.349,safe,posture,mhw,standing_still,t017,"CSI_DATA,536174,1a:00:00:00:00:00,-44,11,-99,15,29,11,530131707,47,2,256,0,""[0,0,0,0,0,0,0,0,0,0,0,0,-4,1,-5,1,-8,1,-5,0,-7,0,-7,-1,-8,1,-10,1,-8,0,-11,0,-10,-1,-11,0,-14,2,-13,-2,-11,-1,-16,-2,-14,-1,-16,-3,-14,-2,-14,-3,-16,-5,-16,-3,-20,-5,-16,-4,-17,-5,-19,-4,-20,-5,-17,-4,-20,-7,-17,-4,-20,-5,-17,-4,-21,-4,-20,-4,-21,-3,-23,-3,-23,-4,-22,-5,-23,-4,-26,-3,-22,-2,-28,-4,-22,-5,-24,0,-20,-2,-28,1,-26,-3,-28,1,-30,-2,-32,-1,-28,-2,-29,-4,-32,-3,-35,-3,-33,-5,-29,-3,-33,0,0,0,0,0,0,0,-3,35,-5,39,-3,26,-3,32,-5,39,-4,28,-3,36,-4,30,-7,35,-4,28,-3,30,-3,33,-3,32,-2,35,-5,29,-2,29,-1,30,-3,30,-2,27,-2,33,-1,28,0,32,1,24,1,27,1,30,1,29,1,34,2,28,1,29,3,30,1,30,3,28,0,35,0,28,1,30,-2,26,1,30,-1,29,1,30,-2,30,-5,30,-5,27,-5,28,-7,30,-5,27,-9,28,-9,21,-8,26,-7,16,-8,22,-11,19,-9,20,-11,17,-11,17,-11,14,-13,11,-14,11,0,0,0,0,0,0,0,0,0,0]"""
1782031944361,2026-06-21T17:52:24.361,safe,posture,mhw,standing_still,t017,"CSI_DATA,536175,1a:00:00:00:00:00,-44,11,-99,15,29,11,530141915,47,2,256,0,""[0,0,0,0,0,0,0,0,0,0,0,0,1,-7,-1,-4,0,-7,0,-8,0,-7,0,-8,1,-8,0,-9,1,-9,1,-10,0,-11,0,-10,1,-11,0,-14,1,-13,4,-13,3,-16,3,-14,5,-14,4,-17,2,-16,5,-15,4,-15,5,-19,8,-16,7,-19,7,-17,5,-17,8,-17,8,-17,7,-17,8,-21,7,-21,7,-20,7,-20,7,-19,8,-19,8,-23,7,-22,5,-23,4,-23,7,-24,8,-24,3,-24,8,-27,4,-30,7,-28,4,-28,7,-26,7,-27,8,-29,8,-27,7,-33,10,-32,8,-34,8,-34,8,-33,0,0,0,0,0,0,-33,-10,-32,-9,-34,-9,-34,-11,-32,-13,-30,-14,-32,-11,-32,-14,-29,-11,-32,-15,-32,-11,-30,-10,-27,-13,-29,-9,-29,-9,-29,-8,-29,-9,-28,-9,-27,-9,-27,-9,-28,-8,-28,-7,-27,-9,-29,-8,-29,-7,-24,-7,-28,-7,-30,-5,-29,-7,-30,-7,-28,-7,-28,-7,-28,-11,-29,-10,-26,-8,-30,-11,-30,-10,-27,-11,-28,-10,-24,-14,-24,-14,-27,-13,-24,-15,-22,-13,-22,-14,-21,-15,-19,-16,-20,-14,-16,-17,-19,-17,-14,-17,-14,-17,-10,-17,-11,-15,-10,-17,-7,-16,-8,-17,0,0,0,0,0,0,0,0,0,0]"""
1782031944372,2026-06-21T17:52:24.372,safe,posture,mhw,standing_still,t017,"CSI_DATA,536176,1a:00:00:00:00:00,-44,11,-99,16,29,11,530151695,47,2,256,0,""[0,0,0,0,0,0,0,0,0,0,0,0,-2,-5,-2,-6,-1,-4,-1,-6,-1,-6,-1,-8,-2,-9,-1,-6,-1,-10,0,-10,0,-10,0,-12,-1,-12,-1,-12,1,-16,0,-12,0,-15,3,-15,0,-16,4,-15,6,-16,1,-17,3,-17,4,-18,5,-18,4,-18,5,-18,6,-20,3,-19,4,-20,5,-18,4,-20,6,-19,4,-20,5,-20,4,-20,4,-20,4,-21,4,-21,5,-23,6,-24,0,-21,3,-26,5,-26,4,-27,5,-23,3,-27,5,-26,3,-27,4,-31,4,-30,4,-31,6,-33,5,-30,5,-34,6,-33,5,-34,0,0,0,0,0,0,-32,-10,-32,-11,-35,-11,-32,-13,-28,-12,-33,-15,-27,-9,-33,-11,-28,-12,-32,-12,-28,-11,-26,-12,-32,-10,-26,-12,-27,-13,-28,-10,-28,-11,-25,-10,-28,-13,-25,-9,-28,-8,-27,-10,-30,-8,-27,-8,-24,-9,-28,-8,-25,-10,-27,-8,-28,-9,-27,-8,-26,-10,-28,-15,-25,-6,-27,-10,-25,-12,-30,-13,-26,-12,-26,-12,-25,-15,-26,-16,-21,-13,-23,-16,-23,-16,-18,-16,-19,-19,-18,-15,-18,-19,-16,-18,-16,-19,-12,-18,-12,-19,-9,-18,-9,-19,-6,-18,-6,-20,-4,-18,-2,-18,0,0,0,0,0,0,0,0,0,0]"""
1782031944382,2026-06-21T17:52:24.382,safe,posture,mhw,standing_still,t017,"CSI_DATA,536177,1a:00:00:00:00:00,-44,11,-99,19,28,11,530163497,47,2,256,0,""[0,0,0,0,0,0,0,0,0,0,0,0,5,-1,5,-3,5,-3,8,-4,7,-4,8,-3,8,-4,7,-3,9,-5,9,-5,11,-3,10,-4,10,-7,11,-7,13,-5,11,-5,14,-7,14,-7,14,-7,14,-4,16,-5,16,-10,15,-5,16,-8,16,-10,16,-9,17,-9,20,-9,15,-9,16,-11,16,-10,19,-13,16,-11,16,-13,17,-11,19,-15,16,-13,17,-16,16,-16,16,-17,19,-16,11,-20,15,-21,16,-21,16,-24,15,-19,15,-23,16,-22,15,-24,15,-24,13,-27,13,-29,15,-29,13,-27,14,-30,16,-34,13,-29,0,0,0,0,0,0,-34,-16,-32,-14,-34,-13,-33,-13,-29,-11,-32,-17,-29,-10,-33,-11,-29,-10,-30,-13,-29,-10,-26,-10,-33,-7,-28,-8,-29,-7,-30,-5,-32,-2,-28,-4,-32,-7,-26,1,-30,1,-28,-2,-29,-1,-29,-1,-28,-1,-29,1,-27,1,-29,4,-30,2,-29,4,-28,4,-34,3,-26,5,-29,7,-30,3,-35,7,-28,2,-28,4,-30,3,-30,3,-27,2,-28,3,-27,2,-26,2,-28,0,-24,3,-27,1,-24,-1,-27,-2,-20,-3,-23,-2,-20,-4,-23,-2,-19,-5,-17,-3,-17,-4,-17,-7,0,0,0,0,0,0,0,0,0,0]"""
1782031944391,2026-06-21T17:52:24.391,safe,posture,mhw,standing_still,t017,"CSI_DATA,536178,1a:00:00:00:00:00,-44,11,-99,14,29,11,530173695,47,2,256,0,""[0,0,0,0,0,0,0,0,0,0,0,0,0,6,1,4,1,7,-1,6,0,7,0,7,0,8,-1,9,-1,9,-2,11,-6,11,-3,11,-3,11,-4,14,-4,11,-6,15,-6,12,-8,13,-7,12,-3,11,-7,13,-9,17,-12,15,-11,12,-13,14,-11,13,-14,13,-12,14,-14,15,-13,14,-14,14,-14,13,-13,14,-13,14,-14,15,-17,17,-17,18,-17,13,-18,17,-18,18,-15,17,-19,18,-18,15,-17,19,-15,14,-15,20,-19,19,-17,22,-20,22,-24,22,-22,18,-24,19,-25,20,-26,22,-26,19,-24,19,-26,20,0,0,0,0,0,0,15,29,18,37,14,23,15,31,18,35,9,29,13,35,12,29,12,35,11,25,11,25,13,28,13,29,13,31,8,29,9,29,11,28,9,31,8,28,11,30,9,25,8,30,8,23,9,24,9,28,12,29,12,30,8,26,7,29,9,29,6,30,8,28,4,34,4,26,4,30,3,25,4,29,3,29,4,29,1,30,-1,31,-3,26,-3,29,-6,29,-6,24,-9,28,-8,22,-9,25,-8,17,-9,20,-12,19,-9,19,-13,18,-13,17,-15,12,-15,12,-15,9,0,0,0,0,0,0,0,0,0,0]"""
1782031944405,2026-06-21T17:52:24.405,safe,posture,mhw,standing_still,t017,"CSI_DATA,536179,1a:00:00:00:00:00,-44,11,-99,15,29,11,530184695,47,2,256,0,""[0,0,0,0,0,0,0,0,0,0,0,0,3,4,4,4,3,4,4,5,5,4,7,5,5,7,3,8,8,7,7,8,8,10,9,8,11,8,9,5,10,7,9,8,13,9,13,7,14,11,11,10,10,13,13,9,13,10,17,10,17,9,15,8,14,8,16,9,16,7,21,5,19,5,23,8,21,7,22,5,22,5,21,3,21,2,23,0,22,1,21,-2,24,-1,22,-5,26,-5,24,-7,32,-7,26,-4,26,-8,28,-9,22,-8,24,-10,29,-16,22,-15,28,-16,28,-16,26,-21,28,-21,27,-20,0,0,0,0,0,0,-23,-27,-22,-22,-30,-26,-23,-24,-19,-20,-27,-21,-23,-17,-30,-21,-24,-16,-30,-21,-28,-19,-24,-17,-26,-15,-26,-14,-30,-11,-28,-10,-29,-8,-27,-7,-28,-7,-26,-2,-33,0,-28,-2,-34,-2,-32,-1,-27,1,-27,-1,-26,2,-29,7,-28,3,-28,7,-26,3,-30,8,-24,10,-27,13,-27,10,-35,13,-28,8,-27,10,-28,8,-24,9,-26,9,-28,14,-28,10,-22,10,-23,9,-22,10,-24,14,-22,10,-27,9,-22,7,-21,5,-21,3,-20,7,-20,3,-20,5,-17,4,-20,1,0,0,0,0,0,0,0,0,0,0]"""
1782031944414,2026-06-21T17:52:24.414,safe,posture,mhw,standing_still,t017,"CSI_DATA,536180,1a:00:00:00:00:00,-44,11,-99,15,29,11,530195695,47,2,256,0,""[0,0,0,0,0,0,0,0,0,0,0,0,-1,-3,-2,-5,-2,-5,-1,-7,-2,-8,-2,-8,-2,-8,-3,-9,-3,-9,-3,-10,-2,-10,-2,-10,-2,-13,-2,-14,0,-14,-1,-15,-2,-14,0,-16,-2,-15,0,-14,2,-16,-3,-16,0,-19,1,-15,1,-19,-1,-17,0,-21,0,-21,-2,-21,0,-20,0,-20,0,-19,-2,-19,-2,-21,-3,-21,-3,-22,-2,-22,-1,-22,-2,-22,-5,-23,-3,-23,-7,-24,-5,-22,-7,-26,-5,-23,-5,-24,-9,-26,-9,-27,-10,-27,-10,-32,-5,-27,-9,-32,-9,-30,-10,-32,-9,-33,-11,-30,-10,-32,0,0,0,0,0,0,-32,9,-36,8,-29,9,-33,10,-36,9,-33,7,-33,9,-32,10,-33,7,-28,8,-28,9,-28,9,-32,11,-30,11,-29,7,-28,9,-27,11,-28,9,-28,11,-26,13,-26,13,-28,13,-23,11,-22,14,-24,13,-27,17,-27,15,-23,11,-28,14,-27,15,-28,13,-27,15,-27,15,-24,15,-27,13,-24,13,-23,14,-24,14,-27,15,-27,14,-26,11,-27,8,-27,9,-28,8,-27,7,-24,8,-26,4,-26,3,-21,3,-22,3,-22,3,-21,1,-21,0,-20,-2,-17,-3,-19,-4,-17,-4,0,0,0,0,0,0,0,0,0,0]"""
1782031944423,2026-06-21T17:52:24.423,safe,posture,mhw,standing_still,t017,"CSI_DATA,536181,1a:00:00:00:00:00,-44,11,-99,19,28,11,530206695,47,2,256,0,""[0,0,0,0,0,0,0,0,0,0,0,0,2,4,2,7,2,7,2,7,2,5,1,9,2,9,1,9,0,10,-1,8,1,11,2,11,3,11,1,14,-1,15,2,13,-1,16,2,14,1,16,-3,20,-4,17,-2,15,-3,15,0,20,-1,19,-2,20,-1,17,-3,20,-1,17,-1,21,0,20,-3,24,-3,21,-2,21,-2,20,-3,21,-1,20,2,24,0,22,0,21,-1,23,2,22,3,24,3,26,1,33,-2,27,0,27,-3,28,0,26,2,30,5,34,5,29,3,33,0,34,7,36,3,35,1,35,0,0,0,0,0,0,35,1,32,-1,39,-1,34,1,28,1,36,1,29,-1,38,1,29,0,38,1,33,3,29,3,29,2,28,2,35,-2,33,-2,32,-2,28,-2,32,0,24,-1,33,-4,28,-3,34,-2,30,-1,29,-2,27,0,27,-1,30,-7,30,-4,29,-3,28,-2,30,-2,26,-4,32,-4,30,-3,36,-2,30,2,28,2,30,4,26,3,26,2,32,-1,27,3,24,1,27,4,24,3,27,5,27,7,27,10,21,10,21,10,17,13,16,10,17,11,19,11,13,11,13,13,0,0,0,0,0,0,0,0,0,0]"""
1782031944438,2026-06-21T17:52:24.438,safe,posture,mhw,standing_still,t017,"CSI_DATA,536182,1a:00:00:00:00:00,-44,11,-99,15,29,11,530219233,47,2,256,0,""[0,0,0,0,0,0,0,0,0,0,0,0,-3,-5,-4,-4,-2,-3,-4,-7,-4,-4,-4,-7,-5,-7,-3,-8,-9,-7,-4,-10,-5,-9,-8,-9,-8,-10,-7,-9,-8,-11,-7,-9,-10,-10,-9,-11,-9,-14,-9,-13,-9,-10,-11,-13,-8,-14,-10,-15,-11,-15,-13,-14,-9,-14,-14,-16,-14,-10,-15,-11,-13,-14,-17,-16,-15,-16,-15,-14,-15,-14,-19,-13,-16,-13,-21,-9,-20,-10,-19,-9,-21,-11,-21,-3,-27,-7,-26,-8,-29,-9,-23,-9,-27,-7,-26,-11,-24,-5,-27,-5,-32,-2,-30,0,-32,-2,-32,-3,-35,1,-35,-2,-32,-3,0,0,0,0,0,0,-2,38,1,33,1,40,0,35,1,27,2,36,5,29,5,36,2,29,2,36,4,33,1,30,7,30,4,28,9,30,9,29,11,28,10,26,8,32,13,22,16,27,13,26,15,28,13,26,13,24,16,26,13,23,20,21,20,22,19,21,16,22,19,24,20,16,23,19,20,22,24,27,17,24,19,22,17,23,19,21,19,21,22,22,19,21,17,17,13,21,17,16,19,20,14,22,15,22,10,19,13,20,8,19,11,17,7,19,10,19,8,17,7,16,0,0,0,0,0,0,0,0,0,0]"""
1782031944448,2026-06-21T17:52:24.448,safe,posture,mhw,standing_still,t017,"CSI_DATA,536183,1a:00:00:00:00:00,-44,11,-99,20,28,11,530228695,47,2,256,0,""[0,0,0,0,0,0,0,0,0,0,0,0,-1,-5,-2,-6,-2,-5,-1,-8,0,-6,-2,-8,-2,-8,-2,-8,-4,-11,-1,-10,-4,-11,-3,-11,-3,-11,-3,-12,-3,-13,-2,-12,-4,-15,-1,-15,-2,-16,-5,-15,-2,-13,-5,-19,-2,-17,-5,-18,-4,-19,-5,-18,-3,-16,-5,-21,-6,-16,-6,-18,-5,-18,-9,-21,-8,-19,-9,-18,-8,-19,-11,-18,-10,-18,-11,-19,-13,-19,-11,-17,-13,-20,-17,-16,-18,-20,-17,-19,-18,-19,-18,-18,-21,-17,-20,-18,-24,-16,-21,-19,-23,-19,-26,-19,-27,-19,-26,-18,-26,-18,-32,-18,-30,-18,0,0,0,0,0,0,-21,30,-17,28,-20,32,-18,30,-16,26,-19,28,-15,28,-17,32,-15,27,-15,30,-13,27,-13,26,-11,33,-9,30,-12,27,-10,27,-6,28,-8,31,-9,31,-1,27,-2,32,-5,31,-3,31,-2,30,-2,27,1,32,-1,27,0,28,0,30,3,30,0,30,0,32,4,28,4,30,0,30,4,35,2,30,3,30,2,31,2,30,0,30,0,30,2,28,1,26,-1,26,2,25,0,27,-2,26,-2,27,-2,20,-2,24,-4,20,-3,21,-4,18,-5,19,-4,16,-9,17,0,0,0,0,0,0,0,0,0,0]"""
1782031944458,2026-06-21T17:52:24.458,safe,posture,mhw,standing_still,t017,"CSI_DATA,536184,1a:00:00:00:00:00,-44,11,-99,17,29,11,530239695,47,2,256,0,""[0,0,0,0,0,0,0,0,0,0,0,0,1,6,0,5,0,6,-1,7,0,7,-1,6,-2,7,-3,8,-1,11,-3,12,-5,10,-4,11,-5,12,-5,11,-6,10,-8,13,-7,12,-8,13,-8,11,-7,12,-7,13,-12,15,-12,14,-11,13,-12,13,-14,14,-16,13,-13,13,-14,14,-12,13,-16,12,-13,12,-14,12,-15,15,-15,16,-16,15,-17,15,-17,14,-16,17,-21,15,-17,15,-20,17,-17,14,-17,17,-16,15,-17,19,-21,19,-19,20,-22,20,-24,20,-22,17,-24,21,-26,19,-25,21,-26,20,-25,20,-25,21,0,0,0,0,0,0,16,30,17,33,13,26,13,31,16,34,11,28,14,34,12,28,11,32,10,28,12,26,12,26,13,29,13,30,8,28,11,28,12,28,11,28,10,26,12,29,12,24,10,29,10,22,11,23,10,28,12,29,12,29,10,26,6,30,11,28,7,29,5,29,7,32,6,29,4,30,5,25,5,29,4,29,4,29,3,30,1,30,-2,28,-2,28,-3,29,-5,26,-5,28,-6,22,-7,24,-7,19,-7,21,-10,20,-10,17,-10,17,-11,19,-12,12,-14,13,-15,12,0,0,0,0,0,0,0,0,0,0]"""
1782031944469,2026-06-21T17:52:24.469,safe,posture,mhw,standing_still,t017,"CSI_DATA,536185,1a:00:00:00:00:00,-44,11,-99,15,29,11,530250695,47,2,256,0,""[0,0,0,0,0,0,0,0,0,0,0,0,4,-3,5,-2,3,-3,5,-4,3,-4,7,-5,7,-4,7,-3,7,-7,8,-4,10,-5,9,-7,9,-7,10,-7,13,-7,10,-7,14,-8,14,-7,16,-9,13,-4,15,-4,15,-11,16,-5,17,-9,17,-9,16,-8,17,-7,21,-9,15,-9,16,-11,17,-9,21,-13,19,-10,17,-11,19,-11,19,-13,15,-13,17,-14,16,-15,17,-15,19,-15,14,-19,15,-21,17,-19,20,-22,17,-16,17,-22,21,-20,16,-21,19,-22,16,-27,16,-28,21,-27,17,-24,19,-29,19,-29,19,-26,0,0,0,0,0,0,-30,-23,-26,-19,-32,-21,-26,-23,-26,-19,-28,-22,-23,-15,-32,-19,-26,-16,-27,-20,-28,-19,-22,-17,-29,-15,-23,-15,-27,-16,-29,-13,-28,-11,-27,-13,-28,-15,-26,-7,-29,-8,-27,-10,-30,-9,-28,-10,-26,-9,-30,-8,-26,-8,-27,-5,-28,-7,-28,-3,-29,-5,-32,-9,-26,-3,-29,-3,-29,-7,-34,-7,-27,-10,-28,-7,-28,-9,-27,-9,-27,-8,-27,-8,-27,-7,-26,-8,-23,-11,-22,-8,-26,-9,-20,-10,-22,-13,-17,-14,-19,-13,-15,-14,-19,-13,-11,-11,-15,-13,-15,-10,-11,-13,0,0,0,0,0,0,0,0,0,0]"""
1782031944478,2026-06-21T17:52:24.478,safe,posture,mhw,standing_still,t017,"CSI_DATA,536186,1a:00:00:00:00:00,-44,11,-99,15,29,11,530261695,47,2,256,0,""[0,0,0,0,0,0,0,0,0,0,0,0,-4,2,-8,1,-4,0,-7,0,-5,1,-8,0,-10,-1,-8,0,-11,0,-9,-2,-13,0,-10,-1,-13,0,-14,-2,-14,-2,-13,-2,-16,-2,-14,-2,-16,-2,-17,-3,-15,-2,-17,-4,-14,-5,-17,-3,-17,-5,-19,-4,-17,-4,-19,-5,-17,-3,-20,-4,-19,-3,-24,-3,-22,-7,-20,-3,-21,-5,-21,-4,-20,-2,-23,-2,-22,-1,-22,0,-23,-4,-22,2,-24,2,-27,0,-30,1,-26,-2,-28,2,-29,-2,-24,1,-30,3,-33,5,-30,5,-33,4,-33,1,-33,8,-35,4,-34,1,0,0,0,0,0,0,3,36,0,32,3,36,2,35,2,30,1,35,4,28,3,35,4,30,3,36,1,33,1,29,4,32,1,28,5,33,7,30,8,30,7,28,4,32,9,24,9,28,8,26,10,32,7,30,4,27,9,29,5,26,13,27,10,27,11,27,10,26,9,30,10,22,14,27,10,27,13,34,5,29,8,27,4,30,5,24,5,26,10,28,8,27,5,23,3,27,8,23,4,26,2,26,-1,28,-2,21,-1,22,-3,21,-2,19,-4,20,-3,19,-3,17,-7,17,0,0,0,0,0,0,0,0,0,0]"""
1782031944491,2026-06-21T17:52:24.491,safe,posture,mhw,standing_still,t017,"CSI_DATA,536187,1a:00:00:00:00:00,-44,11,-99,15,29,11,530272695,47,2,256,0,""[0,0,0,0,0,0,0,0,0,0,0,0,-2,-4,-1,-4,-2,-8,-1,-5,-4,-8,-2,-7,-2,-4,-3,-10,-3,-9,-5,-9,-4,-9,-3,-9,-4,-11,-5,-13,-4,-10,-5,-14,-7,-11,-5,-16,-5,-14,-8,-13,-9,-13,-8,-15,-10,-17,-8,-15,-9,-16,-10,-16,-10,-16,-10,-15,-10,-20,-10,-15,-13,-16,-11,-11,-16,-15,-14,-14,-17,-13,-19,-14,-20,-13,-16,-15,-21,-14,-22,-14,-19,-9,-21,-15,-23,-11,-26,-8,-20,-7,-24,-5,-27,-8,-28,-3,-29,-5,-32,-5,-28,-4,-30,-5,-32,-3,-33,-5,-34,-7,-33,-2,-34,1,0,0,0,0,0,0,-1,35,1,36,3,27,3,33,2,39,1,30,5,38,7,29,5,35,7,29,7,28,10,30,10,29,14,30,9,27,14,26,16,28,15,26,14,22,17,29,16,21,19,24,17,16,19,21,21,20,21,19,24,20,22,19,22,20,26,17,27,17,26,13,27,21,22,16,26,15,21,13,28,13,24,15,28,10,28,16,26,16,22,15,23,17,24,16,23,14,23,16,17,15,23,13,15,10,20,13,17,11,19,11,17,11,19,14,14,13,13,13,11,13,0,0,0,0,0,0,0,0,0,0]"""
1782031944502,2026-06-21T17:52:24.502,safe,posture,mhw,standing_still,t017,"CSI_DATA,536188,1a:00:00:00:00:00,-44,11,-99,15,29,11,530283695,47,2,256,0,""[0,0,0,0,0,0,0,0,0,0,0,0,5,2,5,2,4,1,7,1,7,1,9,0,10,0,8,2,10,-1,8,1,11,0,11,0,11,-1,13,-1,15,1,13,-1,17,0,15,0,16,0,15,0,14,3,16,-1,16,2,20,-1,20,-2,19,-2,19,-2,22,-1,15,-3,21,-4,20,-4,24,-5,21,-3,20,-4,22,-4,22,-5,19,-7,20,-11,20,-10,17,-11,22,-10,16,-14,21,-16,20,-15,23,-20,21,-15,21,-19,23,-17,19,-19,20,-21,20,-27,16,-26,23,-26,21,-23,15,-29,20,-28,21,-28,0,0,0,0,0,0,-29,-19,-27,-16,-35,-19,-27,-19,-26,-14,-32,-17,-27,-13,-35,-15,-28,-10,-33,-16,-32,-14,-26,-11,-29,-9,-26,-9,-30,-7,-30,-3,-29,-2,-29,-2,-30,-7,-24,1,-30,2,-29,-1,-32,2,-30,0,-28,1,-29,2,-27,2,-28,8,-29,8,-27,7,-26,5,-30,5,-23,10,-29,11,-28,8,-34,11,-28,5,-27,9,-29,4,-27,7,-27,7,-27,10,-26,9,-23,8,-26,5,-22,8,-27,8,-24,3,-28,3,-21,1,-22,2,-19,-1,-21,1,-17,-1,-21,3,-19,1,-19,-1,0,0,0,0,0,0,0,0,0,0]"""
1782031944513,2026-06-21T17:52:24.513,safe,posture,mhw,standing_still,t017,"CSI_DATA,536189,1a:00:00:00:00:00,-44,11,-99,15,29,11,530294695,47,2,256,0,""[0,0,0,0,0,0,0,0,0,0,0,0,-3,-3,-3,-3,-3,-4,-3,-5,-4,-5,-5,-7,-5,-8,-3,-7,-8,-9,-3,-8,-8,-9,-8,-9,-8,-9,-9,-10,-8,-11,-7,-9,-9,-14,-10,-9,-11,-13,-10,-16,-11,-14,-9,-14,-8,-11,-13,-14,-13,-14,-13,-14,-11,-14,-13,-16,-11,-13,-16,-13,-13,-14,-17,-16,-16,-16,-15,-14,-16,-15,-16,-13,-15,-11,-22,-11,-20,-10,-17,-8,-21,-11,-21,-5,-24,-8,-23,-8,-29,-10,-24,-10,-26,-8,-26,-10,-24,-8,-28,-5,-34,-2,-29,-1,-30,-5,-33,-3,-33,-1,-35,-3,-34,-4,0,0,0,0,0,0,-2,35,-1,32,0,41,-2,34,-1,28,1,36,3,30,1,38,3,29,0,38,2,33,1,29,3,30,3,28,8,32,10,29,11,30,10,27,9,30,9,23,14,28,13,26,14,29,14,30,13,24,14,26,13,22,17,23,17,26,17,22,15,21,17,26,16,21,22,22,19,21,24,29,15,27,17,23,15,27,13,22,16,23,20,23,17,22,15,20,13,22,16,17,17,23,11,22,13,26,9,20,8,21,7,20,8,17,5,20,7,20,7,17,5,19,0,0,0,0,0,0,0,0,0,0]"""
1782031944523,2026-06-21T17:52:24.523,safe,posture,mhw,standing_still,t017,"CSI_DATA,536190,1a:00:00:00:00:00,-44,11,-99,15,29,11,530305695,47,2,256,0,""[0,0,0,0,0,0,0,0,0,0,0,0,-2,7,-2,4,-3,5,-2,7,-2,7,-3,7,-3,8,-4,8,-4,7,-4,9,-5,9,-5,8,-8,10,-7,9,-8,9,-10,11,-9,11,-11,10,-13,10,-10,10,-11,10,-13,9,-14,11,-14,13,-14,11,-16,9,-16,11,-15,11,-20,9,-16,9,-17,10,-17,10,-19,13,-19,9,-19,13,-17,11,-19,10,-20,13,-21,11,-19,14,-17,14,-21,11,-20,11,-21,17,-21,13,-23,17,-23,15,-21,17,-24,14,-24,17,-26,15,-24,15,-26,15,-28,16,-29,16,-27,16,-28,16,0,0,0,0,0,0,13,33,15,35,13,30,13,32,11,34,10,30,11,36,8,30,9,30,8,32,9,32,10,32,7,29,10,28,10,30,8,28,10,30,9,28,8,26,8,32,9,26,9,28,8,27,7,27,10,29,5,27,9,30,10,28,8,28,10,30,7,29,8,24,4,32,5,29,5,29,3,29,4,33,2,32,2,29,-1,28,0,28,-1,30,-3,29,-3,28,-2,24,-7,26,-8,23,-5,24,-9,20,-9,22,-10,17,-9,20,-13,15,-11,16,-13,16,-13,10,-14,11,0,0,0,0,0,0,0,0,0,0]"""
1782031944535,2026-06-21T17:52:24.535,safe,posture,mhw,standing_still,t017,"CSI_DATA,536191,1a:00:00:00:00:00,-44,11,-99,15,29,11,530317409,47,2,256,0,""[0,0,0,0,0,0,0,0,0,0,0,0,0,7,1,5,0,5,1,8,0,8,1,7,0,8,-1,9,-2,10,-1,10,-3,10,-3,11,-3,10,-4,14,-4,11,-7,13,-7,14,-8,14,-5,10,-5,14,-8,17,-8,15,-11,16,-10,13,-13,13,-11,15,-15,15,-13,15,-14,16,-11,15,-14,14,-13,11,-13,16,-14,14,-14,16,-15,17,-16,17,-16,15,-17,15,-16,20,-16,17,-19,19,-19,17,-16,20,-15,15,-16,22,-17,19,-17,23,-21,22,-22,21,-20,17,-26,20,-24,20,-24,20,-26,21,-23,17,-26,21,0,0,0,0,0,0,17,29,19,34,15,26,16,30,17,35,11,29,15,32,14,27,11,33,10,27,13,24,11,28,13,29,14,29,8,28,10,28,11,28,9,29,10,28,10,32,11,26,11,28,9,23,10,23,10,28,11,28,11,30,8,27,8,29,9,29,7,30,8,28,7,33,8,28,5,30,2,26,4,29,2,29,4,30,1,32,0,29,-3,28,-4,28,-5,28,-5,28,-8,27,-10,23,-8,23,-8,17,-7,21,-10,19,-9,20,-14,20,-14,15,-11,13,-14,10,-15,10,0,0,0,0,0,0,0,0,0,0]"""
1782031944545,2026-06-21T17:52:24.545,safe,posture,mhw,standing_still,t017,"CSI_DATA,536192,1a:00:00:00:00:00,-44,11,-99,15,29,11,530327695,47,2,256,0,""[0,0,0,0,0,0,0,0,0,0,0,0,-5,-1,-5,-2,-5,-2,-7,-1,-5,-2,-8,-3,-9,-3,-7,-3,-10,-5,-8,-4,-9,-5,-10,-3,-11,-4,-13,-4,-15,-7,-10,-5,-13,-5,-13,-5,-15,-8,-16,-8,-15,-5,-16,-9,-11,-7,-15,-8,-16,-8,-17,-8,-15,-9,-19,-13,-15,-7,-20,-9,-16,-9,-21,-10,-19,-10,-20,-9,-21,-9,-20,-8,-19,-7,-22,-5,-23,-4,-20,-5,-24,-8,-21,-1,-26,-3,-26,-4,-33,-5,-24,-7,-28,-2,-26,-7,-27,-5,-29,-3,-32,0,-30,0,-33,-3,-30,-3,-35,-2,-36,0,-34,-2,0,0,0,0,0,0,-5,35,-4,30,-2,40,-4,34,-3,29,-4,38,-2,28,-2,35,-1,30,-1,35,-2,33,-3,28,0,33,-1,27,0,32,2,32,4,30,2,28,1,34,3,26,5,32,4,27,5,32,2,29,3,27,5,30,3,27,10,28,8,29,10,28,8,28,7,32,9,24,10,29,7,27,9,35,4,29,7,28,3,32,4,28,3,27,5,29,5,28,3,24,0,27,3,23,2,26,-1,23,-1,28,-4,22,-3,23,-4,19,-2,20,-4,21,-7,17,-4,19,-7,19,0,0,0,0,0,0,0,0,0,0]"""
1782031944557,2026-06-21T17:52:24.557,safe,posture,mhw,standing_still,t017,"CSI_DATA,536193,1a:00:00:00:00:00,-44,11,-99,16,29,11,530338695,47,2,256,0,""[0,0,0,0,0,0,0,0,0,0,0,0,-3,5,-1,6,-3,6,-3,5,-4,8,-4,5,-3,6,-5,8,-6,8,-6,8,-5,8,-8,9,-8,9,-10,9,-10,9,-10,9,-9,11,-12,10,-10,11,-11,10,-12,12,-11,11,-13,11,-13,10,-13,11,-13,11,-16,10,-15,12,-16,12,-13,13,-15,12,-13,13,-13,13,-13,15,-16,18,-15,16,-15,17,-16,16,-16,16,-17,19,-16,19,-16,20,-17,20,-17,21,-13,19,-11,21,-13,23,-12,25,-13,27,-16,27,-16,24,-16,27,-18,28,-18,27,-19,30,-18,27,-16,30,0,0,0,0,0,0,30,20,31,20,26,17,30,20,31,20,26,21,28,16,27,19,26,18,24,17,26,15,25,16,28,15,27,15,23,17,25,17,26,13,27,13,26,16,26,11,26,11,28,12,24,9,25,9,26,10,30,9,26,10,26,11,27,11,26,10,27,13,28,12,28,10,27,9,27,11,26,10,30,9,27,10,27,11,28,11,26,13,24,16,24,15,23,16,21,15,21,16,19,15,19,17,17,13,16,13,17,16,16,15,16,13,12,17,8,17,9,17,6,17,0,0,0,0,0,0,0,0,0,0]"""
1782031944568,2026-06-21T17:52:24.568,safe,posture,mhw,standing_still,t017,"CSI_DATA,536194,1a:00:00:00:00:00,-44,11,-99,15,29,11,530349695,47,2,256,0,""[0,0,0,0,0,0,0,0,0,0,0,0,-1,5,0,5,0,8,1,7,0,8,-1,8,2,8,0,7,1,9,1,10,0,11,0,13,2,10,-1,14,-1,13,1,14,2,15,0,17,1,14,0,14,0,16,3,17,3,20,1,17,2,20,3,17,2,21,5,21,4,21,4,19,4,20,5,16,8,17,8,19,13,17,13,19,11,20,9,19,13,20,15,21,15,19,17,20,15,19,19,17,16,16,21,14,21,16,24,14,27,16,27,17,21,16,26,17,27,17,29,15,26,16,30,14,32,11,0,0,0,0,0,0,13,-35,14,-36,11,-29,9,-32,10,-36,13,-30,11,-34,9,-30,8,-33,5,-28,3,-30,3,-32,1,-32,0,-34,3,-29,1,-30,-1,-30,0,-32,-3,-30,-3,-30,-7,-27,-4,-30,-5,-23,-9,-24,-10,-26,-11,-29,-13,-28,-10,-26,-11,-29,-14,-27,-13,-27,-15,-27,-15,-28,-14,-26,-15,-27,-14,-22,-16,-23,-15,-22,-19,-24,-16,-27,-17,-26,-10,-23,-14,-24,-13,-26,-13,-23,-14,-22,-9,-21,-14,-22,-10,-20,-11,-20,-10,-19,-10,-17,-10,-19,-9,-19,-4,-15,-4,-19,-3,-19,0,0,0,0,0,0,0,0,0,0]"""
1782031944579,2026-06-21T17:52:24.579,safe,posture,mhw,standing_still,t017,"CSI_DATA,536195,1a:00:00:00:00:00,-44,11,-99,19,28,11,530360695,47,2,256,0,""[0,0,0,0,0,0,0,0,0,0,0,0,-5,2,-7,0,-4,0,-8,1,-8,2,-8,1,-10,0,-7,2,-9,1,-8,1,-11,0,-11,1,-11,1,-13,1,-15,-1,-11,0,-16,0,-13,0,-17,0,-20,-2,-17,-3,-16,-3,-14,-3,-19,-3,-19,-2,-17,-3,-17,-4,-21,-5,-15,-3,-21,-2,-17,-4,-24,-3,-21,-7,-20,-5,-22,-5,-21,-4,-17,-3,-23,-2,-23,-2,-20,-3,-23,-4,-21,2,-27,0,-23,-3,-32,-2,-23,-4,-28,-2,-28,-5,-26,-1,-30,-3,-32,-1,-29,1,-33,-4,-32,-4,-34,-1,-36,-3,-34,-5,0,0,0,0,0,0,-9,36,-7,29,-8,39,-8,34,-5,28,-10,38,-5,27,-10,36,-7,27,-11,35,-10,32,-9,27,-8,32,-9,24,-9,32,-7,30,-7,30,-4,27,-9,32,-2,24,-3,32,-5,27,-3,34,-5,32,-8,28,-5,29,-7,24,-2,30,-4,30,-3,29,-4,27,-8,33,-2,24,-4,33,-5,28,-10,35,-10,27,-10,28,-11,28,-10,26,-10,23,-10,27,-10,27,-10,22,-15,23,-9,22,-15,23,-16,19,-19,22,-15,11,-16,15,-17,11,-16,10,-16,9,-17,11,-15,10,-16,7,0,0,0,0,0,0,0,0,0,0]"""
1782031944590,2026-06-21T17:52:24.590,safe,posture,mhw,standing_still,t017,"CSI_DATA,536196,1a:00:00:00:00:00,-44,11,-99,19,28,11,530371695,47,2,256,0,""[0,0,0,0,0,0,0,0,0,0,0,0,-3,5,-4,4,-4,3,-4,5,-3,5,-5,5,-7,7,-5,4,-7,7,-7,5,-7,8,-9,8,-8,10,-7,9,-10,9,-10,9,-9,11,-8,9,-14,13,-11,11,-11,8,-10,11,-14,9,-13,14,-14,14,-14,11,-11,14,-14,14,-10,14,-13,17,-13,16,-14,20,-14,17,-14,16,-13,17,-11,16,-9,17,-7,23,-10,22,-8,20,-9,21,-5,22,-5,24,-5,23,-8,30,-9,27,-7,28,-7,28,-5,24,-4,28,-3,33,-1,28,-2,34,-5,32,-1,34,-1,34,-2,36,0,0,0,0,0,0,35,1,32,-1,42,-1,35,0,28,0,36,-2,32,-2,36,-2,29,-4,36,-2,34,-2,30,-1,30,-3,28,-3,32,-7,28,-7,29,-10,26,-9,28,-10,24,-10,28,-14,24,-14,28,-15,28,-11,24,-11,26,-13,23,-13,22,-19,24,-15,26,-17,22,-16,26,-16,19,-16,24,-21,21,-20,32,-24,26,-16,24,-15,26,-16,23,-13,22,-15,23,-20,24,-16,22,-14,22,-15,20,-14,22,-14,19,-13,26,-13,20,-9,20,-9,21,-3,17,-5,17,-5,20,-5,19,-4,19,-3,0,0,0,0,0,0,0,0,0,0]"""
1782031944604,2026-06-21T17:52:24.604,safe,posture,mhw,standing_still,t017,"CSI_DATA,536197,1a:00:00:00:00:00,-44,11,-99,17,29,11,530382719,47,2,256,0,""[0,0,0,0,0,0,0,0,0,0,0,0,5,-3,7,-4,4,-2,6,-3,5,-3,7,-5,8,-5,8,-3,7,-5,7,-3,11,-5,11,-5,12,-5,10,-6,13,-6,11,-6,14,-8,12,-6,15,-8,16,-8,13,-6,15,-7,15,-6,16,-10,16,-8,16,-10,15,-7,20,-10,14,-10,17,-12,15,-10,22,-13,17,-10,19,-12,19,-12,15,-12,14,-13,15,-16,15,-15,13,-15,17,-16,11,-19,15,-23,15,-21,19,-25,16,-17,15,-21,17,-21,13,-21,17,-24,13,-31,11,-25,17,-28,16,-26,11,-32,15,-31,12,-30,0,0,0,0,0,0,-32,-17,-28,-13,-38,-16,-30,-15,-26,-11,-32,-13,-30,-11,-32,-12,-28,-11,-33,-14,-30,-14,-25,-13,-29,-10,-25,-11,-32,-8,-30,-6,-30,-6,-26,-5,-29,-6,-25,0,-31,1,-29,-1,-32,-2,-30,-4,-26,-2,-30,-2,-25,-1,-30,3,-29,2,-26,2,-26,2,-31,0,-25,4,-30,6,-30,3,-37,3,-31,-2,-30,0,-31,-2,-26,-1,-26,0,-30,2,-25,1,-24,1,-25,-2,-24,2,-26,-1,-24,-3,-30,-4,-21,-5,-22,-6,-17,-7,-19,-5,-17,-7,-19,-5,-16,-6,-16,-6,0,0,0,0,0,0,0,0,0,0]"""
1782031944611,2026-06-21T17:52:24.611,safe,posture,mhw,standing_still,t017,"CSI_DATA,536198,1a:00:00:00:00:00,-44,11,-99,19,28,11,530393695,47,2,256,0,""[0,0,0,0,0,0,0,0,0,0,0,0,-4,-4,-5,-3,-4,-2,-5,-4,-5,-3,-5,-5,-8,-7,-5,-7,-8,-7,-7,-7,-9,-8,-9,-9,-9,-9,-10,-8,-11,-9,-9,-8,-11,-9,-13,-8,-14,-10,-11,-15,-10,-13,-11,-11,-10,-11,-15,-11,-15,-13,-14,-11,-11,-13,-14,-14,-13,-11,-16,-10,-13,-11,-19,-15,-15,-14,-16,-14,-16,-15,-16,-13,-15,-11,-21,-10,-19,-11,-19,-8,-20,-10,-21,-8,-24,-8,-24,-8,-29,-11,-24,-11,-26,-10,-22,-13,-23,-8,-28,-9,-33,-8,-28,-8,-29,-9,-33,-10,-35,-5,-35,-11,-34,-7,0,0,0,0,0,0,-10,35,-7,32,-9,40,-9,33,-8,29,-7,35,-5,29,-7,36,-3,30,-8,34,-8,34,-5,29,-5,29,-4,28,-2,33,-2,30,-1,33,0,27,-2,30,0,26,2,30,2,28,1,34,1,32,2,29,0,30,0,27,5,29,5,30,4,28,3,27,3,32,5,27,7,29,5,29,5,38,1,30,3,29,0,30,1,26,1,27,3,30,0,28,2,24,0,27,2,24,0,27,0,26,-3,29,-5,23,-4,23,-5,20,-5,19,-5,16,-7,21,-4,16,-7,15,0,0,0,0,0,0,0,0,0,0]"""
1782031944623,2026-06-21T17:52:24.623,safe,posture,mhw,standing_still,t017,"CSI_DATA,536199,1a:00:00:00:00:00,-44,11,-99,15,29,11,530404695,47,2,256,0,""[0,0,0,0,0,0,0,0,0,0,0,0,0,-5,0,-3,-3,-7,-2,-5,-1,-8,-3,-7,-1,-5,-4,-9,-3,-8,-5,-10,-3,-7,-5,-9,-4,-10,-5,-13,-4,-13,-7,-14,-5,-11,-8,-16,-8,-10,-8,-13,-11,-16,-8,-15,-13,-15,-9,-13,-9,-15,-11,-14,-11,-17,-13,-15,-14,-17,-11,-14,-14,-15,-14,-11,-16,-13,-15,-13,-19,-10,-20,-10,-22,-11,-19,-11,-21,-10,-24,-9,-21,-7,-26,-9,-23,-8,-27,-5,-20,-4,-27,-2,-26,-3,-27,2,-30,-1,-30,0,-28,-1,-33,0,-33,2,-34,3,-33,2,-33,5,-33,9,0,0,0,0,0,0,8,33,10,36,9,27,11,32,14,36,9,28,15,34,11,27,16,33,15,24,14,24,20,26,20,27,22,26,17,24,20,21,23,21,23,21,21,17,23,21,23,15,26,17,21,10,24,14,27,10,28,11,30,11,26,9,29,9,30,5,33,9,29,3,33,10,29,5,28,5,23,3,29,2,29,3,29,1,30,3,30,3,26,4,27,3,29,4,26,3,28,4,22,5,27,1,19,1,24,2,22,3,23,1,21,4,21,4,16,4,16,4,15,7,0,0,0,0,0,0,0,0,0,0]"""
1782031944634,2026-06-21T17:52:24.634,safe,posture,mhw,standing_still,t017,"CSI_DATA,536200,1a:00:00:00:00:00,-44,11,-99,19,28,11,530416938,47,2,256,0,""[0,0,0,0,0,0,0,0,0,0,0,0,-5,1,-7,1,-5,3,-7,2,-7,3,-7,3,-7,3,-9,4,-10,4,-11,3,-10,2,-10,4,-11,3,-14,3,-13,2,-14,3,-15,4,-15,2,-15,3,-16,2,-17,2,-19,3,-17,2,-17,0,-17,1,-19,1,-21,0,-22,1,-19,3,-20,3,-19,-1,-20,3,-17,3,-19,4,-21,4,-23,7,-21,5,-21,4,-21,5,-23,4,-23,4,-24,9,-24,7,-26,5,-26,9,-22,8,-26,11,-26,10,-27,15,-28,11,-28,9,-32,10,-34,10,-30,13,-32,11,-32,14,-32,14,0,0,0,0,0,0,10,33,10,34,9,33,8,33,9,35,7,35,8,30,9,34,8,30,10,30,11,27,10,29,14,30,10,29,7,29,10,29,11,29,8,29,10,32,13,27,14,26,10,28,11,26,14,24,14,27,16,26,14,26,11,26,14,28,15,26,11,27,14,29,14,26,14,27,10,27,14,27,11,24,15,27,14,28,13,29,10,28,5,28,8,28,7,27,4,28,7,24,5,26,1,26,3,24,2,21,1,22,-1,22,1,22,-3,21,-3,16,-5,19,-7,17,0,0,0,0,0,0,0,0,0,0]"""
1782031944646,2026-06-21T17:52:24.646,safe,posture,mhw,standing_still,t017,"CSI_DATA,536201,1a:00:00:00:00:00,-44,11,-99,19,28,11,530426695,47,2,256,0,""[0,0,0,0,0,0,0,0,0,0,0,0,-5,-3,-4,-4,-4,-3,-4,-4,-4,-5,-4,-4,-4,-4,-7,-7,-7,-8,-8,-9,-5,-10,-8,-9,-8,-9,-5,-11,-7,-13,-7,-14,-8,-13,-5,-13,-4,-11,-9,-14,-9,-15,-8,-17,-9,-16,-4,-16,-7,-20,-7,-17,-5,-20,-7,-19,-7,-20,-7,-16,-5,-19,-7,-16,-8,-20,-8,-17,-13,-20,-11,-21,-9,-20,-7,-19,-10,-22,-11,-23,-10,-21,-11,-23,-11,-22,-14,-22,-10,-19,-14,-23,-15,-23,-19,-23,-17,-24,-16,-26,-14,-23,-16,-28,-15,-29,-16,-27,-15,-30,-17,-29,-16,-27,0,0,0,0,0,0,-32,15,-35,16,-24,13,-32,14,-34,16,-29,10,-35,13,-28,13,-32,13,-27,13,-26,13,-28,14,-29,17,-29,16,-28,9,-29,14,-27,16,-28,13,-29,14,-26,14,-23,16,-28,15,-21,13,-22,15,-24,16,-27,17,-27,19,-22,13,-26,15,-23,19,-28,16,-24,19,-29,15,-26,16,-27,14,-22,11,-24,15,-24,14,-27,16,-29,14,-29,11,-26,5,-28,8,-29,8,-27,4,-27,3,-23,1,-26,3,-21,1,-22,2,-21,0,-22,0,-22,0,-23,-3,-16,-5,-17,-7,-16,-8,0,0,0,0,0,0,0,0,0,0]"""
1782031944658,2026-06-21T17:52:24.658,safe,posture,mhw,standing_still,t017,"CSI_DATA,536202,1a:00:00:00:00:00,-44,11,-99,20,28,11,530438922,47,2,256,0,""[0,0,0,0,0,0,0,0,0,0,0,0,1,-6,2,-5,1,-8,3,-6,3,-9,2,-6,1,-5,2,-9,3,-9,3,-11,4,-9,5,-10,4,-11,5,-11,6,-11,10,-12,8,-12,10,-13,10,-12,6,-13,5,-11,11,-16,11,-15,11,-11,12,-15,12,-15,13,-15,13,-15,15,-15,13,-13,15,-15,11,-13,11,-16,16,-16,12,-19,15,-19,15,-18,15,-16,16,-18,16,-18,16,-19,17,-19,16,-18,17,-21,12,-18,13,-20,16,-23,12,-24,17,-25,18,-26,18,-21,20,-25,21,-25,20,-26,21,-27,21,-25,19,-28,0,0,0,0,0,0,-24,-25,-26,-27,-23,-21,-25,-25,-26,-28,-18,-26,-24,-26,-21,-25,-21,-25,-19,-21,-19,-21,-21,-23,-24,-23,-25,-24,-16,-23,-19,-24,-21,-21,-20,-26,-20,-24,-23,-23,-23,-19,-21,-23,-19,-17,-19,-16,-21,-18,-24,-20,-23,-23,-17,-19,-20,-24,-21,-21,-20,-23,-21,-21,-21,-24,-19,-21,-19,-24,-16,-19,-18,-21,-19,-23,-20,-24,-18,-25,-16,-26,-11,-26,-11,-27,-11,-27,-9,-26,-9,-27,-6,-23,-6,-25,-5,-20,-6,-20,-2,-20,-4,-20,-1,-23,1,-21,4,-19,5,-20,5,-18,0,0,0,0,0,0,0,0,0,0]"""
1782031944667,2026-06-21T17:52:24.667,safe,posture,mhw,standing_still,t017,"CSI_DATA,536203,1a:00:00:00:00:00,-44,11,-99,16,29,11,530449966,47,2,256,0,""[0,0,0,0,0,0,0,0,0,0,0,0,2,5,1,6,2,5,4,6,2,6,2,8,3,9,1,9,2,10,1,11,2,11,1,11,1,11,1,12,0,13,1,12,1,16,1,16,-1,18,-3,16,-5,13,-2,18,-5,15,-3,18,-4,19,-3,18,-3,18,-5,19,-4,17,-3,20,-4,19,-5,23,-8,19,-5,20,-8,21,-8,19,-4,19,-3,24,-3,20,-3,21,-6,23,0,24,-2,25,-4,26,-6,33,-9,24,-6,27,-9,27,-4,27,-10,30,-8,32,-5,28,-9,32,-12,30,-5,33,-11,34,-9,32,0,0,0,0,0,0,33,12,30,13,36,15,31,15,26,13,31,16,27,12,33,16,28,12,28,19,27,17,24,17,27,16,24,18,27,15,26,13,27,15,24,12,26,16,23,11,27,12,25,11,28,15,26,17,21,17,25,15,21,17,28,13,25,16,26,15,21,13,26,18,25,12,27,15,24,16,28,21,21,21,23,19,19,23,17,21,17,21,23,21,18,20,16,18,11,23,15,18,13,21,11,21,11,27,3,21,4,24,1,21,2,19,1,18,2,23,1,18,-1,18,0,0,0,0,0,0,0,0,0,0]"""
1782031944677,2026-06-21T17:52:24.677,safe,posture,mhw,standing_still,t017,"CSI_DATA,536204,1a:00:00:00:00:00,-44,11,-99,19,28,11,530459695,47,2,256,0,""[0,0,0,0,0,0,0,0,0,0,0,0,-4,-1,-7,-1,-5,0,-7,-2,-7,-1,-8,-1,-9,0,-8,0,-9,1,-8,-3,-11,-1,-13,-1,-11,0,-11,-1,-15,-4,-11,-1,-16,-1,-14,-2,-15,-2,-16,-4,-17,-7,-17,-1,-17,-3,-19,-3,-20,-3,-20,-2,-17,-3,-22,-4,-17,-1,-21,-1,-17,-3,-23,0,-21,-4,-22,-2,-22,-1,-22,-1,-20,2,-22,2,-22,2,-22,2,-26,1,-21,8,-24,8,-26,5,-30,8,-26,4,-27,8,-28,5,-27,9,-27,9,-29,13,-29,14,-33,13,-29,11,-30,15,-33,16,-32,11,0,0,0,0,0,0,10,35,11,29,16,34,13,33,11,28,13,35,13,27,16,35,11,28,16,33,14,29,11,27,17,28,13,24,16,26,20,23,19,24,17,22,19,28,19,19,22,23,17,23,22,24,20,23,19,21,21,22,19,19,23,20,23,19,23,19,21,17,24,23,22,16,26,17,20,19,30,23,20,21,22,17,22,22,19,20,21,19,22,19,21,17,19,17,17,21,19,16,20,21,15,20,16,24,11,20,13,20,8,19,11,19,8,19,10,16,9,17,7,17,0,0,0,0,0,0,0,0,0,0]"""
1782031944689,2026-06-21T17:52:24.689,safe,posture,mhw,standing_still,t017,"CSI_DATA,536205,1a:00:00:00:00:00,-44,11,-99,15,29,11,530471010,47,2,256,0,""[0,0,0,0,0,0,0,0,0,0,0,0,2,-5,2,-5,2,-5,1,-7,2,-8,2,-7,0,-8,1,-9,3,-9,1,-10,1,-8,1,-10,2,-11,2,-13,2,-11,1,-16,1,-14,0,-16,0,-14,1,-16,-1,-21,0,-16,-2,-20,-2,-17,0,-16,0,-19,-1,-21,-3,-19,-4,-21,-5,-17,-5,-21,-5,-16,-8,-20,-5,-20,-10,-20,-10,-20,-11,-21,-11,-19,-13,-20,-16,-20,-14,-15,-19,-21,-16,-19,-20,-17,-16,-14,-24,-15,-22,-17,-24,-13,-28,-15,-26,-15,-24,-14,-28,-14,-29,-13,-30,-15,-32,-13,-28,-13,-34,-8,0,0,0,0,0,0,-5,33,-7,38,-2,30,-3,36,-3,40,-1,32,-1,36,0,33,1,35,2,30,2,30,5,32,5,32,9,34,7,29,9,28,11,29,11,27,10,26,15,30,14,23,17,26,15,20,17,22,19,23,20,21,22,23,21,20,21,22,26,19,26,20,24,15,26,22,23,17,26,15,22,14,28,14,24,16,28,13,26,15,26,14,23,14,23,15,24,13,23,11,23,15,19,14,24,11,17,8,23,10,20,10,20,10,17,13,20,10,15,11,14,11,13,11,0,0,0,0,0,0,0,0,0,0]"""
1782031944699,2026-06-21T17:52:24.699,safe,posture,mhw,standing_still,t017,"CSI_DATA,536206,1a:00:00:00:00:00,-44,11,-99,19,28,11,530481695,47,2,256,0,""[0,0,0,0,0,0,0,0,0,0,0,0,3,2,3,3,7,3,5,2,5,3,5,3,7,4,7,4,8,3,10,5,8,7,8,5,9,4,11,9,9,8,13,11,11,8,11,13,11,10,10,8,10,11,13,10,15,11,13,13,11,13,13,14,15,14,13,13,16,14,13,14,15,15,13,10,17,11,15,14,17,13,20,14,19,15,19,15,20,14,22,14,21,11,24,16,19,14,22,11,19,9,27,10,24,13,26,10,28,15,27,13,23,14,28,15,27,15,30,16,30,17,28,13,33,13,0,0,0,0,0,0,15,-29,19,-36,14,-28,16,-28,20,-35,15,-23,19,-34,15,-28,19,-30,14,-23,14,-26,13,-29,14,-28,11,-33,11,-28,10,-28,9,-30,11,-28,9,-27,11,-30,7,-27,9,-32,5,-23,7,-26,8,-30,8,-28,7,-32,5,-28,7,-29,4,-30,5,-33,5,-28,10,-33,8,-28,7,-30,7,-24,7,-32,9,-29,7,-28,10,-28,9,-28,11,-26,13,-26,14,-28,10,-23,15,-26,14,-19,13,-22,10,-14,11,-20,11,-16,13,-19,15,-16,15,-15,13,-14,14,-10,15,-10,0,0,0,0,0,0,0,0,0,0]"""
1782031944712,2026-06-21T17:52:24.712,safe,posture,mhw,standing_still,t017,"CSI_DATA,536207,1a:00:00:00:00:00,-44,11,-99,19,28,11,530492695,47,2,256,0,""[0,0,0,0,0,0,0,0,0,0,0,0,-4,-2,-3,-3,-4,-3,-5,-4,-5,-5,-4,-7,-8,-8,-7,-7,-5,-7,-5,-8,-5,-9,-7,-10,-7,-9,-7,-10,-4,-8,-7,-11,-8,-14,-7,-14,-8,-14,-8,-14,-9,-13,-5,-14,-5,-16,-8,-17,-7,-15,-8,-19,-7,-16,-8,-17,-5,-20,-8,-19,-8,-19,-7,-20,-9,-21,-8,-20,-9,-20,-10,-19,-10,-20,-13,-21,-10,-20,-11,-20,-11,-17,-13,-22,-13,-22,-15,-20,-14,-22,-17,-24,-15,-23,-17,-21,-14,-22,-16,-23,-19,-26,-15,-26,-17,-27,-19,-30,-19,-26,-17,-26,-21,-27,0,0,0,0,0,0,-29,16,-29,19,-30,20,-28,19,-27,17,-29,17,-30,16,-29,17,-28,20,-30,16,-27,19,-26,17,-27,17,-26,16,-26,17,-24,17,-26,19,-24,17,-23,17,-26,19,-22,20,-22,21,-22,19,-24,20,-23,20,-21,17,-22,22,-22,21,-22,19,-22,21,-22,19,-20,21,-26,19,-23,21,-22,19,-24,19,-24,22,-26,16,-23,17,-24,14,-24,15,-26,15,-26,13,-23,14,-23,11,-24,9,-24,8,-23,9,-22,5,-23,7,-23,4,-21,4,-19,0,-21,1,-22,0,-17,-1,-17,-3,0,0,0,0,0,0,0,0,0,0]"""
1782031944720,2026-06-21T17:52:24.720,safe,posture,mhw,standing_still,t017,"CSI_DATA,536208,1a:00:00:00:00:00,-44,11,-99,19,28,11,530503695,47,2,256,0,""[0,0,0,0,0,0,0,0,0,0,0,0,1,5,1,5,-1,7,0,7,0,7,-1,9,0,9,-1,9,-1,9,0,8,-1,11,-1,13,-2,13,-2,13,-3,13,-3,14,-3,15,-2,16,-3,15,-5,17,-5,19,-7,14,-5,16,-5,17,-5,17,-7,20,-7,17,-5,17,-9,19,-8,19,-7,20,-9,20,-8,20,-8,20,-7,20,-9,20,-8,21,-8,23,-7,21,-7,23,-7,23,-5,23,-8,24,-5,27,-8,27,-7,27,-9,27,-5,27,-7,27,-8,28,-7,30,-8,30,-8,29,-11,33,-9,34,-9,32,-10,32,0,0,0,0,0,0,32,14,33,13,34,9,34,13,32,10,30,13,32,13,32,13,30,11,30,15,30,14,28,10,27,13,29,10,30,11,27,10,30,9,29,10,27,9,28,10,29,8,29,8,30,9,29,10,30,8,27,10,28,8,29,5,29,7,29,8,29,9,28,8,27,10,29,10,28,9,29,13,30,13,26,13,28,13,24,15,24,14,26,15,23,17,22,16,22,15,21,17,20,19,19,14,15,17,15,17,13,19,14,19,10,16,11,17,10,20,5,17,5,16,0,0,0,0,0,0,0,0,0,0]"""
1782031944734,2026-06-21T17:52:24.734,safe,posture,mhw,standing_still,t017,"CSI_DATA,536209,1a:00:00:00:00:00,-43,11,-99,19,28,11,530514695,47,2,256,0,""[0,0,0,0,0,0,0,0,0,0,0,0,-1,-3,-3,-7,-2,-4,-2,-5,-4,-4,-2,-8,-1,-9,-2,-7,-2,-8,-2,-8,-4,-10,-3,-13,-3,-13,-3,-10,-2,-15,0,-10,-3,-15,-2,-14,-2,-17,2,-20,2,-17,2,-15,1,-16,0,-19,1,-19,0,-19,1,-19,1,-21,2,-17,0,-21,2,-19,3,-26,4,-22,2,-20,3,-22,3,-20,2,-20,-1,-24,1,-22,0,-19,2,-23,-3,-22,0,-26,0,-26,2,-34,4,-24,1,-28,4,-27,1,-24,3,-28,-1,-33,-2,-29,2,-30,2,-32,0,-32,4,-38,4,-35,0,0,0,0,0,0,-33,-5,-30,-4,-39,-7,-34,-9,-28,-5,-36,-7,-28,-7,-38,-8,-28,-5,-36,-11,-34,-10,-28,-10,-29,-9,-27,-8,-33,-7,-32,-5,-32,-4,-27,-5,-29,-7,-26,-3,-32,-4,-27,-4,-34,-4,-32,-9,-28,-9,-27,-7,-27,-7,-32,-2,-30,-5,-30,-4,-27,-5,-30,-9,-24,-5,-30,-5,-29,-8,-34,-11,-27,-14,-27,-14,-27,-16,-23,-16,-22,-14,-28,-13,-23,-13,-21,-13,-20,-16,-20,-13,-21,-16,-16,-15,-19,-23,-10,-20,-13,-17,-10,-20,-8,-16,-10,-19,-9,-20,-7,-16,-4,-17,0,0,0,0,0,0,0,0,0,0]"""
1782031944745,2026-06-21T17:52:24.745,safe,posture,mhw,standing_still,t017,"CSI_DATA,536210,1a:00:00:00:00:00,-44,11,-99,15,29,11,530525695,47,2,256,0,""[0,0,0,0,0,0,0,0,0,0,0,0,-4,-4,-4,-3,-3,-5,-3,-5,-4,-4,-4,-5,-4,-4,-5,-7,-4,-7,-5,-9,-5,-9,-5,-10,-5,-9,-5,-14,-4,-9,-4,-17,-4,-14,-3,-15,-4,-13,-3,-16,-5,-17,-2,-17,-5,-19,-3,-16,-2,-17,-3,-20,-2,-19,-2,-17,0,-22,0,-20,-2,-20,-1,-20,-2,-21,-1,-22,-2,-21,-2,-22,-1,-22,0,-21,-1,-23,-3,-24,-3,-24,-1,-27,0,-24,-4,-24,-2,-21,-3,-29,-1,-27,-7,-28,0,-30,-2,-28,0,-29,1,-32,0,-33,1,-34,1,-30,0,-29,1,-34,0,0,0,0,0,0,-35,-4,-38,-4,-32,-3,-34,-5,-38,-4,-30,-8,-38,-8,-33,-8,-33,-9,-29,-9,-29,-7,-32,-8,-29,-8,-33,-4,-29,-8,-29,-5,-29,-7,-30,-5,-28,-5,-32,-9,-28,-7,-29,-7,-27,-8,-28,-7,-29,-8,-28,-7,-32,-8,-29,-7,-29,-8,-30,-7,-29,-8,-28,-7,-32,-14,-27,-10,-27,-10,-26,-11,-29,-10,-26,-14,-27,-11,-24,-16,-23,-16,-23,-17,-22,-20,-22,-20,-21,-17,-19,-21,-16,-21,-17,-19,-10,-16,-15,-21,-11,-20,-11,-20,-7,-19,-7,-21,-4,-17,-3,-16,-1,-20,0,0,0,0,0,0,0,0,0,0]"""
1782031944754,2026-06-21T17:52:24.754,safe,posture,mhw,standing_still,t017,"CSI_DATA,536211,1a:00:00:00:00:00,-44,11,-99,15,29,11,530536695,47,2,256,0,""[0,0,0,0,0,0,0,0,0,0,0,0,4,-2,5,-2,5,-2,7,-3,8,-1,8,-2,8,-1,10,0,10,-2,8,-1,10,-2,13,-3,13,-1,13,-1,15,1,13,0,15,1,14,1,17,2,17,1,14,1,20,2,15,4,16,4,17,5,16,5,19,7,20,8,16,4,20,5,20,8,22,8,20,11,19,8,21,9,21,9,20,8,21,7,21,7,22,7,23,11,22,4,26,8,24,10,29,13,22,10,27,10,24,14,24,10,27,13,30,13,28,13,33,15,27,16,30,15,32,19,29,19,0,0,0,0,0,0,26,-27,20,-24,24,-28,24,-24,21,-23,28,-26,19,-21,27,-24,21,-21,24,-23,26,-21,23,-15,24,-21,23,-17,24,-20,23,-20,23,-22,22,-20,27,-20,19,-17,24,-21,23,-19,23,-20,23,-16,23,-14,23,-19,22,-15,22,-19,26,-20,23,-17,23,-14,29,-16,21,-15,24,-17,26,-13,30,-17,28,-10,28,-13,29,-7,29,-8,26,-8,28,-7,27,-5,26,-4,29,-2,24,-4,27,-1,24,1,28,3,21,4,22,3,20,8,20,7,16,9,20,8,15,9,16,11,0,0,0,0,0,0,0,0,0,0]"""
1782031944765,2026-06-21T17:52:24.765,safe,posture,mhw,standing_still,t017,"CSI_DATA,536212,1a:00:00:00:00:00,-43,11,-99,16,29,11,530547695,47,2,256,0,""[0,0,0,0,0,0,0,0,0,0,0,0,3,-4,2,-4,3,-5,3,-5,2,-6,4,-4,4,-5,5,-6,6,-6,6,-8,8,-9,8,-9,10,-9,11,-8,10,-6,13,-6,12,-8,15,-8,15,-6,12,-5,15,-4,15,-5,19,-6,17,-6,17,-4,19,-5,19,-3,18,-5,21,-2,20,-4,19,-3,20,-2,20,-4,20,-2,20,-3,21,-2,21,-2,23,-3,23,-2,24,-2,24,-4,26,-3,25,-2,26,-3,25,0,28,-3,27,-1,28,-1,28,-1,31,-1,31,0,30,2,33,2,34,4,34,3,34,4,34,4,0,0,0,0,0,0,8,-32,6,-35,8,-33,11,-33,15,-33,12,-32,13,-33,11,-30,13,-31,16,-31,13,-28,13,-31,13,-27,12,-28,13,-27,12,-25,12,-27,12,-26,12,-25,17,-27,13,-26,15,-26,15,-23,16,-26,16,-27,17,-21,17,-25,15,-27,18,-24,17,-24,17,-25,17,-24,21,-25,20,-23,20,-21,24,-20,23,-23,24,-18,24,-20,25,-15,24,-15,25,-15,27,-12,24,-11,24,-12,26,-9,25,-4,24,-6,23,-1,24,-2,21,0,20,0,20,2,21,3,19,3,18,5,17,8,0,0,0,0,0,0,0,0,0,0]"""
1782031944778,2026-06-21T17:52:24.778,safe,posture,mhw,standing_still,t017,"CSI_DATA,536213,1a:00:00:00:00:00,-44,11,-99,14,29,11,530558695,47,2,256,0,""[0,0,0,0,0,0,0,0,0,0,0,0,-2,-3,-4,-4,-2,-6,-3,-6,-3,-6,-4,-7,-3,-8,-3,-9,-2,-8,-3,-9,-6,-8,-6,-11,-6,-11,-6,-12,-6,-12,-3,-13,-6,-15,-3,-13,-3,-17,-6,-15,-6,-15,-2,-17,-6,-17,-6,-18,-6,-17,-6,-18,-3,-19,-6,-19,-2,-19,-4,-20,-4,-19,-4,-22,-6,-22,-6,-20,-8,-20,-7,-20,-7,-19,-11,-20,-7,-20,-8,-22,-9,-22,-11,-22,-11,-24,-12,-22,-11,-25,-12,-24,-13,-25,-14,-22,-12,-24,-13,-26,-17,-28,-15,-25,-14,-29,-15,-30,-18,-29,-17,-30,-15,-31,0,0,0,0,0,0,-31,15,-30,15,-31,18,-31,15,-29,13,-33,14,-30,13,-33,14,-28,15,-31,13,-29,13,-26,15,-29,13,-25,15,-26,15,-25,17,-25,19,-24,15,-25,17,-24,15,-25,18,-24,18,-25,18,-26,18,-22,18,-23,17,-22,20,-23,22,-22,20,-23,22,-22,19,-23,19,-24,17,-25,19,-23,19,-26,19,-26,18,-24,17,-24,18,-25,14,-23,14,-24,14,-25,13,-24,13,-24,11,-25,9,-25,8,-24,8,-24,7,-24,6,-22,4,-22,3,-22,1,-20,0,-20,1,-18,-1,-19,-3,0,0,0,0,0,0,0,0,0,0]"""
1782031944787,2026-06-21T17:52:24.787,safe,posture,mhw,standing_still,t017,"CSI_DATA,536214,1a:00:00:00:00:00,-44,11,-99,19,28,11,530569695,47,2,256,0,""[0,0,0,0,0,0,0,0,0,0,0,0,5,3,4,4,4,4,5,5,4,4,5,5,5,8,4,7,5,8,5,8,7,9,8,9,8,9,7,9,7,13,7,9,8,13,8,13,8,15,8,15,7,13,8,16,4,14,9,16,8,16,8,17,5,16,7,22,8,14,11,17,5,17,9,23,7,20,8,17,8,20,8,20,8,19,13,19,11,19,13,19,11,22,15,17,16,21,15,22,16,27,11,21,16,23,14,24,14,23,16,23,20,28,20,24,19,29,15,27,21,24,20,30,19,27,0,0,0,0,0,0,34,-17,28,-16,35,-19,32,-15,26,-14,34,-17,24,-16,34,-16,27,-13,34,-15,32,-15,27,-9,28,-15,26,-11,27,-15,27,-16,28,-17,24,-16,29,-15,20,-16,23,-20,24,-16,26,-17,26,-15,24,-15,26,-17,24,-14,24,-19,26,-19,22,-17,23,-15,28,-16,21,-16,23,-21,26,-16,30,-20,28,-13,27,-15,28,-11,28,-10,24,-10,26,-14,28,-10,23,-9,27,-8,22,-9,26,-8,24,-5,29,-3,22,0,24,-2,21,3,21,1,19,3,19,2,19,1,17,7,0,0,0,0,0,0,0,0,0,0]"""
1782031944798,2026-06-21T17:52:24.798,safe,posture,mhw,standing_still,t017,"CSI_DATA,536215,1a:00:00:00:00:00,-43,11,-99,15,29,11,530580695,47,2,256,0,""[0,0,0,0,0,0,0,0,0,0,0,0,2,4,2,5,3,7,2,7,1,5,2,8,3,8,2,8,4,8,3,9,4,10,4,11,3,11,4,13,3,14,4,15,7,14,4,15,4,15,3,15,3,14,5,14,5,17,7,17,5,17,7,19,7,17,8,16,8,17,9,19,10,17,10,19,10,19,10,19,13,16,13,16,14,17,15,17,14,19,17,16,19,15,19,17,19,16,24,15,22,15,22,15,23,15,24,14,22,15,27,15,29,14,27,15,29,14,29,19,30,15,29,14,32,13,0,0,0,0,0,0,11,-32,11,-34,9,-35,10,-33,9,-35,9,-33,9,-33,8,-34,5,-33,8,-34,5,-32,3,-32,5,-30,4,-32,1,-33,0,-32,0,-32,-1,-29,-1,-28,-1,-29,-3,-29,-7,-30,-5,-30,-4,-30,-7,-30,-7,-27,-7,-28,-11,-28,-9,-28,-11,-28,-11,-27,-13,-24,-9,-28,-13,-28,-11,-27,-10,-30,-13,-30,-10,-27,-13,-27,-8,-26,-10,-27,-13,-27,-9,-27,-9,-24,-10,-24,-7,-24,-5,-24,-9,-24,-5,-26,-4,-23,-4,-21,-4,-20,-2,-20,-5,-20,-1,-21,0,-19,-1,-19,0,0,0,0,0,0,0,0,0,0]"""
1782031944812,2026-06-21T17:52:24.812,safe,posture,mhw,standing_still,t017,"CSI_DATA,536216,1a:00:00:00:00:00,-44,11,-99,19,28,11,530595489,47,2,256,0,""[0,0,0,0,0,0,0,0,0,0,0,0,-4,2,-5,2,-5,2,-5,3,-7,4,-7,4,-7,5,-8,2,-9,4,-9,4,-9,4,-10,4,-9,5,-11,7,-13,4,-13,7,-11,8,-14,5,-13,7,-13,8,-11,5,-16,10,-17,8,-16,7,-19,7,-16,8,-20,8,-19,9,-16,10,-15,11,-16,10,-16,11,-15,13,-15,14,-17,14,-17,16,-17,14,-17,15,-17,14,-16,17,-19,17,-15,19,-15,20,-17,20,-16,21,-15,20,-14,26,-16,26,-14,27,-17,27,-16,26,-13,28,-16,30,-14,29,-15,29,-15,33,-14,34,0,0,0,0,0,0,36,16,34,15,33,14,33,14,32,14,29,14,32,11,33,13,32,13,29,9,30,9,29,10,34,4,30,8,29,10,33,7,30,5,32,7,29,5,28,1,30,-1,30,1,27,-1,28,-1,28,1,32,-3,30,0,29,0,32,0,30,-3,32,-1,33,-3,29,-5,29,-8,30,-2,33,-4,28,-3,29,-5,32,-4,30,-8,30,-2,29,-1,29,0,29,-2,29,1,26,-1,26,0,26,1,23,2,22,0,23,1,22,2,22,2,21,4,19,5,17,5,17,7,0,0,0,0,0,0,0,0,0,0]"""
1782031944823,2026-06-21T17:52:24.823,safe,posture,mhw,standing_still,t017,"CSI_DATA,536217,1a:00:00:00:00:00,-44,11,-99,14,29,11,530602695,47,2,256,0,""[0,0,0,0,0,0,0,0,0,0,0,0,-2,7,-3,6,-3,6,-2,6,-3,6,-3,7,-2,7,-4,8,-6,9,-4,9,-6,7,-6,9,-7,9,-8,11,-9,9,-11,9,-9,9,-13,11,-12,8,-11,8,-13,8,-13,12,-14,11,-14,7,-17,8,-15,9,-17,8,-18,9,-18,9,-18,9,-19,8,-17,9,-15,9,-17,11,-19,12,-20,13,-22,12,-19,8,-22,11,-22,9,-22,11,-23,12,-23,12,-24,12,-20,11,-23,11,-23,13,-23,17,-28,15,-28,14,-24,12,-30,12,-30,11,-29,13,-33,8,-31,13,-33,14,0,0,0,0,0,0,8,35,7,39,7,30,7,35,9,37,2,33,3,35,3,34,1,35,2,29,4,29,3,30,6,31,3,34,0,29,3,31,4,31,1,31,-1,31,2,33,3,29,1,33,3,24,4,28,1,29,3,31,2,31,-1,28,0,31,1,30,-2,31,1,31,-1,33,-2,29,-3,31,-2,29,-2,29,-2,30,-3,30,-6,31,-7,29,-11,26,-11,28,-12,26,-13,24,-13,23,-14,20,-15,22,-12,17,-14,17,-13,17,-14,17,-17,15,-17,13,-17,8,-19,8,-18,4,0,0,0,0,0,0,0,0,0,0]"""
1782031944833,2026-06-21T17:52:24.833,safe,posture,mhw,standing_still,t017,"CSI_DATA,536218,1a:00:00:00:00:00,-44,11,-99,19,28,11,530613695,47,2,256,0,""[0,0,0,0,0,0,0,0,0,0,0,0,3,4,3,4,4,5,4,5,4,4,5,7,5,7,5,7,5,7,7,8,7,9,5,10,7,10,8,10,7,10,7,10,8,14,10,13,9,15,7,16,5,15,8,15,8,15,10,16,9,16,10,16,9,16,11,16,10,17,10,16,11,16,13,20,15,19,14,17,13,19,10,15,13,15,16,16,15,19,16,16,16,17,19,16,19,16,21,15,23,19,22,17,22,17,23,17,21,16,22,17,28,19,24,15,26,17,26,21,30,19,28,20,29,20,0,0,0,0,0,0,19,-28,19,-27,20,-32,20,-28,19,-27,19,-28,16,-28,19,-30,16,-28,21,-30,17,-29,16,-27,15,-26,14,-28,14,-29,11,-28,11,-30,10,-24,11,-27,10,-28,9,-28,8,-29,10,-32,10,-28,7,-28,9,-26,8,-29,7,-29,5,-32,5,-32,7,-28,7,-29,7,-29,4,-28,5,-29,9,-33,8,-32,8,-28,10,-29,10,-26,8,-28,8,-30,10,-28,8,-23,10,-26,11,-24,13,-23,10,-23,14,-22,13,-20,13,-19,14,-16,11,-15,15,-16,15,-14,13,-11,13,-10,0,0,0,0,0,0,0,0,0,0]"""
1782031944843,2026-06-21T17:52:24.843,safe,posture,mhw,standing_still,t017,"CSI_DATA,536219,1a:00:00:00:00:00,-44,11,-99,19,28,11,530624695,47,2,256,0,""[0,0,0,0,0,0,0,0,0,0,0,0,-1,-5,-2,-7,-1,-4,-2,-7,-1,-7,-2,-8,-1,-9,-1,-8,-2,-10,0,-9,0,-9,0,-13,-1,-11,-2,-14,1,-15,0,-14,0,-14,0,-14,-1,-17,2,-17,4,-16,-2,-19,3,-17,1,-19,2,-19,1,-17,3,-19,3,-21,1,-17,0,-20,2,-20,-1,-23,-1,-22,-1,-21,-1,-22,-1,-22,-1,-20,-1,-22,-4,-23,-3,-23,-1,-24,-8,-21,-5,-27,-4,-26,-8,-30,-4,-26,-10,-27,-3,-26,-8,-26,-8,-30,-10,-29,-11,-28,-9,-34,-8,-30,-10,-30,-13,-36,-9,-32,0,0,0,0,0,0,-36,9,-33,7,-36,10,-33,8,-30,8,-38,5,-28,10,-36,9,-30,8,-34,8,-30,9,-29,7,-33,11,-27,8,-29,8,-29,11,-28,11,-28,11,-33,11,-23,13,-27,15,-26,13,-28,15,-27,14,-26,11,-26,16,-24,11,-24,14,-27,15,-24,16,-26,14,-29,16,-22,15,-24,17,-27,13,-30,19,-26,11,-26,16,-27,11,-28,13,-27,10,-29,11,-28,10,-24,9,-27,5,-22,9,-26,8,-24,4,-28,4,-20,1,-23,2,-21,0,-22,0,-20,0,-20,-2,-20,-1,-17,-3,0,0,0,0,0,0,0,0,0,0]"""
1782031944856,2026-06-21T17:52:24.856,safe,posture,mhw,standing_still,t017,"CSI_DATA,536220,1a:00:00:00:00:00,-44,11,-99,16,29,11,530635695,47,2,256,0,""[0,0,0,0,0,0,0,0,0,0,0,0,-5,-2,-5,-2,-5,-4,-5,-3,-6,-4,-5,-3,-8,-3,-8,-4,-8,-5,-9,-5,-9,-5,-9,-6,-9,-8,-8,-9,-9,-9,-11,-9,-10,-9,-10,-12,-10,-10,-9,-10,-8,-13,-12,-11,-12,-15,-10,-13,-12,-15,-11,-13,-11,-16,-12,-15,-12,-15,-12,-15,-12,-16,-11,-15,-15,-13,-15,-15,-17,-15,-17,-15,-16,-16,-16,-16,-17,-16,-18,-18,-17,-16,-20,-16,-18,-16,-20,-17,-19,-15,-20,-15,-23,-16,-24,-16,-24,-16,-24,-20,-24,-18,-26,-18,-24,-19,-27,-21,-26,-21,-27,-19,-28,-19,0,0,0,0,0,0,-24,27,-25,28,-20,25,-24,26,-24,27,-24,23,-25,26,-21,24,-25,23,-19,21,-17,25,-19,24,-19,27,-21,26,-20,23,-18,23,-17,25,-20,25,-18,24,-17,26,-15,24,-18,26,-13,21,-13,24,-16,26,-13,27,-16,27,-15,24,-17,26,-13,26,-18,26,-15,26,-17,28,-16,25,-16,25,-16,24,-17,23,-16,25,-16,25,-18,26,-19,24,-20,19,-20,20,-20,20,-19,18,-19,19,-19,15,-23,16,-18,12,-17,12,-20,12,-19,11,-19,10,-19,8,-19,4,-18,4,-17,2,0,0,0,0,0,0,0,0,0,0]"""
1782031944864,2026-06-21T17:52:24.864,safe,posture,mhw,standing_still,t017,"CSI_DATA,536221,1a:00:00:00:00:00,-44,11,-99,17,29,11,530646695,47,2,256,0,""[0,0,0,0,0,0,0,0,0,0,0,0,4,1,6,2,5,2,7,2,6,2,7,4,6,5,6,5,8,5,7,7,10,5,8,8,10,6,12,6,12,10,8,8,12,7,12,7,13,10,13,15,11,12,11,12,10,12,14,14,13,13,12,13,11,13,13,16,12,13,13,13,13,13,17,19,12,17,14,15,13,17,14,15,14,14,20,15,15,14,15,13,16,16,19,12,23,16,21,17,23,21,17,20,21,19,19,22,17,17,22,19,29,19,23,17,23,22,24,22,28,20,28,25,24,24,0,0,0,0,0,0,24,-25,22,-22,30,-29,25,-22,22,-19,28,-24,21,-20,26,-23,21,-22,29,-22,28,-21,24,-16,23,-20,23,-17,22,-24,22,-21,21,-22,19,-20,25,-20,17,-21,20,-24,20,-21,24,-24,23,-21,21,-19,20,-20,19,-17,19,-25,20,-23,20,-23,17,-20,23,-21,15,-20,20,-25,21,-20,28,-25,25,-16,24,-19,26,-15,24,-14,22,-14,23,-21,23,-14,21,-12,24,-11,20,-12,24,-12,23,-8,29,-8,23,-2,23,-3,21,0,20,-2,20,-1,22,-1,19,-1,19,2,0,0,0,0,0,0,0,0,0,0]"""
1782031944876,2026-06-21T17:52:24.876,safe,posture,mhw,standing_still,t017,"CSI_DATA,536222,1a:00:00:00:00:00,-43,11,-99,18,28,11,530657695,47,2,256,0,""[0,0,0,0,0,0,0,0,0,0,0,0,6,-1,6,-3,3,-2,6,-4,6,-4,7,-3,8,-4,7,-3,9,-6,8,-2,11,-6,12,-6,9,-6,11,-7,13,-6,11,-7,14,-8,12,-7,17,-8,18,-4,14,-1,15,-8,14,-6,17,-9,17,-11,15,-11,14,-9,19,-9,14,-11,14,-12,15,-12,18,-15,19,-12,17,-13,18,-12,17,-14,14,-14,14,-19,14,-18,13,-18,15,-18,9,-20,12,-23,13,-24,15,-26,14,-23,13,-25,15,-24,11,-23,12,-28,11,-33,6,-29,12,-30,13,-29,3,-36,9,-34,12,-33,0,0,0,0,0,0,-34,-11,-29,-11,-39,-8,-34,-8,-29,-4,-35,-8,-30,-6,-37,-4,-30,-3,-34,-6,-34,-6,-30,-6,-31,-3,-30,-3,-33,0,-30,1,-30,2,-28,2,-31,-1,-25,6,-30,7,-28,7,-31,7,-30,6,-29,3,-29,7,-28,4,-28,13,-28,11,-26,12,-26,11,-29,8,-22,13,-25,15,-26,12,-34,14,-29,8,-26,12,-30,8,-26,8,-26,8,-28,13,-26,12,-22,11,-25,7,-22,12,-26,11,-24,7,-29,6,-22,1,-23,3,-22,0,-20,3,-19,0,-23,2,-18,2,-19,0,0,0,0,0,0,0,0,0,0,0]"""
1782031944887,2026-06-21T17:52:24.887,safe,posture,mhw,standing_still,t017,"CSI_DATA,536223,1a:00:00:00:00:00,-43,11,-99,15,29,11,530668695,47,2,256,0,""[0,0,0,0,0,0,0,0,0,0,0,0,4,-2,4,-2,4,-4,5,-3,8,-2,5,-2,7,-2,9,-5,7,-4,9,-5,9,-4,8,-5,10,-7,13,-5,11,-5,14,-8,11,-5,16,-8,11,-5,15,-4,17,-8,15,-7,17,-9,14,-9,15,-9,16,-11,20,-10,14,-9,21,-10,16,-8,20,-10,16,-9,16,-13,17,-11,19,-14,16,-13,19,-15,16,-15,17,-16,17,-20,15,-16,19,-21,15,-16,16,-21,14,-16,13,-22,17,-21,13,-24,16,-24,16,-27,16,-23,17,-26,17,-27,17,-32,15,-29,14,-26,13,-32,0,0,0,0,0,0,-32,-15,-36,-16,-28,-11,-32,-14,-39,-16,-27,-11,-35,-15,-27,-11,-33,-13,-27,-9,-28,-10,-32,-10,-29,-8,-34,-7,-28,-8,-29,-7,-33,-4,-30,-5,-28,-4,-33,-5,-27,-2,-33,0,-23,0,-28,-1,-32,0,-29,1,-34,2,-29,2,-30,1,-32,4,-33,3,-28,5,-35,1,-27,2,-32,3,-26,1,-32,5,-29,2,-29,4,-30,2,-30,1,-28,1,-28,0,-30,0,-27,1,-28,-1,-22,-3,-26,1,-16,-2,-24,-1,-23,-3,-23,-2,-21,-3,-23,-4,-16,-5,-17,-5,-16,-8,0,0,0,0,0,0,0,0,0,0]"""
1782031944898,2026-06-21T17:52:24.898,safe,posture,mhw,standing_still,t017,"CSI_DATA,536224,1a:00:00:00:00:00,-43,11,-99,19,28,11,530679695,47,2,256,0,""[0,0,0,0,0,0,0,0,0,0,0,0,-3,3,-4,3,-5,4,-5,4,-3,5,-5,4,-5,5,-7,5,-7,4,-9,8,-8,3,-9,5,-11,7,-10,5,-11,5,-16,5,-15,5,-16,4,-14,2,-15,3,-19,1,-16,4,-19,4,-19,4,-17,3,-20,2,-21,2,-17,3,-23,0,-20,0,-21,0,-19,1,-22,2,-22,-1,-22,2,-23,1,-22,-1,-23,-1,-24,-1,-27,1,-23,0,-27,-1,-24,-2,-24,2,-20,-1,-29,2,-27,-1,-29,4,-29,-1,-30,-1,-29,-3,-30,-2,-33,-3,-34,-7,-34,-3,-32,-3,-35,-3,0,0,0,0,0,0,-9,33,-9,36,-8,32,-9,34,-13,39,-11,29,-13,35,-13,30,-14,33,-14,29,-11,29,-11,33,-14,29,-11,32,-13,26,-13,27,-13,29,-14,28,-13,26,-15,30,-11,26,-13,26,-11,24,-10,24,-14,29,-14,26,-14,29,-14,27,-15,27,-16,27,-16,27,-14,24,-21,26,-19,24,-17,22,-17,20,-19,26,-21,22,-21,23,-22,20,-24,21,-26,15,-26,16,-24,15,-22,14,-26,10,-23,8,-21,10,-19,4,-23,7,-23,3,-20,4,-22,1,-21,2,-20,-3,-17,-2,-17,-4,0,0,0,0,0,0,0,0,0,0]"""
1782031944908,2026-06-21T17:52:24.908,safe,posture,mhw,standing_still,t017,"CSI_DATA,536225,1a:00:00:00:00:00,-43,11,-99,15,29,11,530690695,47,2,256,0,""[0,0,0,0,0,0,0,0,0,0,0,0,0,5,0,7,0,7,0,7,1,7,2,8,1,8,1,9,2,10,1,10,0,9,2,13,2,13,1,13,1,15,3,14,3,14,3,15,2,13,3,15,3,17,4,16,4,19,3,17,7,19,5,17,5,19,8,20,9,17,9,16,8,19,10,17,10,16,14,16,13,17,16,17,15,14,16,15,16,16,20,15,21,16,21,10,23,13,23,11,22,11,23,9,26,8,28,10,32,7,30,7,26,3,33,5,34,7,30,4,35,2,35,2,36,1,0,0,0,0,0,0,2,-39,0,-38,-2,-34,-2,-34,-4,-34,-2,-34,-4,-32,-7,-35,-4,-33,-8,-33,-9,-29,-9,-29,-15,-32,-10,-29,-13,-29,-15,-27,-16,-26,-16,-27,-17,-28,-20,-22,-21,-20,-21,-22,-20,-19,-21,-19,-22,-20,-26,-19,-24,-17,-23,-14,-26,-16,-26,-13,-27,-16,-29,-17,-27,-11,-28,-10,-28,-13,-28,-13,-26,-11,-28,-8,-28,-11,-30,-10,-27,-11,-27,-10,-28,-10,-26,-10,-26,-10,-24,-7,-24,-9,-22,-9,-22,-9,-20,-8,-20,-8,-20,-8,-21,-7,-20,-9,-15,-10,-17,-10,-15,-10,0,0,0,0,0,0,0,0,0,0]"""
1782031944919,2026-06-21T17:52:24.919,safe,posture,mhw,standing_still,t017,"CSI_DATA,536226,1a:00:00:00:00:00,-43,11,-99,18,28,11,530701695,47,2,256,0,""[0,0,0,0,0,0,0,0,0,0,0,0,4,3,3,3,6,4,4,3,8,3,6,3,7,2,9,3,8,4,9,3,9,4,8,4,11,6,12,6,9,6,14,7,12,6,17,7,12,6,13,6,15,8,17,4,20,6,17,7,17,7,19,6,19,4,18,4,19,6,19,2,22,3,18,1,20,1,20,0,22,-2,23,0,25,-2,23,0,23,-3,25,-3,24,-6,26,-6,23,-6,25,-11,17,-8,23,-13,25,-12,23,-15,26,-15,26,-18,24,-13,29,-17,28,-17,28,-20,26,-19,24,-20,24,-23,0,0,0,0,0,0,-23,-24,-28,-29,-22,-18,-25,-22,-31,-26,-23,-22,-29,-23,-24,-18,-29,-22,-25,-14,-26,-14,-28,-13,-30,-14,-33,-13,-26,-13,-28,-9,-29,-8,-31,-8,-29,-7,-33,-7,-26,-3,-31,-3,-24,-1,-28,0,-30,1,-30,3,-34,2,-28,1,-31,2,-31,6,-31,4,-29,6,-33,6,-28,3,-30,7,-24,4,-29,11,-29,8,-28,12,-30,9,-29,7,-26,4,-29,6,-29,9,-26,7,-29,7,-22,3,-26,7,-20,3,-24,4,-20,3,-23,7,-20,6,-22,3,-18,-1,-19,-1,-18,-1,0,0,0,0,0,0,0,0,0,0]"""
1782031944933,2026-06-21T17:52:24.933,safe,posture,mhw,standing_still,t017,"CSI_DATA,536227,1a:00:00:00:00:00,-43,11,-99,18,28,11,530712695,47,2,256,0,""[0,0,0,0,0,0,0,0,0,0,0,0,-6,-2,-4,-1,-7,-3,-6,-2,-8,-3,-6,-3,-9,-3,-11,-6,-7,-3,-11,-4,-11,-6,-11,-4,-11,-4,-11,-6,-11,-6,-13,-9,-12,-6,-13,-11,-11,-11,-11,-9,-9,-12,-12,-9,-14,-13,-14,-12,-14,-11,-15,-13,-14,-12,-13,-12,-15,-17,-14,-13,-13,-14,-13,-12,-17,-13,-14,-14,-17,-13,-17,-13,-19,-15,-17,-14,-18,-14,-22,-15,-17,-12,-20,-17,-18,-15,-24,-13,-17,-14,-24,-15,-20,-17,-24,-12,-25,-17,-25,-13,-23,-17,-25,-18,-24,-18,-30,-22,-30,-18,-25,-19,-30,-20,0,0,0,0,0,0,-20,28,-25,31,-18,24,-20,29,-25,30,-20,23,-25,28,-19,25,-24,26,-20,24,-20,25,-19,26,-19,24,-19,29,-18,25,-17,24,-17,28,-17,25,-14,23,-20,28,-14,25,-17,28,-14,22,-14,25,-15,28,-14,24,-17,29,-14,28,-15,25,-13,28,-14,25,-13,25,-19,28,-17,24,-17,26,-15,22,-18,28,-18,24,-17,26,-19,23,-22,23,-20,19,-20,20,-22,22,-19,18,-24,18,-20,12,-20,15,-17,9,-22,14,-20,9,-19,11,-22,8,-22,7,-18,4,-19,3,-18,3,0,0,0,0,0,0,0,0,0,0]"""
1782031944940,2026-06-21T17:52:24.940,safe,posture,mhw,standing_still,t017,"CSI_DATA,536228,1a:00:00:00:00:00,-43,11,-99,19,28,11,530723695,47,2,256,0,""[0,0,0,0,0,0,0,0,0,0,0,0,2,4,0,3,1,8,0,7,2,8,0,7,0,8,1,9,1,10,0,11,0,11,-1,11,-1,13,0,14,-1,13,-2,16,0,14,-3,16,-3,13,-2,15,-2,19,-4,19,-3,19,-4,15,-5,17,-5,19,-5,20,-4,19,-8,22,-4,17,-5,21,-4,17,-5,20,-5,20,-4,21,-7,22,-7,23,-7,22,-7,23,-5,27,-3,22,-8,27,-8,23,-2,27,-3,20,-4,29,-8,26,-3,29,-4,32,-5,32,-10,27,-7,33,-8,30,-7,34,-8,30,-9,30,-7,34,0,0,0,0,0,0,32,9,39,13,28,8,32,13,39,14,28,11,35,15,29,10,33,15,27,13,28,9,30,13,29,13,32,11,27,11,27,10,30,10,29,10,26,10,34,11,26,7,29,10,24,7,27,8,30,9,28,8,34,10,28,8,29,10,32,8,32,10,28,7,33,13,28,11,28,13,22,10,30,10,26,14,28,13,27,15,27,19,22,16,22,19,23,20,21,16,20,21,15,19,21,17,13,15,15,19,11,17,14,19,11,19,11,20,4,17,4,19,4,19,0,0,0,0,0,0,0,0,0,0]"""
1782031944953,2026-06-21T17:52:24.953,safe,posture,mhw,standing_still,t017,"CSI_DATA,536229,1a:00:00:00:00:00,-43,11,-99,16,29,11,530734695,47,2,256,0,""[0,0,0,0,0,0,0,0,0,0,0,0,5,-3,4,-4,5,-5,5,-4,5,-5,4,-3,5,-4,8,-5,8,-5,9,-5,9,-5,9,-5,10,-6,11,-5,12,-6,13,-6,12,-8,13,-5,11,-4,15,-4,18,-4,16,-6,18,-5,17,-4,18,-3,19,-4,20,-4,18,-3,21,-4,20,-4,20,-3,16,-2,19,-4,19,-4,21,-4,23,-5,23,-5,21,-4,25,-4,26,-6,24,-6,27,-6,23,-5,26,-8,21,-5,25,-9,25,-8,26,-11,30,-8,30,-6,26,-5,33,-5,31,-4,34,-6,34,-4,31,-9,32,-5,0,0,0,0,0,0,-3,-34,-2,-40,-3,-30,-2,-33,-2,-40,1,-30,0,-38,0,-33,0,-35,2,-30,-1,-28,-1,-33,-2,-34,0,-34,3,-28,2,-31,0,-32,2,-33,2,-30,-1,-32,-2,-28,-2,-32,1,-24,-1,-26,0,-30,-2,-31,0,-32,0,-26,2,-31,0,-31,4,-32,1,-28,3,-33,1,-28,2,-31,3,-26,2,-30,4,-28,3,-30,8,-31,10,-30,11,-25,13,-25,11,-27,10,-23,13,-25,15,-20,15,-23,11,-15,12,-19,15,-17,12,-17,16,-17,16,-13,17,-10,18,-9,18,-6,0,0,0,0,0,0,0,0,0,0]"""
1782031944966,2026-06-21T17:52:24.966,safe,posture,mhw,standing_still,t017,"CSI_DATA,536230,1a:00:00:00:00:00,-43,11,-99,14,29,11,530746118,47,2,256,0,""[0,0,0,0,0,0,0,0,0,0,0,0,-1,-6,-1,-6,-1,-6,-2,-7,0,-8,-1,-7,-2,-7,-1,-8,-1,-9,0,-12,-1,-11,1,-9,1,-12,3,-13,1,-12,1,-15,1,-14,4,-17,3,-12,3,-13,6,-15,3,-15,7,-19,8,-17,9,-18,7,-17,11,-17,8,-18,9,-18,8,-18,8,-18,8,-15,7,-20,9,-19,8,-19,11,-22,13,-22,13,-18,13,-20,13,-25,11,-22,13,-23,12,-20,11,-24,8,-19,9,-25,13,-24,11,-26,15,-28,13,-26,15,-23,19,-26,17,-24,18,-28,20,-28,17,-26,22,-29,0,0,0,0,0,0,-25,-23,-29,-29,-20,-19,-26,-23,-28,-29,-18,-22,-26,-26,-20,-23,-22,-26,-19,-23,-19,-20,-22,-25,-23,-24,-23,-25,-17,-23,-18,-24,-19,-24,-20,-25,-18,-23,-20,-26,-18,-22,-19,-25,-15,-19,-18,-20,-20,-24,-20,-24,-19,-24,-17,-24,-15,-25,-18,-25,-17,-26,-17,-24,-17,-30,-14,-24,-15,-25,-12,-23,-15,-24,-13,-26,-14,-26,-12,-29,-8,-29,-6,-28,-3,-30,-3,-29,-3,-26,-1,-29,1,-24,-1,-26,1,-19,0,-24,4,-22,3,-23,6,-20,6,-20,8,-17,11,-17,12,-15,0,0,0,0,0,0,0,0,0,0]"""
1782031944974,2026-06-21T17:52:24.974,safe,posture,mhw,standing_still,t017,"CSI_DATA,536231,1a:00:00:00:00:00,-43,11,-99,18,28,11,530756695,47,2,256,0,""[0,0,0,0,0,0,0,0,0,0,0,0,1,6,2,6,2,7,2,7,1,7,1,7,1,7,2,8,1,8,1,12,0,12,1,12,-1,12,-1,12,-1,11,-2,15,-3,15,-4,17,-4,14,-2,14,-3,14,-4,15,-8,18,-8,17,-8,17,-8,18,-9,17,-7,17,-12,19,-9,18,-12,17,-11,18,-12,19,-12,18,-11,19,-9,19,-12,20,-13,20,-14,19,-12,22,-11,20,-18,22,-14,19,-13,23,-14,18,-14,25,-17,22,-13,24,-18,22,-17,25,-18,23,-20,23,-19,22,-24,28,-23,24,-20,23,-23,26,0,0,0,0,0,0,22,25,23,30,22,25,19,28,22,31,17,25,19,31,17,28,18,31,12,28,15,29,17,29,14,25,15,28,15,28,14,26,18,28,14,26,12,23,13,30,12,26,14,29,11,25,12,25,13,28,9,25,13,29,13,26,12,28,12,28,11,28,11,25,8,34,6,29,7,30,4,29,7,31,3,31,7,30,1,29,0,30,-1,29,-3,29,-3,29,-3,25,-7,28,-8,23,-7,25,-9,19,-8,23,-11,20,-8,19,-13,17,-14,18,-15,12,-14,12,-15,11,0,0,0,0,0,0,0,0,0,0]"""
1782031944984,2026-06-21T17:52:24.984,safe,posture,mhw,standing_still,t017,"CSI_DATA,536232,1a:00:00:00:00:00,-43,11,-99,14,29,11,530767695,47,2,256,0,""[0,0,0,0,0,0,0,0,0,0,0,0,4,1,6,2,6,1,6,2,8,1,8,3,9,3,8,1,8,3,11,3,11,3,11,6,12,4,12,6,12,3,12,8,14,6,14,7,12,7,14,7,17,6,13,8,15,9,17,8,14,12,14,9,15,9,15,9,15,12,18,9,19,11,18,12,19,11,19,9,19,8,20,9,20,9,23,9,22,11,23,7,23,6,24,7,24,9,25,6,26,8,29,4,26,7,28,4,26,6,29,7,30,7,29,7,31,8,33,9,35,11,33,8,35,7,0,0,0,0,0,0,7,-34,8,-34,6,-35,7,-34,9,-33,7,-33,8,-34,8,-33,6,-33,8,-34,7,-33,6,-33,6,-29,6,-31,3,-33,4,-29,3,-31,2,-29,1,-28,3,-30,0,-31,1,-31,1,-29,-1,-31,-1,-30,2,-29,0,-31,-2,-29,0,-31,-1,-31,-1,-31,-2,-29,1,-31,0,-30,-1,-30,1,-33,-1,-33,1,-31,1,-30,3,-28,3,-28,3,-31,4,-28,4,-26,3,-26,7,-24,8,-24,6,-25,9,-22,9,-23,9,-22,7,-20,11,-18,9,-18,13,-18,12,-14,13,-15,0,0,0,0,0,0,0,0,0,0]"""
1782031944998,2026-06-21T17:52:24.998,safe,posture,mhw,standing_still,t017,"CSI_DATA,536233,1a:00:00:00:00:00,-43,11,-99,18,28,11,530778695,47,2,256,0,""[0,0,0,0,0,0,0,0,0,0,0,0,-4,-2,-4,-3,-4,-3,-6,-3,-7,-2,-6,-6,-7,-3,-7,-3,-7,-6,-7,-4,-9,-7,-9,-6,-9,-8,-9,-8,-9,-7,-9,-8,-11,-9,-13,-9,-13,-11,-12,-14,-12,-14,-8,-12,-12,-13,-14,-13,-13,-14,-13,-13,-13,-13,-12,-15,-11,-13,-13,-14,-14,-14,-15,-17,-14,-17,-12,-14,-14,-14,-15,-15,-14,-13,-19,-14,-19,-17,-17,-14,-15,-15,-18,-14,-20,-14,-22,-15,-24,-19,-22,-19,-23,-15,-22,-17,-19,-17,-24,-19,-29,-19,-23,-13,-24,-18,-26,-22,-29,-18,-28,-19,-28,-20,0,0,0,0,0,0,-23,29,-19,25,-22,33,-23,28,-19,24,-23,26,-20,26,-22,28,-20,26,-24,28,-23,25,-19,24,-20,22,-19,24,-20,28,-17,25,-15,25,-15,23,-17,24,-14,24,-14,26,-14,25,-18,26,-17,28,-15,25,-17,22,-13,23,-14,28,-14,28,-14,26,-13,24,-14,24,-14,24,-14,26,-13,26,-20,29,-19,26,-17,24,-20,23,-19,19,-19,23,-19,25,-18,22,-17,18,-18,18,-17,18,-19,19,-20,17,-22,15,-20,13,-20,11,-20,8,-18,7,-19,8,-20,6,-19,4,-17,4,0,0,0,0,0,0,0,0,0,0]"""
1782031945009,2026-06-21T17:52:25.009,safe,posture,mhw,standing_still,t017,"CSI_DATA,536234,1a:00:00:00:00:00,-43,11,-99,18,28,11,530789695,47,2,256,0,""[0,0,0,0,0,0,0,0,0,0,0,0,-3,-3,-2,-4,-4,-6,-4,-3,-6,-6,-4,-6,-6,-6,-7,-6,-6,-6,-8,-6,-7,-8,-8,-7,-9,-8,-7,-8,-8,-9,-11,-12,-12,-11,-11,-11,-12,-11,-9,-9,-11,-11,-12,-11,-14,-13,-14,-12,-14,-12,-14,-11,-14,-12,-15,-11,-14,-13,-15,-12,-17,-11,-17,-11,-19,-12,-19,-9,-20,-8,-19,-8,-22,-8,-22,-9,-22,-8,-23,-6,-20,-6,-26,-7,-24,-6,-24,-2,-25,-4,-28,-1,-28,-2,-28,1,-28,-1,-30,0,-30,0,-31,1,-31,1,-34,2,-34,0,-34,1,-34,3,0,0,0,0,0,0,4,31,7,34,9,34,7,33,7,35,8,33,8,34,8,33,11,31,9,33,11,31,14,29,11,28,15,29,13,28,17,25,18,25,17,24,17,24,18,26,18,24,19,22,20,20,22,20,23,20,19,19,23,20,25,18,24,18,25,18,26,17,25,13,25,20,25,17,25,15,25,17,30,15,23,17,25,13,22,15,23,15,24,18,24,17,24,15,22,14,22,17,18,17,22,14,18,15,22,17,18,15,15,14,13,13,18,14,13,14,11,12,11,13,0,0,0,0,0,0,0,0,0,0]"""
1782031945019,2026-06-21T17:52:25.019,safe,posture,mhw,standing_still,t017,"CSI_DATA,536235,1a:00:00:00:00:00,-44,11,-99,15,29,11,530800695,47,2,256,0,""[0,0,0,0,0,0,0,0,0,0,0,0,4,1,5,2,5,2,5,4,5,2,7,4,8,4,7,5,9,5,8,5,9,8,9,7,10,7,11,7,13,8,10,8,14,8,13,7,15,10,14,9,11,9,14,10,11,9,17,9,16,9,16,10,15,10,16,10,16,8,20,8,19,7,22,11,19,9,19,10,20,9,20,7,20,5,24,3,22,5,21,3,23,4,23,-1,28,0,26,-1,33,1,27,2,28,-1,28,0,24,-1,29,-1,33,-5,29,-5,30,-4,33,-4,33,-9,34,-4,34,-4,0,0,0,0,0,0,-8,-36,-5,-30,-11,-39,-9,-34,-5,-30,-11,-35,-10,-28,-14,-35,-13,-28,-11,-35,-10,-33,-9,-29,-11,-28,-10,-27,-15,-29,-17,-27,-16,-26,-16,-23,-19,-26,-16,-21,-22,-22,-20,-21,-23,-26,-20,-24,-19,-21,-20,-22,-19,-20,-24,-20,-24,-20,-23,-16,-20,-17,-24,-20,-21,-14,-26,-15,-24,-16,-30,-22,-23,-21,-24,-19,-22,-21,-21,-17,-20,-17,-26,-16,-22,-17,-20,-15,-20,-19,-19,-15,-22,-17,-19,-16,-19,-22,-14,-17,-14,-16,-11,-19,-11,-14,-10,-17,-11,-16,-9,-16,-9,-16,0,0,0,0,0,0,0,0,0,0]"""
1782031945030,2026-06-21T17:52:25.030,safe,posture,mhw,standing_still,t017,"CSI_DATA,536236,1a:00:00:00:00:00,-43,11,-99,15,29,11,530812520,47,2,256,0,""[0,0,0,0,0,0,0,0,0,0,0,0,4,3,3,4,4,4,2,5,3,7,2,5,4,5,4,9,4,9,5,8,3,10,3,10,4,11,4,14,2,11,2,17,2,13,2,16,2,11,2,16,3,20,2,16,2,20,1,17,0,17,2,19,0,21,-1,19,-2,23,-1,20,-1,19,-1,19,1,22,1,22,1,22,-1,23,-1,22,-2,21,-2,24,0,27,-1,24,-2,27,-3,24,1,27,-2,21,1,29,-1,26,3,28,0,32,-1,32,-2,28,-3,33,-3,33,-3,34,-5,33,-1,32,-3,34,0,0,0,0,0,0,34,7,40,10,29,5,34,9,40,13,28,10,38,13,30,9,34,13,29,10,27,9,32,10,30,11,34,10,28,11,28,10,30,8,30,11,26,10,29,11,27,8,30,10,24,9,26,10,29,9,27,11,32,9,27,10,28,11,29,10,29,13,27,10,30,16,26,13,28,16,21,13,28,14,24,16,26,15,23,20,24,19,20,21,21,21,19,23,19,19,17,24,11,22,16,21,9,16,11,22,9,21,11,20,7,21,5,20,2,19,2,20,1,20,0,0,0,0,0,0,0,0,0,0]"""
1782031945043,2026-06-21T17:52:25.043,safe,posture,mhw,standing_still,t017,"CSI_DATA,536237,1a:00:00:00:00:00,-43,11,-99,19,28,11,530822695,47,2,256,0,""[0,0,0,0,0,0,0,0,0,0,0,0,-2,-4,-4,-7,-3,-5,-2,-7,-3,-7,-2,-8,-3,-7,-4,-9,-3,-8,-7,-10,-5,-10,-4,-10,-4,-11,-5,-11,-3,-10,-7,-15,-5,-14,-4,-15,-3,-15,-4,-14,-5,-15,-5,-16,-5,-17,-7,-17,-5,-20,-8,-17,-5,-19,-7,-16,-5,-20,-5,-17,-7,-19,-8,-17,-10,-21,-8,-21,-14,-19,-9,-20,-11,-20,-11,-20,-11,-21,-14,-21,-13,-17,-14,-23,-13,-22,-17,-20,-13,-19,-21,-20,-17,-22,-22,-19,-20,-22,-22,-20,-21,-21,-19,-22,-22,-22,-24,-27,-23,-26,-21,-21,-26,-23,0,0,0,0,0,0,-24,22,-24,28,-23,26,-22,27,-23,28,-21,23,-24,29,-21,24,-24,28,-21,24,-19,24,-19,29,-17,24,-17,29,-16,27,-14,24,-14,28,-14,27,-13,24,-16,29,-11,28,-11,29,-10,24,-10,27,-11,30,-9,27,-9,32,-8,29,-8,29,-8,30,-9,28,-5,28,-11,32,-10,29,-9,28,-9,27,-7,33,-9,28,-8,30,-11,26,-9,28,-11,28,-13,27,-13,27,-9,24,-11,23,-13,20,-11,24,-11,19,-13,22,-13,17,-11,17,-14,15,-15,16,-13,15,-13,14,-14,9,0,0,0,0,0,0,0,0,0,0]"""
1782031945052,2026-06-21T17:52:25.052,safe,posture,mhw,standing_still,t017,"CSI_DATA,536238,1a:00:00:00:00:00,-43,11,-99,18,28,11,530833695,47,2,256,0,""[0,0,0,0,0,0,0,0,0,0,0,0,-3,4,-3,4,-4,2,-6,7,-6,4,-4,4,-4,7,-6,6,-8,9,-7,7,-8,8,-8,8,-7,9,-8,11,-9,12,-8,12,-8,13,-9,13,-8,13,-8,12,-12,12,-7,17,-9,14,-9,14,-12,17,-9,15,-9,17,-11,18,-4,18,-4,19,-6,19,-4,20,-3,19,-2,22,-2,22,-1,24,-1,20,0,23,0,23,2,24,2,24,6,23,7,24,6,25,7,24,9,23,13,25,13,25,15,25,14,28,14,26,17,28,19,29,18,25,20,28,24,28,22,26,0,0,0,0,0,0,28,-23,26,-26,23,-25,24,-25,22,-25,23,-25,19,-26,20,-29,18,-25,17,-26,13,-28,14,-25,12,-31,11,-29,13,-26,9,-29,7,-30,11,-28,9,-33,2,-28,0,-30,3,-29,0,-29,-1,-28,-1,-30,-4,-31,-2,-30,-3,-28,-4,-30,-7,-29,-6,-30,-8,-31,-11,-26,-12,-29,-9,-30,-11,-28,-11,-25,-14,-26,-13,-29,-14,-29,-9,-26,-8,-25,-11,-26,-11,-25,-11,-28,-12,-24,-11,-25,-9,-23,-8,-23,-8,-19,-8,-22,-8,-19,-8,-20,-4,-20,-3,-17,-3,-20,-4,-19,0,0,0,0,0,0,0,0,0,0]"""
1782031945063,2026-06-21T17:52:25.063,safe,posture,mhw,standing_still,t017,"CSI_DATA,536239,1a:00:00:00:00:00,-43,11,-99,18,28,11,530844695,47,2,256,0,""[0,0,0,0,0,0,0,0,0,0,0,0,4,2,6,2,4,2,7,2,7,1,8,2,8,2,8,2,11,2,8,1,11,2,13,1,12,2,12,0,13,2,14,2,15,1,15,1,18,1,19,2,18,1,15,2,17,0,19,-1,19,-1,17,-2,18,-2,19,-2,20,-1,20,-3,20,-3,24,-3,23,-7,22,-7,22,-4,20,-7,19,-8,22,-13,22,-9,18,-12,19,-12,18,-13,22,-15,18,-19,24,-19,22,-18,19,-19,22,-19,17,-18,15,-23,18,-26,17,-24,19,-25,20,-28,17,-31,18,-30,19,-29,0,0,0,0,0,0,-31,-14,-29,-12,-39,-12,-31,-13,-28,-9,-34,-11,-29,-8,-36,-9,-30,-6,-36,-11,-34,-9,-30,-4,-30,-4,-30,-1,-35,0,-30,3,-31,3,-28,2,-29,3,-28,4,-30,7,-28,8,-31,9,-30,7,-28,9,-28,7,-26,11,-26,18,-26,15,-25,15,-23,14,-26,15,-25,15,-24,18,-24,18,-29,20,-28,17,-25,14,-25,15,-24,13,-22,17,-23,19,-23,14,-19,14,-22,15,-20,13,-22,15,-20,14,-23,13,-22,11,-22,12,-18,9,-19,8,-17,8,-19,9,-17,7,-17,7,0,0,0,0,0,0,0,0,0,0]"""
1782031945075,2026-06-21T17:52:25.075,safe,posture,mhw,standing_still,t017,"CSI_DATA,536240,1a:00:00:00:00:00,-43,11,-99,15,29,11,530855695,47,2,256,0,""[0,0,0,0,0,0,0,0,0,0,0,0,4,-3,4,-2,5,-4,7,-5,5,-3,5,-4,8,-5,9,-7,8,-4,7,-8,8,-7,8,-7,9,-7,9,-8,9,-8,13,-9,11,-10,11,-9,15,-9,11,-9,13,-9,13,-11,13,-14,14,-11,14,-10,14,-14,14,-14,11,-14,16,-13,14,-15,11,-15,13,-15,11,-19,11,-17,10,-20,9,-19,9,-21,10,-21,10,-21,9,-23,7,-23,8,-24,7,-24,3,-26,5,-24,1,-29,3,-28,0,-27,1,-29,1,-29,1,-30,1,-29,1,-34,0,-35,0,-34,-2,-33,-5,-33,0,0,0,0,0,0,-35,5,-38,5,-33,8,-33,9,-34,11,-34,7,-35,10,-32,9,-33,10,-32,9,-30,11,-28,15,-27,13,-28,15,-27,14,-26,17,-26,17,-24,16,-22,19,-26,17,-22,20,-21,21,-19,20,-20,21,-20,24,-17,22,-19,26,-17,24,-19,24,-16,27,-17,26,-11,26,-20,27,-15,27,-14,27,-14,26,-14,30,-15,26,-11,27,-15,24,-14,27,-15,26,-16,24,-14,23,-11,24,-15,22,-14,22,-11,22,-13,19,-14,20,-13,19,-10,19,-14,15,-15,17,-14,13,-13,11,-11,11,0,0,0,0,0,0,0,0,0,0]"""
1782031945085,2026-06-21T17:52:25.085,safe,posture,mhw,standing_still,t017,"CSI_DATA,536241,1a:00:00:00:00:00,-43,11,-99,18,28,11,530866695,47,2,256,0,""[0,0,0,0,0,0,0,0,0,0,0,0,-4,2,-3,4,-4,4,-7,6,-6,6,-6,4,-6,7,-8,4,-8,7,-8,6,-9,4,-8,8,-11,7,-11,8,-12,9,-9,9,-12,11,-12,8,-12,8,-13,9,-15,11,-13,12,-14,12,-13,11,-14,13,-15,13,-15,13,-14,13,-13,14,-13,17,-13,14,-13,15,-13,17,-11,17,-12,18,-11,22,-12,19,-12,18,-9,20,-9,23,-12,24,-8,23,-8,25,-8,25,-6,25,-4,24,-2,26,-4,29,-2,30,-3,31,-4,29,-4,33,-2,34,-2,31,-2,35,1,34,0,35,0,0,0,0,0,0,37,0,35,-2,34,-1,35,-3,35,-1,35,2,35,-2,34,-1,33,-2,30,-4,29,-7,30,-6,34,-11,30,-9,29,-6,30,-7,29,-11,29,-9,30,-11,25,-14,25,-15,28,-13,22,-15,22,-15,24,-15,24,-22,24,-18,22,-15,25,-19,22,-19,24,-20,24,-22,23,-23,22,-22,22,-19,22,-20,18,-22,19,-23,20,-22,22,-23,22,-19,22,-18,24,-19,22,-17,24,-17,19,-19,20,-15,20,-15,20,-13,18,-13,15,-14,17,-13,18,-14,19,-11,15,-8,17,-7,18,-8,0,0,0,0,0,0,0,0,0,0]"""
1782031945096,2026-06-21T17:52:25.096,safe,posture,mhw,standing_still,t017,"CSI_DATA,536242,1a:00:00:00:00:00,-43,11,-99,19,28,11,530877695,47,2,256,0,""[0,0,0,0,0,0,0,0,0,0,0,0,4,-4,4,-3,3,-5,5,-5,4,-5,5,-5,4,-7,8,-8,8,-7,8,-7,9,-5,10,-8,9,-8,10,-5,13,-7,14,-7,14,-8,14,-5,13,-5,13,-7,11,-4,17,-8,19,-7,16,-4,19,-4,19,-7,21,-5,21,-4,22,-5,19,-7,20,-3,17,-5,20,-5,19,-7,20,-9,21,-9,22,-8,21,-3,22,-7,24,-7,22,-8,24,-8,23,-7,26,-8,20,-9,24,-10,26,-9,26,-11,29,-11,28,-10,29,-8,32,-7,33,-10,32,-9,33,-8,32,-10,33,-9,0,0,0,0,0,0,-5,-35,-4,-39,-5,-33,-4,-35,-5,-38,-1,-34,-2,-35,-2,-34,0,-33,-2,-30,-3,-29,-2,-32,-5,-35,-4,-33,1,-30,-2,-33,-2,-32,-2,-30,-1,-30,-1,-32,-4,-29,-1,-32,-3,-26,-2,-27,-4,-29,-5,-30,-2,-32,-1,-29,-1,-32,-3,-32,0,-32,-1,-32,0,-33,0,-28,2,-30,0,-28,1,-29,0,-30,2,-30,3,-33,5,-30,9,-26,9,-28,10,-27,10,-26,9,-26,13,-23,13,-23,10,-20,11,-19,11,-20,13,-17,13,-17,15,-15,15,-9,16,-10,16,-9,0,0,0,0,0,0,0,0,0,0]"""
1782031945107,2026-06-21T17:52:25.107,safe,posture,mhw,standing_still,t017,"CSI_DATA,536243,1a:00:00:00:00:00,-43,11,-99,19,28,11,530888695,47,2,256,0,""[0,0,0,0,0,0,0,0,0,0,0,0,-5,-1,-7,-2,-3,-1,-8,-2,-7,0,-9,-1,-10,-3,-8,-3,-9,-1,-8,-3,-11,-3,-10,-3,-11,-2,-14,-3,-14,-5,-10,-3,-14,-4,-13,-4,-16,-4,-14,-9,-16,-7,-16,-4,-15,-4,-17,-5,-19,-4,-17,-4,-17,-5,-21,-8,-16,-4,-21,-5,-19,-4,-23,-4,-20,-5,-20,-5,-22,-5,-21,-2,-19,-1,-23,-2,-22,0,-22,0,-26,-1,-20,4,-27,2,-27,1,-32,2,-27,0,-28,4,-27,0,-26,5,-29,7,-33,9,-29,9,-34,7,-30,5,-32,9,-35,10,-33,8,0,0,0,0,0,0,8,38,7,32,13,41,7,34,7,28,9,35,9,28,10,38,10,27,10,36,10,33,8,28,11,30,9,26,14,28,15,27,17,27,15,23,15,29,15,20,20,26,16,22,21,27,16,26,16,24,19,24,16,22,22,21,21,22,20,21,19,22,21,26,19,17,23,22,20,21,27,29,17,23,21,22,19,26,17,21,17,20,22,22,20,22,17,19,15,22,16,17,17,23,13,22,15,27,9,20,10,21,7,20,8,19,7,16,7,22,5,19,3,17,0,0,0,0,0,0,0,0,0,0]"""
1782031945120,2026-06-21T17:52:25.120,safe,posture,mhw,standing_still,t017,"CSI_DATA,536244,1a:00:00:00:00:00,-43,11,-99,16,29,11,530900146,47,2,256,0,""[0,0,0,0,0,0,0,0,0,0,0,0,-3,4,-4,5,-4,3,-5,5,-6,4,-8,5,-8,4,-9,5,-8,5,-9,5,-10,5,-10,4,-11,5,-11,4,-11,4,-15,3,-13,2,-15,3,-18,2,-16,3,-15,1,-16,1,-16,0,-19,1,-18,0,-19,1,-19,0,-19,-1,-19,-3,-20,-2,-18,-1,-23,-2,-23,-1,-20,-1,-21,-1,-20,-3,-20,-3,-23,-1,-21,-3,-21,-2,-24,-2,-24,-3,-26,-4,-25,-1,-28,-5,-28,-3,-26,-3,-28,-3,-26,-4,-28,-4,-32,-4,-28,-9,-30,-8,-32,-9,-32,-10,-31,-8,-34,-9,0,0,0,0,0,0,-13,33,-16,30,-16,34,-16,31,-17,28,-17,31,-18,28,-19,30,-17,27,-20,30,-18,28,-17,25,-18,23,-17,25,-19,27,-18,25,-18,26,-17,25,-18,23,-20,21,-19,24,-18,23,-18,24,-19,24,-19,23,-19,20,-18,23,-18,25,-19,23,-21,23,-21,20,-20,23,-23,19,-21,21,-19,19,-26,18,-25,20,-25,17,-27,15,-25,12,-25,12,-28,12,-27,11,-26,8,-26,8,-24,4,-27,3,-24,4,-25,1,-25,1,-21,-2,-21,-1,-19,-3,-19,-5,-18,-4,-16,-8,-16,-9,0,0,0,0,0,0,0,0,0,0]"""
1782031945129,2026-06-21T17:52:25.129,safe,posture,mhw,standing_still,t017,"CSI_DATA,536245,1a:00:00:00:00:00,-43,11,-99,18,28,11,530911023,47,2,256,0,""[0,0,0,0,0,0,0,0,0,0,0,0,-6,-1,-3,-2,-8,0,-6,1,-7,-1,-7,-1,-9,0,-11,1,-8,-1,-9,-1,-11,0,-12,-1,-13,0,-14,1,-13,1,-17,1,-14,1,-18,1,-14,3,-14,-1,-18,1,-17,3,-20,3,-15,2,-19,2,-17,3,-22,4,-18,6,-22,6,-17,6,-20,8,-15,7,-19,11,-18,11,-20,13,-18,14,-19,13,-18,13,-18,14,-19,17,-14,18,-18,22,-15,18,-14,23,-11,15,-12,23,-15,23,-9,28,-12,26,-14,28,-12,26,-14,30,-12,31,-11,33,-12,31,-11,30,-7,34,0,0,0,0,0,0,36,6,40,6,28,2,35,3,41,2,31,3,37,1,29,-1,37,1,28,-2,29,-3,33,-3,31,-6,34,-9,30,-4,29,-6,29,-11,29,-12,28,-11,30,-15,24,-15,28,-15,20,-14,22,-17,25,-17,23,-20,25,-20,22,-20,24,-19,20,-23,23,-24,17,-22,23,-25,17,-23,19,-25,17,-19,14,-25,17,-22,17,-26,17,-25,17,-25,15,-20,19,-20,17,-23,15,-22,15,-23,15,-18,14,-23,12,-14,14,-20,14,-18,13,-18,13,-17,14,-18,13,-13,14,-12,14,-11,0,0,0,0,0,0,0,0,0,0]"""
1782031945143,2026-06-21T17:52:25.143,safe,posture,mhw,standing_still,t017,"CSI_DATA,536246,1a:00:00:00:00:00,-43,11,-99,18,28,11,530923650,47,2,256,0,""[0,0,0,0,0,0,0,0,0,0,0,0,1,-7,0,-6,-1,-7,0,-7,0,-7,1,-11,1,-8,0,-9,0,-9,-1,-9,-1,-12,0,-13,-2,-12,-1,-13,-1,-12,-1,-15,-2,-15,-1,-15,1,-19,-2,-17,-1,-14,-1,-15,-2,-17,-4,-19,-2,-19,-3,-19,-3,-19,-4,-18,-3,-20,-6,-20,-6,-18,-7,-22,-7,-20,-8,-20,-9,-19,-8,-19,-11,-18,-13,-18,-12,-18,-13,-19,-15,-18,-15,-18,-18,-19,-19,-17,-19,-20,-22,-18,-23,-17,-23,-17,-22,-15,-24,-15,-28,-17,-26,-15,-29,-15,-29,-17,-30,-15,-31,-14,-30,-13,0,0,0,0,0,0,-11,31,-9,33,-11,36,-9,33,-9,31,-8,34,-9,33,-8,36,-6,30,-7,36,-4,33,-2,33,-3,30,0,31,1,33,3,30,4,33,4,29,4,30,4,29,7,31,8,29,8,30,9,29,11,29,8,28,11,26,15,26,13,28,17,25,14,25,17,25,14,25,17,25,17,25,17,28,18,26,17,25,17,24,14,25,14,24,17,23,15,24,15,22,14,22,12,23,14,25,14,20,11,23,12,22,11,20,9,19,7,18,7,17,9,19,7,18,6,17,0,0,0,0,0,0,0,0,0,0]"""
1782031945153,2026-06-21T17:52:25.153,safe,posture,mhw,standing_still,t017,"CSI_DATA,536247,1a:00:00:00:00:00,-44,11,-99,19,28,11,530932695,47,2,256,0,""[0,0,0,0,0,0,0,0,0,0,0,0,-3,4,-4,4,-4,5,-3,4,-5,5,-3,5,-5,4,-7,5,-8,7,-8,7,-9,7,-8,7,-8,7,-10,7,-13,7,-14,7,-13,7,-15,7,-13,8,-14,4,-19,7,-15,9,-17,8,-16,7,-17,7,-17,7,-19,5,-19,5,-22,8,-19,8,-20,5,-19,7,-19,8,-19,9,-21,10,-20,11,-21,10,-22,9,-22,10,-24,10,-22,9,-23,11,-24,9,-22,11,-19,10,-22,14,-24,16,-24,17,-24,17,-27,15,-26,14,-27,16,-29,15,-32,16,-30,15,-27,15,-32,16,0,0,0,0,0,0,14,29,15,35,11,29,14,33,14,36,9,30,13,35,11,29,9,32,11,29,13,28,11,30,15,30,14,30,9,30,11,29,15,29,11,28,11,28,15,29,14,24,11,28,13,23,14,24,13,27,16,26,16,30,13,24,15,27,13,27,14,30,13,28,11,30,14,27,11,29,10,26,13,27,11,27,13,29,9,29,9,29,4,29,5,29,4,29,3,27,2,27,0,23,1,27,-1,21,0,24,-2,23,-1,21,-2,23,-3,20,-7,19,-7,17,-9,16,0,0,0,0,0,0,0,0,0,0]"""
1782031945163,2026-06-21T17:52:25.163,safe,posture,mhw,standing_still,t017,"CSI_DATA,536248,1a:00:00:00:00:00,-44,11,-99,19,28,11,530943821,47,2,256,0,""[0,0,0,0,0,0,0,0,0,0,0,0,4,1,5,1,4,3,7,2,5,2,8,2,9,4,8,3,10,3,9,4,11,4,11,5,13,4,13,3,14,5,13,3,15,4,13,5,16,5,17,5,14,5,16,7,14,8,17,4,19,5,19,5,17,5,21,9,17,3,21,3,20,5,26,5,22,7,21,4,21,5,20,2,20,2,23,-2,22,0,20,-1,23,0,21,-7,27,-5,24,-5,32,-8,27,-2,27,-8,30,-4,27,-7,27,-8,30,-14,28,-13,28,-13,33,-11,29,-19,32,-15,33,-14,0,0,0,0,0,0,-17,-34,-14,-29,-19,-35,-15,-30,-13,-26,-19,-32,-15,-24,-21,-32,-16,-23,-20,-33,-19,-30,-14,-26,-21,-26,-15,-23,-23,-24,-21,-22,-23,-21,-21,-19,-22,-22,-20,-14,-27,-17,-23,-17,-28,-19,-24,-17,-22,-19,-24,-16,-20,-16,-26,-13,-28,-14,-27,-10,-26,-13,-28,-16,-26,-7,-28,-9,-28,-13,-36,-14,-27,-15,-27,-10,-27,-16,-24,-13,-24,-11,-29,-9,-26,-10,-23,-9,-22,-14,-23,-7,-26,-11,-22,-13,-26,-17,-17,-15,-19,-15,-16,-15,-16,-13,-13,-11,-17,-15,-15,-14,-13,-15,0,0,0,0,0,0,0,0,0,0]"""
1782031945174,2026-06-21T17:52:25.174,safe,posture,mhw,standing_still,t017,"CSI_DATA,536249,1a:00:00:00:00:00,-44,11,-99,15,29,11,530954695,47,2,256,0,""[0,0,0,0,0,0,0,0,0,0,0,0,-3,-4,-4,-5,-2,-4,-4,-5,-4,-4,-5,-8,-5,-8,-3,-8,-8,-7,-4,-8,-8,-8,-7,-9,-9,-9,-8,-9,-9,-13,-7,-10,-10,-13,-11,-11,-9,-14,-9,-15,-8,-16,-10,-14,-8,-14,-14,-15,-14,-15,-13,-13,-11,-15,-13,-15,-13,-13,-15,-13,-11,-13,-16,-16,-14,-16,-14,-15,-15,-16,-16,-15,-16,-14,-17,-13,-17,-11,-20,-10,-20,-15,-20,-7,-24,-9,-23,-11,-27,-14,-21,-14,-24,-10,-24,-14,-26,-8,-27,-10,-33,-7,-32,-4,-32,-10,-32,-7,-34,-4,-34,-11,-34,-7,0,0,0,0,0,0,-9,36,-8,32,-7,39,-7,34,-5,30,-8,36,-3,30,-4,38,-2,32,-4,36,-5,33,-7,28,-3,32,-4,28,-1,32,1,30,2,32,3,28,1,32,4,26,5,29,4,29,5,32,3,32,3,28,7,28,4,28,10,28,9,28,10,28,8,27,9,32,13,24,14,27,11,28,14,34,5,32,9,30,7,30,8,28,5,27,10,28,8,28,8,23,4,27,9,23,9,26,5,26,3,27,0,22,1,24,-2,20,-1,20,-1,17,1,22,1,20,-2,20,0,0,0,0,0,0,0,0,0,0]"""
1782031945184,2026-06-21T17:52:25.184,safe,posture,mhw,standing_still,t017,"CSI_DATA,536250,1a:00:00:00:00:00,-44,11,-99,19,28,11,530965695,47,2,256,0,""[0,0,0,0,0,0,0,0,0,0,0,0,2,5,1,5,1,5,1,7,2,7,1,7,0,9,0,9,2,10,0,10,-1,11,-2,13,-1,14,-2,14,-4,15,-3,15,-2,15,-4,15,-5,16,-5,14,-7,14,-4,19,-7,17,-8,17,-8,17,-8,16,-10,17,-10,19,-10,16,-9,20,-11,17,-10,19,-11,16,-9,17,-11,19,-11,20,-13,19,-11,20,-11,21,-13,20,-15,20,-10,22,-13,22,-14,21,-14,22,-13,20,-15,24,-15,23,-14,26,-19,26,-17,23,-20,27,-21,28,-20,26,-22,26,-20,27,-20,26,0,0,0,0,0,0,26,28,24,26,24,27,22,27,22,28,19,29,19,24,21,29,19,27,17,26,19,27,16,26,22,28,16,28,14,27,19,27,16,26,15,28,15,28,16,24,16,27,15,28,16,24,15,24,14,24,17,27,14,27,15,26,14,29,15,26,13,28,14,32,13,27,15,28,10,29,10,30,8,27,9,27,7,32,7,30,3,29,2,28,3,28,1,29,-2,29,-1,27,-2,27,-4,24,-4,22,-5,20,-5,22,-7,21,-7,21,-10,19,-11,16,-11,14,-15,14,0,0,0,0,0,0,0,0,0,0]"""
1782031945195,2026-06-21T17:52:25.195,safe,posture,mhw,standing_still,t017,"CSI_DATA,536251,1a:00:00:00:00:00,-43,11,-99,18,28,11,530976695,47,2,256,0,""[0,0,0,0,0,0,0,0,0,0,0,0,-6,1,-7,2,-6,3,-6,1,-8,2,-8,3,-8,4,-11,4,-11,3,-9,6,-8,3,-9,3,-11,4,-13,6,-13,4,-14,6,-12,6,-13,8,-13,6,-12,7,-13,7,-14,11,-15,12,-14,9,-15,9,-15,12,-17,13,-15,12,-17,14,-12,13,-13,13,-11,13,-13,18,-12,19,-11,18,-9,20,-9,22,-11,19,-9,20,-9,24,-7,22,-8,25,-7,22,-4,26,-2,22,0,26,-1,28,3,28,0,30,2,31,0,28,2,33,3,31,4,33,3,34,7,31,11,33,0,0,0,0,0,0,31,-9,37,-12,30,-12,33,-14,36,-17,30,-12,33,-15,28,-14,34,-18,24,-15,25,-18,25,-20,25,-24,25,-24,23,-20,19,-22,20,-25,19,-24,18,-23,19,-28,13,-24,15,-28,9,-23,11,-25,11,-28,9,-29,9,-31,8,-28,7,-30,4,-31,6,-31,2,-30,6,-33,3,-28,2,-31,2,-26,0,-30,1,-28,-1,-30,0,-30,0,-30,3,-26,1,-30,2,-31,1,-26,1,-28,3,-23,0,-26,1,-20,1,-23,1,-23,-1,-22,1,-22,2,-23,3,-18,3,-17,6,-18,0,0,0,0,0,0,0,0,0,0]"""
1782031945208,2026-06-21T17:52:25.208,safe,posture,mhw,standing_still,t017,"CSI_DATA,536252,1a:00:00:00:00:00,-44,11,-99,20,28,11,530987695,47,2,256,0,""[0,0,0,0,0,0,0,0,0,0,0,0,2,-5,4,-4,3,-4,4,-6,4,-6,4,-4,4,-5,5,-6,6,-6,6,-9,8,-6,8,-9,8,-10,9,-9,9,-8,11,-11,10,-11,12,-10,10,-8,10,-11,11,-15,13,-11,13,-12,15,-9,16,-11,15,-10,17,-10,16,-11,18,-11,15,-11,17,-13,15,-11,12,-13,13,-15,16,-16,16,-17,17,-17,17,-13,17,-16,18,-19,16,-18,19,-19,16,-17,16,-23,15,-17,13,-20,16,-21,13,-25,18,-26,18,-26,17,-20,23,-25,19,-25,18,-25,21,-27,18,-26,19,-30,0,0,0,0,0,0,-26,-21,-32,-26,-25,-18,-27,-20,-32,-25,-24,-20,-27,-23,-25,-19,-27,-23,-21,-17,-24,-16,-28,-17,-30,-18,-28,-19,-23,-19,-24,-16,-27,-17,-25,-18,-24,-17,-30,-16,-26,-11,-27,-16,-23,-11,-25,-9,-27,-12,-28,-10,-30,-12,-26,-11,-28,-15,-27,-12,-27,-15,-27,-11,-31,-16,-26,-11,-27,-12,-23,-12,-28,-10,-26,-11,-28,-12,-30,-15,-26,-16,-23,-18,-23,-20,-24,-18,-20,-17,-21,-19,-17,-18,-20,-17,-13,-13,-17,-16,-15,-17,-16,-17,-13,-17,-11,-19,-6,-16,-8,-18,-4,-18,0,0,0,0,0,0,0,0,0,0]"""
1782031945215,2026-06-21T17:52:25.215,safe,posture,mhw,standing_still,t017,"CSI_DATA,536253,1a:00:00:00:00:00,-43,11,-99,18,28,11,530998695,47,2,256,0,""[0,0,0,0,0,0,0,0,0,0,0,0,1,4,0,7,1,6,1,7,1,7,0,8,-1,8,-1,9,0,9,-1,9,-2,12,0,11,-1,13,0,13,-2,14,-1,12,0,15,-2,14,-2,18,-3,17,-6,12,-4,17,-4,15,-3,18,-4,19,-4,18,-4,17,-7,20,-2,17,-4,20,-4,19,-6,23,-6,20,-4,20,-6,20,-4,22,-4,20,-2,23,-3,20,-3,20,-4,23,2,22,0,26,-2,25,-3,33,-3,25,-1,26,-6,26,-1,28,-2,29,2,35,1,33,-1,34,-1,33,2,35,-2,35,-3,34,0,0,0,0,0,0,36,7,31,6,41,6,33,6,29,6,36,6,29,3,36,4,29,3,35,6,33,6,28,9,33,6,28,6,33,3,31,2,30,2,29,1,34,3,26,0,31,-1,29,0,34,1,30,2,28,2,30,-1,26,2,30,-2,31,-1,30,-1,29,1,33,2,26,-2,30,-3,29,1,37,2,29,7,29,3,30,8,26,4,28,6,30,4,29,4,24,4,25,11,23,4,26,7,24,11,26,14,19,12,19,12,15,14,17,12,14,13,15,13,15,13,12,14,0,0,0,0,0,0,0,0,0,0]"""
1782031945228,2026-06-21T17:52:25.228,safe,posture,mhw,standing_still,t017,"CSI_DATA,536254,1a:00:00:00:00:00,-44,11,-99,19,28,11,531009695,47,2,256,0,""[0,0,0,0,0,0,0,0,0,0,0,0,2,4,4,5,2,7,3,7,4,4,3,7,4,8,4,8,4,8,3,9,7,11,7,10,5,10,8,11,5,13,7,13,7,15,7,11,8,15,7,19,9,17,5,15,7,14,10,16,10,16,11,16,9,14,11,16,10,14,14,15,11,14,15,19,11,20,14,16,13,17,14,15,14,13,20,14,17,16,19,11,20,14,20,10,23,13,23,13,29,14,24,14,26,10,26,13,23,8,28,10,34,5,29,8,33,9,32,9,34,4,34,7,34,8,0,0,0,0,0,0,5,-35,4,-32,3,-40,3,-34,2,-32,3,-35,2,-29,2,-38,0,-32,0,-36,1,-35,0,-29,-1,-30,0,-29,-3,-34,-5,-30,-7,-29,-7,-27,-7,-28,-9,-26,-13,-29,-10,-26,-13,-30,-9,-29,-11,-28,-10,-26,-11,-26,-19,-26,-16,-24,-16,-24,-14,-22,-17,-26,-17,-21,-19,-23,-17,-23,-21,-30,-15,-28,-16,-23,-15,-28,-13,-23,-15,-23,-20,-26,-17,-24,-13,-21,-13,-20,-15,-20,-15,-22,-13,-22,-13,-27,-9,-21,-8,-21,-7,-20,-7,-19,-5,-17,-8,-20,-5,-16,-5,-16,0,0,0,0,0,0,0,0,0,0]"""
1782031945240,2026-06-21T17:52:25.240,safe,posture,mhw,standing_still,t017,"CSI_DATA,536255,1a:00:00:00:00:00,-44,11,-99,19,28,11,531020695,47,2,256,0,""[0,0,0,0,0,0,0,0,0,0,0,0,4,0,5,1,8,1,7,0,8,1,8,0,7,0,9,1,11,0,11,0,10,1,13,1,13,1,14,2,14,2,16,2,14,0,17,1,13,1,16,0,17,-1,19,1,20,-1,17,3,19,2,19,1,21,3,19,1,23,1,19,0,22,1,17,-1,22,-3,21,-1,21,-4,23,-4,23,-4,23,-2,23,-4,24,-7,21,-7,27,-9,23,-8,23,-11,20,-9,22,-13,24,-14,22,-15,24,-16,27,-17,23,-14,28,-15,27,-17,30,-19,28,-19,26,-20,28,-20,0,0,0,0,0,0,-19,-29,-22,-30,-20,-23,-23,-27,-24,-32,-19,-24,-23,-28,-21,-22,-24,-27,-20,-22,-22,-21,-24,-22,-26,-21,-27,-21,-21,-20,-24,-20,-27,-17,-27,-17,-24,-15,-28,-16,-23,-11,-28,-16,-23,-10,-26,-9,-28,-10,-30,-9,-33,-10,-28,-10,-28,-9,-29,-8,-30,-9,-29,-7,-32,-9,-29,-7,-29,-8,-26,-7,-29,-5,-29,-5,-30,-3,-28,-7,-30,-8,-26,-11,-28,-10,-27,-9,-24,-7,-28,-10,-20,-10,-26,-9,-19,-7,-20,-9,-19,-9,-20,-9,-19,-10,-21,-13,-15,-13,-14,-11,-13,-13,0,0,0,0,0,0,0,0,0,0]"""
1782031945250,2026-06-21T17:52:25.250,safe,posture,mhw,standing_still,t017,"CSI_DATA,536256,1a:00:00:00:00:00,-44,11,-99,15,29,11,531031695,47,2,256,0,""[0,0,0,0,0,0,0,0,0,0,0,0,-4,-3,-4,-3,-4,-4,-4,-4,-5,-5,-5,-4,-7,-4,-7,-5,-9,-5,-7,-7,-8,-7,-9,-8,-9,-8,-9,-8,-9,-8,-9,-11,-10,-10,-11,-10,-10,-10,-10,-10,-9,-13,-13,-11,-14,-13,-11,-13,-14,-13,-14,-13,-13,-14,-15,-14,-15,-14,-17,-11,-15,-14,-15,-10,-16,-10,-19,-10,-19,-10,-20,-11,-19,-13,-17,-11,-20,-10,-22,-10,-22,-10,-24,-10,-23,-8,-24,-10,-22,-8,-24,-8,-26,-7,-28,-5,-28,-5,-29,-8,-29,-7,-33,-9,-33,-9,-32,-5,-33,-9,-30,-4,-34,-4,0,0,0,0,0,0,-5,35,-7,38,-4,32,-4,34,-4,38,-5,32,-4,34,-3,32,-5,35,-3,32,-1,29,-2,30,2,34,1,34,-1,29,1,30,2,32,2,32,1,30,4,32,4,28,4,33,5,24,8,27,7,27,10,29,7,30,8,27,8,30,10,27,8,30,10,29,10,30,9,27,9,28,10,26,13,28,11,28,11,27,9,29,10,28,5,28,7,28,4,28,4,27,5,28,4,24,3,27,1,21,3,22,1,21,1,22,2,23,-1,20,-2,20,-2,19,-3,19,0,0,0,0,0,0,0,0,0,0]"""
1782031945260,2026-06-21T17:52:25.260,safe,posture,mhw,standing_still,t017,"CSI_DATA,536257,1a:00:00:00:00:00,-44,11,-99,19,28,11,531042695,47,2,256,0,""[0,0,0,0,0,0,0,0,0,0,0,0,-3,4,-2,3,-4,4,-4,5,-7,4,-4,4,-4,5,-7,8,-8,7,-4,8,-7,8,-8,7,-9,8,-9,8,-10,7,-14,9,-11,9,-14,10,-13,10,-11,7,-16,10,-13,10,-14,11,-14,11,-14,11,-14,11,-15,11,-15,11,-19,11,-16,13,-15,14,-14,13,-16,16,-15,14,-15,16,-15,15,-15,17,-15,17,-17,16,-15,20,-13,20,-16,21,-15,19,-13,21,-13,19,-15,24,-15,23,-10,26,-14,26,-14,27,-16,26,-16,26,-16,27,-16,30,-17,28,-15,29,-16,30,0,0,0,0,0,0,30,17,35,15,29,14,34,16,34,17,27,16,32,15,30,16,30,14,29,14,28,13,32,11,27,11,32,7,29,10,28,8,32,7,29,8,27,5,32,9,29,4,29,5,29,5,28,4,32,2,27,3,32,2,30,1,30,3,30,2,32,1,30,-1,33,3,30,3,29,3,28,4,32,1,28,2,32,1,29,4,29,3,29,5,30,8,28,7,27,5,27,9,24,9,23,7,21,9,23,9,21,7,21,7,17,10,19,11,15,10,14,10,13,10,0,0,0,0,0,0,0,0,0,0]"""
1782031945273,2026-06-21T17:52:25.273,safe,posture,mhw,standing_still,t017,"CSI_DATA,536258,1a:00:00:00:00:00,-44,11,-99,20,28,11,531054272,47,2,256,0,""[0,0,0,0,0,0,0,0,0,0,0,0,0,6,1,6,1,6,-1,8,1,8,-1,6,2,9,-1,6,1,11,0,9,0,11,2,12,3,11,3,13,2,13,3,13,4,15,3,13,3,15,4,16,5,15,4,18,4,16,5,17,6,18,6,17,6,18,6,21,8,17,10,18,8,19,12,20,11,17,12,16,12,18,15,16,15,13,16,17,16,16,18,16,19,17,19,9,23,12,23,15,27,13,23,11,27,10,27,12,27,9,27,10,31,6,31,5,33,8,32,3,33,3,35,3,34,0,0,0,0,0,0,0,1,-38,1,-34,0,-38,-1,-38,-2,-31,-1,-35,-3,-30,-4,-35,-2,-31,-6,-33,-6,-31,-4,-30,-11,-32,-9,-28,-9,-28,-12,-28,-13,-27,-13,-25,-16,-28,-17,-20,-20,-23,-16,-25,-20,-23,-20,-20,-18,-21,-23,-20,-19,-18,-21,-19,-25,-19,-24,-17,-23,-17,-27,-19,-25,-12,-28,-13,-25,-17,-31,-16,-25,-13,-27,-13,-27,-15,-27,-12,-25,-13,-26,-13,-26,-11,-25,-11,-24,-13,-23,-10,-24,-12,-20,-12,-24,-11,-18,-11,-20,-12,-19,-12,-18,-10,-16,-11,-15,-12,-16,-12,-16,-13,0,0,0,0,0,0,0,0,0,0]"""
1782031945282,2026-06-21T17:52:25.282,safe,posture,mhw,standing_still,t017,"CSI_DATA,536259,1a:00:00:00:00:00,-44,11,-99,15,29,11,531064695,47,2,256,0,""[0,0,0,0,0,0,0,0,0,0,0,0,-3,7,-3,5,-1,3,-2,7,-2,5,-3,9,-5,8,-4,5,-5,9,-5,7,-5,8,-8,10,-7,10,-7,10,-10,10,-7,9,-10,11,-9,10,-13,11,-11,10,-9,8,-13,13,-13,8,-13,13,-15,14,-14,11,-15,13,-16,14,-11,13,-14,15,-14,11,-17,17,-16,14,-15,14,-16,15,-15,16,-13,14,-13,19,-13,17,-11,15,-19,19,-9,17,-15,22,-17,20,-19,27,-16,19,-14,24,-19,21,-13,22,-15,24,-16,30,-13,27,-21,29,-17,27,-14,28,-21,32,-21,27,0,0,0,0,0,0,32,21,26,17,33,24,24,22,22,19,29,23,23,16,30,22,23,17,28,22,26,21,21,20,27,19,21,17,27,19,26,15,27,15,26,15,27,20,21,10,29,14,24,14,29,15,27,15,23,14,26,14,22,13,29,11,27,13,27,11,24,14,28,17,23,9,29,11,24,13,33,16,26,19,27,16,24,19,23,17,21,15,24,16,23,16,21,14,21,20,21,15,21,20,16,17,19,24,14,20,13,20,9,20,10,16,8,17,9,19,8,16,4,17,0,0,0,0,0,0,0,0,0,0]"""
1782031945294,2026-06-21T17:52:25.294,safe,posture,mhw,standing_still,t017,"CSI_DATA,536260,1a:00:00:00:00:00,-44,11,-99,18,28,11,531075695,47,2,256,0,""[0,0,0,0,0,0,0,0,0,0,0,0,-2,3,-2,6,-4,3,-3,6,-2,7,-4,7,-3,9,-3,9,-3,8,-3,9,-4,11,-6,9,-4,11,-4,13,-6,12,-7,11,-6,14,-4,14,-7,15,-9,14,-11,17,-7,14,-7,15,-6,19,-6,17,-6,17,-7,18,-7,19,-4,17,-4,22,-4,19,-4,24,-3,22,-2,22,-2,22,-2,22,0,20,1,24,0,20,1,24,2,24,3,23,4,26,6,24,7,30,6,26,7,25,9,25,9,24,12,25,12,31,12,28,13,31,13,30,17,29,17,31,18,29,0,0,0,0,0,0,29,-19,26,-18,30,-23,26,-22,24,-18,28,-23,24,-19,28,-24,23,-20,28,-24,23,-23,22,-23,19,-22,18,-22,20,-26,17,-24,17,-26,13,-22,15,-26,14,-24,13,-30,11,-25,14,-29,11,-29,8,-28,8,-26,9,-25,6,-30,7,-31,6,-29,6,-26,4,-30,3,-28,4,-33,2,-28,4,-36,4,-30,4,-29,6,-31,4,-25,4,-26,2,-31,6,-28,4,-24,4,-25,4,-23,6,-26,2,-23,8,-26,7,-23,6,-20,6,-20,7,-17,6,-18,8,-20,8,-17,7,-15,0,0,0,0,0,0,0,0,0,0]"""
1782031945307,2026-06-21T17:52:25.307,safe,posture,mhw,standing_still,t017,"CSI_DATA,536261,1a:00:00:00:00:00,-44,11,-99,16,29,11,531086695,47,2,256,0,""[0,0,0,0,0,0,0,0,0,0,0,0,0,-5,0,-5,1,-6,1,-6,1,-6,0,-8,1,-6,2,-8,1,-10,3,-9,3,-10,3,-11,3,-11,5,-11,6,-12,5,-12,5,-13,8,-13,5,-13,9,-15,11,-16,8,-16,11,-17,10,-13,12,-16,11,-16,12,-15,13,-17,12,-16,10,-17,12,-16,11,-17,10,-15,12,-16,13,-18,11,-18,12,-18,13,-17,13,-17,15,-19,15,-20,13,-20,13,-20,15,-21,13,-20,12,-21,13,-23,13,-24,13,-26,15,-27,17,-25,19,-26,19,-26,17,-26,18,-30,19,-27,19,-28,0,0,0,0,0,0,-28,-24,-27,-26,-25,-20,-26,-23,-27,-24,-23,-24,-25,-25,-24,-24,-23,-24,-24,-24,-21,-20,-20,-21,-26,-20,-24,-19,-20,-21,-23,-23,-21,-20,-19,-20,-20,-23,-23,-19,-24,-17,-21,-20,-19,-15,-21,-16,-21,-19,-25,-17,-21,-19,-20,-19,-21,-20,-24,-18,-21,-21,-24,-21,-23,-19,-20,-20,-20,-20,-19,-21,-20,-21,-20,-20,-20,-24,-19,-25,-16,-25,-13,-23,-15,-25,-12,-26,-11,-25,-10,-24,-9,-24,-9,-25,-5,-20,-5,-20,-4,-21,-4,-19,-3,-23,-1,-21,1,-19,2,-18,4,-17,0,0,0,0,0,0,0,0,0,0]"""
1782031945315,2026-06-21T17:52:25.315,safe,posture,mhw,standing_still,t017,"CSI_DATA,536262,1a:00:00:00:00:00,-44,11,-99,16,29,11,531097695,47,2,256,0,""[0,0,0,0,0,0,0,0,0,0,0,0,-3,3,-4,3,-5,4,-5,4,-5,4,-8,3,-6,4,-8,4,-9,4,-9,4,-11,5,-10,4,-11,4,-10,6,-11,6,-11,3,-15,5,-15,5,-16,4,-18,4,-16,5,-17,1,-17,3,-18,3,-19,2,-19,1,-18,2,-19,1,-18,1,-20,2,-19,2,-21,1,-24,0,-23,0,-21,1,-19,1,-21,2,-24,2,-21,2,-20,3,-23,2,-24,2,-25,3,-27,3,-30,2,-28,1,-28,2,-27,2,-24,2,-30,2,-32,3,-27,2,-32,1,-35,-1,-33,2,-35,-1,-34,1,0,0,0,0,0,0,-3,35,-1,32,-2,38,-4,34,-4,32,-3,33,-5,33,-6,34,-3,32,-8,35,-8,33,-6,31,-8,28,-6,30,-6,31,-4,30,-3,31,-5,27,-6,28,-6,27,-5,30,-4,30,-6,32,-8,30,-4,28,-6,27,-5,28,-4,30,-6,28,-4,30,-5,27,-5,28,-8,27,-6,30,-8,28,-11,32,-12,31,-11,27,-12,27,-13,23,-13,25,-15,27,-17,23,-13,21,-15,20,-15,20,-17,19,-17,17,-21,15,-19,15,-19,11,-19,10,-16,9,-18,8,-17,5,-16,4,-17,3,0,0,0,0,0,0,0,0,0,0]"""
1782031945324,2026-06-21T17:52:25.324,safe,posture,mhw,standing_still,t017,"CSI_DATA,536263,1a:00:00:00:00:00,-44,11,-99,14,29,11,531108695,47,2,256,0,""[0,0,0,0,0,0,0,0,0,0,0,0,3,3,4,3,4,3,4,4,7,4,4,6,6,4,6,7,9,4,7,9,6,8,7,9,7,9,8,13,6,12,7,13,8,12,6,14,6,12,8,13,8,13,9,17,6,17,4,18,3,19,4,18,3,19,4,19,4,20,4,19,2,20,4,18,4,19,6,20,6,23,6,23,4,23,3,22,4,23,4,24,3,24,4,25,4,24,6,26,3,23,4,23,7,26,7,28,7,29,6,29,3,29,2,33,3,30,1,33,2,35,2,33,3,33,0,0,0,0,0,0,36,1,41,2,33,3,36,3,39,4,33,8,34,6,33,4,33,8,30,6,29,4,30,7,33,4,31,7,29,11,29,8,31,8,29,8,29,8,31,6,28,4,31,9,25,4,28,4,28,6,31,4,31,7,26,9,29,11,28,8,28,12,29,11,30,11,28,11,28,13,26,12,25,12,28,13,28,14,26,15,24,17,20,19,22,19,20,22,19,20,19,20,15,20,15,22,11,19,11,19,11,19,9,18,8,20,4,19,2,18,1,18,-1,19,0,0,0,0,0,0,0,0,0,0]"""
1782031945337,2026-06-21T17:52:25.337,safe,posture,mhw,standing_still,t017,"CSI_DATA,536264,1a:00:00:00:00:00,-44,11,-99,19,28,11,531119695,47,2,256,0,""[0,0,0,0,0,0,0,0,0,0,0,0,4,2,4,2,5,3,5,1,4,3,4,3,7,4,9,4,9,5,10,4,8,5,10,7,10,5,10,7,10,7,15,10,11,7,13,9,10,8,14,9,16,10,15,10,16,9,14,10,15,10,14,11,15,13,14,10,16,13,15,10,17,10,15,9,20,10,17,10,21,10,21,10,20,10,19,10,21,10,24,10,22,7,24,11,23,10,27,5,20,7,27,4,27,9,29,4,29,7,30,8,28,7,30,9,32,9,34,8,32,7,32,7,35,3,0,0,0,0,0,0,9,-33,9,-38,4,-28,5,-34,8,-40,7,-29,8,-36,5,-30,8,-34,5,-28,5,-30,3,-33,3,-32,1,-34,5,-30,2,-29,1,-32,1,-30,1,-27,1,-35,-2,-27,-1,-32,-2,-26,-2,-27,-1,-29,-4,-29,-2,-32,-3,-28,-2,-30,-4,-30,-3,-33,-5,-28,-1,-35,-3,-28,-4,-32,-1,-24,-3,-29,-1,-28,-5,-30,-2,-30,0,-29,2,-28,3,-29,2,-32,2,-24,2,-29,5,-22,2,-27,3,-19,3,-23,4,-21,3,-22,7,-20,9,-21,8,-16,9,-15,10,-15,0,0,0,0,0,0,0,0,0,0]"""
1782031945348,2026-06-21T17:52:25.348,safe,posture,mhw,standing_still,t017,"CSI_DATA,536265,1a:00:00:00:00:00,-44,11,-99,15,29,11,531130695,47,2,256,0,""[0,0,0,0,0,0,0,0,0,0,0,0,-1,-5,-3,-5,-2,-4,-1,-7,-2,-7,-2,-7,-4,-8,-3,-8,-5,-7,-3,-9,-4,-9,-5,-10,-5,-10,-4,-10,-5,-14,-5,-11,-7,-14,-5,-14,-8,-14,-9,-10,-5,-11,-11,-15,-8,-15,-9,-16,-11,-16,-11,-15,-11,-15,-11,-17,-11,-14,-15,-15,-15,-15,-16,-14,-15,-13,-16,-11,-17,-11,-20,-13,-19,-8,-20,-11,-21,-10,-20,-8,-21,-10,-23,-5,-24,-4,-26,-7,-27,-4,-22,-4,-28,-1,-28,-3,-29,0,-30,-1,-30,2,-33,3,-34,1,-30,1,-33,3,-35,4,-33,4,0,0,0,0,0,0,7,38,8,35,9,35,7,34,10,32,9,36,10,29,14,34,10,28,11,32,15,27,11,27,20,27,15,26,16,26,19,24,19,23,20,22,20,26,21,17,24,17,21,20,23,17,22,16,23,16,29,15,23,15,24,13,27,13,27,10,27,13,28,14,26,7,29,7,28,9,32,10,26,9,29,4,28,9,28,8,24,8,28,7,28,5,24,8,27,9,23,5,27,7,23,9,24,9,20,7,22,7,20,9,21,8,19,9,16,10,15,9,16,10,0,0,0,0,0,0,0,0,0,0]"""
1782031945358,2026-06-21T17:52:25.358,safe,posture,mhw,standing_still,t017,"CSI_DATA,536266,1a:00:00:00:00:00,-44,11,-99,20,28,11,531141695,47,2,256,0,""[0,0,0,0,0,0,0,0,0,0,0,0,0,6,0,8,1,5,-1,6,0,8,-1,6,0,8,-1,8,0,11,-1,11,-1,10,-1,13,-1,13,-3,15,-3,13,-3,15,-2,16,-4,15,-4,16,-2,15,-2,16,-4,17,-5,18,-6,17,-5,17,-5,19,-9,19,-8,19,-9,17,-6,19,-9,18,-5,17,-4,18,-3,20,-4,20,-5,24,-6,23,-8,19,-6,21,-5,25,-5,23,-3,26,-4,24,-5,26,-4,23,-4,26,-2,26,0,28,0,31,-2,28,-5,28,-4,33,-6,34,-4,32,-6,34,-5,35,-4,34,0,0,0,0,0,0,34,5,36,10,32,6,34,9,35,10,31,12,32,8,32,9,31,10,28,8,30,4,31,6,33,4,33,6,28,8,32,5,32,4,30,6,31,5,32,4,30,1,30,6,26,2,28,0,28,3,31,0,32,2,28,2,32,3,31,2,30,4,31,4,32,2,28,3,30,5,28,4,30,3,31,3,30,3,33,4,30,5,26,10,27,9,27,10,26,11,25,11,20,11,21,12,19,10,18,11,18,12,19,11,18,12,16,15,11,12,10,13,9,15,0,0,0,0,0,0,0,0,0,0]"""
1782031945372,2026-06-21T17:52:25.372,safe,posture,mhw,standing_still,t017,"CSI_DATA,536267,1a:00:00:00:00:00,-44,11,-99,19,28,11,531152695,47,2,256,0,""[0,0,0,0,0,0,0,0,0,0,0,0,5,2,5,1,5,3,8,3,7,2,7,3,9,3,9,3,9,3,9,3,11,3,11,3,13,3,13,3,13,4,14,5,14,4,14,4,16,5,17,4,15,3,15,7,16,5,19,4,19,5,17,5,17,2,19,3,19,4,21,3,20,2,22,2,23,1,21,2,22,1,21,0,22,-1,23,-2,22,-2,21,-3,22,-4,23,-5,26,-7,26,-9,28,-8,29,-9,27,-9,27,-10,24,-8,27,-11,29,-13,26,-15,26,-16,32,-14,29,-20,30,-19,29,-19,0,0,0,0,0,0,-19,-28,-20,-26,-22,-29,-22,-27,-17,-26,-22,-28,-21,-26,-23,-26,-23,-23,-23,-26,-23,-24,-22,-21,-22,-20,-23,-20,-27,-20,-26,-17,-26,-17,-23,-14,-23,-13,-26,-13,-27,-13,-27,-11,-28,-10,-28,-11,-28,-9,-24,-10,-28,-9,-30,-5,-29,-8,-29,-5,-27,-5,-30,-4,-29,-5,-32,-3,-30,-2,-34,-5,-30,-5,-30,-3,-30,-3,-28,-7,-27,-3,-30,-4,-29,-5,-24,-4,-24,-3,-27,-4,-26,-9,-24,-4,-24,-8,-23,-5,-22,-8,-19,-7,-17,-7,-20,-9,-19,-7,-16,-8,-15,-10,0,0,0,0,0,0,0,0,0,0]"""
1782031945386,2026-06-21T17:52:25.386,safe,posture,mhw,standing_still,t017,"CSI_DATA,536268,1a:00:00:00:00:00,-44,11,-99,16,29,11,531165939,47,2,256,0,""[0,0,0,0,0,0,0,0,0,0,0,0,-5,-2,-5,-1,-6,-2,-6,0,-6,-2,-5,-3,-6,-2,-9,-3,-9,-3,-10,-4,-11,-4,-9,-5,-11,-6,-12,-6,-9,-8,-13,-9,-13,-6,-12,-10,-11,-8,-10,-9,-11,-12,-15,-9,-13,-15,-11,-12,-12,-12,-13,-12,-13,-16,-13,-12,-13,-18,-13,-13,-12,-16,-10,-12,-15,-13,-13,-16,-16,-15,-16,-16,-16,-18,-13,-17,-15,-18,-18,-18,-17,-16,-17,-20,-13,-18,-19,-17,-15,-15,-19,-16,-17,-18,-23,-17,-24,-20,-23,-18,-16,-20,-19,-25,-21,-23,-23,-28,-19,-26,-20,-23,-24,-25,0,0,0,0,0,0,-28,19,-32,21,-24,18,-26,19,-33,20,-26,13,-32,18,-26,16,-30,16,-26,11,-24,13,-26,16,-27,17,-28,19,-25,12,-26,15,-27,16,-27,17,-25,13,-28,15,-23,16,-27,13,-20,12,-23,15,-25,16,-25,17,-27,18,-24,13,-26,15,-25,15,-30,15,-26,15,-32,13,-26,12,-26,12,-24,8,-26,12,-27,12,-27,12,-31,8,-30,5,-27,4,-30,3,-30,2,-27,2,-30,1,-24,-2,-25,0,-19,-1,-23,-2,-21,-4,-21,-2,-21,-5,-20,-8,-15,-9,-16,-9,-13,-10,0,0,0,0,0,0,0,0,0,0]"""
1782031945393,2026-06-21T17:52:25.393,safe,posture,mhw,standing_still,t017,"CSI_DATA,536269,1a:00:00:00:00:00,-44,11,-99,14,29,11,531174695,47,2,256,0,""[0,0,0,0,0,0,0,0,0,0,0,0,4,4,4,3,3,6,3,6,3,6,4,7,4,7,6,8,4,7,4,9,6,11,4,11,4,12,3,12,4,13,3,14,3,14,3,15,2,18,1,14,1,17,1,15,2,17,2,19,2,20,2,20,0,18,1,19,-1,19,-1,20,1,19,-1,23,0,24,0,22,-1,23,-1,22,-1,20,2,23,-1,24,1,23,1,23,0,23,-1,28,1,26,-1,26,0,28,-1,29,0,30,-2,28,1,29,0,31,-2,30,-3,33,-6,33,-3,34,-4,35,-4,36,0,0,0,0,0,0,35,4,33,7,36,6,33,8,33,9,33,11,33,9,33,11,29,8,31,13,31,12,30,11,28,12,29,9,30,11,28,8,30,8,26,9,26,8,28,12,29,11,29,9,28,11,28,11,28,9,25,12,28,9,30,8,28,12,28,9,26,11,28,11,25,13,28,13,26,12,28,18,26,17,24,18,23,18,22,20,22,17,22,19,20,20,19,19,19,20,14,22,14,22,15,19,9,22,9,22,8,22,7,19,3,20,6,18,3,22,1,17,0,19,0,0,0,0,0,0,0,0,0,0]"""
1782031945404,2026-06-21T17:52:25.404,safe,posture,mhw,standing_still,t017,"CSI_DATA,536270,1a:00:00:00:00:00,-44,11,-99,19,28,11,531185695,47,2,256,0,""[0,0,0,0,0,0,0,0,0,0,0,0,5,3,5,2,7,3,7,3,8,4,7,4,7,4,10,4,9,4,10,5,8,5,10,4,11,5,13,7,10,7,14,8,11,7,14,9,11,4,11,8,16,10,15,8,17,10,14,10,14,9,15,9,15,11,15,11,17,13,15,9,17,10,15,8,20,8,19,9,20,7,22,8,22,9,21,9,23,9,23,7,22,7,26,8,23,9,24,5,21,4,28,3,27,5,28,1,30,3,32,3,27,4,32,5,32,4,35,4,34,7,32,3,33,4,0,0,0,0,0,0,3,-34,2,-39,1,-30,4,-34,4,-39,4,-30,2,-38,1,-30,2,-36,1,-29,1,-28,-1,-30,-1,-33,-2,-36,0,-30,-3,-30,-3,-30,-2,-30,-2,-28,-4,-33,-4,-27,-5,-30,-7,-24,-7,-26,-7,-29,-10,-29,-10,-30,-7,-28,-8,-28,-10,-27,-7,-30,-9,-27,-7,-34,-9,-27,-10,-29,-5,-24,-11,-28,-9,-28,-13,-29,-7,-29,-8,-29,-2,-28,-4,-29,-3,-30,-4,-24,-3,-28,0,-23,-3,-24,0,-20,-3,-23,-1,-23,-1,-22,1,-21,3,-22,3,-17,4,-16,7,-17,0,0,0,0,0,0,0,0,0,0]"""
1782031945414,2026-06-21T17:52:25.414,safe,posture,mhw,standing_still,t017,"CSI_DATA,536271,1a:00:00:00:00:00,-44,11,-99,14,29,11,531196695,47,2,256,0,""[0,0,0,0,0,0,0,0,0,0,0,0,6,-2,4,-1,6,-3,4,-3,7,-3,6,-2,6,-2,8,-4,8,-3,9,-7,9,-6,9,-6,9,-6,11,-7,9,-4,14,-8,9,-8,13,-11,11,-8,11,-6,14,-7,13,-11,15,-13,14,-12,13,-11,14,-13,14,-13,12,-13,15,-15,13,-13,13,-17,9,-13,12,-18,11,-17,9,-20,8,-22,8,-23,9,-20,7,-20,7,-24,4,-22,7,-29,3,-23,2,-28,3,-20,0,-25,1,-28,-6,-28,-3,-30,-2,-31,-3,-29,-4,-33,-4,-31,-7,-35,-6,-31,-7,-28,-13,-34,0,0,0,0,0,0,-31,11,-36,17,-24,12,-28,14,-37,19,-26,12,-33,20,-25,14,-30,20,-23,18,-23,18,-23,22,-24,23,-23,25,-22,22,-20,23,-18,25,-18,26,-14,22,-17,29,-11,23,-13,29,-7,22,-9,26,-9,29,-9,29,-8,34,-7,26,-7,29,-4,31,-4,31,0,28,-7,35,-2,28,-1,30,-2,25,1,31,-1,29,2,30,0,31,-1,31,-2,26,-2,29,0,30,0,26,-1,29,-2,23,1,26,0,18,-1,23,-1,22,0,22,-1,22,-2,24,-1,17,-3,18,-4,17,0,0,0,0,0,0,0,0,0,0]"""
1782031945426,2026-06-21T17:52:25.426,safe,posture,mhw,standing_still,t017,"CSI_DATA,536272,1a:00:00:00:00:00,-44,11,-99,18,29,11,531207695,47,2,256,0,""[0,0,0,0,0,0,0,0,0,0,0,0,-5,1,-5,3,-5,2,-6,3,-6,3,-7,4,-8,3,-6,4,-8,4,-8,4,-9,5,-10,6,-10,5,-11,7,-10,6,-11,5,-14,7,-14,7,-16,8,-11,7,-14,6,-14,8,-15,7,-16,11,-17,10,-15,11,-14,9,-15,13,-13,10,-16,14,-14,13,-17,16,-15,16,-14,15,-13,18,-11,15,-10,16,-10,21,-10,19,-8,19,-9,22,-7,20,-7,27,-6,23,-7,28,-5,26,-5,28,-4,29,-4,27,-3,27,-1,32,-1,29,-2,33,-3,33,1,33,1,35,0,34,0,0,0,0,0,0,34,-2,31,-5,39,-7,32,-7,31,-7,33,-9,31,-8,34,-9,28,-8,35,-9,30,-13,28,-11,27,-10,26,-14,28,-17,26,-17,26,-19,22,-16,22,-18,22,-16,22,-22,18,-20,22,-23,19,-22,18,-21,17,-19,16,-21,15,-28,15,-27,14,-26,13,-25,13,-28,13,-23,13,-27,11,-25,16,-32,14,-28,13,-26,11,-28,11,-25,9,-25,9,-28,13,-26,9,-22,11,-25,10,-21,13,-23,8,-22,13,-22,13,-20,11,-19,11,-18,9,-16,10,-16,13,-17,10,-14,11,-13,0,0,0,0,0,0,0,0,0,0]"""
1782031945437,2026-06-21T17:52:25.437,safe,posture,mhw,standing_still,t017,"CSI_DATA,536273,1a:00:00:00:00:00,-44,11,-99,19,28,11,531218695,47,2,256,0,""[0,0,0,0,0,0,0,0,0,0,0,0,5,3,4,3,7,3,5,3,7,4,7,4,7,3,7,2,10,3,10,5,8,4,10,4,9,5,13,7,11,7,13,7,13,7,15,8,13,4,13,5,15,8,19,4,19,7,16,8,19,8,16,8,19,9,19,9,20,7,19,5,19,8,19,4,20,1,19,1,22,1,24,1,23,0,22,2,23,0,26,0,23,-3,27,-3,24,-4,26,-5,21,-4,24,-7,26,-10,26,-13,27,-11,28,-13,26,-9,30,-13,32,-13,27,-14,33,-14,29,-17,28,-17,0,0,0,0,0,0,-19,-32,-20,-32,-17,-26,-19,-28,-22,-29,-16,-28,-20,-27,-20,-26,-20,-28,-19,-22,-21,-20,-23,-20,-28,-21,-26,-20,-20,-22,-24,-20,-27,-17,-26,-17,-26,-17,-28,-14,-24,-13,-28,-16,-23,-8,-24,-7,-26,-8,-30,-5,-32,-9,-27,-8,-30,-8,-29,-3,-32,-7,-30,-5,-32,-4,-29,-3,-30,-5,-27,-2,-29,-1,-29,-1,-30,-1,-30,-1,-30,-4,-27,-8,-28,-3,-28,-5,-27,-4,-26,-4,-23,-7,-24,-5,-19,-4,-21,-3,-23,-2,-21,-3,-21,-3,-19,-5,-17,-7,-16,-9,-16,-9,0,0,0,0,0,0,0,0,0,0]"""
1782031945447,2026-06-21T17:52:25.447,safe,posture,mhw,standing_still,t017,"CSI_DATA,536274,1a:00:00:00:00:00,-44,11,-99,16,29,11,531229695,47,2,256,0,""[0,0,0,0,0,0,0,0,0,0,0,0,-2,5,-2,5,-3,4,-2,6,-2,5,-2,8,-3,8,-5,6,-4,10,-4,6,-4,8,-8,10,-6,10,-6,10,-10,11,-6,10,-9,12,-9,10,-11,12,-12,12,-10,11,-12,12,-13,9,-12,11,-13,13,-16,11,-15,10,-19,11,-12,10,-16,13,-15,12,-17,16,-17,10,-17,13,-18,13,-17,13,-15,12,-16,16,-17,16,-15,15,-19,15,-13,16,-18,20,-19,17,-21,20,-18,15,-18,21,-20,17,-19,20,-20,19,-20,25,-19,23,-26,24,-21,21,-24,23,-25,23,-23,21,0,0,0,0,0,0,24,32,19,25,21,31,18,31,17,25,19,31,16,23,21,32,15,24,19,31,16,28,12,25,19,25,13,24,16,26,17,26,19,23,17,23,17,26,16,20,20,24,15,21,17,26,17,24,12,23,19,25,13,24,17,23,17,24,18,23,15,24,18,31,17,20,18,24,13,24,18,30,12,26,12,25,12,27,11,25,9,24,11,27,9,26,8,24,5,28,8,21,4,26,2,24,1,28,-1,20,0,20,-3,20,-2,21,-3,19,-4,19,-4,18,-6,18,0,0,0,0,0,0,0,0,0,0]"""
1782031945458,2026-06-21T17:52:25.458,safe,posture,mhw,standing_still,t017,"CSI_DATA,536275,1a:00:00:00:00:00,-44,11,-99,20,28,11,531240695,47,2,256,0,""[0,0,0,0,0,0,0,0,0,0,0,0,0,5,1,6,2,5,0,6,1,6,1,8,1,8,0,10,3,10,1,9,3,10,3,11,4,12,3,12,4,13,3,12,2,15,3,13,2,15,2,18,1,17,5,16,3,16,4,18,4,19,4,17,3,18,4,20,5,19,9,19,5,16,8,21,5,20,8,19,9,21,10,20,10,18,10,19,11,18,15,19,12,21,16,16,16,19,17,23,18,21,15,18,20,20,19,19,21,20,20,20,24,17,25,18,25,23,24,20,27,20,28,18,26,23,0,0,0,0,0,0,23,-28,21,-27,21,-28,20,-27,18,-27,24,-28,18,-24,20,-28,18,-26,19,-30,15,-27,15,-25,13,-30,12,-27,13,-26,11,-28,10,-30,9,-28,12,-31,5,-26,5,-30,9,-28,8,-28,3,-27,6,-27,4,-32,3,-26,3,-30,1,-32,2,-28,2,-30,5,-33,-1,-27,0,-31,1,-28,0,-33,2,-27,-1,-30,2,-30,1,-31,2,-27,3,-28,1,-28,3,-25,5,-27,1,-25,2,-25,6,-24,5,-26,5,-19,5,-24,6,-20,6,-21,6,-17,8,-19,8,-17,10,-16,0,0,0,0,0,0,0,0,0,0]"""
1782031945470,2026-06-21T17:52:25.470,safe,posture,mhw,standing_still,t017,"CSI_DATA,536276,1a:00:00:00:00:00,-44,11,-99,19,28,11,531251695,47,2,256,0,""[0,0,0,0,0,0,0,0,0,0,0,0,5,1,4,1,8,0,7,0,7,1,5,2,7,1,8,1,9,1,11,1,9,3,10,1,13,2,14,3,13,3,16,2,13,2,15,5,13,4,13,4,16,5,19,3,19,4,16,5,19,5,19,4,19,7,20,4,22,4,20,3,21,4,17,2,21,1,21,-1,21,-1,23,0,23,1,22,1,24,1,26,-2,24,-1,28,-2,24,-2,26,-5,20,-2,26,-7,26,-5,27,-10,29,-8,29,-10,29,-5,30,-7,32,-7,32,-9,34,-9,30,-13,29,-10,0,0,0,0,0,0,-8,-33,-13,-38,-10,-28,-13,-33,-13,-36,-9,-29,-14,-34,-11,-29,-11,-33,-11,-27,-14,-24,-14,-28,-19,-28,-16,-28,-10,-27,-13,-27,-15,-26,-15,-28,-14,-26,-20,-27,-17,-21,-17,-24,-16,-19,-20,-19,-20,-21,-23,-22,-22,-22,-16,-21,-20,-22,-22,-20,-21,-23,-22,-19,-23,-26,-20,-20,-22,-21,-17,-17,-22,-19,-21,-17,-23,-19,-22,-21,-21,-21,-14,-22,-17,-22,-17,-24,-19,-21,-15,-21,-11,-20,-15,-22,-11,-14,-11,-19,-13,-17,-11,-17,-11,-19,-8,-19,-4,-16,-4,-16,-3,-17,0,0,0,0,0,0,0,0,0,0]"""
1782031945484,2026-06-21T17:52:25.484,safe,posture,mhw,standing_still,t017,"CSI_DATA,536277,1a:00:00:00:00:00,-44,11,-99,16,29,11,531262695,47,2,256,0,""[0,0,0,0,0,0,0,0,0,0,0,0,-5,-4,-4,-4,-5,-6,-4,-4,-3,-5,-3,-6,-5,-4,-6,-5,-8,-8,-6,-8,-6,-6,-8,-10,-6,-9,-8,-11,-6,-10,-9,-13,-8,-12,-8,-13,-8,-11,-9,-10,-9,-10,-10,-15,-10,-16,-6,-16,-8,-17,-8,-16,-8,-18,-9,-16,-10,-17,-10,-15,-11,-17,-9,-15,-12,-16,-12,-16,-16,-16,-17,-17,-15,-18,-13,-17,-13,-18,-17,-18,-16,-17,-19,-18,-17,-17,-19,-17,-16,-13,-21,-15,-20,-16,-24,-13,-26,-17,-26,-19,-20,-18,-27,-20,-24,-19,-27,-19,-26,-20,-26,-17,-27,-16,0,0,0,0,0,0,-19,28,-24,32,-15,25,-20,28,-21,31,-19,24,-21,28,-17,27,-20,28,-15,23,-13,24,-16,27,-15,30,-16,31,-17,23,-13,26,-12,26,-13,27,-13,25,-12,30,-8,27,-11,28,-5,23,-5,25,-9,27,-6,30,-8,32,-8,26,-9,30,-5,28,-9,31,-5,30,-8,33,-8,27,-8,28,-8,24,-5,28,-6,28,-4,30,-6,30,-11,28,-11,25,-11,26,-13,26,-10,25,-12,25,-12,20,-10,23,-10,17,-11,19,-12,19,-11,19,-12,17,-15,17,-12,10,-15,11,-17,10,0,0,0,0,0,0,0,0,0,0]"""
1782031945492,2026-06-21T17:52:25.492,safe,posture,mhw,standing_still,t017,"CSI_DATA,536278,1a:00:00:00:00:00,-44,11,-99,15,29,11,531273695,47,2,256,0,""[0,0,0,0,0,0,0,0,0,0,0,0,0,4,1,7,0,7,0,8,2,5,2,8,3,10,0,8,2,11,1,10,2,11,4,11,4,13,5,11,1,14,3,13,4,14,4,14,4,16,3,16,0,15,7,15,4,16,5,15,10,17,11,16,8,16,9,20,9,14,11,19,10,16,15,20,11,17,14,15,13,16,15,16,14,14,20,13,17,13,20,11,21,15,19,7,24,9,23,10,29,11,23,10,26,8,27,10,27,7,28,5,32,1,32,0,34,5,32,4,35,-1,34,2,33,5,0,0,0,0,0,0,2,-38,-2,-32,-2,-40,1,-35,-3,-29,-3,-36,-5,-28,-8,-38,-5,-28,-9,-34,-9,-32,-5,-28,-14,-29,-10,-27,-14,-27,-16,-26,-19,-24,-15,-23,-15,-28,-19,-17,-22,-22,-16,-21,-23,-23,-20,-22,-17,-19,-22,-20,-19,-16,-23,-15,-23,-15,-26,-13,-24,-14,-28,-20,-23,-9,-28,-11,-26,-13,-34,-15,-24,-14,-26,-13,-26,-14,-26,-11,-23,-9,-26,-10,-27,-10,-26,-9,-24,-13,-22,-8,-26,-10,-20,-11,-24,-13,-19,-9,-19,-11,-17,-13,-17,-10,-16,-9,-17,-10,-16,-9,-15,-13,0,0,0,0,0,0,0,0,0,0]"""
1782031945502,2026-06-21T17:52:25.502,safe,posture,mhw,standing_still,t017,"CSI_DATA,536279,1a:00:00:00:00:00,-44,11,-99,15,29,11,531284695,47,2,256,0,""[0,0,0,0,0,0,0,0,0,0,0,0,2,-4,3,-5,2,-4,4,-5,2,-4,4,-7,5,-9,7,-4,4,-9,5,-8,4,-8,8,-11,5,-10,4,-10,9,-13,5,-10,7,-14,5,-10,8,-15,7,-16,5,-14,7,-17,8,-13,9,-17,5,-16,5,-17,8,-16,9,-20,4,-16,4,-20,4,-19,4,-24,5,-19,4,-20,3,-21,2,-21,1,-20,-1,-22,-1,-21,-2,-21,-1,-26,-7,-21,-8,-26,-5,-26,-9,-30,-3,-29,-9,-26,-7,-28,-9,-23,-10,-27,-16,-28,-16,-26,-16,-30,-14,-29,-22,-28,-20,-30,-19,-28,0,0,0,0,0,0,-30,22,-27,16,-33,26,-28,21,-20,17,-29,22,-21,20,-27,27,-20,21,-22,27,-21,26,-22,21,-17,27,-19,22,-16,26,-13,27,-13,28,-13,26,-16,28,-7,26,-8,32,-10,27,-9,32,-9,28,-8,27,-3,29,-5,26,-2,29,-1,30,-2,28,-2,27,-2,33,3,26,3,32,1,29,1,38,-3,28,0,30,-3,30,-1,29,0,26,2,29,2,28,2,27,-2,28,3,23,3,26,-2,24,-2,28,-2,20,-1,24,-4,21,-3,20,-3,19,-4,19,-3,19,-5,17,0,0,0,0,0,0,0,0,0,0]"""
1782031945515,2026-06-21T17:52:25.515,safe,posture,mhw,standing_still,t017,"CSI_DATA,536280,1a:00:00:00:00:00,-44,11,-99,16,29,11,531295695,47,2,256,0,""[0,0,0,0,0,0,0,0,0,0,0,0,-5,0,-5,1,-8,0,-5,0,-6,-1,-6,-1,-8,0,-9,-2,-9,-1,-11,-1,-10,-3,-9,-3,-12,-4,-12,-3,-12,-3,-15,-6,-12,-4,-13,-6,-10,-8,-13,-3,-15,-6,-16,-8,-17,-10,-13,-9,-15,-10,-15,-10,-17,-12,-16,-10,-18,-13,-15,-9,-19,-11,-15,-11,-18,-9,-18,-11,-19,-9,-19,-9,-20,-11,-19,-12,-19,-11,-21,-11,-20,-9,-24,-11,-19,-11,-24,-9,-18,-9,-25,-10,-24,-11,-27,-6,-27,-10,-27,-12,-23,-13,-28,-16,-27,-12,-30,-13,-28,-16,-27,-12,-33,-13,0,0,0,0,0,0,-17,31,-19,34,-13,25,-17,28,-23,33,-16,24,-19,31,-17,26,-20,28,-16,25,-13,25,-15,30,-16,28,-18,31,-16,23,-17,25,-16,26,-17,27,-16,24,-17,28,-11,24,-16,26,-11,20,-11,25,-13,26,-12,27,-16,30,-13,24,-16,25,-15,27,-16,27,-12,26,-19,28,-13,24,-15,26,-12,21,-12,27,-16,25,-16,25,-18,25,-18,23,-21,18,-21,19,-21,18,-18,18,-21,17,-18,12,-19,17,-15,10,-18,13,-18,10,-18,11,-19,10,-20,6,-17,4,-18,2,-19,2,0,0,0,0,0,0,0,0,0,0]"""
1782031945524,2026-06-21T17:52:25.524,safe,posture,mhw,standing_still,t017,"CSI_DATA,536281,1a:00:00:00:00:00,-44,11,-99,20,28,11,531306695,47,2,256,0,""[0,0,0,0,0,0,0,0,0,0,0,0,1,4,1,6,1,5,2,8,2,5,2,9,2,9,1,8,3,11,2,11,3,11,2,10,4,11,4,11,2,11,3,15,6,15,3,15,3,17,3,16,5,15,2,16,2,17,6,19,5,18,4,18,6,17,6,18,5,19,8,18,8,18,9,21,9,19,9,19,8,19,10,18,11,18,16,20,12,18,13,17,15,18,16,17,17,18,18,18,19,21,19,19,20,19,21,19,20,17,24,18,27,17,26,16,26,16,28,20,27,16,26,17,30,17,0,0,0,0,0,0,19,-32,17,-26,17,-33,16,-31,16,-28,15,-31,16,-31,13,-32,10,-30,15,-34,13,-31,11,-27,10,-28,10,-27,8,-32,4,-30,3,-30,4,-30,4,-28,2,-27,2,-30,0,-27,0,-30,1,-31,-1,-30,1,-28,-1,-28,-4,-31,-3,-30,-4,-28,-5,-27,-3,-28,-4,-30,-6,-30,-6,-28,-4,-34,-3,-31,-3,-28,-3,-30,-1,-28,-4,-27,-5,-30,-1,-28,-2,-25,-2,-26,-2,-25,-2,-25,-2,-25,1,-28,1,-24,0,-21,2,-21,4,-20,2,-19,1,-21,3,-17,5,-16,0,0,0,0,0,0,0,0,0,0]"""
1782031945536,2026-06-21T17:52:25.536,safe,posture,mhw,standing_still,t017,"CSI_DATA,536282,1a:00:00:00:00:00,-44,11,-99,18,29,11,531317695,47,2,256,0,""[0,0,0,0,0,0,0,0,0,0,0,0,5,-3,5,-4,5,-2,7,-4,6,-3,7,-4,7,-2,7,-4,7,-3,9,-4,8,-3,9,-5,11,-6,10,-6,10,-4,14,-5,13,-7,14,-8,16,-7,17,-4,17,-6,14,-6,17,-8,15,-8,17,-7,16,-8,17,-8,16,-8,17,-8,16,-10,17,-10,18,-9,18,-13,18,-11,17,-13,17,-10,17,-13,17,-15,18,-14,16,-16,16,-17,18,-19,16,-18,15,-20,16,-18,17,-25,17,-21,15,-22,17,-21,16,-23,17,-25,16,-22,17,-26,20,-28,16,-30,17,-30,17,-30,0,0,0,0,0,0,-30,-16,-30,-15,-31,-16,-31,-14,-31,-14,-31,-13,-31,-14,-30,-14,-31,-11,-31,-14,-30,-11,-29,-9,-27,-11,-30,-9,-30,-8,-28,-8,-29,-6,-28,-5,-27,-5,-29,-7,-29,-3,-30,-1,-29,-3,-29,-1,-29,-1,-28,-2,-27,0,-29,2,-30,0,-30,1,-30,3,-28,4,-29,-1,-29,2,-29,3,-31,0,-30,4,-30,0,-30,2,-27,-1,-28,0,-31,0,-29,-1,-28,0,-26,-1,-26,-2,-23,-2,-25,0,-23,-5,-23,-3,-22,-4,-20,-4,-19,-5,-20,-5,-19,-6,-17,-6,-16,-8,0,0,0,0,0,0,0,0,0,0]"""
1782031945547,2026-06-21T17:52:25.547,safe,posture,mhw,standing_still,t017,"CSI_DATA,536283,1a:00:00:00:00:00,-44,11,-99,15,29,11,531328695,47,2,256,0,""[0,0,0,0,0,0,0,0,0,0,0,0,-5,-3,-4,-3,-5,-3,-5,-3,-4,-4,-4,-3,-5,-4,-7,-5,-7,-7,-9,-7,-8,-7,-7,-8,-8,-5,-9,-8,-8,-8,-11,-11,-10,-8,-10,-11,-10,-10,-13,-10,-15,-10,-11,-13,-14,-14,-11,-13,-13,-13,-14,-14,-13,-14,-13,-13,-17,-17,-14,-14,-16,-14,-14,-11,-15,-13,-15,-14,-17,-11,-17,-11,-20,-13,-17,-14,-21,-13,-22,-13,-19,-9,-24,-14,-19,-14,-24,-11,-17,-8,-26,-7,-24,-13,-26,-8,-28,-9,-30,-10,-26,-9,-29,-10,-29,-11,-32,-10,-30,-9,-28,-11,-33,-7,0,0,0,0,0,0,-9,30,-9,39,-7,27,-9,34,-14,39,-10,28,-9,35,-8,28,-10,35,-5,28,-5,28,-4,30,-4,33,-3,35,-4,29,-2,28,-1,32,-2,32,-2,28,-1,32,0,27,1,30,1,23,2,27,3,28,3,30,3,32,2,27,4,30,7,30,3,32,5,27,3,33,3,27,3,30,3,24,4,28,3,29,7,29,2,32,2,32,0,27,0,28,0,29,0,27,-1,27,-3,23,-1,27,-1,19,-3,23,-4,21,-3,21,-4,21,-4,22,-7,16,-8,16,-9,15,0,0,0,0,0,0,0,0,0,0]"""
1782031945558,2026-06-21T17:52:25.558,safe,posture,mhw,standing_still,t017,"CSI_DATA,536284,1a:00:00:00:00:00,-44,11,-99,15,29,11,531339695,47,2,256,0,""[0,0,0,0,0,0,0,0,0,0,0,0,4,4,3,4,5,3,5,4,5,4,7,3,5,4,7,5,8,7,8,7,7,5,10,7,9,9,9,10,9,10,9,10,11,9,10,10,9,10,10,10,8,11,14,14,10,13,10,13,13,15,11,14,10,16,13,16,14,15,15,15,13,15,16,13,14,14,15,14,17,14,19,15,19,13,14,14,17,15,21,15,20,15,23,13,21,11,21,14,22,13,22,10,23,10,26,13,26,10,26,11,26,14,28,14,30,14,27,15,29,15,32,14,30,15,0,0,0,0,0,0,19,-34,17,-30,14,-30,15,-30,16,-30,20,-29,14,-28,15,-30,15,-29,14,-29,11,-28,11,-27,9,-32,11,-28,14,-26,9,-29,9,-29,11,-28,10,-30,7,-28,4,-30,8,-29,4,-27,4,-27,7,-27,3,-30,5,-30,4,-28,4,-30,4,-29,4,-29,5,-32,2,-28,2,-30,7,-27,4,-30,3,-27,5,-28,4,-29,5,-29,7,-28,9,-26,10,-27,10,-26,11,-24,9,-23,10,-22,10,-22,11,-20,10,-19,10,-20,10,-19,13,-20,14,-16,13,-13,14,-13,15,-13,0,0,0,0,0,0,0,0,0,0]"""
1782031945570,2026-06-21T17:52:25.570,safe,posture,mhw,standing_still,t017,"CSI_DATA,536285,1a:00:00:00:00:00,-44,11,-99,19,28,11,531350695,47,2,256,0,""[0,0,0,0,0,0,0,0,0,0,0,0,-1,-5,-2,-4,-2,-4,-4,-7,-2,-7,-3,-9,-2,-9,-2,-8,-4,-8,-3,-10,-1,-9,-3,-11,-4,-13,-2,-13,-2,-14,-2,-14,-4,-16,-3,-15,-1,-15,-4,-17,-3,-13,-3,-17,-2,-15,-2,-17,-1,-19,0,-17,0,-20,-1,-21,-3,-17,-3,-21,-1,-21,-2,-21,-1,-20,-4,-20,-3,-22,-5,-23,-4,-21,-3,-22,-4,-22,-4,-22,-5,-24,-7,-23,-8,-24,-7,-24,-8,-24,-8,-22,-11,-27,-9,-26,-10,-28,-10,-28,-11,-28,-13,-30,-13,-30,-10,-29,-13,-30,-14,-33,-13,-34,0,0,0,0,0,0,-35,10,-33,11,-35,13,-34,11,-32,11,-33,9,-29,9,-33,11,-32,10,-29,8,-30,10,-27,9,-29,15,-29,9,-28,9,-29,11,-28,13,-27,11,-30,11,-24,13,-24,16,-27,14,-27,14,-24,14,-24,14,-26,19,-26,14,-23,15,-26,14,-23,15,-27,13,-29,16,-22,16,-24,16,-27,14,-28,16,-26,14,-26,15,-26,13,-27,14,-26,10,-27,10,-27,9,-24,8,-28,7,-24,8,-26,7,-26,3,-23,4,-20,2,-22,2,-22,1,-21,1,-21,-2,-19,-1,-19,-3,-17,-4,0,0,0,0,0,0,0,0,0,0]"""
1782031945581,2026-06-21T17:52:25.581,safe,posture,mhw,standing_still,t017,"CSI_DATA,536286,1a:00:00:00:00:00,-44,11,-99,15,29,11,531361695,47,2,256,0,""[0,0,0,0,0,0,0,0,0,0,0,0,-7,-1,-7,1,-5,-1,-5,0,-7,0,-7,-1,-7,-2,-8,-1,-9,-1,-9,-2,-10,-2,-10,-3,-11,-3,-13,-3,-13,-3,-14,-5,-13,-3,-16,-5,-13,-4,-15,-4,-17,-5,-16,-5,-16,-8,-14,-8,-16,-8,-16,-7,-17,-10,-16,-8,-19,-9,-19,-8,-17,-9,-15,-8,-17,-7,-19,-7,-20,-7,-21,-8,-22,-9,-20,-8,-21,-9,-24,-8,-21,-9,-24,-9,-23,-8,-26,-7,-22,-9,-23,-5,-27,-7,-28,-3,-29,-7,-30,-10,-28,-9,-30,-9,-30,-9,-32,-10,-32,-10,-29,-8,-33,-7,0,0,0,0,0,0,-13,30,-15,36,-10,28,-13,32,-15,35,-13,29,-11,33,-10,28,-15,32,-10,27,-10,26,-10,29,-11,33,-10,32,-11,27,-11,27,-10,29,-10,28,-9,27,-10,32,-4,27,-9,30,-5,23,-5,26,-8,29,-5,30,-7,30,-8,27,-9,28,-7,29,-7,29,-5,29,-8,30,-9,28,-9,29,-8,24,-8,28,-9,29,-9,28,-11,29,-14,28,-14,23,-14,24,-15,23,-14,23,-15,22,-14,19,-16,20,-13,15,-15,17,-15,16,-14,15,-16,14,-16,13,-19,10,-16,9,-17,7,0,0,0,0,0,0,0,0,0,0]"""
1782031945591,2026-06-21T17:52:25.591,safe,posture,mhw,standing_still,t017,"CSI_DATA,536287,1a:00:00:00:00:00,-44,11,-99,20,28,11,531372695,47,2,256,0,""[0,0,0,0,0,0,0,0,0,0,0,0,4,-2,4,-3,5,-4,6,-4,5,-4,8,-6,8,-4,9,-4,9,-5,8,-3,11,-4,10,-5,11,-3,12,-5,15,-3,10,-4,15,-5,13,-4,18,-3,16,-2,12,-1,18,-3,15,-1,19,-2,18,-2,18,-2,18,-1,23,-1,15,-1,21,-2,19,-1,25,-2,20,1,18,-2,20,0,21,-2,18,-3,23,-4,20,-3,20,-3,25,-3,19,-8,26,-9,25,-6,32,-4,24,-1,27,-5,28,-3,27,-5,27,-4,33,-9,28,-8,33,-8,32,-3,33,-8,38,-9,33,-4,0,0,0,0,0,0,-2,-38,-2,-30,-3,-41,-2,-33,-1,-28,0,-35,-2,-28,0,-39,0,-30,0,-38,0,-33,2,-27,-2,-31,1,-28,0,-31,-2,-30,-2,-31,-2,-27,0,-33,-4,-25,-3,-31,-1,-26,-3,-34,-1,-32,0,-26,-2,-28,0,-26,-3,-28,-3,-30,-2,-28,-1,-27,0,-32,-3,-24,-4,-31,-1,-28,-1,-38,3,-31,2,-31,5,-31,4,-26,4,-25,4,-30,6,-28,5,-23,10,-26,4,-21,8,-25,10,-21,15,-25,15,-18,11,-19,15,-16,12,-17,12,-13,15,-16,13,-13,15,-10,0,0,0,0,0,0,0,0,0,0]"""
1782031945603,2026-06-21T17:52:25.603,safe,posture,mhw,standing_still,t017,"CSI_DATA,536288,1a:00:00:00:00:00,-44,11,-99,15,29,11,531383695,47,2,256,0,""[0,0,0,0,0,0,0,0,0,0,0,0,-4,-1,-5,-2,-4,-1,-5,-3,-5,-2,-8,-4,-8,-5,-5,-4,-8,-5,-7,-5,-9,-7,-8,-7,-9,-9,-9,-8,-8,-10,-9,-7,-10,-9,-10,-9,-10,-14,-9,-17,-8,-15,-8,-14,-7,-15,-10,-16,-8,-17,-8,-16,-7,-15,-8,-20,-8,-13,-11,-19,-9,-16,-11,-21,-8,-20,-8,-20,-9,-20,-7,-19,-9,-17,-13,-19,-11,-20,-11,-16,-9,-20,-14,-17,-16,-22,-14,-22,-16,-27,-11,-26,-14,-24,-13,-26,-13,-22,-13,-24,-17,-28,-15,-24,-14,-28,-13,-28,-16,-29,-13,-32,-16,-32,0,0,0,0,0,0,-32,11,-28,10,-39,13,-32,9,-26,8,-36,11,-26,7,-34,10,-27,10,-36,8,-34,7,-29,3,-29,5,-27,3,-33,9,-29,8,-29,9,-27,8,-29,7,-24,8,-29,10,-27,9,-33,10,-30,8,-27,4,-27,5,-24,4,-28,10,-29,9,-28,7,-26,7,-30,5,-24,7,-29,8,-28,4,-38,5,-30,0,-30,1,-30,-1,-24,-2,-24,-1,-32,0,-28,-2,-23,-3,-24,-4,-23,-2,-27,-4,-24,-5,-28,-10,-17,-10,-17,-11,-16,-13,-15,-11,-13,-13,-17,-14,-13,-11,-13,-13,0,0,0,0,0,0,0,0,0,0]"""
1782031945612,2026-06-21T17:52:25.612,safe,posture,mhw,standing_still,t017,"CSI_DATA,536289,1a:00:00:00:00:00,-44,11,-99,15,29,11,531394697,47,2,256,0,""[0,0,0,0,0,0,0,0,0,0,0,0,-7,0,-5,1,-4,0,-5,0,-8,0,-8,1,-8,0,-9,0,-10,1,-9,-1,-10,-1,-13,-1,-10,0,-14,-1,-14,-3,-13,0,-15,-1,-15,-2,-16,0,-17,-3,-16,-4,-17,0,-16,-2,-17,-3,-19,-3,-17,-1,-17,-1,-21,-3,-16,0,-21,1,-20,-2,-20,-1,-21,1,-21,1,-22,1,-23,3,-22,3,-22,3,-21,2,-23,4,-23,4,-22,8,-24,8,-24,7,-28,11,-23,8,-24,11,-28,10,-26,10,-27,10,-26,15,-26,14,-29,14,-29,15,-27,16,-30,17,-33,15,0,0,0,0,0,0,16,35,13,30,16,30,15,32,14,28,14,32,15,27,19,30,15,26,17,27,17,26,14,24,21,26,15,24,17,26,19,23,20,21,20,23,19,26,21,20,23,21,20,22,21,20,22,19,19,19,26,19,22,19,23,17,24,17,24,16,22,17,26,19,23,15,26,16,24,16,28,17,22,16,24,15,24,19,24,17,21,16,22,16,21,17,20,19,20,20,20,14,19,20,15,19,16,19,13,17,14,17,11,17,13,19,11,16,9,17,7,17,7,19,0,0,0,0,0,0,0,0,0,0]"""
1782031945623,2026-06-21T17:52:25.623,safe,posture,mhw,standing_still,t017,"CSI_DATA,536290,1a:00:00:00:00:00,-44,11,-99,15,29,11,531405695,47,2,256,0,""[0,0,0,0,0,0,0,0,0,0,0,0,1,-5,4,-5,3,-4,4,-7,3,-4,3,-7,5,-8,4,-5,7,-8,5,-5,7,-8,8,-8,9,-8,8,-8,11,-9,8,-8,11,-10,11,-8,15,-8,14,-7,11,-5,16,-8,14,-5,16,-7,19,-7,17,-7,19,-5,21,-5,15,-5,20,-8,19,-5,23,-8,21,-3,20,-5,20,-4,21,-4,17,-4,21,-7,21,-7,20,-5,24,-3,20,-9,26,-8,27,-7,30,-7,24,-2,27,-8,28,-3,26,-7,27,-2,30,-7,30,-7,33,-4,27,-2,33,-5,36,-3,34,-3,0,0,0,0,0,0,2,-39,3,-32,3,-40,5,-33,3,-29,8,-35,2,-27,7,-36,7,-29,8,-34,8,-33,10,-27,7,-32,8,-26,8,-30,8,-29,7,-30,7,-28,11,-30,5,-26,5,-30,9,-27,9,-30,10,-29,10,-26,10,-28,9,-23,9,-27,10,-29,9,-27,9,-26,15,-29,10,-23,11,-28,13,-24,19,-30,17,-23,17,-24,22,-22,17,-20,19,-19,19,-22,19,-21,17,-19,23,-15,17,-15,21,-15,22,-10,26,-11,21,-4,21,-7,21,-2,20,-3,20,-2,19,-2,17,-1,17,3,0,0,0,0,0,0,0,0,0,0]"""
1782031945635,2026-06-21T17:52:25.635,safe,posture,mhw,standing_still,t017,"CSI_DATA,536291,1a:00:00:00:00:00,-44,11,-99,15,29,11,531416695,47,2,256,0,""[0,0,0,0,0,0,0,0,0,0,0,0,4,-2,5,-3,4,-1,5,-2,3,-3,7,-4,8,-4,7,-3,7,-4,8,-3,9,-7,10,-7,10,-8,9,-8,13,-8,9,-8,13,-8,9,-9,15,-11,15,-11,14,-10,14,-9,13,-10,13,-15,13,-14,13,-11,13,-11,14,-15,10,-13,10,-17,10,-14,15,-20,13,-16,13,-19,11,-17,10,-19,8,-16,7,-23,7,-21,4,-21,5,-23,0,-22,1,-26,1,-24,1,-32,3,-26,0,-27,1,-27,-1,-24,-2,-29,-7,-30,-8,-28,-4,-33,-4,-30,-11,-30,-10,-36,-9,-34,0,0,0,0,0,0,-34,11,-29,13,-36,19,-33,14,-24,15,-32,20,-23,16,-30,21,-23,16,-30,21,-29,20,-27,16,-23,22,-20,17,-22,26,-17,26,-16,24,-15,24,-19,24,-11,23,-13,29,-13,24,-14,32,-14,28,-13,26,-11,26,-9,24,-4,30,-3,29,-3,28,-4,27,-5,30,0,26,1,30,-2,29,-2,39,-7,29,-3,29,-5,29,-3,27,-2,26,1,32,2,28,0,24,-1,27,1,23,0,29,-1,23,-3,28,-4,23,-4,21,-4,19,-4,20,-4,17,-2,21,-2,17,-4,19,0,0,0,0,0,0,0,0,0,0]"""
1782031945645,2026-06-21T17:52:25.645,safe,posture,mhw,standing_still,t017,"CSI_DATA,536292,1a:00:00:00:00:00,-44,11,-99,15,29,11,531427695,47,2,256,0,""[0,0,0,0,0,0,0,0,0,0,0,0,-4,-3,-4,-3,-3,-2,-7,-3,-7,-2,-8,-3,-8,-4,-7,-4,-10,-4,-7,-3,-10,-4,-10,-5,-11,-3,-10,-5,-11,-5,-10,-5,-15,-5,-11,-4,-17,-5,-14,-8,-11,-8,-15,-3,-15,-7,-19,-5,-17,-5,-17,-4,-17,-4,-19,-7,-15,-4,-22,-1,-19,-4,-24,-3,-21,-3,-21,-2,-21,-2,-21,-1,-20,1,-24,4,-22,3,-20,3,-26,3,-20,8,-24,9,-24,7,-30,11,-26,7,-24,13,-27,8,-23,11,-24,15,-27,19,-23,19,-28,19,-28,17,-26,23,-28,22,-26,21,0,0,0,0,0,0,23,28,21,23,27,28,23,24,20,21,26,24,22,17,29,24,22,17,28,23,29,21,23,19,26,15,23,14,30,14,29,13,28,10,26,9,27,14,27,5,32,4,26,4,32,5,30,5,28,4,29,3,27,3,30,-1,29,-1,29,-1,27,0,32,0,26,-3,30,-5,28,-3,38,-4,29,0,30,-4,30,-1,26,-2,27,-2,30,-4,27,-4,23,-4,28,-2,22,-5,27,-3,23,-1,29,0,22,0,23,1,21,3,20,1,20,2,21,3,19,2,20,3,0,0,0,0,0,0,0,0,0,0]"""
1782031945656,2026-06-21T17:52:25.656,safe,posture,mhw,standing_still,t017,"CSI_DATA,536293,1a:00:00:00:00:00,-44,11,-99,18,29,11,531438695,47,2,256,0,""[0,0,0,0,0,0,0,0,0,0,0,0,-5,5,-3,5,-4,4,-4,6,-3,7,-4,6,-4,7,-3,7,-5,8,-5,8,-6,8,-6,9,-6,10,-6,9,-8,10,-6,10,-6,14,-7,13,-8,11,-7,13,-8,10,-7,16,-10,14,-9,15,-10,16,-7,16,-9,16,-8,18,-7,18,-7,19,-7,19,-5,20,-6,18,-4,19,-4,21,-4,22,-4,20,-4,20,-3,21,-2,23,-3,25,1,23,2,26,2,27,3,26,3,23,6,27,6,26,7,29,7,29,7,28,9,30,9,32,9,31,11,31,13,30,11,33,0,0,0,0,0,0,33,-14,32,-13,31,-17,29,-16,30,-15,31,-15,26,-16,30,-18,29,-16,28,-16,23,-18,25,-17,25,-22,23,-19,23,-18,23,-20,21,-22,20,-21,22,-22,16,-22,15,-26,18,-25,14,-23,15,-25,15,-22,13,-29,14,-25,13,-26,13,-28,9,-28,11,-27,11,-29,8,-27,8,-30,10,-27,8,-29,8,-26,7,-28,9,-28,7,-29,8,-26,9,-25,10,-27,9,-25,11,-25,7,-23,9,-25,9,-21,10,-22,9,-17,9,-21,8,-18,8,-18,9,-17,10,-15,13,-14,13,-14,0,0,0,0,0,0,0,0,0,0]"""
1782031945667,2026-06-21T17:52:25.667,safe,posture,mhw,standing_still,t017,"CSI_DATA,536294,1a:00:00:00:00:00,-44,11,-99,16,29,11,531449710,47,2,256,0,""[0,0,0,0,0,0,0,0,0,0,0,0,1,4,1,5,1,6,1,5,1,8,1,8,0,8,3,9,0,9,2,10,2,10,2,10,3,11,3,12,1,11,2,16,3,15,2,17,3,15,1,13,0,17,2,15,3,19,3,16,3,17,4,19,4,19,4,19,3,19,3,17,5,18,4,18,8,18,6,19,10,19,9,20,10,20,11,18,11,20,16,19,13,18,16,23,13,19,18,17,15,16,20,19,19,20,23,17,20,20,20,18,21,18,23,19,25,20,26,21,27,21,24,18,30,18,0,0,0,0,0,0,20,-26,18,-28,16,-27,17,-28,19,-32,15,-27,18,-32,17,-28,16,-30,13,-26,13,-27,12,-30,12,-27,8,-30,9,-28,10,-30,6,-31,6,-30,5,-26,6,-31,4,-28,4,-30,3,-26,4,-27,1,-30,1,-28,0,-31,-3,-30,-1,-28,-3,-31,-2,-30,-4,-27,-1,-33,-2,-28,-4,-27,0,-27,-5,-31,-1,-28,-4,-28,-1,-30,-2,-30,-2,-27,0,-28,-2,-30,-1,-26,1,-26,4,-25,-2,-24,2,-20,2,-24,3,-21,1,-21,4,-20,3,-21,3,-17,5,-16,6,-17,0,0,0,0,0,0,0,0,0,0]"""
1782031945681,2026-06-21T17:52:25.681,safe,posture,mhw,standing_still,t017,"CSI_DATA,536295,1a:00:00:00:00:00,-44,11,-99,20,28,11,531462920,47,2,256,0,""[0,0,0,0,0,0,0,0,0,0,0,0,-3,-3,-5,-3,-4,-5,-4,-5,-4,-4,-5,-5,-6,-8,-8,-6,-6,-6,-5,-8,-8,-8,-8,-9,-8,-8,-9,-8,-8,-10,-8,-11,-11,-12,-10,-10,-10,-15,-10,-13,-9,-10,-11,-12,-11,-12,-13,-13,-12,-15,-12,-16,-10,-15,-12,-13,-12,-12,-15,-15,-13,-12,-16,-16,-16,-15,-16,-15,-16,-16,-16,-12,-17,-11,-19,-12,-17,-12,-17,-10,-19,-11,-19,-10,-23,-11,-24,-9,-25,-12,-26,-11,-25,-11,-25,-11,-23,-9,-26,-10,-32,-10,-28,-8,-30,-8,-32,-11,-33,-6,-34,-11,-34,-10,0,0,0,0,0,0,-8,32,-6,33,-5,35,-8,35,-6,30,-6,33,-4,32,-6,35,-3,31,-5,34,-6,34,-4,32,-2,30,-2,31,-1,33,0,31,2,30,2,27,1,30,1,28,3,31,6,30,4,32,4,31,4,28,3,27,4,27,11,30,8,28,10,27,8,27,8,27,9,27,9,28,12,28,8,33,8,30,6,28,6,30,4,26,6,27,9,30,5,30,5,25,3,25,3,25,4,26,4,25,2,25,0,24,0,23,-1,19,-2,19,-2,18,-1,21,-2,17,-3,17,0,0,0,0,0,0,0,0,0,0]"""
1782031945691,2026-06-21T17:52:25.691,safe,posture,mhw,standing_still,t017,"CSI_DATA,536296,1a:00:00:00:00:00,-44,11,-99,13,29,11,531471695,47,2,256,0,""[0,0,0,0,0,0,0,0,0,0,0,0,-35,8,-1,-11,7,10,11,-15,-21,3,7,11,-12,27,5,1,5,0,-1,18,-20,5,-10,2,-10,8,-20,8,-12,0,-3,8,-15,7,-6,15,-10,8,-8,7,-15,5,-12,13,-12,11,-16,10,-17,11,-16,12,-16,12,-16,15,-15,11,-13,13,-13,13,-12,15,-15,15,-13,15,-13,16,-13,18,-13,17,-15,16,-16,16,-15,17,-13,20,-12,20,-13,21,-13,23,-12,22,-10,21,-10,23,-10,23,-8,27,-12,28,-11,28,-13,30,-13,32,-12,28,-15,30,-15,31,-11,30,0,0,0,0,0,0,33,13,33,15,30,11,32,12,33,12,31,15,30,11,32,11,30,12,28,8,28,6,28,7,32,5,31,6,26,10,30,6,30,6,31,7,28,5,28,1,30,1,30,2,26,0,27,-2,27,0,30,-3,31,-1,27,0,31,0,30,-1,30,-1,31,-2,30,-2,30,-3,30,0,28,-2,26,-2,28,-3,30,-3,31,-2,28,0,27,2,28,3,28,2,28,3,26,2,25,5,23,5,21,5,21,5,22,5,20,3,20,5,20,6,16,8,16,8,15,11,0,0,0,0,0,0,0,0,0,0]"""
1782031945700,2026-06-21T17:52:25.700,safe,posture,mhw,standing_still,t017,"CSI_DATA,536297,1a:00:00:00:00:00,-44,11,-99,16,29,11,531482695,47,2,256,0,""[0,0,0,0,0,0,0,0,0,0,0,0,3,5,1,5,3,6,3,5,2,5,2,8,3,6,2,9,1,8,3,11,2,10,1,11,3,10,4,11,1,11,2,16,3,15,0,16,1,15,0,12,0,15,2,16,2,18,1,17,2,19,1,18,2,18,3,16,1,21,2,18,3,20,2,20,5,20,3,20,5,21,4,20,4,23,4,21,4,24,6,23,9,20,5,24,8,24,10,23,6,19,13,25,10,24,16,23,11,26,13,25,11,25,11,28,15,28,15,30,11,30,13,26,18,27,0,0,0,0,0,0,28,-15,33,-13,27,-15,31,-15,34,-16,27,-12,32,-16,27,-13,31,-16,26,-13,26,-16,27,-16,25,-16,26,-18,26,-15,24,-16,25,-18,23,-17,19,-15,25,-19,20,-18,25,-20,18,-17,20,-19,21,-20,19,-19,24,-23,21,-21,21,-21,20,-23,21,-21,17,-20,24,-21,20,-19,20,-21,18,-17,21,-23,23,-19,19,-21,23,-19,23,-19,24,-15,24,-17,25,-16,21,-15,24,-13,23,-10,20,-13,18,-6,23,-10,20,-6,19,-9,19,-5,19,-6,18,-3,18,-1,18,-1,0,0,0,0,0,0,0,0,0,0]"""
1782031945714,2026-06-21T17:52:25.714,safe,posture,mhw,standing_still,t017,"CSI_DATA,536298,1a:00:00:00:00:00,-44,11,-99,15,29,11,531493695,47,2,256,0,""[0,0,0,0,0,0,0,0,0,0,0,0,-4,-1,-4,-3,-4,-4,-4,-4,-4,-5,-5,-4,-4,-4,-7,-4,-8,-7,-5,-7,-9,-7,-7,-8,-7,-8,-9,-9,-8,-11,-8,-10,-9,-11,-9,-13,-8,-11,-9,-14,-9,-16,-11,-14,-9,-15,-9,-15,-10,-15,-11,-16,-10,-16,-11,-20,-10,-14,-13,-15,-10,-16,-13,-17,-13,-16,-13,-15,-14,-16,-15,-17,-14,-16,-13,-15,-15,-16,-16,-17,-16,-19,-19,-14,-19,-16,-20,-19,-20,-19,-19,-15,-21,-15,-20,-19,-23,-16,-21,-19,-24,-17,-27,-17,-23,-23,-24,-19,-26,-21,-27,-20,-26,-21,0,0,0,0,0,0,-27,29,-23,24,-23,26,-23,24,-23,24,-23,23,-21,24,-23,24,-23,22,-20,22,-19,24,-20,21,-20,27,-20,23,-20,21,-20,24,-17,26,-20,24,-21,24,-14,23,-15,26,-17,23,-15,23,-13,24,-14,23,-15,27,-14,24,-13,24,-15,27,-13,26,-15,27,-17,27,-13,24,-13,26,-15,24,-16,27,-15,24,-14,26,-16,24,-19,23,-16,23,-17,21,-17,22,-19,20,-20,20,-15,19,-19,19,-20,16,-21,15,-17,10,-17,13,-19,10,-19,11,-19,8,-16,7,-17,5,-19,4,0,0,0,0,0,0,0,0,0,0]"""
1782031945723,2026-06-21T17:52:25.723,safe,posture,mhw,standing_still,t017,"CSI_DATA,536299,1a:00:00:00:00:00,-44,11,-99,15,29,11,531504695,47,2,256,0,""[0,0,0,0,0,0,0,0,0,0,0,0,-3,4,-5,4,-4,2,-7,3,-5,3,-7,3,-8,3,-8,3,-8,5,-9,4,-10,7,-9,5,-10,7,-10,8,-10,8,-11,7,-13,9,-11,8,-15,8,-13,9,-11,8,-14,8,-14,7,-14,13,-15,13,-14,11,-14,11,-16,13,-11,11,-13,16,-14,15,-16,17,-16,15,-14,15,-15,17,-13,17,-10,17,-10,22,-9,19,-9,20,-11,20,-5,20,-5,26,-5,26,-7,30,-8,24,-5,28,-8,24,-4,26,-4,29,1,33,0,29,-1,32,-2,33,2,34,0,35,-2,34,0,0,0,0,0,0,36,-1,30,-2,38,-5,33,-3,29,-2,35,-7,29,-5,35,-8,28,-8,35,-7,34,-7,30,-5,28,-9,27,-9,30,-15,27,-14,24,-15,22,-15,26,-14,21,-17,24,-21,22,-19,24,-20,23,-19,21,-17,21,-19,19,-19,17,-24,17,-23,17,-23,17,-20,20,-24,13,-23,14,-26,15,-24,20,-29,19,-24,17,-23,20,-23,17,-20,15,-21,16,-27,15,-24,11,-20,16,-21,13,-21,14,-22,15,-20,19,-21,16,-17,16,-16,15,-13,14,-15,16,-11,15,-14,13,-11,14,-10,0,0,0,0,0,0,0,0,0,0]"""
1782031945735,2026-06-21T17:52:25.735,safe,posture,mhw,standing_still,t017,"CSI_DATA,536300,1a:00:00:00:00:00,-44,11,-99,16,29,11,531515695,47,2,256,0,""[0,0,0,0,0,0,0,0,0,0,0,0,3,-5,3,-5,3,-4,5,-5,3,-4,4,-6,6,-4,6,-5,6,-5,5,-4,8,-9,9,-6,8,-8,9,-8,11,-6,10,-8,11,-10,10,-10,15,-9,16,-5,17,-4,13,-6,13,-5,16,-10,15,-8,17,-8,15,-6,18,-6,15,-6,19,-11,17,-8,24,-11,21,-6,18,-6,20,-6,19,-8,18,-8,20,-12,18,-10,18,-10,20,-11,18,-12,21,-16,21,-13,28,-16,24,-11,24,-12,26,-11,23,-11,25,-13,26,-19,23,-18,27,-15,27,-13,27,-19,31,-17,28,-15,0,0,0,0,0,0,-13,-31,-13,-26,-18,-36,-12,-31,-10,-25,-12,-33,-11,-26,-15,-32,-13,-27,-12,-35,-10,-33,-6,-28,-10,-27,-8,-26,-13,-30,-12,-28,-13,-26,-11,-24,-11,-28,-10,-23,-15,-27,-12,-23,-12,-28,-9,-28,-9,-26,-10,-25,-10,-24,-16,-26,-12,-25,-15,-26,-11,-24,-10,-30,-10,-21,-13,-28,-11,-27,-12,-35,-4,-31,-4,-28,-3,-30,-3,-27,-4,-26,-8,-31,-4,-26,-3,-24,-1,-25,-2,-23,-1,-28,0,-24,4,-28,5,-20,6,-20,8,-19,6,-18,8,-17,6,-19,6,-16,9,-15,0,0,0,0,0,0,0,0,0,0]"""
1782031945745,2026-06-21T17:52:25.745,safe,posture,mhw,standing_still,t017,"CSI_DATA,536301,1a:00:00:00:00:00,-44,11,-99,15,29,11,531526695,47,2,256,0,""[0,0,0,0,0,0,0,0,0,0,0,0,5,0,5,-1,7,0,5,-2,7,-1,8,0,9,-1,9,-1,9,0,11,-2,10,-1,10,0,11,-1,11,-1,11,1,15,0,15,-1,14,-1,15,1,16,0,14,-2,16,1,19,-1,17,-1,17,-1,19,0,19,0,19,0,21,0,20,-1,20,-2,20,-2,22,-4,20,-3,20,-5,21,-5,23,-7,22,-7,22,-8,22,-8,20,-9,24,-10,24,-10,22,-14,21,-11,22,-15,24,-14,21,-16,24,-16,23,-17,26,-17,24,-17,24,-20,28,-20,26,-21,24,-19,26,-23,0,0,0,0,0,0,-22,-24,-24,-27,-23,-22,-24,-23,-23,-24,-21,-23,-26,-24,-23,-22,-24,-21,-24,-23,-23,-21,-27,-19,-22,-20,-26,-16,-26,-17,-26,-14,-28,-14,-24,-11,-24,-13,-27,-15,-26,-11,-27,-10,-26,-9,-28,-10,-28,-9,-27,-8,-30,-8,-28,-4,-28,-5,-29,-4,-29,-4,-28,-2,-32,-8,-29,-4,-28,-3,-29,-4,-33,-3,-28,-7,-29,-3,-26,-5,-27,-7,-28,-8,-27,-8,-26,-8,-26,-7,-26,-9,-24,-10,-24,-5,-21,-8,-22,-8,-20,-9,-20,-8,-17,-9,-17,-10,-17,-11,-15,-10,-13,-10,0,0,0,0,0,0,0,0,0,0]"""
1782031945756,2026-06-21T17:52:25.756,safe,posture,mhw,standing_still,t017,"CSI_DATA,536302,1a:00:00:00:00:00,-44,11,-99,16,29,11,531537695,47,2,256,0,""[0,0,0,0,0,0,0,0,0,0,0,0,-3,-4,-2,-4,-4,-5,-2,-5,-3,-6,-2,-6,-2,-6,-4,-9,-3,-8,-6,-9,-5,-9,-4,-9,-4,-11,-5,-11,-4,-11,-5,-15,-4,-12,-4,-16,-4,-13,-5,-16,-6,-18,-4,-15,-8,-17,-5,-13,-5,-16,-5,-17,-5,-17,-6,-16,-8,-20,-5,-17,-8,-19,-6,-16,-9,-17,-8,-18,-10,-17,-11,-18,-11,-20,-12,-19,-12,-18,-16,-18,-13,-15,-17,-23,-13,-19,-18,-18,-15,-16,-21,-17,-19,-19,-23,-16,-21,-19,-21,-19,-21,-17,-21,-20,-23,-21,-27,-23,-26,-18,-25,-17,-30,-19,0,0,0,0,0,0,-20,26,-24,30,-16,26,-20,27,-23,31,-18,23,-23,31,-17,25,-19,30,-16,24,-13,26,-16,30,-16,26,-13,30,-12,27,-11,26,-11,27,-11,28,-8,24,-13,32,-9,26,-9,31,-5,25,-6,26,-5,30,-5,26,-4,33,-4,27,-3,30,-2,31,-4,31,-1,26,-6,33,-4,27,-1,30,-4,25,0,31,-4,27,-1,28,-5,28,-5,30,-6,27,-8,27,-6,28,-5,25,-10,25,-10,21,-6,25,-6,18,-8,23,-9,19,-6,19,-9,18,-12,18,-9,15,-10,13,-12,12,0,0,0,0,0,0,0,0,0,0]"""
1782031945766,2026-06-21T17:52:25.766,safe,posture,mhw,standing_still,t017,"CSI_DATA,536303,1a:00:00:00:00:00,-44,11,-99,17,29,11,531548695,47,2,256,0,""[0,0,0,0,0,0,0,0,0,0,0,0,3,4,2,4,2,6,2,6,2,6,3,7,3,8,3,6,2,8,3,8,4,11,4,13,3,11,3,11,3,13,2,13,4,14,4,14,4,16,3,17,2,17,4,16,5,16,4,19,3,17,4,17,3,17,5,19,4,17,5,20,5,17,5,23,4,21,6,20,7,21,5,19,7,19,11,22,8,22,8,21,11,19,12,19,12,22,14,20,15,24,14,23,16,22,15,22,14,22,17,23,19,24,17,23,19,25,19,25,21,26,19,26,19,25,0,0,0,0,0,0,26,-21,25,-20,29,-25,26,-19,23,-20,26,-22,22,-19,29,-22,22,-21,28,-22,25,-21,22,-19,22,-19,22,-20,22,-23,21,-22,19,-23,17,-23,20,-22,19,-20,17,-24,17,-24,19,-25,17,-24,15,-24,15,-21,14,-22,12,-26,15,-24,13,-25,14,-24,14,-25,14,-24,14,-26,13,-26,21,-29,17,-26,16,-24,17,-23,16,-22,15,-21,15,-23,19,-22,15,-20,17,-20,15,-17,19,-17,16,-19,20,-17,17,-15,17,-13,17,-12,16,-11,17,-8,15,-11,15,-6,16,-7,0,0,0,0,0,0,0,0,0,0]"""
1782031945777,2026-06-21T17:52:25.777,safe,posture,mhw,standing_still,t017,"CSI_DATA,536304,1a:00:00:00:00:00,-44,11,-99,20,28,11,531559695,47,2,256,0,""[0,0,0,0,0,0,0,0,0,0,0,0,3,5,2,3,2,6,3,6,3,8,3,6,2,6,4,9,4,9,3,8,4,9,5,10,5,10,6,10,6,10,5,13,6,13,8,13,6,15,10,12,10,11,10,15,11,13,10,16,11,15,10,15,11,15,12,13,11,17,13,13,15,15,12,13,18,11,17,12,19,11,17,11,18,9,20,10,20,9,21,9,21,6,25,9,24,6,26,4,23,5,30,2,27,4,27,-1,28,1,30,1,31,1,31,0,31,-4,35,-2,33,-3,32,-3,34,-6,0,0,0,0,0,0,-10,-33,-11,-34,-10,-31,-10,-32,-13,-34,-12,-30,-12,-31,-13,-28,-16,-31,-12,-27,-16,-27,-18,-26,-15,-24,-20,-25,-19,-23,-19,-21,-24,-21,-20,-20,-20,-18,-23,-19,-23,-17,-24,-17,-23,-13,-25,-15,-26,-15,-24,-12,-28,-12,-30,-10,-27,-10,-30,-9,-28,-9,-26,-4,-30,-11,-27,-8,-30,-6,-28,-8,-32,-3,-28,-6,-30,-2,-26,-5,-28,-5,-28,-6,-27,-6,-27,-5,-24,-5,-26,-6,-24,-6,-25,-3,-21,-5,-23,-4,-21,-4,-20,-3,-17,-5,-20,-6,-19,-5,-16,-6,-16,-5,0,0,0,0,0,0,0,0,0,0]"""
1782031945790,2026-06-21T17:52:25.790,safe,posture,mhw,standing_still,t017,"CSI_DATA,536305,1a:00:00:00:00:00,-44,11,-99,17,29,11,531571869,47,2,256,0,""[0,0,0,0,0,0,0,0,0,0,0,0,-4,3,-3,3,-6,3,-5,3,-7,3,-7,3,-4,3,-8,5,-7,4,-8,7,-8,6,-10,5,-8,6,-11,6,-10,6,-14,7,-12,8,-12,10,-11,6,-11,10,-11,11,-15,10,-13,12,-13,11,-13,11,-13,12,-16,12,-13,12,-15,13,-13,12,-13,15,-12,14,-13,16,-13,16,-10,17,-11,20,-10,21,-8,19,-11,22,-10,24,-7,22,-8,24,-8,22,-4,24,-5,21,-2,28,-4,26,2,28,-2,30,0,30,-3,29,-1,30,0,31,-1,33,0,33,2,30,7,30,0,0,0,0,0,0,32,-5,38,-6,29,-6,33,-5,38,-8,30,-5,35,-8,29,-6,35,-10,26,-10,26,-11,28,-15,26,-13,28,-17,25,-13,24,-15,24,-19,25,-19,22,-15,25,-21,20,-19,22,-21,15,-19,16,-22,19,-23,19,-23,17,-26,16,-23,14,-24,13,-28,15,-26,12,-25,17,-29,14,-25,13,-26,11,-22,10,-29,12,-25,10,-26,12,-26,11,-25,13,-22,13,-24,14,-26,13,-23,14,-22,13,-20,10,-22,8,-16,11,-21,11,-17,8,-19,11,-16,10,-19,12,-14,12,-13,13,-12,0,0,0,0,0,0,0,0,0,0]"""
1782031945800,2026-06-21T17:52:25.800,safe,posture,mhw,standing_still,t017,"CSI_DATA,536306,1a:00:00:00:00:00,-44,11,-99,15,29,11,531581695,47,2,256,0,""[0,0,0,0,0,0,0,0,0,0,0,0,-2,5,-2,5,-2,5,-2,9,-2,5,-3,8,-4,8,-4,8,-3,10,-3,8,-3,10,-2,10,-4,13,-1,11,-3,15,-3,13,-3,15,-5,13,-4,16,-5,17,-3,16,-3,17,-5,15,-4,15,-3,20,-4,17,-4,17,-4,21,0,17,-1,21,-2,19,-1,23,-2,21,0,21,0,22,2,23,2,19,3,20,5,22,4,23,5,24,8,21,9,24,5,24,11,27,7,23,14,26,11,24,13,23,14,26,19,24,17,23,16,29,17,24,21,26,23,28,20,27,0,0,0,0,0,0,28,-23,27,-21,28,-27,27,-21,21,-20,27,-23,19,-22,24,-26,20,-21,22,-23,21,-24,20,-21,15,-26,16,-22,16,-24,16,-28,14,-26,14,-24,16,-26,7,-26,8,-29,10,-27,8,-30,8,-28,8,-27,4,-29,5,-27,2,-28,3,-28,2,-28,3,-27,4,-33,-1,-26,-1,-30,3,-30,-1,-36,3,-28,-1,-29,2,-32,1,-28,0,-26,1,-28,1,-28,0,-24,4,-28,-1,-22,1,-28,4,-24,5,-26,4,-20,4,-21,4,-20,4,-20,7,-19,4,-20,5,-16,7,-16,0,0,0,0,0,0,0,0,0,0]"""
1782031945811,2026-06-21T17:52:25.811,safe,posture,mhw,standing_still,t017,"CSI_DATA,536307,1a:00:00:00:00:00,-44,11,-99,15,29,11,531592695,47,2,256,0,""[0,0,0,0,0,0,0,0,0,0,0,0,4,4,2,5,4,4,3,4,5,7,4,7,5,5,7,8,7,7,5,7,7,9,7,9,9,9,8,10,7,10,8,14,9,10,9,13,9,8,10,11,11,13,10,14,13,14,10,13,10,15,10,13,11,15,11,15,14,16,14,14,15,15,14,13,16,13,15,14,17,13,19,11,19,14,19,13,20,13,20,13,22,10,23,8,23,9,23,10,20,9,23,7,24,8,28,4,29,7,32,5,27,5,33,7,30,8,32,4,33,5,34,4,33,2,0,0,0,0,0,0,3,-35,3,-36,2,-30,4,-30,1,-38,3,-33,1,-33,0,-32,2,-35,0,-28,-2,-28,-2,-29,-7,-34,-4,-32,-2,-29,-7,-28,-8,-29,-5,-29,-5,-29,-9,-28,-9,-26,-10,-28,-10,-21,-13,-24,-11,-24,-16,-26,-15,-27,-14,-24,-16,-26,-15,-24,-15,-27,-16,-24,-17,-26,-16,-23,-16,-24,-14,-22,-15,-22,-19,-22,-19,-23,-16,-26,-15,-24,-11,-22,-15,-22,-15,-24,-13,-23,-15,-24,-9,-22,-11,-23,-8,-21,-8,-20,-10,-20,-9,-17,-9,-20,-7,-21,-5,-16,-3,-16,-1,-19,0,0,0,0,0,0,0,0,0,0]"""
1782031945823,2026-06-21T17:52:25.823,safe,posture,mhw,standing_still,t017,"CSI_DATA,536308,1a:00:00:00:00:00,-44,11,-99,15,29,11,531603695,47,2,256,0,""[0,0,0,0,0,0,0,0,0,0,0,0,-3,-4,-2,-4,-3,-5,-3,-5,-3,-7,-3,-5,-3,-5,-3,-8,-4,-8,-2,-9,-3,-10,-4,-10,-3,-11,-3,-11,-2,-13,-2,-15,-2,-13,-1,-16,-1,-14,-1,-15,1,-17,-2,-15,0,-19,1,-15,1,-20,1,-17,1,-19,2,-17,2,-22,1,-19,3,-21,3,-15,-1,-20,2,-21,2,-20,0,-27,1,-24,2,-20,3,-23,2,-26,1,-23,2,-27,3,-23,1,-26,1,-21,1,-26,2,-26,-1,-27,0,-29,2,-32,4,-27,7,-32,5,-32,5,-32,5,-33,4,-29,4,-34,0,0,0,0,0,0,-34,-9,-39,-11,-28,-9,-32,-11,-35,-14,-28,-13,-33,-13,-28,-13,-30,-14,-24,-11,-28,-9,-29,-10,-29,-11,-30,-11,-24,-13,-27,-11,-28,-11,-28,-14,-26,-11,-29,-13,-26,-8,-29,-15,-22,-9,-24,-10,-28,-10,-28,-10,-28,-10,-22,-11,-27,-14,-27,-13,-27,-15,-27,-13,-28,-16,-24,-13,-26,-15,-21,-14,-24,-14,-23,-15,-26,-15,-24,-19,-22,-20,-17,-20,-19,-23,-17,-23,-17,-20,-17,-23,-11,-20,-15,-22,-9,-17,-9,-19,-8,-19,-7,-20,-8,-20,-4,-22,-1,-16,1,-19,3,-16,0,0,0,0,0,0,0,0,0,0]"""
1782031945833,2026-06-21T17:52:25.833,safe,posture,mhw,standing_still,t017,"CSI_DATA,536309,1a:00:00:00:00:00,-44,11,-99,15,29,11,531614695,47,2,256,0,""[0,0,0,0,0,0,0,0,0,0,0,0,-5,-3,-4,-3,-5,-3,-4,-3,-5,-5,-4,-5,-4,-3,-7,-5,-7,-5,-9,-5,-8,-8,-8,-5,-9,-7,-8,-9,-9,-8,-10,-11,-9,-9,-10,-13,-10,-10,-9,-9,-10,-13,-13,-11,-14,-13,-13,-13,-14,-13,-11,-14,-14,-14,-13,-13,-15,-15,-11,-13,-15,-16,-13,-10,-16,-13,-15,-13,-19,-13,-17,-11,-19,-14,-16,-13,-20,-11,-22,-10,-17,-11,-23,-13,-20,-13,-23,-9,-17,-8,-24,-10,-24,-9,-27,-4,-28,-8,-30,-9,-28,-10,-27,-10,-29,-10,-32,-10,-30,-11,-28,-8,-32,-8,0,0,0,0,0,0,-9,32,-13,34,-7,27,-10,33,-10,38,-9,28,-10,35,-7,30,-9,34,-8,28,-4,29,-2,30,-4,30,-2,34,-4,30,-3,29,-2,30,-2,30,-1,27,-1,34,0,27,0,32,2,24,2,27,2,29,3,28,5,32,2,28,3,29,7,29,5,30,5,27,3,34,4,27,4,29,3,26,8,28,5,29,8,28,4,29,3,29,-1,29,1,29,1,29,0,27,-2,28,-3,23,0,27,-1,19,-1,23,-3,22,-1,21,-3,20,-3,21,-9,17,-7,16,-8,17,0,0,0,0,0,0,0,0,0,0]"""
1782031945844,2026-06-21T17:52:25.844,safe,posture,mhw,standing_still,t017,"CSI_DATA,536310,1a:00:00:00:00:00,-44,11,-99,15,29,11,531625695,47,2,256,0,""[0,0,0,0,0,0,0,0,0,0,0,0,2,7,1,5,0,5,0,8,0,5,1,9,1,10,0,8,2,10,1,9,3,11,3,13,3,11,4,11,3,14,3,13,5,15,4,13,4,16,2,15,2,15,4,15,4,17,8,19,8,16,8,15,8,15,9,16,10,15,13,16,10,16,14,20,11,17,13,15,11,17,14,15,14,13,20,13,17,14,17,13,21,13,19,7,23,9,24,8,29,11,24,9,27,7,27,9,24,7,28,5,32,1,30,1,33,3,30,2,35,-4,36,0,35,-1,0,0,0,0,0,0,-3,-34,-4,-32,-4,-40,-4,-33,-5,-28,-8,-36,-9,-30,-13,-35,-11,-27,-11,-34,-10,-32,-11,-28,-13,-27,-13,-26,-17,-27,-17,-24,-19,-21,-17,-20,-17,-22,-19,-19,-23,-19,-22,-16,-26,-21,-23,-20,-22,-17,-22,-16,-22,-15,-29,-13,-27,-13,-24,-10,-24,-10,-28,-13,-24,-7,-28,-7,-28,-8,-36,-9,-28,-10,-28,-7,-28,-14,-24,-8,-28,-7,-30,-4,-28,-5,-22,-4,-26,-7,-22,-5,-26,-4,-24,-5,-27,-8,-21,-7,-22,-8,-19,-9,-19,-7,-17,-4,-19,-8,-16,-7,-17,-8,0,0,0,0,0,0,0,0,0,0]"""
1782031945856,2026-06-21T17:52:25.856,safe,posture,mhw,standing_still,t017,"CSI_DATA,536311,1a:00:00:00:00:00,-44,11,-99,20,28,11,531636695,47,2,256,0,""[0,0,0,0,0,0,0,0,0,0,0,0,-2,-4,-3,-4,-1,-4,-1,-8,-2,-6,-3,-5,-2,-9,0,-9,-2,-8,-2,-8,-2,-11,-2,-11,-4,-12,-4,-12,-2,-16,-2,-11,-3,-13,-2,-17,-3,-17,-1,-15,2,-13,-3,-17,-1,-15,-1,-18,-1,-20,0,-18,0,-18,0,-21,-2,-15,-1,-20,0,-20,-4,-23,-2,-19,-3,-20,-3,-20,-4,-19,-2,-18,-6,-21,-4,-19,-4,-21,-4,-25,-9,-19,-10,-25,-6,-25,-10,-30,-5,-23,-9,-25,-5,-26,-11,-24,-11,-27,-15,-30,-13,-26,-12,-33,-11,-28,-13,-28,-15,-33,-12,-32,0,0,0,0,0,0,-33,9,-31,8,-35,12,-32,9,-28,9,-35,9,-26,9,-33,12,-27,11,-34,11,-32,9,-26,8,-30,12,-27,9,-30,10,-28,12,-28,13,-27,12,-31,11,-21,12,-26,17,-25,11,-27,16,-26,12,-25,12,-25,17,-24,12,-24,16,-24,16,-24,17,-24,12,-30,16,-20,15,-23,19,-25,15,-31,19,-26,12,-27,15,-27,11,-27,10,-24,9,-25,12,-26,10,-24,9,-27,6,-20,10,-24,8,-25,5,-27,4,-21,1,-24,2,-19,-1,-20,0,-20,-2,-19,-2,-19,-1,-18,-3,0,0,0,0,0,0,0,0,0,0]"""
1782031945865,2026-06-21T17:52:25.865,safe,posture,mhw,standing_still,t017,"CSI_DATA,536312,1a:00:00:00:00:00,-44,11,-99,16,29,11,531647695,47,2,256,0,""[0,0,0,0,0,0,0,0,0,0,0,0,-4,4,-4,4,-4,4,-5,3,-4,5,-6,5,-8,5,-8,5,-8,5,-6,4,-8,8,-9,8,-10,8,-9,8,-10,6,-10,4,-13,9,-10,8,-16,8,-17,6,-15,6,-16,5,-13,5,-16,8,-16,9,-16,8,-17,6,-19,6,-16,6,-18,10,-16,6,-23,9,-20,5,-19,6,-21,6,-18,6,-18,10,-19,13,-19,11,-16,10,-19,9,-16,13,-20,17,-21,13,-27,17,-24,11,-23,13,-26,10,-20,11,-24,15,-25,20,-23,18,-26,17,-28,16,-26,19,-31,19,-28,17,0,0,0,0,0,0,15,32,15,27,20,33,13,32,12,25,16,31,15,25,17,31,15,24,15,34,15,31,10,27,11,26,9,26,17,27,18,25,16,25,16,24,13,27,15,20,19,25,16,21,18,27,15,27,12,25,15,23,12,21,20,24,18,24,18,23,16,20,15,26,15,20,19,23,16,24,20,30,12,30,12,25,11,28,10,24,11,24,16,26,10,25,10,20,5,25,9,21,8,25,5,24,3,30,1,21,-1,24,-3,20,-1,17,-3,19,-2,19,-2,16,-4,17,0,0,0,0,0,0,0,0,0,0]"""
1782031945879,2026-06-21T17:52:25.879,safe,posture,mhw,standing_still,t017,"CSI_DATA,536313,1a:00:00:00:00:00,-44,11,-99,15,29,11,531658695,47,2,256,0,""[0,0,0,0,0,0,0,0,0,0,0,0,4,0,7,2,5,1,5,1,7,2,7,1,9,3,8,2,9,3,9,3,9,4,9,4,11,4,10,5,13,7,10,5,14,7,11,8,15,7,14,10,14,9,15,10,13,10,13,10,15,11,14,11,13,13,15,14,14,10,15,13,14,13,19,14,14,14,16,13,17,14,17,15,16,11,17,13,17,13,16,11,19,15,20,11,22,14,21,16,23,16,19,16,24,14,21,16,26,14,23,17,27,16,27,16,28,21,24,19,29,17,28,21,27,21,0,0,0,0,0,0,24,-26,23,-23,24,-29,24,-26,23,-22,27,-22,20,-22,24,-27,22,-21,24,-23,21,-24,22,-19,22,-26,21,-20,22,-21,21,-21,20,-22,20,-21,24,-22,16,-20,19,-24,20,-22,20,-22,19,-21,19,-19,19,-23,19,-20,16,-22,21,-23,19,-21,20,-21,23,-23,16,-20,19,-23,21,-20,24,-23,21,-19,20,-20,23,-19,24,-19,21,-15,24,-17,23,-15,23,-13,24,-11,20,-13,22,-11,24,-9,26,-8,20,-4,22,-5,21,-3,21,-3,21,-1,19,1,17,0,17,2,0,0,0,0,0,0,0,0,0,0]"""
1782031945887,2026-06-21T17:52:25.887,safe,posture,mhw,standing_still,t017,"CSI_DATA,536314,1a:00:00:00:00:00,-44,11,-99,16,29,11,531669695,47,2,256,0,""[0,0,0,0,0,0,0,0,0,0,0,0,3,-1,3,-2,6,-2,6,-2,6,-2,5,-1,8,-2,10,-3,9,-3,9,-2,11,-1,11,-2,12,-3,13,-1,12,-1,17,-1,13,-1,16,0,13,1,16,1,19,2,16,2,20,2,17,2,18,3,17,3,18,4,19,1,23,5,17,4,19,4,17,3,20,3,19,4,20,2,23,3,24,4,20,5,24,5,25,4,20,3,27,5,23,5,26,3,19,3,27,1,25,4,26,0,28,2,30,4,26,5,31,4,30,5,33,9,31,10,28,6,33,6,0,0,0,0,0,0,10,-31,12,-36,10,-28,11,-32,13,-36,12,-27,16,-32,12,-28,16,-32,11,-25,11,-26,10,-30,11,-30,12,-32,13,-25,12,-26,11,-28,12,-27,11,-23,12,-30,8,-26,13,-28,8,-23,9,-24,10,-27,11,-27,11,-30,11,-26,12,-27,11,-27,15,-28,9,-26,16,-28,13,-24,15,-26,13,-21,13,-26,16,-25,15,-25,18,-25,19,-24,20,-17,20,-19,20,-19,18,-17,24,-17,21,-11,21,-16,16,-10,18,-12,19,-9,19,-10,20,-8,21,-5,18,-2,18,-1,18,0,0,0,0,0,0,0,0,0,0,0]"""
1782031945900,2026-06-21T17:52:25.900,safe,posture,mhw,standing_still,t017,"CSI_DATA,536315,1a:00:00:00:00:00,-44,11,-99,16,29,11,531680695,47,2,256,0,""[0,0,0,0,0,0,0,0,0,0,0,0,-5,-3,-4,-4,-5,-4,-4,-4,-5,-4,-5,-4,-8,-5,-8,-6,-4,-5,-6,-6,-6,-8,-6,-9,-5,-10,-6,-10,-4,-11,-8,-13,-6,-13,-5,-13,-5,-13,-5,-16,-5,-18,-3,-15,-5,-19,-5,-17,-5,-17,-3,-18,-3,-17,-4,-17,-2,-20,-3,-20,-4,-18,-1,-19,-5,-21,-3,-21,-4,-19,-4,-21,-2,-23,-4,-23,-2,-21,-5,-23,-5,-23,-3,-25,-1,-24,-6,-25,-4,-21,-6,-27,-3,-25,-6,-26,-3,-27,-5,-28,-3,-30,-1,-31,-4,-31,1,-32,0,-36,-1,-31,-2,-35,0,0,0,0,0,0,-33,-2,-34,-1,-34,-1,-34,-1,-34,-2,-31,-3,-35,-3,-33,-4,-33,-6,-33,-6,-31,-5,-32,-4,-30,-6,-31,-4,-31,-5,-28,-4,-31,-3,-28,-5,-27,-4,-28,-6,-28,-6,-30,-4,-27,-6,-28,-6,-31,-5,-27,-8,-30,-6,-28,-4,-27,-8,-30,-8,-30,-6,-26,-5,-28,-12,-28,-11,-26,-9,-27,-11,-30,-10,-25,-13,-27,-12,-24,-16,-24,-16,-24,-17,-21,-18,-23,-18,-20,-16,-18,-19,-15,-18,-18,-18,-11,-18,-13,-19,-11,-19,-11,-18,-5,-18,-6,-19,-4,-18,-3,-18,-1,-18,0,0,0,0,0,0,0,0,0,0]"""
1782031945909,2026-06-21T17:52:25.909,safe,posture,mhw,standing_still,t017,"CSI_DATA,536316,1a:00:00:00:00:00,-44,11,-99,16,29,11,531691695,47,2,256,0,""[0,0,0,0,0,0,0,0,0,0,0,0,0,-4,0,-4,-1,-8,-1,-5,0,-8,0,-8,0,-6,-2,-9,0,-9,-3,-10,-1,-9,-2,-10,-3,-10,-2,-11,-3,-11,-3,-15,-4,-11,-3,-15,-2,-13,-4,-13,-5,-15,-5,-16,-9,-17,-6,-15,-6,-16,-8,-18,-6,-18,-10,-15,-10,-19,-9,-16,-10,-16,-11,-13,-15,-16,-13,-16,-18,-15,-15,-15,-18,-12,-17,-13,-18,-13,-21,-12,-19,-9,-23,-12,-23,-10,-25,-8,-19,-9,-26,-6,-25,-6,-27,0,-28,-4,-30,-3,-30,-2,-28,-4,-32,-1,-34,-1,-32,0,-31,1,-33,4,0,0,0,0,0,0,5,33,8,35,8,28,8,34,10,35,9,30,12,34,11,30,15,32,13,26,15,26,19,27,16,26,19,25,17,25,18,21,23,21,21,20,20,17,23,21,23,18,24,17,20,12,25,13,27,12,25,12,28,11,27,6,28,10,31,6,30,8,27,4,33,11,30,8,27,5,26,5,32,1,28,4,28,1,28,5,28,1,26,3,28,3,28,3,26,1,26,4,23,4,26,1,19,2,24,1,20,2,20,1,20,3,20,4,17,3,16,4,16,4,0,0,0,0,0,0,0,0,0,0]"""
1782031945920,2026-06-21T17:52:25.920,safe,posture,mhw,standing_still,t017,"CSI_DATA,536317,1a:00:00:00:00:00,-44,11,-99,15,29,11,531702695,47,2,256,0,""[0,0,0,0,0,0,0,0,0,0,0,0,-5,1,-4,1,-7,2,-4,3,-7,3,-7,5,-5,3,-7,4,-7,4,-8,5,-8,4,-8,4,-9,5,-11,7,-10,7,-13,8,-11,7,-15,9,-10,8,-11,8,-14,13,-13,8,-14,10,-14,10,-15,10,-13,11,-15,13,-11,13,-16,15,-13,11,-13,15,-10,15,-10,17,-10,17,-9,19,-9,21,-11,21,-9,20,-8,22,-5,23,-4,23,-7,26,-7,24,-3,27,-2,21,1,27,-1,26,5,27,2,29,2,30,1,27,2,30,4,30,5,33,4,34,7,30,10,33,0,0,0,0,0,0,33,-11,36,-11,29,-11,32,-14,36,-15,29,-11,34,-15,27,-15,32,-15,26,-15,22,-16,24,-21,24,-19,23,-24,22,-17,21,-21,19,-24,20,-22,16,-21,20,-27,14,-23,16,-26,11,-22,11,-24,11,-28,10,-27,10,-30,8,-27,9,-29,5,-32,7,-32,3,-28,9,-34,7,-29,3,-29,3,-24,2,-30,3,-28,-1,-29,2,-30,2,-29,7,-26,3,-27,3,-28,2,-26,5,-27,4,-21,1,-26,1,-19,3,-23,4,-20,2,-22,4,-20,3,-22,5,-16,4,-16,7,-16,0,0,0,0,0,0,0,0,0,0]"""
1782031945932,2026-06-21T17:52:25.932,safe,posture,mhw,standing_still,t017,"CSI_DATA,536318,1a:00:00:00:00:00,-44,11,-99,15,29,11,531713695,47,2,256,0,""[0,0,0,0,0,0,0,0,0,0,0,0,5,-2,4,-4,5,-3,7,-4,7,-4,7,-4,8,-4,7,-3,7,-7,7,-5,8,-8,8,-7,9,-8,10,-8,10,-9,11,-8,11,-10,10,-10,10,-10,15,-10,13,-11,11,-8,13,-11,14,-13,11,-13,11,-13,13,-13,11,-13,13,-13,11,-16,11,-15,14,-19,13,-17,11,-17,10,-19,9,-17,9,-20,8,-22,7,-21,5,-21,4,-22,4,-22,3,-24,1,-27,4,-29,2,-28,3,-26,1,-27,0,-26,-1,-29,-3,-33,-3,-28,-3,-30,-3,-32,-7,-33,-5,-33,-7,-34,0,0,0,0,0,0,-35,9,-32,9,-34,13,-30,13,-28,11,-32,13,-28,11,-32,14,-29,15,-34,15,-29,15,-27,16,-26,16,-24,15,-24,20,-21,19,-22,20,-19,20,-21,20,-20,20,-19,24,-17,22,-17,27,-19,24,-15,26,-15,22,-14,23,-11,29,-13,28,-9,28,-11,24,-10,28,-10,28,-10,30,-7,28,-11,32,-11,30,-10,28,-10,28,-9,24,-8,26,-8,30,-10,28,-7,26,-8,26,-8,24,-8,23,-8,23,-9,24,-9,21,-10,20,-10,19,-9,16,-9,17,-9,19,-9,15,-10,15,0,0,0,0,0,0,0,0,0,0]"""
1782031945942,2026-06-21T17:52:25.942,safe,posture,mhw,standing_still,t017,"CSI_DATA,536319,1a:00:00:00:00:00,-44,11,-99,16,29,11,531724695,47,2,256,0,""[0,0,0,0,0,0,0,0,0,0,0,0,-3,4,-3,4,-3,5,-3,5,-4,5,-4,5,-5,6,-4,8,-5,8,-5,8,-9,6,-8,9,-6,8,-8,9,-10,9,-12,9,-11,9,-11,8,-11,9,-11,11,-12,12,-15,12,-15,9,-13,6,-16,10,-15,9,-17,9,-18,10,-17,11,-17,12,-18,9,-16,11,-15,11,-15,13,-16,12,-18,13,-16,12,-19,11,-19,12,-19,12,-20,15,-18,16,-19,16,-19,16,-19,15,-18,16,-18,19,-19,20,-20,20,-23,18,-20,18,-24,20,-26,21,-24,18,-26,20,-25,21,-23,21,0,0,0,0,0,0,21,28,20,32,21,26,19,30,19,30,16,30,17,26,17,28,13,26,17,25,18,23,17,24,21,25,19,25,13,26,17,25,17,24,17,25,17,26,17,23,18,21,17,25,17,20,18,21,19,21,24,23,19,21,17,21,18,23,20,21,18,25,19,25,18,23,19,24,17,24,15,24,17,24,17,21,18,25,16,25,12,24,10,26,11,25,11,25,10,27,6,25,5,24,5,25,4,21,4,20,2,20,3,20,1,21,0,20,-2,18,-4,18,-5,16,0,0,0,0,0,0,0,0,0,0]"""
1782031945954,2026-06-21T17:52:25.954,safe,posture,mhw,standing_still,t017,"CSI_DATA,536320,1a:00:00:00:00:00,-44,11,-99,16,29,11,531735695,47,2,256,0,""[0,0,0,0,0,0,0,0,0,0,0,0,-2,3,-4,4,-3,4,-4,4,-5,4,-5,5,-8,5,-5,8,-6,5,-6,8,-6,6,-9,6,-8,8,-9,9,-9,8,-12,10,-8,9,-11,10,-10,9,-10,12,-10,13,-12,11,-12,12,-12,12,-15,13,-13,12,-13,11,-11,15,-12,16,-12,13,-12,16,-11,16,-11,18,-12,17,-10,18,-11,18,-10,19,-10,19,-11,19,-10,23,-5,21,-11,24,-9,21,-3,25,-5,20,-4,28,-6,26,-3,26,-4,30,-4,28,-5,30,-4,31,-2,30,-3,36,-2,34,-3,32,1,33,0,0,0,0,0,0,33,1,34,0,32,-1,34,-3,36,-2,32,-3,34,-2,32,-3,33,-3,31,-3,32,-5,32,-8,30,-3,31,-9,28,-6,28,-9,28,-10,28,-10,24,-12,30,-10,25,-13,27,-15,23,-13,24,-15,26,-16,24,-15,24,-18,23,-19,26,-17,23,-19,23,-18,20,-19,26,-19,23,-18,21,-20,20,-16,23,-21,24,-17,21,-20,23,-19,23,-18,21,-17,21,-15,21,-17,20,-16,23,-15,21,-11,19,-17,18,-10,21,-12,18,-10,18,-11,17,-8,19,-10,18,-5,16,-5,17,-3,0,0,0,0,0,0,0,0,0,0]"""
1782031945965,2026-06-21T17:52:25.965,safe,posture,mhw,standing_still,t017,"CSI_DATA,536321,1a:00:00:00:00:00,-44,11,-99,15,29,11,531746695,47,2,256,0,""[0,0,0,0,0,0,0,0,0,0,0,0,2,-4,2,-5,2,-5,3,-4,3,-5,1,-4,5,-5,4,-7,5,-9,4,-8,5,-9,5,-10,4,-10,7,-11,8,-11,7,-13,7,-13,7,-11,8,-11,7,-13,8,-11,10,-16,9,-13,10,-11,10,-16,10,-16,10,-15,11,-19,10,-16,8,-17,10,-16,9,-20,9,-17,7,-19,8,-19,7,-22,5,-19,7,-20,7,-22,5,-24,7,-23,2,-22,1,-24,3,-26,3,-29,2,-23,1,-27,3,-27,0,-29,-1,-30,-1,-28,-3,-30,0,-34,-2,-30,-2,-33,-3,-34,-3,-34,0,0,0,0,0,0,-36,2,-34,2,-34,5,-34,2,-33,3,-35,2,-29,4,-34,5,-30,4,-33,7,-30,5,-29,5,-32,10,-29,7,-29,5,-29,9,-28,10,-27,10,-33,10,-24,13,-26,16,-26,13,-26,14,-24,15,-23,14,-26,17,-24,15,-22,16,-24,16,-21,19,-26,15,-27,17,-21,19,-22,22,-24,19,-24,21,-22,16,-22,21,-22,17,-23,17,-22,16,-23,16,-23,16,-21,15,-24,14,-20,15,-21,14,-22,13,-21,10,-20,7,-20,9,-19,7,-20,7,-20,4,-17,4,-19,3,-19,2,0,0,0,0,0,0,0,0,0,0]"""
1782031945977,2026-06-21T17:52:25.977,safe,posture,mhw,standing_still,t017,"CSI_DATA,536322,1a:00:00:00:00:00,-44,11,-99,16,29,11,531757695,47,2,256,0,""[0,0,0,0,0,0,0,0,0,0,0,0,-3,-3,-3,-5,-2,-4,-2,-5,-4,-5,-3,-6,-4,-8,-5,-5,-3,-6,-5,-8,-4,-9,-5,-9,-6,-8,-5,-10,-5,-10,-6,-12,-8,-12,-6,-12,-9,-13,-3,-16,-5,-16,-5,-15,-8,-16,-10,-17,-8,-16,-8,-16,-8,-16,-8,-15,-8,-17,-9,-17,-10,-16,-10,-18,-12,-17,-11,-17,-12,-16,-12,-17,-12,-17,-16,-17,-15,-18,-15,-15,-15,-16,-17,-17,-18,-16,-19,-17,-21,-18,-21,-18,-21,-18,-23,-16,-19,-16,-23,-18,-24,-18,-23,-17,-25,-17,-25,-20,-26,-19,-27,-19,-28,-20,0,0,0,0,0,0,-18,30,-18,28,-16,31,-16,30,-17,26,-16,28,-18,26,-17,30,-13,28,-17,27,-17,28,-12,26,-12,25,-12,27,-11,28,-9,27,-11,30,-9,26,-8,27,-10,28,-8,28,-6,28,-6,30,-6,28,-5,30,-8,25,-4,28,-2,30,-3,30,-2,28,-3,27,-1,30,-4,30,-3,31,-2,30,-4,32,-4,33,-5,30,-3,28,-5,27,-5,27,-4,31,-6,26,-6,25,-5,24,-6,24,-8,25,-5,25,-10,23,-8,21,-9,20,-10,18,-10,18,-11,16,-11,16,-10,12,-12,13,0,0,0,0,0,0,0,0,0,0]"""
1782031945987,2026-06-21T17:52:25.987,safe,posture,mhw,standing_still,t017,"CSI_DATA,536323,1a:00:00:00:00:00,-44,11,-99,15,29,11,531768785,47,2,256,0,""[0,0,0,0,0,0,0,0,0,0,0,0,-2,-3,-2,-2,-4,-4,-4,-4,-5,-5,-5,-4,-5,-4,-8,-7,-5,-7,-9,-5,-9,-5,-8,-5,-10,-5,-9,-7,-10,-7,-11,-10,-14,-7,-11,-9,-13,-10,-14,-8,-14,-7,-14,-8,-15,-8,-16,-7,-17,-7,-17,-8,-17,-9,-19,-5,-17,-8,-17,-5,-20,-3,-21,-4,-21,-4,-21,-3,-21,-1,-21,-2,-22,0,-22,1,-23,1,-23,4,-22,4,-24,3,-23,3,-23,9,-23,7,-26,10,-24,10,-24,14,-26,11,-24,15,-26,17,-24,15,-26,19,-27,19,-26,21,-26,19,-24,23,0,0,0,0,0,0,24,22,26,23,28,21,26,22,28,20,26,20,28,19,28,20,27,17,27,16,28,16,29,13,28,13,29,9,32,8,28,7,30,4,29,3,27,2,29,5,29,2,29,0,28,-1,29,0,30,-4,28,-1,28,-5,30,-9,29,-8,28,-9,28,-8,27,-10,29,-7,27,-10,27,-10,30,-11,29,-13,27,-11,26,-14,24,-8,26,-13,27,-13,26,-10,24,-13,24,-13,24,-11,24,-9,21,-11,23,-8,21,-8,22,-8,20,-9,20,-5,17,-5,19,-9,16,-3,16,-4,0,0,0,0,0,0,0,0,0,0]"""
1782031945997,2026-06-21T17:52:25.997,safe,posture,mhw,standing_still,t017,"CSI_DATA,536324,1a:00:00:00:00:00,-44,11,-99,18,28,11,531779695,47,2,256,0,""[0,0,0,0,0,0,0,0,0,0,0,0,13,-2,13,0,31,-20,2,0,11,-4,-12,-19,-1,3,11,-9,24,15,22,-4,14,-6,14,-4,4,0,8,0,11,3,14,9,14,2,14,1,17,-6,15,2,14,2,14,1,15,4,15,3,17,6,19,2,20,4,20,3,19,4,19,4,19,3,19,1,20,1,19,1,23,-1,23,-1,23,1,22,1,22,1,23,1,24,1,25,-3,24,-1,25,-3,24,-3,24,-3,26,-6,28,-3,29,-4,31,-4,28,-2,30,-3,30,-4,33,-4,33,-3,31,-6,33,-6,0,0,0,0,0,0,-2,-35,-1,-36,-4,-30,-3,-33,-3,-36,0,-33,-2,-31,-2,-33,0,-33,-2,-28,-3,-30,-4,-30,-7,-33,-3,-31,-1,-30,-3,-29,-4,-30,-6,-29,-3,-30,-8,-29,-9,-28,-6,-29,-7,-25,-9,-25,-8,-28,-12,-26,-8,-28,-7,-28,-8,-29,-9,-25,-8,-30,-9,-29,-8,-30,-9,-28,-8,-29,-7,-26,-8,-24,-9,-28,-7,-28,-8,-30,-4,-29,-1,-28,-2,-28,-2,-30,-1,-28,-1,-25,1,-24,1,-26,1,-20,2,-23,1,-23,2,-20,4,-22,6,-20,7,-17,8,-17,9,-14,0,0,0,0,0,0,0,0,0,0]"""
1782031946010,2026-06-21T17:52:26.010,safe,posture,mhw,standing_still,t017,"CSI_DATA,536325,1a:00:00:00:00:00,-44,11,-99,16,29,11,531792702,47,2,256,0,""[0,0,0,0,0,0,0,0,0,0,0,0,-4,2,-5,2,-5,1,-6,2,-5,2,-9,2,-9,1,-9,1,-10,1,-10,2,-11,2,-10,1,-13,1,-11,1,-12,2,-15,0,-13,2,-15,0,-18,0,-18,-3,-16,-3,-16,0,-16,-2,-17,-2,-18,-2,-18,-1,-18,-2,-18,0,-17,-3,-19,-2,-18,-2,-23,-2,-23,-3,-20,-3,-21,-2,-19,-3,-19,-1,-23,0,-21,-1,-21,0,-21,-1,-24,1,-26,1,-26,1,-27,1,-27,1,-30,2,-27,2,-25,0,-30,1,-32,3,-27,2,-31,1,-35,1,-34,1,-33,0,-35,2,0,0,0,0,0,0,-1,32,0,31,0,36,0,34,-1,34,0,34,-2,35,-2,34,0,33,-2,33,-2,32,-2,30,-2,28,-2,32,0,32,1,31,1,30,0,27,1,27,0,28,2,28,2,30,2,31,1,31,2,28,2,27,1,27,6,30,3,28,3,31,0,27,2,30,0,28,2,28,1,30,1,33,0,32,-3,28,-3,28,-4,27,-3,27,-3,28,-5,28,-4,25,-5,25,-5,24,-8,25,-6,23,-11,23,-11,21,-11,19,-11,18,-11,16,-12,16,-13,17,-13,11,-12,11,0,0,0,0,0,0,0,0,0,0]"""
1782031946020,2026-06-21T17:52:26.020,safe,posture,mhw,standing_still,t017,"CSI_DATA,536326,1a:00:00:00:00:00,-44,11,-99,20,28,11,531801735,47,2,256,0,""[0,0,0,0,0,0,0,0,0,0,0,0,-4,-4,-5,-4,-3,-4,-5,-3,-6,-5,-4,-3,-4,-3,-8,-3,-6,-6,-10,-5,-8,-5,-8,-6,-10,-5,-9,-8,-10,-9,-11,-11,-11,-6,-13,-10,-9,-9,-13,-9,-17,-11,-16,-11,-16,-11,-11,-10,-12,-12,-16,-10,-16,-12,-13,-10,-18,-12,-16,-9,-17,-11,-17,-6,-18,-5,-19,-6,-20,-6,-23,-6,-24,-4,-19,-8,-21,-5,-24,-6,-23,-4,-27,-5,-23,-4,-27,-2,-21,-1,-24,0,-25,0,-27,5,-31,5,-30,3,-27,2,-33,0,-33,3,-32,4,-33,3,-31,5,-32,6,0,0,0,0,0,0,8,35,8,36,9,26,10,31,11,38,6,30,12,33,9,30,11,33,11,25,12,24,15,26,17,30,18,28,12,25,15,26,18,25,17,25,16,24,20,25,19,20,21,24,16,17,19,17,21,18,26,18,26,20,20,17,25,19,24,17,26,19,25,16,27,19,24,15,26,16,20,12,26,12,26,12,28,11,27,13,26,16,20,17,25,17,24,18,21,16,20,17,17,17,21,17,13,12,17,12,17,15,18,12,17,15,18,15,13,15,11,16,11,16,0,0,0,0,0,0,0,0,0,0]"""
1782031946028,2026-06-21T17:52:26.028,safe,posture,mhw,standing_still,t017,"CSI_DATA,536327,1a:00:00:00:00:00,-44,11,-99,16,29,11,531812695,47,2,256,0,""[0,0,0,0,0,0,0,0,0,0,0,0,5,2,5,3,4,4,4,3,5,4,5,5,5,5,8,5,4,5,6,5,6,8,8,8,9,9,6,10,6,9,9,13,8,12,8,13,6,12,8,16,10,17,4,15,9,16,9,15,5,16,6,17,8,18,6,16,5,21,6,18,5,19,5,18,8,20,6,19,9,19,8,19,8,20,9,21,6,24,10,24,11,19,8,25,6,24,11,21,8,21,15,27,10,24,13,23,10,25,11,25,9,28,9,28,9,27,11,33,10,31,9,28,13,32,0,0,0,0,0,0,32,-9,35,-8,31,-9,33,-8,36,-8,31,-4,36,-4,30,-3,33,-4,32,-2,31,-5,33,-5,30,-3,31,-6,32,-5,27,-4,30,-5,30,-4,25,-3,32,-3,26,-5,28,-6,26,-4,28,-5,31,-6,27,-4,31,-6,28,-5,28,-3,31,-4,30,-3,26,-5,33,-2,28,-2,30,-1,28,1,32,-2,31,0,28,0,28,3,27,2,30,5,28,9,27,6,25,5,26,11,21,11,24,8,18,10,23,10,18,12,17,10,15,11,15,12,12,16,10,13,10,15,0,0,0,0,0,0,0,0,0,0]"""
1782031946044,2026-06-21T17:52:26.044,safe,posture,mhw,standing_still,t017,"CSI_DATA,536328,1a:00:00:00:00:00,-44,11,-99,15,29,11,531823695,47,2,256,0,""[0,0,0,0,0,0,0,0,0,0,0,0,-5,-2,-4,-3,-4,-4,-4,-4,-4,-5,-5,-4,-4,-5,-5,-7,-7,-7,-4,-9,-5,-8,-4,-10,-7,-9,-5,-10,-7,-14,-4,-13,-5,-14,-5,-15,-4,-14,-7,-14,-4,-13,-5,-17,-3,-16,-2,-16,-2,-19,-3,-17,-2,-20,-1,-21,-2,-17,-3,-20,-1,-19,-3,-19,-2,-20,-2,-20,-3,-21,-2,-23,-2,-22,-1,-20,-4,-22,-2,-23,-2,-26,-4,-24,-3,-26,-4,-26,-4,-24,-3,-26,-3,-24,-4,-28,-4,-29,-3,-30,-4,-27,-3,-32,-1,-32,-1,-30,-1,-34,-2,-35,-1,-35,0,0,0,0,0,0,-38,-4,-35,-7,-33,-4,-35,-4,-34,-5,-32,-9,-32,-5,-33,-7,-32,-7,-29,-7,-29,-7,-29,-8,-32,-4,-29,-8,-27,-10,-29,-9,-29,-5,-29,-7,-30,-9,-29,-5,-29,-4,-29,-8,-26,-5,-27,-3,-28,-7,-32,-4,-28,-9,-24,-7,-29,-10,-28,-7,-28,-10,-29,-11,-28,-8,-28,-9,-27,-11,-27,-11,-26,-13,-26,-13,-26,-15,-27,-16,-24,-15,-20,-19,-21,-19,-20,-20,-19,-21,-19,-17,-15,-20,-13,-20,-13,-19,-10,-17,-10,-20,-9,-17,-9,-19,-7,-20,-2,-19,-2,-19,0,-20,0,0,0,0,0,0,0,0,0,0]"""
1782031946052,2026-06-21T17:52:26.052,safe,posture,mhw,standing_still,t017,"CSI_DATA,536329,1a:00:00:00:00:00,-44,11,-99,19,28,11,531834695,47,2,256,0,""[0,0,0,0,0,0,0,0,0,0,0,0,-3,4,-2,5,-1,5,-3,7,-1,8,-2,8,-3,7,-5,7,-3,9,-4,8,-5,9,-7,10,-5,9,-4,13,-5,13,-5,11,-7,14,-8,13,-9,16,-9,14,-10,10,-7,15,-8,13,-9,17,-9,15,-8,15,-9,15,-11,16,-8,15,-8,20,-8,16,-10,20,-11,17,-9,19,-11,20,-9,20,-8,17,-5,22,-5,20,-5,19,-9,22,-2,22,-3,24,-5,26,-5,30,-7,23,-4,28,-9,28,-4,24,-5,28,0,33,-1,32,-4,32,-4,30,1,33,-3,36,-3,33,0,0,0,0,0,0,36,2,29,3,39,3,35,3,28,2,35,3,30,1,35,2,28,1,36,2,33,1,29,3,32,-1,29,2,32,-1,29,-3,30,-2,27,-2,32,-2,26,-7,29,-8,29,-4,32,-7,30,-4,27,-5,28,-5,27,-3,29,-9,28,-7,26,-10,27,-5,32,-7,23,-10,28,-13,29,-8,34,-10,30,-5,28,-8,30,-4,27,-4,28,-5,29,-7,28,-5,24,-4,28,-2,23,-5,27,-5,23,0,28,0,22,1,23,2,20,5,20,2,20,4,19,4,17,4,16,5,0,0,0,0,0,0,0,0,0,0]"""
1782031946063,2026-06-21T17:52:26.063,safe,posture,mhw,standing_still,t017,"CSI_DATA,536330,1a:00:00:00:00:00,-44,11,-99,15,29,11,531845695,47,2,256,0,""[0,0,0,0,0,0,0,0,0,0,0,0,-1,7,-1,4,-1,7,-1,5,-2,7,-1,7,-1,8,-1,11,-4,9,-2,11,-3,10,-2,11,-2,11,-4,10,-4,11,-5,14,-3,14,-5,14,-4,13,-8,13,-9,16,-8,15,-9,17,-7,16,-8,15,-7,16,-10,16,-7,15,-11,17,-7,16,-9,17,-8,15,-7,20,-9,20,-7,21,-8,21,-7,22,-7,20,-8,22,-5,26,-3,21,-8,27,-7,22,-3,26,-3,20,-2,28,-8,26,0,28,-3,30,-3,30,-3,27,-5,29,-5,30,-4,35,-4,33,-5,29,0,34,0,0,0,0,0,0,33,5,39,7,29,4,33,5,40,5,30,5,38,3,30,4,34,5,29,4,28,4,34,2,32,3,33,2,29,2,28,3,30,0,32,1,27,-1,33,-1,28,-1,33,-2,23,-1,29,-2,30,-2,27,-1,32,-4,29,-5,28,-2,29,-5,32,-4,27,-5,35,-2,27,-2,30,-3,26,-2,32,-3,30,-1,30,-4,30,0,29,0,28,1,29,2,30,1,26,1,28,7,23,5,26,2,19,3,24,5,20,8,21,5,19,8,20,7,15,9,15,9,13,11,0,0,0,0,0,0,0,0,0,0]"""
1782031946075,2026-06-21T17:52:26.075,safe,posture,mhw,standing_still,t017,"CSI_DATA,536331,1a:00:00:00:00:00,-44,11,-99,15,29,11,531856695,47,2,256,0,""[0,0,0,0,0,0,0,0,0,0,0,0,4,3,4,3,4,4,5,4,4,5,4,4,5,3,8,5,8,7,8,5,7,5,9,4,11,5,9,8,9,8,13,9,11,7,11,10,11,8,11,5,11,8,16,8,15,9,15,10,15,9,16,9,17,10,19,9,19,9,19,7,20,9,16,7,20,4,21,4,21,3,22,3,23,2,21,4,22,2,23,2,23,0,27,0,24,0,27,-4,21,-3,27,-7,26,-4,26,-11,28,-10,28,-11,26,-9,28,-11,29,-10,32,-13,32,-13,28,-14,29,-15,0,0,0,0,0,0,-17,-32,-17,-33,-17,-23,-17,-28,-22,-32,-16,-27,-22,-28,-19,-23,-21,-26,-20,-21,-20,-21,-23,-21,-26,-20,-27,-19,-21,-21,-24,-17,-27,-15,-24,-17,-23,-15,-28,-15,-24,-10,-29,-13,-24,-7,-26,-7,-28,-8,-29,-5,-30,-7,-28,-7,-32,-5,-30,-1,-32,-4,-28,-1,-32,-3,-28,-4,-29,-3,-26,-2,-30,1,-29,-1,-30,2,-30,-1,-29,0,-27,-3,-29,-2,-30,-2,-28,0,-28,-2,-22,-3,-26,-1,-21,-1,-23,-1,-21,-2,-22,-1,-19,-3,-22,-2,-19,-5,-17,-4,-16,-8,0,0,0,0,0,0,0,0,0,0]"""
1782031946086,2026-06-21T17:52:26.086,safe,posture,mhw,standing_still,t017,"CSI_DATA,536332,1a:00:00:00:00:00,-44,11,-99,15,29,11,531867695,47,2,256,0,""[0,0,0,0,0,0,0,0,0,0,0,0,2,-4,2,-3,3,-7,1,-4,3,-7,4,-7,3,-5,3,-8,4,-9,3,-9,3,-10,3,-10,4,-10,5,-11,4,-10,7,-14,7,-13,8,-14,5,-13,4,-14,5,-19,8,-15,5,-17,7,-15,8,-16,5,-17,7,-17,5,-16,8,-21,5,-17,4,-19,4,-19,2,-21,2,-20,0,-21,1,-21,-1,-22,1,-21,-1,-22,-3,-24,-4,-22,-2,-27,-2,-24,-5,-27,-4,-21,-9,-26,-7,-27,-13,-23,-10,-28,-10,-27,-9,-24,-11,-30,-13,-28,-14,-30,-14,-30,-14,-27,-17,-28,0,0,0,0,0,0,-28,16,-34,21,-24,16,-27,20,-32,22,-27,16,-29,21,-24,19,-27,22,-20,21,-20,20,-21,24,-21,23,-19,27,-19,21,-17,22,-17,26,-16,26,-14,26,-19,28,-13,24,-13,27,-8,22,-9,24,-9,29,-8,28,-8,32,-7,28,-8,28,-4,30,-5,33,-3,29,-8,32,-7,29,-4,29,-4,27,-1,32,-5,29,-2,29,-4,29,-3,28,-5,26,-4,28,-5,29,-4,26,-8,27,-8,22,-3,26,-3,19,-4,24,-7,20,-4,22,-5,19,-8,21,-7,16,-7,16,-8,13,0,0,0,0,0,0,0,0,0,0]"""
1782031946095,2026-06-21T17:52:26.095,safe,posture,mhw,standing_still,t017,"CSI_DATA,536333,1a:00:00:00:00:00,-44,11,-99,20,28,11,531878695,47,2,256,0,""[0,0,0,0,0,0,0,0,0,0,0,0,4,2,4,3,5,4,4,3,4,5,4,4,4,5,8,8,9,8,8,8,6,8,6,9,6,9,8,11,8,11,8,12,8,13,8,13,8,13,5,12,4,16,10,16,6,17,4,16,5,18,5,18,5,19,6,21,5,19,5,18,5,19,6,18,6,17,8,18,10,18,9,23,9,20,6,20,10,21,9,24,9,23,10,21,6,24,10,23,12,21,12,21,13,23,13,21,15,28,15,27,11,26,11,31,11,32,11,27,10,32,13,30,13,32,0,0,0,0,0,0,35,-10,38,-8,31,-10,32,-6,36,-9,33,-3,31,-6,35,-6,33,-4,31,-5,28,-9,28,-6,33,-10,31,-6,30,-4,28,-8,31,-8,30,-5,31,-5,28,-6,27,-9,30,-5,24,-8,24,-9,27,-9,30,-9,30,-9,27,-5,31,-8,28,-9,31,-6,31,-5,30,-8,28,-5,31,-4,30,-3,28,-4,28,-5,31,-5,31,-3,27,-1,27,3,27,3,28,3,27,3,26,4,24,6,24,9,19,8,19,8,20,8,20,8,21,9,18,10,13,10,15,11,12,13,0,0,0,0,0,0,0,0,0,0]"""
1782031946108,2026-06-21T17:52:26.108,safe,posture,mhw,standing_still,t017,"CSI_DATA,536334,1a:00:00:00:00:00,-44,11,-99,15,29,11,531889695,47,2,256,0,""[0,0,0,0,0,0,0,0,0,0,0,0,4,-1,5,-2,4,-4,5,-3,7,-4,7,-3,7,-5,7,-4,9,-5,9,-4,9,-5,9,-7,8,-7,10,-7,13,-8,11,-7,11,-9,13,-5,13,-8,14,-10,13,-9,15,-9,14,-8,14,-8,17,-10,15,-10,15,-10,19,-10,14,-10,16,-13,16,-11,16,-13,14,-11,15,-14,16,-14,16,-16,13,-14,15,-17,15,-16,15,-19,14,-20,10,-20,11,-22,13,-21,13,-24,11,-21,10,-24,11,-23,10,-26,10,-27,11,-28,10,-30,14,-32,11,-28,9,-32,9,-32,10,-30,0,0,0,0,0,0,-36,-11,-33,-9,-34,-9,-32,-9,-33,-8,-35,-11,-29,-7,-35,-9,-30,-7,-30,-7,-30,-5,-29,-7,-35,-2,-29,-4,-29,-3,-32,-1,-30,-1,-30,0,-34,-2,-27,2,-28,4,-29,1,-29,3,-28,3,-28,1,-30,7,-28,4,-28,5,-29,7,-27,8,-28,5,-33,7,-26,9,-29,11,-28,7,-30,8,-29,7,-27,9,-29,7,-29,7,-26,5,-28,5,-28,7,-27,4,-28,4,-23,5,-27,4,-24,1,-24,1,-21,0,-22,1,-21,0,-22,0,-19,-2,-19,-1,-19,-2,-17,-5,0,0,0,0,0,0,0,0,0,0]"""
1782031946120,2026-06-21T17:52:26.120,safe,posture,mhw,standing_still,t017,"CSI_DATA,536335,1a:00:00:00:00:00,-44,11,-99,16,29,11,531900695,47,2,256,0,""[0,0,0,0,0,0,0,0,0,0,0,0,-4,4,-5,3,-4,3,-6,3,-5,3,-5,4,-5,4,-8,4,-9,6,-6,4,-10,3,-10,4,-10,6,-12,3,-15,2,-12,4,-16,4,-15,2,-15,2,-17,2,-17,1,-16,3,-17,1,-17,0,-18,0,-17,1,-18,-1,-18,-2,-18,-2,-19,0,-19,-3,-20,0,-20,-2,-20,0,-21,-1,-21,0,-20,-1,-20,-2,-23,-2,-23,-2,-24,-3,-23,-1,-25,-1,-25,-3,-25,-2,-24,-2,-27,-1,-26,-1,-28,-2,-30,-2,-31,-4,-31,-3,-34,-5,-31,-4,-32,-8,-35,-5,-31,-8,0,0,0,0,0,0,-13,34,-15,32,-11,30,-16,31,-15,30,-16,28,-13,26,-17,30,-18,27,-15,27,-12,26,-13,24,-13,30,-15,25,-18,24,-15,26,-13,26,-16,25,-17,25,-13,23,-12,25,-18,23,-12,24,-13,24,-15,24,-15,27,-15,24,-15,24,-17,26,-15,25,-18,23,-20,25,-16,23,-18,23,-20,20,-19,24,-19,20,-20,21,-20,20,-24,21,-21,18,-23,15,-24,16,-24,12,-25,11,-21,10,-26,9,-24,5,-24,6,-20,3,-21,5,-20,2,-21,2,-20,-1,-19,-2,-19,-2,-16,-5,0,0,0,0,0,0,0,0,0,0]"""
1782031946130,2026-06-21T17:52:26.130,safe,posture,mhw,standing_still,t017,"CSI_DATA,536336,1a:00:00:00:00:00,-44,11,-99,16,29,11,531911695,47,2,256,0,""[0,0,0,0,0,0,0,0,0,0,0,0,2,5,2,5,1,5,2,6,3,6,1,9,0,9,0,9,0,9,1,10,2,11,1,12,0,12,-1,12,-2,11,-3,13,-2,15,-4,13,-3,15,-4,17,-2,17,-6,15,-5,16,-6,18,-6,17,-8,17,-10,16,-9,17,-12,16,-9,17,-11,17,-12,18,-12,18,-11,17,-11,18,-11,16,-12,18,-12,19,-15,18,-13,18,-12,18,-15,18,-16,20,-13,20,-17,20,-18,24,-17,20,-16,24,-18,19,-18,23,-19,23,-19,20,-20,21,-25,23,-23,26,-25,21,-25,21,0,0,0,0,0,0,17,28,18,28,20,27,17,27,16,27,15,28,16,30,15,31,13,30,13,31,11,30,13,28,8,26,12,28,12,28,11,26,15,27,10,26,10,26,10,28,11,28,10,27,9,28,9,28,11,27,6,27,9,28,11,27,8,30,9,31,6,26,6,30,2,30,5,30,4,28,1,32,2,32,0,28,-1,28,-3,27,-2,27,-4,28,-6,28,-6,25,-6,26,-11,25,-12,23,-10,23,-13,20,-12,20,-12,18,-13,16,-16,11,-15,12,-17,12,-15,10,-13,8,0,0,0,0,0,0,0,0,0,0]"""
1782031946141,2026-06-21T17:52:26.141,safe,posture,mhw,standing_still,t017,"CSI_DATA,536337,1a:00:00:00:00:00,-44,11,-99,15,29,11,531922695,47,2,256,0,""[0,0,0,0,0,0,0,0,0,0,0,0,-4,3,-2,4,-4,5,-4,5,-4,5,-4,7,-4,7,-4,9,-4,8,-5,9,-4,10,-5,10,-4,9,-4,10,-5,11,-8,13,-7,11,-7,15,-7,13,-10,13,-9,16,-5,14,-8,17,-5,16,-7,17,-7,17,-5,16,-5,17,-9,21,-8,16,-3,20,-4,20,-3,22,-3,22,-2,22,-1,20,0,22,0,23,2,22,4,23,4,20,2,27,2,26,8,27,7,23,11,26,9,26,14,24,14,26,14,27,13,28,13,27,14,27,17,30,19,28,17,27,21,27,0,0,0,0,0,0,23,-21,27,-22,24,-22,27,-23,24,-27,22,-22,22,-26,23,-23,21,-27,19,-23,19,-27,17,-28,15,-24,14,-30,13,-29,10,-26,10,-30,8,-29,5,-27,10,-29,5,-29,5,-29,4,-27,2,-29,0,-32,2,-27,-1,-30,-3,-30,-1,-30,-4,-29,-2,-28,-8,-26,-1,-33,-3,-29,-5,-28,-2,-27,-9,-32,-4,-28,-9,-29,-7,-28,-7,-27,-4,-28,-4,-28,-7,-27,-5,-26,-3,-24,-2,-24,-5,-24,-3,-21,-5,-23,-2,-22,-4,-22,0,-20,-1,-22,-1,-19,0,-16,1,-16,0,0,0,0,0,0,0,0,0,0]"""
1782031946153,2026-06-21T17:52:26.153,safe,posture,mhw,standing_still,t017,"CSI_DATA,536338,1a:00:00:00:00:00,-44,11,-99,16,29,11,531934767,47,2,256,0,""[0,0,0,0,0,0,0,0,0,0,0,0,-3,4,-2,4,-3,5,-4,5,-5,5,-3,6,-2,8,-5,8,-5,9,-4,8,-5,9,-6,9,-5,10,-6,11,-6,10,-6,11,-5,13,-10,13,-6,12,-6,11,-8,11,-6,18,-9,17,-9,13,-9,17,-8,16,-9,16,-10,18,-5,18,-5,19,-8,18,-6,18,-4,19,-2,19,-2,21,-1,23,-2,21,-2,21,-1,21,-2,24,-1,24,2,24,1,26,3,27,4,24,6,23,8,25,10,26,11,30,10,27,10,25,12,28,12,32,15,28,11,33,15,30,16,30,0,0,0,0,0,0,33,-16,33,-17,28,-18,27,-17,30,-20,30,-17,26,-17,26,-19,27,-19,24,-18,21,-20,20,-24,20,-25,20,-24,21,-19,19,-24,17,-24,19,-25,19,-25,15,-26,11,-24,15,-25,9,-25,8,-27,9,-25,6,-31,8,-28,9,-27,9,-28,5,-28,9,-31,8,-31,4,-30,4,-30,6,-30,3,-28,2,-30,2,-27,0,-30,2,-31,2,-28,5,-26,4,-27,4,-27,4,-27,4,-25,4,-25,5,-24,4,-20,4,-20,4,-21,2,-20,4,-21,5,-18,5,-17,8,-17,8,-17,0,0,0,0,0,0,0,0,0,0]"""
1782031946165,2026-06-21T17:52:26.165,safe,posture,mhw,standing_still,t017,"CSI_DATA,536339,1a:00:00:00:00:00,-44,11,-99,16,29,11,531944695,47,2,256,0,""[0,0,0,0,0,0,0,0,0,0,0,0,-4,0,-4,0,-5,1,-6,1,-8,0,-8,-1,-8,0,-9,0,-9,-2,-10,-1,-11,-1,-11,-2,-10,-3,-11,-3,-10,-3,-13,-5,-13,-5,-15,-5,-12,-6,-16,-6,-17,-5,-13,-8,-17,-8,-16,-6,-15,-9,-17,-8,-15,-9,-16,-6,-17,-12,-17,-9,-17,-9,-16,-9,-19,-10,-16,-10,-19,-9,-18,-10,-18,-10,-20,-12,-20,-12,-23,-9,-20,-9,-21,-12,-21,-13,-24,-9,-20,-10,-27,-8,-23,-12,-27,-8,-26,-10,-27,-11,-27,-12,-27,-15,-26,-13,-31,-16,-31,-15,-27,-16,-31,-13,0,0,0,0,0,0,-17,26,-18,34,-15,30,-18,30,-19,32,-16,26,-19,31,-17,26,-18,27,-18,26,-16,26,-17,27,-17,25,-16,28,-16,26,-15,24,-15,26,-15,26,-13,23,-17,28,-13,25,-13,26,-12,24,-13,27,-13,27,-13,23,-13,27,-11,26,-15,25,-15,26,-16,26,-11,26,-19,27,-15,25,-15,25,-16,21,-16,25,-18,24,-17,24,-19,21,-19,21,-20,19,-23,19,-19,19,-18,18,-23,16,-20,11,-18,15,-18,10,-20,13,-19,10,-19,10,-20,8,-19,6,-20,3,-17,2,-19,1,0,0,0,0,0,0,0,0,0,0]"""
1782031946175,2026-06-21T17:52:26.175,safe,posture,mhw,standing_still,t017,"CSI_DATA,536340,1a:00:00:00:00:00,-44,11,-99,16,29,11,531955695,47,2,256,0,""[0,0,0,0,0,0,0,0,0,0,0,0,4,3,4,4,4,4,5,4,5,3,6,4,6,4,4,6,9,5,6,8,9,9,10,8,10,6,11,5,11,10,9,8,13,10,11,10,11,11,13,11,12,9,13,11,10,11,13,10,15,11,15,10,13,11,16,12,15,8,19,11,16,10,19,12,15,11,18,11,19,11,20,10,17,8,21,8,20,6,20,5,23,9,20,1,26,2,25,4,30,4,24,5,26,3,27,4,26,1,31,1,31,-1,31,-2,34,0,31,0,33,-5,38,-2,33,-2,0,0,0,0,0,0,0,-36,0,-34,-4,-38,0,-33,-4,-30,-2,-35,-4,-30,-5,-35,-4,-30,-4,-34,-5,-33,-3,-30,-9,-31,-6,-27,-10,-30,-11,-28,-11,-27,-11,-25,-11,-30,-13,-23,-17,-25,-12,-25,-16,-27,-13,-25,-12,-24,-17,-24,-15,-21,-17,-21,-17,-21,-19,-21,-18,-19,-19,-26,-19,-17,-23,-19,-19,-23,-25,-25,-16,-24,-20,-23,-17,-23,-18,-21,-17,-21,-20,-21,-19,-20,-17,-18,-15,-21,-17,-18,-17,-20,-11,-21,-15,-23,-8,-20,-10,-19,-8,-20,-9,-18,-3,-18,-8,-18,-5,-17,-4,-18,0,0,0,0,0,0,0,0,0,0]"""
1782031946184,2026-06-21T17:52:26.184,safe,posture,mhw,standing_still,t017,"CSI_DATA,536341,1a:00:00:00:00:00,-44,11,-99,15,29,11,531966695,47,2,256,0,""[0,0,0,0,0,0,0,0,0,0,0,0,3,-5,3,-4,4,-5,4,-5,4,-5,4,-5,4,-4,5,-7,7,-5,9,-7,9,-7,8,-7,10,-9,10,-9,10,-7,14,-8,13,-8,13,-7,14,-5,11,-8,14,-8,15,-7,17,-9,15,-5,17,-5,19,-7,17,-7,17,-5,22,-4,19,-5,19,-4,19,-3,20,-7,21,-4,20,-7,22,-7,22,-4,22,-4,23,-4,26,-7,22,-9,26,-4,23,-5,23,-8,21,-5,28,-9,26,-7,26,-10,29,-8,28,-8,28,-4,32,-3,30,-4,34,-4,33,-5,32,-3,34,-4,0,0,0,0,0,0,-2,-33,1,-36,-2,-33,-1,-34,-1,-38,0,-30,1,-36,3,-32,3,-34,4,-30,2,-29,1,-33,3,-30,2,-33,3,-28,2,-28,1,-33,2,-29,3,-27,4,-32,0,-28,3,-28,2,-27,2,-27,1,-29,2,-27,2,-33,1,-29,3,-29,3,-29,4,-29,2,-28,8,-32,5,-28,7,-28,8,-26,8,-30,8,-27,9,-28,13,-26,13,-26,15,-23,16,-24,15,-24,14,-22,19,-21,20,-16,17,-19,15,-13,19,-17,19,-11,16,-11,17,-9,17,-9,20,-8,16,-5,17,-4,0,0,0,0,0,0,0,0,0,0]"""
1782031946195,2026-06-21T17:52:26.195,safe,posture,mhw,standing_still,t017,"CSI_DATA,536342,1a:00:00:00:00:00,-44,11,-99,17,29,11,531977695,47,2,256,0,""[0,0,0,0,0,0,0,0,0,0,0,0,1,5,2,5,2,5,2,7,1,6,1,8,2,8,1,7,2,10,0,7,3,11,1,10,1,12,1,14,-2,15,0,12,-1,15,-3,14,-2,16,-4,15,-6,13,-3,17,-6,15,-5,16,-6,17,-5,17,-6,19,-11,19,-6,14,-8,20,-8,16,-7,20,-12,17,-10,17,-11,17,-11,19,-7,17,-8,20,-7,20,-7,20,-14,22,-7,21,-8,24,-12,22,-13,26,-14,20,-14,25,-15,21,-11,23,-15,25,-13,28,-14,29,-19,29,-17,24,-16,26,-21,29,-20,24,0,0,0,0,0,0,25,25,21,21,24,25,20,24,19,23,21,30,17,21,22,31,16,23,19,28,17,28,14,24,19,28,15,23,16,24,19,25,17,23,17,24,16,29,14,21,19,23,14,24,17,25,14,26,11,23,15,24,12,25,14,24,15,28,16,24,13,26,12,31,13,22,14,29,8,26,12,33,5,28,7,29,4,31,4,30,3,24,5,28,4,28,0,25,-2,28,2,24,-2,25,-5,24,-6,26,-8,20,-8,21,-10,19,-8,17,-10,15,-12,15,-11,14,-13,12,0,0,0,0,0,0,0,0,0,0]"""
1782031946207,2026-06-21T17:52:26.207,safe,posture,mhw,standing_still,t017,"CSI_DATA,536343,1a:00:00:00:00:00,-44,11,-99,15,29,11,531988695,47,2,256,0,""[0,0,0,0,0,0,0,0,0,0,0,0,-5,2,-4,1,-5,3,-5,2,-8,2,-7,3,-7,3,-9,3,-9,7,-10,3,-9,2,-10,4,-10,4,-13,7,-13,5,-13,9,-11,7,-15,5,-14,5,-10,8,-11,7,-14,11,-15,9,-16,8,-15,9,-15,11,-17,11,-15,14,-15,13,-14,14,-16,15,-13,15,-13,15,-11,17,-11,19,-11,22,-11,19,-10,19,-9,21,-10,22,-9,21,-7,23,-7,24,-5,26,-3,22,-1,26,-1,26,-1,29,2,32,2,29,0,29,1,33,1,33,4,32,2,34,7,33,7,34,0,0,0,0,0,0,32,-10,36,-8,30,-9,33,-9,33,-11,32,-8,32,-13,29,-13,30,-14,26,-13,24,-16,26,-15,26,-21,27,-20,26,-16,22,-20,22,-22,21,-21,20,-21,16,-23,15,-23,19,-23,13,-22,13,-26,13,-26,11,-29,13,-27,10,-26,10,-28,9,-28,9,-28,9,-29,7,-33,5,-29,7,-30,4,-28,3,-28,4,-28,2,-32,3,-30,4,-29,7,-27,4,-29,5,-28,4,-27,2,-26,4,-23,4,-26,5,-21,4,-22,4,-22,2,-22,3,-21,5,-22,8,-17,7,-17,8,-17,0,0,0,0,0,0,0,0,0,0]"""
1782031946219,2026-06-21T17:52:26.219,safe,posture,mhw,standing_still,t017,"CSI_DATA,536344,1a:00:00:00:00:00,-44,11,-99,15,28,11,532000964,47,2,256,0,""[0,0,0,0,0,0,0,0,0,0,0,0,10,-40,-49,0,21,4,0,32,-14,38,1,13,2,-33,9,-60,-1,6,2,-29,4,22,8,-25,6,-24,-6,6,8,-29,-2,-2,-4,8,-6,-6,-4,-8,4,-29,1,-28,-4,-17,2,-13,-1,-21,2,-16,2,-17,0,-21,-1,-18,-2,-20,-4,-16,-6,-21,-5,-17,-6,-21,-5,-17,-8,-22,-9,-21,-10,-24,-10,-21,-10,-20,-16,-20,-14,-17,-13,-22,-16,-21,-16,-18,-14,-18,-21,-18,-20,-21,-22,-17,-22,-18,-21,-18,-22,-20,-24,-18,-25,-18,-28,-20,-26,-18,-26,-18,-28,-13,0,0,0,0,0,0,-16,29,-14,32,-12,26,-12,32,-13,34,-12,28,-10,33,-9,29,-9,33,-8,30,-6,30,-2,33,-5,29,0,32,-2,29,-1,28,0,32,1,30,2,26,1,32,4,28,6,29,6,28,6,29,10,28,10,26,12,28,12,26,12,28,13,28,13,26,14,25,13,29,13,26,16,24,14,25,18,28,14,25,17,24,14,25,14,25,13,24,13,25,14,24,13,22,12,25,9,22,14,21,9,20,10,21,9,21,9,20,8,18,8,21,8,18,5,16,4,17,0,0,0,0,0,0,0,0,0,0]"""
1782031946232,2026-06-21T17:52:26.232,safe,posture,mhw,standing_still,t017,"CSI_DATA,536345,1a:00:00:00:00:00,-44,11,-99,15,29,11,532010695,47,2,256,0,""[0,0,0,0,0,0,0,0,0,0,0,0,-4,-4,-3,-3,-4,-5,-3,-5,-3,-5,-5,-7,-4,-5,-5,-7,-5,-8,-5,-8,-7,-8,-7,-9,-8,-9,-5,-10,-5,-10,-7,-13,-5,-13,-8,-13,-4,-14,-7,-15,-9,-16,-4,-14,-8,-16,-7,-16,-7,-16,-8,-16,-5,-19,-5,-16,-3,-20,-4,-19,-5,-19,-5,-20,-8,-20,-5,-21,-8,-19,-7,-20,-9,-20,-8,-22,-8,-22,-9,-22,-9,-20,-8,-23,-9,-24,-14,-23,-11,-22,-13,-26,-13,-26,-15,-22,-11,-26,-14,-27,-15,-27,-13,-26,-13,-28,-14,-30,-13,-30,-14,-30,-15,-30,0,0,0,0,0,0,-32,10,-33,13,-33,14,-32,11,-33,13,-30,10,-32,9,-30,8,-33,10,-32,10,-30,10,-27,13,-29,9,-29,14,-29,13,-27,13,-28,14,-28,13,-23,10,-29,10,-27,13,-29,13,-26,14,-28,13,-27,14,-26,10,-26,15,-24,16,-24,14,-26,15,-27,13,-23,14,-29,11,-27,10,-28,11,-27,11,-28,13,-29,10,-27,11,-27,7,-27,8,-28,8,-29,4,-27,5,-24,4,-27,0,-23,0,-24,2,-23,-1,-26,-1,-22,-4,-21,-3,-20,-5,-19,-4,-19,-5,-16,-7,-15,-8,0,0,0,0,0,0,0,0,0,0]"""
1782031946241,2026-06-21T17:52:26.241,safe,posture,mhw,standing_still,t017,"CSI_DATA,536346,1a:00:00:00:00:00,-44,11,-99,15,29,11,532021695,47,2,256,0,""[0,0,0,0,0,0,0,0,0,0,0,0,-5,-2,-4,-1,-7,-2,-7,-1,-8,-3,-7,-2,-7,-1,-9,0,-9,-1,-11,-1,-10,-2,-11,-2,-10,-1,-13,-4,-11,-2,-15,-3,-11,-2,-14,-4,-14,-3,-13,-2,-15,-4,-17,-2,-19,-3,-16,-3,-19,-3,-19,-1,-20,-3,-17,-2,-22,-4,-17,-3,-21,-2,-16,-2,-20,0,-21,0,-21,2,-22,1,-24,3,-21,2,-21,3,-24,5,-22,4,-26,3,-24,4,-26,8,-19,5,-23,13,-24,9,-23,15,-29,15,-28,14,-28,11,-28,14,-27,13,-30,17,-29,15,-26,15,-29,20,0,0,0,0,0,0,20,28,20,30,17,22,20,27,24,32,16,24,21,30,19,24,22,27,19,21,21,22,23,21,23,21,27,21,22,20,24,16,27,19,24,16,24,15,29,19,23,13,28,15,22,9,26,10,28,11,28,9,32,10,26,10,27,9,30,8,29,9,27,5,33,9,27,8,30,8,24,5,29,4,28,7,30,3,28,8,29,8,27,9,27,8,27,8,23,9,23,10,19,10,24,7,19,7,21,8,20,9,19,8,20,9,20,9,15,11,15,11,13,10,0,0,0,0,0,0,0,0,0,0]"""
1782031946252,2026-06-21T17:52:26.252,safe,posture,mhw,standing_still,t017,"CSI_DATA,536347,1a:00:00:00:00:00,-44,11,-99,17,29,11,532032695,47,2,256,0,""[0,0,0,0,0,0,0,0,0,0,0,0,3,-4,2,-4,4,-4,6,-6,2,-4,6,-6,6,-5,6,-6,6,-6,6,-5,8,-6,8,-6,8,-7,10,-6,11,-6,12,-7,13,-7,13,-8,14,-6,14,-5,13,-4,13,-5,16,-5,16,-7,19,-7,17,-7,16,-4,19,-5,19,-4,20,-6,17,-4,22,-6,21,-4,19,-4,20,-4,20,-5,20,-6,22,-8,22,-6,20,-7,21,-8,21,-6,24,-8,23,-8,28,-8,26,-7,26,-7,26,-7,26,-6,28,-7,30,-10,30,-8,30,-7,32,-4,33,-8,34,-6,33,-5,0,0,0,0,0,0,-3,-33,-4,-31,-4,-39,-3,-35,-1,-30,-2,-33,-1,-30,-1,-37,-2,-29,2,-37,1,-33,-1,-30,3,-30,-1,-30,-1,-32,0,-30,-1,-30,-2,-28,0,-28,-1,-28,-2,-31,-1,-29,-1,-31,0,-31,0,-30,1,-28,1,-29,-2,-28,0,-28,0,-30,1,-26,1,-32,2,-26,1,-31,1,-29,6,-34,6,-30,5,-29,6,-28,7,-26,8,-25,8,-29,12,-28,11,-23,11,-23,12,-23,13,-22,12,-21,17,-21,15,-16,14,-16,15,-13,15,-12,16,-11,16,-11,15,-8,16,-7,0,0,0,0,0,0,0,0,0,0]"""
