pc_time_ms,datetime,risk,domain,subject_id,label,trial_id,raw_line
1782173633646,2026-06-23T09:13:53.646,warning,breathing,lmh,lying_fast_breath,t001,"CSI_DATA,16956,1a:00:00:00:00:00,-60,11,-99,14,45,11,113487570,47,2,256,0,""[0,0,0,0,0,0,0,0,0,0,0,0,-47,-2,-42,-4,-44,-2,-49,-6,-49,-2,-49,-4,-53,0,-53,-2,-60,-2,-55,0,-60,-2,-62,4,-64,6,-64,6,-60,2,-71,8,-69,11,-71,11,-62,11,-67,17,-64,17,-67,15,-69,22,-67,24,-69,20,-64,29,-67,29,-62,31,-62,33,-58,42,-58,38,-55,42,-51,44,-47,44,-44,53,-44,53,-38,51,-35,58,-35,60,-24,62,-26,60,-22,69,-20,64,-15,69,-17,64,-13,69,-17,67,-6,67,-2,64,-2,73,0,69,0,71,-4,71,-2,73,6,73,8,73,6,64,0,0,0,0,0,0,64,-4,67,-8,62,-13,60,-6,60,-8,58,-6,58,-11,55,-11,53,-11,55,-8,53,-8,51,-6,55,-11,51,-15,51,-11,49,-11,51,-17,51,-17,51,-13,53,-15,51,-22,55,-13,49,-20,53,-15,53,-15,53,-20,58,-22,55,-29,60,-26,58,-31,60,-24,67,-31,67,-33,62,-35,67,-35,73,-31,71,-35,69,-35,73,-35,76,-33,73,-35,80,-38,80,-38,76,-38,78,-31,80,-40,78,-33,76,-40,78,-29,76,-29,78,-26,76,-26,69,-24,76,-22,76,-20,71,-20,73,-13,0,0,0,0,0,0,0,0,0,0]"""
1782173633655,2026-06-23T09:13:53.655,warning,breathing,lmh,lying_fast_breath,t001,"CSI_DATA,16957,1a:00:00:00:00:00,-60,11,-99,16,45,11,113498569,47,2,256,0,""[0,0,0,0,0,0,0,0,0,0,0,0,-42,-2,-40,0,-50,0,-48,0,-50,-2,-50,0,-50,2,-57,0,-59,6,-61,12,-57,12,-57,14,-61,21,-61,23,-61,16,-65,25,-59,31,-61,27,-59,31,-57,31,-59,33,-54,44,-59,42,-54,50,-57,57,-40,54,-46,52,-42,57,-42,61,-29,63,-27,61,-23,67,-21,69,-16,63,-10,67,-8,65,0,63,4,69,8,67,16,71,16,63,27,61,23,61,31,65,31,57,33,50,38,52,42,48,44,50,50,54,52,48,52,42,52,48,52,46,63,44,59,35,59,38,0,0,0,0,0,0,29,-59,33,-59,21,-54,23,-54,21,-54,19,-50,19,-57,16,-54,16,-54,12,-46,12,-48,8,-46,6,-48,10,-52,8,-46,0,-48,2,-54,-2,-54,2,-50,0,-52,-6,-52,-2,-57,-6,-50,-8,-57,-8,-54,-10,-57,-12,-57,-21,-61,-19,-67,-21,-59,-19,-61,-21,-65,-25,-67,-35,-67,-27,-65,-29,-73,-35,-71,-38,-69,-40,-76,-33,-71,-40,-69,-42,-73,-44,-76,-46,-71,-42,-73,-48,-71,-42,-69,-52,-67,-42,-65,-44,-67,-40,-65,-44,-61,-42,-63,-40,-67,-44,-63,-35,-59,-31,-65,0,0,0,0,0,0,0,0,0,0]"""
1782173633663,2026-06-23T09:13:53.663,warning,breathing,lmh,lying_fast_breath,t001,"CSI_DATA,16958,1a:00:00:00:00:00,-60,11,-99,14,45,11,113509803,47,2,256,0,""[0,0,0,0,0,0,0,0,0,0,0,0,-40,-17,-42,-20,-42,-22,-44,-22,-42,-20,-47,-24,-51,-20,-51,-20,-58,-20,-53,-20,-58,-17,-60,-15,-62,-11,-64,-8,-64,-13,-67,-11,-71,-4,-71,-6,-64,0,-71,0,-71,2,-69,6,-71,6,-69,20,-73,17,-67,22,-67,17,-69,24,-62,26,-62,35,-58,31,-60,44,-53,44,-51,44,-49,53,-44,51,-38,49,-35,55,-33,58,-24,62,-26,60,-17,60,-17,64,-13,69,-11,64,-6,64,-4,69,0,64,2,64,6,69,8,69,8,67,8,69,8,67,20,69,24,67,24,64,0,0,0,0,0,0,62,-20,58,-20,58,-29,51,-22,51,-24,49,-22,49,-26,51,-26,47,-24,47,-22,42,-24,40,-24,42,-26,40,-29,44,-26,38,-31,38,-31,40,-33,38,-31,42,-35,38,-35,42,-35,33,-38,38,-42,38,-40,35,-40,42,-44,33,-51,38,-53,31,-55,40,-51,40,-58,38,-60,38,-62,38,-62,40,-69,40,-69,35,-69,38,-73,40,-71,35,-71,42,-80,40,-76,35,-73,40,-73,31,-80,38,-76,33,-78,40,-73,29,-73,38,-71,33,-71,31,-67,38,-67,35,-64,35,-67,44,-62,0,0,0,0,0,0,0,0,0,0]"""
1782173633671,2026-06-23T09:13:53.671,warning,breathing,lmh,lying_fast_breath,t001,"CSI_DATA,16959,1a:00:00:00:00:00,-61,11,-99,14,45,11,113523613,47,2,256,0,""[0,0,0,0,0,0,0,0,0,0,0,0,42,-20,44,-17,47,-15,49,-13,47,-13,51,-15,53,-17,51,-15,55,-22,55,-20,60,-20,55,-26,60,-26,60,-26,60,-17,62,-29,64,-33,67,-26,62,-29,60,-24,64,-24,62,-33,62,-35,62,-38,64,-42,58,-44,58,-40,58,-44,55,-40,51,-47,51,-44,53,-49,49,-49,44,-49,42,-53,42,-55,33,-51,33,-58,31,-60,22,-60,26,-62,20,-64,24,-64,17,-67,17,-62,13,-64,17,-67,11,-64,11,-64,8,-67,8,-69,8,-67,13,-71,11,-69,4,-71,6,-71,2,-67,0,0,0,0,0,0,-64,-8,-62,-6,-60,-2,-60,-8,-53,-6,-53,-8,-53,-4,-53,-8,-49,-6,-51,-11,-49,-6,-44,-6,-53,-6,-49,-4,-51,-8,-47,-6,-51,-4,-47,-6,-47,-8,-51,-6,-53,-4,-53,-13,-47,-4,-51,-6,-53,-13,-53,-11,-55,-11,-62,-4,-62,-8,-64,-4,-62,-11,-71,-11,-67,-15,-69,-13,-71,-8,-76,-17,-73,-17,-73,-17,-80,-17,-76,-26,-76,-20,-85,-20,-82,-26,-78,-22,-78,-29,-78,-24,-78,-31,-78,-29,-76,-33,-71,-33,-71,-35,-69,-31,-64,-40,-64,-40,-64,-44,-60,-40,-55,-47,0,0,0,0,0,0,0,0,0,0]"""
1782173633679,2026-06-23T09:13:53.679,warning,breathing,lmh,lying_fast_breath,t001,"CSI_DATA,16960,1a:00:00:00:00:00,-61,11,-99,18,45,11,113531591,47,2,256,0,""[0,0,0,0,0,0,0,0,0,0,0,0,-45,-17,-41,-21,-43,-17,-47,-21,-45,-17,-49,-17,-51,-17,-49,-15,-59,-13,-55,-13,-61,-9,-61,-9,-65,0,-65,-3,-63,-1,-67,-1,-69,11,-69,3,-67,9,-65,9,-69,9,-67,19,-65,17,-65,29,-69,33,-59,33,-61,31,-63,39,-53,35,-51,51,-47,43,-47,55,-43,53,-39,55,-33,61,-27,59,-21,55,-17,63,-17,65,-9,69,-9,65,3,65,0,67,9,67,5,65,11,55,15,63,21,59,23,61,29,63,31,61,31,61,29,61,29,55,43,59,41,57,41,49,0,0,0,0,0,0,45,-43,43,-43,41,-45,39,-37,35,-39,37,-35,31,-41,39,-47,29,-39,29,-39,23,-37,25,-35,25,-41,25,-41,25,-37,23,-41,17,-43,19,-45,23,-43,19,-45,11,-45,21,-47,9,-47,13,-51,15,-55,11,-51,13,-53,3,-57,5,-61,3,-61,9,-63,7,-69,1,-63,-3,-71,3,-67,1,-81,0,-77,-5,-75,-5,-81,0,-81,-5,-75,-3,-81,-7,-87,-11,-83,-7,-83,-11,-81,-9,-83,-15,-79,-5,-81,-9,-77,-9,-77,-13,-73,-13,-73,-9,-71,-7,-71,-5,-71,-1,-75,0,0,0,0,0,0,0,0,0,0]"""
1782173633687,2026-06-23T09:13:53.687,warning,breathing,lmh,lying_fast_breath,t001,"CSI_DATA,16961,1a:00:00:00:00:00,-61,11,-99,15,45,11,113542569,47,2,256,0,""[0,0,0,0,0,0,0,0,0,0,0,0,-28,-36,-28,-36,-28,-41,-32,-45,-30,-41,-34,-43,-34,-43,-34,-43,-43,-43,-39,-47,-45,-43,-47,-41,-52,-41,-54,-43,-50,-45,-54,-41,-65,-32,-60,-39,-54,-36,-56,-36,-58,-41,-63,-32,-69,-28,-69,-23,-71,-23,-69,-10,-65,-17,-73,-15,-65,-10,-69,-4,-65,-2,-73,0,-67,2,-65,8,-67,15,-67,19,-58,19,-60,30,-60,28,-54,36,-56,36,-45,43,-54,45,-47,50,-47,45,-41,50,-41,52,-39,54,-36,54,-36,58,-32,58,-30,58,-36,63,-34,58,-26,65,-21,63,-21,60,0,0,0,0,0,0,58,19,58,19,58,13,56,15,52,15,52,13,50,10,54,10,47,8,47,13,50,8,47,8,47,6,43,6,50,6,47,2,45,0,47,4,45,8,47,2,52,-4,52,0,50,-2,50,0,52,2,54,0,58,-4,56,-6,58,-4,58,-15,63,-8,69,-13,67,-8,69,-13,69,-15,76,-10,76,-10,73,-17,80,-13,78,-15,73,-19,82,-19,82,-17,80,-19,82,-15,80,-23,82,-21,80,-19,78,-17,73,-19,76,-17,71,-15,71,-13,76,-13,73,-10,71,-13,71,-6,0,0,0,0,0,0,0,0,0,0]"""
1782173633695,2026-06-23T09:13:53.695,warning,breathing,lmh,lying_fast_breath,t001,"CSI_DATA,16962,1a:00:00:00:00:00,-61,11,-99,16,45,11,113555367,47,2,256,0,""[0,0,0,0,0,0,0,0,0,0,0,0,40,27,35,27,38,33,42,38,38,33,42,35,44,33,48,33,50,33,48,38,52,35,57,31,59,33,57,31,54,40,59,35,69,29,63,33,59,29,65,29,65,27,65,29,67,21,69,23,71,23,69,12,67,19,71,12,69,12,69,6,63,0,71,2,67,-2,65,-4,67,-10,65,-14,57,-19,63,-23,59,-19,57,-27,57,-29,57,-33,57,-33,54,-40,52,-38,50,-42,50,-42,42,-46,44,-44,44,-48,42,-46,40,-52,48,-50,48,-52,42,-52,40,-54,35,-48,0,0,0,0,0,0,-48,-38,-44,-35,-48,-31,-46,-29,-44,-31,-40,-31,-42,-27,-42,-31,-40,-27,-38,-31,-35,-27,-38,-21,-38,-25,-35,-25,-38,-27,-38,-21,-40,-25,-35,-23,-33,-27,-40,-25,-44,-25,-42,-29,-40,-25,-40,-27,-42,-29,-42,-29,-46,-25,-50,-27,-50,-33,-52,-21,-52,-25,-59,-31,-54,-38,-57,-31,-57,-29,-63,-42,-65,-38,-63,-38,-67,-40,-63,-38,-65,-35,-69,-42,-67,-46,-69,-42,-67,-44,-71,-40,-65,-44,-67,-46,-63,-46,-63,-42,-63,-46,-63,-42,-57,-46,-57,-50,-52,-48,-48,-44,-44,-54,0,0,0,0,0,0,0,0,0,0]"""
1782173633703,2026-06-23T09:13:53.703,warning,breathing,lmh,lying_fast_breath,t001,"CSI_DATA,16963,1a:00:00:00:00:00,-61,11,-99,16,45,11,113564569,47,2,256,0,""[0,0,0,0,0,0,0,0,0,0,0,0,31,38,23,40,33,44,29,48,27,48,27,44,29,42,31,46,38,48,33,54,35,50,38,50,44,57,44,57,35,57,44,57,46,48,46,54,42,54,42,54,40,61,50,54,50,52,52,50,54,52,57,42,52,46,57,44,57,48,59,38,54,33,59,35,63,31,59,29,65,25,63,19,61,16,63,12,63,14,67,6,61,8,69,0,65,0,67,-2,61,-2,61,-6,65,-4,59,-12,61,-6,69,-8,63,-10,63,-12,65,-14,65,-12,65,-16,65,-14,59,-14,0,0,0,0,0,0,-10,-57,-12,-61,-14,-50,-12,-54,-12,-52,-10,-46,-10,-52,-6,-48,-8,-46,-8,-44,-10,-42,-10,-42,-10,-44,-4,-44,-6,-42,-10,-40,-8,-44,-4,-44,-2,-42,-6,-44,-10,-44,-4,-46,-6,-44,-8,-48,-4,-50,-4,-52,-8,-52,-8,-54,-6,-61,-14,-57,-6,-57,-6,-61,-4,-69,-10,-67,-6,-63,0,-73,-2,-76,-6,-73,-4,-80,-2,-73,-2,-73,-2,-78,4,-82,-2,-84,4,-80,0,-80,6,-73,0,-88,10,-69,6,-71,10,-69,10,-71,12,-69,21,-78,19,-67,19,-63,25,-61,0,0,0,0,0,0,0,0,0,0]"""
1782173633710,2026-06-23T09:13:53.710,warning,breathing,lmh,lying_fast_breath,t001,"CSI_DATA,16964,1a:00:00:00:00:00,-61,11,-99,14,46,11,113575569,47,2,256,0,""[0,0,0,0,0,0,0,0,0,0,0,0,37,35,35,35,33,37,39,41,37,39,39,39,43,39,43,37,51,39,47,41,53,37,55,37,59,33,57,35,57,39,65,37,67,27,65,35,59,29,63,25,61,23,71,21,69,19,69,15,71,17,71,5,69,7,73,3,69,5,67,-3,65,-5,67,-9,65,-13,61,-19,63,-23,63,-27,55,-25,57,-35,55,-35,49,-41,49,-39,45,-45,45,-45,41,-51,37,-49,33,-51,33,-53,29,-55,27,-55,27,-59,23,-59,21,-59,25,-63,23,-57,19,-59,11,-57,13,-57,0,0,0,0,0,0,-55,-13,-55,-15,-55,-7,-49,-9,-49,-9,-47,-9,-45,-3,-45,-3,-45,-3,-43,-5,-43,-5,-41,-3,-43,-3,-39,-1,-41,-3,-41,-3,-43,-1,-41,0,-41,-3,-45,-3,-45,3,-47,-3,-41,3,-43,1,-47,-1,-45,1,-53,3,-53,5,-55,1,-57,11,-55,5,-63,7,-61,1,-61,11,-63,13,-69,7,-67,11,-67,11,-73,15,-73,13,-71,17,-77,17,-77,17,-75,15,-75,13,-77,23,-73,13,-77,19,-73,11,-73,19,-73,13,-67,17,-67,9,-75,7,-67,7,-67,7,-69,5,0,0,0,0,0,0,0,0,0,0]"""
1782173633719,2026-06-23T09:13:53.719,warning,breathing,lmh,lying_fast_breath,t001,"CSI_DATA,16965,1a:00:00:00:00:00,-62,11,-99,18,45,11,113588981,47,2,256,0,""[0,0,0,0,0,0,0,0,0,0,0,0,43,-23,43,-21,47,-23,49,-25,49,-27,51,-21,53,-25,51,-25,57,-31,57,-35,53,-33,53,-35,53,-43,53,-43,57,-39,57,-41,53,-53,57,-49,49,-45,47,-49,45,-51,49,-53,47,-53,41,-59,43,-61,33,-61,35,-57,33,-59,29,-65,21,-65,21,-61,19,-69,13,-67,13,-63,3,-67,1,-67,-1,-61,-7,-63,-9,-63,-15,-61,-17,-61,-25,-57,-19,-55,-31,-59,-25,-51,-31,-51,-27,-51,-33,-45,-35,-47,-39,-53,-39,-45,-43,-41,-41,-45,-37,-43,-45,-41,-45,-39,-43,-39,0,0,0,0,0,0,-37,41,-37,39,-29,39,-31,33,-29,35,-27,35,-27,37,-27,39,-25,35,-23,27,-19,29,-23,29,-21,29,-25,31,-23,31,-17,29,-19,35,-23,33,-27,29,-21,35,-19,35,-25,33,-19,31,-21,37,-27,39,-25,43,-25,39,-21,49,-27,49,-21,49,-25,47,-27,51,-29,57,-25,59,-25,53,-31,61,-31,63,-27,63,-31,69,-33,63,-31,65,-31,69,-33,71,-27,73,-33,71,-27,71,-33,67,-25,75,-31,59,-31,65,-35,63,-31,63,-29,65,-35,63,-31,63,-35,57,-41,55,0,0,0,0,0,0,0,0,0,0]"""
1782173633727,2026-06-23T09:13:53.727,warning,breathing,lmh,lying_fast_breath,t001,"CSI_DATA,16966,1a:00:00:00:00:00,-62,11,-99,19,45,11,113597569,47,2,256,0,""[0,0,0,0,0,0,0,0,0,0,0,0,0,-50,1,-50,3,-54,7,-60,1,-54,0,-56,0,-58,0,-58,-3,-62,-1,-63,-11,-65,-15,-65,-17,-65,-17,-67,-13,-69,-19,-65,-32,-67,-27,-65,-23,-63,-29,-71,-31,-65,-34,-63,-38,-54,-44,-56,-46,-60,-52,-50,-44,-50,-54,-50,-50,-46,-60,-36,-58,-34,-63,-34,-62,-31,-60,-25,-65,-19,-65,-13,-58,-7,-65,1,-62,-1,-65,9,-65,9,-60,15,-60,17,-60,23,-58,21,-54,27,-56,29,-50,31,-48,32,-48,34,-46,42,-44,42,-52,42,-46,46,-42,44,-36,46,-36,42,0,0,0,0,0,0,40,34,42,25,38,25,40,29,40,21,38,25,36,23,34,21,34,19,36,21,36,19,31,15,38,17,32,15,36,17,34,15,38,15,34,13,36,19,40,13,42,7,40,17,38,15,40,13,40,17,44,15,48,9,48,5,54,13,56,3,54,7,56,7,60,9,63,5,58,1,71,9,69,7,65,3,73,3,71,0,69,-1,77,-5,77,-1,77,-7,79,0,75,-11,75,-7,79,-9,75,-5,69,-7,75,-7,71,-7,69,-3,73,-1,73,0,65,-5,67,1,0,0,0,0,0,0,0,0,0,0]"""
1782173633735,2026-06-23T09:13:53.735,warning,breathing,lmh,lying_fast_breath,t001,"CSI_DATA,16967,1a:00:00:00:00:00,-62,11,-99,15,46,11,113608569,47,2,256,0,""[0,0,0,0,0,0,0,0,0,0,0,0,-44,23,-44,19,-46,21,-50,23,-48,23,-52,21,-54,23,-52,23,-58,31,-56,29,-60,31,-56,34,-56,40,-58,42,-58,36,-58,40,-54,50,-58,46,-50,48,-56,46,-58,48,-50,52,-50,52,-42,60,-44,60,-36,60,-40,58,-36,63,-29,63,-21,65,-23,60,-19,67,-15,67,-11,63,-7,67,-3,65,1,62,7,65,5,63,15,62,13,63,23,58,23,60,29,58,25,54,29,52,29,50,32,48,36,52,38,50,42,44,40,42,40,48,38,42,50,42,46,40,46,36,0,0,0,0,0,0,34,-40,34,-40,29,-40,29,-36,27,-36,23,-31,25,-32,25,-36,23,-31,23,-29,21,-31,23,-27,21,-31,21,-29,21,-27,21,-25,21,-31,21,-31,23,-31,21,-29,21,-36,23,-31,21,-32,21,-36,25,-38,25,-40,29,-38,23,-44,29,-46,23,-46,29,-46,29,-50,25,-54,21,-58,27,-52,32,-62,25,-60,25,-62,31,-69,32,-63,29,-62,32,-71,34,-67,27,-69,31,-69,27,-71,29,-69,25,-71,32,-65,31,-62,34,-69,31,-63,29,-62,32,-63,31,-60,32,-58,36,-56,0,0,0,0,0,0,0,0,0,0]"""
1782173633751,2026-06-23T09:13:53.751,warning,breathing,lmh,lying_fast_breath,t001,"CSI_DATA,17505,1a:00:00:00:00:00,-62,11,-98,19,45,11,119526536,47,2,256,0,""[0,0,0,0,0,0,0,0,0,0,0,0,38,-9,38,-5,40,-7,44,-5,48,-5,46,-5,48,-7,52,-5,56,-9,58,-9,58,-7,58,-9,62,-17,63,-17,63,-9,69,-11,67,-17,73,-13,65,-17,69,-9,75,-11,71,-19,73,-21,73,-25,77,-25,69,-31,75,-25,71,-31,71,-27,65,-38,67,-34,65,-40,65,-42,65,-42,60,-50,60,-48,52,-50,52,-56,52,-54,44,-63,46,-60,42,-67,46,-65,38,-75,38,-65,32,-71,36,-71,27,-75,27,-75,29,-83,21,-83,23,-85,29,-85,27,-87,15,-91,11,-87,9,-85,0,0,0,0,0,0,-85,-13,-85,-11,-81,-1,-81,-5,-81,0,-73,-5,-75,5,-75,3,-71,3,-67,3,-67,5,-63,7,-65,15,-62,17,-62,11,-58,21,-62,25,-58,25,-56,19,-58,29,-50,34,-54,31,-42,32,-46,32,-50,31,-46,34,-50,36,-40,42,-46,38,-38,44,-44,40,-46,42,-42,44,-38,42,-38,42,-42,42,-38,46,-36,42,-36,46,-42,42,-36,42,-36,40,-38,40,-36,40,-32,36,-32,38,-34,32,-32,32,-34,29,-31,31,-31,29,-32,25,-31,23,-27,25,-27,23,-29,19,-32,15,0,0,0,0,0,0,0,0,0,0]"""
1782173633760,2026-06-23T09:13:53.760,warning,breathing,lmh,lying_fast_breath,t001,"CSI_DATA,17506,1a:00:00:00:00:00,-62,11,-98,17,45,11,119538737,47,2,256,0,""[0,0,0,0,0,0,0,0,0,0,0,0,-20,-34,-16,-36,-18,-39,-16,-45,-14,-41,-14,-43,-10,-45,-14,-51,-16,-53,-12,-55,-14,-59,-16,-59,-20,-61,-18,-63,-12,-61,-12,-65,-18,-67,-10,-73,-12,-67,-14,-67,-12,-65,-14,-78,-12,-69,-14,-73,-12,-80,-16,-75,-10,-75,-14,-78,-16,-73,-22,-73,-12,-69,-22,-78,-22,-73,-24,-71,-24,-75,-28,-73,-26,-65,-30,-65,-34,-69,-45,-67,-43,-69,-43,-63,-41,-65,-51,-67,-41,-61,-45,-59,-45,-65,-45,-59,-55,-63,-53,-67,-57,-63,-53,-63,-55,-73,-47,-67,-61,-67,-59,-71,-57,-63,0,0,0,0,0,0,-71,51,-67,53,-57,57,-59,49,-59,49,-59,43,-55,51,-57,55,-51,47,-51,45,-45,47,-45,41,-43,51,-45,49,-45,45,-39,45,-36,55,-36,51,-41,49,-30,45,-26,51,-36,49,-28,47,-30,45,-32,49,-30,51,-30,45,-26,55,-28,53,-22,53,-28,49,-30,51,-30,55,-22,57,-26,51,-32,53,-32,51,-28,51,-30,51,-34,45,-32,43,-36,47,-32,47,-26,45,-34,41,-32,39,-34,34,-32,39,-32,30,-30,26,-34,28,-26,26,-30,26,-32,20,-30,16,-28,14,-34,14,0,0,0,0,0,0,0,0,0,0]"""
1782173633768,2026-06-23T09:13:53.768,warning,breathing,lmh,lying_fast_breath,t001,"CSI_DATA,17507,1a:00:00:00:00:00,-62,11,-98,17,45,11,119548530,47,2,256,0,""[0,0,0,0,0,0,0,0,0,0,0,0,-41,6,-39,2,-41,4,-47,0,-45,-2,-47,-6,-47,-6,-51,-12,-55,-12,-51,-14,-57,-16,-57,-18,-59,-18,-59,-20,-59,-30,-55,-26,-65,-30,-59,-34,-59,-32,-65,-39,-63,-41,-61,-43,-57,-43,-63,-45,-63,-49,-57,-45,-53,-53,-55,-55,-55,-51,-57,-47,-47,-49,-61,-55,-57,-53,-53,-53,-59,-53,-57,-51,-51,-47,-55,-49,-55,-51,-61,-47,-57,-53,-59,-43,-57,-53,-63,-53,-59,-51,-57,-49,-59,-55,-57,-53,-61,-55,-61,-59,-65,-59,-59,-55,-55,-67,-49,-63,-63,-69,-63,-71,-55,-65,0,0,0,0,0,0,-75,45,-71,43,-65,51,-63,36,-65,36,-69,32,-63,39,-73,39,-63,32,-67,26,-61,24,-57,22,-59,28,-59,24,-59,18,-53,24,-59,30,-55,22,-59,22,-51,22,-53,24,-55,20,-51,24,-53,20,-53,20,-53,20,-53,16,-53,22,-59,18,-53,18,-55,12,-61,12,-57,10,-59,14,-53,4,-63,6,-61,4,-57,6,-61,0,-55,-4,-51,-4,-53,-8,-53,-10,-51,-8,-51,-14,-47,-10,-45,-18,-47,-16,-36,-22,-34,-20,-34,-24,-32,-20,-34,-22,-30,-26,-26,-26,-22,-28,-18,-34,0,0,0,0,0,0,0,0,0,0]"""
1782173633776,2026-06-23T09:13:53.776,warning,breathing,lmh,lying_fast_breath,t001,"CSI_DATA,17508,1a:00:00:00:00:00,-62,11,-98,18,45,11,119559530,47,2,256,0,""[0,0,0,0,0,0,0,0,0,0,0,0,19,-33,23,-31,25,-35,27,-41,27,-39,27,-35,27,-37,29,-39,33,-45,29,-49,33,-45,31,-47,35,-55,35,-55,39,-53,37,-53,31,-63,39,-57,31,-57,33,-63,37,-63,37,-67,33,-63,35,-71,35,-71,27,-69,33,-69,29,-71,27,-71,17,-75,17,-67,15,-75,15,-79,11,-73,7,-81,3,-79,0,-71,-5,-71,-5,-77,-15,-77,-15,-79,-21,-75,-17,-73,-27,-79,-23,-67,-31,-69,-29,-73,-37,-65,-39,-71,-41,-77,-43,-73,-43,-75,-47,-73,-41,-71,-53,-73,-57,-69,-57,-69,0,0,0,0,0,0,-67,53,-67,57,-51,57,-51,51,-51,57,-49,51,-45,59,-51,61,-45,57,-39,49,-33,53,-33,53,-29,59,-31,61,-27,53,-17,55,-19,63,-17,57,-19,57,-13,57,-5,57,-15,57,-7,55,-3,55,-7,59,-1,61,-1,57,5,61,-1,61,5,57,3,57,3,61,3,63,9,59,7,51,3,61,9,59,11,55,9,59,5,57,9,47,7,55,7,59,7,57,5,53,7,51,3,45,7,51,-1,37,3,39,3,41,5,37,1,41,0,41,-1,31,-1,33,-5,33,0,0,0,0,0,0,0,0,0,0]"""
1782173633785,2026-06-23T09:13:53.785,warning,breathing,lmh,lying_fast_breath,t001,"CSI_DATA,17509,1a:00:00:00:00:00,-62,11,-98,16,45,11,119573802,47,2,256,0,""[0,0,0,0,0,0,0,0,0,0,0,0,4,-38,8,-38,8,-38,12,-44,12,-46,14,-44,12,-46,16,-46,16,-57,19,-50,21,-57,21,-59,16,-61,23,-61,29,-59,27,-61,23,-69,29,-65,23,-63,29,-65,25,-61,29,-69,31,-67,27,-67,31,-73,25,-71,31,-69,33,-71,25,-67,19,-73,25,-69,21,-78,23,-71,14,-69,14,-76,14,-76,10,-69,6,-76,2,-78,0,-76,2,-78,-8,-78,-2,-78,-8,-82,-4,-80,-6,-73,-8,-78,-10,-76,-14,-78,-12,-84,-21,-82,-16,-82,-10,-88,-10,-80,-23,-90,-23,-84,-21,-82,0,0,0,0,0,0,-84,14,-82,16,-78,23,-78,19,-73,19,-71,14,-67,23,-71,23,-67,23,-67,19,-63,19,-59,19,-63,25,-59,25,-59,23,-54,27,-54,31,-52,31,-52,23,-50,31,-48,38,-54,29,-44,35,-46,33,-48,29,-46,35,-48,31,-42,38,-48,35,-40,40,-46,33,-48,38,-44,35,-42,40,-46,35,-48,40,-46,33,-44,35,-48,33,-48,31,-46,31,-46,29,-46,29,-44,31,-44,23,-42,27,-44,21,-42,23,-44,19,-40,12,-42,12,-38,10,-35,14,-38,12,-35,8,-33,8,-38,0,0,0,0,0,0,0,0,0,0,0]"""
1782173633793,2026-06-23T09:13:53.793,warning,breathing,lmh,lying_fast_breath,t001,"CSI_DATA,17510,1a:00:00:00:00:00,-62,11,-98,13,45,11,119581530,47,2,256,0,""[0,0,0,0,0,0,0,0,0,0,0,0,-32,-20,-32,-20,-32,-29,-36,-32,-29,-29,-34,-32,-34,-34,-36,-34,-41,-39,-41,-39,-41,-41,-43,-39,-50,-43,-46,-46,-41,-48,-48,-50,-55,-48,-43,-52,-46,-52,-41,-55,-43,-62,-43,-57,-50,-55,-52,-55,-55,-55,-57,-46,-48,-52,-55,-55,-50,-57,-57,-50,-48,-50,-57,-55,-55,-48,-59,-52,-59,-48,-66,-43,-57,-41,-69,-41,-69,-57,-80,-39,-66,-36,-59,-18,-62,-39,-41,-41,-36,-23,-57,-9,-78,23,-46,-39,-62,-64,-27,25,-99,-13,-9,-36,-13,-66,-69,-41,-138,39,-115,27,-96,32,0,0,0,0,0,0,-99,99,-34,103,-52,133,-50,94,-23,129,-20,142,-20,87,-69,39,32,41,-6,87,29,62,-2,82,9,85,-4,34,-11,64,11,66,6,64,9,69,11,57,-6,59,9,66,4,59,6,50,9,59,0,57,6,59,11,59,16,55,11,59,23,55,13,55,16,59,6,59,11,59,11,52,4,59,9,57,4,59,6,57,6,57,6,50,9,55,0,55,2,57,-2,55,2,48,-4,46,0,48,0,41,-2,43,-4,39,0,36,-11,39,-9,39,-11,32,-9,34,-13,32,0,0,0,0,0,0,0,0,0,0]"""
1782173633800,2026-06-23T09:13:53.800,warning,breathing,lmh,lying_fast_breath,t001,"CSI_DATA,17511,1a:00:00:00:00:00,-62,11,-98,15,45,11,119593479,47,2,256,0,""[0,0,0,0,0,0,0,0,0,0,0,0,-36,15,-39,15,-43,13,-45,8,-45,10,-45,8,-50,10,-54,8,-56,13,-52,13,-58,13,-58,15,-60,17,-65,13,-63,8,-65,10,-71,19,-73,8,-67,13,-71,6,-73,10,-69,13,-73,13,-71,17,-78,13,-69,21,-76,15,-76,17,-71,15,-73,23,-67,17,-78,28,-71,28,-65,28,-69,32,-69,36,-65,34,-67,43,-67,41,-63,47,-63,43,-56,54,-60,47,-58,54,-58,52,-52,60,-54,58,-50,56,-50,58,-56,63,-50,63,-54,69,-60,69,-56,65,-54,73,-50,71,-50,73,0,0,0,0,0,0,69,52,65,50,71,45,67,45,65,45,63,45,60,36,65,41,60,34,60,36,63,32,58,26,60,26,58,23,58,26,60,17,60,17,58,15,54,17,56,13,60,8,58,15,54,8,54,10,58,13,56,8,60,6,56,2,58,4,58,-2,58,2,60,0,58,6,58,0,56,0,60,6,58,2,54,4,58,4,58,6,54,2,58,6,52,8,52,8,52,10,50,6,47,10,47,6,47,13,41,10,41,13,41,10,36,15,32,17,32,17,30,13,30,19,0,0,0,0,0,0,0,0,0,0]"""
1782173633808,2026-06-23T09:13:53.808,warning,breathing,lmh,lying_fast_breath,t001,"CSI_DATA,17512,1a:00:00:00:00:00,-62,11,-98,16,45,11,119603530,47,2,256,0,""[0,0,0,0,0,0,0,0,0,0,0,0,12,38,10,35,10,42,10,44,6,46,2,48,2,50,2,50,2,54,0,57,-4,59,0,61,0,65,-4,63,-10,63,-12,67,-10,69,-16,71,-14,65,-14,67,-21,63,-19,71,-23,73,-19,69,-23,73,-21,73,-27,71,-27,73,-29,69,-21,71,-23,67,-25,73,-21,73,-19,69,-21,73,-21,78,-21,69,-12,73,-16,73,-14,76,-14,71,-12,78,-14,78,-10,80,-16,73,-12,78,-12,80,-6,73,-10,78,-12,84,-10,82,-19,82,-21,88,-23,88,-12,86,-12,84,-19,84,0,0,0,0,0,0,76,29,80,23,78,16,78,25,73,23,71,25,71,23,73,23,65,23,61,25,65,23,59,21,63,19,59,19,61,23,59,16,61,14,61,14,59,21,57,16,59,12,57,19,50,10,54,12,54,16,52,14,57,19,54,8,57,12,59,14,52,21,59,19,50,23,52,16,54,21,52,23,52,25,48,21,52,23,46,31,46,25,48,29,48,31,40,29,38,33,38,33,35,38,35,29,27,35,25,33,25,33,23,31,16,33,19,35,12,35,12,31,6,35,0,0,0,0,0,0,0,0,0,0]"""
1782173633815,2026-06-23T09:13:53.815,warning,breathing,lmh,lying_fast_breath,t001,"CSI_DATA,17513,1a:00:00:00:00:00,-62,11,-98,17,45,11,119616744,47,2,256,0,""[0,0,0,0,0,0,0,0,0,0,0,0,2,39,2,39,2,43,0,47,0,45,-6,49,-6,51,-8,51,-4,57,-8,55,-8,59,-6,57,-2,65,-4,63,-12,63,-10,65,-4,71,-10,71,-8,65,-14,67,-16,69,-8,73,-12,71,-4,73,-8,82,-2,73,-8,73,-6,80,0,73,2,78,2,69,4,82,6,75,4,75,8,75,10,73,12,65,20,67,20,73,28,71,24,75,32,65,30,71,41,73,30,69,36,67,34,71,41,65,45,69,45,73,51,69,49,69,45,75,43,71,57,69,55,71,57,67,0,0,0,0,0,0,69,-53,65,-49,61,-61,59,-45,57,-45,55,-47,51,-53,57,-57,49,-49,51,-45,43,-47,41,-45,43,-51,43,-49,39,-47,32,-47,32,-55,30,-53,34,-49,30,-51,24,-59,28,-49,22,-53,24,-51,28,-51,24,-53,26,-49,16,-55,22,-57,14,-55,20,-51,24,-55,16,-53,16,-55,18,-51,22,-61,20,-55,16,-53,20,-57,24,-51,20,-49,22,-49,20,-51,20,-51,20,-47,18,-45,22,-43,18,-45,22,-39,22,-34,24,-32,24,-30,22,-32,24,-30,24,-30,26,-26,28,-22,0,0,0,0,0,0,0,0,0,0]"""
1782173633823,2026-06-23T09:13:53.823,warning,breathing,lmh,lying_fast_breath,t001,"CSI_DATA,17514,1a:00:00:00:00:00,-62,11,-98,17,45,11,119631262,47,2,256,0,""[0,0,0,0,0,0,0,0,0,0,0,0,-28,24,-30,24,-34,24,-41,24,-39,22,-39,24,-41,24,-43,22,-47,26,-49,22,-53,24,-53,26,-59,26,-57,22,-63,16,-63,24,-63,28,-69,20,-63,18,-63,20,-65,14,-75,20,-71,20,-71,16,-78,16,-69,26,-75,16,-73,20,-71,18,-71,22,-67,20,-75,22,-69,24,-69,24,-71,26,-71,34,-65,30,-65,34,-67,30,-67,41,-69,34,-65,45,-67,41,-67,45,-67,36,-61,45,-67,47,-63,47,-65,45,-71,47,-65,47,-67,53,-75,51,-75,45,-69,53,-71,51,-71,49,0,0,0,0,0,0,43,75,43,75,47,63,45,67,45,63,39,63,41,61,36,63,34,59,34,59,36,51,36,51,45,53,34,51,36,51,39,47,43,49,36,49,34,51,39,41,47,41,41,51,36,39,36,39,36,47,39,43,43,43,45,39,39,43,45,39,41,41,41,47,39,43,36,41,39,39,39,47,36,43,34,43,36,45,36,47,32,45,30,47,26,47,26,47,22,49,28,43,18,45,20,45,16,43,16,36,14,41,12,39,8,36,6,39,0,36,4,36,-2,36,0,0,0,0,0,0,0,0,0,0]"""
1782173633831,2026-06-23T09:13:53.831,warning,breathing,lmh,lying_fast_breath,t001,"CSI_DATA,17515,1a:00:00:00:00:00,-62,11,-98,17,45,11,119636530,47,2,256,0,""[0,0,0,0,0,0,0,0,0,0,0,0,14,32,16,36,16,41,18,41,16,43,14,45,20,45,12,47,20,49,16,55,20,55,22,55,24,61,22,59,18,65,24,63,28,61,20,65,24,65,26,61,24,67,30,71,26,67,32,71,30,75,34,63,30,67,34,71,36,65,43,65,39,59,45,65,45,61,47,57,53,59,55,55,49,47,61,47,59,53,63,45,63,47,67,36,67,39,71,39,65,32,67,28,71,30,73,24,75,30,82,30,80,24,80,22,84,26,80,24,90,18,90,18,84,18,0,0,0,0,0,0,18,-86,18,-82,8,-84,10,-75,6,-75,12,-71,6,-73,8,-80,2,-67,4,-65,-4,-65,-4,-59,-10,-65,-4,-65,-8,-61,-14,-57,-14,-63,-18,-61,-12,-63,-20,-55,-24,-51,-20,-57,-20,-49,-20,-51,-20,-57,-24,-53,-26,-49,-28,-51,-30,-53,-32,-45,-28,-49,-30,-51,-30,-51,-36,-51,-30,-43,-30,-51,-28,-51,-30,-49,-32,-51,-30,-47,-28,-43,-28,-43,-30,-49,-24,-47,-24,-49,-28,-39,-22,-41,-26,-41,-18,-41,-16,-34,-18,-39,-18,-36,-16,-34,-10,-43,-12,-34,-6,-32,-4,-34,0,0,0,0,0,0,0,0,0,0]"""
1782173633839,2026-06-23T09:13:53.839,warning,breathing,lmh,lying_fast_breath,t001,"CSI_DATA,17516,1a:00:00:00:00:00,-62,11,-98,18,45,11,119653684,47,2,256,0,""[0,0,0,0,0,0,0,0,0,0,0,0,-35,13,-37,9,-41,9,-45,7,-41,3,-43,3,-47,3,-49,1,-57,3,-57,-1,-57,-3,-59,-1,-63,-3,-65,-5,-63,-13,-63,-11,-69,-7,-63,-17,-63,-17,-67,-17,-69,-21,-73,-21,-67,-21,-69,-23,-75,-31,-69,-21,-67,-29,-71,-29,-71,-29,-71,-25,-69,-27,-73,-29,-71,-25,-69,-25,-75,-25,-71,-21,-67,-19,-69,-19,-73,-21,-77,-21,-77,-23,-75,-13,-75,-15,-77,-17,-69,-15,-77,-15,-75,-17,-73,-13,-81,-17,-81,-23,-79,-23,-79,-19,-87,-27,-77,-25,-87,-23,-83,-25,-85,-25,0,0,0,0,0,0,-37,79,-35,75,-29,77,-29,71,-29,69,-33,65,-31,65,-37,67,-31,59,-31,55,-25,59,-27,55,-23,59,-29,59,-27,51,-23,55,-25,59,-27,59,-29,53,-21,55,-19,57,-23,51,-21,51,-25,51,-29,47,-25,53,-25,51,-23,53,-33,51,-19,51,-27,45,-31,51,-31,49,-31,51,-29,43,-37,47,-35,47,-35,45,-37,45,-35,41,-33,35,-35,35,-45,35,-45,33,-41,31,-35,31,-39,23,-41,25,-37,19,-35,11,-37,13,-35,15,-41,9,-39,5,-35,3,-29,1,-33,-3,0,0,0,0,0,0,0,0,0,0]"""
1782173633847,2026-06-23T09:13:53.847,warning,breathing,lmh,lying_fast_breath,t001,"CSI_DATA,17518,1a:00:00:00:00:00,-62,11,-98,17,45,11,119675920,47,2,256,0,""[0,0,0,0,0,0,0,0,0,0,0,0,24,-30,20,-30,22,-34,26,-34,26,-36,28,-34,30,-39,30,-34,30,-47,34,-45,39,-45,34,-47,32,-53,30,-57,41,-51,36,-57,34,-61,39,-61,32,-59,34,-61,36,-67,34,-65,32,-63,30,-67,34,-75,24,-67,28,-67,28,-71,22,-71,14,-73,16,-67,14,-80,12,-75,6,-75,0,-80,-4,-75,-4,-69,-8,-75,-10,-75,-18,-78,-18,-75,-28,-71,-24,-71,-32,-78,-28,-67,-32,-65,-34,-67,-39,-65,-45,-67,-47,-73,-51,-69,-51,-65,-49,-69,-53,-65,-61,-69,-63,-61,-61,-59,0,0,0,0,0,0,-61,63,-55,65,-49,67,-47,55,-47,59,-41,59,-36,61,-41,67,-36,65,-34,55,-30,55,-26,53,-22,63,-18,63,-18,57,-12,55,-8,65,-8,63,-12,61,-4,55,2,59,-4,57,4,55,4,57,4,55,8,61,6,55,14,57,10,61,14,55,12,53,14,57,20,59,22,55,18,53,18,59,20,57,20,53,20,57,16,51,16,49,14,53,20,55,20,51,18,49,20,45,18,47,20,45,10,41,12,43,10,41,10,39,10,36,6,41,6,36,4,36,2,34,0,0,0,0,0,0,0,0,0,0]"""
1782173633855,2026-06-23T09:13:53.855,warning,breathing,lmh,lying_fast_breath,t001,"CSI_DATA,17519,1a:00:00:00:00:00,-62,11,-98,20,44,11,119680530,47,2,256,0,""[0,0,0,0,0,0,0,0,0,0,0,0,10,-38,12,-38,16,-40,19,-40,19,-42,19,-42,19,-42,27,-38,25,-50,25,-52,27,-52,25,-50,27,-61,29,-59,33,-57,33,-61,27,-63,38,-59,33,-57,35,-54,38,-57,33,-67,33,-67,31,-67,38,-73,29,-69,33,-67,31,-67,33,-69,25,-73,29,-63,27,-73,23,-71,23,-69,19,-78,14,-76,8,-67,10,-76,12,-76,2,-80,4,-78,-2,-76,2,-73,-6,-86,0,-73,-4,-78,-6,-80,-12,-73,-14,-78,-14,-88,-21,-82,-19,-84,-16,-82,-12,-82,-21,-86,-27,-84,-19,-88,0,0,0,0,0,0,-88,19,-82,16,-78,25,-78,21,-76,19,-71,21,-69,25,-73,23,-67,21,-65,21,-57,25,-59,27,-63,29,-61,33,-59,25,-50,29,-59,40,-52,35,-50,29,-48,31,-44,40,-50,33,-44,40,-44,38,-46,38,-44,42,-46,38,-38,44,-46,40,-35,46,-42,42,-46,40,-42,46,-38,42,-44,38,-42,44,-46,42,-42,40,-40,44,-42,38,-40,38,-38,38,-40,38,-42,38,-42,33,-40,29,-38,29,-38,29,-40,21,-33,25,-38,21,-33,19,-35,23,-38,16,-31,16,-27,12,-33,14,0,0,0,0,0,0,0,0,0,0]"""
1782173633862,2026-06-23T09:13:53.862,warning,breathing,lmh,lying_fast_breath,t001,"CSI_DATA,17520,1a:00:00:00:00:00,-62,11,-98,17,45,11,119691557,47,2,256,0,""[0,0,0,0,0,0,0,0,0,0,0,0,36,-12,41,-8,43,-8,45,-6,47,0,49,2,49,2,49,6,53,6,53,10,57,12,59,12,61,14,63,14,61,26,59,26,67,26,61,30,61,30,59,34,55,45,63,39,59,45,61,45,63,49,61,43,55,51,61,55,53,49,59,47,49,47,57,55,55,55,53,57,55,59,53,53,51,49,57,49,57,53,57,49,57,53,57,45,57,53,61,53,53,57,51,53,53,59,53,53,57,55,55,65,59,63,57,61,53,69,49,69,59,73,55,69,53,73,0,0,0,0,0,0,80,-41,75,-34,73,-43,69,-26,69,-30,67,-24,67,-24,71,-28,65,-26,67,-16,61,-18,61,-12,63,-18,61,-14,61,-12,57,-16,63,-18,57,-16,59,-10,57,-14,55,-18,55,-8,55,-14,57,-10,57,-8,59,-8,55,0,59,-12,59,-4,57,-6,55,2,59,2,57,0,63,0,55,6,59,8,59,10,57,10,55,14,51,20,49,18,49,22,51,22,47,22,45,24,41,26,39,32,43,30,32,32,28,30,26,34,22,34,24,34,14,39,16,34,10,30,4,34,0,0,0,0,0,0,0,0,0,0]"""
1782173633871,2026-06-23T09:13:53.871,warning,breathing,lmh,lying_fast_breath,t001,"CSI_DATA,17521,1a:00:00:00:00:00,-62,11,-98,19,45,11,119702529,47,2,256,0,""[0,0,0,0,0,0,0,0,0,0,0,0,-36,7,-38,5,-40,3,-48,1,-46,-1,-46,-3,-48,-1,-50,-7,-58,-7,-56,-7,-58,-7,-58,-5,-63,-9,-65,-11,-62,-17,-65,-15,-67,-13,-67,-21,-67,-23,-63,-25,-62,-29,-69,-25,-67,-27,-71,-27,-75,-32,-71,-23,-69,-29,-71,-29,-69,-32,-69,-27,-67,-27,-75,-32,-73,-25,-69,-25,-75,-25,-71,-19,-67,-19,-77,-13,-75,-25,-79,-15,-71,-17,-77,-13,-75,-13,-81,-9,-75,-15,-75,-9,-77,-11,-77,-9,-79,-15,-87,-15,-83,-13,-81,-11,-85,-17,-81,-21,-91,-15,-91,-15,-85,-13,0,0,0,0,0,0,-27,83,-23,81,-17,81,-19,75,-19,73,-19,67,-17,73,-23,75,-23,69,-19,63,-13,62,-13,60,-13,63,-13,63,-15,62,-7,62,-9,65,-11,62,-15,58,-9,60,-3,58,-9,58,-7,58,-11,58,-13,58,-13,58,-9,56,-7,60,-13,62,-5,60,-11,54,-9,56,-15,60,-11,56,-11,52,-19,63,-19,60,-17,56,-23,56,-19,50,-19,48,-23,48,-27,50,-25,46,-27,46,-21,42,-27,38,-27,40,-27,32,-27,31,-31,29,-29,27,-31,21,-32,21,-31,19,-27,19,-32,9,0,0,0,0,0,0,0,0,0,0]"""
1782173633880,2026-06-23T09:13:53.880,warning,breathing,lmh,lying_fast_breath,t001,"CSI_DATA,17522,1a:00:00:00:00:00,-62,11,-98,17,45,11,119713529,47,2,256,0,""[0,0,0,0,0,0,0,0,0,0,0,0,-41,-4,-36,-4,-43,-10,-43,-14,-45,-12,-43,-12,-47,-14,-47,-16,-55,-16,-51,-22,-55,-20,-55,-18,-61,-18,-63,-18,-57,-26,-67,-26,-69,-18,-65,-26,-59,-30,-65,-22,-61,-24,-69,-28,-67,-24,-71,-24,-75,-30,-71,-18,-69,-24,-73,-22,-71,-22,-73,-14,-69,-14,-80,-18,-75,-16,-73,-14,-78,-10,-75,-4,-71,-4,-75,2,-75,0,-75,6,-71,4,-73,18,-75,14,-80,16,-75,14,-75,20,-78,22,-73,24,-73,22,-84,22,-82,26,-78,28,-84,24,-78,28,-80,32,-84,30,-78,34,0,0,0,0,0,0,30,80,26,78,34,73,34,69,34,67,30,67,32,61,34,69,32,61,34,57,36,57,32,53,41,53,36,55,39,49,43,47,43,49,39,49,34,49,41,43,47,36,43,41,41,36,41,41,43,41,43,39,45,34,47,32,45,36,49,28,49,30,51,32,45,34,47,32,47,30,47,39,47,36,45,32,43,36,41,34,43,32,45,32,41,36,39,34,39,36,39,28,34,32,34,32,32,34,28,28,30,34,28,32,22,30,20,36,18,28,20,30,18,32,0,0,0,0,0,0,0,0,0,0]"""
1782173633890,2026-06-23T09:13:53.890,warning,breathing,lmh,lying_fast_breath,t001,"CSI_DATA,17523,1a:00:00:00:00:00,-62,11,-98,16,45,11,119724529,47,2,256,0,""[0,0,0,0,0,0,0,0,0,0,0,0,19,33,14,35,14,38,12,40,8,44,10,46,10,48,8,50,6,54,4,57,2,61,0,59,0,63,-4,63,-12,63,-10,69,-10,71,-19,71,-16,65,-27,65,-29,67,-27,67,-27,69,-25,69,-29,71,-25,71,-33,65,-38,69,-44,65,-35,67,-40,61,-40,65,-38,65,-42,63,-38,69,-38,67,-35,61,-35,69,-35,65,-33,67,-35,65,-35,69,-42,67,-38,69,-40,65,-40,67,-46,67,-35,69,-42,63,-52,67,-46,71,-48,67,-57,65,-61,67,-54,69,-54,67,-57,65,0,0,0,0,0,0,48,67,50,67,50,59,46,67,48,61,38,61,40,59,38,63,33,61,33,61,29,61,31,52,33,59,29,54,29,59,31,50,33,54,29,54,23,50,27,57,29,52,23,59,23,48,19,52,21,54,19,52,23,54,25,52,16,52,23,52,16,54,14,59,8,54,14,54,12,54,4,59,2,59,4,54,2,59,-4,57,-2,54,-6,59,-10,54,-8,50,-14,46,-14,50,-19,46,-19,42,-23,38,-21,35,-27,35,-21,33,-25,25,-25,27,-27,25,-29,23,-31,19,0,0,0,0,0,0,0,0,0,0]"""
1782173633899,2026-06-23T09:13:53.899,warning,breathing,lmh,lying_fast_breath,t001,"CSI_DATA,17524,1a:00:00:00:00:00,-62,11,-98,17,45,11,119735529,47,2,256,0,""[0,0,0,0,0,0,0,0,0,0,0,0,10,39,8,39,10,41,6,45,6,45,2,47,0,49,0,51,-2,57,-2,55,-2,59,-4,57,0,65,-6,63,-12,63,-12,67,-8,71,-16,69,-14,65,-18,65,-24,67,-18,71,-20,73,-16,73,-18,75,-16,75,-24,73,-22,75,-24,73,-16,75,-20,69,-20,73,-16,73,-14,71,-14,75,-14,75,-14,71,-10,75,-12,75,-2,78,-6,78,-4,80,-10,78,0,80,-4,73,-4,78,-4,80,0,75,0,82,0,88,0,84,-4,84,-6,90,-10,88,2,90,0,88,2,84,0,0,0,0,0,0,86,10,84,8,82,2,73,12,75,10,73,14,71,6,78,8,69,8,67,10,65,8,63,8,65,4,63,4,61,8,63,2,65,0,59,4,59,4,59,4,59,0,57,4,53,-4,55,0,59,2,55,0,57,2,57,-6,61,0,57,-4,59,2,59,0,57,8,57,-2,57,6,59,8,57,6,53,6,57,6,57,16,53,10,51,14,51,16,51,14,51,16,49,18,45,20,45,20,39,26,34,20,36,22,32,22,30,24,28,30,26,26,24,26,22,30,0,0,0,0,0,0,0,0,0,0]"""
1782173633910,2026-06-23T09:13:53.910,warning,breathing,lmh,lying_fast_breath,t001,"CSI_DATA,17525,1a:00:00:00:00:00,-62,11,-98,18,45,11,119747312,47,2,256,0,""[0,0,0,0,0,0,0,0,0,0,0,0,37,-7,41,-5,41,-7,45,-5,43,-5,47,-3,49,-3,49,-5,53,-9,53,-9,57,-9,59,-13,61,-13,63,-17,65,-9,67,-9,69,-15,69,-13,63,-15,69,-17,67,-19,69,-17,71,-17,69,-25,75,-25,65,-31,71,-25,71,-27,65,-29,67,-35,63,-33,65,-39,63,-39,59,-41,61,-47,59,-47,53,-47,49,-55,51,-53,43,-61,45,-59,37,-65,43,-63,33,-69,37,-69,33,-69,33,-69,25,-73,25,-73,25,-77,21,-79,21,-83,27,-83,27,-75,15,-89,13,-81,11,-81,0,0,0,0,0,0,-81,-9,-87,-7,-81,0,-79,-5,-79,1,-73,-3,-69,1,-73,1,-69,5,-71,1,-67,9,-59,7,-65,13,-61,15,-59,15,-53,21,-57,25,-53,25,-55,21,-51,25,-53,31,-55,25,-43,33,-43,29,-47,31,-47,35,-47,35,-39,41,-43,39,-39,45,-41,37,-43,43,-39,39,-37,43,-39,41,-43,43,-37,43,-35,41,-37,41,-39,37,-33,39,-35,41,-37,39,-33,39,-37,31,-31,39,-35,35,-31,33,-35,31,-27,33,-33,25,-29,27,-31,23,-29,23,-27,23,-25,21,-33,15,0,0,0,0,0,0,0,0,0,0]"""
1782173633920,2026-06-23T09:13:53.920,warning,breathing,lmh,lying_fast_breath,t001,"CSI_DATA,17526,1a:00:00:00:00:00,-62,11,-98,18,45,11,119757529,47,2,256,0,""[0,0,0,0,0,0,0,0,0,0,0,0,33,21,27,25,31,27,33,31,29,33,31,35,33,35,33,37,35,41,35,45,37,43,37,43,45,47,43,49,37,53,39,53,43,53,39,57,37,57,37,59,39,69,41,63,41,61,45,61,45,63,47,57,41,61,45,61,41,65,47,61,41,55,49,61,51,59,49,55,53,57,51,53,53,45,57,45,57,53,63,43,59,49,65,41,59,43,69,45,59,39,65,35,69,41,69,33,71,41,77,41,71,37,75,35,73,45,73,41,79,41,81,39,75,39,0,0,0,0,0,0,45,-73,41,-73,33,-73,33,-69,33,-69,35,-61,33,-67,35,-69,33,-61,29,-59,23,-57,23,-57,21,-63,23,-63,21,-57,13,-55,15,-63,15,-57,15,-57,13,-57,3,-57,15,-55,7,-55,11,-55,15,-57,9,-59,7,-55,1,-59,11,-61,0,-57,5,-53,5,-57,11,-61,7,-61,5,-51,13,-59,9,-57,7,-55,13,-59,11,-49,7,-49,11,-53,15,-51,13,-51,19,-49,13,-43,17,-43,17,-45,19,-39,19,-37,19,-37,17,-37,21,-33,23,-31,21,-29,19,-27,23,-23,0,0,0,0,0,0,0,0,0,0]"""
1782173633931,2026-06-23T09:13:53.931,warning,breathing,lmh,lying_fast_breath,t001,"CSI_DATA,17527,1a:00:00:00:00:00,-62,11,-98,19,45,11,119768529,47,2,256,0,""[0,0,0,0,0,0,0,0,0,0,0,0,32,-19,34,-17,42,-15,44,-13,46,-13,44,-11,44,-11,46,-9,56,-13,60,-11,58,-13,58,-11,63,-13,67,-7,63,-1,71,-3,67,-11,75,-1,69,-1,67,3,71,9,73,1,75,-1,75,1,81,5,77,-5,75,3,75,1,77,5,75,-1,71,0,77,3,75,0,75,0,79,-5,79,-7,73,-7,75,-11,79,-5,79,-15,77,-13,77,-19,75,-11,81,-19,71,-15,75,-21,77,-21,71,-27,77,-19,83,-21,83,-21,83,-23,85,-19,85,-15,89,-21,83,-17,87,-21,0,0,0,0,0,0,-7,-83,-9,-85,-17,-77,-13,-79,-15,-77,-11,-71,-9,-71,-7,-77,-11,-69,-9,-65,-15,-65,-13,-62,-15,-67,-15,-65,-11,-60,-17,-58,-19,-65,-15,-60,-9,-56,-21,-60,-25,-54,-19,-58,-15,-50,-15,-52,-13,-52,-15,-56,-21,-58,-19,-50,-13,-58,-25,-54,-17,-56,-19,-56,-11,-60,-13,-60,-15,-54,-7,-60,-11,-62,-9,-56,-9,-60,-5,-56,-7,-56,-3,-56,1,-58,0,-56,3,-50,0,-50,3,-44,5,-50,5,-42,7,-40,9,-40,5,-38,15,-38,15,-36,19,-36,15,-31,21,-31,0,0,0,0,0,0,0,0,0,0]"""
1782173633942,2026-06-23T09:13:53.942,warning,breathing,lmh,lying_fast_breath,t001,"CSI_DATA,17528,1a:00:00:00:00:00,-62,11,-98,16,45,11,119779529,47,2,256,0,""[0,0,0,0,0,0,0,0,0,0,0,0,38,-8,38,-6,42,-6,44,-4,46,-4,46,-2,50,-6,50,0,57,-4,54,-2,59,-4,59,-4,63,-6,63,-6,63,0,69,-4,69,-8,73,0,65,0,65,-4,65,-2,73,-8,73,-4,73,-4,78,-4,73,-12,78,-6,78,-8,73,-8,71,-16,71,-16,73,-16,69,-19,67,-23,71,-25,71,-31,65,-29,67,-33,65,-33,65,-40,65,-38,61,-48,63,-44,63,-50,59,-46,57,-52,59,-50,54,-59,54,-57,59,-61,52,-57,57,-65,61,-63,61,-63,54,-67,52,-65,50,-69,0,0,0,0,0,0,-63,-52,-63,-52,-61,-42,-63,-44,-65,-44,-59,-44,-59,-40,-65,-40,-57,-35,-59,-33,-57,-27,-57,-29,-63,-25,-57,-25,-57,-29,-54,-21,-61,-19,-57,-21,-54,-19,-61,-12,-59,-8,-59,-14,-50,-6,-52,-6,-54,-10,-54,-8,-57,-6,-57,-2,-59,-6,-57,4,-57,-2,-59,-2,-57,-4,-57,0,-54,0,-57,-4,-57,-4,-50,-2,-57,-4,-57,-4,-52,-4,-54,-4,-52,-6,-52,-4,-48,-10,-50,-2,-46,-8,-44,-6,-44,-8,-44,-6,-40,-8,-40,-6,-35,-8,-35,-12,-31,-14,-35,-12,-29,-19,0,0,0,0,0,0,0,0,0,0]"""
1782173633953,2026-06-23T09:13:53.953,warning,breathing,lmh,lying_fast_breath,t001,"CSI_DATA,17529,1a:00:00:00:00:00,-62,11,-98,17,45,11,119790529,47,2,256,0,""[0,0,0,0,0,0,0,0,0,0,0,0,8,-39,10,-34,10,-39,12,-43,14,-43,16,-43,16,-45,20,-45,20,-53,22,-51,24,-53,24,-55,22,-59,24,-61,34,-57,32,-59,28,-65,34,-61,28,-59,36,-63,32,-63,36,-65,36,-65,30,-63,39,-69,32,-67,39,-65,39,-71,32,-67,26,-67,30,-67,28,-71,26,-69,26,-69,22,-73,22,-75,18,-67,14,-73,18,-71,8,-78,14,-75,6,-73,8,-78,0,-82,8,-71,2,-73,4,-80,-2,-75,-2,-82,0,-86,-6,-82,-2,-86,0,-86,6,-82,-10,-90,-8,-86,-8,-84,0,0,0,0,0,0,-88,0,-86,0,-75,10,-75,2,-75,4,-71,0,-71,10,-73,8,-65,8,-65,2,-63,6,-63,6,-63,12,-61,12,-59,10,-59,14,-57,18,-57,18,-57,10,-55,18,-55,22,-59,14,-49,20,-49,18,-51,18,-53,20,-53,20,-49,26,-53,24,-49,28,-55,20,-55,24,-51,24,-51,24,-55,22,-51,22,-53,20,-47,20,-55,18,-55,16,-51,16,-55,16,-53,14,-49,16,-49,10,-49,12,-47,10,-47,10,-43,0,-43,2,-45,0,-41,0,-39,0,-36,-2,-32,-4,-36,-8,-32,-10,0,0,0,0,0,0,0,0,0,0]"""
1782173633965,2026-06-23T09:13:53.965,warning,breathing,lmh,lying_fast_breath,t001,"CSI_DATA,17530,1a:00:00:00:00:00,-62,11,-98,17,45,11,119801890,47,2,256,0,""[0,0,0,0,0,0,0,0,0,0,0,0,32,-18,32,-18,36,-18,45,-16,43,-14,43,-14,43,-14,47,-12,55,-16,53,-12,55,-16,55,-18,61,-20,63,-16,65,-4,63,-12,69,-18,67,-10,67,-10,69,-4,71,2,73,-8,73,-8,71,-12,78,-8,71,-18,75,-10,80,-10,71,-8,75,-12,71,-12,78,-12,69,-12,73,-12,75,-18,71,-22,67,-20,69,-28,69,-24,65,-32,71,-28,63,-36,71,-34,73,-36,69,-36,63,-34,69,-36,65,-39,67,-39,73,-39,69,-45,69,-49,78,-49,71,-43,75,-47,78,-47,71,-45,0,0,0,0,0,0,-36,-75,-36,-69,-43,-67,-36,-65,-43,-67,-39,-65,-34,-59,-34,-67,-36,-59,-32,-61,-34,-53,-32,-51,-39,-51,-34,-55,-36,-47,-41,-45,-45,-47,-41,-43,-36,-47,-41,-41,-49,-36,-43,-45,-39,-39,-36,-41,-34,-41,-39,-45,-41,-39,-43,-34,-41,-41,-45,-32,-41,-36,-45,-43,-39,-39,-43,-39,-39,-36,-39,-47,-34,-45,-34,-43,-36,-49,-34,-45,-34,-39,-34,-41,-30,-45,-28,-41,-24,-43,-28,-41,-26,-41,-24,-41,-22,-43,-18,-39,-12,-39,-12,-41,-8,-39,-6,-36,-6,-39,-8,-34,-2,-32,0,0,0,0,0,0,0,0,0,0]"""
1782173633976,2026-06-23T09:13:53.976,warning,breathing,lmh,lying_fast_breath,t001,"CSI_DATA,17531,1a:00:00:00:00:00,-62,11,-98,19,45,11,119812529,47,2,256,0,""[0,0,0,0,0,0,0,0,0,0,0,0,-36,11,-34,7,-42,7,-46,5,-46,5,-46,3,-48,0,-48,-1,-56,0,-58,0,-60,-3,-56,-5,-65,-5,-65,-7,-63,-13,-63,-13,-69,-7,-67,-17,-65,-19,-69,-21,-71,-25,-71,-27,-65,-25,-71,-25,-75,-32,-67,-23,-67,-29,-69,-31,-69,-32,-69,-27,-67,-27,-71,-31,-71,-29,-65,-27,-75,-27,-67,-21,-67,-23,-73,-21,-73,-25,-73,-21,-73,-23,-75,-11,-73,-17,-81,-19,-73,-19,-75,-17,-73,-23,-73,-17,-79,-19,-83,-23,-85,-23,-79,-19,-81,-27,-77,-31,-89,-29,-83,-27,-83,-27,0,0,0,0,0,0,-36,75,-36,77,-31,79,-31,71,-29,69,-32,65,-31,65,-38,67,-34,63,-31,58,-32,60,-27,56,-27,60,-32,58,-31,52,-23,56,-29,60,-25,58,-31,54,-23,54,-19,56,-25,52,-23,52,-23,50,-29,52,-27,52,-25,48,-23,56,-27,54,-21,52,-27,44,-29,52,-32,52,-29,52,-29,48,-40,48,-36,50,-32,46,-40,48,-34,38,-34,36,-38,40,-44,38,-38,34,-42,34,-36,32,-38,25,-38,25,-40,17,-40,19,-38,13,-36,17,-40,13,-40,5,-40,5,-32,3,-34,-1,0,0,0,0,0,0,0,0,0,0]"""
1782173633986,2026-06-23T09:13:53.986,warning,breathing,lmh,lying_fast_breath,t001,"CSI_DATA,17532,1a:00:00:00:00:00,-62,11,-98,17,45,11,119823529,47,2,256,0,""[0,0,0,0,0,0,0,0,0,0,0,0,-4,36,-8,34,-12,41,-16,41,-18,43,-20,41,-18,45,-24,43,-26,47,-32,49,-32,47,-32,47,-39,53,-41,49,-47,43,-45,49,-43,51,-55,51,-51,43,-55,39,-61,36,-61,43,-61,43,-63,39,-69,41,-61,45,-67,34,-67,36,-71,34,-63,36,-61,34,-69,36,-67,36,-67,32,-65,34,-63,36,-65,34,-65,39,-65,34,-65,39,-69,34,-63,45,-63,39,-69,41,-65,36,-65,41,-71,39,-65,43,-73,36,-75,34,-75,36,-73,36,-82,32,-84,30,-82,32,-82,30,-82,30,0,0,0,0,0,0,14,82,16,82,20,75,14,78,16,80,10,73,8,71,8,73,6,71,4,67,8,65,4,61,8,65,4,63,4,63,10,59,8,63,2,61,0,57,6,57,10,59,2,63,4,53,-2,57,-4,59,-4,57,0,57,2,57,-6,59,4,55,-4,55,-6,57,-10,57,-10,55,-8,55,-18,59,-14,55,-16,51,-20,55,-18,51,-20,49,-22,51,-28,47,-28,43,-32,39,-24,41,-28,36,-34,39,-28,30,-32,26,-32,22,-32,20,-30,20,-39,16,-30,14,-30,10,-30,8,0,0,0,0,0,0,0,0,0,0]"""
1782173633997,2026-06-23T09:13:53.997,warning,breathing,lmh,lying_fast_breath,t001,"CSI_DATA,17533,1a:00:00:00:00:00,-62,11,-98,16,45,11,119834529,47,2,256,0,""[0,0,0,0,0,0,0,0,0,0,0,0,-40,-4,-38,-6,-42,-8,-42,-10,-44,-8,-46,-12,-48,-10,-48,-12,-52,-10,-52,-14,-59,-10,-57,-10,-61,-8,-63,-10,-61,-14,-67,-10,-71,-6,-69,-10,-67,-8,-67,-12,-67,-14,-73,-6,-71,-6,-76,0,-78,-2,-73,4,-76,-2,-76,2,-73,4,-73,12,-71,10,-78,12,-73,19,-69,19,-73,23,-73,27,-65,25,-67,38,-67,33,-63,42,-63,40,-59,50,-59,48,-59,54,-59,50,-54,54,-57,59,-50,59,-46,59,-52,65,-46,67,-44,67,-50,73,-50,71,-42,76,-40,80,-38,78,0,0,0,0,0,0,73,38,73,33,73,27,71,31,76,25,71,25,69,19,71,21,65,14,65,19,65,12,61,12,67,4,61,4,65,4,61,-2,61,-4,59,-6,59,-2,59,-10,61,-16,63,-10,52,-14,54,-14,54,-14,52,-21,57,-19,52,-29,52,-23,50,-29,50,-25,52,-29,48,-29,46,-29,48,-29,52,-27,50,-27,46,-29,50,-29,50,-25,46,-25,46,-31,48,-27,42,-27,44,-25,42,-31,40,-23,40,-25,40,-21,38,-23,40,-21,35,-16,33,-12,33,-14,33,-12,35,-10,35,-8,0,0,0,0,0,0,0,0,0,0]"""
1782173634007,2026-06-23T09:13:54.007,warning,breathing,lmh,lying_fast_breath,t001,"CSI_DATA,17534,1a:00:00:00:00:00,-62,11,-98,17,45,11,119845529,47,2,256,0,""[0,0,0,0,0,0,0,0,0,0,0,0,-16,34,-20,34,-18,32,-22,36,-22,41,-26,34,-28,36,-28,36,-32,47,-30,47,-30,49,-32,47,-30,51,-34,53,-39,49,-36,53,-36,59,-41,57,-36,57,-43,57,-47,53,-36,61,-43,61,-36,65,-41,67,-34,65,-39,61,-39,67,-34,65,-28,71,-28,63,-28,71,-26,69,-26,71,-20,73,-18,71,-14,69,-10,73,-10,75,0,78,-4,75,4,75,0,73,10,82,6,75,8,75,6,80,12,78,14,78,18,84,20,82,26,84,16,86,16,82,30,86,28,80,32,80,0,0,0,0,0,0,82,-28,84,-30,71,-36,71,-28,69,-30,65,-26,65,-30,69,-32,63,-32,63,-24,55,-28,53,-28,55,-34,55,-34,49,-32,45,-39,49,-43,41,-45,45,-36,43,-39,36,-45,41,-45,30,-43,39,-47,41,-41,36,-47,34,-41,28,-49,32,-47,28,-49,30,-49,30,-49,28,-49,26,-51,28,-47,32,-51,30,-49,28,-49,32,-51,32,-41,28,-43,30,-45,28,-45,26,-43,30,-41,28,-43,32,-34,26,-41,28,-32,28,-28,30,-28,26,-30,26,-32,28,-28,26,-22,28,-24,32,-12,0,0,0,0,0,0,0,0,0,0]"""
1782173634023,2026-06-23T09:13:54.023,warning,breathing,lmh,lying_fast_breath,t001,"CSI_DATA,17535,1a:00:00:00:00:00,-62,11,-98,13,46,11,119862336,47,2,256,0,""[0,0,0,0,0,0,0,0,0,0,0,0,39,-2,39,2,43,2,45,6,45,4,45,12,47,12,47,16,53,16,51,20,55,20,53,22,59,24,57,28,53,36,53,36,63,34,55,43,57,43,55,43,47,47,57,49,55,53,57,51,57,59,55,49,49,55,51,57,49,55,55,55,45,55,53,61,53,55,49,57,51,57,51,55,45,53,53,53,51,55,57,49,51,55,55,49,51,57,59,55,49,53,53,55,53,59,53,53,55,61,57,63,57,65,55,61,49,71,49,71,55,69,51,67,57,69,0,0,0,0,0,0,73,-41,75,-36,71,-43,67,-30,69,-34,67,-24,65,-30,73,-28,65,-24,63,-18,61,-20,57,-18,59,-22,61,-22,61,-18,53,-22,61,-24,57,-22,55,-14,53,-22,55,-24,57,-16,53,-20,57,-16,55,-16,57,-16,55,-12,55,-22,59,-16,57,-16,55,-10,57,-6,57,-10,57,-12,51,-4,63,-4,59,-2,57,-2,59,0,53,6,47,6,53,12,55,12,53,10,51,14,47,16,43,20,49,16,36,22,36,18,34,24,28,24,30,26,24,32,22,28,24,28,16,28,0,0,0,0,0,0,0,0,0,0]"""
1782173634034,2026-06-23T09:13:54.034,warning,breathing,lmh,lying_fast_breath,t001,"CSI_DATA,17536,1a:00:00:00:00:00,-62,11,-98,18,45,11,119868852,47,2,256,0,""[0,0,0,0,0,0,0,0,0,0,0,0,15,33,13,35,19,39,13,45,13,41,13,45,17,45,13,45,21,49,19,55,15,53,19,51,27,57,23,61,15,59,19,63,27,63,19,65,19,63,23,61,21,63,27,69,29,65,29,67,31,75,35,65,31,69,37,69,31,69,41,63,35,59,39,65,43,61,45,61,47,59,53,53,47,47,57,47,55,53,63,49,59,47,63,37,59,39,69,39,65,37,67,31,69,33,71,27,71,33,77,33,77,27,79,25,81,29,77,27,87,25,85,25,83,21,0,0,0,0,0,0,25,-79,23,-79,15,-81,15,-73,7,-75,11,-69,9,-73,11,-73,9,-67,7,-65,1,-63,1,-59,-3,-63,-1,-65,-1,-59,-9,-57,-11,-63,-11,-59,-3,-59,-11,-53,-21,-55,-11,-55,-17,-53,-17,-55,-15,-57,-21,-55,-21,-49,-25,-49,-25,-55,-31,-47,-23,-49,-25,-51,-25,-53,-27,-51,-25,-45,-27,-53,-27,-53,-27,-49,-25,-51,-21,-45,-23,-41,-25,-47,-23,-47,-23,-49,-21,-49,-21,-43,-15,-43,-21,-45,-13,-39,-15,-35,-13,-39,-15,-35,-9,-37,-9,-39,-7,-39,-5,-33,-3,-35,0,0,0,0,0,0,0,0,0,0]"""
1782173634046,2026-06-23T09:13:54.046,warning,breathing,lmh,lying_fast_breath,t001,"CSI_DATA,17537,1a:00:00:00:00:00,-62,11,-98,16,45,11,119882133,47,2,256,0,""[0,0,0,0,0,0,0,0,0,0,0,0,-8,-38,-4,-38,-4,-42,0,-44,0,-44,4,-46,4,-48,6,-48,8,-57,10,-54,12,-57,12,-59,12,-61,14,-63,23,-59,23,-63,21,-69,29,-67,29,-57,27,-57,35,-57,33,-65,35,-65,33,-65,38,-69,33,-67,42,-61,42,-67,42,-59,38,-65,38,-63,40,-63,42,-65,40,-61,38,-65,40,-69,38,-63,35,-67,33,-65,29,-71,35,-65,31,-71,35,-69,31,-76,33,-65,31,-71,35,-69,31,-71,33,-71,35,-78,33,-71,38,-73,44,-78,48,-73,40,-80,42,-80,40,-76,0,0,0,0,0,0,-67,-48,-65,-52,-67,-40,-61,-48,-61,-46,-59,-48,-54,-42,-57,-48,-54,-44,-50,-48,-48,-44,-48,-42,-52,-44,-48,-42,-46,-42,-48,-35,-52,-38,-46,-38,-40,-38,-46,-35,-50,-33,-46,-40,-40,-29,-42,-35,-42,-38,-42,-35,-42,-40,-46,-31,-44,-40,-48,-31,-42,-38,-44,-44,-38,-42,-38,-40,-42,-40,-35,-42,-35,-44,-31,-42,-31,-46,-27,-50,-25,-46,-29,-48,-23,-48,-23,-46,-16,-46,-21,-48,-14,-44,-16,-44,-4,-40,-8,-42,0,-42,-4,-42,2,-40,2,-40,4,-33,6,-35,12,-33,0,0,0,0,0,0,0,0,0,0]"""
1782173634058,2026-06-23T09:13:54.058,warning,breathing,lmh,lying_fast_breath,t001,"CSI_DATA,17538,1a:00:00:00:00:00,-62,11,-98,21,44,11,119889528,47,2,256,0,""[0,0,0,0,0,0,0,0,0,0,0,0,-34,-18,-28,-20,-34,-24,-32,-28,-32,-26,-30,-32,-32,-32,-28,-39,-34,-43,-34,-43,-34,-47,-32,-47,-36,-51,-34,-53,-26,-61,-30,-59,-34,-57,-24,-63,-26,-63,-16,-63,-14,-67,-24,-67,-18,-69,-20,-71,-18,-75,-20,-69,-16,-73,-12,-75,-12,-71,-20,-69,-10,-69,-16,-75,-16,-73,-10,-73,-16,-75,-18,-73,-14,-71,-18,-71,-20,-75,-26,-73,-16,-75,-22,-73,-18,-73,-26,-75,-20,-69,-20,-73,-14,-78,-18,-73,-16,-78,-16,-84,-18,-78,-24,-80,-14,-84,-6,-88,-18,-88,-14,-90,-8,-88,0,0,0,0,0,0,-88,-2,-88,-2,-84,2,-80,0,-75,-6,-69,-8,-75,-4,-73,-4,-69,-10,-65,-14,-63,-8,-61,-10,-67,-4,-65,-10,-61,-4,-57,-4,-63,-6,-63,-6,-59,-8,-63,-4,-55,0,-63,-8,-53,-4,-59,-8,-61,-14,-59,-14,-57,-12,-57,-6,-59,-10,-55,-6,-53,-10,-57,-14,-57,-16,-59,-12,-53,-18,-57,-20,-53,-22,-55,-24,-55,-26,-49,-30,-45,-26,-45,-30,-47,-28,-43,-32,-43,-36,-43,-32,-34,-32,-36,-39,-26,-36,-26,-34,-22,-43,-20,-36,-18,-34,-16,-30,-12,-36,-8,-34,-6,-39,0,0,0,0,0,0,0,0,0,0]"""
1782173634069,2026-06-23T09:13:54.069,warning,breathing,lmh,lying_fast_breath,t001,"CSI_DATA,17539,1a:00:00:00:00:00,-62,11,-98,16,45,11,119900891,47,2,256,0,""[0,0,0,0,0,0,0,0,0,0,0,0,-23,-29,-19,-33,-19,-33,-21,-40,-12,-40,-16,-46,-14,-46,-8,-48,-14,-54,-4,-50,-6,-59,-6,-57,-6,-63,-4,-63,4,-65,2,-65,-2,-69,10,-73,10,-67,12,-65,19,-65,14,-73,16,-71,23,-71,27,-73,16,-71,31,-69,25,-73,27,-67,21,-71,27,-69,29,-71,27,-69,29,-63,25,-71,23,-73,25,-65,23,-69,29,-67,23,-71,27,-71,19,-76,27,-71,25,-76,27,-69,25,-71,29,-73,27,-76,25,-71,35,-73,33,-73,35,-78,42,-80,42,-73,42,-78,40,-80,38,-76,0,0,0,0,0,0,-65,-50,-61,-50,-63,-46,-59,-52,-61,-52,-54,-52,-48,-46,-50,-52,-46,-48,-50,-50,-48,-46,-42,-46,-50,-48,-42,-44,-40,-48,-42,-44,-44,-46,-38,-42,-33,-48,-42,-42,-44,-42,-35,-48,-35,-38,-31,-40,-33,-44,-31,-42,-33,-50,-38,-44,-29,-50,-35,-48,-29,-50,-27,-50,-27,-52,-25,-46,-25,-48,-21,-52,-21,-50,-19,-48,-14,-52,-14,-54,-10,-50,-10,-57,-6,-54,-4,-50,2,-48,-2,-50,4,-50,4,-48,12,-44,10,-42,12,-38,10,-40,14,-35,16,-38,21,-27,19,-31,27,-25,0,0,0,0,0,0,0,0,0,0]"""
1782173634079,2026-06-23T09:13:54.079,warning,breathing,lmh,lying_fast_breath,t001,"CSI_DATA,17540,1a:00:00:00:00:00,-62,11,-98,21,44,11,119911528,47,2,256,0,""[0,0,0,0,0,0,0,0,0,0,0,0,-32,-24,-26,-26,-30,-30,-32,-32,-32,-34,-32,-34,-32,-34,-30,-34,-41,-41,-34,-43,-39,-43,-45,-43,-45,-45,-45,-47,-39,-49,-49,-47,-51,-45,-49,-51,-41,-47,-53,-47,-51,-47,-53,-53,-51,-47,-53,-49,-55,-53,-59,-39,-55,-49,-59,-51,-55,-45,-63,-43,-57,-43,-65,-41,-65,-36,-65,-32,-71,-32,-71,-24,-67,-26,-73,-22,-71,-24,-78,-12,-75,-18,-75,-4,-73,-6,-82,-2,-78,-6,-75,4,-80,2,-75,10,-80,10,-86,6,-80,8,-84,12,-86,8,-88,12,-84,18,-84,16,-88,20,0,0,0,0,0,0,12,88,14,75,26,75,18,75,28,75,24,69,28,71,28,71,28,65,24,67,32,57,28,57,32,53,32,57,28,51,34,51,43,51,41,49,32,51,45,47,47,32,43,45,41,36,43,34,45,41,47,36,43,36,47,28,47,36,51,26,47,34,49,34,49,28,49,28,49,28,49,36,49,34,49,28,49,30,49,30,45,28,47,28,47,32,45,26,41,32,47,26,36,24,41,28,32,28,32,30,32,28,32,22,28,26,32,26,24,26,28,30,22,30,0,0,0,0,0,0,0,0,0,0]"""
1782173634089,2026-06-23T09:13:54.089,warning,breathing,lmh,lying_fast_breath,t001,"CSI_DATA,17541,1a:00:00:00:00:00,-62,11,-98,18,45,11,119923364,47,2,256,0,""[0,0,0,0,0,0,0,0,0,0,0,0,-5,37,-9,35,-11,41,-13,41,-13,47,-13,43,-13,41,-17,47,-19,51,-15,55,-15,55,-13,57,-13,61,-15,63,-21,63,-23,63,-15,67,-19,67,-15,63,-21,69,-21,73,-19,71,-15,71,-11,73,-13,77,-3,73,-13,73,-9,75,-9,77,1,75,-1,71,-1,77,3,77,5,73,9,77,13,73,13,69,23,69,23,73,33,73,29,73,33,67,31,69,41,71,35,63,41,63,41,65,49,61,51,63,55,67,53,63,59,59,55,63,59,65,67,63,65,61,63,57,0,0,0,0,0,0,59,-61,55,-67,45,-69,47,-59,45,-61,39,-53,39,-65,39,-65,37,-59,33,-53,25,-55,25,-53,21,-61,23,-61,19,-59,13,-55,13,-63,13,-61,11,-59,7,-59,3,-57,7,-59,1,-55,0,-57,3,-61,0,-63,0,-53,-7,-59,-3,-61,-13,-55,-3,-53,-7,-53,-7,-61,-11,-57,-7,-53,-7,-57,-9,-59,-9,-57,-11,-61,-3,-55,-7,-49,-9,-53,-5,-53,-7,-53,-7,-53,-9,-47,-3,-45,-9,-47,-3,-37,-3,-41,-1,-41,0,-35,-1,-39,-1,-35,0,-37,3,-33,9,-35,0,0,0,0,0,0,0,0,0,0]"""
1782173634098,2026-06-23T09:13:54.098,warning,breathing,lmh,lying_fast_breath,t001,"CSI_DATA,17542,1a:00:00:00:00:00,-62,11,-98,16,45,11,119933528,47,2,256,0,""[0,0,0,0,0,0,0,0,0,0,0,0,38,-6,38,-2,42,-2,46,2,46,4,46,10,46,12,44,14,54,16,52,19,54,21,54,25,59,25,59,27,57,35,54,35,61,33,54,44,57,42,54,44,48,42,57,50,48,52,52,52,54,57,52,52,44,59,44,63,46,57,50,61,40,54,48,65,42,63,44,59,44,63,42,61,40,54,44,59,44,59,50,59,44,65,46,57,46,65,50,65,42,65,40,65,42,67,40,67,42,67,42,73,46,73,42,71,35,80,31,82,42,80,38,82,31,78,0,0,0,0,0,0,86,-16,80,-21,78,-19,76,-10,71,-12,73,-4,71,-12,76,-8,67,-8,67,0,63,0,61,2,65,-4,63,-2,61,2,59,-4,65,-2,61,-2,59,4,54,-2,61,-2,59,6,57,0,54,6,57,8,59,8,57,12,61,2,59,8,57,6,54,14,59,16,54,12,52,12,52,19,57,25,54,25,52,23,50,29,46,33,40,27,42,35,42,33,38,33,33,35,33,40,27,40,33,40,21,42,19,38,16,40,16,38,10,38,8,38,6,40,4,35,-2,35,0,0,0,0,0,0,0,0,0,0]"""
1782173634109,2026-06-23T09:13:54.109,warning,breathing,lmh,lying_fast_breath,t001,"CSI_DATA,17543,1a:00:00:00:00:00,-62,11,-98,16,45,11,119944528,47,2,256,0,""[0,0,0,0,0,0,0,0,0,0,0,0,38,-2,40,-2,44,6,48,6,46,6,42,10,44,8,46,14,52,12,57,19,52,19,54,16,61,23,63,21,54,31,61,27,63,23,61,35,57,35,57,33,59,38,65,40,63,40,63,42,67,46,63,35,61,44,63,40,63,46,65,40,59,38,63,40,65,40,63,38,69,40,67,31,63,31,65,29,69,33,76,29,71,33,69,27,67,29,80,29,65,27,71,23,71,27,73,21,76,29,80,33,78,29,78,25,78,33,76,35,86,33,84,33,80,31,0,0,0,0,0,0,44,-76,42,-73,35,-71,35,-67,31,-69,33,-59,33,-63,35,-69,38,-61,31,-54,27,-57,27,-54,29,-61,31,-59,27,-52,21,-54,27,-61,25,-59,29,-52,23,-52,16,-54,25,-54,21,-48,23,-52,25,-52,25,-52,21,-52,19,-52,25,-54,16,-52,23,-48,23,-50,29,-52,25,-54,25,-46,33,-50,29,-52,29,-48,31,-48,31,-44,29,-42,29,-40,38,-40,38,-42,40,-38,33,-33,35,-29,38,-31,31,-27,33,-23,38,-21,33,-19,38,-19,38,-16,38,-10,33,-10,35,-8,0,0,0,0,0,0,0,0,0,0]"""
1782173634120,2026-06-23T09:13:54.120,warning,breathing,lmh,lying_fast_breath,t001,"CSI_DATA,17544,1a:00:00:00:00:00,-62,11,-98,18,45,11,119957070,47,2,256,0,""[0,0,0,0,0,0,0,0,0,0,0,0,-37,5,-39,1,-43,-3,-45,-3,-47,-3,-47,-5,-45,-3,-49,-5,-55,-3,-55,-9,-59,-9,-57,-5,-63,-7,-65,-9,-63,-17,-65,-11,-69,-3,-69,-15,-67,-15,-63,-15,-63,-21,-73,-17,-69,-19,-71,-17,-75,-23,-69,-9,-67,-19,-73,-15,-71,-19,-75,-9,-69,-11,-77,-9,-73,-7,-71,-9,-77,-3,-73,-1,-71,1,-77,5,-77,1,-75,5,-77,5,-73,13,-75,11,-81,13,-73,13,-71,17,-77,17,-73,23,-75,17,-83,21,-79,19,-77,25,-83,21,-81,19,-83,25,-85,25,-79,25,0,0,0,0,0,0,19,83,17,79,27,79,23,75,25,71,21,69,21,67,23,75,21,61,23,61,27,59,23,55,29,61,23,57,25,55,31,49,33,55,31,53,23,55,33,47,39,45,31,49,29,43,29,45,33,45,33,49,31,43,35,39,37,43,39,37,33,43,35,43,35,45,37,47,33,41,33,51,31,49,31,47,31,51,31,41,31,41,31,45,27,51,25,47,21,45,25,43,19,39,21,45,13,41,13,39,15,39,13,37,7,39,7,41,0,35,3,31,-1,35,0,0,0,0,0,0,0,0,0,0]"""
1782173634131,2026-06-23T09:13:54.131,warning,breathing,lmh,lying_fast_breath,t001,"CSI_DATA,17545,1a:00:00:00:00:00,-62,11,-98,18,45,11,119966528,47,2,256,0,""[0,0,0,0,0,0,0,0,0,0,0,0,1,-39,3,-39,3,-39,5,-41,7,-41,11,-47,13,-45,13,-47,13,-51,15,-51,17,-53,17,-57,15,-61,15,-65,23,-59,23,-63,21,-67,25,-65,25,-61,21,-65,25,-63,31,-67,29,-65,25,-69,31,-73,25,-71,29,-69,31,-71,29,-65,21,-71,27,-67,23,-73,23,-71,21,-69,17,-75,21,-73,13,-65,9,-73,13,-71,1,-77,7,-75,1,-75,5,-75,-1,-79,3,-75,0,-75,1,-77,-1,-77,-3,-77,-1,-85,-5,-83,-3,-85,0,-87,1,-83,-11,-89,-9,-89,-7,-83,0,0,0,0,0,0,-85,0,-79,3,-81,7,-77,1,-73,3,-75,-1,-71,9,-75,3,-67,5,-67,0,-65,5,-63,5,-65,9,-61,11,-61,5,-57,11,-63,19,-59,17,-55,11,-59,13,-57,17,-55,15,-47,19,-53,15,-51,13,-53,15,-55,15,-51,23,-55,19,-53,21,-57,15,-57,17,-53,15,-53,21,-53,17,-57,17,-55,17,-53,17,-53,11,-57,5,-49,11,-53,9,-55,7,-51,11,-49,3,-47,5,-49,3,-47,3,-45,0,-45,0,-41,-3,-39,-5,-31,-5,-39,-9,-35,-11,-35,-11,-35,-13,0,0,0,0,0,0,0,0,0,0]"""
1782173634140,2026-06-23T09:13:54.140,warning,breathing,lmh,lying_fast_breath,t001,"CSI_DATA,17546,1a:00:00:00:00:00,-62,11,-98,17,45,11,119977528,47,2,256,0,""[0,0,0,0,0,0,0,0,0,0,0,0,4,-36,8,-36,10,-41,12,-45,14,-45,14,-47,10,-45,14,-49,14,-55,12,-57,12,-57,10,-55,10,-61,12,-65,20,-63,18,-63,10,-67,18,-69,14,-67,20,-67,18,-71,12,-71,12,-71,8,-78,8,-80,2,-71,6,-73,4,-73,6,-78,-2,-78,0,-69,-4,-78,-8,-75,-10,-73,-16,-78,-18,-73,-18,-67,-24,-69,-26,-71,-36,-71,-32,-71,-39,-63,-34,-69,-47,-69,-36,-59,-49,-59,-43,-61,-49,-57,-51,-63,-53,-63,-57,-65,-59,-59,-61,-63,-55,-59,-67,-57,-67,-59,-65,-53,0,0,0,0,0,0,-55,65,-49,65,-45,65,-43,61,-41,63,-43,57,-39,65,-36,69,-32,63,-32,55,-22,55,-22,55,-20,61,-20,63,-20,59,-10,57,-8,65,-10,63,-14,57,-6,55,-2,57,-6,59,0,53,0,55,-2,59,-2,57,2,55,6,59,6,59,12,53,6,53,10,57,8,59,12,59,12,51,8,61,12,57,12,55,12,61,8,53,12,49,8,51,8,57,10,53,8,51,8,49,4,45,10,47,4,39,2,39,0,41,4,41,4,41,2,41,-2,36,-2,32,-8,34,0,0,0,0,0,0,0,0,0,0]"""
1782173634151,2026-06-23T09:13:54.151,warning,breathing,lmh,lying_fast_breath,t001,"CSI_DATA,17547,1a:00:00:00:00:00,-62,11,-98,18,45,11,119988528,47,2,256,0,""[0,0,0,0,0,0,0,0,0,0,0,0,-37,-7,-35,-7,-43,-13,-45,-15,-43,-15,-39,-17,-45,-13,-45,-17,-53,-19,-51,-19,-53,-19,-55,-19,-61,-19,-61,-23,-57,-29,-63,-29,-67,-19,-67,-27,-63,-29,-59,-29,-59,-33,-69,-29,-65,-25,-69,-25,-71,-31,-69,-21,-67,-25,-73,-25,-69,-27,-71,-19,-69,-15,-75,-21,-75,-13,-73,-15,-77,-9,-75,-3,-71,-3,-75,1,-75,-3,-77,7,-75,0,-73,13,-77,5,-79,13,-73,11,-71,15,-75,19,-75,23,-75,17,-85,19,-77,23,-79,25,-79,25,-83,23,-83,31,-79,29,-79,31,0,0,0,0,0,0,29,83,25,81,33,71,31,71,33,71,29,67,33,65,31,69,31,61,31,59,35,55,33,53,43,55,35,53,35,49,41,47,41,49,41,45,35,47,41,41,49,37,43,41,39,35,39,35,41,39,39,35,47,33,47,31,45,39,49,25,47,33,49,33,45,35,47,31,47,29,45,39,47,35,47,33,47,31,41,33,41,29,43,31,39,37,41,31,35,35,41,29,31,31,39,35,29,33,31,27,27,29,25,25,23,29,21,33,17,27,19,29,15,29,0,0,0,0,0,0,0,0,0,0]"""
1782173634166,2026-06-23T09:13:54.166,warning,breathing,lmh,lying_fast_breath,t001,"CSI_DATA,17548,1a:00:00:00:00:00,-62,11,-98,17,45,11,120003175,47,2,256,0,""[0,0,0,0,0,0,0,0,0,0,0,0,-36,-10,-36,-12,-39,-16,-43,-18,-41,-20,-39,-22,-41,-22,-41,-24,-47,-28,-47,-28,-49,-32,-49,-28,-55,-32,-53,-34,-49,-43,-53,-36,-61,-39,-51,-43,-53,-45,-57,-43,-51,-47,-59,-49,-55,-47,-55,-47,-59,-55,-57,-45,-53,-51,-57,-53,-53,-51,-61,-49,-53,-43,-63,-51,-61,-47,-57,-47,-67,-45,-63,-41,-57,-34,-63,-34,-65,-41,-71,-32,-69,-39,-69,-22,-71,-30,-73,-28,-69,-26,-73,-26,-73,-28,-69,-20,-75,-28,-80,-26,-82,-26,-80,-22,-82,-30,-75,-28,-86,-26,-90,-24,-80,-24,0,0,0,0,0,0,-34,82,-34,75,-24,78,-26,71,-20,73,-26,71,-24,67,-26,73,-22,65,-24,63,-16,61,-20,59,-14,67,-16,65,-16,61,-6,61,-12,61,-10,57,-16,63,-6,55,-4,59,-8,55,-6,55,-8,57,-14,59,-10,59,-6,51,-2,61,-8,61,0,57,-4,53,-4,57,-8,57,-2,59,-4,53,-10,59,-8,61,-12,57,-12,59,-14,53,-8,47,-10,49,-14,55,-16,53,-20,51,-12,45,-16,45,-20,49,-18,39,-16,39,-18,36,-20,30,-24,34,-30,30,-26,28,-20,26,-24,20,0,0,0,0,0,0,0,0,0,0]"""
1782173634186,2026-06-23T09:13:54.186,warning,breathing,lmh,lying_fast_breath,t001,"CSI_DATA,17550,1a:00:00:00:00:00,-62,11,-98,17,45,11,120023444,47,2,256,0,""[0,0,0,0,0,0,0,0,0,0,0,0,-4,-39,-4,-36,-4,-41,-2,-43,2,-47,2,-43,0,-49,0,-51,-2,-57,2,-57,2,-55,2,-57,-2,-63,-2,-65,6,-65,2,-67,0,-69,4,-73,2,-65,6,-71,6,-73,0,-73,4,-73,0,-73,0,-80,-6,-69,0,-73,2,-78,-4,-75,-12,-75,-6,-73,-12,-80,-10,-73,-12,-75,-18,-73,-20,-73,-24,-69,-28,-67,-26,-69,-36,-67,-34,-69,-41,-63,-36,-67,-45,-71,-36,-61,-39,-61,-41,-65,-45,-59,-49,-61,-53,-67,-55,-63,-57,-59,-55,-67,-53,-61,-67,-63,-63,-63,-61,-59,0,0,0,0,0,0,-63,59,-59,61,-55,59,-53,55,-51,59,-49,51,-47,59,-51,59,-47,53,-43,49,-39,49,-36,47,-34,57,-34,59,-32,53,-26,51,-24,59,-24,57,-26,53,-20,53,-16,53,-22,55,-12,51,-14,53,-18,53,-16,59,-16,53,-8,61,-14,61,-10,55,-14,53,-12,59,-10,57,-4,59,-12,53,-10,59,-8,59,-6,57,-10,59,-12,55,-10,51,-14,51,-14,53,-10,53,-16,47,-12,51,-16,47,-14,49,-14,41,-14,39,-18,34,-14,34,-12,36,-20,34,-20,30,-20,32,-22,22,0,0,0,0,0,0,0,0,0,0]"""
1782173634197,2026-06-23T09:13:54.197,warning,breathing,lmh,lying_fast_breath,t001,"CSI_DATA,17551,1a:00:00:00:00:00,-62,11,-98,16,45,11,120032527,47,2,256,0,""[0,0,0,0,0,0,0,0,0,0,0,0,-23,-33,-19,-33,-16,-38,-14,-40,-14,-42,-12,-46,-8,-48,-6,-48,-8,-54,-4,-54,-4,-59,-6,-59,-4,-63,0,-65,8,-63,8,-69,6,-71,14,-69,19,-63,12,-69,16,-65,21,-71,23,-69,21,-69,29,-76,23,-71,31,-67,31,-73,31,-67,29,-67,31,-65,33,-69,35,-65,33,-63,35,-69,33,-73,31,-65,29,-71,31,-65,29,-69,29,-67,27,-71,33,-71,29,-73,33,-67,31,-69,38,-71,31,-73,35,-69,42,-73,38,-71,40,-73,48,-76,48,-69,46,-78,44,-73,48,-71,0,0,0,0,0,0,-59,-57,-59,-57,-59,-50,-52,-57,-54,-54,-48,-57,-50,-52,-46,-57,-44,-52,-40,-57,-42,-50,-40,-50,-44,-52,-38,-48,-38,-52,-40,-46,-42,-48,-35,-46,-31,-48,-35,-50,-38,-46,-31,-52,-31,-42,-29,-46,-29,-48,-29,-46,-29,-50,-33,-48,-27,-50,-31,-48,-27,-50,-25,-54,-23,-52,-25,-50,-23,-52,-14,-57,-14,-57,-12,-52,-8,-57,-4,-57,-6,-54,-8,-54,0,-52,0,-52,4,-48,2,-50,8,-46,8,-46,14,-44,12,-42,21,-38,16,-35,19,-33,16,-33,23,-27,23,-29,29,-23,0,0,0,0,0,0,0,0,0,0]"""
1782173634208,2026-06-23T09:13:54.208,warning,breathing,lmh,lying_fast_breath,t001,"CSI_DATA,17552,1a:00:00:00:00:00,-62,11,-98,21,44,11,120043527,47,2,256,0,""[0,0,0,0,0,0,0,0,0,0,0,0,24,-30,26,-30,32,-32,32,-32,34,-36,32,-34,32,-36,34,-36,36,-41,39,-41,36,-41,41,-47,39,-53,43,-49,47,-47,43,-47,41,-55,45,-57,45,-51,49,-61,45,-61,47,-57,41,-61,39,-65,43,-67,32,-65,41,-63,41,-65,34,-69,26,-71,26,-65,26,-73,24,-71,22,-69,20,-78,10,-71,8,-71,6,-71,6,-78,-4,-75,0,-75,-12,-75,-6,-75,-16,-82,-8,-67,-20,-73,-16,-78,-24,-67,-28,-75,-30,-80,-30,-82,-32,-75,-30,-80,-32,-80,-43,-75,-43,-78,-47,-75,0,0,0,0,0,0,-78,36,-71,43,-65,53,-57,41,-63,47,-55,43,-57,47,-59,49,-51,49,-49,45,-45,49,-39,47,-45,53,-41,53,-36,53,-30,51,-30,59,-28,53,-26,51,-24,57,-18,59,-24,57,-16,51,-18,59,-20,53,-16,59,-14,55,-4,57,-10,63,-2,53,-8,55,-6,61,-6,59,-2,59,-6,53,-6,63,-2,59,-4,57,-4,59,-6,55,0,53,-6,55,-6,59,0,55,-6,55,-2,49,-4,49,-2,51,-8,45,-4,45,-6,41,-6,41,-4,43,-8,43,-6,36,-8,34,-14,32,0,0,0,0,0,0,0,0,0,0]"""
1782173634219,2026-06-23T09:13:54.219,warning,breathing,lmh,lying_fast_breath,t001,"CSI_DATA,17553,1a:00:00:00:00:00,-62,11,-98,18,45,11,120056723,47,2,256,0,""[0,0,0,0,0,0,0,0,0,0,0,0,-21,-31,-19,-33,-21,-37,-17,-39,-19,-43,-15,-43,-17,-47,-13,-47,-19,-53,-17,-53,-15,-55,-17,-57,-17,-59,-13,-63,-3,-63,-9,-69,-13,-65,-3,-71,-3,-65,-1,-65,1,-69,-5,-73,1,-71,-3,-73,1,-77,-3,-73,3,-73,1,-79,1,-73,-3,-73,0,-75,-3,-77,-5,-73,1,-71,-7,-77,-5,-75,-7,-71,-9,-75,-9,-73,-13,-75,-11,-77,-13,-75,-9,-77,-19,-79,-9,-73,-15,-77,-9,-79,-17,-75,-17,-77,-13,-83,-19,-79,-15,-81,-9,-85,-5,-85,-15,-87,-17,-87,-15,-81,0,0,0,0,0,0,-85,3,-83,1,-77,13,-79,0,-77,1,-73,-1,-71,3,-75,3,-69,1,-65,-1,-67,0,-61,0,-67,3,-63,7,-63,-1,-61,3,-63,7,-61,7,-59,0,-59,3,-57,13,-59,1,-49,9,-53,5,-57,5,-55,5,-57,5,-53,9,-59,5,-57,7,-59,1,-59,1,-55,3,-57,5,-55,1,-59,0,-57,0,-55,0,-55,-5,-53,-9,-51,-7,-53,-9,-55,-13,-49,-9,-47,-13,-47,-11,-43,-17,-45,-15,-37,-21,-37,-21,-37,-17,-31,-21,-29,-23,-33,-23,-27,-21,-21,-21,-19,-27,0,0,0,0,0,0,0,0,0,0]"""
1782173634229,2026-06-23T09:13:54.229,warning,breathing,lmh,lying_fast_breath,t001,"CSI_DATA,17554,1a:00:00:00:00:00,-62,11,-98,21,44,11,120065527,47,2,256,0,""[0,0,0,0,0,0,0,0,0,0,0,0,12,34,10,36,6,43,6,45,0,47,0,45,-2,47,-4,51,-6,53,-8,57,-8,55,-8,59,-6,63,-14,63,-22,59,-26,63,-18,69,-30,63,-30,59,-26,61,-32,59,-39,65,-36,61,-39,65,-45,67,-36,63,-41,59,-45,61,-47,61,-43,61,-39,57,-47,61,-41,61,-45,53,-47,63,-45,59,-43,55,-45,61,-41,65,-45,67,-43,61,-36,63,-47,59,-36,67,-45,61,-43,61,-49,65,-39,61,-45,63,-55,67,-51,65,-53,63,-63,61,-63,61,-59,67,-59,59,-57,57,0,0,0,0,0,0,53,65,51,73,53,61,47,63,43,65,41,61,43,63,41,65,32,59,30,61,34,59,30,53,34,59,34,55,32,57,30,51,32,53,30,55,24,51,28,53,30,47,22,55,26,49,26,49,24,53,18,53,24,51,26,51,24,57,26,51,22,57,20,55,12,55,18,59,12,53,6,59,10,61,8,59,8,61,4,57,2,51,0,55,-4,57,-2,55,-10,51,-10,49,-16,49,-14,47,-18,39,-16,41,-24,41,-16,39,-22,30,-22,32,-26,34,-22,24,-30,18,0,0,0,0,0,0,0,0,0,0]"""
1782173634239,2026-06-23T09:13:54.239,warning,breathing,lmh,lying_fast_breath,t001,"CSI_DATA,17555,1a:00:00:00:00:00,-62,11,-98,17,45,11,120077330,47,2,256,0,""[0,0,0,0,0,0,0,0,0,0,0,0,-36,-8,-36,-12,-41,-16,-41,-20,-43,-18,-43,-20,-43,-20,-45,-22,-51,-24,-51,-28,-49,-26,-51,-24,-59,-28,-59,-30,-53,-34,-61,-32,-65,-28,-61,-36,-55,-36,-61,-32,-61,-36,-63,-41,-65,-39,-63,-34,-67,-45,-65,-30,-67,-39,-67,-36,-67,-36,-67,-32,-65,-28,-71,-30,-69,-26,-69,-26,-71,-24,-73,-18,-71,-18,-71,-14,-73,-18,-78,-10,-78,-12,-78,-4,-75,-4,-82,-2,-71,0,-75,4,-80,0,-78,8,-80,6,-86,2,-80,6,-86,8,-88,4,-86,6,-88,12,-88,12,-88,14,0,0,0,0,0,0,4,86,6,82,14,75,12,78,18,78,10,71,10,75,12,73,14,69,14,65,18,63,16,61,22,65,18,63,18,57,22,57,22,57,24,59,20,57,26,53,34,51,26,55,26,45,24,51,26,51,28,53,32,49,34,45,28,51,39,43,32,45,34,49,30,51,30,47,32,43,30,51,30,51,28,49,28,51,28,49,26,43,28,47,26,51,24,51,22,47,22,43,20,43,20,43,14,39,16,39,12,39,16,39,12,36,6,39,4,36,8,36,-2,32,0,0,0,0,0,0,0,0,0,0]"""
1782173634253,2026-06-23T09:13:54.253,warning,breathing,lmh,lying_fast_breath,t001,"CSI_DATA,17556,1a:00:00:00:00:00,-62,11,-98,15,45,11,120091502,47,2,256,0,""[0,0,0,0,0,0,0,0,0,0,0,0,36,-13,36,-13,43,-13,43,-8,45,-8,47,-6,50,-6,50,-6,56,-6,56,-2,58,2,58,0,67,0,67,2,65,10,65,6,69,4,69,13,69,13,71,10,67,13,76,17,69,19,73,19,80,26,71,17,69,28,76,21,73,21,73,17,71,19,78,19,76,21,71,15,78,17,73,13,69,15,73,6,80,2,71,2,78,15,80,17,82,4,123,4,108,21,91,26,69,56,113,-10,100,-32,143,58,67,15,158,-21,145,-36,97,-6,58,82,78,56,97,73,0,0,0,0,0,0,-30,-34,28,-58,15,-15,6,-39,47,-21,69,-17,28,-56,-41,-58,26,-119,36,-56,30,-100,32,-56,32,-69,-10,-80,15,-54,19,-63,13,-67,19,-63,19,-69,6,-52,6,-56,8,-58,6,-58,15,-58,13,-54,13,-60,13,-52,13,-58,21,-60,13,-54,17,-52,17,-58,17,-56,17,-58,15,-54,23,-58,23,-58,21,-52,23,-58,23,-47,19,-47,23,-47,28,-50,28,-43,32,-41,26,-41,30,-34,32,-43,34,-30,26,-32,30,-28,30,-23,30,-28,34,-21,32,-17,32,-13,30,-10,0,0,0,0,0,0,0,0,0,0]"""
1782173634265,2026-06-23T09:13:54.265,warning,breathing,lmh,lying_fast_breath,t001,"CSI_DATA,17557,1a:00:00:00:00:00,-62,11,-98,16,45,11,120098527,47,2,256,0,""[0,0,0,0,0,0,0,0,0,0,0,0,-19,-33,-12,-35,-12,-40,-12,-40,-10,-44,-10,-50,-10,-48,-4,-48,-8,-57,2,-57,-2,-61,-2,-61,2,-65,6,-63,12,-63,10,-67,6,-71,16,-71,19,-61,16,-65,21,-63,23,-71,25,-69,23,-71,29,-71,25,-71,31,-65,33,-71,33,-65,29,-67,29,-65,33,-69,31,-67,33,-65,33,-71,31,-71,29,-61,29,-69,33,-67,25,-71,29,-67,25,-73,31,-71,25,-76,31,-65,29,-71,33,-71,29,-71,33,-71,40,-78,38,-71,38,-76,48,-76,48,-73,44,-76,42,-73,44,-69,0,0,0,0,0,0,-63,-54,-61,-54,-63,-46,-61,-50,-59,-52,-54,-52,-52,-48,-50,-52,-46,-46,-44,-50,-48,-48,-44,-46,-46,-48,-40,-46,-42,-48,-44,-44,-44,-44,-40,-42,-35,-44,-42,-46,-46,-40,-38,-46,-35,-35,-33,-40,-33,-44,-33,-42,-33,-46,-38,-44,-31,-48,-38,-44,-31,-46,-33,-50,-31,-50,-29,-48,-31,-46,-23,-52,-23,-48,-19,-50,-19,-52,-14,-54,-12,-50,-14,-54,-6,-52,-6,-52,-2,-50,-8,-50,0,-48,-2,-46,8,-42,6,-44,8,-42,8,-42,10,-35,16,-35,16,-29,16,-31,25,-29,0,0,0,0,0,0,0,0,0,0]"""
1782173634274,2026-06-23T09:13:54.274,warning,breathing,lmh,lying_fast_breath,t001,"CSI_DATA,17558,1a:00:00:00:00:00,-62,11,-98,21,44,11,120109527,47,2,256,0,""[0,0,0,0,0,0,0,0,0,0,0,0,24,-26,30,-26,32,-28,32,-32,34,-32,34,-30,41,-34,36,-34,43,-41,43,-39,45,-39,41,-45,43,-47,41,-45,49,-47,49,-49,45,-55,47,-51,47,-49,43,-55,43,-51,49,-59,45,-51,39,-65,45,-63,34,-61,41,-59,41,-69,34,-65,30,-69,30,-63,28,-73,26,-71,22,-73,18,-71,12,-75,12,-69,4,-75,6,-78,-4,-78,0,-75,-10,-73,-10,-75,-16,-82,-14,-75,-18,-69,-20,-73,-26,-71,-28,-71,-30,-75,-34,-78,-41,-73,-34,-82,-32,-82,-45,-80,-47,-73,-47,-73,0,0,0,0,0,0,-75,45,-71,53,-61,51,-63,49,-57,47,-55,45,-49,53,-57,53,-49,55,-47,51,-41,49,-36,49,-39,55,-36,55,-34,51,-22,55,-24,65,-24,55,-24,55,-20,55,-14,57,-22,57,-14,59,-12,59,-10,57,-10,57,-6,59,0,61,-2,59,-2,57,-2,55,-4,61,0,59,6,59,0,55,0,61,2,61,6,59,6,59,2,55,4,55,4,57,6,61,8,55,6,49,6,47,2,51,2,55,2,43,2,43,0,45,-2,32,2,34,2,41,-6,39,-2,32,-4,34,0,0,0,0,0,0,0,0,0,0]"""
1782173634286,2026-06-23T09:13:54.286,warning,breathing,lmh,lying_fast_breath,t001,"CSI_DATA,17559,1a:00:00:00:00:00,-62,11,-98,16,45,11,120120527,47,2,256,0,""[0,0,0,0,0,0,0,0,0,0,0,0,-38,14,-35,8,-44,8,-48,8,-48,4,-48,4,-46,4,-50,2,-54,0,-57,-2,-59,-2,-57,2,-63,-2,-65,-6,-63,-12,-67,-10,-69,-8,-69,-16,-69,-14,-67,-23,-71,-27,-69,-23,-71,-21,-76,-19,-76,-27,-71,-16,-71,-25,-71,-25,-69,-29,-71,-23,-65,-25,-73,-25,-73,-25,-73,-27,-73,-21,-71,-19,-67,-19,-76,-14,-71,-19,-73,-14,-76,-16,-73,-10,-73,-16,-78,-10,-73,-12,-73,-12,-80,-10,-78,-10,-80,-14,-84,-19,-86,-12,-82,-8,-84,-19,-82,-21,-86,-16,-86,-19,-84,-21,0,0,0,0,0,0,-29,78,-29,76,-21,78,-25,71,-21,73,-21,67,-27,69,-29,71,-25,63,-25,63,-23,63,-19,61,-19,63,-21,61,-19,61,-12,57,-14,65,-19,59,-21,57,-14,54,-10,59,-21,54,-14,52,-19,52,-21,57,-21,57,-14,54,-12,57,-19,57,-10,54,-16,54,-19,57,-23,54,-21,54,-19,50,-27,52,-27,54,-25,50,-29,50,-27,46,-27,44,-29,46,-35,48,-33,44,-33,38,-27,40,-33,33,-35,35,-33,27,-33,25,-31,23,-29,23,-38,19,-38,16,-38,14,-33,12,-35,8,0,0,0,0,0,0,0,0,0,0]"""
1782173634296,2026-06-23T09:13:54.296,warning,breathing,lmh,lying_fast_breath,t001,"CSI_DATA,17560,1a:00:00:00:00:00,-62,11,-98,17,45,11,120131527,47,2,256,0,""[0,0,0,0,0,0,0,0,0,0,0,0,12,39,8,39,4,45,2,45,2,45,-2,45,-2,49,-6,49,-8,57,-10,55,-10,59,-10,59,-14,63,-14,63,-24,55,-26,67,-22,67,-32,67,-28,59,-30,61,-32,59,-39,65,-39,63,-39,63,-45,67,-36,65,-45,61,-45,61,-49,59,-41,61,-43,59,-45,61,-45,61,-43,57,-45,63,-47,65,-41,59,-39,67,-43,61,-39,67,-43,61,-39,69,-43,65,-43,69,-45,61,-43,65,-45,65,-43,67,-45,63,-49,69,-47,67,-47,71,-59,65,-57,61,-53,69,-55,67,-55,65,0,0,0,0,0,0,55,65,53,65,53,55,49,63,53,65,43,59,45,57,41,59,41,57,36,57,39,53,36,51,45,55,34,55,34,55,36,49,39,51,34,51,28,49,34,51,39,45,34,55,26,43,30,49,26,51,28,49,32,51,34,47,26,51,32,47,26,51,28,53,22,55,24,49,24,53,16,55,14,55,16,53,14,57,10,57,10,55,8,55,2,55,4,53,-2,49,0,51,-6,47,-4,45,-6,43,-8,43,-16,43,-10,39,-16,34,-20,32,-18,34,-18,30,-24,28,0,0,0,0,0,0,0,0,0,0]"""
1782173634306,2026-06-23T09:13:54.306,warning,breathing,lmh,lying_fast_breath,t001,"CSI_DATA,17561,1a:00:00:00:00:00,-62,11,-98,18,45,11,120142527,47,2,256,0,""[0,0,0,0,0,0,0,0,0,0,0,0,25,27,25,29,29,33,27,37,27,37,25,39,23,41,27,43,27,49,27,49,29,53,27,49,35,55,29,55,23,61,27,59,33,61,23,65,23,65,27,63,21,63,27,71,21,69,27,73,27,77,31,69,19,69,23,73,25,69,29,69,25,65,33,71,33,71,35,67,37,69,33,65,33,59,41,63,39,63,45,61,41,61,49,55,45,61,55,63,43,59,47,61,47,63,49,55,55,57,57,67,59,63,55,59,53,67,55,65,61,65,61,65,61,61,0,0,0,0,0,0,71,-53,63,-53,59,-57,59,-49,61,-47,59,-43,53,-51,57,-51,51,-47,53,-43,49,-43,49,-41,47,-47,47,-47,41,-43,39,-41,41,-51,39,-45,41,-41,35,-45,33,-49,37,-47,33,-45,37,-45,35,-45,37,-47,35,-43,31,-51,35,-49,31,-47,33,-43,37,-45,33,-47,29,-49,33,-43,43,-49,35,-45,35,-41,37,-41,39,-35,35,-35,39,-37,41,-37,39,-35,41,-33,37,-31,35,-27,39,-31,39,-19,37,-21,41,-17,33,-17,33,-17,37,-9,37,-13,35,-9,35,-3,0,0,0,0,0,0,0,0,0,0]"""
1782173634316,2026-06-23T09:13:54.316,warning,breathing,lmh,lying_fast_breath,t001,"CSI_DATA,17562,1a:00:00:00:00:00,-62,11,-98,17,45,11,120153527,47,2,256,0,""[0,0,0,0,0,0,0,0,0,0,0,0,34,-20,34,-18,36,-22,43,-16,45,-16,43,-14,47,-18,47,-14,55,-18,55,-12,55,-14,57,-14,65,-14,65,-12,69,-6,67,-10,69,-14,73,0,69,0,65,-6,65,4,80,-2,73,0,73,2,80,4,75,-4,73,4,80,2,75,6,78,-2,71,2,80,4,75,2,75,2,75,0,78,-6,69,-4,73,-6,75,-4,78,-12,78,-8,73,-14,78,-12,80,-12,73,-12,78,-12,75,-14,78,-18,78,-14,84,-12,82,-14,80,-14,86,-8,86,-8,90,-12,92,-10,86,-10,0,0,0,0,0,0,2,-88,2,-88,-6,-82,-2,-80,-4,-78,2,-73,2,-75,2,-80,0,-71,0,-65,-4,-61,2,-65,-4,-67,0,-67,0,-59,-6,-63,-2,-65,-4,-61,2,-61,-6,-57,-10,-57,-8,-59,-4,-53,-2,-59,2,-57,-4,-59,-8,-59,-8,-57,0,-61,-8,-55,-4,-57,-4,-57,2,-59,-2,-61,-2,-51,4,-59,4,-59,4,-59,8,-57,6,-53,6,-49,10,-53,18,-53,14,-51,20,-49,12,-47,16,-43,16,-47,18,-39,18,-34,24,-34,18,-32,22,-34,26,-30,26,-26,22,-20,30,-18,0,0,0,0,0,0,0,0,0,0]"""
1782173634329,2026-06-23T09:13:54.329,warning,breathing,lmh,lying_fast_breath,t001,"CSI_DATA,17563,1a:00:00:00:00:00,-62,11,-98,15,45,11,120164527,47,2,256,0,""[0,0,0,0,0,0,0,0,0,0,0,0,36,-17,39,-15,41,-15,45,-10,43,-17,45,-15,47,-13,50,-13,58,-15,54,-15,58,-15,60,-15,60,-19,65,-19,63,-13,71,-13,69,-21,73,-10,69,-10,67,-13,69,-13,76,-17,73,-15,73,-19,80,-17,73,-23,76,-21,78,-23,73,-15,71,-23,69,-19,76,-28,71,-28,67,-26,73,-32,71,-36,63,-32,65,-41,65,-39,63,-47,63,-45,60,-50,63,-47,58,-56,60,-50,58,-56,60,-52,54,-58,54,-58,58,-60,56,-60,52,-65,63,-63,63,-65,56,-69,50,-71,54,-67,0,0,0,0,0,0,-63,-56,-67,-54,-65,-43,-65,-52,-65,-47,-60,-47,-63,-43,-58,-45,-58,-36,-56,-41,-58,-36,-56,-32,-60,-34,-58,-30,-56,-30,-58,-23,-63,-21,-58,-21,-54,-21,-58,-19,-58,-15,-58,-19,-52,-10,-54,-17,-54,-17,-56,-17,-58,-13,-60,-4,-60,-8,-60,-4,-58,-8,-65,-8,-58,-13,-58,-6,-56,-8,-58,-13,-56,-8,-54,-8,-56,-10,-58,-15,-54,-13,-58,-10,-52,-15,-52,-10,-47,-13,-50,-13,-50,-17,-43,-13,-41,-21,-43,-17,-39,-19,-36,-21,-34,-17,-34,-19,-34,-17,-30,-19,-28,-19,0,0,0,0,0,0,0,0,0,0]"""
1782173634341,2026-06-23T09:13:54.341,warning,breathing,lmh,lying_fast_breath,t001,"CSI_DATA,17564,1a:00:00:00:00:00,-62,11,-98,16,45,11,120175526,47,2,256,0,""[0,0,0,0,0,0,0,0,0,0,0,0,-29,-27,-25,-29,-29,-31,-27,-35,-29,-40,-23,-40,-29,-42,-23,-42,-31,-48,-27,-48,-25,-52,-23,-50,-35,-57,-31,-59,-25,-61,-25,-61,-33,-59,-27,-67,-29,-65,-25,-65,-21,-69,-29,-71,-27,-69,-27,-71,-27,-76,-31,-65,-23,-69,-25,-71,-29,-71,-35,-67,-25,-67,-35,-73,-33,-69,-33,-67,-40,-67,-40,-65,-38,-61,-42,-61,-44,-63,-48,-61,-46,-63,-52,-57,-50,-59,-59,-61,-46,-61,-52,-52,-52,-59,-54,-52,-59,-57,-61,-63,-63,-63,-59,-57,-57,-63,-59,-63,-65,-63,-69,-59,-63,-61,0,0,0,0,0,0,-65,59,-63,57,-57,61,-54,50,-52,54,-57,50,-52,54,-54,57,-50,52,-48,46,-44,46,-42,46,-42,50,-42,52,-40,48,-33,48,-40,54,-38,48,-40,46,-31,46,-29,50,-35,46,-29,48,-29,48,-33,50,-27,52,-33,48,-27,52,-33,54,-25,52,-29,46,-29,50,-31,52,-25,52,-29,48,-33,54,-29,50,-33,46,-33,50,-33,42,-31,40,-35,42,-40,46,-35,42,-38,35,-31,35,-33,29,-35,35,-35,25,-33,27,-31,25,-31,23,-31,23,-38,19,-35,16,-33,12,-35,12,0,0,0,0,0,0,0,0,0,0]"""
1782173634351,2026-06-23T09:13:54.351,warning,breathing,lmh,lying_fast_breath,t001,"CSI_DATA,17565,1a:00:00:00:00:00,-62,11,-98,15,45,11,120187123,47,2,256,0,""[0,0,0,0,0,0,0,0,0,0,0,0,0,41,0,39,2,47,-2,47,2,50,-2,47,2,47,-2,50,2,58,0,60,2,58,6,60,6,67,6,67,0,67,6,71,13,69,6,76,6,67,8,76,4,76,8,78,15,73,15,73,17,76,26,73,21,76,23,76,28,76,32,71,30,69,34,71,36,69,41,63,45,65,50,60,45,54,56,52,56,56,65,45,60,52,69,36,63,41,73,43,65,34,71,36,71,36,73,26,78,30,84,30,82,23,82,15,87,19,89,19,91,17,89,10,87,13,0,0,0,0,0,0,10,-89,10,-87,-2,-80,-2,-78,-4,-78,-2,-73,-4,-76,-4,-76,-8,-69,-10,-65,-15,-65,-15,-63,-21,-65,-19,-67,-19,-60,-28,-54,-30,-58,-30,-54,-23,-56,-34,-47,-43,-41,-36,-50,-34,-39,-36,-47,-34,-45,-41,-41,-45,-39,-47,-36,-47,-41,-50,-30,-45,-32,-50,-32,-54,-36,-50,-28,-50,-26,-50,-36,-50,-32,-50,-32,-52,-32,-47,-30,-47,-23,-50,-28,-50,-32,-50,-28,-47,-28,-45,-21,-41,-21,-45,-26,-32,-23,-36,-21,-39,-21,-32,-21,-36,-23,-32,-21,-28,-23,-28,-21,-21,-23,0,0,0,0,0,0,0,0,0,0]"""
1782173634364,2026-06-23T09:13:54.364,warning,breathing,lmh,lying_fast_breath,t001,"CSI_DATA,17566,1a:00:00:00:00:00,-62,11,-98,17,45,11,120202165,47,2,256,0,""[0,0,0,0,0,0,0,0,0,0,0,0,41,-4,43,-4,43,-4,45,0,47,-2,49,0,49,-2,51,-2,59,-4,59,0,59,0,61,-4,63,-8,67,-6,67,2,71,-4,71,-8,75,-4,65,-4,71,-2,73,2,73,-10,80,-8,75,-10,80,-12,71,-14,75,-12,78,-14,73,-18,71,-26,73,-22,75,-26,69,-28,65,-30,69,-36,67,-41,61,-36,63,-45,63,-45,55,-49,57,-49,51,-61,53,-57,53,-63,51,-55,47,-61,47,-65,41,-67,45,-67,45,-73,39,-73,41,-78,47,-75,45,-75,36,-80,32,-80,30,-80,0,0,0,0,0,0,-78,-30,-80,-32,-80,-22,-78,-24,-75,-18,-73,-20,-71,-14,-73,-14,-67,-10,-67,-14,-67,-6,-63,-8,-73,0,-67,0,-65,-4,-61,4,-65,4,-59,6,-59,4,-59,14,-57,18,-61,12,-49,14,-51,18,-55,18,-53,22,-57,22,-49,26,-57,24,-51,32,-55,26,-55,30,-51,28,-47,30,-51,32,-53,28,-51,28,-45,30,-51,28,-53,28,-47,28,-51,28,-49,28,-47,28,-45,22,-45,28,-47,24,-41,24,-41,20,-39,20,-43,18,-39,16,-39,16,-36,16,-34,10,-36,14,-39,6,0,0,0,0,0,0,0,0,0,0]"""
1782173634374,2026-06-23T09:13:54.374,warning,breathing,lmh,lying_fast_breath,t001,"CSI_DATA,17567,1a:00:00:00:00:00,-62,11,-98,15,45,11,120208693,47,2,256,0,""[0,0,0,0,0,0,0,0,0,0,0,0,-39,8,-41,4,-41,4,-47,0,-45,0,-50,0,-50,0,-52,-4,-58,-2,-56,-4,-58,-6,-63,-2,-67,-6,-67,-6,-69,-13,-69,-10,-71,-4,-73,-8,-69,-10,-71,-17,-73,-19,-76,-15,-73,-13,-76,-13,-78,-15,-76,-6,-73,-13,-78,-13,-73,-15,-78,-6,-71,-6,-80,-8,-78,-6,-73,-4,-78,0,-80,4,-73,4,-80,10,-76,4,-78,10,-78,8,-73,21,-78,17,-80,23,-78,17,-76,23,-78,21,-71,23,-78,26,-82,23,-82,28,-80,32,-89,28,-80,28,-82,30,-84,32,-82,30,0,0,0,0,0,0,21,82,26,82,28,78,28,73,30,73,28,69,26,69,26,73,26,65,26,65,30,63,28,58,32,63,28,60,28,58,32,52,34,58,30,54,30,56,34,50,43,47,34,50,34,45,32,50,32,47,36,50,39,45,41,43,36,50,41,41,39,43,43,47,34,45,41,45,39,39,36,54,36,47,34,45,36,50,32,45,32,41,34,47,28,50,26,45,23,45,28,43,21,43,23,47,19,41,15,39,17,39,17,39,13,41,6,36,4,39,8,36,4,39,0,0,0,0,0,0,0,0,0,0]"""
1782173634386,2026-06-23T09:13:54.386,warning,breathing,lmh,lying_fast_breath,t001,"CSI_DATA,17568,1a:00:00:00:00:00,-62,11,-98,16,45,11,120219526,47,2,256,0,""[0,0,0,0,0,0,0,0,0,0,0,0,29,-27,29,-23,35,-25,40,-23,40,-23,38,-21,40,-21,46,-21,50,-21,52,-23,57,-25,54,-25,61,-27,61,-23,63,-14,65,-16,67,-25,71,-16,67,-12,73,-10,73,-8,73,-10,78,-12,73,-14,80,-12,73,-16,76,-10,78,-14,78,-6,73,-14,71,-12,78,-10,76,-12,76,-12,76,-19,76,-19,71,-19,71,-25,76,-21,76,-25,73,-23,71,-31,76,-25,76,-29,69,-25,71,-31,78,-27,69,-35,73,-27,78,-31,78,-31,82,-31,86,-33,82,-27,82,-33,82,-31,84,-31,0,0,0,0,0,0,-21,-86,-23,-82,-27,-76,-21,-76,-23,-80,-23,-69,-16,-76,-19,-71,-16,-67,-16,-65,-19,-61,-21,-67,-23,-65,-19,-61,-21,-61,-25,-57,-25,-65,-23,-57,-12,-57,-23,-57,-27,-54,-23,-57,-21,-50,-16,-52,-16,-52,-19,-54,-23,-57,-25,-52,-23,-57,-31,-52,-21,-57,-23,-54,-19,-59,-19,-54,-19,-52,-12,-59,-16,-61,-12,-57,-12,-54,-8,-54,-10,-54,-8,-57,-2,-54,-8,-52,0,-50,-2,-52,0,-48,-2,-50,4,-44,2,-44,6,-44,6,-40,10,-33,10,-40,14,-35,14,-29,16,-29,0,0,0,0,0,0,0,0,0,0]"""
1782173634396,2026-06-23T09:13:54.396,warning,breathing,lmh,lying_fast_breath,t001,"CSI_DATA,17569,1a:00:00:00:00:00,-62,11,-98,16,45,11,120231047,47,2,256,0,""[0,0,0,0,0,0,0,0,0,0,0,0,-38,14,-33,10,-44,10,-48,6,-48,8,-48,2,-48,6,-50,2,-57,2,-59,0,-59,0,-59,0,-67,0,-67,-4,-67,-12,-67,-10,-71,-6,-71,-12,-67,-14,-71,-12,-71,-16,-73,-21,-71,-16,-73,-16,-78,-25,-71,-14,-73,-21,-78,-21,-71,-27,-76,-19,-69,-19,-73,-23,-76,-19,-71,-21,-78,-16,-76,-14,-69,-10,-76,-8,-76,-16,-80,-8,-78,-10,-78,-4,-78,-8,-82,-4,-71,-6,-76,0,-78,-4,-78,0,-80,-8,-88,-6,-82,-8,-86,-6,-88,-10,-86,-10,-90,-8,-88,-8,-86,-6,0,0,0,0,0,0,-21,86,-16,80,-14,82,-14,80,-12,80,-14,71,-14,73,-21,78,-16,69,-16,67,-12,63,-14,67,-8,67,-12,63,-10,63,-6,61,-6,69,-10,61,-12,63,-6,61,0,63,-8,61,-6,54,-8,57,-8,59,-10,59,-4,61,-2,61,-10,61,-2,59,-8,54,-8,59,-12,61,-10,59,-6,54,-19,59,-16,59,-16,57,-16,59,-19,54,-14,50,-16,52,-25,52,-23,52,-27,48,-21,48,-23,40,-25,44,-27,33,-23,35,-27,31,-25,31,-31,31,-25,25,-33,21,-29,23,-33,19,0,0,0,0,0,0,0,0,0,0]"""
1782173634410,2026-06-23T09:13:54.410,warning,breathing,lmh,lying_fast_breath,t001,"CSI_DATA,17570,1a:00:00:00:00:00,-62,11,-98,15,45,11,120249302,47,2,256,0,""[0,0,0,0,0,0,0,0,0,0,0,0,2,43,-2,39,-2,45,-10,45,-13,50,-8,45,-15,50,-19,47,-17,56,-23,54,-26,56,-26,56,-30,60,-32,58,-43,54,-43,58,-39,60,-45,58,-47,47,-45,52,-50,47,-58,54,-54,52,-56,50,-67,50,-52,50,-67,43,-63,50,-65,41,-63,45,-63,41,-63,43,-63,41,-60,41,-65,45,-63,47,-63,41,-63,47,-65,45,-63,50,-65,39,-60,52,-65,45,-69,47,-67,45,-63,45,-69,45,-63,43,-69,43,-78,47,-71,41,-73,43,-80,43,-82,36,-80,36,-80,36,-80,32,0,0,0,0,0,0,17,87,21,89,23,78,19,80,17,80,8,73,10,78,8,80,6,69,8,69,10,67,8,65,10,71,2,67,4,63,4,63,6,67,0,65,0,60,4,65,8,58,2,67,2,54,0,58,-4,60,-2,60,0,63,2,58,-8,65,2,63,-6,58,-4,60,-15,63,-8,58,-8,56,-21,60,-21,56,-19,54,-19,56,-23,56,-21,52,-23,52,-32,45,-30,45,-36,41,-30,43,-30,36,-34,36,-32,30,-32,30,-39,26,-34,26,-36,19,-41,17,-36,13,-34,8,-36,4,0,0,0,0,0,0,0,0,0,0]"""
1782173634421,2026-06-23T09:13:54.421,warning,breathing,lmh,lying_fast_breath,t001,"CSI_DATA,17571,1a:00:00:00:00:00,-62,11,-98,16,45,11,120255516,47,2,256,0,""[0,0,0,0,0,0,0,0,0,0,0,0,25,29,25,29,27,38,27,38,27,42,27,38,29,42,27,40,31,48,29,50,33,50,35,48,38,54,38,57,29,61,35,61,40,57,35,63,35,63,31,67,31,71,40,67,38,65,42,65,42,73,44,61,42,67,44,65,40,69,44,65,44,57,46,63,50,61,48,59,54,54,57,52,50,48,59,46,59,52,65,46,61,50,65,40,61,44,71,42,65,38,71,35,69,38,71,31,73,40,78,40,78,33,76,29,80,38,80,40,86,35,86,35,84,35,0,0,0,0,0,0,38,-80,31,-84,25,-78,27,-73,23,-78,25,-69,23,-71,27,-73,23,-71,19,-67,12,-63,8,-61,12,-67,10,-67,10,-59,4,-61,2,-65,2,-63,8,-61,2,-61,-4,-57,0,-59,-4,-54,-2,-59,0,-59,-2,-59,-8,-59,-10,-57,-6,-65,-12,-59,-6,-54,-10,-59,-6,-63,-10,-61,-12,-54,-2,-65,-6,-63,-8,-59,-6,-61,-2,-57,-8,-52,-6,-54,-2,-57,0,-57,2,-52,0,-52,2,-46,0,-50,4,-44,2,-44,4,-40,4,-38,8,-35,10,-44,8,-38,12,-31,12,-29,0,0,0,0,0,0,0,0,0,0]"""
1782173634431,2026-06-23T09:13:54.431,warning,breathing,lmh,lying_fast_breath,t001,"CSI_DATA,17572,1a:00:00:00:00:00,-62,11,-98,20,44,11,120264277,47,2,256,0,""[0,0,0,0,0,0,0,0,0,0,0,0,-40,8,-40,8,-44,6,-46,6,-46,6,-48,4,-52,6,-52,8,-54,14,-59,8,-63,6,-57,10,-61,16,-65,14,-69,6,-65,12,-71,23,-73,12,-69,19,-71,14,-78,19,-73,23,-80,23,-71,25,-76,23,-71,31,-71,23,-76,27,-69,33,-65,38,-65,31,-67,46,-63,44,-59,44,-65,50,-59,50,-57,50,-54,57,-52,54,-46,63,-48,63,-42,69,-40,69,-38,76,-40,65,-31,71,-33,78,-25,71,-25,80,-29,82,-16,82,-21,84,-23,88,-21,86,-10,92,-8,90,-10,88,0,0,0,0,0,0,84,12,86,6,92,-2,80,2,76,0,73,4,76,-4,84,-10,69,-6,65,-6,69,-10,65,-10,69,-16,63,-19,65,-16,59,-21,65,-21,57,-25,59,-23,52,-29,52,-38,54,-31,46,-31,48,-31,48,-38,44,-35,46,-40,44,-44,46,-44,40,-46,40,-42,44,-46,40,-42,38,-46,38,-44,46,-48,42,-48,33,-46,40,-50,38,-46,35,-44,38,-48,40,-46,33,-44,33,-40,29,-40,31,-40,31,-42,35,-29,27,-33,31,-33,29,-33,25,-25,27,-29,27,-25,33,-27,29,-21,0,0,0,0,0,0,0,0,0,0]"""
1782173634442,2026-06-23T09:13:54.442,warning,breathing,lmh,lying_fast_breath,t001,"CSI_DATA,17573,1a:00:00:00:00:00,-62,11,-98,20,44,11,120279545,47,2,256,0,""[0,0,0,0,0,0,0,0,0,0,0,0,-19,-38,-16,-38,-16,-42,-16,-44,-14,-46,-16,-46,-16,-46,-14,-46,-23,-54,-19,-52,-21,-54,-27,-57,-27,-59,-25,-63,-16,-63,-27,-67,-31,-63,-27,-71,-27,-63,-21,-67,-21,-71,-31,-71,-33,-71,-35,-71,-38,-71,-38,-65,-40,-67,-40,-67,-42,-67,-46,-61,-44,-59,-46,-61,-50,-57,-50,-52,-54,-52,-59,-48,-57,-46,-61,-44,-59,-48,-71,-40,-65,-40,-80,-31,-73,-29,-78,-31,-73,-31,-69,-25,-78,-29,-78,-21,-80,-23,-84,-21,-84,-19,-86,-12,-90,-14,-86,-19,-90,-12,-95,-8,-88,-10,0,0,0,0,0,0,-10,84,-2,84,6,82,-4,80,10,80,6,73,4,80,6,80,6,73,12,67,16,65,12,65,19,69,19,67,16,59,21,59,23,63,25,61,25,59,31,52,35,50,29,57,31,44,31,48,33,48,35,50,40,48,44,42,40,50,48,38,40,42,42,44,42,44,46,35,42,44,44,42,46,38,46,44,46,44,42,40,40,33,46,35,46,42,42,38,35,40,44,33,35,35,38,40,33,35,35,31,27,35,27,29,25,33,27,33,23,35,21,33,21,35,0,0,0,0,0,0,0,0,0,0]"""
1782173634453,2026-06-23T09:13:54.453,warning,breathing,lmh,lying_fast_breath,t001,"CSI_DATA,17574,1a:00:00:00:00:00,-62,11,-98,16,45,11,120289236,47,2,256,0,""[0,0,0,0,0,0,0,0,0,0,0,0,12,35,12,38,12,44,14,46,14,46,12,46,14,46,16,48,14,54,16,57,19,57,19,59,27,63,23,63,19,67,19,65,25,67,21,67,19,65,23,73,21,76,25,73,31,69,33,69,31,78,38,63,29,67,35,71,31,69,42,69,38,63,48,69,44,65,46,61,52,61,54,57,48,46,63,48,61,50,69,44,65,46,65,38,67,42,73,35,67,35,71,31,73,31,78,23,80,29,84,29,78,23,80,16,88,23,84,23,92,19,90,19,86,14,0,0,0,0,0,0,19,-84,14,-84,4,-88,4,-78,2,-78,2,-76,2,-73,4,-82,-4,-69,-2,-67,-8,-65,-6,-61,-8,-65,-10,-65,-16,-59,-25,-59,-25,-59,-23,-63,-19,-61,-23,-54,-27,-52,-29,-57,-27,-50,-27,-54,-25,-54,-29,-54,-33,-50,-40,-46,-35,-48,-42,-42,-38,-44,-40,-44,-38,-50,-42,-44,-38,-38,-42,-48,-42,-48,-42,-44,-40,-46,-40,-42,-35,-38,-40,-40,-40,-46,-40,-44,-33,-42,-33,-38,-27,-38,-35,-42,-25,-33,-27,-33,-21,-38,-23,-29,-21,-38,-23,-33,-19,-33,-19,-35,-8,-31,0,0,0,0,0,0,0,0,0,0]"""
1782173634465,2026-06-23T09:13:54.465,warning,breathing,lmh,lying_fast_breath,t001,"CSI_DATA,17575,1a:00:00:00:00:00,-62,11,-98,11,45,11,120296526,47,2,256,0,""[0,0,0,0,0,0,0,0,0,0,0,0,-39,17,-41,14,-41,12,-46,9,-46,9,-46,4,-51,7,-48,-2,-61,7,-61,0,-61,-2,-63,2,-70,2,-70,-2,-65,-7,-70,-14,-73,-7,-70,-17,-63,-14,-70,-12,-68,-21,-75,-21,-75,-21,-80,-19,-85,-24,-73,-17,-70,-24,-70,-21,-78,-29,-78,-24,-68,-29,-73,-29,-75,-21,-75,-26,-73,-21,-78,-14,-63,-19,-73,-24,-70,-29,-97,-12,-82,-14,-75,-17,-68,-68,-78,-2,-63,-7,-24,-4,-48,-26,-97,19,-63,-114,-85,-39,-63,-19,-14,-39,-117,34,-97,-36,-107,4,-126,-119,-65,-14,0,0,0,0,0,0,-36,73,39,153,-39,82,-36,61,48,58,-56,92,-26,61,-9,85,36,80,2,48,-56,90,-34,95,-26,63,-31,63,-68,48,-29,63,-29,73,-36,73,-24,56,-26,58,-19,58,-21,53,-19,46,-21,63,-31,53,-24,56,-24,56,-26,61,-31,61,-17,58,-21,53,-24,51,-36,58,-29,58,-29,46,-39,48,-31,53,-36,46,-39,48,-34,46,-34,39,-41,41,-46,41,-41,39,-43,36,-41,34,-39,21,-41,29,-34,19,-36,24,-39,14,-34,21,-41,14,-41,9,-36,12,-29,4,-36,-2,0,0,0,0,0,0,0,0,0,0]"""
1782173634483,2026-06-23T09:13:54.483,warning,breathing,lmh,lying_fast_breath,t001,"CSI_DATA,17576,1a:00:00:00:00:00,-62,11,-98,20,44,11,120319815,47,2,256,0,""[0,0,0,0,0,0,0,0,0,0,0,0,-33,-23,-27,-27,-29,-33,-31,-33,-31,-40,-27,-38,-29,-38,-29,-38,-33,-48,-35,-48,-29,-52,-29,-50,-35,-54,-29,-61,-23,-63,-25,-67,-31,-65,-25,-65,-25,-59,-27,-71,-27,-73,-21,-71,-21,-73,-21,-71,-19,-78,-21,-71,-14,-78,-16,-78,-14,-78,-23,-73,-16,-73,-21,-76,-16,-78,-21,-76,-25,-80,-19,-76,-27,-73,-21,-69,-23,-78,-29,-76,-27,-78,-31,-71,-25,-73,-33,-78,-25,-71,-29,-69,-29,-76,-29,-71,-33,-80,-33,-82,-29,-80,-31,-80,-19,-86,-21,-86,-29,-86,-27,-86,-29,-80,0,0,0,0,0,0,-88,12,-86,19,-82,21,-78,16,-80,12,-71,14,-78,14,-78,14,-73,10,-69,8,-61,8,-65,8,-69,14,-65,14,-65,10,-61,12,-65,16,-65,16,-63,8,-63,12,-61,19,-61,8,-54,14,-59,12,-59,6,-61,14,-63,8,-61,16,-61,12,-57,19,-61,10,-61,6,-67,8,-59,12,-59,6,-63,4,-61,2,-57,8,-63,0,-59,-6,-57,0,-57,-6,-59,-8,-59,-8,-54,-12,-50,-10,-48,-19,-48,-10,-42,-16,-42,-16,-40,-23,-35,-16,-38,-21,-38,-21,-33,-25,-31,-25,-29,-31,0,0,0,0,0,0,0,0,0,0]"""
1782173634491,2026-06-23T09:13:54.491,warning,breathing,lmh,lying_fast_breath,t001,"CSI_DATA,17578,1a:00:00:00:00:00,-62,11,-98,16,45,11,120330454,47,2,256,0,""[0,0,0,0,0,0,0,0,0,0,0,0,42,-4,40,-2,46,0,48,6,50,8,48,8,50,14,48,14,54,19,57,21,57,23,54,25,61,25,59,29,54,35,57,40,63,35,57,44,54,44,57,50,52,57,52,54,52,54,54,52,54,61,50,54,46,63,46,63,42,63,50,63,38,61,46,67,46,63,44,63,44,67,42,63,38,59,44,63,46,63,50,63,46,65,46,61,42,65,52,65,38,67,40,65,42,71,42,65,42,69,42,78,42,76,40,73,33,82,29,78,40,82,35,84,33,86,0,0,0,0,0,0,88,-16,84,-12,82,-19,78,-8,78,-12,73,-4,73,-8,76,-8,73,-4,67,0,65,0,65,0,69,-2,67,-2,61,2,65,-4,67,-4,65,-4,63,4,63,6,61,-2,59,8,59,0,61,4,63,8,61,8,57,12,59,0,61,8,59,6,57,10,59,16,59,16,61,14,52,21,59,25,57,25,54,21,54,29,46,33,44,31,44,33,44,35,44,33,42,38,35,40,33,40,31,38,21,38,23,35,16,42,16,35,16,42,10,40,8,40,6,35,-2,38,0,0,0,0,0,0,0,0,0,0]"""
1782173634503,2026-06-23T09:13:54.503,warning,breathing,lmh,lying_fast_breath,t001,"CSI_DATA,17579,1a:00:00:00:00:00,-62,11,-98,16,45,11,120340525,47,2,256,0,""[0,0,0,0,0,0,0,0,0,0,0,0,-8,-40,-8,-40,-6,-44,-6,-46,-4,-48,0,-48,-4,-48,0,-50,-2,-57,0,-59,0,-59,-2,-61,-6,-67,-4,-67,4,-67,2,-69,-4,-71,2,-71,4,-69,4,-78,2,-78,6,-76,6,-73,0,-76,2,-82,0,-76,4,-76,2,-78,0,-78,-6,-78,-4,-71,-6,-82,-12,-82,-10,-76,-12,-80,-16,-73,-16,-67,-21,-71,-21,-76,-27,-76,-25,-73,-29,-71,-27,-71,-38,-76,-29,-71,-35,-69,-35,-73,-38,-67,-42,-73,-44,-80,-44,-73,-44,-71,-38,-78,-38,-76,-52,-76,-48,-76,-48,-76,0,0,0,0,0,0,-76,44,-73,44,-69,52,-65,42,-65,44,-63,38,-61,46,-67,48,-59,44,-57,38,-50,40,-50,40,-50,44,-52,44,-48,42,-40,42,-46,50,-44,48,-42,42,-38,46,-33,48,-42,44,-35,46,-35,48,-35,48,-33,48,-35,46,-27,54,-33,52,-27,52,-31,46,-31,50,-33,54,-29,54,-29,48,-38,52,-33,52,-33,50,-35,52,-35,40,-33,42,-35,44,-38,44,-33,44,-35,42,-33,42,-35,33,-29,38,-33,29,-31,25,-35,25,-33,25,-29,27,-33,23,-31,25,-31,14,-38,10,0,0,0,0,0,0,0,0,0,0]"""
1782173634513,2026-06-23T09:13:54.513,warning,breathing,lmh,lying_fast_breath,t001,"CSI_DATA,17580,1a:00:00:00:00:00,-62,11,-98,15,45,11,120351525,47,2,256,0,""[0,0,0,0,0,0,0,0,0,0,0,0,-32,-26,-30,-28,-30,-32,-32,-34,-30,-34,-32,-34,-34,-36,-34,-34,-41,-39,-39,-43,-43,-45,-45,-41,-52,-43,-50,-45,-47,-50,-50,-45,-58,-43,-56,-47,-52,-43,-58,-47,-58,-47,-58,-47,-63,-43,-65,-43,-67,-45,-67,-36,-65,-39,-73,-41,-65,-39,-71,-32,-65,-30,-76,-32,-73,-26,-73,-21,-80,-19,-80,-13,-71,-10,-78,-4,-78,-6,-78,2,-78,2,-76,13,-82,10,-82,15,-78,15,-73,21,-78,26,-73,28,-78,28,-80,30,-78,36,-78,41,-84,39,-80,36,-80,43,-78,45,-71,43,0,0,0,0,0,0,43,76,47,69,56,63,50,65,54,54,50,58,50,56,52,58,47,50,50,50,54,39,50,41,58,36,52,39,54,36,58,26,58,28,56,28,54,30,58,21,65,13,60,19,56,13,56,13,58,15,58,10,56,8,60,2,58,6,60,-6,58,2,60,0,63,0,60,-2,58,-4,63,2,58,2,58,0,63,-2,58,-4,54,-6,58,-4,58,-2,54,-4,54,-2,52,-4,52,-4,50,-4,47,-2,43,-4,43,0,39,0,43,2,41,6,41,2,39,2,36,8,0,0,0,0,0,0,0,0,0,0]"""
1782173634526,2026-06-23T09:13:54.526,warning,breathing,lmh,lying_fast_breath,t001,"CSI_DATA,17581,1a:00:00:00:00:00,-62,11,-98,16,45,11,120362945,47,2,256,0,""[0,0,0,0,0,0,0,0,0,0,0,0,-38,-2,-35,-2,-44,-8,-48,-10,-48,-12,-44,-14,-46,-14,-48,-19,-52,-19,-54,-23,-57,-23,-59,-19,-63,-27,-63,-27,-59,-35,-61,-31,-63,-29,-65,-38,-61,-40,-57,-44,-57,-46,-65,-42,-63,-42,-65,-42,-67,-46,-65,-38,-61,-44,-65,-46,-63,-46,-65,-38,-61,-42,-69,-44,-67,-44,-65,-42,-69,-40,-65,-33,-61,-29,-69,-27,-69,-33,-73,-27,-71,-31,-73,-23,-71,-27,-82,-25,-71,-25,-73,-25,-71,-25,-73,-23,-78,-27,-84,-29,-80,-27,-82,-23,-82,-27,-80,-29,-88,-27,-84,-25,-84,-29,0,0,0,0,0,0,-38,80,-35,73,-29,78,-25,73,-29,73,-29,65,-29,69,-31,76,-31,65,-27,63,-25,63,-21,57,-23,65,-25,63,-21,63,-16,54,-19,63,-21,61,-23,59,-14,57,-12,59,-16,59,-19,57,-12,61,-19,59,-19,59,-16,54,-6,59,-16,61,-8,61,-12,54,-12,59,-16,61,-10,61,-14,52,-23,59,-21,59,-21,57,-23,59,-23,48,-19,48,-25,50,-27,54,-25,50,-29,48,-21,46,-27,40,-27,44,-29,33,-27,31,-29,29,-27,29,-29,25,-33,27,-33,23,-29,21,-33,16,0,0,0,0,0,0,0,0,0,0]"""
1782173634538,2026-06-23T09:13:54.538,warning,breathing,lmh,lying_fast_breath,t001,"CSI_DATA,17582,1a:00:00:00:00:00,-62,11,-98,16,45,11,120373991,47,2,256,0,""[0,0,0,0,0,0,0,0,0,0,0,0,-40,-8,-40,-10,-46,-12,-44,-16,-44,-21,-40,-21,-46,-21,-44,-25,-52,-27,-52,-31,-52,-33,-50,-33,-59,-35,-54,-42,-46,-44,-50,-48,-54,-44,-54,-50,-48,-50,-50,-50,-48,-52,-54,-57,-50,-59,-50,-61,-52,-65,-48,-54,-44,-63,-46,-61,-46,-63,-50,-57,-44,-57,-50,-61,-50,-61,-48,-57,-54,-59,-54,-54,-50,-52,-52,-52,-52,-61,-59,-57,-54,-59,-59,-52,-50,-59,-65,-57,-50,-48,-61,-50,-54,-54,-59,-50,-61,-59,-59,-63,-63,-59,-63,-59,-59,-65,-57,-65,-61,-65,-61,-63,-61,-63,0,0,0,0,0,0,-71,57,-73,46,-63,52,-61,46,-63,48,-61,40,-61,44,-67,42,-61,42,-57,33,-52,38,-52,33,-54,42,-57,40,-52,33,-48,35,-52,42,-52,40,-50,33,-52,38,-44,38,-52,33,-42,31,-46,33,-52,33,-52,35,-48,31,-46,40,-54,35,-46,35,-52,29,-52,31,-57,31,-50,33,-48,27,-54,23,-57,29,-54,25,-57,25,-52,16,-52,16,-52,14,-59,16,-54,14,-54,8,-50,8,-46,2,-50,8,-44,0,-42,2,-42,-6,-40,-2,-42,-8,-44,-8,-40,-10,-33,-12,-29,-14,0,0,0,0,0,0,0,0,0,0]"""
1782173634548,2026-06-23T09:13:54.548,warning,breathing,lmh,lying_fast_breath,t001,"CSI_DATA,17583,1a:00:00:00:00:00,-62,11,-98,15,45,11,120384525,47,2,256,0,""[0,0,0,0,0,0,0,0,0,0,0,0,39,-13,41,-10,41,-10,45,-13,45,-10,50,-10,50,-13,54,-6,56,-15,56,-13,63,-15,60,-19,63,-21,65,-21,67,-15,67,-19,67,-30,73,-26,65,-23,69,-21,73,-21,69,-32,71,-28,69,-34,73,-36,65,-41,69,-32,71,-39,63,-43,60,-50,58,-43,65,-54,56,-54,56,-52,52,-60,50,-58,45,-54,45,-67,43,-63,34,-69,34,-69,28,-71,30,-76,23,-78,23,-73,17,-76,19,-80,15,-80,8,-80,8,-87,4,-87,4,-87,6,-91,8,-87,-6,-91,-6,-89,-6,-87,0,0,0,0,0,0,-87,6,-80,8,-82,21,-78,13,-73,17,-73,15,-69,23,-76,26,-65,23,-65,21,-63,26,-60,26,-58,36,-56,32,-58,32,-50,34,-54,41,-45,39,-47,39,-45,41,-41,52,-45,43,-32,45,-34,47,-36,45,-32,50,-36,47,-23,56,-30,52,-23,54,-28,52,-30,58,-23,56,-19,56,-21,54,-26,60,-21,56,-17,56,-21,54,-26,54,-19,52,-21,54,-21,54,-17,52,-17,50,-15,47,-17,47,-19,50,-21,45,-17,43,-17,43,-17,36,-17,36,-19,36,-17,32,-15,30,-23,30,0,0,0,0,0,0,0,0,0,0]"""
1782173634559,2026-06-23T09:13:54.559,warning,breathing,lmh,lying_fast_breath,t001,"CSI_DATA,17584,1a:00:00:00:00:00,-62,11,-98,17,45,11,120395525,47,2,256,0,""[0,0,0,0,0,0,0,0,0,0,0,0,-16,-32,-18,-36,-18,-41,-18,-47,-14,-45,-12,-47,-14,-47,-14,-49,-20,-53,-18,-57,-20,-59,-22,-57,-26,-63,-24,-61,-18,-65,-20,-65,-28,-65,-22,-71,-22,-69,-24,-67,-22,-67,-26,-75,-28,-69,-34,-71,-28,-78,-34,-67,-30,-69,-34,-69,-32,-69,-41,-65,-39,-59,-45,-69,-47,-65,-45,-63,-51,-61,-53,-53,-51,-49,-59,-49,-57,-51,-65,-47,-63,-47,-69,-34,-65,-39,-75,-36,-69,-34,-71,-30,-75,-34,-71,-26,-73,-32,-82,-34,-84,-26,-84,-22,-82,-30,-78,-28,-86,-20,-88,-22,-90,-16,0,0,0,0,0,0,-22,84,-20,82,-8,84,-10,78,-8,73,-12,71,-6,78,-8,80,-4,71,-2,69,2,67,4,63,8,69,6,69,8,65,14,61,14,65,16,63,12,61,18,59,26,55,18,59,24,55,22,55,22,55,22,53,26,49,30,51,28,57,32,49,28,47,30,53,34,51,36,51,32,45,32,57,34,55,34,51,34,53,30,49,30,45,30,47,32,53,30,47,28,47,30,43,24,43,28,43,20,41,20,39,16,36,16,36,14,39,16,36,14,39,12,28,10,32,0,0,0,0,0,0,0,0,0,0]"""
1782173634569,2026-06-23T09:13:54.569,warning,breathing,lmh,lying_fast_breath,t001,"CSI_DATA,17585,1a:00:00:00:00:00,-62,11,-98,15,45,11,120406525,47,2,256,0,""[0,0,0,0,0,0,0,0,0,0,0,0,-30,30,-32,26,-32,28,-36,28,-36,26,-41,26,-43,32,-43,28,-47,32,-47,28,-54,30,-54,34,-56,36,-54,36,-58,28,-60,36,-63,43,-65,36,-58,32,-65,32,-69,34,-65,39,-69,36,-67,41,-69,39,-63,47,-67,39,-67,39,-63,41,-58,47,-60,45,-67,52,-60,50,-58,52,-58,54,-54,56,-50,52,-50,60,-52,56,-45,60,-43,60,-36,69,-45,67,-39,73,-43,69,-34,71,-39,73,-34,73,-32,73,-36,80,-34,78,-34,82,-43,82,-39,82,-32,87,-28,82,-28,82,0,0,0,0,0,0,80,30,80,32,78,23,76,26,73,23,73,26,71,19,76,21,69,17,69,21,67,17,65,15,71,10,65,10,67,10,63,4,67,6,60,4,58,6,60,0,65,-8,65,4,56,-6,58,-4,60,-2,60,-4,63,-4,58,-10,60,-8,60,-13,60,-8,63,-8,58,-10,56,-13,58,-10,63,-6,60,-8,56,-8,60,-10,58,-4,56,-8,60,-4,58,-4,54,-4,52,2,54,-6,50,0,50,-4,47,4,45,0,45,8,43,4,41,4,39,8,41,8,36,8,34,10,0,0,0,0,0,0,0,0,0,0]"""
1782173634579,2026-06-23T09:13:54.579,warning,breathing,lmh,lying_fast_breath,t001,"CSI_DATA,17586,1a:00:00:00:00:00,-62,11,-98,16,45,11,120417525,47,2,256,0,""[0,0,0,0,0,0,0,0,0,0,0,0,35,16,35,19,38,23,42,29,40,27,38,29,40,31,38,33,46,35,44,38,46,40,46,35,52,44,52,42,44,50,48,48,50,48,48,54,50,52,46,52,44,57,54,54,48,57,54,57,54,65,54,50,50,61,52,57,52,61,57,57,48,52,57,57,59,52,54,50,61,52,59,48,57,42,63,42,65,46,67,44,67,44,67,35,65,40,76,40,65,35,69,33,71,35,71,29,73,33,78,38,78,33,78,29,78,35,78,40,86,35,84,33,82,35,0,0,0,0,0,0,42,-76,44,-78,31,-78,31,-67,29,-69,33,-65,31,-67,35,-73,29,-65,29,-61,23,-61,23,-59,21,-63,23,-63,21,-59,14,-59,19,-67,14,-63,21,-57,14,-54,8,-57,14,-59,12,-57,12,-57,16,-61,12,-61,12,-54,6,-63,12,-65,6,-57,8,-52,10,-59,10,-61,6,-63,8,-54,19,-63,12,-63,12,-59,16,-61,16,-50,14,-52,16,-52,19,-54,16,-52,23,-48,16,-48,23,-44,21,-46,25,-38,21,-38,25,-35,23,-33,25,-35,25,-31,27,-31,29,-23,25,-19,0,0,0,0,0,0,0,0,0,0]"""
1782173634592,2026-06-23T09:13:54.592,warning,breathing,lmh,lying_fast_breath,t001,"CSI_DATA,17587,1a:00:00:00:00:00,-62,11,-98,15,45,11,120428525,47,2,256,0,""[0,0,0,0,0,0,0,0,0,0,0,0,15,-39,19,-36,23,-41,23,-39,26,-36,26,-39,28,-41,32,-43,36,-47,36,-45,41,-47,36,-50,43,-47,47,-50,52,-45,54,-47,52,-52,58,-45,54,-43,54,-36,63,-41,63,-45,63,-45,60,-45,65,-45,58,-50,67,-43,67,-45,69,-41,60,-45,63,-41,65,-41,58,-47,56,-43,60,-52,58,-54,54,-50,54,-54,56,-50,54,-58,58,-54,54,-60,56,-54,56,-63,56,-54,52,-56,56,-58,50,-65,54,-60,63,-65,54,-60,58,-65,67,-65,60,-58,60,-65,58,-65,58,-63,0,0,0,0,0,0,-56,-69,-56,-67,-58,-54,-54,-60,-54,-60,-45,-58,-47,-54,-47,-58,-43,-54,-41,-56,-45,-50,-41,-47,-47,-54,-43,-50,-43,-50,-47,-43,-47,-45,-43,-45,-39,-45,-45,-43,-47,-41,-43,-45,-39,-34,-39,-39,-41,-43,-43,-43,-43,-43,-45,-34,-41,-43,-45,-36,-43,-43,-45,-43,-41,-45,-43,-43,-39,-43,-36,-47,-36,-47,-36,-43,-34,-47,-34,-50,-32,-47,-32,-50,-30,-52,-26,-47,-21,-47,-26,-47,-19,-47,-17,-45,-10,-45,-15,-43,-8,-43,-8,-36,-4,-39,-2,-41,0,-36,-2,-39,4,-36,0,0,0,0,0,0,0,0,0,0]"""
1782173634603,2026-06-23T09:13:54.603,warning,breathing,lmh,lying_fast_breath,t001,"CSI_DATA,17588,1a:00:00:00:00:00,-62,11,-98,17,45,11,120439525,47,2,256,0,""[0,0,0,0,0,0,0,0,0,0,0,0,-10,-41,-8,-39,-8,-43,-4,-47,-6,-47,-2,-47,-4,-47,0,-49,-4,-57,-4,-59,-6,-59,-6,-57,-8,-65,-6,-67,0,-69,0,-67,-8,-71,0,-71,-4,-75,4,-71,4,-73,-4,-78,-2,-73,-6,-80,-6,-84,-10,-73,-4,-75,-6,-80,-6,-78,-12,-73,-8,-71,-16,-82,-16,-78,-16,-75,-24,-78,-24,-71,-22,-65,-32,-69,-30,-73,-39,-67,-36,-71,-43,-65,-36,-67,-51,-69,-43,-63,-47,-63,-47,-65,-49,-59,-51,-63,-55,-69,-57,-67,-59,-61,-57,-65,-55,-69,-65,-65,-65,-63,-63,-63,0,0,0,0,0,0,-67,61,-61,61,-55,65,-55,53,-51,57,-49,53,-49,57,-51,61,-47,57,-45,53,-41,53,-39,51,-34,57,-36,59,-36,55,-26,53,-28,63,-24,59,-28,57,-22,53,-18,57,-24,55,-16,55,-18,57,-20,57,-20,59,-18,55,-10,61,-16,63,-10,59,-12,57,-14,59,-14,61,-10,63,-12,55,-16,65,-14,61,-14,61,-14,63,-18,53,-14,53,-16,53,-14,57,-12,55,-16,53,-12,47,-18,43,-16,51,-18,43,-18,41,-22,39,-20,34,-22,36,-18,34,-20,34,-18,30,-28,28,0,0,0,0,0,0,0,0,0,0]"""
1782173634612,2026-06-23T09:13:54.612,warning,breathing,lmh,lying_fast_breath,t001,"CSI_DATA,17589,1a:00:00:00:00:00,-62,11,-98,15,45,11,120450525,47,2,256,0,""[0,0,0,0,0,0,0,0,0,0,0,0,21,36,19,39,17,43,10,50,10,45,10,50,8,50,4,52,6,58,0,56,2,60,0,63,-2,65,-6,67,-15,67,-10,71,-10,73,-17,73,-21,67,-21,67,-28,60,-30,73,-28,69,-30,71,-41,71,-28,69,-39,67,-41,69,-41,63,-39,69,-39,60,-41,69,-43,65,-43,60,-41,69,-41,67,-41,60,-39,71,-41,63,-34,67,-45,69,-34,73,-43,71,-43,71,-45,67,-39,67,-45,69,-43,69,-47,65,-52,69,-50,67,-52,69,-63,69,-60,60,-60,67,-63,69,-60,63,0,0,0,0,0,0,50,71,47,69,52,65,47,69,45,63,43,65,36,65,34,69,32,60,34,65,34,60,28,58,34,58,26,60,28,58,30,56,28,60,28,56,19,56,26,54,34,56,23,60,21,54,19,56,15,60,19,56,21,56,21,54,19,60,23,54,15,58,15,63,6,60,15,58,8,56,0,67,2,60,0,58,-2,60,-4,60,-2,56,-6,60,-13,56,-10,52,-19,50,-15,50,-17,45,-21,45,-23,41,-23,41,-23,36,-26,36,-28,30,-26,23,-30,23,-28,23,-34,17,0,0,0,0,0,0,0,0,0,0]"""
1782173634623,2026-06-23T09:13:54.623,warning,breathing,lmh,lying_fast_breath,t001,"CSI_DATA,17590,1a:00:00:00:00:00,-62,11,-98,18,45,11,120462059,47,2,256,0,""[0,0,0,0,0,0,0,0,0,0,0,0,35,-19,35,-19,37,-19,41,-21,43,-23,41,-19,41,-23,45,-21,49,-29,51,-29,51,-29,53,-29,51,-35,57,-41,59,-33,59,-37,57,-43,61,-41,53,-39,61,-43,59,-45,57,-49,57,-47,57,-53,59,-53,47,-57,55,-53,55,-57,51,-57,43,-61,43,-55,41,-67,39,-67,37,-65,33,-71,29,-73,25,-69,19,-69,17,-75,9,-81,13,-81,1,-79,3,-77,-1,-85,3,-75,-7,-75,-5,-77,-13,-75,-19,-83,-17,-87,-23,-81,-23,-79,-19,-87,-19,-83,-33,-89,-37,-85,-35,-79,0,0,0,0,0,0,-83,37,-77,43,-69,45,-65,39,-67,41,-61,39,-61,47,-57,49,-55,47,-51,43,-47,41,-43,43,-41,51,-43,57,-39,47,-33,47,-33,61,-27,57,-29,57,-23,55,-17,59,-23,59,-15,53,-13,57,-13,57,-11,61,-11,57,-3,63,-5,65,0,59,-7,57,-1,61,0,63,3,61,0,57,1,65,1,61,5,59,3,63,1,59,3,53,1,57,3,57,5,57,1,53,3,53,3,49,9,51,1,45,1,43,1,47,0,41,-1,41,0,37,1,39,-1,37,-7,39,0,0,0,0,0,0,0,0,0,0]"""
1782173634635,2026-06-23T09:13:54.635,warning,breathing,lmh,lying_fast_breath,t001,"CSI_DATA,17591,1a:00:00:00:00:00,-62,11,-98,16,45,11,120472524,47,2,256,0,""[0,0,0,0,0,0,0,0,0,0,0,0,40,-2,42,-4,42,0,48,4,44,2,48,4,52,2,50,4,57,2,57,8,63,4,63,2,65,4,67,4,67,14,67,4,73,4,73,10,71,8,73,12,73,16,73,8,76,6,78,6,84,10,76,-2,73,4,80,2,76,0,78,-4,71,-2,82,-2,76,-4,73,-6,76,-10,73,-19,71,-14,73,-25,73,-21,71,-25,76,-25,65,-38,73,-33,73,-40,69,-35,71,-42,69,-42,65,-44,67,-42,71,-46,71,-48,69,-50,73,-50,73,-46,71,-57,69,-54,71,-54,0,0,0,0,0,0,-50,-69,-52,-65,-54,-61,-48,-59,-52,-57,-52,-54,-50,-50,-52,-57,-52,-50,-50,-50,-54,-44,-50,-42,-57,-42,-50,-40,-52,-40,-52,-31,-57,-33,-52,-31,-50,-33,-57,-25,-61,-25,-57,-27,-52,-21,-52,-23,-52,-23,-52,-25,-54,-19,-59,-14,-59,-21,-59,-10,-54,-14,-61,-16,-54,-19,-59,-14,-57,-12,-63,-23,-57,-19,-54,-19,-59,-16,-54,-14,-52,-12,-57,-16,-54,-21,-52,-16,-48,-21,-52,-14,-48,-19,-48,-16,-44,-23,-40,-16,-40,-23,-42,-21,-35,-21,-33,-25,-31,-21,-31,-21,-29,-25,0,0,0,0,0,0,0,0,0,0]"""
1782173634646,2026-06-23T09:13:54.646,warning,breathing,lmh,lying_fast_breath,t001,"CSI_DATA,17592,1a:00:00:00:00:00,-62,11,-98,16,45,11,120483524,47,2,256,0,""[0,0,0,0,0,0,0,0,0,0,0,0,-14,-38,-12,-38,-12,-42,-10,-46,-10,-46,-6,-46,-4,-46,-4,-52,-6,-59,-6,-57,-4,-59,-6,-59,-8,-65,-6,-65,0,-67,-4,-67,-6,-71,2,-76,0,-71,2,-69,8,-71,-4,-76,4,-73,0,-78,2,-82,-4,-76,2,-76,0,-80,-2,-78,-10,-78,0,-69,-8,-80,-8,-76,-8,-73,-10,-80,-14,-76,-12,-67,-19,-73,-19,-76,-29,-73,-25,-76,-31,-71,-27,-71,-35,-76,-27,-69,-31,-67,-31,-73,-35,-69,-38,-71,-40,-78,-42,-76,-40,-71,-40,-80,-31,-78,-50,-80,-50,-80,-46,-71,0,0,0,0,0,0,-80,40,-76,38,-71,46,-69,35,-63,38,-67,31,-63,40,-71,42,-61,35,-63,31,-57,33,-54,33,-57,40,-57,40,-52,33,-48,35,-50,46,-46,42,-50,38,-44,40,-42,48,-44,40,-38,42,-42,40,-42,42,-42,44,-44,40,-35,48,-44,48,-35,46,-42,42,-44,48,-38,46,-33,52,-40,40,-46,46,-42,44,-42,42,-44,44,-44,38,-40,40,-42,35,-46,38,-42,40,-44,33,-40,33,-42,29,-40,33,-38,23,-38,23,-42,21,-35,16,-35,19,-38,16,-38,14,-35,10,-35,6,0,0,0,0,0,0,0,0,0,0]"""
1782173634656,2026-06-23T09:13:54.656,warning,breathing,lmh,lying_fast_breath,t001,"CSI_DATA,17593,1a:00:00:00:00:00,-62,11,-98,15,45,11,120494558,47,2,256,0,""[0,0,0,0,0,0,0,0,0,0,0,0,36,19,34,19,36,23,45,28,36,28,41,26,43,28,43,30,50,32,45,32,52,32,56,30,58,32,58,32,56,39,58,34,69,32,65,34,60,36,60,36,58,36,69,34,67,32,73,30,78,32,73,21,71,26,78,26,73,26,80,19,71,17,82,17,76,13,73,10,82,4,80,0,71,-2,80,-8,78,-4,76,-13,80,-15,73,-23,78,-23,78,-26,78,-23,73,-32,76,-32,73,-36,73,-36,76,-39,73,-45,69,-45,78,-45,78,-47,76,-54,71,-54,67,-52,0,0,0,0,0,0,-54,-69,-52,-67,-56,-58,-60,-56,-58,-54,-54,-56,-52,-47,-56,-56,-52,-43,-54,-43,-56,-36,-52,-34,-63,-34,-56,-34,-60,-32,-60,-23,-60,-23,-58,-23,-56,-23,-56,-15,-63,-10,-63,-13,-54,-10,-56,-13,-56,-13,-60,-8,-58,-4,-63,2,-60,-8,-58,4,-58,2,-63,2,-56,0,-60,4,-60,4,-63,0,-63,0,-56,4,-65,2,-56,4,-56,8,-60,8,-56,2,-56,6,-54,2,-52,8,-54,2,-52,4,-50,2,-45,0,-45,2,-43,2,-36,0,-39,-4,-39,-2,-36,-4,-36,-6,0,0,0,0,0,0,0,0,0,0]"""
1782173634668,2026-06-23T09:13:54.668,warning,breathing,lmh,lying_fast_breath,t001,"CSI_DATA,17594,1a:00:00:00:00:00,-61,11,-98,19,45,11,120505524,47,2,256,0,""[0,0,0,0,0,0,0,0,0,0,0,0,-38,5,-40,5,-44,5,-48,7,-48,5,-48,3,-48,7,-52,5,-56,13,-58,13,-58,15,-60,15,-63,25,-63,23,-63,19,-67,25,-63,32,-69,29,-62,29,-65,34,-63,36,-67,36,-65,40,-62,46,-65,46,-58,44,-62,50,-56,52,-54,56,-44,60,-44,56,-48,63,-40,65,-38,65,-36,73,-27,71,-31,69,-17,77,-9,65,-3,85,-11,69,-5,93,13,69,3,50,-32,60,3,75,25,147,-13,52,0,91,-3,133,19,69,31,-1,-25,104,58,124,31,141,120,67,102,44,0,0,0,0,0,0,122,-106,85,-100,-15,-56,104,-40,85,-96,-21,-87,62,-52,-3,-56,23,-36,36,-79,73,-38,23,-77,23,-93,46,-46,9,-54,25,-62,13,-65,0,-69,11,-65,-1,-56,-11,-62,-13,-62,-19,-52,-15,-60,-15,-56,-21,-60,-21,-56,-31,-52,-29,-58,-34,-52,-29,-54,-34,-52,-36,-52,-40,-46,-34,-46,-36,-48,-40,-46,-40,-42,-48,-46,-36,-44,-40,-36,-40,-38,-40,-42,-42,-34,-40,-36,-44,-34,-32,-31,-44,-31,-31,-31,-32,-27,-34,-32,-34,-29,-32,-23,-32,-31,-29,-25,-27,-25,-27,-27,0,0,0,0,0,0,0,0,0,0]"""
1782173634680,2026-06-23T09:13:54.680,warning,breathing,lmh,lying_fast_breath,t001,"CSI_DATA,17595,1a:00:00:00:00:00,-62,11,-98,15,45,11,120518705,47,2,256,0,""[0,0,0,0,0,0,0,0,0,0,0,0,-36,17,-36,13,-41,10,-45,10,-45,10,-50,10,-52,15,-50,13,-56,15,-56,13,-63,13,-60,15,-63,17,-65,13,-65,6,-71,8,-73,17,-76,8,-71,6,-69,4,-71,4,-76,8,-76,10,-78,15,-80,13,-76,21,-76,13,-80,15,-73,10,-76,19,-69,19,-80,23,-73,26,-71,21,-69,28,-71,34,-67,32,-71,36,-67,36,-63,41,-65,41,-63,52,-65,47,-63,54,-60,47,-60,52,-60,54,-54,54,-56,54,-63,56,-58,60,-58,60,-67,65,-65,60,-63,69,-56,67,-58,65,0,0,0,0,0,0,58,65,56,58,67,52,58,54,58,47,58,54,56,45,58,50,50,47,56,45,52,41,54,36,60,36,54,32,58,34,54,28,58,28,54,28,52,26,58,26,60,17,58,26,52,19,54,21,54,21,54,19,56,17,56,8,60,17,60,8,58,15,60,15,56,17,58,13,56,13,60,19,58,19,56,17,58,17,56,21,54,17,58,15,56,21,52,19,50,19,52,17,50,21,43,23,45,23,41,19,39,21,36,19,30,19,34,28,32,21,28,21,26,21,0,0,0,0,0,0,0,0,0,0]"""
1782173634692,2026-06-23T09:13:54.692,warning,breathing,lmh,lying_fast_breath,t001,"CSI_DATA,17596,1a:00:00:00:00:00,-62,11,-98,17,45,11,120527524,47,2,256,0,""[0,0,0,0,0,0,0,0,0,0,0,0,-24,-32,-18,-32,-22,-39,-24,-39,-20,-45,-16,-43,-18,-45,-14,-51,-18,-55,-20,-55,-18,-57,-16,-57,-20,-61,-18,-65,-12,-63,-12,-69,-16,-67,-8,-75,-10,-67,-12,-69,-10,-69,-12,-78,-6,-73,-12,-75,-8,-82,-12,-75,-6,-75,-6,-75,-6,-80,-14,-78,-10,-71,-12,-80,-14,-78,-12,-73,-18,-78,-16,-73,-18,-67,-22,-71,-22,-73,-28,-71,-26,-73,-32,-69,-24,-69,-39,-73,-26,-69,-34,-69,-30,-73,-32,-65,-36,-71,-34,-82,-41,-78,-36,-73,-32,-75,-32,-84,-39,-82,-43,-80,-36,-80,0,0,0,0,0,0,-86,30,-84,28,-71,39,-69,26,-73,26,-67,22,-73,30,-71,30,-67,30,-63,20,-61,24,-57,22,-61,26,-63,28,-59,24,-53,26,-59,34,-55,30,-51,24,-53,28,-45,34,-57,30,-45,30,-49,30,-49,30,-53,30,-49,28,-49,36,-53,36,-45,34,-49,30,-53,30,-51,30,-53,32,-49,28,-55,28,-57,28,-53,26,-57,26,-55,20,-49,22,-53,18,-55,20,-51,18,-49,16,-49,14,-47,8,-53,16,-41,6,-43,6,-45,-2,-41,0,-41,2,-45,-2,-34,-6,-34,-8,-32,-12,0,0,0,0,0,0,0,0,0,0]"""
1782173634701,2026-06-23T09:13:54.701,warning,breathing,lmh,lying_fast_breath,t001,"CSI_DATA,17597,1a:00:00:00:00:00,-62,11,-98,15,45,11,120538524,47,2,256,0,""[0,0,0,0,0,0,0,0,0,0,0,0,-10,36,-13,39,-17,39,-23,45,-23,43,-26,43,-23,45,-28,43,-32,47,-32,47,-39,50,-34,50,-36,56,-41,54,-50,47,-50,50,-47,56,-56,47,-52,45,-56,50,-58,45,-60,47,-60,47,-60,50,-65,47,-56,52,-63,43,-65,45,-65,39,-63,45,-60,43,-67,45,-63,45,-60,39,-60,47,-60,52,-56,50,-56,54,-58,47,-54,54,-56,47,-54,56,-58,52,-58,56,-60,56,-54,56,-60,56,-52,58,-56,54,-63,58,-63,58,-58,60,-67,58,-71,54,-67,63,-67,58,-67,56,0,0,0,0,0,0,47,71,45,69,50,65,43,67,43,63,39,65,39,63,41,67,34,58,36,58,36,58,32,56,41,58,34,54,34,56,36,50,36,56,34,47,28,50,32,52,39,47,34,54,32,45,30,50,30,50,30,52,36,50,34,47,32,54,39,45,30,50,32,52,26,54,28,50,28,52,26,58,23,54,23,52,21,56,17,54,17,54,17,56,10,54,10,54,8,54,8,52,6,50,2,50,2,47,0,43,-2,45,0,41,-8,39,-10,36,-13,30,-10,34,-15,32,0,0,0,0,0,0,0,0,0,0]"""
1782173634712,2026-06-23T09:13:54.712,warning,breathing,lmh,lying_fast_breath,t001,"CSI_DATA,17598,1a:00:00:00:00:00,-62,11,-98,21,44,11,120549524,47,2,256,0,""[0,0,0,0,0,0,0,0,0,0,0,0,22,34,20,36,20,36,22,41,18,41,22,41,24,43,18,47,28,49,22,57,22,57,22,57,24,59,28,59,20,65,26,63,34,67,24,69,22,65,26,71,28,63,26,71,24,67,30,69,28,78,32,65,26,71,30,73,34,71,36,69,32,63,39,69,34,67,39,61,43,67,49,65,41,57,49,57,47,57,57,59,55,59,59,47,57,49,61,53,55,51,59,45,57,49,65,51,63,47,71,51,69,55,75,47,73,55,67,55,78,47,80,51,73,47,0,0,0,0,0,0,53,-71,55,-69,45,-73,41,-65,43,-69,36,-63,34,-57,43,-67,36,-59,34,-61,32,-53,30,-57,24,-67,26,-61,22,-59,22,-59,18,-63,18,-59,22,-53,18,-57,12,-61,18,-57,10,-57,16,-59,14,-57,14,-63,10,-55,4,-59,12,-63,2,-59,8,-59,12,-59,6,-61,8,-61,6,-55,14,-61,12,-59,8,-59,12,-59,10,-59,10,-51,10,-53,12,-59,12,-57,16,-49,8,-47,18,-47,18,-53,18,-45,16,-39,20,-41,16,-36,20,-36,22,-34,22,-36,18,-28,24,-28,0,0,0,0,0,0,0,0,0,0]"""
1782173634724,2026-06-23T09:13:54.724,warning,breathing,lmh,lying_fast_breath,t001,"CSI_DATA,17599,1a:00:00:00:00:00,-62,11,-98,21,44,11,120562013,47,2,256,0,""[0,0,0,0,0,0,0,0,0,0,0,0,-39,12,-36,10,-41,10,-45,8,-45,8,-45,8,-47,6,-49,8,-57,12,-59,8,-61,8,-57,8,-63,16,-61,14,-65,8,-69,12,-67,20,-73,10,-69,16,-67,14,-65,10,-80,20,-73,18,-78,22,-78,20,-67,26,-73,24,-71,26,-71,26,-69,32,-65,28,-69,36,-69,36,-65,41,-65,45,-61,45,-57,45,-53,51,-53,53,-47,61,-51,59,-47,65,-45,63,-41,69,-41,61,-45,67,-41,69,-36,75,-34,73,-34,84,-28,80,-26,82,-34,80,-39,78,-30,82,-24,84,-28,86,0,0,0,0,0,0,86,24,86,28,78,20,75,18,80,16,71,22,78,8,75,10,73,10,65,8,67,6,61,6,65,-4,67,-4,65,-4,63,-6,63,-16,63,-14,61,-8,63,-14,57,-24,63,-14,51,-22,51,-18,57,-16,55,-22,59,-24,51,-28,57,-30,51,-32,51,-30,55,-28,51,-28,45,-32,49,-28,51,-32,55,-34,51,-32,53,-30,53,-28,51,-28,49,-32,53,-30,47,-26,47,-24,45,-28,45,-26,45,-26,39,-20,39,-20,41,-18,39,-18,36,-18,39,-14,34,-14,30,-14,36,-12,0,0,0,0,0,0,0,0,0,0]"""
1782173634736,2026-06-23T09:13:54.736,warning,breathing,lmh,lying_fast_breath,t001,"CSI_DATA,17600,1a:00:00:00:00:00,-62,11,-98,17,45,11,120571524,47,2,256,0,""[0,0,0,0,0,0,0,0,0,0,0,0,-41,0,-39,-6,-45,-4,-47,-8,-45,-14,-45,-16,-47,-12,-47,-16,-51,-20,-55,-22,-55,-24,-55,-22,-61,-26,-61,-26,-55,-36,-61,-34,-63,-30,-59,-41,-55,-39,-55,-39,-55,-45,-63,-45,-61,-45,-59,-45,-63,-53,-59,-43,-59,-51,-57,-49,-59,-53,-63,-45,-55,-45,-59,-51,-65,-45,-59,-45,-65,-47,-65,-43,-61,-39,-65,-39,-63,-43,-73,-34,-63,-39,-69,-32,-63,-41,-75,-36,-61,-34,-67,-34,-65,-34,-67,-30,-71,-39,-75,-43,-73,-43,-71,-39,-71,-47,-71,-47,-80,-47,-78,-43,-73,-45,0,0,0,0,0,0,-57,69,-55,67,-43,67,-47,59,-47,59,-43,53,-45,61,-47,59,-47,57,-39,47,-39,51,-36,49,-41,55,-41,53,-41,49,-28,49,-36,55,-34,49,-39,45,-32,49,-30,49,-36,47,-30,45,-32,47,-39,49,-36,49,-34,49,-30,51,-36,49,-28,49,-34,43,-36,45,-43,51,-36,45,-34,39,-43,45,-43,47,-39,43,-43,45,-45,34,-41,34,-41,30,-47,32,-45,34,-43,28,-43,28,-43,18,-45,24,-39,16,-41,16,-41,10,-39,14,-41,10,-36,8,-39,2,-34,2,-34,-4,0,0,0,0,0,0,0,0,0,0]"""
1782173634745,2026-06-23T09:13:54.745,warning,breathing,lmh,lying_fast_breath,t001,"CSI_DATA,17601,1a:00:00:00:00:00,-62,11,-98,16,45,11,120582524,47,2,256,0,""[0,0,0,0,0,0,0,0,0,0,0,0,-38,19,-38,10,-40,14,-42,12,-44,12,-44,10,-48,12,-52,10,-57,16,-54,10,-61,12,-61,16,-61,16,-65,16,-65,6,-69,10,-71,19,-71,10,-63,10,-69,16,-71,14,-73,10,-76,14,-71,14,-78,16,-73,21,-78,14,-78,19,-76,16,-69,21,-71,19,-73,25,-73,25,-67,25,-69,33,-71,33,-65,31,-65,40,-65,38,-61,48,-61,38,-61,48,-65,44,-59,52,-59,44,-57,54,-63,52,-52,59,-52,54,-59,57,-57,59,-57,61,-63,61,-63,61,-54,67,-54,65,-52,65,0,0,0,0,0,0,59,57,61,54,63,46,59,54,61,50,57,50,57,48,57,44,54,40,52,42,52,38,54,35,57,35,54,31,54,33,54,29,59,27,54,25,50,29,54,25,59,19,57,27,50,14,50,19,52,19,54,19,59,19,59,8,57,12,59,10,57,16,61,14,59,14,59,12,57,10,57,16,54,14,57,14,54,14,52,19,52,14,57,19,52,23,52,16,48,21,48,16,44,21,44,14,40,21,38,16,42,25,35,16,33,21,31,23,29,23,27,23,23,25,0,0,0,0,0,0,0,0,0,0]"""
1782173634756,2026-06-23T09:13:54.756,warning,breathing,lmh,lying_fast_breath,t001,"CSI_DATA,17602,1a:00:00:00:00:00,-62,11,-98,17,45,11,120593524,47,2,256,0,""[0,0,0,0,0,0,0,0,0,0,0,0,36,20,32,24,36,26,34,30,34,32,32,32,32,32,34,36,41,41,36,43,41,43,41,41,49,49,47,51,39,53,41,53,45,51,43,57,41,57,41,65,45,67,39,63,45,57,47,61,47,67,51,53,41,61,45,63,43,65,49,63,43,57,49,65,51,63,47,57,53,59,51,55,51,51,57,47,59,53,63,47,61,51,63,41,59,47,65,47,63,43,69,43,65,45,69,36,69,43,71,47,73,45,71,41,71,47,71,47,78,49,78,45,78,41,0,0,0,0,0,0,51,-69,49,-65,45,-71,41,-65,36,-65,41,-59,41,-63,45,-63,39,-55,34,-55,32,-55,32,-55,32,-57,32,-57,26,-55,20,-53,24,-61,22,-59,30,-53,20,-49,20,-55,22,-53,18,-55,20,-55,24,-53,24,-55,20,-49,16,-55,18,-59,12,-53,14,-51,20,-55,26,-55,18,-59,18,-49,26,-57,24,-57,24,-53,26,-53,24,-45,22,-43,26,-49,28,-49,26,-49,30,-45,28,-43,30,-34,30,-41,28,-36,26,-34,30,-26,24,-30,30,-26,34,-24,30,-24,28,-22,30,-16,0,0,0,0,0,0,0,0,0,0]"""
1782173634766,2026-06-23T09:13:54.766,warning,breathing,lmh,lying_fast_breath,t001,"CSI_DATA,17603,1a:00:00:00:00:00,-62,11,-98,14,45,11,120604524,47,2,256,0,""[0,0,0,0,0,0,0,0,0,0,0,0,38,0,38,4,44,2,49,6,44,8,49,8,49,4,53,8,55,8,60,6,60,4,60,4,62,4,64,2,60,13,69,8,73,2,73,13,71,6,64,8,71,11,71,8,76,6,76,-4,76,0,76,-2,76,4,80,2,73,-4,76,-13,73,-6,78,-17,73,-11,71,-20,73,-17,71,-24,71,-26,76,-44,76,-33,69,-40,62,-35,58,-44,58,-51,91,-26,26,-40,71,-64,47,-22,15,15,67,-91,51,-13,73,-116,67,-17,73,-13,109,-44,20,-141,33,-123,-13,-31,0,0,0,0,0,0,-42,-111,-116,-44,-147,-60,-78,-102,-109,-22,-109,-24,-116,-24,-51,-47,-73,-15,-116,6,-76,-20,-49,-33,-55,11,-47,-6,-53,-15,-55,-8,-62,-8,-60,-6,-55,-6,-53,-11,-60,-4,-55,-4,-51,0,-60,0,-58,0,-58,4,-60,2,-62,11,-60,6,-60,13,-60,8,-62,11,-55,4,-60,11,-53,11,-62,6,-55,8,-55,11,-55,13,-58,6,-53,8,-55,8,-55,6,-51,11,-53,6,-47,11,-49,2,-47,13,-47,4,-47,4,-47,4,-42,2,-35,-2,-35,0,-38,0,-35,-2,-38,-8,0,0,0,0,0,0,0,0,0,0]"""
1782173634779,2026-06-23T09:13:54.779,warning,breathing,lmh,lying_fast_breath,t001,"CSI_DATA,17604,1a:00:00:00:00:00,-62,11,-98,15,45,11,120617668,47,2,256,0,""[0,0,0,0,0,0,0,0,0,0,0,0,-21,32,-28,30,-34,32,-36,32,-36,30,-36,28,-39,30,-41,26,-47,32,-47,30,-52,32,-52,32,-56,34,-58,30,-63,21,-63,28,-67,30,-71,23,-69,19,-65,15,-71,13,-76,21,-73,15,-73,19,-82,15,-73,19,-73,13,-76,13,-73,10,-73,17,-69,15,-80,15,-80,15,-76,13,-76,15,-73,17,-67,17,-73,21,-71,19,-71,26,-76,21,-73,28,-71,26,-78,28,-73,23,-71,26,-76,23,-73,23,-76,21,-84,21,-80,26,-78,26,-84,19,-82,17,-84,23,-82,19,-87,19,0,0,0,0,0,0,4,89,6,80,10,82,10,76,8,73,8,73,8,76,2,78,2,69,4,67,6,69,2,60,6,67,0,67,2,65,10,63,8,67,4,65,0,60,6,58,13,58,4,58,4,56,2,56,0,60,2,60,2,58,6,60,-2,63,8,54,2,58,2,60,-2,60,0,60,0,54,-8,60,-10,60,-8,56,-13,60,-13,52,-8,52,-13,56,-19,54,-17,54,-21,50,-17,47,-19,45,-23,45,-26,41,-21,36,-28,32,-21,30,-30,28,-32,26,-32,23,-30,23,-32,19,0,0,0,0,0,0,0,0,0,0]"""
1782173634789,2026-06-23T09:13:54.789,warning,breathing,lmh,lying_fast_breath,t001,"CSI_DATA,17605,1a:00:00:00:00:00,-62,11,-98,17,45,11,120626524,47,2,256,0,""[0,0,0,0,0,0,0,0,0,0,0,0,20,34,18,34,22,39,18,41,18,45,14,45,16,47,14,47,18,53,14,55,16,57,16,59,20,63,16,61,12,65,12,67,18,67,12,73,12,69,12,78,14,78,12,75,14,73,14,71,12,80,16,71,12,75,12,75,16,73,22,73,14,69,20,78,20,73,22,73,28,73,26,71,26,65,32,67,30,67,36,67,34,69,41,63,39,67,49,71,39,65,43,61,43,67,45,63,51,63,49,71,51,69,53,65,49,71,51,69,57,69,55,65,61,69,0,0,0,0,0,0,69,-47,71,-49,63,-53,61,-43,57,-45,57,-39,57,-47,61,-49,57,-43,53,-39,47,-41,47,-36,49,-45,51,-45,45,-45,39,-41,43,-49,41,-47,43,-41,39,-43,36,-49,39,-43,34,-47,34,-47,39,-47,36,-47,36,-43,32,-49,34,-47,30,-49,36,-43,39,-45,34,-45,32,-49,34,-45,41,-47,36,-45,34,-45,36,-45,41,-36,36,-39,39,-39,41,-39,36,-36,41,-34,36,-32,34,-30,36,-34,39,-24,34,-22,39,-20,32,-18,34,-18,39,-16,36,-14,32,-10,34,-10,0,0,0,0,0,0,0,0,0,0]"""
1782173634801,2026-06-23T09:13:54.801,warning,breathing,lmh,lying_fast_breath,t001,"CSI_DATA,17606,1a:00:00:00:00:00,-62,11,-98,21,44,11,120637663,47,2,256,0,""[0,0,0,0,0,0,0,0,0,0,0,0,-26,-30,-22,-28,-26,-32,-26,-34,-28,-39,-20,-41,-24,-41,-24,-45,-26,-49,-24,-55,-26,-53,-28,-53,-30,-55,-28,-59,-20,-61,-24,-67,-28,-63,-24,-67,-20,-57,-26,-65,-24,-69,-22,-71,-18,-69,-20,-69,-22,-78,-24,-69,-22,-73,-22,-71,-24,-73,-30,-67,-28,-67,-26,-75,-24,-71,-28,-69,-30,-73,-30,-65,-30,-67,-32,-67,-34,-65,-43,-63,-36,-67,-45,-59,-36,-65,-49,-69,-36,-55,-41,-63,-41,-63,-45,-65,-47,-61,-49,-78,-49,-69,-55,-67,-47,-71,-47,-71,-55,-75,-49,-69,-49,-71,0,0,0,0,0,0,-78,45,-69,43,-67,45,-65,39,-69,39,-63,32,-61,43,-67,41,-61,36,-53,28,-51,36,-51,32,-57,39,-57,41,-53,34,-47,39,-55,41,-51,39,-53,28,-51,39,-45,43,-51,34,-39,39,-49,36,-45,36,-47,41,-41,34,-43,39,-49,39,-39,39,-45,39,-49,36,-49,41,-45,41,-45,34,-49,36,-49,36,-45,34,-51,32,-49,28,-47,24,-47,26,-53,24,-47,26,-49,20,-47,24,-45,16,-49,18,-45,10,-41,10,-45,6,-43,4,-41,2,-43,-2,-32,-2,-32,0,-36,-6,0,0,0,0,0,0,0,0,0,0]"""
1782173634812,2026-06-23T09:13:54.812,warning,breathing,lmh,lying_fast_breath,t001,"CSI_DATA,17607,1a:00:00:00:00:00,-62,11,-98,16,45,11,120648523,47,2,256,0,""[0,0,0,0,0,0,0,0,0,0,0,0,-16,-29,-19,-35,-14,-38,-16,-44,-16,-44,-14,-44,-14,-46,-12,-46,-14,-50,-19,-52,-21,-57,-16,-54,-23,-61,-27,-59,-16,-61,-16,-63,-25,-63,-19,-65,-21,-67,-16,-73,-21,-76,-21,-73,-23,-69,-29,-71,-25,-76,-29,-65,-25,-65,-29,-69,-29,-69,-38,-69,-29,-61,-35,-71,-38,-69,-35,-61,-46,-65,-42,-59,-44,-54,-54,-57,-50,-59,-57,-54,-52,-54,-57,-50,-59,-52,-67,-50,-59,-46,-61,-42,-61,-46,-65,-40,-69,-44,-73,-46,-78,-44,-73,-38,-71,-42,-69,-46,-82,-42,-84,-40,-76,-40,0,0,0,0,0,0,-42,80,-40,76,-33,78,-29,67,-27,67,-27,67,-27,69,-31,76,-23,67,-23,61,-19,61,-16,59,-12,63,-16,61,-12,61,-6,59,-4,63,-4,65,-6,63,-4,57,2,57,-4,59,0,57,2,59,0,59,2,61,4,54,12,59,8,63,12,57,6,54,8,59,8,59,12,61,10,52,8,63,8,61,8,59,6,63,2,52,6,50,6,54,6,54,6,57,4,54,4,48,-2,46,4,52,0,44,0,42,-4,42,-2,38,-4,42,-4,40,-10,35,-6,35,-14,33,0,0,0,0,0,0,0,0,0,0]"""
1782173634820,2026-06-23T09:13:54.820,warning,breathing,lmh,lying_fast_breath,t001,"CSI_DATA,17608,1a:00:00:00:00:00,-62,11,-98,15,45,11,120659523,47,2,256,0,""[0,0,0,0,0,0,0,0,0,0,0,0,34,21,30,26,32,26,32,30,32,36,28,39,30,39,26,45,28,50,28,50,30,50,28,54,30,56,28,58,19,60,21,67,23,67,13,71,10,65,15,67,10,71,6,76,8,78,8,78,4,82,8,76,0,80,2,80,-2,78,2,76,0,73,2,76,-2,76,-2,73,0,80,-2,80,-2,73,2,76,-2,80,6,80,-2,76,2,78,-2,78,4,80,-4,73,-2,80,-8,78,-2,78,-4,80,-6,87,-4,84,-8,84,-17,87,-17,84,-10,91,-10,89,-15,87,0,0,0,0,0,0,78,30,82,28,76,19,73,32,73,32,69,34,69,30,67,30,65,32,56,36,58,32,58,32,60,34,58,32,52,32,54,30,58,28,54,28,52,32,52,32,56,28,52,34,47,28,47,30,47,34,50,34,47,36,50,32,52,36,50,34,47,34,47,41,43,43,43,36,39,41,36,43,36,47,32,45,36,50,28,52,26,47,23,50,21,52,23,50,19,50,17,47,8,50,15,45,2,45,2,45,2,43,-2,43,-4,41,-2,39,-6,34,-13,36,-15,30,0,0,0,0,0,0,0,0,0,0]"""
1782173634832,2026-06-23T09:13:54.832,warning,breathing,lmh,lying_fast_breath,t001,"CSI_DATA,17609,1a:00:00:00:00:00,-62,11,-98,15,45,11,120670892,47,2,256,0,""[0,0,0,0,0,0,0,0,0,0,0,0,30,-28,32,-21,34,-21,43,-23,43,-19,43,-17,47,-17,47,-13,52,-17,54,-13,56,-13,60,-13,65,-15,65,-10,65,0,67,-2,71,-2,69,6,69,6,71,6,69,10,73,15,71,17,76,17,80,19,71,15,71,23,73,26,73,26,73,21,67,26,76,28,73,26,69,28,73,28,69,26,65,26,71,21,76,26,76,23,73,30,73,19,71,30,78,28,71,30,69,28,73,34,73,30,76,34,80,41,82,36,76,34,73,45,69,45,78,47,78,50,73,52,0,0,0,0,0,0,63,-63,63,-60,56,-63,54,-50,58,-47,52,-45,56,-50,65,-54,58,-43,56,-36,50,-41,54,-36,54,-39,56,-34,54,-36,47,-36,52,-41,52,-34,54,-32,47,-30,52,-34,52,-28,50,-34,52,-28,54,-26,54,-28,54,-23,54,-28,58,-28,50,-26,52,-19,58,-17,60,-19,56,-19,54,-15,65,-10,60,-8,60,-10,60,-6,54,0,52,0,56,4,58,4,54,4,56,10,50,10,45,15,50,17,39,19,39,23,34,21,32,21,32,23,34,30,23,28,23,30,17,34,0,0,0,0,0,0,0,0,0,0]"""
1782173634845,2026-06-23T09:13:54.845,warning,breathing,lmh,lying_fast_breath,t001,"CSI_DATA,17610,1a:00:00:00:00:00,-62,11,-98,16,45,11,120681776,47,2,256,0,""[0,0,0,0,0,0,0,0,0,0,0,0,10,-35,12,-33,16,-42,21,-40,19,-42,21,-42,19,-42,21,-46,25,-48,23,-52,25,-52,23,-52,25,-61,25,-61,29,-59,29,-61,27,-67,33,-61,27,-63,25,-63,25,-61,31,-67,27,-65,25,-71,29,-76,21,-69,27,-71,21,-73,21,-71,14,-73,16,-67,12,-76,8,-76,6,-76,0,-78,-2,-78,0,-71,-6,-69,-6,-76,-14,-78,-14,-76,-19,-73,-16,-73,-27,-80,-21,-67,-29,-71,-25,-73,-33,-69,-38,-71,-40,-80,-40,-78,-40,-73,-35,-78,-35,-76,-46,-80,-46,-73,-46,-69,0,0,0,0,0,0,-78,50,-71,44,-65,52,-61,46,-63,48,-57,42,-54,48,-59,52,-54,48,-48,42,-44,46,-40,46,-42,50,-42,52,-38,48,-35,48,-33,57,-33,54,-31,52,-31,52,-23,57,-31,54,-16,52,-23,57,-21,59,-16,57,-19,57,-14,61,-16,61,-10,57,-14,57,-14,57,-14,63,-10,59,-10,57,-12,61,-8,59,-8,59,-8,61,-12,57,-6,52,-16,52,-12,57,-12,57,-12,52,-12,48,-14,46,-10,48,-14,40,-14,42,-12,40,-12,40,-14,35,-19,35,-16,33,-19,31,-19,29,0,0,0,0,0,0,0,0,0,0]"""
1782173634854,2026-06-23T09:13:54.854,warning,breathing,lmh,lying_fast_breath,t001,"CSI_DATA,17611,1a:00:00:00:00:00,-62,11,-98,16,45,11,120692523,47,2,256,0,""[0,0,0,0,0,0,0,0,0,0,0,0,-33,19,-35,14,-40,14,-40,16,-42,14,-44,14,-46,14,-50,16,-54,19,-57,14,-59,14,-54,16,-61,12,-63,16,-61,10,-67,14,-65,19,-71,12,-65,12,-65,12,-71,6,-73,12,-76,14,-73,14,-80,10,-71,16,-76,14,-78,16,-73,16,-71,19,-71,16,-73,23,-67,25,-67,23,-71,29,-73,33,-65,31,-67,33,-67,33,-65,40,-63,40,-63,48,-63,44,-61,50,-61,42,-57,50,-59,50,-54,54,-59,52,-63,54,-63,54,-61,59,-71,57,-63,52,-65,61,-61,61,-59,65,0,0,0,0,0,0,54,63,57,65,59,48,57,54,57,57,52,54,54,52,50,50,50,48,48,48,50,42,48,42,54,42,50,42,50,40,50,33,52,31,52,33,46,33,54,33,59,27,54,33,44,23,48,23,52,29,54,25,54,25,54,21,52,27,54,16,54,23,57,23,52,25,54,21,52,21,52,25,52,25,50,23,54,23,52,25,48,25,46,29,48,31,46,27,44,25,46,27,42,29,40,25,33,25,38,27,29,29,33,25,27,25,25,27,23,29,23,29,19,31,0,0,0,0,0,0,0,0,0,0]"""
1782173634865,2026-06-23T09:13:54.865,warning,breathing,lmh,lying_fast_breath,t001,"CSI_DATA,17612,1a:00:00:00:00:00,-62,11,-98,16,45,11,120703523,47,2,256,0,""[0,0,0,0,0,0,0,0,0,0,0,0,-10,38,-10,35,-12,40,-14,44,-16,46,-16,42,-16,44,-19,46,-16,57,-21,54,-19,54,-16,54,-14,61,-19,63,-23,59,-21,65,-16,65,-21,67,-16,65,-14,69,-19,67,-21,76,-16,69,-12,71,-14,78,-6,71,-12,73,-10,76,-6,78,0,76,0,71,4,76,8,78,8,73,12,78,19,73,21,67,25,69,25,73,35,71,31,71,40,63,38,65,46,69,40,57,44,57,46,63,50,54,57,61,61,65,61,61,63,54,61,59,63,54,71,57,71,54,71,50,0,0,0,0,0,0,54,-71,50,-71,38,-69,38,-65,35,-71,33,-63,31,-71,31,-71,27,-65,23,-59,21,-61,19,-59,12,-67,16,-65,12,-59,4,-59,4,-67,4,-65,4,-61,0,-63,-6,-57,-4,-59,-8,-54,-8,-59,-8,-61,-12,-61,-12,-59,-19,-57,-14,-63,-25,-52,-16,-54,-16,-57,-21,-61,-23,-54,-21,-48,-23,-57,-25,-57,-25,-54,-27,-57,-21,-52,-23,-48,-19,-48,-23,-54,-27,-50,-21,-48,-25,-46,-16,-44,-23,-48,-14,-40,-16,-40,-14,-38,-16,-38,-16,-38,-10,-40,-8,-35,-6,-38,-2,-35,0,0,0,0,0,0,0,0,0,0]"""
1782173634877,2026-06-23T09:13:54.877,warning,breathing,lmh,lying_fast_breath,t001,"CSI_DATA,17613,1a:00:00:00:00:00,-62,11,-98,16,45,11,120714523,47,2,256,0,""[0,0,0,0,0,0,0,0,0,0,0,0,-21,-35,-14,-35,-14,-40,-14,-42,-10,-40,-10,-44,-8,-46,-8,-48,-10,-54,-4,-52,-4,-59,-4,-59,-8,-63,-2,-63,6,-63,2,-65,0,-67,8,-76,6,-65,10,-65,19,-67,8,-73,14,-71,10,-73,14,-78,8,-73,19,-73,19,-76,14,-69,10,-71,16,-71,14,-73,12,-73,10,-71,12,-76,8,-73,8,-69,6,-73,10,-71,2,-76,8,-76,-2,-76,6,-78,0,-80,6,-73,4,-73,6,-76,-2,-76,0,-80,4,-86,2,-84,4,-84,12,-86,12,-86,4,-88,4,-90,4,-84,0,0,0,0,0,0,-84,-19,-80,-19,-78,-12,-76,-19,-78,-16,-73,-19,-69,-10,-71,-16,-67,-16,-63,-19,-65,-16,-61,-19,-69,-10,-65,-14,-61,-19,-61,-12,-63,-8,-59,-10,-54,-16,-59,-12,-59,-6,-59,-14,-52,-6,-57,-8,-52,-12,-59,-12,-59,-14,-61,-6,-57,-12,-59,-8,-57,-14,-59,-16,-54,-12,-57,-10,-54,-16,-59,-21,-54,-19,-52,-21,-52,-25,-50,-25,-48,-25,-50,-29,-46,-29,-44,-25,-40,-31,-44,-29,-38,-29,-40,-29,-29,-33,-31,-33,-27,-33,-23,-31,-25,-29,-21,-33,-19,-31,-14,-31,-8,-35,0,0,0,0,0,0,0,0,0,0]"""
1782173634887,2026-06-23T09:13:54.887,warning,breathing,lmh,lying_fast_breath,t001,"CSI_DATA,17614,1a:00:00:00:00:00,-62,11,-98,18,45,11,120725523,47,2,256,0,""[0,0,0,0,0,0,0,0,0,0,0,0,-9,35,-15,35,-17,35,-23,37,-21,37,-23,39,-25,37,-27,37,-33,45,-35,41,-35,43,-39,49,-39,45,-45,47,-51,41,-49,43,-51,45,-53,41,-57,33,-59,35,-59,35,-67,35,-63,27,-63,31,-73,33,-61,37,-67,27,-71,29,-69,25,-67,27,-67,27,-71,31,-69,29,-63,25,-71,31,-67,31,-65,27,-63,33,-71,25,-67,31,-71,25,-61,39,-67,35,-71,35,-69,31,-67,33,-71,33,-67,33,-69,29,-79,27,-77,29,-77,33,-83,25,-79,19,-83,27,-87,23,-81,23,0,0,0,0,0,0,5,87,5,85,11,79,5,77,11,77,5,75,5,73,0,77,3,67,1,67,3,65,-1,61,7,67,0,65,-1,61,7,61,1,67,0,61,-7,59,1,57,9,59,-1,59,0,55,-1,57,-5,57,-3,59,-1,57,1,55,-7,61,1,55,-5,55,-7,59,-13,59,-9,57,-7,53,-19,59,-17,55,-19,55,-23,55,-19,53,-17,49,-23,53,-29,47,-29,45,-33,41,-27,41,-31,37,-31,37,-33,29,-29,29,-33,27,-33,23,-33,21,-39,15,-31,15,-33,13,-35,7,0,0,0,0,0,0,0,0,0,0]"""
1782173634898,2026-06-23T09:13:54.898,warning,breathing,lmh,lying_fast_breath,t001,"CSI_DATA,17615,1a:00:00:00:00:00,-62,11,-98,18,45,11,120736523,47,2,256,0,""[0,0,0,0,0,0,0,0,0,0,0,0,-27,21,-29,23,-35,21,-39,27,-37,25,-37,25,-39,23,-41,27,-43,29,-45,31,-47,33,-45,35,-47,41,-49,39,-51,35,-51,37,-55,47,-51,39,-51,41,-51,49,-49,47,-55,53,-49,49,-51,53,-53,55,-45,55,-49,51,-49,57,-43,55,-41,63,-39,55,-37,69,-33,67,-31,63,-27,71,-25,69,-19,65,-17,69,-15,73,-7,77,-9,73,-1,71,-3,75,1,79,3,77,7,73,9,75,13,73,17,75,15,83,19,81,19,77,19,83,19,79,29,85,33,79,35,77,0,0,0,0,0,0,79,-33,71,-33,69,-43,63,-33,65,-37,63,-35,59,-43,61,-45,51,-41,55,-37,47,-41,45,-39,45,-43,45,-47,39,-45,35,-47,35,-53,31,-55,33,-51,29,-49,21,-53,25,-51,19,-53,17,-53,21,-55,17,-55,17,-53,9,-59,13,-61,7,-55,13,-53,5,-57,5,-57,0,-59,7,-51,7,-63,3,-59,5,-57,3,-59,7,-53,5,-53,5,-55,5,-55,1,-51,1,-53,3,-49,5,-47,0,-51,5,-47,3,-43,9,-43,3,-39,3,-37,5,-39,11,-35,9,-33,13,-33,0,0,0,0,0,0,0,0,0,0]"""
1782173634910,2026-06-23T09:13:54.910,warning,breathing,lmh,lying_fast_breath,t001,"CSI_DATA,17616,1a:00:00:00:00:00,-62,11,-98,17,45,11,120747951,47,2,256,0,""[0,0,0,0,0,0,0,0,0,0,0,0,-14,34,-16,34,-18,39,-20,41,-22,39,-22,41,-20,39,-24,41,-26,49,-24,53,-24,53,-22,51,-24,59,-26,59,-30,57,-30,57,-26,63,-30,61,-26,61,-32,59,-34,67,-28,67,-26,67,-22,71,-28,73,-14,67,-22,65,-20,69,-20,73,-12,75,-10,65,-8,75,-4,73,-6,71,0,75,2,73,6,67,12,69,12,71,22,73,20,75,26,69,24,69,34,73,28,65,36,63,34,69,43,61,43,69,47,71,47,67,51,65,51,67,47,65,57,65,61,63,61,59,0,0,0,0,0,0,63,-55,59,-57,51,-61,51,-57,47,-57,45,-53,43,-59,43,-59,39,-55,36,-53,30,-53,26,-53,28,-59,28,-57,24,-57,14,-57,14,-63,16,-57,18,-57,10,-57,6,-57,12,-57,4,-55,6,-55,6,-59,2,-57,-2,-55,-4,-61,-4,-59,-10,-55,-4,-55,-8,-57,-8,-63,-10,-61,-8,-49,-6,-61,-12,-61,-12,-57,-10,-59,-8,-51,-8,-51,-10,-51,-8,-55,-8,-55,-8,-55,-10,-49,-6,-47,-10,-47,-4,-39,-6,-41,-2,-41,-6,-34,-2,-41,-4,-34,0,-39,2,-34,4,-30,0,0,0,0,0,0,0,0,0,0]"""
1782173634921,2026-06-23T09:13:54.921,warning,breathing,lmh,lying_fast_breath,t001,"CSI_DATA,17617,1a:00:00:00:00:00,-62,11,-98,18,45,11,120758523,47,2,256,0,""[0,0,0,0,0,0,0,0,0,0,0,0,-25,-27,-23,-29,-29,-31,-25,-35,-25,-35,-23,-35,-25,-37,-23,-39,-29,-45,-29,-47,-29,-45,-31,-45,-35,-49,-37,-55,-31,-57,-31,-53,-39,-53,-31,-57,-33,-57,-29,-61,-31,-69,-37,-63,-37,-61,-39,-59,-39,-67,-41,-55,-37,-61,-39,-65,-41,-63,-45,-63,-39,-53,-43,-61,-47,-57,-45,-55,-51,-55,-53,-53,-47,-43,-53,-41,-55,-47,-63,-41,-61,-47,-65,-35,-63,-39,-67,-39,-59,-35,-65,-35,-63,-37,-65,-29,-71,-35,-73,-35,-73,-29,-75,-27,-75,-35,-71,-31,-79,-29,-81,-31,-79,-25,0,0,0,0,0,0,-37,79,-31,79,-21,75,-25,69,-25,67,-25,67,-21,67,-23,73,-21,65,-15,57,-15,61,-13,57,-7,65,-11,63,-9,59,-3,57,-1,63,-1,59,-7,61,1,55,5,57,0,55,1,53,0,55,-1,55,1,59,3,53,7,55,5,63,11,53,5,53,7,55,7,59,7,59,9,51,1,59,5,59,5,53,1,61,1,53,3,51,3,49,1,55,1,55,-1,53,0,47,-3,47,-1,51,-5,39,-3,39,-7,41,-5,35,-11,39,-13,41,-11,33,-11,29,-13,31,0,0,0,0,0,0,0,0,0,0]"""
1782173634932,2026-06-23T09:13:54.932,warning,breathing,lmh,lying_fast_breath,t001,"CSI_DATA,17618,1a:00:00:00:00:00,-62,11,-98,14,46,11,120769523,47,2,256,0,""[0,0,0,0,0,0,0,0,0,0,0,0,1,39,-3,39,-3,41,-3,45,-5,43,-7,43,-7,49,-11,47,-9,57,-11,51,-17,55,-17,57,-13,59,-13,63,-23,57,-21,61,-19,67,-29,63,-21,59,-21,61,-23,61,-25,71,-31,65,-25,69,-33,71,-25,67,-31,65,-31,69,-27,65,-21,69,-23,65,-25,73,-21,71,-17,67,-17,73,-15,71,-17,65,-13,71,-13,71,-5,73,-9,75,0,77,-5,75,-1,79,-7,73,0,75,-3,77,1,75,1,75,3,83,3,77,1,83,-5,83,-3,83,1,89,3,83,1,81,0,0,0,0,0,0,85,5,77,3,75,-1,77,7,73,0,73,5,65,-1,71,3,71,-1,67,3,63,-1,65,-1,69,-3,61,-5,63,0,59,-3,61,-9,59,-7,55,-3,55,-7,55,-17,55,-7,51,-13,53,-9,51,-7,55,-11,57,-7,53,-17,55,-11,53,-17,55,-9,59,-11,57,-11,53,-15,55,-7,57,-11,57,-11,55,-9,55,-5,55,-3,49,-1,55,-3,55,0,51,-1,49,1,49,0,49,3,47,0,43,7,41,5,41,9,39,9,35,9,37,13,31,13,31,15,27,19,0,0,0,0,0,0,0,0,0,0]"""
1782173634944,2026-06-23T09:13:54.944,warning,breathing,lmh,lying_fast_breath,t001,"CSI_DATA,17619,1a:00:00:00:00:00,-62,11,-98,17,45,11,120780523,47,2,256,0,""[0,0,0,0,0,0,0,0,0,0,0,0,26,-24,26,-26,30,-26,36,-26,36,-22,36,-24,41,-24,41,-20,47,-26,49,-22,53,-22,49,-22,57,-26,57,-24,63,-18,59,-22,65,-26,65,-18,65,-18,67,-12,69,-10,71,-16,69,-16,73,-10,78,-12,67,-18,71,-10,75,-12,71,-10,73,-20,67,-14,80,-14,73,-12,69,-14,73,-16,69,-22,65,-18,69,-26,73,-18,69,-28,73,-22,65,-30,69,-30,71,-28,71,-28,65,-30,69,-30,69,-30,69,-30,75,-30,75,-32,73,-30,80,-34,75,-28,82,-34,82,-36,75,-30,0,0,0,0,0,0,-18,-82,-18,-75,-28,-73,-20,-69,-20,-67,-16,-67,-18,-69,-16,-73,-16,-65,-14,-63,-18,-61,-16,-55,-22,-59,-14,-61,-14,-59,-18,-55,-20,-59,-20,-57,-10,-57,-18,-53,-26,-51,-16,-53,-18,-53,-16,-51,-14,-55,-18,-53,-20,-51,-20,-55,-16,-57,-22,-49,-16,-51,-16,-57,-14,-55,-20,-57,-14,-47,-12,-63,-10,-55,-10,-53,-6,-55,-8,-53,-8,-51,-6,-53,2,-57,0,-53,6,-51,2,-47,6,-47,4,-47,10,-45,10,-41,10,-41,10,-39,12,-32,18,-32,20,-32,16,-30,20,-26,0,0,0,0,0,0,0,0,0,0]"""
1782173634951,2026-06-23T09:13:54.951,warning,breathing,lmh,lying_fast_breath,t001,"CSI_DATA,17620,1a:00:00:00:00:00,-62,11,-98,19,45,11,120791674,47,2,256,0,""[0,0,0,0,0,0,0,0,0,0,0,0,27,27,23,32,23,31,23,36,23,36,23,42,23,42,19,44,23,52,19,48,19,56,19,56,23,60,19,62,11,63,13,63,19,65,9,67,9,65,9,69,5,73,7,73,3,73,5,73,1,77,5,71,-5,75,-3,77,-1,73,5,73,-3,69,0,77,3,73,3,69,3,71,3,73,1,67,3,71,3,73,11,73,3,75,15,73,9,77,13,79,3,75,13,75,5,79,9,73,7,77,7,83,13,79,7,83,-1,87,1,83,5,87,3,89,7,85,0,0,0,0,0,0,81,5,77,9,79,0,75,7,75,9,73,15,67,7,77,11,63,7,63,13,62,11,60,13,65,9,60,7,60,11,58,11,62,3,62,7,58,11,58,7,60,3,56,11,56,3,58,9,54,11,56,7,54,9,56,3,58,11,56,7,54,15,56,13,52,11,58,11,50,15,54,21,52,23,50,17,52,23,48,27,44,27,46,29,44,31,44,31,42,34,40,32,32,34,34,29,31,34,27,34,25,34,21,31,23,32,15,34,13,31,11,34,11,32,0,0,0,0,0,0,0,0,0,0]"""
1782173634965,2026-06-23T09:13:54.965,warning,breathing,lmh,lying_fast_breath,t001,"CSI_DATA,17621,1a:00:00:00:00:00,-62,11,-98,17,45,11,120802522,47,2,256,0,""[0,0,0,0,0,0,0,0,0,0,0,0,-34,-20,-30,-22,-34,-22,-34,-24,-34,-24,-39,-24,-41,-24,-41,-24,-49,-28,-45,-30,-49,-30,-51,-28,-55,-28,-57,-26,-53,-32,-59,-28,-65,-24,-61,-32,-57,-28,-63,-28,-65,-26,-69,-28,-69,-24,-69,-22,-73,-24,-71,-12,-71,-20,-75,-14,-73,-14,-75,-8,-69,-6,-73,-6,-69,0,-69,2,-75,8,-75,12,-69,12,-71,22,-69,18,-69,28,-71,24,-65,39,-67,34,-65,39,-61,39,-59,45,-61,45,-53,51,-55,51,-59,51,-55,55,-57,59,-61,57,-59,59,-53,69,-51,63,-47,67,0,0,0,0,0,0,67,43,69,41,67,32,67,32,69,30,61,28,67,24,67,26,61,24,59,18,61,12,59,14,67,10,59,10,59,8,59,0,61,-2,59,-2,57,-2,55,-6,57,-14,57,-6,51,-10,51,-14,53,-14,51,-14,51,-18,51,-22,51,-20,49,-28,49,-22,51,-28,49,-24,47,-28,47,-30,51,-28,47,-26,45,-30,47,-28,47,-28,43,-28,43,-28,47,-28,45,-28,43,-24,36,-30,36,-28,41,-26,36,-20,34,-22,34,-24,30,-22,34,-18,34,-16,26,-14,32,-14,32,-12,0,0,0,0,0,0,0,0,0,0]"""
1782173634975,2026-06-23T09:13:54.975,warning,breathing,lmh,lying_fast_breath,t001,"CSI_DATA,17622,1a:00:00:00:00:00,-62,11,-98,19,45,11,120813522,47,2,256,0,""[0,0,0,0,0,0,0,0,0,0,0,0,36,1,36,5,44,5,42,9,44,11,44,13,46,13,44,15,54,17,54,21,52,21,54,19,60,23,63,29,56,32,56,31,60,27,60,38,58,32,56,38,60,44,62,38,62,40,63,38,63,44,62,36,60,44,62,40,63,46,62,36,58,38,63,40,65,38,62,36,67,34,67,32,62,32,67,29,67,36,71,29,67,32,73,25,65,29,75,29,65,25,71,23,71,25,73,23,75,27,81,29,81,27,77,25,73,34,77,31,83,31,83,29,81,29,0,0,0,0,0,0,40,-71,36,-75,27,-67,29,-63,32,-67,31,-58,31,-67,34,-67,34,-62,29,-52,25,-54,25,-52,25,-62,29,-60,27,-54,19,-52,23,-60,25,-56,25,-52,21,-56,15,-50,25,-52,15,-50,19,-52,21,-50,19,-54,19,-52,17,-54,23,-54,13,-52,19,-50,21,-52,25,-54,21,-52,21,-46,29,-48,27,-52,25,-48,29,-48,29,-42,29,-42,29,-42,34,-46,32,-42,32,-34,31,-34,32,-29,36,-34,32,-25,31,-27,34,-27,29,-21,34,-19,34,-17,36,-13,32,-15,31,-9,0,0,0,0,0,0,0,0,0,0]"""
1782173634989,2026-06-23T09:13:54.989,warning,breathing,lmh,lying_fast_breath,t001,"CSI_DATA,17623,1a:00:00:00:00:00,-62,11,-98,18,45,11,120825916,47,2,256,0,""[0,0,0,0,0,0,0,0,0,0,0,0,-37,15,-39,11,-37,11,-45,7,-47,5,-45,1,-43,1,-45,0,-55,1,-53,-1,-57,-5,-59,-5,-61,-3,-63,-7,-63,-13,-61,-17,-65,-15,-65,-23,-61,-21,-67,-25,-65,-25,-65,-29,-61,-31,-67,-31,-69,-37,-65,-31,-61,-39,-63,-43,-61,-37,-65,-35,-55,-37,-63,-43,-59,-39,-59,-41,-65,-41,-65,-39,-55,-39,-61,-35,-63,-41,-67,-35,-63,-39,-63,-35,-61,-41,-67,-39,-59,-39,-65,-37,-61,-41,-63,-39,-67,-41,-69,-47,-65,-45,-65,-47,-63,-51,-53,-53,-65,-51,-67,-55,-61,-57,0,0,0,0,0,0,-67,53,-61,47,-61,55,-61,43,-59,43,-59,39,-59,43,-63,41,-55,35,-59,31,-51,31,-49,27,-49,33,-51,31,-53,25,-47,29,-51,31,-51,27,-51,23,-49,23,-47,27,-51,21,-47,27,-47,23,-53,23,-51,21,-51,15,-49,25,-53,19,-47,19,-51,15,-53,13,-55,11,-53,15,-47,9,-61,7,-55,5,-55,7,-57,3,-51,-1,-49,0,-51,-1,-53,-5,-53,-5,-49,-13,-45,-11,-43,-13,-43,-11,-35,-19,-35,-17,-35,-25,-29,-17,-29,-19,-27,-23,-27,-23,-21,-25,-19,-27,0,0,0,0,0,0,0,0,0,0]"""
1782173635008,2026-06-23T09:13:55.008,warning,breathing,lmh,lying_fast_breath,t001,"CSI_DATA,17625,1a:00:00:00:00:00,-62,11,-98,18,45,11,120846522,47,2,256,0,""[0,0,0,0,0,0,0,0,0,0,0,0,35,11,35,13,37,15,41,17,41,19,39,23,41,25,39,27,47,29,45,31,47,35,47,33,49,35,57,39,51,47,49,41,55,43,51,45,49,47,51,49,53,55,53,51,43,47,53,55,53,55,51,43,47,53,49,59,51,47,57,57,41,49,55,57,51,53,49,47,53,53,57,47,53,41,59,41,59,49,63,39,65,47,59,35,63,41,67,37,63,39,63,37,63,39,67,37,71,39,69,43,71,43,71,37,69,47,65,43,77,41,77,43,75,41,0,0,0,0,0,0,51,-69,45,-63,39,-71,43,-59,39,-57,41,-57,39,-57,43,-59,37,-53,39,-49,35,-49,33,-45,33,-51,37,-49,35,-49,25,-45,29,-53,29,-49,31,-47,23,-45,23,-51,29,-47,23,-49,23,-47,29,-47,27,-49,27,-43,21,-53,29,-51,21,-47,25,-43,29,-49,27,-49,25,-53,25,-45,35,-49,33,-47,31,-45,35,-45,33,-39,29,-35,35,-37,35,-39,35,-39,37,-33,29,-27,39,-27,35,-33,35,-23,31,-19,33,-17,35,-17,31,-21,39,-15,37,-9,31,-7,35,-5,0,0,0,0,0,0,0,0,0,0]"""
1782173635022,2026-06-23T09:13:55.022,warning,breathing,lmh,lying_fast_breath,t001,"CSI_DATA,17626,1a:00:00:00:00:00,-62,11,-98,14,46,11,120860126,47,2,256,0,""[0,0,0,0,0,0,0,0,0,0,0,0,-9,-35,-7,-37,-7,-41,-7,-45,-7,-45,-5,-45,-7,-45,-5,-47,-9,-51,-9,-55,-13,-55,-15,-55,-19,-65,-19,-61,-9,-63,-15,-59,-19,-65,-15,-67,-13,-67,-15,-65,-13,-65,-17,-71,-21,-65,-25,-69,-25,-69,-35,-65,-29,-63,-29,-67,-27,-63,-35,-65,-33,-61,-37,-61,-41,-65,-41,-57,-51,-57,-49,-53,-49,-45,-59,-47,-53,-47,-61,-43,-63,-47,-65,-31,-63,-37,-69,-35,-67,-31,-67,-29,-71,-27,-69,-23,-73,-21,-79,-27,-79,-19,-77,-17,-83,-21,-77,-19,-89,-13,-87,-11,-79,-11,0,0,0,0,0,0,-15,81,-9,79,-1,77,-1,73,3,69,1,71,1,69,5,77,3,69,3,61,9,61,9,57,15,61,11,61,15,57,23,53,25,57,25,53,21,55,27,47,31,45,25,47,27,45,27,45,29,49,33,47,33,41,39,41,37,45,41,33,37,35,37,39,39,39,45,39,39,31,43,43,43,43,41,35,39,41,35,33,33,29,37,33,41,35,39,35,35,35,35,31,33,33,31,33,31,31,27,29,25,29,25,27,23,27,21,31,23,29,17,23,19,31,0,0,0,0,0,0,0,0,0,0]"""
1782173635033,2026-06-23T09:13:55.033,warning,breathing,lmh,lying_fast_breath,t001,"CSI_DATA,17627,1a:00:00:00:00:00,-62,11,-98,18,45,11,120868522,47,2,256,0,""[0,0,0,0,0,0,0,0,0,0,0,0,-7,35,-7,37,-15,37,-17,41,-17,39,-21,39,-25,39,-25,39,-29,45,-35,41,-39,47,-35,45,-41,49,-43,47,-49,41,-49,41,-49,49,-55,43,-55,37,-61,41,-59,39,-63,37,-61,35,-63,35,-73,33,-59,37,-67,29,-69,29,-67,27,-67,33,-61,27,-73,31,-69,25,-67,25,-69,29,-65,29,-61,29,-67,35,-69,27,-69,33,-69,29,-63,37,-69,33,-73,33,-65,31,-65,33,-69,33,-65,31,-71,29,-75,29,-71,27,-73,31,-81,21,-77,19,-81,23,-83,21,-79,21,0,0,0,0,0,0,3,81,7,79,13,77,7,75,9,69,1,69,-1,71,-3,75,-1,63,-1,63,-1,61,-1,57,1,61,-5,63,-1,61,0,57,0,61,-3,57,-11,57,0,55,1,55,-5,53,-5,51,-9,51,-9,55,-9,53,-5,51,-5,55,-13,57,-3,55,-11,49,-11,57,-15,53,-17,55,-15,49,-23,53,-23,47,-25,47,-29,47,-27,43,-21,41,-27,43,-35,43,-35,37,-33,35,-31,35,-33,33,-35,29,-35,25,-31,19,-33,17,-31,17,-35,11,-35,9,-33,5,-31,7,-33,1,0,0,0,0,0,0,0,0,0,0]"""
1782173635042,2026-06-23T09:13:55.042,warning,breathing,lmh,lying_fast_breath,t001,"CSI_DATA,17628,1a:00:00:00:00:00,-62,11,-98,19,45,11,120879522,47,2,256,0,""[0,0,0,0,0,0,0,0,0,0,0,0,21,32,17,34,19,38,17,42,17,46,15,46,17,44,17,50,19,54,15,54,15,56,15,56,19,62,19,65,7,63,7,69,11,67,3,71,9,65,9,71,9,73,7,71,3,71,7,71,5,77,11,71,3,73,5,75,3,75,9,71,7,69,9,77,11,73,11,71,15,77,17,73,17,69,21,71,19,71,27,71,21,71,27,71,21,71,31,75,25,69,25,67,25,71,32,71,34,73,31,79,36,73,36,75,29,79,25,79,36,79,32,75,36,75,0,0,0,0,0,0,79,-27,79,-29,73,-29,71,-21,69,-23,67,-17,69,-27,67,-27,65,-23,62,-17,54,-19,56,-15,60,-25,58,-27,54,-21,48,-21,52,-29,52,-29,52,-23,50,-25,48,-31,50,-23,42,-27,44,-25,44,-25,52,-27,46,-23,48,-31,50,-31,46,-29,48,-25,52,-25,48,-25,50,-31,48,-21,52,-23,48,-23,50,-21,52,-19,52,-11,50,-13,48,-13,52,-15,50,-13,48,-9,48,-7,46,-3,44,-7,38,1,40,-1,42,5,36,5,36,5,40,7,34,9,32,7,31,15,0,0,0,0,0,0,0,0,0,0]"""
1782173635060,2026-06-23T09:13:55.060,warning,breathing,lmh,lying_fast_breath,t001,"CSI_DATA,17629,1a:00:00:00:00:00,-62,11,-98,22,44,11,120898382,47,2,256,0,""[0,0,0,0,0,0,0,0,0,0,0,0,-41,9,-37,1,-41,7,-45,1,-49,3,-47,5,-47,3,-49,3,-53,5,-53,3,-57,0,-55,5,-61,7,-65,3,-63,-1,-69,3,-65,11,-73,0,-63,7,-61,1,-73,-1,-75,9,-77,7,-73,13,-77,11,-75,17,-73,13,-75,19,-75,19,-71,25,-65,19,-69,27,-71,25,-63,27,-67,33,-67,37,-59,33,-63,41,-63,43,-57,57,-55,43,-49,59,-51,51,-53,59,-47,49,-47,57,-49,57,-47,65,-43,63,-47,69,-43,71,-39,69,-53,65,-49,71,-41,75,-41,77,-29,73,0,0,0,0,0,0,77,39,73,37,71,31,67,29,69,29,67,29,67,21,69,21,65,21,57,21,59,19,59,15,69,9,61,11,61,15,61,5,63,5,57,1,53,3,55,0,57,-5,63,1,51,-5,55,-9,53,-1,55,-7,57,-11,53,-13,53,-15,51,-19,53,-13,59,-13,57,-11,53,-15,55,-15,53,-11,55,-17,51,-13,55,-15,51,-11,51,-13,53,-11,55,-9,51,-13,51,-5,51,-11,47,-11,43,-9,41,-3,39,-9,41,-3,43,-3,37,-5,37,3,37,-1,35,0,33,3,0,0,0,0,0,0,0,0,0,0]"""
1782173635068,2026-06-23T09:13:55.068,warning,breathing,lmh,lying_fast_breath,t001,"CSI_DATA,17630,1a:00:00:00:00:00,-63,11,-98,17,45,11,120903496,47,2,256,0,""[0,0,0,0,0,0,0,0,0,0,0,0,30,24,28,26,30,26,32,32,28,34,28,39,28,39,24,43,32,49,24,49,26,51,26,51,28,55,24,57,16,63,24,65,28,65,16,69,18,65,10,65,4,69,12,71,8,75,8,73,6,78,10,75,0,75,2,75,2,73,6,71,0,71,2,75,4,73,4,71,4,73,2,80,0,69,6,73,4,78,10,78,4,73,14,73,6,75,10,78,6,75,4,69,4,80,6,75,6,75,0,84,6,80,4,84,-6,84,-4,84,2,84,0,84,0,84,0,0,0,0,0,0,82,14,78,14,82,12,73,18,73,18,67,22,65,16,69,20,65,18,59,20,61,18,59,18,63,18,61,18,55,22,53,20,55,14,57,16,53,22,53,18,59,14,55,18,49,14,49,18,47,22,51,20,51,24,53,20,53,22,53,20,47,26,49,30,47,26,47,24,47,28,45,34,41,32,41,32,39,36,39,41,34,36,36,41,32,43,30,36,24,43,26,43,24,41,22,36,16,36,14,34,10,41,10,34,6,36,2,41,0,34,0,32,-4,34,0,0,0,0,0,0,0,0,0,0]"""
1782173635080,2026-06-23T09:13:55.080,warning,breathing,lmh,lying_fast_breath,t001,"CSI_DATA,17631,1a:00:00:00:00:00,-62,11,-98,17,45,11,120912522,47,2,256,0,""[0,0,0,0,0,0,0,0,0,0,0,0,-39,-8,-36,-12,-39,-6,-45,-12,-47,-12,-47,-12,-45,-12,-49,-12,-55,-16,-51,-12,-53,-12,-57,-10,-61,-12,-63,-12,-65,-18,-63,-12,-67,-8,-71,-8,-63,-4,-71,-14,-73,-10,-73,-6,-71,-8,-69,-2,-75,-4,-73,2,-78,-4,-82,4,-71,2,-71,6,-69,12,-73,18,-75,18,-65,18,-75,26,-67,24,-61,36,-59,43,-55,43,-69,41,-59,39,-61,55,-20,34,-63,51,-61,51,-39,108,-47,80,-65,32,39,88,-32,59,-55,75,-49,129,-94,20,-24,63,-47,39,61,102,-49,90,0,0,0,0,0,0,67,47,-10,-26,86,4,90,47,-12,28,84,-2,73,16,61,-16,12,-20,34,14,92,-2,98,-8,55,4,67,-6,75,28,61,-10,63,-14,63,-8,51,-10,59,-12,59,-20,55,-10,49,-16,45,-22,55,-16,45,-18,55,-24,45,-34,45,-32,45,-32,45,-28,45,-24,49,-28,45,-34,47,-26,49,-26,45,-32,45,-32,45,-30,47,-28,41,-26,47,-28,47,-26,43,-32,39,-26,41,-26,45,-24,32,-26,36,-20,36,-22,34,-18,32,-20,30,-14,32,-16,30,-12,30,-14,34,-6,0,0,0,0,0,0,0,0,0,0]"""
1782173635090,2026-06-23T09:13:55.090,warning,breathing,lmh,lying_fast_breath,t001,"CSI_DATA,17632,1a:00:00:00:00:00,-63,11,-98,17,45,11,120924824,47,2,256,0,""[0,0,0,0,0,0,0,0,0,0,0,0,-34,22,-34,18,-34,22,-39,22,-39,18,-43,18,-43,20,-45,18,-51,26,-51,22,-53,22,-53,26,-57,24,-59,26,-61,16,-63,24,-61,30,-69,20,-63,24,-59,20,-67,12,-69,24,-69,24,-67,26,-71,26,-65,32,-71,24,-71,28,-69,30,-65,32,-63,32,-67,34,-63,36,-61,34,-65,41,-63,47,-57,41,-57,49,-55,45,-53,53,-55,49,-49,59,-53,53,-53,59,-51,55,-47,57,-49,57,-45,63,-43,61,-49,65,-45,67,-43,71,-53,71,-47,65,-45,73,-41,73,-39,69,0,0,0,0,0,0,69,47,67,43,67,39,63,41,63,34,59,36,61,34,63,32,57,32,55,30,57,26,53,28,61,24,53,24,57,22,55,14,57,18,57,16,51,18,57,12,57,8,57,16,49,10,53,10,53,10,53,8,57,6,55,2,53,8,55,0,55,4,59,4,53,6,55,4,53,4,55,8,55,8,49,4,53,8,55,8,51,8,57,10,51,14,51,10,45,14,47,8,45,14,45,12,39,12,41,14,39,16,36,14,30,18,32,18,26,20,30,18,26,20,0,0,0,0,0,0,0,0,0,0]"""
1782173635111,2026-06-23T09:13:55.111,warning,breathing,lmh,lying_fast_breath,t001,"CSI_DATA,17633,1a:00:00:00:00:00,-62,11,-98,19,45,11,120947848,47,2,256,0,""[0,0,0,0,0,0,0,0,0,0,0,0,-36,-9,-36,-15,-38,-15,-42,-21,-40,-19,-40,-21,-42,-21,-42,-23,-48,-25,-50,-29,-48,-29,-50,-27,-56,-29,-56,-32,-54,-38,-56,-34,-62,-32,-56,-38,-58,-38,-54,-38,-52,-42,-63,-40,-60,-42,-62,-40,-65,-44,-62,-34,-62,-42,-63,-40,-62,-44,-67,-36,-60,-31,-69,-40,-67,-34,-63,-32,-69,-31,-69,-29,-63,-23,-69,-17,-73,-25,-75,-19,-77,-19,-73,-11,-75,-13,-75,-9,-73,-9,-71,-5,-77,-5,-75,-1,-79,-5,-83,-5,-81,-5,-79,1,-85,-5,-81,-7,-87,0,-91,0,-81,-1,0,0,0,0,0,0,-11,83,-1,81,0,79,0,75,1,75,-1,69,0,67,-3,75,1,65,-1,63,1,62,3,60,7,63,5,62,5,60,15,56,13,62,11,60,9,60,15,52,19,54,13,54,13,50,17,50,13,54,13,56,17,50,23,52,17,56,25,48,19,52,19,52,17,56,21,54,19,48,13,58,15,54,15,52,15,56,13,50,15,46,13,50,7,52,13,52,7,52,11,44,5,42,9,48,1,42,1,36,1,40,0,36,0,40,-7,38,-5,34,-7,32,-7,32,0,0,0,0,0,0,0,0,0,0]"""
1782173635120,2026-06-23T09:13:55.120,warning,breathing,lmh,lying_fast_breath,t001,"CSI_DATA,17634,1a:00:00:00:00:00,-62,11,-98,17,45,11,120948337,47,2,256,0,""[0,0,0,0,0,0,0,0,0,0,0,0,22,-32,24,-28,26,-32,26,-34,30,-32,30,-32,30,-32,39,-34,41,-43,39,-39,39,-41,41,-45,41,-47,45,-47,47,-43,47,-45,45,-53,51,-49,47,-47,51,-45,53,-45,51,-53,53,-53,47,-53,51,-57,47,-57,53,-55,49,-55,47,-53,43,-61,47,-59,45,-63,39,-59,34,-61,32,-67,34,-67,30,-61,24,-65,26,-67,18,-75,24,-71,14,-73,18,-71,8,-78,14,-71,10,-73,12,-73,4,-71,2,-78,6,-84,4,-78,4,-84,8,-84,8,-82,-2,-86,-4,-84,-8,-80,0,0,0,0,0,0,-82,-2,-84,-2,-78,10,-78,2,-75,8,-67,4,-67,12,-69,10,-67,12,-65,8,-61,10,-55,10,-63,16,-61,16,-55,14,-53,18,-57,22,-55,24,-51,18,-55,24,-49,30,-55,22,-45,26,-47,26,-49,26,-47,26,-49,28,-43,32,-45,30,-43,34,-45,30,-49,32,-47,32,-41,34,-43,30,-47,32,-43,30,-43,32,-45,30,-49,26,-43,26,-47,26,-43,26,-43,26,-43,24,-43,26,-41,18,-43,22,-39,14,-36,14,-39,16,-32,12,-34,14,-39,10,-28,10,-34,6,-34,2,0,0,0,0,0,0,0,0,0,0]"""
1782173635131,2026-06-23T09:13:55.131,warning,breathing,lmh,lying_fast_breath,t001,"CSI_DATA,17635,1a:00:00:00:00:00,-62,11,-98,14,46,11,120956521,47,2,256,0,""[0,0,0,0,0,0,0,0,0,0,0,0,7,33,5,37,7,41,7,43,5,45,5,43,5,43,3,43,7,53,7,55,5,53,11,55,13,61,9,65,3,67,9,65,15,63,11,71,17,65,5,67,7,73,15,71,13,69,17,71,21,77,23,69,17,69,23,71,19,67,27,67,23,67,31,63,31,67,33,65,37,61,43,61,41,57,47,53,47,61,59,57,55,53,55,45,53,49,63,47,55,41,65,41,63,43,65,37,69,41,73,43,73,35,73,35,77,39,75,35,77,31,81,33,79,29,0,0,0,0,0,0,37,-77,31,-77,21,-77,21,-73,17,-71,19,-65,17,-67,17,-71,11,-65,11,-61,7,-57,7,-57,3,-65,1,-63,1,-59,-5,-57,-7,-61,-3,-57,-1,-61,-7,-55,-15,-51,-9,-53,-13,-49,-11,-55,-7,-59,-13,-55,-17,-49,-21,-49,-19,-55,-25,-47,-19,-47,-21,-51,-19,-53,-25,-53,-19,-45,-19,-53,-23,-51,-23,-49,-23,-49,-19,-47,-19,-45,-19,-47,-19,-51,-21,-47,-17,-49,-19,-41,-13,-41,-19,-43,-11,-35,-13,-35,-9,-37,-7,-35,-11,-37,-5,-35,-7,-35,-3,-27,1,-31,0,0,0,0,0,0,0,0,0,0]"""
1782173635140,2026-06-23T09:13:55.140,warning,breathing,lmh,lying_fast_breath,t001,"CSI_DATA,17636,1a:00:00:00:00:00,-62,11,-98,18,45,11,120972675,47,2,256,0,""[0,0,0,0,0,0,0,0,0,0,0,0,27,-27,27,-27,33,-29,37,-25,37,-25,37,-19,43,-19,47,-15,49,-19,55,-17,57,-17,55,-15,63,-17,65,-15,61,-5,67,-3,67,-9,67,0,63,5,69,0,71,7,75,9,73,7,73,9,77,15,69,9,71,19,69,17,75,19,73,15,69,17,73,19,73,19,69,23,73,19,71,17,67,17,71,15,73,21,73,17,73,21,69,19,67,21,79,21,65,21,71,19,71,25,69,19,77,29,77,37,77,29,75,29,75,39,71,37,75,39,79,39,75,39,0,0,0,0,0,0,55,-65,51,-61,47,-61,45,-53,49,-57,47,-45,51,-55,55,-51,53,-43,45,-39,43,-41,47,-39,45,-43,51,-37,45,-35,43,-35,49,-39,45,-39,47,-31,47,-35,43,-39,49,-29,43,-29,43,-35,49,-29,49,-27,45,-29,47,-35,51,-23,43,-29,47,-21,47,-23,55,-23,51,-21,45,-17,57,-15,55,-11,53,-9,55,-9,53,-3,49,-5,49,-3,55,1,55,1,51,5,45,3,45,11,47,11,33,13,37,17,35,17,31,17,33,21,29,21,29,27,21,23,19,23,0,0,0,0,0,0,0,0,0,0]"""
1782173635150,2026-06-23T09:13:55.150,warning,breathing,lmh,lying_fast_breath,t001,"CSI_DATA,17637,1a:00:00:00:00:00,-62,11,-98,19,45,11,120978521,47,2,256,0,""[0,0,0,0,0,0,0,0,0,0,0,0,-36,17,-36,17,-38,13,-44,13,-42,13,-46,11,-46,11,-46,11,-52,15,-54,9,-56,15,-58,13,-62,13,-63,17,-65,3,-65,9,-69,17,-69,5,-67,5,-65,7,-65,3,-71,5,-67,3,-73,9,-79,5,-71,15,-75,7,-77,9,-71,3,-75,15,-65,9,-75,13,-71,13,-73,11,-73,19,-71,21,-62,23,-69,29,-71,23,-65,31,-71,29,-65,34,-69,32,-67,34,-67,36,-65,38,-67,38,-63,44,-67,40,-71,40,-67,40,-65,46,-75,44,-69,42,-75,46,-71,48,-73,42,0,0,0,0,0,0,34,75,38,69,42,65,40,65,42,60,34,62,36,62,40,63,32,58,36,56,34,54,32,52,42,50,34,50,38,46,38,42,40,46,38,46,34,46,40,38,48,38,40,44,38,36,36,40,38,42,34,42,38,34,44,34,42,40,44,34,40,36,42,36,38,38,40,42,40,34,40,42,38,42,38,42,38,42,34,40,32,36,34,40,31,42,27,40,25,44,29,38,25,40,23,40,21,38,17,36,17,38,13,32,13,34,9,32,7,36,7,32,3,36,0,0,0,0,0,0,0,0,0,0]"""
1782173635161,2026-06-23T09:13:55.161,warning,breathing,lmh,lying_fast_breath,t001,"CSI_DATA,17638,1a:00:00:00:00:00,-62,11,-98,14,46,11,120989521,47,2,256,0,""[0,0,0,0,0,0,0,0,0,0,0,0,-19,33,-19,33,-19,39,-21,39,-23,39,-25,37,-25,39,-27,41,-27,45,-29,47,-29,49,-29,49,-31,55,-31,55,-35,51,-33,53,-33,59,-35,61,-29,59,-37,59,-39,63,-29,65,-31,65,-33,69,-33,71,-23,63,-29,63,-25,69,-27,69,-19,73,-19,65,-15,77,-11,75,-11,73,-5,75,-3,73,0,67,1,75,1,73,11,73,9,75,15,71,15,73,23,79,17,69,25,71,25,73,31,67,33,71,35,75,37,73,35,71,35,73,35,75,47,79,45,75,49,67,0,0,0,0,0,0,71,-45,69,-47,59,-53,55,-43,55,-45,55,-39,53,-51,57,-53,47,-45,43,-43,39,-43,39,-41,35,-51,39,-53,35,-49,27,-45,29,-55,27,-53,29,-45,23,-49,19,-53,25,-51,13,-49,15,-51,17,-53,13,-55,15,-49,7,-59,13,-57,3,-55,11,-51,9,-55,7,-57,3,-57,7,-47,7,-57,5,-57,3,-53,7,-55,9,-49,7,-47,11,-51,9,-51,7,-51,5,-47,3,-45,9,-41,7,-43,9,-39,7,-37,11,-37,7,-37,5,-37,11,-35,11,-31,11,-27,15,-31,0,0,0,0,0,0,0,0,0,0]"""
1782173635173,2026-06-23T09:13:55.173,warning,breathing,lmh,lying_fast_breath,t001,"CSI_DATA,17639,1a:00:00:00:00:00,-62,11,-98,17,45,11,121000521,47,2,256,0,""[0,0,0,0,0,0,0,0,0,0,0,0,-20,-30,-16,-32,-18,-36,-14,-39,-14,-41,-14,-43,-12,-47,-10,-47,-14,-55,-8,-53,-10,-55,-10,-59,-8,-59,-8,-65,2,-61,-2,-65,-4,-69,4,-71,6,-65,8,-65,16,-65,6,-73,12,-73,10,-73,16,-78,8,-73,16,-69,16,-78,16,-67,10,-73,16,-69,12,-78,14,-69,16,-69,14,-73,12,-73,10,-65,8,-75,8,-71,6,-73,10,-71,2,-75,8,-73,4,-80,10,-71,6,-73,12,-75,8,-73,8,-75,8,-80,8,-80,8,-82,16,-86,20,-80,12,-86,12,-82,12,-78,0,0,0,0,0,0,-78,-24,-75,-24,-73,-18,-71,-26,-69,-24,-65,-26,-63,-20,-65,-26,-63,-22,-59,-26,-59,-24,-51,-26,-63,-26,-53,-22,-53,-22,-55,-20,-59,-20,-53,-18,-51,-24,-51,-18,-55,-14,-51,-22,-47,-14,-49,-20,-49,-22,-53,-22,-49,-20,-51,-16,-51,-24,-53,-18,-49,-22,-51,-28,-45,-26,-49,-24,-47,-26,-47,-32,-43,-30,-41,-32,-41,-34,-43,-39,-36,-32,-39,-36,-34,-36,-34,-36,-28,-39,-30,-34,-28,-41,-22,-36,-20,-36,-18,-39,-18,-39,-12,-39,-10,-32,-6,-34,-6,-36,-4,-32,2,-36,0,0,0,0,0,0,0,0,0,0]"""
1782173635184,2026-06-23T09:13:55.184,warning,breathing,lmh,lying_fast_breath,t001,"CSI_DATA,17640,1a:00:00:00:00:00,-62,11,-98,15,46,11,121012839,47,2,256,0,""[0,0,0,0,0,0,0,0,0,0,0,0,-36,-7,-36,-11,-40,-13,-42,-17,-40,-17,-40,-21,-42,-23,-40,-27,-46,-27,-48,-29,-50,-31,-50,-29,-56,-31,-54,-34,-50,-42,-52,-40,-56,-38,-54,-44,-48,-46,-52,-46,-50,-44,-52,-52,-50,-52,-54,-50,-56,-54,-56,-46,-50,-48,-52,-54,-52,-52,-56,-48,-48,-44,-60,-50,-56,-52,-52,-48,-63,-50,-56,-44,-54,-40,-58,-36,-62,-44,-67,-36,-62,-38,-65,-31,-63,-36,-71,-36,-65,-36,-65,-36,-65,-36,-63,-34,-69,-34,-71,-38,-75,-38,-73,-31,-71,-40,-67,-40,-79,-40,-77,-44,-77,-40,0,0,0,0,0,0,-48,71,-42,67,-38,71,-40,62,-36,58,-40,58,-38,60,-40,63,-36,58,-36,50,-34,52,-31,46,-32,54,-32,54,-31,52,-25,50,-25,58,-27,54,-31,50,-23,46,-19,50,-27,46,-23,50,-25,50,-29,50,-25,50,-25,46,-21,54,-27,52,-19,50,-23,46,-25,52,-27,50,-25,52,-25,42,-31,54,-31,50,-29,46,-31,46,-31,38,-27,36,-31,40,-36,42,-31,38,-36,31,-29,34,-34,29,-36,31,-34,23,-34,21,-34,17,-31,19,-32,17,-36,17,-32,15,-31,9,-32,5,0,0,0,0,0,0,0,0,0,0]"""
1782173635195,2026-06-23T09:13:55.195,warning,breathing,lmh,lying_fast_breath,t001,"CSI_DATA,17641,1a:00:00:00:00:00,-62,11,-98,19,45,11,121022521,47,2,256,0,""[0,0,0,0,0,0,0,0,0,0,0,0,-23,32,-21,29,-23,38,-29,34,-27,36,-34,32,-32,32,-32,38,-34,44,-36,44,-34,44,-36,46,-36,50,-36,52,-48,46,-42,54,-36,54,-44,56,-40,54,-42,58,-42,58,-40,62,-38,60,-40,65,-44,67,-31,65,-38,62,-31,65,-32,67,-23,71,-23,63,-27,77,-21,69,-19,69,-15,75,-11,77,-9,69,-1,71,-3,75,3,81,7,75,13,71,7,77,19,79,11,75,15,73,13,75,19,71,29,75,29,81,34,77,32,71,31,77,27,77,42,73,40,77,46,71,0,0,0,0,0,0,73,-42,69,-44,60,-48,62,-40,60,-46,56,-40,56,-46,60,-50,48,-44,48,-40,44,-42,44,-38,42,-46,40,-50,38,-44,31,-46,32,-56,27,-54,29,-48,25,-50,19,-54,27,-50,17,-50,19,-52,19,-52,17,-54,19,-50,9,-58,13,-54,5,-54,11,-52,11,-54,5,-56,1,-56,5,-52,9,-58,5,-54,3,-54,7,-56,9,-52,7,-50,11,-50,5,-54,5,-52,5,-50,7,-50,11,-44,3,-46,9,-40,9,-40,15,-40,11,-36,9,-36,13,-34,13,-38,11,-31,15,-29,0,0,0,0,0,0,0,0,0,0]"""
1782173635207,2026-06-23T09:13:55.207,warning,breathing,lmh,lying_fast_breath,t001,"CSI_DATA,17643,1a:00:00:00:00:00,-62,11,-98,17,45,11,121044521,47,2,256,0,""[0,0,0,0,0,0,0,0,0,0,0,0,-34,-14,-32,-16,-34,-22,-41,-22,-36,-24,-36,-24,-39,-26,-43,-26,-43,-30,-47,-32,-47,-32,-47,-32,-51,-34,-51,-39,-47,-43,-53,-43,-55,-34,-51,-47,-47,-47,-49,-41,-49,-47,-55,-49,-53,-47,-55,-45,-57,-53,-57,-39,-55,-47,-59,-45,-57,-49,-61,-45,-57,-41,-59,-45,-63,-43,-61,-39,-61,-36,-65,-32,-61,-28,-69,-26,-65,-32,-69,-24,-67,-24,-71,-20,-67,-22,-78,-18,-67,-18,-71,-16,-71,-16,-73,-10,-73,-18,-80,-16,-80,-16,-78,-12,-80,-14,-80,-16,-86,-14,-84,-12,-84,-8,0,0,0,0,0,0,-20,80,-16,80,-8,78,-8,71,-6,75,-10,69,-8,73,-10,71,-4,65,-8,65,-4,63,-4,63,2,61,-2,61,0,59,4,59,6,61,4,57,0,57,6,55,12,55,8,57,6,51,10,55,6,53,8,55,12,53,14,53,6,59,14,51,12,51,14,51,8,57,12,53,16,51,6,55,8,57,10,53,10,55,6,53,8,47,6,51,2,53,4,53,0,51,4,49,-2,45,6,47,-6,43,-4,41,-4,41,-6,39,-8,39,-14,39,-10,34,-12,30,-18,30,0,0,0,0,0,0,0,0,0,0]"""
1782173635216,2026-06-23T09:13:55.216,warning,breathing,lmh,lying_fast_breath,t001,"CSI_DATA,17644,1a:00:00:00:00:00,-63,11,-98,20,45,11,121055521,47,2,256,0,""[0,0,0,0,0,0,0,0,0,0,0,0,24,30,18,32,22,35,22,39,20,43,20,41,18,39,16,45,20,52,20,50,16,52,18,50,22,58,20,62,13,62,16,65,20,64,15,69,15,62,11,64,7,65,15,71,9,69,15,71,13,77,15,69,7,71,11,75,9,73,16,73,9,69,15,75,16,73,15,71,18,75,22,73,18,67,24,67,24,69,32,69,30,69,32,67,28,65,37,73,30,62,32,64,33,67,35,64,39,69,39,73,43,71,37,67,37,73,33,77,43,77,41,75,45,71,0,0,0,0,0,0,75,-30,73,-32,65,-39,65,-24,65,-30,62,-24,64,-32,65,-30,60,-28,56,-18,52,-26,50,-22,56,-28,56,-28,52,-24,52,-26,54,-33,50,-30,50,-26,50,-32,45,-33,48,-28,41,-32,43,-30,45,-28,47,-33,48,-26,45,-33,48,-30,45,-33,45,-30,48,-28,50,-32,45,-32,45,-28,48,-28,47,-26,47,-28,50,-26,50,-16,48,-22,50,-16,52,-15,50,-16,48,-15,47,-13,43,-9,45,-11,41,-1,41,-3,43,0,39,0,39,1,37,3,35,3,35,5,32,13,0,0,0,0,0,0,0,0,0,0]"""
1782173635229,2026-06-23T09:13:55.229,warning,breathing,lmh,lying_fast_breath,t001,"CSI_DATA,17645,1a:00:00:00:00:00,-63,11,-98,14,46,11,121066521,47,2,256,0,""[0,0,0,0,0,0,0,0,0,0,0,0,0,-37,1,-37,5,-39,11,-39,9,-41,11,-43,15,-49,17,-47,17,-51,23,-49,23,-55,23,-51,21,-55,27,-57,31,-53,33,-55,31,-63,37,-57,33,-49,41,-55,43,-57,39,-57,43,-57,43,-57,53,-59,43,-55,51,-53,51,-55,53,-53,45,-57,45,-51,49,-55,45,-53,45,-55,47,-61,41,-61,41,-55,41,-61,39,-55,37,-61,39,-57,35,-65,37,-63,39,-67,39,-57,41,-61,41,-67,35,-65,39,-63,41,-67,41,-67,41,-71,49,-71,49,-63,43,-67,45,-67,45,-63,0,0,0,0,0,0,-57,-53,-57,-51,-59,-47,-55,-47,-55,-47,-51,-49,-49,-45,-47,-49,-43,-45,-45,-47,-47,-45,-43,-41,-51,-41,-41,-41,-41,-45,-45,-33,-45,-37,-41,-37,-39,-37,-41,-35,-47,-35,-39,-39,-37,-33,-37,-39,-39,-39,-41,-35,-37,-39,-41,-35,-35,-37,-41,-35,-35,-39,-39,-41,-35,-43,-35,-39,-35,-39,-33,-43,-31,-41,-27,-39,-29,-45,-27,-47,-27,-45,-25,-49,-19,-49,-21,-43,-15,-45,-19,-43,-13,-43,-13,-43,-9,-41,-7,-41,-1,-41,-3,-35,-1,-35,3,-35,1,-35,1,-31,11,-31,0,0,0,0,0,0,0,0,0,0]"""
1782173635242,2026-06-23T09:13:55.242,warning,breathing,lmh,lying_fast_breath,t001,"CSI_DATA,17646,1a:00:00:00:00:00,-63,11,-98,19,45,11,121080081,47,2,256,0,""[0,0,0,0,0,0,0,0,0,0,0,0,31,23,29,23,32,27,32,31,34,32,31,31,36,32,32,34,40,36,36,40,40,40,42,38,48,40,48,40,42,48,48,44,52,40,50,50,48,46,42,52,46,56,50,48,54,48,58,52,60,54,62,38,58,44,60,44,58,48,65,38,58,36,65,42,65,34,62,34,69,31,71,27,67,25,73,19,71,23,75,21,71,17,73,7,73,9,79,5,73,5,73,1,77,1,75,-3,77,-1,83,-3,83,-7,79,-9,85,-7,87,-3,85,-15,81,-13,83,-15,0,0,0,0,0,0,-7,-81,-11,-79,-21,-69,-15,-73,-19,-67,-15,-67,-15,-69,-17,-71,-19,-63,-21,-63,-23,-62,-21,-56,-31,-54,-25,-58,-25,-56,-34,-48,-34,-56,-32,-50,-29,-50,-34,-44,-40,-40,-34,-44,-31,-38,-32,-42,-32,-42,-34,-40,-36,-38,-40,-38,-42,-44,-48,-32,-40,-34,-42,-36,-40,-42,-40,-36,-42,-34,-42,-44,-40,-36,-38,-38,-40,-40,-38,-36,-40,-31,-40,-36,-36,-40,-32,-34,-32,-34,-36,-31,-31,-32,-32,-34,-29,-32,-29,-29,-25,-32,-27,-29,-19,-29,-17,-34,-23,-27,-17,-29,-13,-31,0,0,0,0,0,0,0,0,0,0]"""
1782173635254,2026-06-23T09:13:55.254,warning,breathing,lmh,lying_fast_breath,t001,"CSI_DATA,17647,1a:00:00:00:00:00,-62,11,-98,17,45,11,121091925,47,2,256,0,""[0,0,0,0,0,0,0,0,0,0,0,0,-28,26,-28,26,-28,26,-34,30,-32,28,-34,28,-39,30,-36,28,-41,32,-39,32,-45,39,-43,39,-43,43,-43,45,-51,36,-49,39,-51,53,-51,45,-49,45,-51,49,-51,49,-51,47,-51,49,-49,53,-51,55,-45,55,-49,51,-51,57,-47,55,-41,61,-41,57,-43,63,-39,65,-34,63,-30,69,-30,65,-26,59,-22,71,-24,67,-10,73,-16,73,-8,75,-14,75,-4,75,-6,73,-6,73,-6,75,0,73,2,75,4,82,10,82,8,84,8,86,4,82,16,86,16,80,20,80,0,0,0,0,0,0,80,-14,80,-20,73,-26,73,-16,67,-22,69,-18,65,-24,69,-28,59,-24,61,-24,57,-24,55,-24,55,-28,51,-30,49,-26,47,-32,45,-41,43,-41,45,-32,41,-36,39,-45,43,-36,32,-43,36,-36,34,-43,36,-43,34,-45,28,-47,32,-45,26,-47,30,-45,34,-47,30,-47,28,-47,30,-43,30,-49,28,-47,26,-47,28,-49,28,-41,28,-43,30,-45,28,-43,24,-41,28,-41,24,-43,28,-36,24,-39,30,-34,22,-32,28,-30,22,-28,24,-24,28,-26,26,-28,22,-20,26,-22,0,0,0,0,0,0,0,0,0,0]"""
1782173635265,2026-06-23T09:13:55.265,warning,breathing,lmh,lying_fast_breath,t001,"CSI_DATA,17648,1a:00:00:00:00:00,-62,11,-98,15,46,11,121101243,47,2,256,0,""[0,0,0,0,0,0,0,0,0,0,0,0,-36,9,-36,7,-40,9,-44,7,-42,5,-48,3,-46,1,-46,0,-54,0,-56,-3,-56,-5,-56,-3,-65,-1,-65,-7,-62,-15,-63,-13,-67,-9,-63,-19,-65,-15,-69,-21,-71,-23,-67,-23,-65,-21,-71,-23,-73,-29,-65,-19,-65,-27,-67,-29,-67,-27,-67,-25,-63,-27,-73,-31,-71,-29,-67,-29,-73,-27,-67,-25,-63,-21,-71,-21,-71,-23,-73,-17,-71,-23,-73,-13,-73,-19,-77,-17,-71,-19,-71,-17,-71,-19,-73,-17,-77,-21,-79,-21,-81,-19,-77,-19,-79,-23,-75,-27,-85,-25,-83,-27,-79,-25,0,0,0,0,0,0,-40,71,-36,71,-29,75,-32,63,-31,65,-31,62,-31,63,-36,69,-32,56,-36,56,-27,56,-27,54,-25,58,-29,52,-27,52,-23,50,-25,58,-27,54,-31,54,-21,48,-21,54,-25,48,-23,50,-25,50,-29,48,-29,52,-23,46,-25,52,-31,50,-19,48,-23,46,-27,50,-31,50,-29,50,-27,42,-38,46,-38,44,-34,44,-40,44,-34,32,-32,32,-38,32,-42,32,-38,34,-42,29,-36,29,-38,21,-40,25,-34,15,-36,17,-36,13,-34,9,-38,9,-34,7,-36,3,-29,3,-31,-1,0,0,0,0,0,0,0,0,0,0]"""
1782173635275,2026-06-23T09:13:55.275,warning,breathing,lmh,lying_fast_breath,t001,"CSI_DATA,17649,1a:00:00:00:00:00,-62,11,-98,19,45,11,121110520,47,2,256,0,""[0,0,0,0,0,0,0,0,0,0,0,0,-25,27,-29,23,-32,25,-38,25,-38,25,-40,21,-42,19,-42,17,-50,21,-52,19,-52,19,-50,19,-58,23,-63,19,-65,9,-60,11,-65,15,-69,9,-65,7,-75,1,-75,-1,-73,1,-69,3,-73,1,-81,0,-69,3,-71,-3,-73,-9,-73,-7,-75,-3,-69,-7,-79,-9,-77,-9,-73,-7,-75,-7,-73,-1,-65,-1,-73,0,-77,-3,-77,1,-75,-7,-73,5,-71,-1,-81,0,-73,-3,-73,0,-75,-1,-71,1,-77,-3,-83,-7,-81,-1,-81,0,-81,-7,-79,-13,-87,-7,-85,-15,-83,-15,0,0,0,0,0,0,-29,79,-23,79,-23,79,-21,71,-23,69,-25,63,-27,69,-27,69,-29,62,-23,58,-19,60,-21,54,-23,60,-23,58,-21,54,-13,56,-21,62,-21,56,-29,52,-19,50,-15,54,-21,52,-19,48,-21,48,-25,48,-27,52,-23,46,-23,54,-29,52,-21,50,-27,44,-31,46,-34,48,-29,48,-25,42,-40,44,-38,44,-36,38,-40,40,-38,34,-36,36,-40,32,-44,34,-40,32,-46,23,-44,27,-40,19,-40,19,-38,15,-36,11,-36,9,-34,9,-38,7,-42,5,-38,0,-31,-1,-32,-5,0,0,0,0,0,0,0,0,0,0]"""
1782173635286,2026-06-23T09:13:55.286,warning,breathing,lmh,lying_fast_breath,t001,"CSI_DATA,17650,1a:00:00:00:00:00,-62,11,-98,20,45,11,121121653,47,2,256,0,""[0,0,0,0,0,0,0,0,0,0,0,0,30,26,28,26,28,30,30,35,28,33,28,35,30,37,28,39,33,43,30,45,32,48,32,45,35,52,39,54,32,56,30,56,39,58,32,62,33,58,35,60,39,60,35,65,32,64,35,64,35,69,39,58,32,67,35,67,35,64,37,64,32,60,45,67,43,62,43,60,48,60,45,56,45,52,52,52,52,56,56,52,54,56,54,45,56,50,64,52,54,45,58,43,60,47,60,41,65,47,65,48,69,48,69,47,65,52,64,50,75,50,75,50,73,48,0,0,0,0,0,0,50,-67,50,-65,43,-69,43,-58,41,-58,39,-52,39,-58,45,-60,39,-56,39,-50,30,-52,33,-52,33,-56,33,-56,30,-50,26,-50,24,-60,26,-54,28,-48,20,-50,20,-52,24,-52,18,-50,20,-50,18,-50,18,-54,20,-48,15,-54,20,-56,11,-52,20,-48,20,-54,20,-54,16,-54,16,-47,24,-56,18,-54,20,-52,22,-50,24,-45,20,-41,28,-48,26,-47,24,-48,26,-45,28,-39,26,-37,28,-39,28,-28,24,-32,26,-28,24,-28,26,-26,32,-30,28,-20,28,-20,30,-16,0,0,0,0,0,0,0,0,0,0]"""
1782173635296,2026-06-23T09:13:55.296,warning,breathing,lmh,lying_fast_breath,t001,"CSI_DATA,17651,1a:00:00:00:00:00,-62,11,-98,17,45,11,121133126,47,2,256,0,""[0,0,0,0,0,0,0,0,0,0,0,0,-2,36,-6,39,-8,39,-8,43,-14,45,-14,43,-14,47,-18,43,-18,55,-20,51,-20,51,-22,53,-22,61,-22,59,-30,55,-28,61,-26,63,-34,63,-28,59,-34,55,-39,51,-32,67,-41,63,-34,63,-39,67,-32,67,-41,63,-41,65,-34,65,-26,65,-34,65,-34,67,-30,67,-28,67,-28,69,-26,69,-24,61,-20,69,-22,71,-16,75,-20,71,-10,75,-14,73,-12,78,-16,73,-12,71,-14,75,-8,78,-4,78,-10,82,-6,80,-8,84,-12,88,-14,84,-4,84,-6,84,-4,84,0,0,0,0,0,0,80,14,78,14,78,4,75,12,73,10,69,14,67,4,71,8,65,8,63,12,65,6,59,8,67,2,61,2,59,8,59,2,59,-4,57,0,59,2,57,-4,57,-10,55,0,49,-4,53,-4,53,0,55,-6,57,-2,53,-10,57,-6,55,-10,55,-4,57,-4,53,-6,53,-8,59,-6,55,0,55,0,53,-2,53,0,53,2,53,4,55,6,53,6,51,6,45,8,49,4,45,8,45,8,43,12,39,12,39,14,36,12,34,14,34,16,32,18,34,18,28,20,0,0,0,0,0,0,0,0,0,0]"""
1782173635307,2026-06-23T09:13:55.307,warning,breathing,lmh,lying_fast_breath,t001,"CSI_DATA,17652,1a:00:00:00:00:00,-62,11,-98,19,45,11,121143520,47,2,256,0,""[0,0,0,0,0,0,0,0,0,0,0,0,-29,-25,-25,-27,-27,-31,-29,-36,-29,-34,-29,-38,-29,-36,-27,-40,-36,-42,-31,-44,-34,-48,-36,-46,-42,-50,-42,-54,-32,-56,-38,-52,-42,-54,-36,-56,-36,-54,-44,-58,-42,-58,-40,-65,-42,-56,-46,-62,-48,-65,-46,-54,-42,-60,-46,-60,-44,-60,-50,-54,-46,-52,-52,-56,-54,-56,-54,-50,-56,-50,-60,-48,-54,-38,-62,-38,-63,-42,-69,-38,-67,-36,-69,-29,-67,-32,-75,-31,-67,-29,-65,-27,-73,-27,-71,-23,-75,-25,-81,-25,-79,-21,-75,-19,-85,-23,-77,-23,-83,-19,-87,-19,-83,-13,0,0,0,0,0,0,-25,81,-17,81,-13,81,-11,71,-7,73,-15,69,-11,73,-13,73,-9,65,-5,63,-3,63,-3,60,0,63,-1,63,0,60,9,58,7,63,9,60,3,58,9,56,17,56,3,56,11,54,13,54,7,58,11,56,15,48,21,54,15,56,23,48,15,50,17,52,15,58,19,54,15,48,15,58,15,56,13,54,13,56,13,50,13,46,11,50,11,58,11,52,7,52,9,46,5,44,7,46,3,42,3,38,3,42,0,40,-1,40,-3,36,-3,36,-3,36,-9,32,0,0,0,0,0,0,0,0,0,0]"""
1782173635317,2026-06-23T09:13:55.317,warning,breathing,lmh,lying_fast_breath,t001,"CSI_DATA,17653,1a:00:00:00:00:00,-62,11,-98,18,45,11,121154520,47,2,256,0,""[0,0,0,0,0,0,0,0,0,0,0,0,15,35,13,37,15,39,13,41,15,43,11,45,13,45,11,49,13,53,11,53,11,55,11,57,15,61,11,61,5,67,3,65,9,71,3,71,7,69,5,73,3,75,7,73,3,71,9,75,7,79,9,71,3,73,7,75,7,69,11,73,5,67,13,77,15,75,13,69,19,77,19,67,17,63,23,69,25,69,29,67,25,69,33,65,31,69,41,71,29,69,33,63,33,69,39,63,41,67,39,71,45,67,41,67,39,75,37,73,49,71,45,69,51,71,0,0,0,0,0,0,77,-39,69,-39,67,-45,61,-35,63,-33,63,-31,57,-37,63,-41,53,-33,57,-33,51,-33,45,-29,49,-35,49,-37,49,-37,41,-33,47,-39,41,-41,43,-35,39,-37,39,-39,43,-35,35,-39,37,-39,41,-41,39,-39,37,-33,35,-43,39,-43,35,-41,35,-39,39,-37,39,-41,37,-45,35,-35,43,-41,41,-41,39,-37,39,-37,39,-31,41,-31,41,-29,41,-31,39,-31,39,-27,39,-23,39,-21,35,-27,39,-17,39,-15,35,-13,35,-11,33,-15,39,-13,33,-7,35,-5,33,-1,0,0,0,0,0,0,0,0,0,0]"""
1782173635327,2026-06-23T09:13:55.327,warning,breathing,lmh,lying_fast_breath,t001,"CSI_DATA,17654,1a:00:00:00:00:00,-62,11,-98,16,45,11,121166757,47,2,256,0,""[0,0,0,0,0,0,0,0,0,0,0,0,38,16,31,23,35,21,38,25,38,29,33,31,33,33,33,35,40,40,38,42,35,44,35,46,40,46,38,50,29,54,31,61,40,57,31,65,27,61,25,65,21,69,31,59,27,71,29,69,31,78,25,65,19,65,19,71,21,71,25,69,21,67,23,69,23,71,19,65,25,76,23,71,21,67,25,65,27,71,33,69,27,67,31,69,29,69,35,73,25,69,31,71,29,73,27,69,29,73,29,78,33,76,27,76,23,82,19,82,31,80,27,80,25,80,0,0,0,0,0,0,82,-14,82,-14,76,-19,73,-8,78,-8,67,-6,69,-14,73,-12,69,-4,65,0,63,-4,61,-2,63,-6,63,-6,59,-4,59,-2,61,-10,59,-6,57,-2,61,-4,57,-8,59,0,52,-10,52,-4,54,-2,57,-2,57,2,57,-10,61,-4,57,-6,54,0,57,2,59,0,57,0,52,8,63,6,57,8,52,10,52,14,52,19,48,14,52,16,48,23,50,16,46,23,44,23,42,25,42,25,33,29,31,25,31,31,23,27,25,29,21,27,23,27,16,33,12,31,0,0,0,0,0,0,0,0,0,0]"""
1782173635338,2026-06-23T09:13:55.338,warning,breathing,lmh,lying_fast_breath,t001,"CSI_DATA,17655,1a:00:00:00:00:00,-62,11,-98,18,45,11,121176520,47,2,256,0,""[0,0,0,0,0,0,0,0,0,0,0,0,-17,35,-17,31,-23,35,-27,35,-29,35,-27,35,-29,35,-33,35,-37,41,-43,37,-43,37,-43,41,-51,41,-49,37,-53,31,-53,35,-57,41,-57,33,-55,25,-63,31,-65,31,-71,29,-65,27,-61,31,-77,25,-65,33,-67,25,-73,27,-73,17,-65,25,-61,19,-73,23,-71,19,-71,25,-69,25,-69,29,-63,29,-69,31,-65,29,-69,37,-69,29,-65,39,-67,31,-71,33,-67,33,-65,35,-67,39,-63,37,-69,35,-75,33,-73,37,-73,39,-77,33,-77,27,-79,39,-77,31,-79,27,0,0,0,0,0,0,19,81,21,81,19,77,17,73,17,73,13,69,11,69,7,71,7,65,9,59,11,61,13,57,15,61,7,59,9,59,13,57,15,59,11,59,5,57,15,55,17,55,11,57,9,53,5,51,5,55,7,55,11,53,9,51,3,57,15,51,5,55,5,55,1,57,1,57,1,51,-5,57,-1,55,-5,53,-7,59,-9,53,-5,49,-9,47,-13,51,-15,49,-19,47,-13,45,-17,41,-21,43,-19,37,-21,31,-23,33,-25,31,-25,29,-27,27,-21,21,-25,19,-27,17,0,0,0,0,0,0,0,0,0,0]"""
1782173635348,2026-06-23T09:13:55.348,warning,breathing,lmh,lying_fast_breath,t001,"CSI_DATA,17656,1a:00:00:00:00:00,-62,11,-98,19,45,11,121187520,47,2,256,0,""[0,0,0,0,0,0,0,0,0,0,0,0,27,27,27,27,29,31,31,34,29,36,27,34,27,38,27,42,34,42,31,46,32,46,32,48,38,52,38,54,29,58,32,60,40,58,36,63,32,60,31,60,27,67,38,65,34,67,36,65,40,73,40,62,34,65,36,65,38,67,42,62,34,58,40,65,44,63,42,62,48,63,50,58,44,50,52,50,54,54,60,52,58,56,60,46,58,48,63,48,56,44,60,42,62,44,63,40,65,46,67,48,69,44,71,40,69,48,67,48,77,44,75,44,73,46,0,0,0,0,0,0,52,-69,50,-67,40,-67,36,-63,36,-63,38,-56,38,-63,38,-63,34,-62,32,-52,29,-54,29,-50,27,-60,31,-60,27,-54,19,-52,25,-60,23,-56,25,-54,17,-54,11,-54,21,-52,13,-54,15,-54,17,-54,17,-58,15,-50,7,-56,15,-60,5,-54,11,-52,13,-56,13,-58,11,-58,13,-48,17,-58,17,-56,15,-54,17,-54,21,-50,15,-48,19,-46,25,-52,19,-48,23,-46,19,-44,23,-38,23,-44,21,-36,21,-32,25,-31,25,-29,25,-34,25,-31,27,-25,23,-25,29,-21,0,0,0,0,0,0,0,0,0,0]"""
1782173635360,2026-06-23T09:13:55.360,warning,breathing,lmh,lying_fast_breath,t001,"CSI_DATA,17657,1a:00:00:00:00:00,-62,11,-98,20,45,11,121198520,47,2,256,0,""[0,0,0,0,0,0,0,0,0,0,0,0,-9,-37,-7,-37,-5,-41,-5,-45,-1,-43,3,-45,1,-47,5,-52,3,-54,3,-56,5,-56,9,-60,3,-64,5,-64,15,-64,15,-69,9,-69,18,-67,15,-62,16,-65,22,-64,20,-73,24,-69,18,-71,24,-75,20,-73,26,-71,22,-73,22,-71,16,-73,20,-67,18,-77,15,-73,16,-71,15,-75,13,-75,11,-69,9,-73,13,-71,3,-77,3,-75,1,-77,7,-73,-1,-80,5,-73,1,-73,7,-77,-1,-77,-1,-80,1,-88,-3,-79,-1,-84,5,-86,11,-82,0,-88,-1,-84,0,-86,0,0,0,0,0,0,-80,-7,-80,-7,-77,0,-73,-5,-75,-7,-69,-7,-73,-5,-73,-3,-67,-5,-62,-9,-64,-5,-60,-7,-64,-5,-60,0,-60,-5,-58,-1,-65,3,-58,1,-56,-3,-56,1,-58,7,-58,0,-50,5,-54,1,-54,0,-54,3,-60,-1,-56,9,-58,1,-56,7,-56,0,-58,0,-56,1,-54,3,-54,0,-58,0,-56,-3,-56,-3,-54,-5,-54,-9,-47,-7,-50,-11,-52,-13,-52,-11,-48,-15,-48,-13,-45,-18,-43,-11,-37,-20,-39,-18,-33,-18,-33,-16,-33,-20,-33,-24,-26,-20,-26,-28,-18,-28,0,0,0,0,0,0,0,0,0,0]"""
1782173635372,2026-06-23T09:13:55.372,warning,breathing,lmh,lying_fast_breath,t001,"CSI_DATA,17658,1a:00:00:00:00:00,-62,11,-98,19,45,11,121210669,47,2,256,0,""[0,0,0,0,0,0,0,0,0,0,0,0,-36,11,-36,9,-40,13,-46,11,-44,9,-46,7,-46,11,-48,11,-52,15,-52,17,-56,19,-54,19,-62,25,-58,23,-62,21,-63,21,-63,32,-63,25,-63,31,-69,29,-67,31,-65,32,-67,32,-63,42,-65,42,-60,40,-62,36,-58,46,-58,46,-56,52,-52,46,-54,58,-50,54,-50,58,-46,62,-38,62,-38,58,-29,63,-31,71,-23,71,-25,73,-17,73,-21,73,-9,81,-13,71,-5,73,-7,77,-1,75,1,77,3,87,9,83,9,81,5,87,5,81,19,87,21,83,25,81,0,0,0,0,0,0,77,-25,77,-29,71,-32,69,-27,67,-31,67,-27,63,-36,69,-40,56,-38,58,-32,50,-32,48,-34,50,-44,50,-44,42,-42,36,-42,34,-54,34,-46,34,-44,31,-48,25,-52,27,-50,19,-48,21,-48,21,-54,17,-52,21,-48,9,-56,15,-56,7,-54,9,-54,9,-58,9,-56,3,-58,3,-52,7,-58,3,-58,5,-56,1,-58,9,-54,1,-52,3,-52,5,-54,1,-50,3,-50,3,-50,5,-44,-3,-48,3,-42,7,-40,5,-40,3,-40,5,-36,5,-38,3,-36,11,-36,9,-31,0,0,0,0,0,0,0,0,0,0]"""
1782173635384,2026-06-23T09:13:55.384,warning,breathing,lmh,lying_fast_breath,t001,"CSI_DATA,17659,1a:00:00:00:00:00,-62,11,-98,18,45,11,121220792,47,2,256,0,""[0,0,0,0,0,0,0,0,0,0,0,0,-31,-21,-29,-25,-29,-25,-31,-33,-29,-33,-27,-39,-29,-37,-23,-43,-33,-43,-25,-49,-25,-51,-27,-53,-29,-53,-25,-57,-21,-59,-21,-65,-27,-63,-19,-67,-17,-65,-17,-65,-15,-65,-15,-71,-9,-71,-13,-71,-9,-75,-11,-71,-3,-71,-3,-75,-5,-71,-11,-73,-5,-73,-5,-75,-5,-75,-5,-71,-5,-77,-9,-73,-7,-67,-11,-75,-5,-75,-15,-73,-9,-73,-15,-75,-11,-75,-17,-77,-7,-71,-15,-73,-9,-75,-13,-71,-13,-77,-13,-83,-11,-83,-7,-79,-1,-85,1,-83,-7,-87,-7,-81,-5,-83,0,0,0,0,0,0,-81,-3,-79,-3,-77,-1,-77,-9,-75,-11,-65,-13,-71,-7,-71,-11,-67,-5,-63,-15,-59,-13,-59,-15,-59,-11,-61,-11,-57,-13,-55,-9,-63,-9,-59,-11,-51,-11,-55,-11,-55,-7,-57,-15,-49,-7,-53,-9,-51,-13,-53,-11,-53,-13,-55,-7,-55,-15,-53,-13,-51,-19,-53,-21,-51,-17,-55,-15,-49,-21,-53,-27,-49,-25,-47,-23,-51,-29,-43,-31,-43,-29,-41,-33,-41,-35,-35,-31,-35,-33,-33,-35,-27,-39,-29,-35,-21,-37,-19,-35,-17,-33,-15,-33,-15,-35,-9,-37,-11,-33,-3,-35,0,-35,0,0,0,0,0,0,0,0,0,0]"""
1782173635394,2026-06-23T09:13:55.394,warning,breathing,lmh,lying_fast_breath,t001,"CSI_DATA,17660,1a:00:00:00:00:00,-62,11,-98,17,45,11,121231989,47,2,256,0,""[0,0,0,0,0,0,0,0,0,0,0,0,-6,39,-8,39,-10,39,-12,45,-12,43,-14,45,-14,45,-18,47,-20,55,-22,47,-22,55,-22,57,-20,61,-22,59,-30,55,-26,59,-24,67,-32,61,-28,61,-34,63,-30,59,-32,63,-34,63,-30,67,-34,69,-28,69,-34,65,-34,69,-30,65,-26,69,-30,67,-26,71,-26,69,-26,69,-24,71,-20,71,-16,65,-14,73,-14,71,-8,73,-14,73,-4,78,-6,75,-2,78,-10,75,-6,75,-6,78,-2,73,0,75,2,82,6,80,6,82,-4,86,-2,86,8,88,6,86,8,82,0,0,0,0,0,0,84,2,82,0,80,-8,80,4,73,0,71,4,69,-6,73,-4,67,-4,65,0,65,-4,63,-2,65,-10,61,-6,63,-6,59,-10,61,-16,55,-12,55,-8,57,-16,55,-20,57,-12,51,-20,51,-14,51,-12,55,-16,55,-14,49,-22,51,-20,53,-22,51,-16,55,-18,49,-20,49,-24,53,-16,57,-16,53,-16,51,-16,57,-14,53,-12,51,-10,51,-12,51,-10,49,-12,49,-6,51,-8,49,-2,47,-4,47,-2,43,2,41,2,34,4,39,2,36,6,34,6,34,8,34,10,0,0,0,0,0,0,0,0,0,0]"""
1782173635404,2026-06-23T09:13:55.404,warning,breathing,lmh,lying_fast_breath,t001,"CSI_DATA,17661,1a:00:00:00:00:00,-62,11,-98,17,45,11,121242520,47,2,256,0,""[0,0,0,0,0,0,0,0,0,0,0,0,-39,-2,-36,-2,-43,-4,-45,-6,-45,-6,-43,-6,-49,-6,-49,-6,-57,-4,-53,-6,-59,-8,-59,-6,-61,-4,-63,-8,-61,-12,-69,-12,-71,-2,-73,-14,-65,-12,-61,-8,-65,-14,-73,-8,-75,-8,-73,-4,-80,-6,-75,0,-73,-4,-78,0,-75,-4,-73,4,-69,6,-75,6,-73,10,-69,12,-73,16,-73,18,-69,18,-69,22,-71,22,-67,30,-69,28,-67,39,-67,34,-67,43,-63,34,-63,45,-63,43,-59,51,-57,47,-63,49,-61,55,-59,55,-65,57,-67,53,-65,59,-59,61,-57,59,0,0,0,0,0,0,55,57,55,57,59,49,59,53,57,51,55,49,53,43,57,43,55,39,53,41,55,36,51,32,59,32,53,28,55,28,55,22,57,22,55,18,53,20,57,18,57,12,59,20,51,10,53,10,51,16,55,12,57,8,53,0,57,8,57,0,53,4,59,2,57,8,53,4,55,4,57,8,57,2,55,4,57,6,55,8,51,8,55,6,51,10,51,6,47,6,49,6,45,8,45,6,41,8,39,8,41,12,41,10,34,16,36,14,32,12,30,16,30,16,0,0,0,0,0,0,0,0,0,0]"""
1782173635418,2026-06-23T09:13:55.418,warning,breathing,lmh,lying_fast_breath,t001,"CSI_DATA,17662,1a:00:00:00:00:00,-62,11,-98,16,45,11,121254983,47,2,256,0,""[0,0,0,0,0,0,0,0,0,0,0,0,10,-38,14,-35,16,-40,16,-40,19,-42,23,-42,25,-44,25,-44,27,-50,27,-48,27,-50,29,-50,31,-57,31,-52,35,-50,42,-54,38,-59,42,-61,40,-48,44,-52,46,-57,44,-57,46,-59,44,-59,46,-59,40,-61,48,-57,48,-57,50,-57,44,-61,44,-57,44,-61,42,-63,40,-61,35,-67,38,-67,31,-61,31,-69,33,-65,25,-71,27,-67,27,-71,31,-67,23,-73,27,-67,23,-76,25,-76,19,-71,21,-76,23,-82,16,-78,21,-78,27,-82,27,-80,21,-84,19,-84,19,-80,0,0,0,0,0,0,-76,-23,-78,-25,-76,-12,-73,-21,-73,-19,-67,-21,-69,-16,-69,-16,-65,-16,-65,-21,-61,-19,-59,-14,-65,-12,-63,-12,-61,-14,-57,-6,-61,-4,-59,-4,-54,-8,-59,-6,-61,2,-59,-8,-48,-2,-52,0,-54,-4,-52,-6,-59,-4,-54,6,-54,2,-59,4,-59,0,-57,0,-57,-2,-54,-2,-57,-4,-54,-6,-59,-4,-54,-2,-54,-6,-54,-10,-52,-8,-54,-12,-52,-10,-50,-12,-48,-14,-48,-14,-42,-19,-44,-14,-35,-16,-40,-16,-38,-19,-33,-16,-29,-16,-35,-21,-25,-21,-29,-21,-29,-23,0,0,0,0,0,0,0,0,0,0]"""
1782173635428,2026-06-23T09:13:55.428,warning,breathing,lmh,lying_fast_breath,t001,"CSI_DATA,17663,1a:00:00:00:00:00,-62,11,-98,19,45,11,121264519,47,2,256,0,""[0,0,0,0,0,0,0,0,0,0,0,0,21,-32,23,-34,23,-38,25,-36,25,-36,29,-38,29,-40,29,-38,31,-48,32,-46,34,-50,27,-50,31,-58,29,-62,36,-54,34,-56,31,-60,42,-62,34,-62,36,-60,40,-63,34,-65,32,-63,31,-75,31,-75,21,-69,25,-67,25,-71,23,-73,9,-77,13,-67,13,-79,11,-75,11,-73,0,-77,-1,-75,-3,-73,-11,-73,-11,-73,-25,-75,-21,-75,-29,-69,-23,-71,-34,-73,-29,-67,-36,-67,-32,-67,-38,-63,-40,-65,-48,-69,-52,-69,-50,-60,-46,-69,-50,-67,-62,-65,-62,-63,-60,-63,0,0,0,0,0,0,-60,62,-54,60,-48,69,-48,56,-44,58,-42,56,-36,62,-40,63,-34,62,-32,56,-29,56,-27,54,-21,58,-25,62,-19,58,-11,54,-13,62,-7,60,-9,58,-9,54,0,56,-5,54,3,56,0,58,0,58,0,58,1,52,13,58,9,60,13,52,11,54,11,56,17,58,17,54,15,52,15,62,17,58,15,54,13,58,13,52,13,48,13,50,17,52,19,52,13,52,13,44,11,48,15,48,9,42,9,38,3,40,7,34,5,38,9,40,7,38,3,31,0,32,0,0,0,0,0,0,0,0,0,0]"""
1782173635438,2026-06-23T09:13:55.439,warning,breathing,lmh,lying_fast_breath,t001,"CSI_DATA,17664,1a:00:00:00:00:00,-62,11,-98,17,45,11,121275519,47,2,256,0,""[0,0,0,0,0,0,0,0,0,0,0,0,-28,24,-32,20,-32,22,-41,22,-39,22,-43,24,-41,24,-45,24,-47,26,-45,26,-51,28,-51,30,-53,34,-53,34,-57,28,-57,34,-59,41,-63,34,-57,36,-55,30,-61,26,-61,43,-63,36,-63,49,-65,47,-55,49,-59,43,-63,45,-57,45,-49,53,-53,47,-55,55,-53,55,-51,53,-47,61,-47,61,-39,59,-36,65,-32,67,-26,67,-30,67,-26,71,-30,71,-24,75,-26,73,-22,73,-20,75,-16,75,-14,73,-14,82,-6,84,-8,84,-16,86,-14,84,-4,84,-2,88,-2,80,0,0,0,0,0,0,84,4,80,6,82,-4,75,4,73,-2,71,0,71,-6,71,-8,67,-6,67,-4,65,-8,61,-10,61,-14,61,-16,59,-14,57,-20,51,-26,55,-22,55,-20,53,-24,51,-30,53,-24,41,-30,49,-28,49,-28,47,-28,49,-32,43,-36,45,-36,43,-39,41,-32,45,-39,43,-36,39,-36,43,-34,45,-36,43,-36,39,-36,43,-36,43,-32,41,-30,43,-36,41,-30,39,-32,39,-28,39,-32,41,-26,39,-28,39,-24,36,-22,36,-22,32,-18,30,-18,32,-14,32,-16,32,-12,32,-10,0,0,0,0,0,0,0,0,0,0]"""
1782173635449,2026-06-23T09:13:55.449,warning,breathing,lmh,lying_fast_breath,t001,"CSI_DATA,17665,1a:00:00:00:00:00,-62,11,-98,22,44,11,121288257,47,2,256,0,""[0,0,0,0,0,0,0,0,0,0,0,0,23,27,21,31,21,35,19,41,17,41,17,45,17,49,13,45,17,51,13,51,11,57,13,59,15,59,13,63,3,65,3,69,7,69,-3,65,-3,73,-3,63,-13,67,-7,73,-7,69,-13,69,-9,77,-3,71,-15,69,-21,79,-17,69,-15,77,-21,69,-21,81,-15,75,-13,77,-13,75,-17,75,-15,67,-13,73,-17,73,-13,77,-15,71,-7,73,-11,75,-15,81,-17,75,-13,77,-13,75,-11,75,-15,75,-17,79,-17,83,-17,81,-29,79,-25,79,-21,85,-27,85,-31,79,0,0,0,0,0,0,79,45,67,39,73,35,63,39,63,37,59,45,59,37,61,43,55,39,57,39,55,35,51,35,59,35,51,37,53,41,51,35,51,37,49,35,45,37,47,35,53,35,45,41,43,29,43,37,41,37,43,35,41,37,47,35,43,39,47,33,39,39,43,43,35,43,41,41,35,41,35,51,35,47,33,47,31,49,25,45,25,43,25,51,17,53,17,49,17,51,17,49,5,47,7,47,7,43,5,43,0,43,-1,39,-5,37,-9,39,-13,33,-7,33,-17,33,0,0,0,0,0,0,0,0,0,0]"""
1782173635460,2026-06-23T09:13:55.460,warning,breathing,lmh,lying_fast_breath,t001,"CSI_DATA,17666,1a:00:00:00:00:00,-62,11,-98,18,45,11,121297519,47,2,256,0,""[0,0,0,0,0,0,0,0,0,0,0,0,-11,-37,-11,-33,-11,-41,-11,-43,-9,-45,-11,-43,-13,-47,-11,-45,-15,-53,-15,-57,-17,-55,-19,-53,-23,-59,-21,-59,-17,-63,-23,-65,-29,-61,-25,-67,-25,-61,-29,-67,-31,-67,-29,-67,-33,-63,-35,-65,-35,-69,-41,-57,-39,-61,-41,-61,-39,-63,-45,-55,-47,-53,-53,-59,-53,-53,-55,-47,-59,-47,-61,-41,-59,-35,-65,-33,-63,-35,-69,-31,-67,-29,-73,-19,-73,-19,-81,-17,-71,-15,-75,-7,-75,-9,-77,0,-75,-5,-83,-3,-83,-1,-83,3,-85,3,-83,1,-87,3,-81,7,-83,15,0,0,0,0,0,0,11,83,17,79,23,75,25,71,29,67,27,65,25,69,27,69,27,63,29,57,33,57,31,49,37,49,35,51,39,49,43,41,41,45,41,43,37,43,43,35,51,27,47,35,43,29,47,33,45,31,47,29,49,23,53,21,51,25,53,13,49,17,51,15,55,21,53,13,51,9,59,19,53,15,55,13,55,17,51,9,51,11,53,11,55,15,49,15,47,15,49,9,45,11,47,13,41,13,41,9,39,7,35,7,35,11,37,21,33,15,29,13,27,15,0,0,0,0,0,0,0,0,0,0]"""
1782173635470,2026-06-23T09:13:55.470,warning,breathing,lmh,lying_fast_breath,t001,"CSI_DATA,17667,1a:00:00:00:00:00,-62,11,-98,22,44,11,121308562,47,2,256,0,""[0,0,0,0,0,0,0,0,0,0,0,0,-15,35,-17,33,-23,35,-27,37,-29,37,-31,37,-33,37,-37,35,-37,41,-43,39,-41,39,-45,41,-47,39,-49,43,-51,35,-55,41,-51,45,-61,41,-59,35,-57,37,-59,27,-65,41,-67,37,-65,41,-69,39,-65,43,-69,33,-65,37,-69,31,-59,41,-59,37,-65,41,-63,39,-63,37,-63,45,-63,45,-55,39,-59,47,-59,45,-55,51,-61,43,-57,53,-59,49,-57,61,-55,47,-55,49,-59,55,-53,53,-55,55,-61,59,-57,61,-53,61,-67,53,-63,55,-63,63,-57,59,-65,53,0,0,0,0,0,0,47,67,51,71,49,57,47,67,49,55,41,57,43,55,39,59,39,57,41,55,39,51,37,55,47,49,39,49,39,49,39,43,43,49,39,41,33,47,41,47,41,41,43,49,39,39,37,37,35,45,39,45,37,41,41,39,37,45,41,37,37,41,39,47,35,45,37,41,33,43,37,47,33,47,31,47,29,51,25,49,27,45,27,47,25,51,23,51,17,47,23,47,9,47,15,49,9,43,11,47,5,43,5,35,0,39,-1,39,0,43,-1,37,-7,31,0,0,0,0,0,0,0,0,0,0]"""
1782173635483,2026-06-23T09:13:55.483,warning,breathing,lmh,lying_fast_breath,t001,"CSI_DATA,17668,1a:00:00:00:00:00,-62,11,-98,16,45,11,121319519,47,2,256,0,""[0,0,0,0,0,0,0,0,0,0,0,0,-35,-12,-35,-16,-38,-19,-40,-23,-38,-25,-38,-25,-35,-31,-35,-33,-42,-35,-42,-38,-42,-38,-40,-42,-48,-44,-46,-46,-38,-52,-42,-50,-44,-54,-38,-59,-40,-59,-31,-61,-31,-67,-38,-63,-33,-63,-35,-65,-38,-69,-35,-65,-31,-67,-31,-71,-31,-69,-35,-67,-25,-65,-29,-73,-29,-69,-27,-67,-31,-71,-31,-67,-29,-59,-38,-63,-35,-67,-42,-65,-38,-71,-38,-63,-33,-69,-42,-67,-33,-63,-35,-65,-33,-69,-38,-63,-40,-69,-42,-76,-44,-71,-40,-69,-31,-78,-29,-73,-40,-76,-40,-78,-31,-80,0,0,0,0,0,0,-82,23,-80,21,-78,25,-73,16,-71,16,-67,16,-69,21,-73,14,-67,14,-63,10,-57,10,-59,10,-65,12,-63,14,-61,10,-52,16,-63,21,-57,16,-57,8,-54,8,-57,14,-57,4,-52,14,-57,10,-57,6,-57,8,-52,4,-57,16,-59,10,-54,12,-54,4,-57,2,-57,4,-57,4,-52,0,-63,0,-57,-2,-59,-4,-59,-6,-54,-12,-50,-10,-52,-12,-52,-10,-54,-12,-48,-16,-46,-19,-42,-25,-48,-21,-35,-25,-33,-25,-33,-27,-29,-25,-29,-23,-27,-27,-23,-25,-19,-27,-19,-29,0,0,0,0,0,0,0,0,0,0]"""
1782173635493,2026-06-23T09:13:55.493,warning,breathing,lmh,lying_fast_breath,t001,"CSI_DATA,17669,1a:00:00:00:00:00,-62,11,-98,16,45,11,121331241,47,2,256,0,""[0,0,0,0,0,0,0,0,0,0,0,0,33,-21,35,-14,38,-16,42,-16,44,-16,44,-16,48,-16,48,-16,54,-21,52,-21,54,-21,54,-23,57,-23,61,-25,61,-16,65,-23,63,-29,69,-23,61,-23,63,-19,69,-19,67,-25,73,-27,69,-27,73,-29,67,-31,71,-27,69,-31,69,-31,63,-33,67,-35,63,-38,65,-40,61,-40,61,-44,63,-48,54,-46,54,-50,54,-50,48,-59,52,-57,48,-63,50,-57,46,-67,44,-57,44,-65,46,-63,35,-65,35,-69,40,-73,35,-71,40,-76,42,-78,44,-73,33,-80,33,-76,29,-73,0,0,0,0,0,0,-73,-35,-76,-35,-71,-23,-69,-29,-73,-25,-65,-25,-67,-21,-65,-23,-67,-21,-61,-21,-63,-16,-61,-16,-65,-12,-63,-8,-59,-10,-61,-6,-63,-2,-63,0,-57,-2,-61,-2,-54,4,-61,-2,-48,4,-54,2,-54,4,-57,4,-59,6,-54,14,-59,8,-54,16,-57,10,-57,10,-54,10,-52,12,-57,12,-54,8,-57,12,-52,10,-54,10,-57,6,-52,8,-52,6,-52,6,-52,8,-48,4,-48,8,-46,2,-44,2,-44,0,-42,0,-42,0,-42,-2,-40,-2,-42,-4,-35,-6,-38,-8,-35,-12,0,0,0,0,0,0,0,0,0,0]"""
1782173635504,2026-06-23T09:13:55.504,warning,breathing,lmh,lying_fast_breath,t001,"CSI_DATA,17670,1a:00:00:00:00:00,-62,11,-98,16,45,11,121341519,47,2,256,0,""[0,0,0,0,0,0,0,0,0,0,0,0,38,14,33,19,38,21,40,25,40,25,40,25,44,23,44,27,48,29,48,31,50,29,52,27,57,29,57,31,54,33,59,33,63,29,65,38,61,31,57,35,59,38,67,33,69,31,69,27,71,33,73,21,71,27,73,23,71,27,69,16,71,19,69,16,73,12,69,12,76,8,78,2,69,0,78,-6,76,-6,76,-14,73,-12,76,-21,73,-16,78,-27,69,-21,71,-29,73,-29,67,-33,71,-35,73,-38,69,-35,73,-40,78,-40,76,-42,71,-48,69,-50,69,-52,0,0,0,0,0,0,-46,-65,-48,-67,-50,-54,-52,-59,-54,-59,-48,-52,-50,-48,-48,-52,-50,-46,-46,-44,-50,-38,-48,-38,-57,-35,-52,-33,-57,-35,-57,-27,-59,-27,-54,-25,-50,-25,-59,-21,-57,-14,-59,-21,-48,-14,-52,-16,-52,-14,-57,-12,-59,-8,-57,-4,-57,-8,-59,0,-57,-4,-59,-2,-57,-6,-54,-2,-59,0,-54,-4,-57,0,-52,-2,-57,-2,-59,-4,-54,-2,-54,-2,-57,-4,-50,-2,-50,-8,-52,-2,-46,-4,-46,-2,-40,-4,-40,-2,-40,-8,-38,-4,-38,-4,-35,-8,-35,-8,-35,-8,-35,-10,0,0,0,0,0,0,0,0,0,0]"""
1782173635515,2026-06-23T09:13:55.515,warning,breathing,lmh,lying_fast_breath,t001,"CSI_DATA,17671,1a:00:00:00:00:00,-62,11,-98,18,45,11,121352519,47,2,256,0,""[0,0,0,0,0,0,0,0,0,0,0,0,-35,-13,-35,-17,-35,-17,-39,-21,-39,-19,-39,-23,-41,-23,-41,-25,-47,-25,-47,-31,-51,-29,-53,-27,-57,-29,-57,-29,-53,-35,-57,-31,-63,-31,-61,-35,-55,-39,-57,-37,-53,-39,-63,-37,-61,-35,-65,-37,-71,-41,-69,-29,-63,-35,-69,-33,-61,-35,-71,-29,-65,-25,-75,-27,-71,-25,-71,-25,-75,-23,-73,-15,-69,-11,-79,-7,-73,-9,-75,-1,-75,-5,-73,5,-77,0,-81,7,-77,5,-73,7,-75,9,-73,13,-77,9,-83,13,-83,15,-75,21,-83,19,-81,15,-85,21,-83,23,-81,19,0,0,0,0,0,0,15,83,17,75,25,75,27,73,29,69,25,67,21,63,27,73,25,61,25,61,27,61,25,51,31,55,29,55,31,53,35,47,39,51,33,47,33,49,37,41,43,41,39,43,37,41,35,41,37,43,37,41,37,35,41,35,41,41,49,29,41,33,45,35,41,37,47,37,43,31,45,41,45,39,41,37,41,37,39,35,41,33,41,33,39,35,37,37,33,37,39,31,35,35,35,35,27,35,25,29,27,31,21,29,19,29,21,31,17,33,19,27,15,33,0,0,0,0,0,0,0,0,0,0]"""
1782173635525,2026-06-23T09:13:55.525,warning,breathing,lmh,lying_fast_breath,t001,"CSI_DATA,17672,1a:00:00:00:00:00,-62,11,-98,18,45,11,121363519,47,2,256,0,""[0,0,0,0,0,0,0,0,0,0,0,0,29,29,23,29,29,31,27,37,25,37,25,37,27,37,25,43,29,45,33,51,33,51,29,49,35,55,33,57,27,59,31,59,35,57,29,67,27,61,29,61,23,65,33,69,31,65,33,69,37,75,33,61,27,67,33,69,33,73,37,65,35,63,39,65,41,63,39,63,47,63,47,57,43,55,49,53,51,59,57,55,53,55,57,47,53,49,63,51,51,43,61,45,61,43,65,41,67,45,71,53,67,49,67,47,67,49,67,51,75,49,75,45,71,51,0,0,0,0,0,0,51,-67,51,-69,39,-67,39,-65,41,-65,39,-57,41,-61,41,-61,37,-59,33,-53,27,-53,29,-51,25,-59,31,-57,27,-55,19,-53,23,-59,25,-57,25,-51,19,-55,13,-53,21,-55,11,-51,13,-53,19,-55,19,-55,13,-55,9,-57,17,-57,7,-55,11,-51,13,-55,17,-59,11,-57,13,-51,17,-55,15,-57,15,-57,17,-55,15,-49,15,-49,17,-49,21,-53,17,-49,23,-47,19,-43,23,-37,25,-47,21,-31,19,-33,21,-33,21,-29,23,-31,25,-31,29,-29,27,-23,27,-19,0,0,0,0,0,0,0,0,0,0]"""
1782173635536,2026-06-23T09:13:55.536,warning,breathing,lmh,lying_fast_breath,t001,"CSI_DATA,17673,1a:00:00:00:00:00,-62,11,-98,18,45,11,121374519,47,2,256,0,""[0,0,0,0,0,0,0,0,0,0,0,0,23,-29,25,-27,27,-33,33,-33,31,-35,29,-33,31,-33,33,-35,37,-43,37,-43,37,-43,37,-45,37,-49,35,-53,43,-47,47,-49,37,-57,45,-55,37,-55,43,-53,47,-53,43,-63,43,-61,41,-65,37,-71,31,-65,37,-63,35,-67,33,-65,27,-69,29,-65,25,-71,19,-71,21,-69,17,-75,15,-71,9,-67,3,-71,1,-73,-5,-77,-5,-75,-11,-73,-9,-73,-21,-81,-11,-71,-17,-71,-17,-71,-23,-71,-29,-77,-29,-83,-35,-73,-33,-71,-31,-75,-29,-75,-47,-77,-43,-75,-45,-73,0,0,0,0,0,0,-75,39,-71,43,-61,51,-59,41,-59,49,-57,41,-53,45,-55,51,-53,49,-49,43,-43,43,-43,39,-39,51,-41,51,-35,51,-27,47,-27,59,-25,55,-27,49,-23,51,-15,55,-21,53,-15,53,-17,55,-17,55,-15,57,-15,55,-1,57,-5,59,-1,55,-7,55,-9,59,-5,59,0,57,-5,53,-7,61,-3,59,-3,57,-5,59,-1,53,-3,53,-3,53,-1,55,0,53,-1,51,-3,51,-5,47,-3,51,-7,41,-7,39,-9,39,-5,41,-3,37,-5,37,-5,37,-7,29,-15,29,0,0,0,0,0,0,0,0,0,0]"""
1782173635548,2026-06-23T09:13:55.548,warning,breathing,lmh,lying_fast_breath,t001,"CSI_DATA,17674,1a:00:00:00:00:00,-62,11,-98,21,44,11,121385833,47,2,256,0,""[0,0,0,0,0,0,0,0,0,0,0,0,-39,16,-32,14,-36,16,-43,18,-45,16,-43,18,-45,16,-49,16,-53,20,-55,16,-53,18,-55,22,-59,24,-63,22,-61,18,-63,20,-65,28,-65,22,-61,22,-61,30,-67,28,-69,28,-67,30,-67,32,-73,30,-59,36,-67,32,-63,39,-65,36,-59,47,-61,39,-63,45,-59,47,-55,45,-57,55,-51,53,-47,49,-47,59,-45,63,-43,67,-41,65,-30,69,-36,69,-30,69,-30,65,-28,73,-30,73,-20,73,-22,80,-24,78,-16,80,-18,78,-22,88,-22,82,-16,86,-14,88,-10,80,0,0,0,0,0,0,80,10,84,10,75,4,78,6,73,2,73,2,75,-4,71,-4,69,-4,67,-2,63,-2,63,-4,69,-10,61,-10,59,-10,57,-16,59,-24,55,-20,57,-14,55,-24,51,-26,57,-22,49,-26,51,-26,49,-26,51,-30,49,-32,45,-36,53,-32,45,-39,45,-36,51,-34,45,-39,43,-39,41,-34,43,-39,47,-39,43,-36,47,-36,43,-36,36,-36,41,-34,45,-36,41,-34,41,-32,39,-34,36,-26,34,-26,39,-26,32,-26,34,-18,32,-20,36,-20,34,-18,32,-16,34,-14,36,-10,0,0,0,0,0,0,0,0,0,0]"""
1782173635560,2026-06-23T09:13:55.560,warning,breathing,lmh,lying_fast_breath,t001,"CSI_DATA,17675,1a:00:00:00:00:00,-62,11,-98,16,45,11,121396518,47,2,256,0,""[0,0,0,0,0,0,0,0,0,0,0,0,-19,-33,-16,-38,-16,-38,-10,-42,-8,-44,-8,-46,-6,-48,-6,-52,-8,-57,-4,-54,-2,-59,-4,-59,-2,-63,2,-65,12,-65,8,-67,8,-71,19,-71,16,-65,21,-63,25,-63,23,-71,25,-69,23,-71,31,-71,21,-71,29,-69,31,-71,33,-65,29,-67,33,-65,33,-69,31,-67,31,-65,31,-69,29,-69,27,-63,25,-71,31,-67,25,-69,33,-69,23,-73,31,-71,31,-71,33,-69,31,-69,33,-73,31,-71,29,-71,35,-76,33,-71,31,-78,44,-73,46,-69,42,-80,46,-76,44,-69,0,0,0,0,0,0,-61,-57,-63,-59,-63,-50,-59,-50,-57,-50,-48,-54,-50,-44,-48,-52,-44,-48,-42,-50,-46,-50,-42,-48,-46,-52,-40,-48,-40,-50,-40,-44,-44,-44,-40,-44,-31,-46,-40,-42,-40,-42,-35,-48,-35,-42,-33,-42,-29,-44,-33,-44,-35,-48,-38,-46,-33,-48,-35,-44,-31,-48,-31,-52,-27,-48,-27,-50,-25,-50,-21,-57,-19,-50,-19,-50,-14,-54,-14,-54,-14,-52,-12,-54,-8,-54,-6,-50,2,-50,-6,-50,2,-48,4,-46,6,-46,8,-42,10,-40,10,-33,16,-35,19,-33,19,-31,16,-29,25,-25,0,0,0,0,0,0,0,0,0,0]"""
1782173635571,2026-06-23T09:13:55.571,warning,breathing,lmh,lying_fast_breath,t001,"CSI_DATA,17676,1a:00:00:00:00:00,-62,11,-98,18,45,11,121407633,47,2,256,0,""[0,0,0,0,0,0,0,0,0,0,0,0,-21,-33,-19,-31,-23,-39,-23,-39,-19,-43,-17,-41,-19,-41,-17,-45,-21,-51,-21,-53,-17,-53,-21,-53,-23,-59,-21,-61,-15,-63,-15,-65,-21,-67,-17,-71,-15,-63,-13,-63,-13,-65,-17,-75,-11,-69,-15,-71,-13,-81,-19,-71,-11,-73,-15,-73,-13,-75,-19,-75,-13,-67,-17,-75,-23,-71,-19,-67,-25,-73,-29,-69,-23,-63,-29,-67,-29,-69,-37,-69,-33,-71,-39,-63,-31,-65,-43,-69,-33,-63,-39,-61,-39,-65,-41,-61,-43,-63,-51,-73,-41,-71,-45,-69,-41,-73,-37,-67,-51,-71,-51,-73,-45,-69,0,0,0,0,0,0,-75,39,-73,43,-63,47,-65,39,-67,43,-63,33,-61,39,-65,41,-59,39,-55,27,-49,35,-47,35,-53,39,-51,39,-49,31,-45,35,-49,43,-45,39,-43,39,-43,39,-37,41,-45,35,-37,37,-39,39,-43,35,-43,41,-41,39,-41,45,-43,43,-37,43,-41,39,-41,37,-41,43,-43,45,-39,37,-43,37,-43,39,-45,33,-43,37,-43,29,-43,31,-41,29,-47,27,-45,33,-45,27,-41,23,-43,19,-41,25,-37,13,-41,13,-41,9,-39,9,-39,11,-37,9,-39,7,-35,5,-35,-1,0,0,0,0,0,0,0,0,0,0]"""
1782173635580,2026-06-23T09:13:55.580,warning,breathing,lmh,lying_fast_breath,t001,"CSI_DATA,17677,1a:00:00:00:00:00,-62,11,-98,19,45,11,121418518,47,2,256,0,""[0,0,0,0,0,0,0,0,0,0,0,0,11,38,9,36,9,40,7,46,7,46,7,44,9,46,9,48,9,54,13,58,11,58,11,56,13,65,15,65,7,65,11,67,17,67,11,69,11,67,11,75,13,77,11,73,15,73,21,75,17,79,25,71,19,69,23,71,21,73,29,71,27,65,29,77,32,69,36,63,38,69,40,63,40,56,48,56,44,62,56,56,52,58,56,50,52,54,65,54,56,46,63,44,63,46,63,40,65,46,73,50,71,46,71,38,73,42,73,44,83,42,81,40,81,36,0,0,0,0,0,0,42,-77,36,-79,31,-79,29,-71,25,-71,25,-67,25,-67,27,-75,23,-65,19,-63,13,-62,13,-62,9,-65,11,-63,9,-62,1,-56,3,-63,0,-63,3,-62,0,-56,-7,-60,-1,-56,-5,-58,-5,-58,-9,-63,-9,-56,-11,-54,-15,-60,-13,-62,-19,-54,-15,-52,-15,-54,-15,-62,-19,-58,-13,-50,-11,-60,-15,-60,-15,-56,-17,-58,-13,-50,-19,-48,-15,-52,-13,-58,-15,-54,-9,-50,-11,-46,-7,-48,-9,-48,-7,-44,-5,-44,-5,-42,-1,-40,-5,-40,-1,-42,0,-34,0,-32,3,-34,0,0,0,0,0,0,0,0,0,0]"""
1782173635593,2026-06-23T09:13:55.593,warning,breathing,lmh,lying_fast_breath,t001,"CSI_DATA,17678,1a:00:00:00:00:00,-62,11,-98,21,44,11,121429518,47,2,256,0,""[0,0,0,0,0,0,0,0,0,0,0,0,-41,4,-34,-4,-41,-2,-51,-8,-43,-6,-47,-12,-51,-14,-45,-14,-53,-14,-53,-22,-55,-22,-53,-20,-63,-24,-59,-26,-53,-32,-55,-32,-59,-32,-59,-41,-57,-39,-49,-47,-49,-47,-55,-45,-49,-49,-57,-49,-59,-51,-55,-47,-49,-51,-55,-57,-49,-53,-55,-49,-47,-53,-53,-57,-53,-51,-51,-53,-53,-55,-53,-51,-53,-49,-55,-49,-51,-53,-61,-49,-55,-51,-59,-45,-57,-53,-59,-51,-51,-55,-57,-53,-57,-51,-55,-47,-57,-57,-59,-59,-61,-59,-55,-57,-55,-65,-51,-63,-61,-65,-55,-67,-57,-65,0,0,0,0,0,0,-71,43,-71,41,-69,47,-65,39,-63,43,-65,32,-61,36,-69,34,-61,32,-61,26,-59,32,-55,24,-57,32,-59,28,-55,22,-53,30,-59,30,-53,24,-55,22,-53,28,-51,30,-57,22,-51,24,-53,22,-59,22,-53,18,-59,20,-51,28,-59,22,-55,22,-55,16,-55,14,-57,12,-57,20,-55,12,-61,8,-59,10,-59,8,-57,6,-53,0,-55,2,-55,0,-53,-6,-55,-4,-53,-6,-51,-4,-43,-18,-49,-8,-43,-16,-41,-18,-39,-18,-34,-16,-39,-20,-34,-22,-32,-26,-26,-24,-26,-28,0,0,0,0,0,0,0,0,0,0]"""
1782173635603,2026-06-23T09:13:55.603,warning,breathing,lmh,lying_fast_breath,t001,"CSI_DATA,17679,1a:00:00:00:00:00,-62,11,-98,15,45,11,121440518,47,2,256,0,""[0,0,0,0,0,0,0,0,0,0,0,0,-39,8,-39,4,-41,8,-45,4,-45,6,-47,6,-50,8,-52,8,-58,6,-54,8,-58,10,-60,13,-65,15,-60,17,-63,10,-65,10,-67,19,-69,17,-67,19,-69,15,-71,19,-69,21,-69,23,-69,32,-73,30,-67,32,-69,26,-67,34,-67,32,-65,41,-60,34,-63,47,-60,45,-56,45,-54,58,-54,52,-43,50,-45,60,-50,60,-41,67,-41,63,-32,67,-36,69,-23,76,-32,69,-26,73,-26,76,-17,76,-17,78,-19,82,-10,82,-8,80,-15,84,-17,82,-4,91,0,93,4,87,0,0,0,0,0,0,84,-2,82,-2,82,-15,80,-10,76,-10,73,-8,69,-17,73,-19,67,-19,69,-15,60,-19,60,-19,60,-26,58,-30,54,-28,54,-30,52,-39,50,-36,50,-30,47,-39,43,-43,45,-34,39,-39,39,-41,41,-43,34,-43,39,-43,28,-50,34,-54,28,-50,32,-47,32,-52,30,-50,28,-54,26,-47,28,-54,26,-52,23,-52,28,-52,30,-50,23,-47,28,-50,26,-47,21,-52,21,-45,21,-45,26,-43,17,-43,23,-39,23,-39,21,-39,19,-39,19,-34,19,-30,17,-30,19,-30,26,-26,0,0,0,0,0,0,0,0,0,0]"""
1782173635614,2026-06-23T09:13:55.614,warning,breathing,lmh,lying_fast_breath,t001,"CSI_DATA,17680,1a:00:00:00:00:00,-62,11,-98,16,45,11,121451518,47,2,256,0,""[0,0,0,0,0,0,0,0,0,0,0,0,38,-10,40,-10,40,-10,44,-8,44,-10,48,-6,50,-10,50,-6,57,-14,52,-10,57,-10,61,-12,63,-14,63,-16,63,-10,69,-10,69,-23,71,-12,67,-12,67,-14,67,-8,69,-21,71,-14,73,-21,78,-19,71,-27,71,-21,76,-25,69,-23,69,-33,65,-27,71,-38,67,-35,63,-38,65,-42,63,-44,57,-42,57,-50,59,-50,50,-54,52,-54,46,-61,46,-59,44,-65,44,-61,42,-65,42,-65,38,-71,38,-67,40,-76,33,-71,33,-76,42,-78,38,-76,31,-84,29,-84,25,-78,0,0,0,0,0,0,-78,-29,-73,-27,-82,-19,-78,-23,-73,-16,-71,-21,-67,-12,-71,-12,-65,-10,-67,-12,-65,-6,-65,-6,-67,0,-63,-2,-67,-2,-59,4,-63,6,-59,8,-61,6,-54,10,-59,16,-59,10,-50,16,-50,14,-54,14,-54,14,-54,19,-50,25,-57,21,-52,29,-54,25,-57,25,-50,23,-50,27,-50,25,-57,25,-52,25,-46,25,-50,25,-52,21,-48,23,-54,25,-48,23,-46,23,-48,16,-44,23,-46,21,-42,19,-46,16,-40,19,-44,14,-38,12,-35,8,-38,12,-35,8,-35,6,-35,2,0,0,0,0,0,0,0,0,0,0]"""
1782173635624,2026-06-23T09:13:55.624,warning,breathing,lmh,lying_fast_breath,t001,"CSI_DATA,17681,1a:00:00:00:00:00,-62,11,-98,16,45,11,121462518,47,2,256,0,""[0,0,0,0,0,0,0,0,0,0,0,0,-4,42,-10,38,-10,42,-16,44,-16,42,-19,42,-21,44,-27,44,-25,50,-31,48,-31,50,-33,50,-35,50,-40,52,-46,44,-46,48,-46,54,-52,48,-52,46,-57,44,-63,40,-61,44,-59,46,-61,48,-65,46,-59,48,-61,42,-63,46,-65,40,-61,42,-59,38,-67,42,-65,40,-63,35,-63,40,-59,44,-57,40,-61,46,-59,44,-61,46,-63,44,-59,50,-61,48,-65,52,-63,46,-61,48,-63,44,-57,52,-65,44,-69,50,-65,46,-67,48,-73,46,-71,44,-73,48,-73,44,-73,44,0,0,0,0,0,0,27,80,29,76,35,71,27,71,29,73,27,67,25,67,25,69,21,63,19,67,23,61,21,61,21,65,16,61,21,59,21,59,21,61,19,59,16,57,19,57,25,57,14,59,19,54,14,54,12,59,12,57,14,54,16,54,10,59,21,54,10,57,12,59,6,59,10,59,8,54,0,61,2,59,0,57,0,59,-2,57,-2,54,-6,59,-12,54,-10,52,-14,52,-12,50,-12,46,-16,44,-16,42,-19,40,-23,38,-23,33,-23,31,-27,31,-27,23,-25,27,-27,21,0,0,0,0,0,0,0,0,0,0]"""
1782173635635,2026-06-23T09:13:55.635,warning,breathing,lmh,lying_fast_breath,t001,"CSI_DATA,17682,1a:00:00:00:00:00,-62,11,-98,17,45,11,121473887,47,2,256,0,""[0,0,0,0,0,0,0,0,0,0,0,0,10,41,6,39,6,43,4,49,4,47,0,45,2,47,0,51,2,55,2,59,0,55,-2,59,2,65,0,69,-6,63,-8,69,0,71,-6,71,-6,67,-2,71,-4,69,-6,78,-8,73,-4,75,-6,82,0,71,-8,75,-4,75,-4,78,2,75,0,69,2,80,6,80,8,73,8,80,12,75,12,69,18,71,18,75,26,73,22,73,26,71,22,71,34,75,24,67,32,69,28,73,36,65,36,73,41,75,41,71,41,73,36,75,34,75,47,82,47,75,45,73,0,0,0,0,0,0,73,-36,78,-39,69,-45,67,-36,65,-39,59,-34,65,-36,65,-41,59,-36,55,-34,53,-36,49,-36,51,-41,51,-43,49,-39,45,-39,47,-47,45,-45,43,-36,41,-41,39,-43,43,-43,34,-45,36,-45,36,-45,36,-45,34,-45,32,-51,36,-49,30,-51,32,-43,34,-47,39,-49,30,-49,34,-43,39,-51,36,-49,36,-47,36,-45,39,-41,34,-39,36,-41,41,-41,34,-41,36,-36,36,-34,34,-30,36,-39,32,-26,34,-30,32,-26,28,-22,34,-20,34,-20,34,-20,32,-10,34,-12,0,0,0,0,0,0,0,0,0,0]"""
1782173635656,2026-06-23T09:13:55.656,warning,breathing,lmh,lying_fast_breath,t001,"CSI_DATA,17683,1a:00:00:00:00:00,-62,11,-98,16,45,11,121493202,47,2,256,0,""[0,0,0,0,0,0,0,0,0,0,0,0,33,-21,33,-21,38,-14,44,-16,44,-14,46,-14,48,-16,50,-14,57,-21,54,-16,57,-16,57,-19,61,-21,63,-21,63,-14,67,-14,69,-25,69,-19,65,-16,65,-12,67,-8,73,-14,76,-14,71,-21,76,-14,71,-25,73,-19,78,-21,69,-19,69,-25,69,-25,71,-25,69,-25,67,-23,69,-31,69,-38,63,-31,67,-42,65,-38,63,-46,63,-40,59,-50,63,-46,61,-52,59,-48,59,-52,61,-50,54,-54,54,-52,63,-57,57,-57,57,-61,63,-59,63,-57,52,-69,57,-65,59,-65,0,0,0,0,0,0,-59,-61,-57,-57,-61,-48,-61,-52,-61,-52,-57,-50,-54,-46,-54,-50,-52,-42,-50,-42,-52,-38,-50,-35,-57,-38,-50,-35,-52,-33,-52,-29,-57,-31,-52,-27,-48,-29,-54,-23,-57,-21,-57,-29,-48,-14,-52,-21,-50,-27,-52,-23,-54,-21,-54,-14,-57,-21,-59,-12,-57,-14,-63,-19,-54,-19,-54,-19,-54,-14,-52,-23,-57,-21,-52,-21,-54,-21,-52,-23,-50,-23,-52,-23,-52,-25,-48,-21,-42,-27,-50,-23,-46,-25,-44,-25,-35,-27,-38,-25,-31,-27,-35,-25,-27,-27,-29,-27,-25,-27,-25,-27,-21,-29,0,0,0,0,0,0,0,0,0,0]"""
1782173635668,2026-06-23T09:13:55.668,warning,breathing,lmh,lying_fast_breath,t001,"CSI_DATA,17684,1a:00:00:00:00:00,-62,11,-98,16,45,11,121495792,47,2,256,0,""[0,0,0,0,0,0,0,0,0,0,0,0,-10,-40,-8,-38,-6,-42,-6,-48,-6,-46,2,-48,-2,-48,4,-54,2,-57,6,-54,4,-57,6,-61,8,-65,10,-63,16,-59,16,-71,12,-71,23,-71,21,-61,23,-61,31,-63,25,-69,27,-71,25,-69,31,-71,25,-71,31,-69,31,-71,35,-71,29,-69,29,-67,29,-69,25,-69,31,-69,25,-73,25,-73,23,-67,21,-73,27,-73,16,-78,21,-71,19,-78,21,-73,16,-78,23,-73,14,-76,21,-76,14,-76,19,-78,21,-82,16,-78,21,-82,29,-84,29,-82,25,-86,23,-82,21,-82,0,0,0,0,0,0,-78,-33,-80,-38,-76,-25,-69,-33,-71,-31,-65,-33,-67,-29,-67,-29,-63,-29,-59,-33,-57,-29,-59,-31,-59,-27,-59,-29,-57,-29,-54,-25,-57,-25,-57,-23,-50,-27,-54,-25,-57,-19,-52,-29,-50,-16,-50,-21,-50,-25,-50,-23,-54,-27,-54,-19,-54,-25,-52,-19,-54,-25,-54,-27,-50,-29,-50,-25,-50,-27,-48,-31,-48,-33,-46,-31,-46,-33,-42,-38,-44,-35,-42,-35,-38,-40,-38,-38,-31,-35,-35,-40,-25,-44,-31,-35,-23,-40,-21,-35,-16,-42,-19,-35,-12,-40,-12,-38,-8,-35,-4,-38,-4,-35,0,0,0,0,0,0,0,0,0,0]"""
1782173635678,2026-06-23T09:13:55.678,warning,breathing,lmh,lying_fast_breath,t001,"CSI_DATA,17685,1a:00:00:00:00:00,-62,11,-98,17,45,11,121506518,47,2,256,0,""[0,0,0,0,0,0,0,0,0,0,0,0,41,-4,41,-2,43,-2,45,-2,49,-2,47,0,47,-2,51,4,57,-4,59,-4,57,-4,59,-6,63,-12,65,-12,65,-6,69,-12,67,-16,73,-10,63,-10,69,-16,67,-18,75,-16,73,-16,69,-26,75,-26,69,-28,73,-26,73,-30,69,-36,65,-39,65,-36,59,-45,59,-45,59,-47,59,-51,53,-55,49,-53,45,-59,45,-63,39,-71,34,-67,30,-71,30,-65,24,-80,26,-67,20,-69,24,-73,18,-73,10,-80,14,-86,4,-84,4,-84,10,-88,12,-86,-6,-92,-6,-86,-8,-88,0,0,0,0,0,0,-86,10,-86,12,-71,18,-78,14,-82,22,-69,14,-71,28,-71,30,-69,26,-61,20,-59,26,-55,24,-57,34,-55,39,-49,34,-47,39,-49,45,-43,45,-45,36,-41,45,-32,47,-41,47,-28,45,-30,49,-30,47,-28,51,-30,51,-18,55,-24,59,-18,55,-22,55,-22,57,-16,59,-10,57,-16,55,-18,55,-14,57,-10,57,-14,59,-18,55,-10,51,-14,55,-12,55,-8,55,-8,53,-10,55,-12,45,-6,49,-12,43,-12,45,-14,43,-10,41,-10,36,-12,39,-10,36,-12,36,-14,30,0,0,0,0,0,0,0,0,0,0]"""
1782173635689,2026-06-23T09:13:55.689,warning,breathing,lmh,lying_fast_breath,t001,"CSI_DATA,17686,1a:00:00:00:00:00,-62,11,-98,16,45,11,121517923,47,2,256,0,""[0,0,0,0,0,0,0,0,0,0,0,0,33,21,35,21,33,21,35,25,38,25,40,29,44,27,40,29,50,29,46,33,52,31,50,29,54,33,59,31,52,38,61,33,65,29,61,33,61,29,65,33,65,33,65,29,67,29,69,25,76,33,73,21,69,25,78,23,71,14,76,10,73,12,80,8,76,6,71,6,80,2,78,-10,71,-6,76,-16,76,-12,71,-25,73,-19,65,-33,73,-33,71,-38,71,-38,67,-40,69,-40,63,-50,61,-46,67,-52,61,-54,61,-59,69,-57,65,-59,57,-65,57,-61,54,-63,0,0,0,0,0,0,-67,-52,-63,-48,-73,-42,-67,-44,-63,-38,-63,-40,-63,-31,-71,-33,-63,-25,-65,-29,-65,-21,-59,-21,-69,-19,-57,-19,-63,-16,-61,-10,-65,-4,-61,-6,-59,-8,-61,4,-61,8,-61,4,-54,8,-54,4,-54,6,-54,10,-57,14,-52,19,-57,14,-54,23,-54,21,-54,21,-54,21,-52,25,-48,23,-57,23,-54,25,-50,23,-52,21,-52,25,-48,23,-50,27,-50,25,-44,25,-50,21,-44,27,-44,23,-42,25,-44,19,-38,21,-44,19,-40,16,-33,19,-40,8,-33,10,-35,12,-35,8,0,0,0,0,0,0,0,0,0,0]"""
1782173635700,2026-06-23T09:13:55.700,warning,breathing,lmh,lying_fast_breath,t001,"CSI_DATA,17687,1a:00:00:00:00:00,-62,11,-98,15,45,11,121528518,47,2,256,0,""[0,0,0,0,0,0,0,0,0,0,0,0,13,-36,15,-36,19,-41,23,-41,26,-36,26,-39,28,-39,34,-39,36,-45,39,-45,41,-45,39,-45,45,-45,47,-47,50,-36,54,-45,52,-50,60,-41,56,-36,58,-43,60,-36,63,-41,67,-41,67,-41,67,-36,63,-45,67,-36,69,-36,71,-32,63,-34,65,-34,69,-36,67,-36,65,-34,67,-39,67,-41,63,-39,65,-45,65,-39,60,-45,63,-43,63,-47,63,-43,67,-50,63,-43,63,-50,69,-45,63,-52,63,-47,76,-47,67,-47,69,-52,76,-45,78,-47,76,-50,71,-45,73,-45,0,0,0,0,0,0,-32,-78,-30,-76,-34,-71,-34,-76,-34,-73,-32,-67,-28,-65,-23,-69,-26,-65,-21,-63,-26,-58,-23,-63,-26,-63,-23,-65,-23,-63,-28,-56,-28,-60,-21,-56,-15,-56,-23,-58,-30,-54,-21,-58,-21,-50,-19,-52,-19,-54,-17,-56,-19,-56,-26,-56,-19,-60,-26,-56,-21,-54,-21,-58,-15,-58,-19,-56,-17,-54,-10,-58,-13,-60,-8,-56,-8,-60,-8,-58,-6,-56,-4,-58,0,-58,2,-54,6,-52,4,-54,8,-50,8,-47,10,-43,10,-45,15,-41,15,-39,17,-34,21,-34,23,-32,23,-30,19,-28,0,0,0,0,0,0,0,0,0,0]"""
1782173635711,2026-06-23T09:13:55.711,warning,breathing,lmh,lying_fast_breath,t001,"CSI_DATA,17688,1a:00:00:00:00:00,-62,11,-98,17,45,11,121540492,47,2,256,0,""[0,0,0,0,0,0,0,0,0,0,0,0,24,30,24,32,22,39,24,41,26,39,22,43,28,39,28,43,32,49,28,51,30,51,34,49,39,53,39,53,30,59,36,53,43,57,39,63,36,61,36,63,30,63,45,63,45,63,49,61,47,65,49,55,45,57,49,61,51,59,57,55,53,49,61,57,57,49,57,49,65,45,65,41,57,36,71,30,65,39,71,30,73,30,73,18,75,22,80,20,73,18,69,12,78,12,80,10,80,12,88,10,86,2,86,2,88,6,84,6,92,-2,90,0,88,0,0,0,0,0,0,0,0,-88,-4,-84,-12,-80,-10,-78,-12,-71,-10,-69,-12,-73,-12,-78,-14,-69,-12,-67,-18,-61,-16,-61,-24,-63,-20,-61,-24,-57,-30,-53,-30,-61,-30,-57,-26,-55,-36,-47,-36,-43,-34,-49,-36,-45,-34,-49,-32,-51,-39,-47,-41,-43,-47,-41,-41,-45,-45,-34,-41,-36,-47,-39,-47,-43,-47,-41,-43,-32,-45,-43,-47,-41,-45,-39,-43,-43,-41,-34,-43,-30,-45,-32,-45,-41,-43,-34,-39,-41,-41,-30,-34,-32,-39,-34,-30,-34,-30,-30,-28,-32,-26,-28,-24,-30,-26,-34,-24,-28,-22,-24,-18,-32,0,0,0,0,0,0,0,0,0,0]"""
1782173635721,2026-06-23T09:13:55.721,warning,breathing,lmh,lying_fast_breath,t001,"CSI_DATA,17689,1a:00:00:00:00:00,-62,11,-98,17,45,11,121552572,47,2,256,0,""[0,0,0,0,0,0,0,0,0,0,0,0,-24,-30,-20,-34,-20,-39,-22,-41,-20,-41,-22,-41,-24,-43,-22,-43,-30,-47,-28,-51,-32,-53,-32,-51,-36,-55,-34,-55,-32,-59,-36,-59,-43,-55,-43,-63,-39,-57,-41,-63,-41,-63,-43,-59,-51,-57,-53,-57,-49,-61,-53,-51,-51,-55,-55,-53,-53,-55,-63,-45,-59,-45,-63,-49,-63,-43,-63,-41,-67,-36,-69,-26,-67,-28,-71,-22,-71,-24,-73,-16,-75,-18,-80,-4,-78,-8,-82,-4,-80,-4,-78,4,-80,4,-80,8,-78,8,-88,8,-82,8,-84,16,-88,16,-90,16,-86,20,-84,22,-84,24,0,0,0,0,0,0,24,82,28,80,36,75,36,67,39,71,32,65,39,63,36,67,39,59,36,57,43,55,39,49,47,51,41,51,43,45,47,39,53,41,47,39,45,41,51,34,57,26,51,30,51,26,51,26,53,28,55,28,53,20,57,20,55,22,57,10,55,14,57,14,57,16,61,10,59,8,61,16,57,14,57,12,59,14,55,8,55,6,59,8,55,12,55,8,53,10,51,6,51,10,51,8,47,10,45,10,47,8,41,8,36,10,36,14,36,12,34,14,34,12,0,0,0,0,0,0,0,0,0,0]"""
1782173635730,2026-06-23T09:13:55.730,warning,breathing,lmh,lying_fast_breath,t001,"CSI_DATA,17690,1a:00:00:00:00:00,-62,11,-98,15,45,11,121563317,47,2,256,0,""[0,0,0,0,0,0,0,0,0,0,0,0,32,-19,39,-13,43,-17,45,-13,45,-10,47,-8,50,-6,52,-6,56,-10,58,-4,60,-2,60,-4,67,-2,67,0,67,8,67,2,69,2,73,10,71,8,71,17,73,23,76,13,73,19,73,15,80,19,76,15,71,21,76,21,76,23,76,19,67,19,80,21,78,19,73,19,76,19,78,15,69,17,78,10,78,17,78,8,78,17,78,4,76,10,87,13,78,10,80,10,80,10,76,8,84,13,87,17,89,13,87,6,87,19,89,19,91,19,91,19,84,21,0,0,0,0,0,0,34,-82,32,-80,26,-84,23,-71,26,-73,26,-69,28,-71,32,-73,30,-65,30,-60,26,-63,23,-56,23,-65,28,-60,26,-58,17,-58,21,-65,23,-63,28,-56,19,-56,15,-58,23,-56,17,-54,26,-54,26,-56,26,-56,21,-54,21,-58,26,-56,19,-56,23,-52,28,-54,30,-56,28,-52,23,-47,34,-54,36,-52,32,-50,36,-50,34,-43,32,-43,36,-43,43,-43,41,-43,43,-36,36,-36,41,-32,41,-30,39,-26,36,-23,39,-19,36,-19,41,-15,43,-13,41,-10,32,-8,39,0,0,0,0,0,0,0,0,0,0,0]"""
1782173635740,2026-06-23T09:13:55.740,warning,breathing,lmh,lying_fast_breath,t001,"CSI_DATA,17691,1a:00:00:00:00:00,-62,11,-98,16,45,11,121572517,47,2,256,0,""[0,0,0,0,0,0,0,0,0,0,0,0,40,0,40,4,46,4,46,10,48,8,46,14,48,16,46,19,52,23,52,23,54,27,52,27,59,29,61,33,54,38,54,44,59,42,54,44,52,42,57,54,57,54,52,54,52,52,54,54,52,61,52,50,48,61,48,63,46,63,50,59,44,54,52,65,50,61,44,59,52,61,48,57,42,54,46,57,50,59,57,59,52,61,52,54,48,61,59,59,48,57,48,59,48,63,54,57,54,65,52,67,54,67,50,63,46,76,40,73,52,76,52,73,46,76,0,0,0,0,0,0,82,-33,78,-33,76,-38,69,-27,71,-29,69,-23,69,-27,73,-27,69,-21,65,-16,61,-16,59,-16,63,-21,63,-21,63,-16,54,-19,61,-23,63,-19,59,-14,57,-14,57,-21,59,-12,57,-16,61,-14,59,-16,57,-12,52,-8,59,-16,61,-12,59,-14,57,-8,61,-8,61,-6,61,-10,54,0,65,2,63,-4,61,0,63,2,57,8,50,6,57,10,59,14,57,10,52,16,50,19,44,23,48,21,38,23,38,21,35,27,31,23,31,25,29,31,25,27,21,29,14,35,0,0,0,0,0,0,0,0,0,0]"""
1782173635752,2026-06-23T09:13:55.752,warning,breathing,lmh,lying_fast_breath,t001,"CSI_DATA,17692,1a:00:00:00:00:00,-62,11,-98,17,45,11,121583517,47,2,256,0,""[0,0,0,0,0,0,0,0,0,0,0,0,34,-18,36,-18,34,-18,43,-20,45,-20,43,-18,45,-22,49,-22,51,-28,53,-24,57,-24,53,-26,57,-32,59,-32,61,-28,61,-32,61,-39,65,-34,59,-36,61,-39,63,-43,61,-43,63,-41,59,-49,63,-49,53,-51,59,-47,61,-53,53,-53,49,-59,51,-55,51,-63,45,-61,41,-61,39,-69,32,-67,32,-63,28,-71,26,-73,20,-78,20,-75,12,-75,14,-78,4,-82,10,-75,4,-80,4,-80,-6,-78,-6,-82,-8,-88,-10,-84,-10,-84,-12,-92,-8,-84,-20,-84,-26,-82,-26,-84,0,0,0,0,0,0,-86,26,-84,24,-78,34,-75,24,-73,30,-71,28,-67,36,-69,36,-61,36,-59,30,-57,36,-53,34,-55,43,-53,45,-51,39,-43,41,-45,51,-39,47,-43,43,-36,49,-32,55,-36,51,-26,51,-26,53,-26,51,-24,55,-28,53,-18,59,-22,59,-14,57,-20,55,-18,59,-14,55,-10,61,-12,55,-14,61,-10,59,-10,59,-12,59,-14,59,-12,53,-14,59,-12,59,-10,57,-12,55,-8,51,-10,49,-8,51,-16,45,-8,47,-14,41,-10,45,-8,36,-12,39,-12,36,-14,36,-18,32,0,0,0,0,0,0,0,0,0,0]"""
1782173635763,2026-06-23T09:13:55.763,warning,breathing,lmh,lying_fast_breath,t001,"CSI_DATA,17693,1a:00:00:00:00:00,-62,11,-98,16,45,11,121596811,47,2,256,0,""[0,0,0,0,0,0,0,0,0,0,0,0,19,-38,23,-35,25,-33,33,-38,29,-35,33,-35,31,-38,38,-35,42,-44,42,-35,46,-40,42,-44,48,-44,50,-46,57,-35,57,-42,61,-48,59,-40,57,-38,59,-40,63,-38,65,-40,65,-38,63,-38,71,-35,61,-44,67,-38,71,-40,67,-38,63,-42,61,-38,67,-40,63,-42,61,-40,65,-44,61,-52,57,-46,59,-50,59,-48,54,-54,59,-50,52,-61,57,-57,57,-59,54,-52,52,-59,59,-63,52,-61,57,-59,59,-63,57,-61,59,-65,65,-65,61,-61,63,-67,61,-67,57,-65,0,0,0,0,0,0,-59,-65,-52,-65,-57,-54,-59,-61,-52,-57,-48,-57,-48,-54,-50,-57,-44,-50,-46,-52,-48,-50,-46,-48,-52,-48,-46,-46,-46,-46,-46,-40,-48,-44,-46,-42,-42,-42,-48,-35,-52,-35,-44,-40,-44,-33,-44,-35,-42,-40,-46,-35,-50,-38,-46,-33,-46,-42,-50,-31,-46,-35,-50,-42,-46,-40,-46,-38,-44,-38,-46,-44,-44,-40,-40,-40,-38,-44,-44,-48,-38,-42,-40,-42,-35,-48,-33,-48,-29,-46,-31,-42,-25,-44,-25,-42,-21,-44,-16,-38,-16,-42,-19,-38,-10,-40,-8,-38,-6,-42,-6,-38,-2,-38,0,0,0,0,0,0,0,0,0,0]"""
1782173635775,2026-06-23T09:13:55.775,warning,breathing,lmh,lying_fast_breath,t001,"CSI_DATA,17694,1a:00:00:00:00:00,-61,11,-98,20,44,11,121615132,47,2,256,0,""[0,0,0,0,0,0,0,0,0,0,0,0,6,38,8,40,6,46,0,44,-2,46,-2,50,-4,48,-4,50,-6,61,-10,57,-12,57,-12,61,-10,63,-12,63,-23,63,-25,67,-21,69,-35,69,-27,57,-29,65,-29,67,-40,63,-40,67,-38,63,-44,69,-35,63,-44,61,-46,67,-48,63,-42,63,-44,59,-50,65,-44,65,-44,63,-44,67,-44,67,-44,61,-40,65,-40,67,-38,71,-44,67,-33,67,-42,71,-44,73,-44,65,-38,69,-46,65,-40,69,-42,69,-46,71,-50,71,-48,76,-57,69,-61,71,-54,76,-54,71,-57,71,0,0,0,0,0,0,59,69,61,63,63,59,54,61,54,57,46,63,48,61,48,59,40,61,38,63,44,54,38,54,44,57,40,54,35,52,42,50,46,46,38,48,35,46,35,52,44,50,35,57,29,46,31,48,35,54,35,48,33,50,35,52,33,54,38,50,33,54,31,54,27,57,29,57,27,54,21,59,23,57,23,59,23,59,14,59,12,57,10,63,8,63,8,59,6,54,8,54,-4,54,2,57,-6,46,-6,48,-8,46,-8,44,-12,42,-16,44,-14,33,-21,35,-25,31,0,0,0,0,0,0,0,0,0,0]"""
1782173635786,2026-06-23T09:13:55.786,warning,breathing,lmh,lying_fast_breath,t001,"CSI_DATA,17695,1a:00:00:00:00:00,-62,11,-98,15,45,11,121616517,47,2,256,0,""[0,0,0,0,0,0,0,0,0,0,0,0,-32,26,-34,23,-36,26,-41,26,-39,23,-41,26,-47,23,-50,21,-54,26,-50,21,-56,26,-56,26,-60,30,-63,26,-65,17,-67,23,-65,30,-69,23,-65,19,-67,23,-67,19,-76,21,-73,23,-73,21,-80,21,-73,28,-78,21,-76,23,-73,21,-71,28,-67,26,-73,28,-73,28,-67,28,-71,34,-73,36,-65,32,-67,41,-67,36,-67,45,-67,39,-60,52,-65,45,-65,52,-63,45,-60,52,-65,52,-60,54,-63,54,-67,54,-60,56,-67,60,-73,58,-71,54,-67,60,-65,60,-67,58,0,0,0,0,0,0,50,67,50,69,54,58,52,65,56,63,45,58,50,58,47,58,45,56,45,54,47,52,45,50,50,50,43,52,45,47,52,43,50,41,45,43,43,47,47,39,56,34,50,39,45,34,47,36,47,39,50,34,50,36,52,30,50,36,52,28,50,36,54,34,50,39,50,34,50,36,45,39,47,39,43,36,47,41,43,43,43,36,45,39,43,43,41,39,36,43,39,39,34,41,32,39,28,39,28,36,26,36,19,39,19,36,13,43,13,34,17,34,10,36,0,0,0,0,0,0,0,0,0,0]"""
1782173635798,2026-06-23T09:13:55.798,warning,breathing,lmh,lying_fast_breath,t001,"CSI_DATA,17696,1a:00:00:00:00:00,-60,11,-98,15,43,11,121627517,47,2,256,0,""[0,0,0,0,0,0,0,0,0,0,0,0,27,30,21,32,27,38,30,38,24,38,27,43,27,43,27,46,35,49,35,49,35,46,41,46,41,49,41,57,32,54,38,54,46,54,41,62,38,60,35,52,38,65,49,62,46,57,52,60,52,60,54,46,49,54,54,60,54,54,62,52,57,52,65,52,57,49,62,43,65,38,68,35,65,32,76,30,79,41,90,21,71,30,60,10,76,30,57,43,38,21,54,5,52,-38,65,35,90,46,13,-10,95,-21,35,49,57,79,82,19,95,-98,82,-57,60,-68,0,0,0,0,0,0,38,-150,-19,-112,-24,-147,0,-115,-49,-128,-62,-136,-30,-84,38,-82,-38,-19,-32,-79,-54,-32,-38,-73,-57,-71,-10,-38,-24,-62,-46,-49,-38,-54,-49,-49,-46,-41,-32,-52,-49,-46,-41,-52,-38,-41,-43,-43,-35,-46,-46,-41,-49,-41,-54,-32,-52,-43,-57,-30,-54,-30,-52,-32,-54,-41,-57,-35,-46,-30,-52,-41,-54,-35,-49,-38,-52,-32,-52,-32,-46,-27,-49,-27,-52,-35,-52,-30,-46,-32,-46,-21,-43,-32,-43,-27,-35,-24,-41,-30,-38,-24,-38,-27,-35,-27,-30,-30,-30,-30,-24,-24,-24,-27,0,0,0,0,0,0,0,0,0,0]"""
1782173635808,2026-06-23T09:13:55.808,warning,breathing,lmh,lying_fast_breath,t001,"CSI_DATA,17697,1a:00:00:00:00:00,-61,11,-98,14,45,11,121641617,47,2,256,0,""[0,0,0,0,0,0,0,0,0,0,0,0,-40,-4,-42,-6,-42,-6,-47,-8,-44,-11,-49,-13,-51,-11,-49,-13,-60,-13,-58,-13,-62,-11,-62,-6,-64,-8,-67,-6,-67,-13,-69,-6,-76,-4,-76,-6,-69,-4,-73,-13,-73,-13,-76,-4,-78,-2,-76,4,-78,2,-76,8,-76,4,-80,8,-76,11,-76,17,-71,17,-78,20,-73,22,-71,24,-73,29,-71,35,-64,31,-64,44,-62,44,-58,53,-60,51,-53,58,-58,58,-51,62,-51,60,-51,64,-51,64,-42,64,-40,69,-42,76,-40,76,-38,80,-44,80,-44,78,-31,85,-31,87,-24,85,0,0,0,0,0,0,82,26,82,20,82,15,80,17,78,13,78,13,76,8,76,6,73,4,69,6,71,0,67,-2,71,-6,64,-6,67,-8,62,-13,64,-20,60,-17,60,-17,58,-24,58,-31,58,-26,49,-26,51,-26,53,-26,53,-31,51,-35,44,-44,47,-42,42,-44,47,-42,49,-44,44,-42,40,-49,40,-44,47,-44,42,-44,40,-44,42,-42,44,-49,38,-44,42,-47,40,-47,38,-44,38,-40,35,-42,35,-42,31,-40,35,-38,35,-33,33,-35,29,-31,31,-29,33,-29,31,-26,33,-22,33,-24,0,0,0,0,0,0,0,0,0,0]"""
1782173635823,2026-06-23T09:13:55.823,warning,breathing,lmh,lying_fast_breath,t001,"CSI_DATA,17699,1a:00:00:00:00:00,-61,11,-98,15,45,11,121661645,47,2,256,0,""[0,0,0,0,0,0,0,0,0,0,0,0,8,-41,8,-39,10,-45,15,-45,15,-47,19,-47,19,-50,21,-47,21,-54,17,-54,21,-56,19,-54,19,-65,21,-65,26,-60,28,-63,23,-69,32,-69,28,-65,28,-63,32,-65,32,-73,32,-69,23,-76,28,-76,19,-76,28,-71,26,-78,26,-73,17,-76,19,-69,17,-78,19,-78,17,-73,13,-82,10,-76,4,-67,0,-78,4,-80,-8,-80,-4,-80,-8,-78,-4,-76,-15,-87,-10,-76,-15,-76,-10,-80,-19,-76,-21,-80,-23,-87,-26,-84,-23,-80,-21,-87,-19,-84,-30,-89,-34,-87,-28,-87,0,0,0,0,0,0,-84,28,-82,26,-78,34,-76,23,-76,26,-71,23,-71,32,-76,32,-67,32,-65,26,-63,30,-60,28,-60,32,-58,34,-54,32,-52,34,-54,45,-52,43,-52,34,-47,39,-45,43,-52,41,-39,43,-45,43,-43,41,-43,45,-47,41,-39,52,-41,50,-39,50,-39,45,-41,50,-39,47,-34,50,-39,45,-45,50,-41,50,-39,47,-45,50,-41,41,-39,45,-41,41,-41,43,-36,43,-39,41,-39,39,-39,32,-36,34,-39,28,-36,28,-36,19,-36,26,-32,26,-41,26,-34,21,-32,10,-36,10,0,0,0,0,0,0,0,0,0,0]"""
1782173635841,2026-06-23T09:13:55.841,warning,breathing,lmh,lying_fast_breath,t001,"CSI_DATA,17700,1a:00:00:00:00:00,-61,11,-98,16,45,11,121681163,47,2,256,0,""[0,0,0,0,0,0,0,0,0,0,0,0,8,40,6,40,4,46,4,46,4,48,0,46,4,50,4,50,2,57,2,61,2,59,6,59,6,67,4,65,-2,69,0,69,4,71,0,71,2,71,4,71,2,69,4,80,4,73,6,78,4,84,10,76,4,76,8,80,6,78,14,80,10,73,16,80,19,78,19,73,27,78,25,73,25,65,35,67,33,73,42,69,40,69,46,63,40,67,52,69,42,61,48,61,50,61,52,54,57,63,59,65,65,65,59,63,61,65,57,63,69,65,69,63,67,61,0,0,0,0,0,0,63,-67,61,-65,50,-65,50,-59,48,-61,48,-57,50,-63,48,-65,42,-61,42,-57,38,-57,33,-54,31,-63,31,-61,29,-59,21,-59,23,-65,19,-61,25,-59,21,-57,10,-61,21,-61,14,-59,14,-59,14,-61,14,-59,10,-57,6,-65,8,-65,2,-61,8,-59,8,-61,8,-63,4,-63,4,-59,8,-65,6,-67,4,-61,4,-65,10,-54,6,-54,4,-57,10,-61,8,-57,8,-59,8,-50,12,-48,8,-52,14,-44,10,-46,14,-44,12,-40,12,-42,16,-40,16,-40,19,-33,21,-33,0,0,0,0,0,0,0,0,0,0]"""
1782173635853,2026-06-23T09:13:55.853,warning,breathing,lmh,lying_fast_breath,t001,"CSI_DATA,17701,1a:00:00:00:00:00,-61,11,-98,15,45,11,121682517,47,2,256,0,""[0,0,0,0,0,0,0,0,0,0,0,0,-36,13,-39,15,-39,15,-47,13,-45,8,-52,4,-47,8,-45,4,-58,4,-56,0,-63,-2,-58,-4,-69,-2,-67,-4,-69,-15,-67,-15,-71,-13,-67,-21,-69,-21,-69,-21,-67,-23,-73,-32,-65,-32,-71,-32,-73,-36,-69,-30,-60,-36,-69,-41,-65,-36,-71,-36,-58,-36,-76,-41,-69,-43,-65,-41,-71,-41,-65,-36,-63,-34,-67,-32,-67,-36,-71,-34,-67,-41,-67,-32,-65,-41,-76,-39,-69,-43,-69,-41,-67,-43,-69,-41,-71,-41,-73,-50,-73,-43,-67,-45,-69,-56,-65,-54,-73,-56,-71,-56,-67,-56,0,0,0,0,0,0,-69,58,-65,52,-63,60,-63,47,-60,45,-63,41,-60,47,-67,47,-63,43,-60,39,-54,39,-54,36,-58,36,-58,39,-58,36,-50,36,-56,39,-54,36,-56,28,-54,28,-52,34,-54,28,-52,34,-58,30,-58,26,-56,28,-54,21,-54,32,-60,26,-54,28,-52,23,-58,21,-58,21,-58,21,-56,15,-67,17,-63,13,-60,13,-65,15,-58,0,-58,4,-60,2,-60,2,-56,0,-56,-6,-54,-6,-52,-13,-54,-10,-50,-17,-43,-17,-39,-19,-39,-21,-36,-19,-34,-26,-36,-28,-26,-23,-26,-30,0,0,0,0,0,0,0,0,0,0]"""
1782173635863,2026-06-23T09:13:55.863,warning,breathing,lmh,lying_fast_breath,t001,"CSI_DATA,17702,1a:00:00:00:00:00,-62,11,-98,16,45,11,121693517,47,2,256,0,""[0,0,0,0,0,0,0,0,0,0,0,0,27,29,27,31,27,35,29,38,29,38,27,42,27,42,23,42,31,50,25,50,25,57,25,54,33,59,29,59,19,67,23,61,29,69,21,69,25,67,23,73,23,76,25,73,21,71,23,76,23,80,21,71,16,71,21,78,21,73,29,73,19,69,27,78,27,73,29,71,33,73,29,71,29,65,33,67,33,69,42,67,38,69,42,61,40,67,46,69,38,69,46,63,44,65,44,61,50,67,48,71,48,69,50,71,46,78,42,73,50,78,52,73,48,76,0,0,0,0,0,0,78,-44,73,-42,71,-48,71,-38,67,-40,69,-33,65,-40,67,-40,61,-33,61,-31,59,-31,54,-29,57,-38,52,-38,54,-31,50,-33,54,-42,52,-42,54,-31,44,-35,50,-42,54,-33,44,-40,46,-40,46,-40,46,-40,50,-35,46,-42,50,-42,44,-42,50,-35,54,-38,44,-40,48,-44,46,-33,50,-40,48,-38,48,-38,52,-38,52,-27,48,-29,52,-25,54,-27,50,-27,54,-23,48,-23,48,-16,50,-19,46,-12,46,-12,44,-8,42,-10,42,-10,40,-2,42,-2,42,4,38,8,0,0,0,0,0,0,0,0,0,0]"""
1782173635875,2026-06-23T09:13:55.875,warning,breathing,lmh,lying_fast_breath,t001,"CSI_DATA,17703,1a:00:00:00:00:00,-62,11,-98,15,45,11,121704517,47,2,256,0,""[0,0,0,0,0,0,0,0,0,0,0,0,-34,-28,-30,-28,-32,-28,-34,-34,-30,-39,-28,-36,-28,-41,-28,-45,-32,-45,-30,-50,-28,-54,-28,-54,-34,-56,-32,-60,-26,-63,-26,-67,-30,-65,-21,-73,-21,-67,-21,-65,-15,-67,-23,-76,-15,-73,-19,-73,-17,-80,-19,-76,-13,-78,-13,-78,-17,-73,-19,-73,-15,-73,-19,-78,-19,-73,-19,-73,-21,-80,-23,-76,-21,-71,-23,-73,-23,-73,-28,-76,-26,-76,-34,-73,-23,-76,-34,-78,-23,-69,-30,-71,-28,-76,-30,-69,-34,-76,-32,-82,-34,-78,-32,-80,-26,-87,-21,-80,-34,-91,-26,-84,-32,-84,0,0,0,0,0,0,-91,17,-87,15,-82,21,-76,13,-80,15,-76,8,-78,15,-80,15,-73,13,-69,6,-67,10,-65,6,-69,13,-67,10,-65,6,-60,10,-67,17,-65,13,-60,6,-60,13,-58,17,-60,8,-54,17,-58,13,-60,10,-63,13,-60,6,-56,17,-65,8,-60,10,-60,6,-63,6,-63,6,-60,10,-58,4,-65,2,-65,2,-60,2,-63,0,-60,-4,-54,-6,-60,-8,-60,-8,-56,-10,-54,-13,-54,-15,-50,-15,-52,-15,-43,-21,-39,-19,-41,-21,-39,-21,-36,-21,-34,-26,-28,-23,-26,-28,-23,-28,0,0,0,0,0,0,0,0,0,0]"""
1782173635884,2026-06-23T09:13:55.884,warning,breathing,lmh,lying_fast_breath,t001,"CSI_DATA,17704,1a:00:00:00:00:00,-62,11,-98,15,45,11,121715634,47,2,256,0,""[0,0,0,0,0,0,0,0,0,0,0,0,8,41,2,41,-2,45,-4,47,-4,45,-8,47,-8,50,-6,52,-13,58,-15,56,-17,60,-15,58,-21,63,-23,63,-30,60,-34,65,-28,67,-39,65,-36,58,-36,63,-39,63,-45,60,-45,60,-45,63,-52,65,-43,63,-50,58,-54,60,-56,54,-50,56,-47,58,-52,54,-50,56,-50,54,-52,60,-52,63,-47,54,-50,58,-47,58,-45,63,-52,58,-47,67,-52,63,-50,65,-47,58,-43,60,-54,63,-47,65,-52,65,-54,65,-54,65,-58,67,-65,63,-65,60,-67,65,-60,60,-63,58,0,0,0,0,0,0,50,71,47,71,47,65,45,69,45,67,36,65,41,65,39,69,32,60,30,60,34,58,30,58,39,60,30,58,30,60,32,56,36,58,30,56,26,56,28,56,36,54,28,58,26,47,28,54,26,56,23,56,28,58,32,52,26,58,32,54,23,56,23,58,17,60,19,58,17,58,13,60,15,60,15,60,13,60,6,60,6,58,2,63,-4,63,-2,58,-6,56,-2,54,-8,54,-4,50,-10,45,-13,43,-19,41,-8,41,-17,36,-17,34,-23,28,-26,34,-28,30,0,0,0,0,0,0,0,0,0,0]"""
1782173635895,2026-06-23T09:13:55.895,warning,breathing,lmh,lying_fast_breath,t001,"CSI_DATA,17705,1a:00:00:00:00:00,-61,11,-98,14,45,11,121726516,47,2,256,0,""[0,0,0,0,0,0,0,0,0,0,0,0,-6,-40,-4,-42,-2,-42,2,-49,0,-49,4,-49,4,-53,6,-49,4,-60,8,-55,11,-62,8,-64,8,-64,13,-64,20,-64,15,-69,13,-71,20,-73,15,-69,22,-71,26,-71,22,-71,22,-76,20,-78,26,-78,17,-76,26,-71,24,-78,22,-73,17,-78,20,-73,20,-80,17,-76,17,-71,15,-80,13,-78,13,-69,6,-78,8,-76,2,-78,4,-76,-4,-78,2,-80,-4,-82,2,-80,0,-80,0,-80,-2,-78,-6,-80,-2,-89,-8,-85,-8,-87,0,-91,2,-89,-11,-91,-8,-89,-8,-91,0,0,0,0,0,0,-87,0,-82,-2,-85,8,-82,-2,-78,2,-76,-2,-73,4,-80,0,-71,4,-71,-2,-71,2,-67,-2,-71,4,-64,2,-67,2,-60,4,-67,13,-62,8,-67,6,-60,13,-62,17,-64,6,-53,17,-60,11,-58,8,-60,13,-64,13,-60,20,-60,13,-60,17,-60,13,-64,11,-55,15,-62,15,-60,11,-64,11,-62,8,-58,11,-64,8,-62,2,-55,6,-62,2,-62,0,-55,0,-53,0,-55,0,-53,-4,-53,-4,-51,-8,-47,-6,-42,-13,-42,-11,-38,-8,-35,-17,-38,-15,-38,-13,-35,-22,0,0,0,0,0,0,0,0,0,0]"""
1782173635905,2026-06-23T09:13:55.905,warning,breathing,lmh,lying_fast_breath,t001,"CSI_DATA,17706,1a:00:00:00:00:00,-61,11,-98,15,45,11,121737516,47,2,256,0,""[0,0,0,0,0,0,0,0,0,0,0,0,8,41,4,41,2,43,2,45,0,43,0,47,0,50,-6,52,-4,60,-8,56,-10,63,-10,58,-8,65,-10,63,-19,65,-17,69,-15,71,-26,71,-21,65,-23,69,-26,67,-30,71,-28,73,-28,71,-32,76,-28,73,-32,69,-34,76,-34,67,-28,71,-32,67,-32,78,-30,71,-28,69,-30,73,-28,76,-26,69,-23,76,-26,71,-19,76,-21,71,-13,78,-19,78,-19,80,-23,80,-19,78,-21,80,-17,78,-19,80,-19,87,-19,87,-19,84,-26,87,-28,80,-21,89,-21,89,-23,87,0,0,0,0,0,0,78,34,78,34,78,32,76,34,71,30,71,32,65,26,76,32,67,28,63,32,65,28,60,28,67,26,63,26,65,30,58,21,65,21,60,23,56,28,58,21,65,21,60,26,54,17,58,21,56,26,56,23,56,21,58,17,56,21,60,17,56,23,58,23,58,26,58,23,56,26,58,32,54,28,50,28,52,32,52,34,47,32,50,36,45,36,43,36,41,39,43,39,39,41,34,41,34,39,28,34,23,41,21,36,19,34,15,41,17,36,15,34,8,39,0,0,0,0,0,0,0,0,0,0]"""
1782173635917,2026-06-23T09:13:55.917,warning,breathing,lmh,lying_fast_breath,t001,"CSI_DATA,17707,1a:00:00:00:00:00,-61,11,-98,15,45,11,121748516,47,2,256,0,""[0,0,0,0,0,0,0,0,0,0,0,0,-2,-39,4,-41,10,-45,13,-45,15,-45,17,-47,17,-47,21,-50,23,-52,26,-52,26,-54,28,-54,32,-58,39,-58,39,-50,45,-58,41,-58,52,-54,45,-47,50,-54,52,-52,58,-52,56,-54,58,-52,65,-54,52,-52,60,-47,63,-50,65,-45,58,-50,58,-47,63,-47,63,-47,60,-45,60,-52,60,-52,58,-47,58,-54,60,-50,58,-56,58,-52,58,-58,60,-52,60,-56,58,-47,58,-54,65,-54,56,-54,63,-54,71,-56,67,-54,67,-56,76,-54,76,-50,73,-54,71,-50,76,-50,0,0,0,0,0,0,-36,-78,-36,-82,-41,-69,-34,-73,-34,-76,-28,-69,-26,-67,-23,-71,-23,-67,-21,-69,-26,-65,-23,-63,-26,-65,-23,-65,-23,-65,-26,-60,-26,-65,-23,-60,-17,-58,-23,-58,-26,-58,-17,-65,-17,-52,-15,-56,-13,-56,-17,-58,-19,-63,-21,-58,-17,-60,-23,-58,-17,-58,-15,-60,-10,-60,-10,-60,-8,-60,-4,-63,-4,-65,-2,-60,0,-63,0,-63,0,-58,4,-60,10,-58,8,-58,15,-56,10,-54,19,-47,19,-52,17,-45,17,-41,23,-43,21,-39,23,-32,30,-30,26,-28,23,-28,30,-23,0,0,0,0,0,0,0,0,0,0]"""
1782173635927,2026-06-23T09:13:55.927,warning,breathing,lmh,lying_fast_breath,t001,"CSI_DATA,17708,1a:00:00:00:00:00,-62,11,-98,20,44,11,121759516,47,2,256,0,""[0,0,0,0,0,0,0,0,0,0,0,0,-33,21,-35,19,-40,19,-46,16,-44,16,-46,19,-48,16,-48,12,-57,21,-57,14,-61,19,-57,21,-61,23,-65,19,-65,12,-69,16,-69,23,-69,12,-71,10,-71,16,-73,12,-80,10,-71,14,-73,16,-82,16,-71,19,-78,12,-82,12,-73,10,-73,21,-71,12,-82,21,-76,16,-76,19,-78,23,-78,27,-67,25,-71,33,-71,29,-69,42,-69,31,-67,40,-71,40,-71,40,-73,42,-63,42,-69,42,-69,46,-65,42,-71,44,-73,48,-71,50,-80,50,-78,42,-73,52,-78,48,-71,48,0,0,0,0,0,0,46,76,44,73,54,69,40,69,46,63,42,69,38,63,44,71,38,57,40,63,38,57,38,52,44,59,38,54,38,52,46,46,54,44,46,48,38,50,44,46,52,42,46,48,46,42,42,44,42,46,42,44,44,38,52,40,46,42,52,40,46,35,48,44,46,40,48,42,42,40,48,48,40,46,44,44,40,48,38,46,40,42,40,46,42,46,35,42,31,46,35,40,31,46,27,44,25,48,23,42,21,40,19,35,14,40,12,40,12,35,10,33,4,35,0,0,0,0,0,0,0,0,0,0]"""
1782173635938,2026-06-23T09:13:55.938,warning,breathing,lmh,lying_fast_breath,t001,"CSI_DATA,17709,1a:00:00:00:00:00,-61,11,-98,16,45,11,121770516,47,2,256,0,""[0,0,0,0,0,0,0,0,0,0,0,0,31,-25,33,-23,38,-23,44,-23,44,-21,44,-19,46,-21,48,-19,52,-23,54,-16,59,-21,57,-21,65,-23,65,-19,69,-8,69,-14,71,-23,73,-14,69,-8,71,-8,69,-4,78,-8,73,-6,78,-8,82,-6,76,-14,78,-6,82,-6,78,0,80,-8,69,-6,80,-6,82,-6,76,-6,82,-10,78,-14,69,-16,76,-21,78,-14,76,-21,76,-16,71,-25,76,-25,78,-23,76,-21,76,-25,78,-25,73,-27,78,-23,82,-25,82,-27,78,-31,86,-25,84,-21,90,-25,90,-23,84,-23,0,0,0,0,0,0,-10,-86,-14,-84,-19,-82,-14,-78,-16,-76,-12,-73,-14,-73,-10,-82,-10,-71,-10,-71,-12,-65,-10,-65,-14,-67,-10,-67,-12,-63,-21,-63,-19,-65,-14,-61,-8,-61,-16,-57,-21,-57,-14,-61,-14,-54,-12,-59,-8,-59,-12,-59,-16,-59,-21,-59,-16,-63,-23,-57,-16,-57,-16,-61,-12,-61,-14,-61,-12,-54,-8,-67,-6,-61,-4,-59,-2,-63,-4,-59,-4,-54,-6,-59,2,-61,2,-57,8,-54,2,-48,8,-48,12,-54,12,-48,10,-42,14,-42,12,-40,16,-38,23,-35,21,-33,19,-35,21,-35,0,0,0,0,0,0,0,0,0,0]"""
1782173635948,2026-06-23T09:13:55.948,warning,breathing,lmh,lying_fast_breath,t001,"CSI_DATA,17710,1a:00:00:00:00:00,-62,11,-98,14,45,11,121781516,47,2,256,0,""[0,0,0,0,0,0,0,0,0,0,0,0,-24,29,-29,29,-35,33,-38,31,-40,26,-40,26,-42,26,-44,29,-49,31,-51,26,-53,26,-53,29,-58,29,-62,26,-69,17,-67,20,-69,24,-71,20,-71,15,-73,8,-78,6,-76,11,-76,11,-78,11,-85,6,-76,13,-76,4,-80,6,-78,2,-80,8,-71,4,-85,2,-80,6,-78,4,-80,6,-78,11,-69,8,-76,15,-78,11,-78,15,-82,11,-73,17,-76,15,-80,20,-76,13,-78,15,-76,15,-78,15,-82,11,-89,11,-85,8,-85,13,-91,8,-87,4,-94,8,-96,6,-91,6,0,0,0,0,0,0,-8,91,-8,87,-2,82,-2,78,-4,76,-6,76,-8,76,-11,82,-13,71,-13,67,-4,67,-8,64,-6,67,-11,67,-11,64,-4,64,-8,69,-11,62,-15,64,-6,62,0,60,-8,60,-8,60,-11,60,-13,58,-13,60,-11,58,-6,62,-13,62,-6,58,-13,58,-13,60,-17,58,-13,62,-13,53,-24,62,-24,58,-24,53,-29,55,-26,53,-24,51,-26,51,-33,49,-35,47,-38,42,-31,40,-33,40,-35,40,-33,31,-35,26,-33,29,-35,26,-38,24,-35,15,-38,13,-35,17,-38,11,0,0,0,0,0,0,0,0,0,0]"""
1782173635958,2026-06-23T09:13:55.958,warning,breathing,lmh,lying_fast_breath,t001,"CSI_DATA,17711,1a:00:00:00:00:00,-62,11,-98,17,45,11,121792516,47,2,256,0,""[0,0,0,0,0,0,0,0,0,0,0,0,24,-30,28,-26,32,-28,36,-24,43,-26,41,-22,45,-22,49,-18,53,-22,59,-18,57,-18,57,-20,65,-18,69,-16,71,-8,67,-10,69,-12,71,-6,71,-2,78,2,82,6,78,8,75,6,78,6,84,10,78,2,78,12,80,14,75,18,78,12,69,16,82,18,78,16,73,20,80,18,75,16,69,14,75,10,78,16,80,14,80,18,73,12,78,18,84,14,73,18,75,16,78,18,75,20,80,22,84,26,84,24,82,20,82,34,78,34,86,34,86,34,82,36,0,0,0,0,0,0,55,-73,49,-71,41,-73,41,-61,45,-63,43,-57,45,-61,49,-57,49,-55,47,-49,41,-53,45,-47,49,-49,47,-49,43,-45,36,-45,45,-51,47,-51,51,-45,41,-39,39,-49,43,-43,43,-41,49,-36,47,-36,51,-36,43,-39,45,-43,53,-39,47,-39,49,-34,49,-39,55,-32,55,-32,49,-26,61,-26,59,-26,57,-20,61,-20,55,-14,49,-16,53,-12,59,-10,57,-8,57,-4,51,-6,53,4,53,0,45,8,45,12,43,12,39,12,43,16,36,14,39,18,32,18,26,26,0,0,0,0,0,0,0,0,0,0]"""
1782173635969,2026-06-23T09:13:55.969,warning,breathing,lmh,lying_fast_breath,t001,"CSI_DATA,17712,1a:00:00:00:00:00,-62,11,-98,16,45,11,121803516,47,2,256,0,""[0,0,0,0,0,0,0,0,0,0,0,0,10,-38,14,-40,19,-40,21,-44,19,-42,21,-44,21,-46,23,-44,23,-54,23,-54,25,-57,21,-54,23,-65,23,-65,29,-63,25,-61,21,-69,29,-69,23,-67,25,-69,25,-73,25,-73,23,-71,23,-73,23,-78,12,-73,19,-73,16,-80,14,-78,10,-80,8,-69,4,-82,2,-80,0,-76,-4,-82,-10,-76,-10,-69,-16,-71,-16,-78,-27,-76,-25,-78,-33,-71,-29,-71,-38,-73,-33,-65,-38,-65,-38,-69,-44,-63,-50,-69,-52,-73,-50,-65,-54,-63,-54,-71,-48,-65,-61,-69,-65,-67,-65,-61,0,0,0,0,0,0,-65,59,-61,63,-50,67,-52,59,-48,61,-46,57,-42,63,-44,65,-44,61,-38,57,-33,59,-31,54,-27,63,-25,61,-27,59,-19,59,-16,67,-19,61,-21,61,-12,57,-4,61,-14,57,-4,57,-8,63,-4,63,-2,61,-4,59,4,61,0,67,6,54,2,57,4,63,8,63,10,61,4,54,4,67,10,65,10,59,8,63,4,57,6,50,2,57,8,59,10,59,4,57,6,48,0,48,6,50,2,46,2,44,0,44,2,42,2,44,-4,46,-2,38,-2,38,-4,33,0,0,0,0,0,0,0,0,0,0]"""
1782173635979,2026-06-23T09:13:55.979,warning,breathing,lmh,lying_fast_breath,t001,"CSI_DATA,17713,1a:00:00:00:00:00,-62,11,-98,16,45,11,121814516,47,2,256,0,""[0,0,0,0,0,0,0,0,0,0,0,0,40,8,38,12,46,12,42,16,44,16,40,21,42,25,42,27,48,31,48,31,48,35,48,38,52,38,54,44,48,48,48,52,54,46,48,57,46,52,44,50,40,59,50,61,44,61,46,63,48,65,46,61,40,63,42,65,42,69,48,59,40,61,46,65,46,63,42,63,46,63,46,61,46,59,48,57,48,63,57,61,52,57,57,54,46,59,61,61,46,57,48,57,50,61,54,54,57,65,59,67,57,63,54,63,50,73,50,71,59,71,57,71,54,71,0,0,0,0,0,0,78,-42,76,-42,69,-46,65,-38,71,-38,65,-31,65,-35,69,-38,67,-31,63,-27,57,-29,59,-25,63,-31,59,-29,57,-29,52,-27,57,-33,59,-33,54,-25,54,-27,50,-31,59,-27,50,-29,52,-29,57,-27,59,-27,57,-23,52,-33,57,-29,50,-31,52,-21,57,-23,59,-25,57,-23,52,-19,63,-16,61,-16,59,-16,61,-16,59,-8,54,-8,57,-4,61,-4,59,-6,54,0,57,-2,48,4,54,-2,44,12,42,10,46,12,40,8,44,14,38,16,40,19,29,16,29,25,0,0,0,0,0,0,0,0,0,0]"""
1782173635992,2026-06-23T09:13:55.992,warning,breathing,lmh,lying_fast_breath,t001,"CSI_DATA,17714,1a:00:00:00:00:00,-62,11,-98,16,45,11,121829928,47,2,256,0,""[0,0,0,0,0,0,0,0,0,0,0,0,14,-40,12,-35,16,-40,21,-46,19,-42,25,-44,25,-46,27,-44,27,-52,25,-48,31,-52,27,-52,29,-63,29,-59,33,-54,35,-59,33,-63,38,-61,31,-63,38,-61,40,-61,38,-65,38,-63,31,-71,35,-76,27,-71,35,-69,38,-69,33,-69,25,-76,29,-67,29,-78,21,-73,19,-73,16,-82,12,-73,8,-67,4,-76,6,-78,-2,-80,0,-78,-4,-78,4,-80,-8,-82,-6,-78,-8,-73,-10,-78,-16,-76,-14,-80,-19,-82,-21,-84,-21,-82,-16,-88,-14,-84,-29,-88,-29,-88,-27,-82,0,0,0,0,0,0,-88,23,-82,27,-78,33,-73,21,-71,25,-69,21,-71,31,-71,29,-63,29,-63,25,-61,27,-59,25,-61,33,-59,38,-54,35,-46,35,-52,46,-50,40,-50,35,-46,35,-46,46,-48,38,-38,42,-40,42,-40,44,-40,42,-42,40,-33,52,-38,48,-33,50,-35,46,-40,48,-40,46,-33,50,-38,42,-40,50,-38,48,-33,46,-38,48,-40,44,-33,44,-40,46,-38,46,-35,44,-38,42,-35,38,-38,38,-35,40,-38,33,-33,31,-33,29,-29,27,-31,25,-33,27,-33,25,-31,19,-35,16,0,0,0,0,0,0,0,0,0,0]"""
1782173636002,2026-06-23T09:13:56.002,warning,breathing,lmh,lying_fast_breath,t001,"CSI_DATA,17715,1a:00:00:00:00:00,-61,11,-98,12,45,11,121836516,47,2,256,0,""[0,0,0,0,0,0,0,0,0,0,0,0,-33,26,-33,21,-40,26,-42,23,-40,21,-42,21,-42,23,-45,21,-47,30,-49,28,-54,30,-52,37,-52,40,-54,40,-56,33,-61,40,-61,47,-64,40,-56,37,-61,45,-61,45,-59,40,-61,47,-56,54,-56,54,-49,56,-54,47,-56,49,-52,59,-45,64,-49,54,-52,66,-42,64,-42,68,-40,64,-30,68,-35,68,-35,73,-30,71,-23,82,-16,92,-14,78,-9,75,21,113,-16,104,-21,106,-56,42,14,123,-7,116,-26,64,87,59,11,90,9,99,-90,116,26,71,16,68,113,80,0,0,0,0,0,0,120,61,45,-26,40,-7,99,59,49,-30,54,-7,75,28,47,-52,97,-47,37,-18,99,-2,30,-9,49,-28,80,-28,54,-42,42,-37,56,-52,47,-54,42,-45,40,-37,35,-47,35,-49,28,-49,37,-54,28,-49,30,-54,35,-47,23,-56,30,-59,21,-61,26,-59,26,-61,21,-54,18,-59,18,-52,18,-59,18,-59,16,-54,16,-61,26,-56,16,-49,16,-52,18,-54,18,-52,21,-52,11,-52,18,-45,14,-49,18,-45,21,-40,16,-42,18,-40,11,-35,21,-37,16,-37,16,-33,18,-28,0,0,0,0,0,0,0,0,0,0]"""
1782173636012,2026-06-23T09:13:56.012,warning,breathing,lmh,lying_fast_breath,t001,"CSI_DATA,17716,1a:00:00:00:00:00,-62,11,-98,16,45,11,121847538,47,2,256,0,""[0,0,0,0,0,0,0,0,0,0,0,0,-16,38,-21,33,-29,33,-29,35,-33,35,-33,33,-31,35,-35,35,-42,40,-44,38,-46,40,-46,38,-50,44,-52,42,-54,31,-61,38,-59,42,-63,35,-61,29,-61,31,-63,31,-73,33,-69,33,-67,33,-76,31,-67,35,-71,29,-73,29,-71,27,-69,31,-67,27,-73,27,-71,31,-67,27,-69,33,-71,35,-65,33,-65,38,-69,35,-69,44,-65,35,-65,44,-69,40,-69,44,-63,38,-63,44,-69,42,-63,44,-69,42,-73,46,-69,42,-76,48,-78,42,-80,40,-80,42,-78,42,-76,42,0,0,0,0,0,0,29,82,27,82,38,71,31,73,31,73,25,69,27,71,23,71,25,67,21,67,25,61,21,61,27,65,23,63,21,61,27,54,25,61,25,61,16,57,25,59,29,54,23,59,21,50,23,52,19,57,21,57,25,54,27,54,21,57,31,54,21,57,23,59,19,61,19,57,19,57,10,61,12,61,12,59,10,61,8,59,10,59,6,59,2,57,0,57,-4,52,2,52,-6,52,-8,52,-8,44,-8,46,-8,42,-10,42,-19,42,-16,38,-14,33,-16,29,-23,33,0,0,0,0,0,0,0,0,0,0]"""
1782173636021,2026-06-23T09:13:56.021,warning,breathing,lmh,lying_fast_breath,t001,"CSI_DATA,17717,1a:00:00:00:00:00,-62,11,-98,15,45,11,121858516,47,2,256,0,""[0,0,0,0,0,0,0,0,0,0,0,0,34,21,32,23,34,30,34,30,30,32,28,36,32,39,28,41,34,47,28,47,30,52,30,52,32,58,28,58,21,65,23,65,28,67,23,73,21,67,17,73,8,73,13,73,13,78,15,76,10,82,15,76,4,76,4,82,4,76,13,78,2,76,8,82,8,78,6,76,8,80,10,80,4,71,10,78,6,78,13,76,8,78,15,78,13,80,15,82,6,80,8,80,8,84,13,78,10,78,10,89,6,84,8,89,0,91,-4,89,2,91,2,93,-2,87,0,0,0,0,0,0,87,15,87,13,80,4,78,15,73,17,71,19,71,13,76,17,69,15,65,19,67,21,63,19,69,19,63,19,63,23,60,19,67,17,58,17,56,21,60,19,63,13,60,23,52,13,56,19,54,21,58,23,56,23,58,19,60,26,60,19,56,26,58,30,56,28,54,26,54,28,54,34,52,32,50,32,50,36,47,41,43,39,41,43,39,43,39,43,30,43,34,45,28,45,26,43,21,43,19,43,17,43,15,41,10,41,6,41,6,41,2,39,-2,36,0,0,0,0,0,0,0,0,0,0]"""
1782173636033,2026-06-23T09:13:56.033,warning,breathing,lmh,lying_fast_breath,t001,"CSI_DATA,17718,1a:00:00:00:00:00,-62,11,-98,17,45,11,121869568,47,2,256,0,""[0,0,0,0,0,0,0,0,0,0,0,0,14,39,10,39,10,45,8,45,10,47,12,45,12,49,10,49,14,57,8,59,14,57,18,57,20,63,20,65,14,67,20,67,26,67,22,71,18,65,20,63,18,65,30,75,28,71,32,71,32,73,39,67,36,69,39,69,41,67,47,63,43,59,49,63,49,59,49,55,59,57,61,47,57,43,63,41,65,45,71,39,69,39,73,28,75,30,82,28,73,22,75,20,78,18,78,10,82,16,92,14,84,8,88,4,90,4,86,4,92,0,92,-2,88,-4,0,0,0,0,0,0,-4,-92,-6,-88,-18,-80,-16,-78,-22,-78,-18,-71,-18,-73,-16,-75,-26,-69,-20,-61,-26,-59,-28,-59,-32,-61,-30,-61,-30,-55,-39,-49,-43,-53,-43,-51,-36,-49,-45,-41,-49,-36,-45,-43,-43,-39,-43,-39,-45,-41,-47,-39,-51,-32,-51,-26,-53,-36,-55,-22,-53,-26,-55,-26,-53,-30,-59,-22,-57,-22,-57,-28,-55,-26,-55,-24,-57,-26,-55,-20,-53,-18,-57,-16,-57,-22,-55,-22,-51,-22,-51,-16,-45,-14,-49,-18,-43,-14,-41,-16,-41,-20,-41,-12,-41,-18,-36,-20,-32,-20,-34,-18,-32,-18,0,0,0,0,0,0,0,0,0,0]"""
1782173636042,2026-06-23T09:13:56.042,warning,breathing,lmh,lying_fast_breath,t001,"CSI_DATA,17719,1a:00:00:00:00:00,-62,11,-98,14,45,11,121880515,47,2,256,0,""[0,0,0,0,0,0,0,0,0,0,0,0,-40,2,-42,2,-42,0,-47,-4,-49,-2,-49,-4,-49,-4,-51,-4,-58,-2,-55,-4,-60,-4,-62,0,-64,0,-67,0,-67,-8,-69,-2,-76,2,-76,-6,-71,-4,-69,-4,-67,-8,-78,0,-78,-2,-76,4,-80,0,-73,8,-78,2,-82,6,-76,4,-76,13,-71,13,-80,13,-76,20,-71,20,-76,24,-76,26,-69,26,-71,35,-69,38,-67,42,-67,38,-60,49,-62,47,-62,53,-60,51,-58,53,-60,58,-55,60,-53,58,-60,62,-55,64,-55,71,-64,69,-60,67,-55,73,-51,71,-55,69,0,0,0,0,0,0,73,53,69,47,71,40,71,44,71,38,69,42,62,33,67,38,64,31,62,31,62,26,60,24,69,17,60,20,64,20,64,15,67,13,60,11,60,13,62,6,67,-2,64,6,55,2,58,2,58,2,62,-2,60,-2,60,-8,62,-4,58,-13,60,-8,64,-8,60,-6,60,-13,60,-13,64,-6,60,-11,58,-8,62,-8,58,-11,55,-8,60,-8,60,-6,53,-6,55,-4,53,-13,51,-8,49,-6,49,-2,47,-2,44,0,42,-2,42,2,40,6,40,2,38,4,38,8,0,0,0,0,0,0,0,0,0,0]"""
1782173636052,2026-06-23T09:13:56.052,warning,breathing,lmh,lying_fast_breath,t001,"CSI_DATA,17720,1a:00:00:00:00:00,-62,11,-98,20,44,11,121891692,47,2,256,0,""[0,0,0,0,0,0,0,0,0,0,0,0,8,38,6,40,4,46,2,46,0,50,0,44,6,48,2,52,4,57,2,61,2,59,4,61,4,65,2,67,-4,65,2,71,8,69,0,73,-2,69,-4,67,-2,71,4,80,0,78,4,76,2,86,10,76,2,78,8,76,8,80,14,80,14,73,16,76,19,76,16,73,25,73,25,73,25,65,31,69,33,73,38,67,38,69,48,67,40,69,48,67,40,57,54,63,50,65,54,61,52,63,54,61,63,65,63,59,61,63,59,65,67,65,67,63,59,61,0,0,0,0,0,0,61,-63,63,-65,48,-65,50,-63,50,-65,48,-54,50,-63,48,-61,44,-59,40,-48,35,-57,38,-59,33,-65,33,-59,33,-54,25,-54,27,-63,27,-61,25,-57,21,-59,14,-61,21,-63,19,-54,14,-59,16,-65,14,-63,14,-63,6,-54,12,-61,4,-63,10,-63,12,-63,8,-65,8,-61,8,-59,12,-63,8,-63,6,-63,10,-65,4,-59,8,-54,12,-57,12,-59,10,-57,10,-59,10,-54,12,-50,10,-50,14,-44,8,-40,16,-42,14,-44,14,-44,19,-42,19,-33,21,-33,21,-31,0,0,0,0,0,0,0,0,0,0]"""
1782173636065,2026-06-23T09:13:56.065,warning,breathing,lmh,lying_fast_breath,t001,"CSI_DATA,17721,1a:00:00:00:00:00,-62,11,-98,16,45,11,121902690,47,2,256,0,""[0,0,0,0,0,0,0,0,0,0,0,0,-21,-33,-14,-38,-21,-40,-16,-44,-14,-46,-10,-44,-10,-50,-10,-48,-14,-57,-16,-57,-14,-57,-14,-54,-23,-61,-21,-63,-8,-67,-10,-65,-16,-67,-10,-73,-10,-71,-8,-69,-8,-73,-12,-78,-8,-76,-14,-76,-12,-82,-19,-69,-10,-76,-12,-76,-16,-76,-21,-71,-14,-69,-21,-76,-19,-71,-21,-71,-25,-73,-29,-69,-29,-67,-33,-67,-33,-69,-40,-67,-35,-71,-42,-63,-38,-69,-50,-71,-40,-65,-42,-63,-42,-63,-44,-61,-52,-65,-54,-73,-57,-67,-52,-61,-50,-69,-48,-69,-63,-69,-57,-69,-54,-69,0,0,0,0,0,0,-76,50,-73,52,-63,54,-59,48,-61,48,-61,44,-57,48,-61,52,-54,48,-52,40,-48,44,-48,42,-48,46,-50,46,-44,44,-42,44,-44,54,-42,50,-42,46,-38,46,-31,52,-38,48,-33,50,-33,50,-40,50,-35,52,-33,50,-29,52,-38,54,-23,52,-33,48,-35,50,-31,54,-29,54,-29,46,-35,54,-33,50,-33,50,-38,50,-35,46,-33,42,-35,44,-38,46,-35,44,-40,40,-33,42,-35,33,-35,40,-38,29,-35,29,-35,21,-35,27,-35,27,-40,21,-35,21,-33,21,-33,14,0,0,0,0,0,0,0,0,0,0]"""
1782173636076,2026-06-23T09:13:56.076,warning,breathing,lmh,lying_fast_breath,t001,"CSI_DATA,17722,1a:00:00:00:00:00,-61,11,-98,15,45,11,121913515,47,2,256,0,""[0,0,0,0,0,0,0,0,0,0,0,0,30,28,28,30,28,34,28,41,28,36,30,39,28,41,28,41,36,45,32,47,36,50,41,45,43,50,43,52,36,54,41,56,50,54,45,58,45,54,45,56,45,54,45,60,52,54,52,56,56,60,58,50,54,56,56,52,54,54,60,47,56,43,67,47,65,45,58,41,71,36,71,32,67,28,76,26,71,26,78,17,76,23,78,13,82,15,84,8,76,10,80,2,84,6,80,-6,80,2,87,2,84,-6,89,-10,89,-10,89,-4,89,-15,89,-10,89,-15,0,0,0,0,0,0,-10,-84,-17,-87,-23,-80,-19,-78,-23,-76,-19,-71,-23,-76,-23,-76,-26,-69,-26,-67,-30,-63,-30,-58,-36,-60,-32,-58,-34,-58,-41,-47,-43,-54,-41,-50,-36,-52,-43,-47,-50,-41,-43,-47,-41,-36,-43,-43,-43,-41,-45,-41,-50,-34,-54,-32,-52,-36,-54,-26,-52,-32,-56,-32,-52,-34,-54,-30,-52,-26,-52,-34,-54,-32,-54,-30,-56,-30,-52,-28,-50,-26,-52,-28,-52,-34,-50,-30,-47,-30,-47,-26,-43,-28,-45,-26,-41,-28,-36,-23,-39,-26,-34,-23,-32,-28,-30,-28,-32,-26,-28,-26,-26,-28,0,0,0,0,0,0,0,0,0,0]"""
1782173636086,2026-06-23T09:13:56.086,warning,breathing,lmh,lying_fast_breath,t001,"CSI_DATA,17723,1a:00:00:00:00:00,-62,11,-98,15,45,11,121924515,47,2,256,0,""[0,0,0,0,0,0,0,0,0,0,0,0,-15,36,-19,36,-21,39,-26,41,-28,39,-28,36,-28,39,-34,36,-39,45,-41,39,-41,43,-41,43,-47,43,-52,43,-56,36,-56,39,-56,45,-60,43,-60,36,-65,34,-65,36,-67,34,-65,34,-67,36,-76,30,-63,36,-69,28,-73,30,-69,26,-71,32,-65,28,-73,30,-69,26,-67,28,-71,32,-71,34,-65,32,-67,39,-71,32,-67,39,-69,32,-67,43,-71,39,-71,41,-69,39,-65,36,-71,41,-67,41,-73,39,-78,36,-76,36,-76,39,-82,36,-76,32,-82,36,-84,36,-80,32,0,0,0,0,0,0,21,87,19,84,26,80,21,78,23,76,17,76,15,76,15,76,10,69,15,71,17,67,10,63,19,67,8,67,13,65,17,63,17,65,10,63,6,65,17,60,21,60,13,63,13,58,10,58,6,60,10,58,13,58,13,58,8,63,19,58,6,58,8,63,2,65,6,65,4,58,2,69,-2,63,-2,63,-6,60,-4,60,-2,54,-8,58,-13,58,-15,56,-17,54,-10,52,-17,50,-19,50,-19,43,-17,39,-19,39,-23,34,-28,32,-32,30,-30,28,-28,28,-28,21,0,0,0,0,0,0,0,0,0,0]"""
1782173636097,2026-06-23T09:13:56.097,warning,breathing,lmh,lying_fast_breath,t001,"CSI_DATA,17724,1a:00:00:00:00:00,-59,11,-98,16,42,11,121935515,47,2,256,0,""[0,0,0,0,0,0,0,0,0,0,0,0,23,32,23,29,26,32,23,41,23,35,23,38,26,41,26,41,29,41,32,44,35,50,38,44,41,47,41,50,38,50,44,56,53,50,47,56,44,47,44,50,44,41,53,56,53,47,59,47,59,53,62,35,56,44,59,44,56,38,68,32,65,32,71,32,71,32,71,17,74,26,74,11,71,11,83,-8,83,2,80,-2,74,2,68,-8,74,-20,107,5,41,-29,95,-26,50,-5,5,14,98,-47,47,-8,119,-68,44,-2,44,2,101,5,116,-122,110,-98,20,-86,0,0,0,0,0,0,8,-47,-59,-119,-35,-137,8,-68,-68,-98,-65,-95,-47,-101,-56,-32,-59,-53,-62,-104,-62,-47,-47,-20,-95,-53,-80,-29,-68,-26,-68,-17,-74,-14,-65,-14,-59,-17,-65,-8,-62,0,-59,-11,-59,2,-62,2,-62,0,-59,0,-62,5,-59,11,-65,8,-62,20,-56,8,-62,14,-59,17,-56,17,-59,17,-65,17,-62,23,-56,17,-62,20,-59,20,-56,23,-56,23,-56,23,-50,20,-47,23,-47,23,-47,17,-50,23,-50,20,-50,14,-44,20,-38,17,-41,14,-44,14,-41,8,-38,8,-35,11,0,0,0,0,0,0,0,0,0,0]"""
1782173636111,2026-06-23T09:13:56.111,warning,breathing,lmh,lying_fast_breath,t001,"CSI_DATA,17725,1a:00:00:00:00:00,-62,11,-98,18,45,11,121950261,47,2,256,0,""[0,0,0,0,0,0,0,0,0,0,0,0,-15,37,-19,31,-21,35,-23,39,-25,43,-27,37,-23,41,-25,39,-25,47,-27,49,-27,51,-27,53,-27,59,-29,61,-33,51,-37,57,-31,65,-37,61,-31,59,-31,65,-31,67,-33,69,-29,65,-29,69,-35,71,-21,67,-31,69,-25,71,-25,73,-19,73,-19,67,-17,79,-11,75,-9,77,-7,81,-3,77,0,69,7,75,5,79,13,77,13,77,19,75,15,73,23,79,19,69,29,71,27,75,31,67,37,77,37,79,37,75,41,73,37,79,37,79,47,79,51,75,51,73,0,0,0,0,0,0,75,-49,75,-51,61,-57,61,-47,59,-51,55,-47,59,-55,57,-53,49,-51,49,-45,43,-49,39,-47,39,-55,41,-53,37,-53,29,-53,27,-63,29,-57,25,-53,25,-55,15,-59,23,-53,17,-57,17,-57,19,-61,15,-61,15,-55,7,-63,11,-65,1,-61,9,-59,9,-61,7,-65,3,-65,5,-57,9,-65,3,-65,5,-61,5,-63,7,-57,3,-55,7,-55,7,-61,3,-59,5,-57,3,-53,9,-49,3,-51,9,-43,5,-43,11,-43,7,-39,7,-43,11,-41,9,-37,9,-35,15,-35,0,0,0,0,0,0,0,0,0,0]"""
1782173636130,2026-06-23T09:13:56.130,warning,breathing,lmh,lying_fast_breath,t001,"CSI_DATA,17727,1a:00:00:00:00:00,-62,11,-98,17,45,11,121968854,47,2,256,0,""[0,0,0,0,0,0,0,0,0,0,0,0,-10,36,-12,36,-14,43,-14,47,-18,43,-24,41,-20,41,-22,47,-22,51,-24,51,-24,53,-26,53,-22,57,-26,59,-34,57,-34,59,-26,63,-34,61,-30,63,-34,57,-36,61,-32,69,-36,67,-32,67,-36,71,-26,67,-34,65,-32,69,-30,69,-24,71,-26,65,-24,73,-18,73,-20,71,-14,75,-16,75,-14,69,-10,73,-8,75,0,75,-4,80,2,80,-2,78,8,86,2,73,6,75,4,80,16,78,12,82,12,88,16,84,14,84,10,88,12,88,22,88,24,88,24,84,0,0,0,0,0,0,86,-16,84,-18,73,-28,78,-16,78,-20,69,-18,71,-22,75,-24,67,-22,65,-18,61,-22,59,-24,63,-30,61,-32,59,-24,53,-26,57,-36,55,-34,53,-30,51,-34,49,-43,51,-34,45,-41,45,-39,49,-36,47,-41,47,-36,41,-47,45,-45,41,-45,45,-41,47,-41,45,-45,41,-47,41,-41,47,-43,43,-45,43,-43,45,-43,47,-36,41,-36,45,-36,47,-39,45,-39,45,-34,43,-32,41,-26,41,-32,41,-22,39,-26,39,-20,36,-22,34,-22,39,-16,36,-14,32,-14,39,-10,0,0,0,0,0,0,0,0,0,0]"""
1782173636140,2026-06-23T09:13:56.140,warning,breathing,lmh,lying_fast_breath,t001,"CSI_DATA,17728,1a:00:00:00:00:00,-62,11,-98,17,45,11,121979515,47,2,256,0,""[0,0,0,0,0,0,0,0,0,0,0,0,34,20,30,18,34,26,32,30,34,34,28,32,34,34,30,36,36,39,39,45,36,43,36,43,43,49,41,53,32,53,39,59,43,53,36,61,39,59,36,57,34,59,36,65,34,65,36,65,36,71,43,63,32,65,36,65,36,69,43,61,36,59,39,65,43,65,41,61,47,65,45,61,45,57,47,59,49,61,53,57,51,59,55,51,49,53,63,57,49,49,59,49,55,55,57,49,57,55,67,61,65,59,63,53,61,57,57,61,69,61,67,59,65,63,0,0,0,0,0,0,63,-57,63,-59,51,-61,53,-55,55,-59,51,-49,55,-57,59,-55,51,-51,49,-45,45,-47,43,-47,45,-51,47,-51,45,-47,36,-49,43,-55,41,-51,41,-45,36,-51,30,-49,39,-49,32,-45,36,-49,39,-51,34,-49,34,-49,30,-53,36,-51,32,-53,34,-45,36,-49,39,-53,34,-51,34,-47,43,-47,39,-49,39,-47,43,-47,39,-39,39,-41,41,-41,47,-41,43,-39,43,-36,41,-34,39,-26,43,-32,39,-20,41,-24,36,-20,36,-18,39,-18,41,-12,41,-12,39,-8,34,-2,0,0,0,0,0,0,0,0,0,0]"""
1782173636153,2026-06-23T09:13:56.153,warning,breathing,lmh,lying_fast_breath,t001,"CSI_DATA,17729,1a:00:00:00:00:00,-62,11,-98,17,45,11,121990515,47,2,256,0,""[0,0,0,0,0,0,0,0,0,0,0,0,-39,0,-36,-4,-41,-2,-45,-6,-47,-8,-41,-12,-45,-14,-45,-14,-51,-16,-53,-18,-53,-20,-55,-16,-61,-22,-61,-24,-57,-30,-57,-34,-61,-32,-61,-36,-55,-34,-61,-41,-63,-43,-63,-45,-59,-41,-59,-41,-63,-53,-57,-41,-55,-49,-61,-49,-55,-49,-65,-41,-53,-43,-63,-49,-61,-45,-61,-45,-63,-47,-61,-39,-57,-36,-63,-36,-63,-43,-67,-39,-65,-36,-67,-34,-65,-36,-75,-36,-63,-39,-63,-34,-65,-34,-67,-34,-71,-41,-78,-47,-73,-39,-71,-41,-73,-47,-65,-45,-82,-45,-78,-49,-73,-45,0,0,0,0,0,0,-55,67,-51,65,-47,71,-47,61,-45,61,-51,53,-47,61,-53,59,-47,57,-49,49,-43,47,-41,45,-43,51,-45,53,-39,49,-34,49,-39,55,-39,49,-41,51,-36,47,-32,51,-39,47,-34,47,-36,47,-39,51,-39,49,-36,41,-32,53,-45,49,-34,47,-36,43,-39,47,-43,45,-39,51,-36,41,-49,45,-45,45,-45,39,-49,41,-45,32,-43,32,-45,32,-51,32,-47,32,-51,26,-49,24,-47,18,-47,24,-43,12,-41,14,-41,10,-41,8,-43,6,-43,4,-41,4,-36,-2,-36,-6,0,0,0,0,0,0,0,0,0,0]"""
1782173636162,2026-06-23T09:13:56.162,warning,breathing,lmh,lying_fast_breath,t001,"CSI_DATA,17730,1a:00:00:00:00:00,-62,11,-98,16,45,11,122001515,47,2,256,0,""[0,0,0,0,0,0,0,0,0,0,0,0,35,-12,35,-10,44,-10,46,-6,46,-10,44,-2,50,-2,50,2,57,2,59,4,59,6,59,6,63,8,63,10,61,19,67,19,67,14,67,25,63,25,65,25,59,27,67,31,65,35,67,33,71,40,65,31,63,40,65,38,65,38,69,38,61,38,67,44,67,40,61,42,69,40,63,40,61,35,69,33,67,38,71,35,65,38,69,27,65,33,78,35,65,35,69,33,69,38,69,35,71,40,73,46,73,46,69,44,71,50,67,52,80,48,71,50,73,50,0,0,0,0,0,0,61,-59,63,-63,57,-61,57,-54,57,-54,52,-48,54,-48,57,-48,57,-48,54,-40,48,-40,50,-40,50,-44,54,-40,52,-33,44,-38,48,-44,50,-42,50,-35,48,-35,42,-40,48,-35,44,-35,46,-31,48,-31,48,-35,48,-29,48,-42,57,-33,46,-31,52,-27,54,-27,57,-31,54,-31,48,-25,59,-21,59,-23,59,-19,61,-19,54,-10,54,-12,57,-10,59,-10,57,-8,54,-4,54,-6,50,4,54,4,46,8,42,6,40,12,38,12,40,14,38,19,35,16,31,21,29,23,0,0,0,0,0,0,0,0,0,0]"""
1782173636174,2026-06-23T09:13:56.174,warning,breathing,lmh,lying_fast_breath,t001,"CSI_DATA,17731,1a:00:00:00:00:00,-62,11,-98,16,45,11,122012652,47,2,256,0,""[0,0,0,0,0,0,0,0,0,0,0,0,-2,40,-4,40,-10,44,-12,44,-14,44,-12,42,-14,44,-19,46,-23,52,-27,50,-27,48,-29,52,-35,57,-40,54,-46,48,-46,50,-42,57,-52,52,-48,42,-54,44,-52,48,-61,44,-59,46,-61,44,-67,38,-57,44,-67,31,-67,35,-67,33,-65,38,-63,31,-69,33,-65,35,-65,33,-67,38,-65,38,-63,33,-63,35,-67,33,-69,38,-67,31,-65,40,-67,33,-71,35,-67,31,-67,38,-71,33,-67,40,-73,31,-78,31,-78,27,-78,29,-86,25,-82,25,-86,25,-86,21,-82,23,0,0,0,0,0,0,0,86,6,86,6,78,4,76,4,80,-4,73,-4,73,-8,76,-6,69,-6,67,-4,67,-6,65,-4,67,-6,63,-8,63,-4,59,-8,65,-10,63,-14,61,-8,61,-2,61,-14,61,-8,54,-14,57,-19,57,-19,59,-12,59,-10,57,-21,57,-10,59,-19,54,-19,61,-27,54,-23,57,-23,52,-35,52,-31,52,-31,48,-35,50,-33,46,-33,44,-40,42,-46,38,-44,35,-44,29,-42,33,-40,27,-44,27,-38,21,-42,16,-42,16,-40,10,-40,10,-40,8,-40,0,-40,4,-35,-4,0,0,0,0,0,0,0,0,0,0]"""
1782173636184,2026-06-23T09:13:56.184,warning,breathing,lmh,lying_fast_breath,t001,"CSI_DATA,17732,1a:00:00:00:00:00,-62,11,-98,18,45,11,122023515,47,2,256,0,""[0,0,0,0,0,0,0,0,0,0,0,0,-9,35,-15,35,-15,39,-15,41,-17,43,-21,43,-19,41,-21,45,-23,49,-25,51,-23,55,-23,51,-23,57,-23,61,-27,57,-29,61,-23,65,-29,63,-25,61,-31,67,-31,69,-25,67,-27,65,-23,71,-27,75,-19,69,-23,67,-23,73,-19,71,-13,77,-13,67,-15,77,-7,77,-5,73,-1,79,-1,77,3,71,9,73,7,73,17,77,13,77,19,75,19,73,27,79,19,71,25,67,27,73,31,71,35,73,37,79,41,73,39,73,37,73,37,73,47,77,49,73,51,75,0,0,0,0,0,0,73,-45,69,-47,61,-55,61,-45,59,-51,57,-45,53,-47,57,-51,49,-49,49,-41,43,-47,41,-45,43,-51,43,-53,39,-49,31,-49,33,-59,29,-57,29,-51,27,-51,21,-57,25,-55,19,-53,21,-57,23,-55,17,-57,17,-55,9,-59,15,-61,11,-57,11,-53,11,-53,11,-61,7,-61,7,-57,15,-61,7,-61,9,-59,7,-61,15,-53,11,-53,11,-53,13,-59,9,-55,15,-53,9,-51,13,-47,9,-49,13,-43,11,-41,17,-39,13,-39,13,-41,17,-37,15,-37,17,-31,17,-29,0,0,0,0,0,0,0,0,0,0]"""
1782173636197,2026-06-23T09:13:56.197,warning,breathing,lmh,lying_fast_breath,t001,"CSI_DATA,17733,1a:00:00:00:00:00,-62,11,-98,18,45,11,122034514,47,2,256,0,""[0,0,0,0,0,0,0,0,0,0,0,0,-39,-7,-39,-7,-43,-11,-45,-11,-41,-15,-41,-21,-43,-19,-43,-23,-47,-29,-45,-27,-47,-31,-49,-31,-55,-31,-53,-37,-49,-41,-47,-45,-57,-41,-47,-47,-47,-51,-45,-49,-43,-51,-47,-61,-41,-55,-49,-55,-49,-63,-47,-57,-41,-59,-41,-63,-41,-63,-45,-61,-37,-55,-43,-67,-47,-61,-39,-61,-45,-65,-41,-61,-35,-53,-49,-55,-47,-59,-55,-55,-49,-61,-49,-55,-45,-61,-53,-57,-43,-59,-45,-59,-43,-63,-45,-57,-49,-65,-51,-67,-55,-63,-51,-63,-43,-73,-41,-71,-49,-73,-51,-75,-41,-73,0,0,0,0,0,0,-79,33,-77,31,-73,35,-71,25,-67,31,-69,21,-71,27,-75,25,-67,23,-67,17,-61,19,-59,17,-63,21,-61,21,-57,19,-55,21,-61,25,-55,23,-57,15,-51,19,-53,23,-57,15,-53,21,-55,15,-55,13,-59,17,-55,15,-55,23,-61,17,-55,17,-55,11,-61,11,-61,9,-61,15,-53,7,-63,3,-61,5,-57,3,-59,-1,-55,-5,-53,-1,-57,-5,-57,-5,-55,-7,-53,-7,-47,-11,-47,-17,-49,-15,-43,-21,-41,-19,-37,-23,-33,-19,-31,-23,-35,-21,-31,-25,-23,-29,-19,-31,0,0,0,0,0,0,0,0,0,0]"""
1782173636207,2026-06-23T09:13:56.207,warning,breathing,lmh,lying_fast_breath,t001,"CSI_DATA,17734,1a:00:00:00:00:00,-62,11,-98,21,44,11,122045514,47,2,256,0,""[0,0,0,0,0,0,0,0,0,0,0,0,20,32,14,34,18,41,18,43,16,41,14,47,18,45,12,49,18,53,18,55,18,59,18,57,20,63,18,63,12,63,18,65,20,67,14,67,14,65,10,73,8,75,14,71,8,73,14,73,12,82,18,71,10,71,14,73,12,80,18,73,18,69,20,75,20,73,22,69,26,75,28,71,24,69,32,67,32,69,34,67,34,69,41,61,34,67,47,69,34,61,47,67,41,65,51,61,47,69,49,69,53,69,49,61,45,75,49,69,53,71,47,73,57,69,0,0,0,0,0,0,73,-43,71,-45,65,-51,67,-43,65,-45,61,-39,61,-45,63,-47,61,-41,55,-39,53,-45,49,-34,47,-47,49,-47,49,-43,43,-45,47,-49,43,-45,47,-41,41,-47,36,-49,39,-45,32,-45,39,-49,43,-45,36,-45,36,-47,36,-49,41,-47,30,-51,36,-45,39,-47,39,-47,39,-47,34,-45,43,-49,41,-45,34,-47,45,-47,36,-39,36,-36,45,-41,43,-41,41,-36,43,-32,43,-32,43,-26,43,-34,41,-26,39,-22,36,-22,41,-26,36,-18,43,-14,43,-12,39,-12,41,-12,0,0,0,0,0,0,0,0,0,0]"""
1782173636219,2026-06-23T09:13:56.219,warning,breathing,lmh,lying_fast_breath,t001,"CSI_DATA,17735,1a:00:00:00:00:00,-62,11,-98,17,45,11,122056514,47,2,256,0,""[0,0,0,0,0,0,0,0,0,0,0,0,-32,-18,-34,-22,-34,-22,-34,-30,-36,-28,-36,-30,-34,-36,-34,-34,-39,-39,-36,-43,-39,-43,-39,-43,-45,-49,-43,-51,-34,-53,-36,-53,-45,-51,-39,-59,-39,-57,-36,-59,-34,-57,-39,-65,-32,-63,-39,-65,-41,-71,-39,-63,-32,-65,-36,-69,-34,-65,-41,-61,-34,-61,-43,-69,-41,-65,-39,-61,-43,-65,-43,-61,-43,-53,-47,-59,-45,-61,-49,-57,-45,-59,-51,-53,-47,-57,-59,-61,-47,-57,-53,-55,-51,-59,-51,-55,-55,-55,-57,-65,-63,-63,-57,-57,-55,-65,-53,-65,-65,-65,-59,-65,-59,-65,0,0,0,0,0,0,-67,49,-65,49,-61,55,-61,41,-59,45,-61,39,-57,47,-63,45,-57,45,-55,39,-53,39,-49,36,-49,41,-51,39,-51,36,-45,39,-47,45,-47,43,-47,36,-43,36,-43,43,-49,39,-41,41,-43,41,-43,39,-45,39,-43,39,-41,45,-47,43,-39,41,-47,34,-47,36,-45,39,-43,41,-45,34,-53,39,-51,34,-49,34,-51,34,-47,26,-47,26,-51,26,-51,26,-49,26,-51,20,-47,20,-45,14,-47,18,-45,12,-41,10,-45,4,-39,2,-43,4,-39,-2,-43,0,-36,-2,-36,-8,0,0,0,0,0,0,0,0,0,0]"""
1782173636234,2026-06-23T09:13:56.234,warning,breathing,lmh,lying_fast_breath,t001,"CSI_DATA,17736,1a:00:00:00:00:00,-62,11,-98,15,45,11,122071254,47,2,256,0,""[0,0,0,0,0,0,0,0,0,0,0,0,-8,-41,-2,-39,-2,-41,0,-45,4,-45,8,-47,6,-50,8,-52,8,-58,10,-54,13,-58,13,-56,13,-60,19,-63,23,-56,26,-60,28,-67,34,-65,34,-58,30,-60,34,-60,39,-65,39,-63,41,-65,45,-65,36,-65,45,-63,47,-67,50,-58,47,-63,41,-56,47,-60,47,-58,43,-54,43,-65,45,-65,41,-56,39,-65,43,-63,39,-69,41,-65,39,-67,45,-63,39,-69,41,-63,39,-67,43,-67,39,-69,45,-67,45,-69,45,-65,50,-69,56,-69,54,-63,54,-71,54,-71,52,-67,0,0,0,0,0,0,-60,-63,-54,-58,-58,-54,-52,-56,-54,-56,-50,-58,-47,-54,-47,-58,-43,-52,-39,-56,-43,-54,-39,-50,-43,-54,-41,-50,-39,-50,-41,-47,-45,-45,-36,-45,-34,-50,-39,-50,-41,-47,-36,-52,-36,-39,-34,-43,-32,-47,-32,-47,-34,-47,-39,-45,-32,-50,-41,-45,-36,-50,-32,-52,-28,-52,-34,-47,-28,-50,-23,-56,-26,-54,-23,-52,-23,-56,-15,-56,-17,-52,-17,-56,-10,-56,-10,-52,-6,-52,-6,-54,0,-52,-2,-47,4,-50,4,-45,8,-45,6,-39,10,-41,13,-36,15,-32,15,-34,21,-30,0,0,0,0,0,0,0,0,0,0]"""
1782173636244,2026-06-23T09:13:56.244,warning,breathing,lmh,lying_fast_breath,t001,"CSI_DATA,17737,1a:00:00:00:00:00,-62,11,-98,17,45,11,122080513,47,2,256,0,""[0,0,0,0,0,0,0,0,0,0,0,0,6,-39,10,-34,16,-43,20,-41,22,-43,20,-41,22,-43,28,-39,32,-47,34,-43,36,-43,34,-45,43,-51,45,-49,49,-39,55,-45,49,-45,59,-43,55,-34,57,-39,59,-36,63,-34,63,-36,63,-39,69,-34,65,-39,69,-28,69,-28,73,-26,65,-30,67,-26,71,-26,69,-24,69,-24,73,-26,71,-30,67,-30,67,-32,71,-26,73,-34,69,-26,71,-36,67,-30,75,-34,69,-28,69,-34,73,-30,69,-32,73,-28,80,-26,78,-24,75,-26,84,-22,86,-20,86,-24,82,-16,86,-20,0,0,0,0,0,0,-2,-84,0,-88,-6,-78,-2,-75,-4,-80,0,-71,2,-75,4,-73,6,-69,6,-63,4,-65,6,-61,0,-71,10,-65,6,-63,2,-61,0,-67,8,-61,12,-55,6,-61,0,-59,8,-59,8,-53,12,-55,14,-57,12,-57,10,-59,6,-57,16,-57,6,-59,14,-55,16,-53,22,-59,18,-55,20,-53,28,-55,28,-55,28,-51,32,-49,32,-47,32,-45,32,-45,39,-41,39,-41,39,-36,36,-36,36,-28,39,-32,36,-24,36,-24,39,-20,39,-22,36,-8,39,-12,39,-4,34,-6,34,-2,0,0,0,0,0,0,0,0,0,0]"""
1782173636254,2026-06-23T09:13:56.254,warning,breathing,lmh,lying_fast_breath,t001,"CSI_DATA,17738,1a:00:00:00:00:00,-62,11,-98,17,45,11,122089862,47,2,256,0,""[0,0,0,0,0,0,0,0,0,0,0,0,34,-20,34,-16,39,-20,41,-20,45,-20,41,-18,45,-20,45,-18,51,-26,51,-24,53,-28,51,-30,53,-34,55,-36,57,-30,59,-32,57,-41,63,-34,57,-36,57,-39,61,-34,61,-43,59,-43,57,-53,61,-51,53,-53,55,-51,55,-53,53,-57,43,-61,43,-55,45,-63,43,-65,43,-61,36,-71,32,-67,28,-65,22,-71,22,-71,14,-75,14,-73,8,-78,10,-73,2,-80,6,-73,-2,-75,0,-78,-10,-75,-12,-80,-14,-84,-18,-82,-18,-82,-14,-84,-16,-78,-24,-86,-30,-82,-34,-82,0,0,0,0,0,0,-80,30,-75,32,-69,39,-67,34,-69,39,-61,34,-61,39,-65,43,-57,43,-55,36,-51,39,-47,36,-45,47,-47,49,-41,43,-36,47,-36,55,-32,53,-32,51,-30,51,-24,53,-28,53,-18,53,-20,53,-22,55,-18,55,-18,55,-8,57,-14,61,-8,57,-10,53,-10,61,-10,59,-4,59,-8,55,-8,63,-4,59,-4,57,-4,61,-6,57,-4,51,-4,55,-4,57,-4,55,-4,53,-2,51,-8,49,-2,51,-4,43,-8,43,-8,41,-6,39,-2,41,-6,41,-2,36,-8,34,-12,32,0,0,0,0,0,0,0,0,0,0]"""
1782173636264,2026-06-23T09:13:56.264,warning,breathing,lmh,lying_fast_breath,t001,"CSI_DATA,17739,1a:00:00:00:00:00,-62,11,-98,16,45,11,122102552,47,2,256,0,""[0,0,0,0,0,0,0,0,0,0,0,0,-6,42,-12,38,-16,40,-21,46,-21,40,-21,42,-21,42,-21,44,-27,48,-31,46,-29,50,-33,50,-35,52,-40,54,-46,46,-44,52,-44,57,-50,50,-52,46,-50,44,-57,40,-57,48,-59,48,-54,50,-61,48,-54,50,-59,48,-61,48,-61,44,-57,48,-54,46,-61,50,-61,46,-57,44,-59,46,-61,54,-50,50,-52,57,-54,48,-50,57,-54,52,-46,63,-54,57,-52,59,-52,57,-46,54,-54,57,-48,57,-52,57,-59,61,-57,61,-52,63,-63,63,-59,57,-61,63,-59,61,-59,59,0,0,0,0,0,0,50,69,48,67,52,61,46,65,46,61,44,59,42,61,42,61,40,52,38,54,40,52,38,50,44,54,33,52,35,52,40,46,38,48,35,48,31,46,40,46,46,46,35,48,33,44,33,42,29,42,33,46,38,46,40,42,33,48,40,44,33,46,38,50,29,46,31,48,31,46,27,52,25,54,23,52,25,54,21,52,21,50,19,50,14,57,14,50,8,52,12,48,8,50,4,50,2,46,2,44,2,44,0,42,-6,38,-8,38,-10,33,-10,31,-14,38,0,0,0,0,0,0,0,0,0,0]"""
1782173636275,2026-06-23T09:13:56.275,warning,breathing,lmh,lying_fast_breath,t001,"CSI_DATA,17740,1a:00:00:00:00:00,-62,11,-98,16,45,11,122111514,47,2,256,0,""[0,0,0,0,0,0,0,0,0,0,0,0,-14,35,-14,33,-16,40,-19,38,-25,40,-27,40,-27,42,-27,42,-29,46,-31,48,-33,48,-33,48,-33,50,-38,54,-40,48,-42,54,-38,57,-44,54,-40,54,-46,57,-46,57,-46,57,-48,59,-44,61,-48,63,-42,61,-48,57,-46,61,-48,61,-38,63,-42,59,-40,65,-38,67,-35,61,-33,69,-33,69,-29,63,-27,69,-29,69,-19,73,-21,73,-21,73,-21,76,-12,80,-16,69,-10,76,-12,73,-10,76,-8,80,-10,82,-10,80,-8,82,-14,88,-14,84,-6,90,-6,86,-6,88,0,0,0,0,0,0,82,10,82,10,80,2,80,8,78,4,71,8,73,2,76,2,71,2,65,4,65,2,61,2,67,-2,65,-6,63,0,57,-6,65,-12,61,-8,61,-6,61,-8,57,-12,61,-8,52,-14,52,-12,59,-12,57,-16,59,-14,57,-21,59,-16,54,-21,54,-14,57,-16,57,-14,54,-21,57,-16,57,-14,57,-16,52,-16,54,-16,59,-10,52,-10,57,-8,54,-8,52,-10,48,-8,54,-8,48,-2,46,-6,42,4,46,2,46,2,38,2,42,4,42,8,35,8,33,10,38,16,0,0,0,0,0,0,0,0,0,0]"""
1782173636286,2026-06-23T09:13:56.286,warning,breathing,lmh,lying_fast_breath,t001,"CSI_DATA,17741,1a:00:00:00:00:00,-62,11,-98,17,45,11,122122968,47,2,256,0,""[0,0,0,0,0,0,0,0,0,0,0,0,-34,-20,-30,-20,-34,-28,-36,-32,-34,-30,-28,-32,-32,-32,-32,-36,-39,-39,-41,-43,-41,-43,-41,-39,-47,-47,-45,-49,-39,-53,-41,-51,-49,-49,-41,-55,-43,-55,-45,-55,-45,-57,-45,-63,-43,-55,-49,-59,-49,-65,-49,-51,-43,-59,-47,-59,-45,-59,-53,-57,-47,-53,-51,-57,-55,-53,-51,-53,-55,-53,-57,-49,-53,-45,-59,-41,-61,-47,-67,-41,-63,-43,-67,-36,-65,-41,-73,-36,-63,-34,-67,-32,-69,-36,-69,-28,-73,-36,-78,-36,-78,-32,-78,-30,-80,-34,-73,-39,-84,-36,-86,-34,-80,-34,0,0,0,0,0,0,-39,80,-34,75,-26,78,-28,69,-26,71,-30,67,-28,67,-30,71,-24,65,-26,61,-18,59,-18,59,-20,63,-20,65,-16,59,-10,59,-12,65,-12,61,-12,61,-8,59,-2,59,-10,59,-6,57,-10,59,-12,61,-6,59,-4,55,0,59,-2,61,2,59,-2,57,-4,59,-2,59,0,59,-4,55,-8,65,-4,59,-6,59,-6,61,-10,59,-8,53,-12,55,-12,57,-12,55,-16,55,-10,49,-14,43,-16,47,-14,43,-14,41,-18,34,-18,36,-20,36,-22,39,-16,30,-18,30,-22,22,0,0,0,0,0,0,0,0,0,0]"""
1782173636298,2026-06-23T09:13:56.298,warning,breathing,lmh,lying_fast_breath,t001,"CSI_DATA,17742,1a:00:00:00:00:00,-62,11,-98,17,45,11,122133557,47,2,256,0,""[0,0,0,0,0,0,0,0,0,0,0,0,-39,2,-39,-6,-43,-6,-45,-10,-47,-8,-45,-12,-49,-12,-47,-18,-53,-14,-55,-22,-53,-22,-53,-22,-61,-24,-61,-26,-55,-32,-59,-30,-59,-28,-57,-41,-59,-39,-61,-39,-57,-41,-61,-43,-57,-43,-61,-43,-63,-49,-61,-43,-55,-49,-55,-49,-57,-47,-59,-43,-55,-41,-63,-49,-63,-49,-61,-41,-65,-47,-61,-41,-57,-41,-65,-41,-65,-41,-67,-36,-65,-36,-69,-32,-65,-36,-75,-34,-67,-36,-67,-34,-67,-36,-67,-32,-71,-36,-75,-43,-75,-41,-71,-39,-73,-45,-69,-45,-75,-45,-78,-45,-75,-45,0,0,0,0,0,0,-53,65,-51,65,-45,69,-45,61,-45,59,-49,55,-47,59,-49,61,-43,59,-47,47,-43,53,-39,47,-39,51,-43,51,-41,49,-30,53,-39,51,-34,49,-36,45,-30,45,-26,51,-39,47,-30,45,-36,49,-36,45,-39,51,-32,43,-32,49,-39,51,-30,47,-36,43,-36,45,-39,47,-34,47,-36,43,-45,45,-43,45,-41,43,-45,41,-45,30,-39,32,-43,30,-49,32,-43,30,-45,24,-41,28,-43,20,-45,26,-41,16,-36,16,-43,10,-39,12,-41,8,-45,2,-41,2,-36,0,-36,-6,0,0,0,0,0,0,0,0,0,0]"""
1782173636308,2026-06-23T09:13:56.308,warning,breathing,lmh,lying_fast_breath,t001,"CSI_DATA,17743,1a:00:00:00:00:00,-62,11,-98,16,45,11,122144514,47,2,256,0,""[0,0,0,0,0,0,0,0,0,0,0,0,21,-31,23,-33,25,-29,31,-33,31,-31,33,-33,35,-38,38,-33,40,-42,40,-38,42,-44,42,-42,44,-44,48,-44,52,-38,50,-46,50,-50,59,-46,52,-44,52,-42,54,-38,57,-48,59,-48,57,-50,61,-52,50,-54,57,-50,61,-54,57,-50,46,-54,50,-52,52,-59,50,-59,42,-52,48,-63,42,-63,38,-59,35,-65,40,-65,31,-67,35,-67,27,-71,31,-71,27,-76,29,-73,23,-76,27,-76,19,-73,19,-73,23,-84,16,-82,19,-82,25,-82,25,-82,12,-84,14,-82,14,-84,0,0,0,0,0,0,-80,-21,-78,-19,-78,-8,-78,-14,-76,-10,-71,-16,-69,-8,-71,-10,-67,-6,-65,-12,-69,-8,-63,-6,-67,0,-61,-2,-63,-4,-61,0,-61,6,-63,4,-59,0,-59,6,-59,8,-59,4,-50,8,-54,8,-52,6,-59,10,-57,8,-54,19,-57,12,-57,19,-57,12,-61,14,-54,14,-52,16,-57,14,-59,14,-57,12,-54,14,-57,12,-57,10,-54,10,-54,10,-54,6,-52,8,-48,2,-50,8,-50,2,-46,6,-46,0,-46,2,-42,-2,-40,-4,-40,-6,-35,-4,-38,-8,-38,-6,-35,-10,0,0,0,0,0,0,0,0,0,0]"""
1782173636319,2026-06-23T09:13:56.319,warning,breathing,lmh,lying_fast_breath,t001,"CSI_DATA,17744,1a:00:00:00:00:00,-62,11,-98,19,45,11,122157111,47,2,256,0,""[0,0,0,0,0,0,0,0,0,0,0,0,21,32,19,34,19,38,21,42,21,40,19,42,21,44,19,46,27,50,25,50,29,52,31,54,34,56,32,58,27,60,32,60,38,58,36,62,32,58,36,63,34,60,34,65,40,62,44,60,42,63,48,54,44,58,48,60,46,63,54,56,50,50,56,56,56,56,56,48,63,48,65,38,60,34,69,32,67,34,71,29,71,31,75,19,73,19,79,17,73,15,79,11,77,13,75,7,77,11,85,7,85,1,87,0,85,1,85,1,89,-1,87,-5,85,-5,0,0,0,0,0,0,-3,-83,-9,-81,-15,-77,-15,-73,-17,-73,-15,-71,-19,-69,-19,-77,-23,-67,-17,-63,-27,-60,-23,-60,-29,-60,-25,-56,-34,-56,-34,-46,-36,-54,-38,-50,-31,-50,-36,-44,-44,-40,-40,-44,-38,-34,-40,-42,-38,-42,-40,-38,-46,-36,-50,-32,-50,-38,-50,-29,-46,-29,-52,-31,-46,-34,-50,-31,-46,-27,-50,-36,-52,-34,-46,-31,-52,-31,-46,-31,-48,-27,-50,-27,-46,-34,-44,-29,-40,-31,-44,-25,-38,-25,-44,-29,-38,-27,-34,-23,-36,-25,-32,-21,-32,-25,-29,-31,-29,-25,-25,-25,-25,-27,0,0,0,0,0,0,0,0,0,0]"""
1782173636331,2026-06-23T09:13:56.331,warning,breathing,lmh,lying_fast_breath,t001,"CSI_DATA,17745,1a:00:00:00:00:00,-62,11,-98,16,45,11,122166514,47,2,256,0,""[0,0,0,0,0,0,0,0,0,0,0,0,35,-14,38,-14,42,-10,42,-12,44,-10,46,-10,48,-14,48,-10,52,-16,54,-14,59,-14,59,-19,61,-23,61,-19,63,-12,67,-23,67,-27,67,-19,63,-16,63,-23,63,-21,71,-27,71,-23,67,-25,71,-27,65,-33,71,-27,71,-29,67,-27,63,-38,65,-33,65,-42,61,-42,54,-40,59,-50,59,-50,50,-48,52,-52,50,-54,46,-61,46,-57,40,-65,42,-65,38,-69,38,-63,35,-69,38,-71,29,-73,29,-73,29,-78,25,-78,29,-80,33,-80,33,-78,23,-84,21,-82,16,-82,0,0,0,0,0,0,-82,-21,-82,-19,-78,-8,-78,-16,-76,-12,-71,-14,-69,-4,-76,-6,-69,-4,-67,-6,-63,-4,-63,0,-67,6,-65,4,-61,0,-59,10,-59,12,-59,12,-59,10,-59,12,-52,21,-59,14,-46,21,-50,21,-52,23,-52,23,-52,27,-48,29,-50,25,-46,33,-50,27,-52,29,-48,27,-48,31,-48,29,-50,31,-50,31,-44,29,-50,31,-50,27,-46,27,-50,29,-46,29,-46,27,-46,25,-46,27,-42,23,-40,25,-40,21,-40,19,-44,16,-35,19,-33,14,-38,12,-35,10,-33,10,-35,6,0,0,0,0,0,0,0,0,0,0]"""
1782173636340,2026-06-23T09:13:56.340,warning,breathing,lmh,lying_fast_breath,t001,"CSI_DATA,17746,1a:00:00:00:00:00,-62,11,-98,16,45,11,122177513,47,2,256,0,""[0,0,0,0,0,0,0,0,0,0,0,0,-25,31,-27,29,-27,27,-31,31,-31,29,-38,31,-38,35,-40,31,-42,35,-42,31,-48,35,-46,35,-46,44,-50,40,-52,33,-52,42,-54,46,-63,40,-57,38,-52,40,-57,33,-59,46,-59,40,-59,44,-63,48,-54,50,-57,44,-61,52,-57,46,-52,54,-50,48,-54,57,-48,54,-48,52,-46,61,-46,61,-40,57,-40,65,-40,63,-35,67,-35,65,-27,71,-33,71,-27,76,-31,71,-27,73,-27,73,-21,73,-23,73,-25,76,-21,80,-19,82,-27,88,-27,80,-14,86,-14,88,-14,80,0,0,0,0,0,0,80,21,76,16,80,8,78,14,71,10,73,14,69,6,73,10,67,8,69,12,63,4,63,8,69,4,61,0,65,4,61,-2,61,-8,59,-8,61,-2,59,-10,59,-14,59,-8,52,-10,52,-12,54,-10,54,-12,54,-16,54,-21,59,-16,54,-23,54,-14,59,-19,57,-16,52,-19,54,-19,57,-16,54,-19,54,-16,57,-14,57,-14,50,-12,57,-12,54,-12,52,-14,52,-8,50,-12,48,-4,46,-6,48,-4,46,-4,46,0,40,0,42,2,38,4,35,6,38,2,35,10,0,0,0,0,0,0,0,0,0,0]"""
1782173636353,2026-06-23T09:13:56.353,warning,breathing,lmh,lying_fast_breath,t001,"CSI_DATA,17747,1a:00:00:00:00:00,-62,11,-98,16,45,11,122188513,47,2,256,0,""[0,0,0,0,0,0,0,0,0,0,0,0,23,-31,25,-31,27,-33,29,-31,33,-33,35,-31,33,-33,35,-31,42,-40,42,-35,44,-38,46,-38,48,-44,48,-42,54,-33,54,-38,57,-44,61,-35,50,-35,54,-35,61,-38,61,-40,61,-40,59,-40,63,-42,59,-46,63,-42,67,-42,63,-40,59,-44,61,-42,61,-46,57,-44,57,-46,59,-50,57,-52,50,-50,48,-54,50,-57,48,-61,48,-54,44,-63,48,-61,44,-65,44,-57,40,-61,46,-63,38,-65,42,-71,42,-69,40,-67,44,-73,48,-73,48,-69,42,-76,42,-71,40,-69,0,0,0,0,0,0,-67,-48,-67,-44,-69,-33,-65,-46,-69,-42,-57,-44,-61,-33,-63,-35,-57,-33,-54,-35,-54,-31,-57,-31,-61,-27,-57,-27,-54,-29,-54,-23,-59,-21,-59,-21,-54,-25,-57,-23,-59,-14,-52,-25,-52,-12,-50,-14,-52,-21,-57,-19,-57,-16,-54,-10,-54,-14,-57,-8,-59,-16,-59,-19,-54,-16,-57,-14,-54,-16,-52,-21,-52,-16,-50,-16,-52,-21,-52,-23,-50,-19,-48,-23,-48,-25,-48,-21,-44,-29,-46,-23,-40,-27,-40,-25,-33,-27,-33,-25,-35,-25,-31,-27,-27,-25,-31,-27,-23,-29,-25,-29,-21,-31,0,0,0,0,0,0,0,0,0,0]"""
1782173636362,2026-06-23T09:13:56.362,warning,breathing,lmh,lying_fast_breath,t001,"CSI_DATA,17748,1a:00:00:00:00:00,-62,11,-98,16,45,11,122199699,47,2,256,0,""[0,0,0,0,0,0,0,0,0,0,0,0,-25,33,-23,27,-27,29,-33,29,-35,29,-35,29,-38,31,-40,29,-42,33,-44,29,-48,31,-46,33,-48,35,-54,35,-57,29,-61,33,-57,35,-67,31,-57,29,-63,25,-67,25,-67,29,-69,31,-65,31,-71,31,-63,35,-69,29,-69,29,-69,25,-67,29,-65,27,-63,27,-65,33,-61,31,-67,40,-67,42,-61,38,-61,40,-61,40,-63,48,-61,42,-59,52,-59,46,-61,50,-54,44,-59,52,-61,50,-54,52,-59,48,-63,54,-59,52,-59,59,-67,50,-65,50,-65,57,-61,54,-61,54,0,0,0,0,0,0,44,67,48,71,48,59,48,61,50,63,40,59,40,59,42,57,40,54,35,52,40,50,40,50,46,52,38,48,38,48,42,42,44,48,40,48,38,44,42,44,46,42,42,48,35,33,35,38,35,40,38,40,42,42,42,35,42,40,44,35,42,42,44,42,40,44,38,42,40,42,33,46,35,44,33,46,35,44,35,46,31,42,29,46,27,50,27,46,23,44,27,46,19,46,21,44,14,42,14,42,12,44,12,40,8,38,4,38,0,35,0,35,0,35,0,0,0,0,0,0,0,0,0,0]"""
1782173636374,2026-06-23T09:13:56.374,warning,breathing,lmh,lying_fast_breath,t001,"CSI_DATA,17749,1a:00:00:00:00:00,-62,11,-98,16,45,11,122210513,47,2,256,0,""[0,0,0,0,0,0,0,0,0,0,0,0,-19,-33,-12,-35,-14,-40,-8,-42,-8,-42,-6,-48,-6,-48,-6,-50,-6,-57,-4,-54,-2,-59,-2,-59,-2,-65,0,-65,8,-63,6,-69,6,-73,10,-67,16,-67,12,-61,16,-61,14,-69,19,-69,19,-71,23,-71,14,-73,25,-69,23,-73,25,-69,19,-71,23,-65,23,-76,25,-71,21,-65,21,-73,21,-76,21,-65,14,-73,19,-71,12,-73,19,-69,10,-73,16,-76,12,-76,21,-73,14,-76,19,-76,12,-76,14,-76,19,-80,16,-80,19,-80,27,-86,31,-80,23,-84,21,-84,25,-78,0,0,0,0,0,0,-73,-35,-71,-33,-73,-29,-69,-35,-67,-31,-65,-35,-63,-31,-65,-35,-59,-29,-57,-33,-59,-29,-54,-31,-61,-29,-52,-29,-54,-31,-54,-25,-57,-25,-52,-25,-50,-29,-52,-27,-54,-25,-52,-29,-48,-21,-48,-25,-46,-27,-48,-29,-48,-29,-52,-23,-50,-31,-54,-27,-48,-29,-50,-31,-44,-33,-46,-31,-46,-33,-46,-40,-42,-40,-40,-35,-42,-40,-38,-42,-35,-38,-38,-44,-33,-42,-31,-40,-25,-42,-27,-42,-23,-44,-23,-42,-21,-42,-16,-42,-10,-44,-12,-38,-6,-38,-6,-38,-2,-35,-2,-33,2,-33,0,0,0,0,0,0,0,0,0,0]"""
1782173636383,2026-06-23T09:13:56.383,warning,breathing,lmh,lying_fast_breath,t001,"CSI_DATA,17750,1a:00:00:00:00:00,-62,11,-98,16,45,11,122221513,47,2,256,0,""[0,0,0,0,0,0,0,0,0,0,0,0,25,27,25,31,25,35,23,38,23,38,21,42,23,42,21,46,19,50,19,54,19,57,16,59,14,59,14,61,6,65,8,67,12,69,2,71,0,65,-2,65,-10,67,-2,73,-6,76,-4,73,-12,78,-4,76,-14,76,-12,73,-16,76,-12,71,-16,69,-16,71,-14,76,-16,69,-14,76,-14,76,-16,67,-10,73,-16,71,-10,78,-14,73,-12,78,-14,76,-10,76,-16,71,-14,76,-16,76,-12,76,-19,78,-21,82,-23,78,-21,80,-33,82,-31,80,-29,82,-33,78,-31,76,0,0,0,0,0,0,69,44,69,44,67,35,67,44,63,44,59,44,57,40,57,44,52,40,48,44,48,42,48,42,52,44,48,42,48,44,48,40,46,40,44,38,40,40,44,42,48,35,40,46,38,33,38,40,38,44,38,42,38,44,42,40,38,44,40,40,35,46,33,48,31,50,31,46,31,46,27,52,25,48,25,48,23,52,19,59,16,52,14,59,8,54,10,52,2,52,8,52,0,48,2,46,-6,44,-2,44,-8,44,-8,40,-12,35,-14,38,-16,33,-19,31,-21,29,0,0,0,0,0,0,0,0,0,0]"""
1782173636395,2026-06-23T09:13:56.395,warning,breathing,lmh,lying_fast_breath,t001,"CSI_DATA,17751,1a:00:00:00:00:00,-62,11,-98,16,45,11,122234688,47,2,256,0,""[0,0,0,0,0,0,0,0,0,0,0,0,-19,31,-21,31,-25,33,-27,33,-31,31,-29,31,-31,35,-35,31,-38,38,-42,33,-46,40,-46,35,-46,40,-50,42,-52,35,-57,38,-52,44,-61,38,-52,33,-54,40,-54,33,-63,40,-65,40,-61,38,-65,38,-59,42,-67,35,-67,40,-65,35,-59,42,-61,40,-61,42,-57,48,-54,44,-57,48,-61,50,-57,46,-54,52,-57,48,-52,59,-50,54,-50,61,-50,54,-48,63,-50,54,-44,59,-50,61,-42,61,-44,63,-50,65,-48,65,-54,67,-59,67,-54,65,-52,69,-46,71,-48,71,0,0,0,0,0,0,63,54,67,57,63,46,63,50,61,50,52,46,57,42,54,46,54,48,48,44,54,40,54,40,59,38,52,35,50,38,52,31,54,33,54,31,46,33,52,27,59,29,52,35,46,25,52,21,52,27,50,27,54,27,52,21,52,27,57,21,52,29,54,29,52,29,50,23,52,27,48,31,52,29,48,27,50,29,50,35,44,33,46,33,46,38,42,33,40,33,42,31,33,35,33,35,27,31,29,31,25,35,27,33,23,33,19,33,16,31,16,35,10,31,0,0,0,0,0,0,0,0,0,0]"""
1782173636407,2026-06-23T09:13:56.407,warning,breathing,lmh,lying_fast_breath,t001,"CSI_DATA,17752,1a:00:00:00:00:00,-63,11,-98,18,45,11,122243513,47,2,256,0,""[0,0,0,0,0,0,0,0,0,0,0,0,-25,-27,-27,-27,-25,-31,-27,-31,-29,-33,-29,-33,-35,-33,-31,-33,-41,-37,-37,-37,-43,-39,-41,-37,-49,-35,-45,-39,-49,-41,-55,-39,-61,-29,-61,-37,-61,-33,-57,-35,-57,-37,-67,-29,-65,-31,-67,-27,-71,-27,-71,-17,-69,-19,-75,-17,-71,-13,-71,-3,-69,-3,-79,-1,-73,5,-71,7,-77,13,-71,15,-67,21,-57,29,-69,29,-63,37,-59,27,-61,49,-57,51,-85,47,-17,37,-67,71,-31,33,-3,0,-51,81,-37,53,-119,127,-53,73,-61,85,29,-17,-19,87,-9,67,-49,165,0,0,0,0,0,0,21,-17,101,9,75,-29,-9,-23,95,-11,77,-15,-13,-7,79,7,55,-15,7,-37,55,-21,71,-13,25,-17,47,-11,63,-21,57,-31,59,-33,53,-35,47,-33,37,-31,41,-43,43,-41,31,-37,35,-41,37,-39,29,-45,33,-43,25,-53,27,-53,21,-57,21,-55,19,-59,19,-55,15,-55,9,-53,17,-55,13,-57,9,-53,7,-55,13,-55,7,-55,5,-57,9,-53,5,-53,9,-51,0,-51,1,-53,1,-47,5,-47,3,-39,1,-45,3,-39,1,-33,5,-39,3,-35,3,-31,7,-37,0,0,0,0,0,0,0,0,0,0]"""
1782173636418,2026-06-23T09:13:56.418,warning,breathing,lmh,lying_fast_breath,t001,"CSI_DATA,17753,1a:00:00:00:00:00,-62,11,-98,16,45,11,122255992,47,2,256,0,""[0,0,0,0,0,0,0,0,0,0,0,0,-31,-23,-31,-23,-31,-25,-35,-29,-35,-29,-35,-29,-38,-27,-35,-29,-46,-31,-42,-33,-50,-33,-48,-33,-52,-31,-54,-33,-50,-40,-54,-35,-65,-31,-54,-40,-50,-35,-59,-33,-59,-31,-61,-38,-65,-33,-65,-29,-69,-33,-67,-23,-69,-29,-71,-25,-67,-25,-69,-16,-69,-14,-71,-14,-73,-10,-71,-6,-76,-2,-76,4,-69,0,-73,10,-73,10,-73,19,-73,14,-76,25,-73,21,-69,33,-67,25,-69,33,-73,35,-65,40,-65,40,-69,44,-65,46,-67,50,-73,52,-69,50,-65,59,-65,57,-54,59,0,0,0,0,0,0,61,57,59,59,61,46,57,48,63,44,61,44,59,38,61,38,61,33,57,35,59,31,54,29,63,23,57,25,61,21,59,12,63,12,59,10,57,10,59,6,63,-2,61,8,52,0,57,-2,57,-2,57,-4,61,-4,57,-12,59,-10,54,-16,57,-12,61,-16,59,-14,54,-19,54,-19,59,-14,57,-16,52,-16,54,-19,54,-16,52,-16,54,-19,50,-19,48,-19,48,-14,48,-21,50,-14,44,-16,42,-12,40,-10,44,-10,38,-12,35,-4,40,-6,38,-6,38,-6,38,-2,0,0,0,0,0,0,0,0,0,0]"""
1782173636441,2026-06-23T09:13:56.441,warning,breathing,lmh,lying_fast_breath,t001,"CSI_DATA,17755,1a:00:00:00:00:00,-62,11,-98,17,45,11,122279150,47,2,256,0,""[0,0,0,0,0,0,0,0,0,0,0,0,10,34,10,36,10,41,10,45,8,45,8,47,10,47,10,47,12,53,12,55,16,55,18,55,20,61,18,63,12,63,18,65,26,61,20,67,20,65,18,65,16,69,26,67,32,67,32,67,32,71,39,61,34,65,39,63,34,65,45,61,41,55,47,61,49,57,49,55,55,53,59,47,55,43,63,41,61,43,69,34,69,36,69,28,71,28,75,24,71,26,75,16,78,20,73,10,78,14,86,16,82,8,82,2,86,6,86,8,90,2,86,4,84,-2,0,0,0,0,0,0,-4,-84,-12,-84,-14,-82,-16,-75,-16,-73,-16,-69,-16,-69,-16,-73,-24,-67,-20,-61,-26,-57,-24,-57,-30,-57,-28,-57,-32,-53,-34,-47,-41,-51,-36,-49,-34,-47,-39,-45,-47,-41,-43,-39,-43,-36,-39,-39,-43,-41,-45,-34,-47,-30,-53,-28,-51,-32,-55,-22,-51,-24,-55,-26,-53,-32,-55,-24,-51,-20,-55,-32,-57,-24,-49,-24,-57,-24,-51,-24,-49,-18,-53,-20,-51,-24,-49,-24,-47,-22,-49,-16,-45,-18,-45,-18,-45,-18,-36,-12,-39,-18,-36,-18,-32,-20,-32,-20,-32,-24,-34,-18,-26,-22,0,0,0,0,0,0,0,0,0,0]"""
1782173636453,2026-06-23T09:13:56.453,warning,breathing,lmh,lying_fast_breath,t001,"CSI_DATA,17756,1a:00:00:00:00:00,-62,11,-98,18,45,11,122287547,47,2,256,0,""[0,0,0,0,0,0,0,0,0,0,0,0,-37,-15,-35,-17,-35,-21,-39,-23,-35,-23,-33,-31,-35,-31,-31,-35,-39,-37,-35,-41,-35,-45,-35,-45,-39,-47,-41,-47,-33,-53,-37,-57,-43,-59,-29,-61,-29,-59,-29,-61,-23,-61,-31,-69,-23,-67,-25,-67,-27,-73,-27,-67,-21,-73,-19,-77,-21,-65,-29,-69,-19,-65,-23,-75,-21,-71,-21,-67,-25,-73,-23,-71,-21,-61,-25,-69,-25,-69,-31,-69,-25,-71,-31,-67,-29,-73,-33,-71,-21,-71,-25,-71,-25,-71,-25,-69,-29,-73,-27,-81,-27,-73,-25,-81,-17,-89,-15,-79,-25,-85,-25,-85,-27,-77,0,0,0,0,0,0,-81,9,-79,5,-83,13,-77,7,-75,3,-73,1,-71,5,-79,1,-67,0,-65,-3,-65,0,-63,-1,-67,3,-61,1,-61,-1,-57,3,-63,3,-59,1,-57,-5,-57,0,-61,5,-57,-7,-53,1,-57,-3,-55,-5,-59,0,-57,-3,-55,-1,-61,-3,-59,-3,-57,-5,-61,-9,-53,-7,-59,-5,-53,-11,-57,-15,-55,-13,-55,-13,-53,-19,-49,-21,-45,-19,-47,-25,-47,-27,-47,-25,-43,-27,-41,-25,-37,-31,-37,-29,-31,-35,-27,-35,-27,-35,-23,-27,-25,-27,-23,-35,-13,-35,-11,-29,-5,-35,0,0,0,0,0,0,0,0,0,0]"""
1782173636464,2026-06-23T09:13:56.464,warning,breathing,lmh,lying_fast_breath,t001,"CSI_DATA,17757,1a:00:00:00:00:00,-62,11,-98,16,45,11,122298513,47,2,256,0,""[0,0,0,0,0,0,0,0,0,0,0,0,8,-38,12,-35,14,-40,16,-42,19,-42,23,-40,21,-42,25,-44,27,-50,25,-46,27,-50,27,-52,31,-52,29,-54,35,-50,40,-57,35,-59,44,-57,40,-52,42,-52,46,-48,40,-59,44,-59,42,-59,48,-63,42,-61,46,-59,46,-61,44,-57,38,-59,44,-57,42,-63,40,-61,38,-63,38,-65,35,-69,31,-63,33,-65,31,-67,27,-69,27,-67,23,-71,29,-71,23,-78,23,-67,21,-73,25,-76,19,-73,16,-76,21,-82,19,-80,19,-82,25,-84,25,-86,16,-84,16,-84,14,-84,0,0,0,0,0,0,-78,-25,-80,-27,-78,-19,-73,-25,-73,-21,-67,-25,-69,-16,-71,-19,-67,-19,-67,-19,-65,-16,-61,-14,-65,-10,-61,-12,-63,-14,-59,-6,-63,-6,-61,-6,-57,-10,-59,-6,-61,2,-61,-8,-50,0,-59,-2,-57,-8,-57,-4,-59,-4,-57,2,-57,-4,-59,4,-59,-4,-61,-2,-57,-4,-57,0,-59,-2,-61,-6,-59,-6,-54,-4,-57,-8,-54,-10,-54,-8,-57,-12,-54,-12,-52,-8,-50,-16,-52,-10,-46,-14,-46,-16,-42,-19,-42,-21,-40,-21,-35,-16,-33,-19,-27,-23,-29,-23,-31,-21,-25,-25,0,0,0,0,0,0,0,0,0,0]"""
1782173636473,2026-06-23T09:13:56.473,warning,breathing,lmh,lying_fast_breath,t001,"CSI_DATA,17758,1a:00:00:00:00:00,-62,11,-98,17,45,11,122309513,47,2,256,0,""[0,0,0,0,0,0,0,0,0,0,0,0,-2,36,-4,36,-4,39,-8,45,-10,45,-12,47,-14,47,-18,47,-16,55,-18,51,-20,55,-20,53,-20,61,-22,59,-28,55,-32,59,-26,65,-34,59,-39,57,-34,59,-34,55,-39,57,-39,59,-39,63,-43,63,-39,67,-45,63,-43,63,-45,57,-39,63,-41,57,-39,65,-41,63,-34,59,-36,67,-39,63,-32,61,-34,71,-34,67,-28,69,-30,71,-26,71,-32,73,-28,75,-30,67,-28,69,-32,73,-26,75,-30,69,-26,75,-28,75,-28,73,-41,80,-41,73,-32,80,-30,80,-30,73,0,0,0,0,0,0,71,41,69,39,71,34,67,41,67,39,65,39,59,34,63,39,61,34,61,43,55,34,57,34,57,34,53,28,53,32,55,26,57,26,51,26,51,30,51,28,55,22,51,28,49,20,47,26,49,28,51,26,51,24,55,20,55,24,55,22,49,26,51,26,49,30,51,26,47,28,49,32,49,34,43,26,45,34,43,36,41,34,47,39,41,41,39,36,32,39,34,36,32,41,30,36,26,39,24,41,20,41,20,36,14,36,10,41,10,34,12,34,4,39,0,0,0,0,0,0,0,0,0,0]"""
1782173636485,2026-06-23T09:13:56.485,warning,breathing,lmh,lying_fast_breath,t001,"CSI_DATA,17759,1a:00:00:00:00:00,-62,11,-98,16,45,11,122320513,47,2,256,0,""[0,0,0,0,0,0,0,0,0,0,0,0,27,-29,23,-29,27,-29,31,-31,35,-29,33,-29,33,-31,35,-31,42,-38,40,-38,46,-38,44,-38,42,-42,50,-42,52,-35,57,-44,52,-48,57,-42,50,-40,48,-44,54,-42,57,-46,59,-46,54,-48,59,-50,52,-52,57,-48,59,-52,54,-48,50,-52,50,-48,52,-57,50,-61,48,-54,44,-63,44,-63,33,-57,38,-65,35,-65,29,-71,35,-67,31,-69,29,-67,23,-78,27,-67,21,-71,25,-76,16,-73,19,-78,19,-84,14,-78,19,-82,21,-84,23,-86,14,-86,10,-82,10,-84,0,0,0,0,0,0,-82,-14,-80,-14,-76,-4,-76,-12,-76,-8,-71,-12,-76,-4,-73,-6,-71,-4,-65,-4,-65,-2,-61,-2,-67,4,-65,6,-59,0,-59,10,-61,10,-61,12,-59,12,-63,10,-57,19,-61,10,-52,14,-52,16,-52,14,-54,16,-57,19,-50,23,-52,21,-50,25,-54,19,-54,19,-54,23,-52,23,-50,21,-52,19,-52,21,-50,23,-54,21,-54,16,-50,16,-54,14,-50,16,-52,16,-50,14,-48,14,-46,4,-48,12,-42,6,-44,8,-42,6,-40,8,-38,6,-42,2,-35,0,-38,2,-38,-2,0,0,0,0,0,0,0,0,0,0]"""
1782173636495,2026-06-23T09:13:56.495,warning,breathing,lmh,lying_fast_breath,t001,"CSI_DATA,17760,1a:00:00:00:00:00,-62,11,-98,16,45,11,122331512,47,2,256,0,""[0,0,0,0,0,0,0,0,0,0,0,0,-2,38,-4,40,-2,40,-6,44,-6,44,-12,48,-12,48,-12,48,-14,57,-16,50,-16,54,-14,57,-14,61,-14,61,-23,59,-23,63,-19,69,-27,63,-25,63,-25,65,-25,65,-29,67,-29,65,-23,71,-29,71,-25,69,-31,67,-29,69,-27,67,-19,73,-23,65,-23,76,-21,73,-19,67,-16,76,-14,71,-14,67,-8,71,-8,73,-4,76,-6,78,0,73,-4,78,4,80,0,76,2,78,-2,80,2,76,6,80,6,84,10,82,6,84,2,90,2,86,12,88,12,86,10,84,0,0,0,0,0,0,82,-2,82,-4,80,-8,76,-2,76,-6,76,0,69,-8,76,-12,67,-8,69,-4,65,-4,63,-8,65,-8,63,-12,63,-8,57,-14,65,-23,54,-16,59,-10,57,-16,59,-23,54,-16,50,-23,48,-16,52,-14,54,-19,52,-16,50,-25,54,-21,52,-29,52,-16,59,-23,52,-21,52,-25,52,-19,57,-19,57,-19,52,-16,57,-16,57,-10,50,-12,52,-12,54,-8,52,-12,52,-8,50,-8,50,-4,48,-8,46,0,44,4,46,0,44,2,38,4,38,10,35,2,35,10,33,16,0,0,0,0,0,0,0,0,0,0]"""
1782173636507,2026-06-23T09:13:56.507,warning,breathing,lmh,lying_fast_breath,t001,"CSI_DATA,17761,1a:00:00:00:00:00,-62,11,-98,13,46,11,122342512,47,2,256,0,""[0,0,0,0,0,0,0,0,0,0,0,0,-20,-30,-20,-32,-20,-34,-20,-41,-20,-39,-18,-43,-18,-45,-18,-47,-22,-53,-18,-53,-16,-53,-16,-57,-20,-57,-18,-63,-12,-63,-10,-67,-16,-67,-10,-67,-12,-65,-6,-71,-6,-73,-10,-69,-6,-71,-10,-73,-6,-78,-12,-73,-4,-73,-4,-78,-6,-69,-12,-73,-8,-73,-10,-75,-12,-69,-12,-71,-14,-75,-14,-73,-14,-69,-16,-71,-16,-71,-24,-69,-22,-73,-24,-73,-24,-71,-30,-73,-22,-71,-26,-69,-26,-73,-30,-67,-30,-73,-30,-75,-32,-75,-30,-75,-26,-86,-22,-80,-34,-82,-30,-80,-34,-78,0,0,0,0,0,0,-80,20,-80,20,-75,22,-75,16,-73,18,-71,12,-67,22,-71,22,-65,18,-65,14,-65,16,-61,16,-63,20,-59,20,-59,10,-57,18,-59,22,-59,22,-57,16,-55,20,-55,24,-57,18,-49,22,-53,22,-53,20,-53,22,-55,16,-49,26,-57,22,-53,22,-55,16,-59,18,-53,18,-53,20,-55,16,-57,16,-55,18,-55,16,-57,12,-57,8,-53,6,-57,4,-57,6,-51,6,-51,2,-49,4,-47,-4,-49,2,-47,-10,-43,-8,-41,-8,-36,-10,-39,-10,-36,-12,-32,-14,-32,-16,-30,-20,0,0,0,0,0,0,0,0,0,0]"""
1782173636516,2026-06-23T09:13:56.516,warning,breathing,lmh,lying_fast_breath,t001,"CSI_DATA,17762,1a:00:00:00:00:00,-62,11,-98,17,45,11,122353512,47,2,256,0,""[0,0,0,0,0,0,0,0,0,0,0,0,-22,32,-20,26,-24,36,-26,34,-28,36,-32,32,-32,32,-34,34,-36,43,-36,43,-41,43,-39,41,-39,51,-39,49,-43,43,-49,49,-45,53,-53,53,-47,51,-47,45,-49,43,-51,53,-51,55,-49,61,-49,61,-45,61,-49,55,-43,57,-49,59,-39,61,-43,59,-41,63,-36,65,-39,63,-36,67,-32,67,-26,65,-24,67,-22,71,-18,75,-18,71,-14,75,-16,73,-8,82,-12,71,-6,73,-12,75,-2,75,-4,80,0,88,2,82,2,82,-4,82,-6,86,6,88,6,86,8,86,0,0,0,0,0,0,84,-6,82,-6,75,-14,75,-4,80,-12,67,-8,69,-12,71,-14,69,-18,65,-8,65,-14,57,-14,65,-14,61,-20,57,-20,53,-20,59,-26,55,-26,53,-22,57,-26,45,-30,53,-28,43,-30,49,-30,49,-30,51,-30,49,-30,43,-39,45,-39,41,-41,45,-32,45,-36,47,-36,43,-39,45,-36,45,-36,47,-39,43,-36,45,-36,49,-28,43,-30,47,-30,47,-30,45,-30,41,-28,45,-28,45,-20,39,-30,39,-20,41,-22,41,-18,36,-18,39,-16,41,-16,32,-14,30,-12,34,-6,0,0,0,0,0,0,0,0,0,0]"""
1782173636529,2026-06-23T09:13:56.529,warning,breathing,lmh,lying_fast_breath,t001,"CSI_DATA,17763,1a:00:00:00:00:00,-62,11,-98,18,45,11,122364512,47,2,256,0,""[0,0,0,0,0,0,0,0,0,0,0,0,-35,11,-37,9,-37,9,-43,5,-43,1,-47,0,-47,-1,-47,-7,-53,-3,-51,-7,-57,-13,-57,-9,-63,-13,-61,-15,-59,-23,-61,-23,-67,-19,-61,-29,-61,-29,-63,-27,-55,-31,-69,-37,-53,-37,-63,-37,-67,-43,-61,-39,-55,-45,-59,-49,-57,-43,-61,-43,-51,-45,-61,-47,-59,-45,-57,-47,-63,-49,-59,-43,-51,-41,-61,-41,-57,-45,-61,-41,-61,-49,-61,-37,-61,-47,-67,-43,-59,-51,-59,-43,-59,-47,-57,-43,-65,-49,-63,-53,-63,-53,-59,-53,-61,-63,-53,-61,-67,-61,-63,-61,-59,-63,0,0,0,0,0,0,-73,47,-69,43,-65,51,-63,37,-61,41,-63,33,-61,35,-73,37,-59,29,-65,27,-59,27,-57,23,-57,27,-57,27,-57,23,-53,25,-57,27,-55,27,-57,21,-53,21,-53,25,-55,17,-51,25,-51,23,-53,17,-55,21,-55,13,-55,21,-59,17,-53,19,-55,11,-59,11,-57,13,-61,15,-53,5,-65,5,-57,5,-59,3,-61,-1,-55,-5,-49,-5,-55,-9,-55,-11,-55,-7,-51,-15,-47,-13,-47,-17,-45,-15,-41,-23,-35,-21,-35,-25,-35,-27,-31,-23,-27,-27,-27,-25,-19,-29,-13,-33,0,0,0,0,0,0,0,0,0,0]"""
1782173636544,2026-06-23T09:13:56.544,warning,breathing,lmh,lying_fast_breath,t001,"CSI_DATA,17764,1a:00:00:00:00:00,-62,11,-98,17,45,11,122378445,47,2,256,0,""[0,0,0,0,0,0,0,0,0,0,0,0,-36,6,-36,4,-41,4,-45,0,-45,-2,-45,-6,-45,-6,-45,-10,-53,-8,-55,-16,-57,-14,-55,-14,-63,-14,-61,-18,-57,-24,-59,-26,-65,-22,-63,-32,-59,-30,-57,-39,-55,-41,-63,-34,-61,-41,-65,-41,-65,-43,-59,-34,-57,-43,-59,-45,-59,-45,-61,-43,-55,-43,-63,-47,-63,-45,-59,-43,-59,-47,-61,-41,-55,-39,-63,-39,-61,-43,-65,-36,-61,-41,-65,-34,-65,-39,-71,-39,-61,-41,-63,-39,-63,-43,-65,-41,-67,-43,-73,-49,-69,-43,-67,-43,-65,-53,-65,-53,-71,-51,-71,-49,-69,-53,0,0,0,0,0,0,-61,57,-61,57,-57,59,-57,49,-55,53,-55,43,-53,53,-59,51,-53,45,-53,36,-51,39,-49,34,-49,43,-51,43,-51,39,-43,41,-49,45,-45,39,-47,34,-43,39,-39,41,-45,34,-41,36,-47,36,-49,32,-49,34,-43,32,-47,41,-51,36,-43,36,-45,30,-49,28,-49,30,-47,32,-47,26,-57,26,-55,24,-51,24,-59,20,-53,16,-51,16,-53,14,-55,14,-51,14,-53,4,-47,10,-49,2,-51,4,-45,-6,-41,-2,-41,-12,-39,-8,-39,-12,-41,-10,-36,-18,-34,-16,-34,-22,0,0,0,0,0,0,0,0,0,0]"""
1782173636552,2026-06-23T09:13:56.552,warning,breathing,lmh,lying_fast_breath,t001,"CSI_DATA,17765,1a:00:00:00:00:00,-62,11,-98,19,45,11,122386512,47,2,256,0,""[0,0,0,0,0,0,0,0,0,0,0,0,-36,-5,-36,-11,-38,-11,-40,-19,-42,-17,-42,-21,-44,-25,-44,-23,-48,-27,-44,-31,-50,-32,-48,-34,-54,-34,-56,-34,-48,-44,-46,-44,-58,-44,-50,-48,-48,-46,-50,-54,-50,-52,-50,-52,-46,-56,-50,-54,-52,-62,-48,-54,-42,-58,-48,-63,-42,-56,-52,-60,-42,-54,-54,-63,-50,-58,-46,-58,-52,-62,-52,-56,-46,-50,-52,-52,-54,-54,-56,-50,-56,-54,-58,-44,-56,-54,-62,-50,-56,-54,-54,-50,-54,-54,-56,-50,-60,-50,-62,-58,-65,-58,-60,-52,-58,-63,-54,-62,-65,-65,-65,-62,-58,-60,0,0,0,0,0,0,-69,52,-67,48,-65,56,-62,44,-56,44,-60,40,-52,42,-65,48,-56,42,-62,38,-54,34,-50,32,-54,40,-50,38,-50,34,-44,36,-50,42,-48,38,-50,34,-44,34,-44,38,-48,34,-40,40,-46,36,-46,32,-48,36,-46,29,-44,38,-50,34,-42,38,-44,31,-52,32,-48,34,-50,34,-46,27,-58,31,-54,25,-50,27,-56,23,-52,15,-48,19,-52,13,-52,15,-52,15,-52,13,-52,7,-50,3,-52,9,-48,-1,-42,-1,-40,-7,-40,-1,-40,-1,-38,-11,-34,-9,-34,-11,-34,-17,0,0,0,0,0,0,0,0,0,0]"""
1782173636562,2026-06-23T09:13:56.562,warning,breathing,lmh,lying_fast_breath,t001,"CSI_DATA,17766,1a:00:00:00:00:00,-62,11,-98,18,45,11,122398060,47,2,256,0,""[0,0,0,0,0,0,0,0,0,0,0,0,-19,31,-23,29,-23,33,-31,33,-31,31,-33,31,-35,29,-37,27,-43,35,-43,31,-43,33,-47,33,-51,37,-55,35,-57,25,-61,29,-59,33,-65,31,-59,25,-67,23,-69,23,-69,21,-67,25,-69,23,-75,19,-65,27,-73,19,-71,19,-71,15,-69,21,-69,19,-71,23,-71,15,-69,19,-71,19,-71,25,-67,23,-71,29,-67,25,-71,33,-69,29,-65,37,-69,29,-73,33,-67,29,-67,33,-69,31,-67,37,-73,29,-77,31,-73,31,-75,37,-83,29,-79,27,-81,29,-81,29,-75,23,0,0,0,0,0,0,17,85,19,83,23,73,19,77,19,77,13,71,15,75,13,73,11,67,11,67,13,63,13,59,15,65,9,63,11,59,19,59,15,63,15,59,9,59,13,57,19,57,13,59,11,53,9,55,7,59,9,55,13,57,15,55,9,57,19,55,11,55,9,57,5,57,7,57,7,55,0,59,0,61,0,57,-1,57,-1,57,0,53,-5,57,-9,55,-9,51,-19,51,-7,49,-15,47,-17,47,-17,43,-15,37,-19,39,-17,35,-25,31,-27,33,-25,27,-27,27,-25,23,0,0,0,0,0,0,0,0,0,0]"""
1782173636573,2026-06-23T09:13:56.573,warning,breathing,lmh,lying_fast_breath,t001,"CSI_DATA,17767,1a:00:00:00:00:00,-62,11,-98,16,45,11,122409744,47,2,256,0,""[0,0,0,0,0,0,0,0,0,0,0,0,10,35,10,38,10,42,8,46,8,46,8,44,10,48,8,46,12,54,8,54,12,54,14,57,14,63,14,67,10,63,12,65,16,65,14,67,10,67,14,73,16,71,10,73,16,71,19,71,19,76,23,69,16,71,19,71,25,73,29,71,25,67,31,73,33,71,33,69,38,67,40,61,38,54,46,59,48,61,54,59,48,57,57,48,52,50,61,54,57,46,61,46,61,48,63,40,65,44,71,50,71,44,69,40,71,46,73,44,78,44,82,42,80,38,0,0,0,0,0,0,40,-78,38,-73,29,-76,25,-69,25,-69,25,-65,25,-71,25,-73,25,-65,19,-63,19,-61,16,-61,10,-65,10,-63,10,-61,2,-59,2,-65,4,-65,8,-61,-2,-57,-2,-59,0,-63,-4,-57,-8,-59,0,-59,-8,-59,-6,-52,-12,-59,-12,-61,-16,-50,-12,-50,-10,-57,-12,-59,-16,-59,-14,-48,-12,-63,-12,-61,-14,-59,-14,-59,-12,-54,-14,-50,-10,-52,-12,-54,-10,-54,-8,-54,-10,-50,-6,-44,-10,-52,0,-44,-4,-40,-4,-40,-4,-38,-2,-40,4,-44,-2,-38,2,-33,6,-31,0,0,0,0,0,0,0,0,0,0]"""
1782173636582,2026-06-23T09:13:56.582,warning,breathing,lmh,lying_fast_breath,t001,"CSI_DATA,17768,1a:00:00:00:00:00,-62,11,-98,17,45,11,122419512,47,2,256,0,""[0,0,0,0,0,0,0,0,0,0,0,0,39,2,39,2,41,6,45,10,43,10,47,12,47,16,47,16,53,16,49,18,55,24,55,18,61,24,59,24,59,32,57,28,63,32,57,39,57,39,63,39,61,41,61,41,59,41,63,47,63,49,59,41,55,47,61,51,57,47,63,43,53,45,67,49,63,45,59,41,65,45,61,39,57,36,65,39,69,39,65,34,67,39,65,30,67,34,71,36,67,36,69,30,69,36,69,30,73,34,75,41,78,36,71,34,73,41,71,43,80,45,78,43,75,41,0,0,0,0,0,0,53,-69,49,-69,43,-73,43,-59,43,-59,43,-57,41,-55,47,-63,41,-55,43,-53,39,-53,36,-49,34,-53,39,-51,36,-51,28,-51,34,-55,32,-49,36,-47,28,-45,28,-53,32,-47,28,-49,30,-49,32,-47,32,-51,30,-45,30,-51,34,-51,28,-51,30,-43,36,-45,34,-47,36,-49,30,-39,45,-47,41,-45,39,-47,45,-45,43,-34,39,-34,43,-34,45,-34,43,-32,45,-30,39,-28,45,-20,47,-24,41,-20,39,-14,41,-12,34,-10,41,-12,39,-12,36,-6,34,0,32,4,0,0,0,0,0,0,0,0,0,0]"""
1782173636593,2026-06-23T09:13:56.593,warning,breathing,lmh,lying_fast_breath,t001,"CSI_DATA,17769,1a:00:00:00:00:00,-62,11,-98,16,45,11,122432417,47,2,256,0,""[0,0,0,0,0,0,0,0,0,0,0,0,10,38,6,38,4,42,2,46,0,46,-4,46,-4,48,-6,50,-6,54,-10,54,-12,57,-10,57,-16,59,-16,63,-25,54,-25,63,-21,67,-31,65,-29,61,-33,59,-42,54,-38,65,-40,65,-38,63,-46,63,-35,63,-44,61,-46,65,-48,61,-42,61,-44,57,-46,61,-40,63,-42,59,-44,63,-46,65,-44,57,-44,63,-44,59,-38,63,-44,61,-38,69,-44,63,-40,71,-38,61,-38,65,-44,67,-40,71,-40,65,-48,67,-48,67,-46,71,-57,69,-57,65,-54,67,-54,69,-54,65,0,0,0,0,0,0,54,63,54,63,52,54,50,63,52,61,42,59,44,57,44,59,40,57,38,54,38,52,35,52,42,54,35,54,35,52,38,46,38,50,33,48,29,50,38,50,40,44,31,52,31,40,29,46,29,50,29,50,31,50,33,48,29,50,35,48,27,50,25,54,25,54,23,48,23,52,19,57,16,54,19,52,14,54,14,59,14,54,8,59,2,57,4,52,-4,52,2,52,-4,50,-4,46,-6,42,-8,42,-10,44,-10,40,-14,35,-14,31,-16,31,-19,31,-25,27,0,0,0,0,0,0,0,0,0,0]"""
1782173636604,2026-06-23T09:13:56.604,warning,breathing,lmh,lying_fast_breath,t001,"CSI_DATA,17770,1a:00:00:00:00:00,-62,11,-98,18,45,11,122441512,47,2,256,0,""[0,0,0,0,0,0,0,0,0,0,0,0,1,39,0,37,1,41,-3,47,-3,43,-3,47,-1,47,-5,45,3,53,-5,55,0,57,1,57,3,63,5,65,-1,69,5,63,9,67,3,69,3,69,0,73,-1,75,11,77,11,69,15,73,15,79,23,71,17,67,23,73,23,69,31,67,27,63,33,75,35,69,35,69,41,63,45,57,41,51,53,51,51,55,57,49,57,53,65,37,63,41,67,41,67,39,69,33,71,31,69,27,75,29,79,27,79,23,77,19,85,23,79,19,89,15,89,11,87,13,0,0,0,0,0,0,11,-83,7,-79,-1,-83,0,-77,-5,-75,0,-71,-5,-73,-5,-75,-11,-67,-9,-65,-13,-61,-11,-59,-19,-61,-17,-63,-17,-55,-27,-49,-29,-57,-29,-53,-27,-55,-31,-45,-39,-45,-31,-43,-37,-47,-37,-45,-35,-47,-41,-43,-37,-33,-49,-35,-45,-41,-45,-29,-43,-31,-47,-35,-47,-31,-51,-31,-47,-27,-51,-39,-49,-35,-49,-31,-51,-33,-45,-29,-43,-25,-49,-25,-49,-27,-45,-25,-45,-29,-43,-21,-39,-21,-43,-23,-37,-25,-35,-21,-33,-21,-33,-21,-33,-25,-31,-25,-31,-25,-29,-19,-21,-23,0,0,0,0,0,0,0,0,0,0]"""
1782173636615,2026-06-23T09:13:56.615,warning,breathing,lmh,lying_fast_breath,t001,"CSI_DATA,17771,1a:00:00:00:00:00,-62,11,-98,18,45,11,122452512,47,2,256,0,""[0,0,0,0,0,0,0,0,0,0,0,0,-25,-27,-19,-31,-23,-35,-21,-41,-23,-37,-25,-37,-21,-39,-21,-41,-29,-47,-27,-45,-31,-47,-31,-49,-37,-51,-37,-53,-31,-57,-33,-51,-39,-53,-37,-55,-37,-55,-39,-65,-37,-63,-37,-63,-41,-57,-47,-59,-47,-61,-51,-51,-47,-55,-51,-59,-49,-53,-53,-53,-49,-45,-59,-53,-55,-51,-55,-45,-61,-47,-63,-39,-59,-33,-69,-27,-69,-35,-69,-23,-71,-27,-73,-13,-73,-21,-79,-17,-75,-17,-73,-11,-79,-13,-73,-9,-79,-11,-83,-5,-83,-1,-81,0,-87,-1,-81,-1,-89,9,-89,3,-85,5,0,0,0,0,0,0,1,85,3,81,15,83,11,77,15,71,13,69,15,71,15,75,15,65,17,67,21,59,21,57,25,61,25,61,27,55,31,51,35,55,33,51,27,55,37,47,41,43,35,45,35,43,35,43,37,47,39,45,39,39,45,35,47,41,47,29,43,29,47,37,43,37,49,37,41,29,49,41,43,39,45,37,45,37,43,33,41,29,47,29,43,35,43,33,41,37,39,27,37,29,37,33,37,31,31,27,29,31,27,31,29,29,25,31,23,33,25,27,19,29,0,0,0,0,0,0,0,0,0,0]"""
1782173636629,2026-06-23T09:13:56.629,warning,breathing,lmh,lying_fast_breath,t001,"CSI_DATA,17772,1a:00:00:00:00:00,-62,11,-98,17,45,11,122467375,47,2,256,0,""[0,0,0,0,0,0,0,0,0,0,0,0,-6,-39,-2,-39,-4,-41,0,-41,0,-47,4,-47,0,-51,6,-49,6,-55,2,-57,4,-59,4,-55,2,-65,4,-65,8,-61,12,-65,0,-69,8,-67,6,-65,6,-71,8,-71,8,-73,10,-71,2,-75,4,-82,0,-71,8,-71,2,-75,0,-73,-4,-73,-4,-71,-8,-80,-6,-73,-6,-71,-14,-78,-12,-71,-16,-65,-22,-69,-20,-71,-30,-71,-28,-69,-32,-63,-28,-69,-43,-73,-34,-69,-39,-63,-34,-65,-36,-63,-45,-67,-47,-73,-51,-67,-49,-63,-47,-71,-49,-71,-55,-69,-59,-65,-51,-69,0,0,0,0,0,0,-69,53,-67,53,-61,55,-59,47,-55,51,-53,45,-51,53,-57,53,-49,51,-51,47,-43,47,-39,43,-43,47,-39,53,-39,47,-28,51,-34,57,-32,55,-34,51,-28,49,-24,55,-30,53,-22,51,-24,53,-28,49,-26,55,-24,49,-14,57,-22,59,-14,57,-18,51,-20,55,-18,57,-14,57,-18,51,-18,59,-18,55,-20,55,-22,59,-22,51,-18,51,-20,51,-22,53,-20,53,-22,47,-20,47,-24,41,-20,49,-24,36,-26,32,-26,34,-22,34,-20,36,-22,34,-22,30,-22,30,-30,20,0,0,0,0,0,0,0,0,0,0]"""
1782173636639,2026-06-23T09:13:56.639,warning,breathing,lmh,lying_fast_breath,t001,"CSI_DATA,17773,1a:00:00:00:00:00,-62,11,-98,16,45,11,122474512,47,2,256,0,""[0,0,0,0,0,0,0,0,0,0,0,0,-33,21,-33,19,-38,16,-42,16,-44,16,-42,19,-44,16,-48,14,-52,19,-52,12,-57,16,-57,19,-59,16,-63,16,-65,10,-61,14,-69,23,-69,16,-67,12,-69,6,-73,6,-71,14,-69,10,-71,12,-78,10,-67,16,-71,10,-76,14,-71,14,-73,21,-67,16,-76,19,-69,21,-67,21,-73,27,-69,33,-65,27,-65,33,-67,29,-63,35,-65,33,-61,46,-69,44,-67,44,-65,40,-57,46,-65,46,-63,48,-63,48,-69,48,-63,50,-63,57,-76,54,-67,48,-69,54,-65,54,-63,52,0,0,0,0,0,0,50,73,44,65,57,65,48,63,48,59,48,59,44,54,44,57,38,50,38,52,48,48,42,46,50,48,40,46,44,44,48,42,48,42,44,40,40,44,46,33,54,31,44,38,42,31,46,33,42,35,48,38,46,33,48,31,48,35,50,27,48,33,50,35,46,33,50,33,48,29,48,38,46,35,44,35,46,35,44,35,42,31,44,38,40,40,38,38,35,42,38,35,33,35,29,38,25,33,25,31,25,40,25,35,19,35,16,38,16,38,14,35,8,33,0,0,0,0,0,0,0,0,0,0]"""
1782173636650,2026-06-23T09:13:56.650,warning,breathing,lmh,lying_fast_breath,t001,"CSI_DATA,17774,1a:00:00:00:00:00,-62,11,-98,16,45,11,122485511,47,2,256,0,""[0,0,0,0,0,0,0,0,0,0,0,0,35,21,31,19,35,27,31,27,35,27,38,27,38,29,40,33,48,33,44,33,50,31,50,31,54,33,54,33,46,40,57,38,63,33,61,42,54,38,54,38,54,42,63,38,67,35,65,33,69,33,71,27,67,31,67,31,67,33,69,23,67,21,71,21,73,23,69,21,78,12,78,6,71,4,76,-2,76,0,76,-10,76,-6,76,-16,73,-12,78,-19,71,-19,73,-23,78,-23,71,-31,73,-29,78,-33,71,-38,73,-42,80,-38,80,-35,73,-46,71,-44,69,-42,0,0,0,0,0,0,-44,-73,-44,-69,-48,-61,-48,-63,-50,-61,-46,-54,-46,-54,-46,-54,-46,-48,-46,-44,-48,-42,-48,-40,-54,-40,-50,-38,-52,-35,-54,-27,-57,-27,-54,-27,-48,-27,-54,-21,-57,-19,-59,-23,-50,-16,-50,-19,-54,-21,-54,-14,-59,-12,-57,-6,-59,-8,-59,0,-59,-6,-59,-4,-57,-8,-57,-4,-57,0,-57,-6,-57,-6,-54,-6,-59,-4,-57,-6,-57,-4,-54,-2,-54,-6,-54,-4,-50,-8,-52,-2,-48,-8,-48,-4,-46,-6,-44,-4,-42,-10,-40,-8,-38,-10,-40,-10,-35,-12,-35,-8,-33,-12,0,0,0,0,0,0,0,0,0,0]"""
1782173636660,2026-06-23T09:13:56.660,warning,breathing,lmh,lying_fast_breath,t001,"CSI_DATA,17775,1a:00:00:00:00:00,-62,11,-98,17,45,11,122496511,47,2,256,0,""[0,0,0,0,0,0,0,0,0,0,0,0,12,34,8,39,10,39,4,45,6,45,2,49,4,51,-2,49,2,59,-6,51,-6,59,-4,57,-8,63,-8,61,-16,63,-14,63,-14,73,-20,67,-20,63,-16,67,-24,65,-28,69,-28,69,-28,67,-32,71,-24,71,-32,65,-32,69,-32,65,-30,69,-30,67,-32,71,-28,69,-30,65,-28,69,-26,69,-24,63,-24,71,-26,67,-22,69,-24,69,-18,75,-26,73,-18,73,-24,73,-16,75,-22,75,-22,75,-22,73,-28,80,-26,78,-22,80,-32,82,-32,78,-30,82,-30,82,-28,75,0,0,0,0,0,0,73,43,67,43,75,34,69,41,65,36,61,41,59,32,63,39,55,34,59,41,59,34,55,32,61,34,51,32,53,36,53,30,57,30,51,30,51,34,53,30,57,26,51,34,49,22,49,26,51,30,49,30,49,30,51,26,49,32,53,26,47,32,51,36,45,36,47,32,45,34,47,43,45,39,41,34,41,39,41,43,34,41,39,45,32,47,28,45,24,43,28,43,20,49,20,47,16,45,18,45,14,43,12,41,4,39,4,39,6,36,2,36,-6,39,0,0,0,0,0,0,0,0,0,0]"""
1782173636671,2026-06-23T09:13:56.671,warning,breathing,lmh,lying_fast_breath,t001,"CSI_DATA,17776,1a:00:00:00:00:00,-62,11,-98,16,45,11,122507511,47,2,256,0,""[0,0,0,0,0,0,0,0,0,0,0,0,14,-35,14,-33,14,-35,19,-38,19,-42,21,-42,23,-42,25,-46,27,-48,29,-46,29,-50,29,-52,27,-52,29,-54,38,-52,35,-54,35,-59,42,-57,35,-54,42,-52,46,-50,40,-59,46,-61,40,-63,42,-65,38,-63,42,-61,44,-65,40,-61,35,-65,38,-63,35,-67,35,-65,31,-65,33,-69,31,-71,23,-63,23,-71,23,-71,19,-76,21,-71,12,-76,19,-73,12,-80,14,-73,12,-76,14,-78,8,-78,4,-78,8,-88,0,-82,4,-84,12,-90,14,-84,2,-92,0,-86,0,-82,0,0,0,0,0,0,-82,-6,-82,-8,-78,2,-78,-8,-76,-4,-69,-6,-67,2,-71,-2,-67,0,-69,-2,-65,2,-65,0,-67,0,-61,6,-61,4,-61,8,-61,16,-59,12,-61,6,-57,10,-59,16,-59,8,-50,19,-52,14,-54,14,-52,19,-57,16,-52,23,-54,19,-54,25,-52,16,-59,16,-54,16,-50,21,-57,16,-57,19,-57,14,-52,14,-54,16,-57,10,-50,14,-54,12,-54,10,-50,10,-50,6,-50,12,-48,4,-48,8,-46,2,-46,0,-44,-2,-42,-2,-42,2,-40,-4,-38,-4,-38,-8,-33,-10,0,0,0,0,0,0,0,0,0,0]"""
1782173636682,2026-06-23T09:13:56.682,warning,breathing,lmh,lying_fast_breath,t001,"CSI_DATA,17777,1a:00:00:00:00:00,-62,11,-98,16,45,11,122518511,47,2,256,0,""[0,0,0,0,0,0,0,0,0,0,0,0,-31,21,-35,21,-35,23,-38,23,-38,25,-40,21,-42,23,-44,21,-48,29,-46,27,-48,29,-48,31,-50,38,-54,40,-57,35,-54,33,-57,44,-61,38,-54,42,-57,40,-61,42,-57,46,-57,44,-54,48,-57,50,-50,52,-57,50,-59,54,-46,54,-46,63,-44,50,-48,65,-40,61,-40,61,-35,67,-33,67,-27,61,-25,73,-25,73,-14,78,-21,78,-6,71,-10,76,-2,80,-6,78,-4,73,-6,78,4,71,6,80,8,84,12,80,12,84,10,88,10,80,23,84,21,86,25,84,0,0,0,0,0,0,84,-25,78,-25,73,-35,71,-21,69,-29,69,-23,61,-31,69,-35,59,-33,61,-31,50,-33,54,-29,54,-44,48,-40,46,-40,44,-40,40,-46,40,-48,42,-44,35,-44,31,-50,35,-42,25,-48,29,-48,29,-48,27,-54,29,-44,19,-54,23,-57,19,-54,23,-52,21,-59,16,-52,12,-57,19,-54,19,-59,16,-50,14,-54,19,-57,21,-54,12,-48,19,-52,16,-57,14,-54,14,-52,14,-46,16,-46,12,-46,21,-44,16,-42,19,-38,16,-35,14,-38,16,-38,16,-38,14,-31,21,-31,0,0,0,0,0,0,0,0,0,0]"""
1782173636693,2026-06-23T09:13:56.693,warning,breathing,lmh,lying_fast_breath,t001,"CSI_DATA,17778,1a:00:00:00:00:00,-62,11,-98,17,45,11,122529511,47,2,256,0,""[0,0,0,0,0,0,0,0,0,0,0,0,-36,-16,-34,-20,-34,-20,-36,-26,-34,-26,-32,-30,-34,-30,-32,-34,-41,-41,-36,-41,-36,-41,-41,-43,-45,-47,-43,-49,-36,-55,-39,-55,-43,-55,-30,-61,-34,-55,-32,-61,-28,-59,-34,-67,-28,-63,-34,-67,-34,-71,-34,-65,-28,-67,-32,-73,-28,-67,-34,-65,-24,-65,-34,-71,-32,-67,-32,-67,-36,-69,-36,-69,-32,-59,-36,-63,-39,-63,-45,-61,-41,-69,-43,-59,-36,-63,-47,-65,-41,-63,-41,-59,-41,-65,-43,-63,-47,-65,-49,-71,-53,-69,-49,-67,-43,-75,-39,-73,-49,-75,-47,-73,-47,-73,0,0,0,0,0,0,-78,36,-75,32,-71,41,-73,28,-67,28,-69,22,-67,30,-69,30,-63,26,-61,22,-61,20,-55,16,-63,28,-61,28,-59,24,-53,26,-57,32,-57,28,-57,22,-51,24,-51,28,-55,20,-47,26,-51,24,-53,22,-57,24,-49,22,-49,28,-57,26,-51,24,-51,20,-57,18,-53,22,-55,24,-53,14,-59,18,-57,12,-53,14,-57,12,-55,8,-53,8,-51,4,-57,6,-55,6,-51,2,-51,2,-47,-4,-51,-4,-45,-10,-39,-12,-43,-12,-36,-14,-36,-10,-36,-14,-34,-16,-28,-20,-26,-20,0,0,0,0,0,0,0,0,0,0]"""
1782173636703,2026-06-23T09:13:56.703,warning,breathing,lmh,lying_fast_breath,t001,"CSI_DATA,17779,1a:00:00:00:00:00,-62,11,-98,18,45,11,122541906,47,2,256,0,""[0,0,0,0,0,0,0,0,0,0,0,0,1,35,-1,39,1,43,-3,47,-1,45,1,45,1,45,0,49,3,55,1,57,1,57,3,57,5,65,5,65,-1,67,5,65,13,69,5,71,5,67,3,69,1,73,13,71,13,71,15,71,17,77,25,71,19,71,25,73,23,73,29,71,29,61,31,67,37,65,37,61,45,63,49,57,47,51,53,51,51,53,61,51,61,47,63,39,63,43,71,39,63,33,67,27,71,35,71,19,75,27,79,29,75,23,83,19,83,21,81,19,87,17,85,15,83,13,0,0,0,0,0,0,11,-85,11,-85,0,-83,-5,-75,-3,-77,-1,-75,-5,-73,-3,-77,-5,-67,-9,-65,-17,-59,-15,-59,-23,-63,-19,-61,-23,-57,-25,-53,-31,-61,-27,-53,-21,-51,-31,-49,-37,-45,-35,-45,-35,-41,-35,-45,-35,-43,-37,-41,-41,-37,-43,-35,-43,-45,-47,-29,-41,-35,-49,-31,-47,-37,-49,-33,-49,-25,-45,-37,-49,-33,-45,-33,-49,-31,-49,-29,-45,-23,-47,-27,-47,-33,-47,-31,-45,-29,-43,-23,-41,-27,-39,-23,-37,-19,-35,-21,-33,-25,-31,-21,-31,-21,-31,-27,-25,-19,-27,-21,-23,-23,0,0,0,0,0,0,0,0,0,0]"""
1782173636713,2026-06-23T09:13:56.713,warning,breathing,lmh,lying_fast_breath,t001,"CSI_DATA,17780,1a:00:00:00:00:00,-62,11,-98,16,45,11,122551969,47,2,256,0,""[0,0,0,0,0,0,0,0,0,0,0,0,-19,33,-25,31,-25,31,-29,35,-27,31,-33,31,-33,35,-38,35,-40,42,-38,38,-42,40,-40,44,-44,46,-46,46,-48,40,-50,44,-52,52,-52,44,-52,40,-50,44,-52,42,-57,48,-59,44,-52,50,-59,50,-52,52,-61,48,-59,52,-54,48,-54,54,-52,50,-52,57,-50,57,-46,54,-48,59,-48,63,-42,57,-40,63,-40,65,-33,67,-38,67,-31,67,-35,69,-29,71,-33,67,-29,69,-31,73,-25,73,-25,76,-29,78,-21,80,-23,80,-33,84,-33,78,-23,86,-23,84,-23,82,0,0,0,0,0,0,78,31,78,27,78,16,76,23,71,19,71,21,69,14,73,21,65,16,65,21,65,14,63,12,65,14,61,8,63,12,61,6,61,2,61,2,57,6,61,2,63,-2,59,2,52,-4,52,0,54,0,57,-2,59,-2,54,-12,59,-6,59,-8,59,-4,61,-6,59,-4,59,-10,57,-6,61,-4,59,-4,57,-4,59,-2,57,2,54,-2,57,-2,54,2,52,2,52,6,52,4,48,6,48,2,44,10,40,10,44,12,42,12,38,10,38,12,33,12,31,14,33,19,0,0,0,0,0,0,0,0,0,0]"""
1782173636739,2026-06-23T09:13:56.739,warning,breathing,lmh,lying_fast_breath,t001,"CSI_DATA,17781,1a:00:00:00:00:00,-62,11,-98,19,45,11,122563234,47,2,256,0,""[0,0,0,0,0,0,0,0,0,0,0,0,-38,-3,-36,-5,-42,-5,-44,-11,-44,-11,-42,-13,-44,-11,-44,-15,-56,-17,-54,-21,-52,-21,-56,-19,-62,-21,-62,-25,-58,-31,-60,-25,-69,-21,-62,-31,-60,-31,-58,-32,-60,-40,-67,-34,-62,-34,-67,-34,-71,-38,-65,-29,-63,-36,-67,-38,-67,-34,-71,-31,-65,-25,-75,-32,-69,-29,-71,-29,-75,-27,-73,-21,-63,-19,-73,-15,-73,-19,-77,-13,-75,-19,-73,-5,-73,-9,-81,-9,-77,-7,-73,-5,-77,-7,-75,-1,-81,-5,-85,-7,-85,-1,-79,0,-87,-5,-83,-5,-91,-3,-91,-1,-87,-1,0,0,0,0,0,0,-13,85,-7,81,-1,83,-5,75,-1,75,-7,73,-3,71,-5,77,-5,69,-5,69,1,65,0,62,3,67,0,67,0,62,7,60,11,65,7,60,3,63,13,56,15,56,9,58,9,56,9,58,7,60,11,60,13,54,17,56,9,62,19,54,11,56,11,60,11,62,13,60,13,52,7,65,9,62,7,58,5,60,7,58,5,52,5,54,0,60,0,56,-1,54,3,50,-5,50,-1,54,-7,46,-5,40,-7,42,-5,40,-11,40,-13,38,-19,36,-15,32,-15,31,0,0,0,0,0,0,0,0,0,0]"""
1782173636747,2026-06-23T09:13:56.747,warning,breathing,lmh,lying_fast_breath,t001,"CSI_DATA,17783,1a:00:00:00:00:00,-62,11,-98,16,45,11,122586629,47,2,256,0,""[0,0,0,0,0,0,0,0,0,0,0,0,-19,33,-23,29,-27,31,-31,33,-31,33,-35,31,-33,33,-38,33,-40,40,-42,35,-44,38,-44,38,-44,40,-48,40,-52,35,-52,42,-52,46,-59,42,-50,42,-57,40,-63,40,-54,46,-61,44,-59,44,-63,44,-57,46,-63,42,-57,46,-61,44,-54,48,-57,44,-54,50,-52,57,-48,52,-52,57,-50,59,-46,52,-48,59,-50,57,-42,63,-44,59,-40,67,-42,63,-33,69,-38,61,-31,71,-35,71,-31,71,-31,71,-35,80,-31,73,-38,78,-40,76,-40,78,-38,82,-31,80,-27,82,0,0,0,0,0,0,76,33,76,35,76,25,73,29,71,29,67,31,69,25,69,27,65,25,59,27,67,23,59,19,67,19,63,19,61,21,59,16,63,12,59,8,57,14,63,10,61,4,57,12,52,6,59,4,57,8,57,6,59,8,57,0,61,4,61,2,57,4,61,4,59,6,57,2,59,4,59,6,57,2,57,4,59,6,59,10,57,10,57,12,52,16,54,12,46,14,50,10,46,19,48,10,44,14,42,14,42,21,38,19,35,19,33,19,27,21,31,25,25,27,0,0,0,0,0,0,0,0,0,0]"""
1782173636757,2026-06-23T09:13:56.757,warning,breathing,lmh,lying_fast_breath,t001,"CSI_DATA,17784,1a:00:00:00:00:00,-62,11,-98,16,45,11,122595511,47,2,256,0,""[0,0,0,0,0,0,0,0,0,0,0,0,-12,35,-14,35,-19,38,-21,33,-23,38,-27,40,-27,40,-29,42,-31,46,-33,42,-38,48,-35,46,-40,50,-44,48,-46,40,-48,46,-44,52,-52,48,-50,42,-50,44,-54,42,-57,46,-59,48,-57,48,-61,46,-52,50,-61,48,-63,44,-65,42,-57,44,-61,46,-59,46,-57,48,-54,44,-57,52,-59,52,-52,50,-50,57,-50,52,-48,61,-48,52,-50,61,-52,54,-48,61,-46,52,-48,61,-52,63,-44,65,-50,59,-50,65,-50,65,-50,65,-59,67,-59,63,-52,67,-52,65,-57,63,0,0,0,0,0,0,59,63,57,59,59,52,57,59,52,57,48,54,50,52,48,52,46,52,44,50,48,46,44,42,52,44,46,44,46,46,48,35,50,40,46,38,42,38,46,42,48,35,46,44,40,29,42,35,42,35,40,38,46,38,46,31,48,35,50,31,46,38,46,38,44,40,42,35,40,38,40,44,40,42,38,42,38,42,35,48,33,42,33,46,31,46,27,42,23,44,29,46,21,46,23,42,16,42,19,42,12,42,10,38,8,35,4,42,0,35,4,38,-4,35,0,0,0,0,0,0,0,0,0,0]"""
1782173636772,2026-06-23T09:13:56.772,warning,breathing,lmh,lying_fast_breath,t001,"CSI_DATA,17785,1a:00:00:00:00:00,-62,11,-98,17,45,11,122611365,47,2,256,0,""[0,0,0,0,0,0,0,0,0,0,0,0,-4,-36,-2,-36,-2,-41,2,-45,2,-45,4,-45,4,-47,6,-51,6,-55,8,-53,8,-59,8,-57,6,-61,10,-63,16,-63,16,-63,12,-71,22,-69,14,-65,20,-65,24,-65,14,-69,20,-69,20,-71,22,-78,18,-71,26,-69,22,-73,18,-71,16,-71,20,-69,16,-78,12,-71,12,-73,12,-78,10,-75,8,-67,6,-73,4,-75,0,-75,0,-75,-4,-75,0,-78,-8,-80,0,-75,-6,-71,-4,-80,-8,-75,-6,-78,-6,-84,-8,-82,-6,-84,-4,-90,-2,-84,-10,-88,-12,-90,-10,-84,0,0,0,0,0,0,-82,2,-84,-2,-80,8,-80,-2,-75,2,-71,-2,-69,4,-75,6,-67,4,-69,0,-67,2,-61,4,-67,12,-63,12,-65,2,-61,10,-65,16,-61,12,-59,6,-55,10,-59,18,-57,12,-51,16,-57,12,-53,14,-53,18,-57,14,-51,20,-59,18,-53,18,-55,12,-59,14,-55,16,-55,16,-59,14,-59,18,-57,10,-53,14,-57,12,-53,6,-53,8,-55,4,-55,2,-55,4,-51,-2,-53,2,-49,-4,-49,-2,-43,-6,-41,-4,-43,-6,-41,-6,-39,-8,-41,-12,-32,-12,-34,-14,-30,-18,0,0,0,0,0,0,0,0,0,0]"""
1782173636782,2026-06-23T09:13:56.782,warning,breathing,lmh,lying_fast_breath,t001,"CSI_DATA,17786,1a:00:00:00:00:00,-62,11,-98,18,45,11,122619532,47,2,256,0,""[0,0,0,0,0,0,0,0,0,0,0,0,37,-9,37,-5,41,-7,45,-3,43,0,45,3,49,1,49,7,53,5,55,7,57,11,57,13,61,11,63,15,57,23,61,27,65,23,63,33,59,29,59,31,57,35,63,39,59,39,63,39,67,49,59,39,57,49,57,49,59,51,61,43,53,45,61,53,59,49,57,47,61,49,55,47,51,43,59,43,55,45,63,43,59,47,63,43,57,49,65,49,57,47,59,47,57,49,61,45,61,49,63,57,67,55,61,53,59,65,55,65,63,63,61,63,55,61,0,0,0,0,0,0,71,-47,71,-43,67,-47,65,-41,67,-35,63,-31,67,-33,67,-37,61,-31,59,-23,55,-25,55,-25,59,-29,61,-27,59,-23,51,-25,59,-29,57,-25,53,-19,53,-25,53,-29,57,-21,51,-21,53,-21,57,-17,55,-17,51,-15,53,-23,57,-17,53,-21,53,-13,57,-15,59,-13,59,-15,55,-7,65,-5,59,-3,59,-3,61,0,57,1,55,0,55,5,59,7,53,7,49,15,47,11,43,19,49,17,39,21,37,21,35,23,33,25,33,21,27,25,27,27,23,29,15,31,0,0,0,0,0,0,0,0,0,0]"""
1782173636794,2026-06-23T09:13:56.794,warning,breathing,lmh,lying_fast_breath,t001,"CSI_DATA,17787,1a:00:00:00:00:00,-62,11,-98,21,44,11,122628511,47,2,256,0,""[0,0,0,0,0,0,0,0,0,0,0,0,-30,-22,-30,-26,-34,-26,-32,-32,-32,-30,-30,-34,-30,-39,-30,-41,-34,-43,-36,-45,-36,-45,-36,-41,-39,-47,-36,-47,-32,-55,-32,-55,-39,-57,-39,-61,-36,-59,-30,-63,-30,-67,-34,-63,-34,-61,-41,-65,-43,-69,-39,-59,-34,-61,-34,-69,-34,-65,-36,-63,-34,-59,-41,-69,-36,-67,-36,-63,-45,-65,-45,-61,-45,-55,-47,-59,-49,-59,-55,-57,-47,-59,-51,-47,-51,-55,-59,-61,-53,-59,-53,-53,-57,-55,-51,-51,-59,-55,-61,-63,-63,-57,-61,-59,-59,-65,-61,-59,-67,-61,-69,-61,-57,-63,0,0,0,0,0,0,-67,55,-63,57,-57,61,-61,53,-57,51,-55,47,-53,49,-63,53,-59,47,-51,45,-49,43,-49,41,-47,49,-47,45,-43,47,-36,47,-39,51,-41,47,-47,39,-36,41,-32,49,-39,45,-34,45,-36,47,-41,45,-41,45,-39,43,-32,49,-39,47,-30,49,-36,43,-41,45,-41,45,-36,47,-34,45,-47,45,-47,43,-41,41,-47,41,-41,34,-41,36,-41,39,-47,34,-43,32,-47,32,-41,28,-43,30,-43,28,-41,20,-41,16,-39,18,-34,16,-39,10,-39,12,-43,8,-39,6,-36,6,0,0,0,0,0,0,0,0,0,0]"""
1782173636804,2026-06-23T09:13:56.804,warning,breathing,lmh,lying_fast_breath,t001,"CSI_DATA,17788,1a:00:00:00:00:00,-62,11,-98,18,45,11,122639511,47,2,256,0,""[0,0,0,0,0,0,0,0,0,0,0,0,15,35,15,33,15,39,15,43,15,41,13,47,15,45,13,45,19,51,15,55,17,55,19,55,25,63,23,61,15,63,19,59,25,65,17,63,19,65,25,67,25,65,25,71,21,63,27,69,27,75,31,65,25,67,31,73,31,67,39,67,31,59,39,73,41,65,39,61,45,65,47,55,45,51,55,53,53,53,59,49,55,51,61,39,61,45,65,45,63,43,59,37,67,41,65,35,69,37,73,41,77,35,75,33,75,37,73,35,85,33,87,29,79,29,0,0,0,0,0,0,33,-79,31,-75,25,-81,23,-71,19,-67,21,-71,17,-69,17,-77,17,-69,13,-63,9,-63,7,-61,3,-67,5,-65,5,-61,0,-57,-3,-67,-1,-59,1,-63,-3,-53,-15,-59,-3,-57,-9,-57,-9,-55,-9,-63,-9,-57,-11,-55,-17,-57,-13,-57,-19,-51,-15,-51,-15,-55,-15,-57,-21,-55,-15,-51,-19,-65,-19,-59,-17,-53,-17,-61,-15,-51,-15,-49,-17,-53,-15,-55,-13,-51,-11,-55,-15,-45,-7,-47,-11,-49,-5,-43,-5,-39,-3,-43,-1,-41,-5,-37,0,-43,0,-37,3,-35,3,-35,0,0,0,0,0,0,0,0,0,0]"""
1782173636815,2026-06-23T09:13:56.815,warning,breathing,lmh,lying_fast_breath,t001,"CSI_DATA,17789,1a:00:00:00:00:00,-62,11,-98,17,45,11,122650510,47,2,256,0,""[0,0,0,0,0,0,0,0,0,0,0,0,-16,34,-18,34,-22,36,-30,36,-28,34,-30,32,-32,32,-34,32,-39,36,-43,34,-47,39,-47,36,-49,39,-53,34,-59,30,-57,34,-59,39,-63,28,-63,22,-65,20,-67,14,-71,24,-67,22,-71,22,-78,18,-67,22,-71,16,-75,16,-73,12,-71,18,-69,10,-78,12,-73,14,-73,12,-73,12,-71,16,-67,14,-71,18,-75,12,-75,18,-75,16,-69,24,-75,20,-78,20,-71,16,-73,16,-78,18,-71,16,-82,14,-86,12,-80,16,-82,16,-86,6,-82,4,-88,6,-90,6,-86,4,0,0,0,0,0,0,-10,86,-12,82,-4,82,-8,75,-6,73,-8,73,-12,75,-20,78,-14,67,-14,65,-14,63,-14,59,-14,67,-16,65,-14,61,-10,57,-10,65,-14,61,-18,59,-10,57,-4,59,-16,57,-12,55,-16,55,-22,53,-18,55,-18,53,-18,57,-24,59,-12,55,-16,53,-24,57,-26,55,-22,57,-24,51,-34,51,-34,51,-32,47,-36,47,-34,45,-32,41,-34,43,-43,41,-41,39,-43,32,-36,34,-39,28,-43,28,-43,20,-39,18,-39,16,-39,12,-41,10,-43,6,-41,6,-34,4,-36,-4,0,0,0,0,0,0,0,0,0,0]"""
1782173636827,2026-06-23T09:13:56.827,warning,breathing,lmh,lying_fast_breath,t001,"CSI_DATA,17790,1a:00:00:00:00:00,-62,11,-98,17,45,11,122661510,47,2,256,0,""[0,0,0,0,0,0,0,0,0,0,0,0,30,-18,34,-14,39,-16,47,-12,43,-10,45,-12,45,-14,47,-8,55,-12,57,-6,57,-10,57,-12,59,-10,65,-8,63,0,65,-6,69,-10,73,-6,67,0,67,2,67,6,73,-2,71,0,78,-2,80,0,75,-6,71,0,78,0,73,2,80,-4,71,-2,80,-6,75,-4,73,-6,73,-10,73,-12,67,-12,71,-20,73,-12,71,-20,73,-16,69,-26,71,-24,78,-24,73,-24,71,-24,75,-26,69,-28,71,-24,82,-26,80,-28,73,-32,82,-24,82,-26,84,-32,84,-30,80,-30,0,0,0,0,0,0,-18,-82,-20,-78,-26,-78,-24,-69,-26,-69,-20,-69,-20,-67,-20,-73,-20,-63,-20,-63,-24,-61,-18,-57,-26,-61,-20,-59,-22,-57,-26,-53,-28,-59,-24,-55,-20,-57,-30,-49,-32,-49,-28,-51,-26,-47,-24,-53,-20,-51,-26,-51,-26,-49,-30,-49,-26,-55,-34,-47,-26,-47,-28,-51,-24,-51,-28,-53,-26,-51,-22,-55,-24,-55,-22,-51,-20,-57,-20,-53,-20,-49,-22,-55,-12,-55,-14,-53,-10,-53,-14,-49,-8,-47,-6,-49,-6,-45,-4,-43,-2,-43,-2,-39,2,-39,6,-41,6,-36,8,-34,8,-34,0,0,0,0,0,0,0,0,0,0]"""
1782173636849,2026-06-23T09:13:56.849,warning,breathing,lmh,lying_fast_breath,t001,"CSI_DATA,17792,1a:00:00:00:00:00,-62,11,-98,17,45,11,122688559,47,2,256,0,""[0,0,0,0,0,0,0,0,0,0,0,0,28,-28,28,-26,32,-30,32,-30,32,-30,36,-30,34,-30,36,-30,43,-39,43,-36,43,-36,41,-41,45,-45,47,-47,47,-43,47,-45,45,-51,51,-49,45,-51,49,-47,51,-49,45,-57,47,-53,45,-59,49,-65,36,-63,43,-59,43,-63,39,-63,32,-69,32,-59,32,-73,26,-73,24,-73,22,-78,14,-73,14,-69,8,-71,8,-78,-2,-75,0,-78,-10,-73,-6,-78,-14,-80,-10,-73,-16,-71,-16,-73,-20,-69,-28,-78,-28,-80,-32,-80,-28,-73,-30,-78,-30,-80,-36,-84,-43,-78,-43,-75,0,0,0,0,0,0,-73,45,-69,45,-63,49,-61,45,-63,49,-61,41,-55,49,-59,51,-51,51,-49,45,-41,49,-41,43,-41,51,-39,55,-39,49,-30,47,-28,59,-26,57,-26,53,-22,53,-16,59,-22,53,-12,55,-14,57,-14,57,-12,59,-14,57,-2,59,-8,61,-2,57,-6,53,-4,57,0,61,2,61,-2,53,0,65,2,61,4,59,2,61,0,57,0,53,-2,55,0,57,0,53,2,55,4,51,-4,51,4,51,-2,47,-2,43,-2,43,0,36,0,41,-6,39,2,41,-6,36,-8,34,0,0,0,0,0,0,0,0,0,0]"""
1782173636860,2026-06-23T09:13:56.860,warning,breathing,lmh,lying_fast_breath,t001,"CSI_DATA,17793,1a:00:00:00:00:00,-62,11,-98,16,45,11,122694510,47,2,256,0,""[0,0,0,0,0,0,0,0,0,0,0,0,-38,-2,-38,-2,-42,0,-44,-2,-46,-2,-46,-6,-46,-4,-50,-4,-57,-2,-52,2,-57,-4,-59,2,-63,4,-63,4,-67,-2,-71,-2,-71,8,-67,2,-65,4,-69,8,-69,10,-73,8,-71,8,-73,16,-78,14,-71,21,-71,14,-73,21,-71,19,-71,29,-65,23,-71,33,-69,35,-61,35,-63,42,-63,42,-52,40,-57,52,-54,50,-50,59,-46,59,-46,61,-50,63,-40,69,-40,63,-38,69,-38,73,-29,71,-29,73,-27,80,-25,80,-25,78,-29,82,-29,82,-19,88,-14,86,-12,84,0,0,0,0,0,0,86,12,80,10,80,-4,78,8,76,0,73,2,73,-4,80,-8,69,-8,67,-4,63,-6,65,-8,65,-14,61,-21,63,-16,54,-23,57,-31,54,-29,57,-25,52,-27,48,-38,52,-29,42,-35,44,-38,44,-38,42,-35,44,-40,38,-48,42,-46,35,-48,40,-44,38,-46,38,-44,31,-52,35,-44,38,-46,33,-50,31,-46,33,-50,38,-44,31,-46,33,-46,31,-46,29,-48,29,-44,27,-40,27,-40,23,-40,27,-38,25,-38,29,-35,25,-31,23,-33,25,-27,25,-31,23,-25,25,-23,0,0,0,0,0,0,0,0,0,0]"""
1782173636870,2026-06-23T09:13:56.870,warning,breathing,lmh,lying_fast_breath,t001,"CSI_DATA,17794,1a:00:00:00:00:00,-62,11,-98,17,45,11,122705534,47,2,256,0,""[0,0,0,0,0,0,0,0,0,0,0,0,14,36,8,36,10,39,6,47,6,45,2,47,4,51,-2,51,2,55,-2,55,-4,61,-6,59,0,61,-2,63,-10,65,-12,67,-6,71,-16,71,-16,67,-12,67,-14,67,-16,71,-22,71,-18,71,-20,75,-18,71,-24,69,-24,75,-20,71,-16,73,-18,71,-18,75,-16,73,-14,69,-14,75,-14,73,-14,67,-12,78,-10,73,-2,75,-10,75,0,78,-8,78,0,80,-8,75,-4,75,-6,80,-4,78,-2,78,-2,84,-2,84,-6,82,-8,86,-12,82,-4,88,-4,90,0,88,0,0,0,0,0,0,84,12,82,12,80,6,78,16,73,10,73,16,69,8,78,14,69,10,67,14,63,12,61,10,67,10,65,10,63,12,61,8,63,4,59,6,59,10,61,6,59,0,59,6,57,0,55,4,57,6,57,6,59,6,61,-2,61,6,59,2,57,8,61,8,59,6,59,4,57,8,59,10,59,12,53,8,57,14,53,20,53,16,53,20,51,20,49,18,47,20,49,20,41,26,45,22,39,30,39,28,39,28,30,24,28,26,22,30,24,26,24,28,18,30,0,0,0,0,0,0,0,0,0,0]"""
1782173636879,2026-06-23T09:13:56.879,warning,breathing,lmh,lying_fast_breath,t001,"CSI_DATA,17795,1a:00:00:00:00:00,-62,11,-98,16,45,11,122717002,47,2,256,0,""[0,0,0,0,0,0,0,0,0,0,0,0,16,33,14,38,14,42,10,42,10,44,8,46,10,48,6,52,6,54,6,54,2,59,6,54,6,63,4,65,-4,63,-4,69,0,69,-8,69,-2,65,-10,71,-14,76,-10,69,-10,73,-10,71,-16,78,-6,73,-16,69,-21,73,-16,73,-10,76,-16,67,-12,80,-8,73,-10,73,-6,78,-10,76,-8,67,-6,73,-4,78,0,76,-2,76,-4,76,-4,80,4,80,0,73,4,80,-2,78,4,76,0,80,2,82,4,82,0,78,-6,84,-8,82,-2,86,0,88,2,84,0,0,0,0,0,0,82,12,84,12,84,6,73,16,78,12,69,16,76,8,73,6,69,12,69,12,65,14,61,12,65,8,65,6,63,12,61,8,67,0,63,6,54,8,59,6,61,4,61,6,57,2,59,2,65,4,59,6,61,6,59,-4,61,4,61,-2,57,8,59,6,59,10,54,4,50,14,59,12,59,12,57,12,57,14,54,19,50,19,50,23,52,23,50,19,46,23,46,25,38,27,42,23,38,27,35,25,31,33,31,27,29,27,23,31,25,29,19,29,16,29,0,0,0,0,0,0,0,0,0,0]"""
1782173636890,2026-06-23T09:13:56.890,warning,breathing,lmh,lying_fast_breath,t001,"CSI_DATA,17796,1a:00:00:00:00:00,-62,11,-98,17,45,11,122727510,47,2,256,0,""[0,0,0,0,0,0,0,0,0,0,0,0,2,39,0,36,-6,41,-10,45,-12,45,-14,47,-14,47,-18,47,-22,53,-26,51,-26,51,-24,55,-32,53,-34,55,-43,51,-41,53,-41,61,-49,53,-51,47,-51,51,-51,51,-57,47,-55,49,-59,47,-65,47,-55,49,-61,41,-61,45,-63,34,-63,41,-59,39,-69,43,-67,39,-65,36,-65,41,-61,39,-59,36,-61,45,-65,39,-61,43,-65,39,-59,43,-67,41,-65,43,-67,39,-63,43,-69,41,-65,41,-67,36,-75,39,-73,34,-73,36,-84,34,-80,28,-82,32,-82,30,-82,28,0,0,0,0,0,0,14,84,12,84,16,78,14,78,10,73,10,73,6,71,4,78,2,69,2,69,4,67,2,63,4,65,-2,65,2,63,4,59,4,65,-2,63,-4,59,2,59,4,59,-4,59,-4,55,-6,57,-10,59,-10,55,-4,57,-6,59,-10,59,-2,57,-10,53,-10,57,-18,57,-12,55,-14,53,-24,59,-24,55,-24,49,-28,53,-26,47,-28,45,-28,49,-34,47,-34,43,-39,34,-36,36,-34,34,-39,32,-36,26,-36,26,-39,22,-36,22,-36,8,-39,6,-41,10,-39,8,-32,6,0,0,0,0,0,0,0,0,0,0]"""
1782173636900,2026-06-23T09:13:56.901,warning,breathing,lmh,lying_fast_breath,t001,"CSI_DATA,17797,1a:00:00:00:00:00,-62,11,-98,18,45,11,122738722,47,2,256,0,""[0,0,0,0,0,0,0,0,0,0,0,0,-9,-35,-9,-35,-7,-41,-5,-45,-5,-45,-7,-47,-9,-47,-9,-51,-13,-53,-9,-57,-13,-57,-13,-57,-17,-59,-15,-63,-9,-65,-15,-65,-23,-65,-19,-69,-19,-67,-13,-71,-17,-73,-19,-69,-27,-67,-29,-71,-27,-73,-35,-63,-29,-65,-35,-67,-29,-69,-39,-63,-39,-57,-41,-65,-45,-61,-45,-59,-53,-57,-55,-49,-51,-45,-59,-47,-61,-49,-65,-41,-61,-41,-69,-31,-67,-33,-75,-31,-67,-27,-71,-23,-73,-23,-73,-17,-75,-25,-81,-21,-81,-19,-79,-9,-83,-13,-85,-15,-85,-7,-87,-5,-87,-3,0,0,0,0,0,0,-5,85,-1,83,3,79,1,77,11,79,5,75,9,73,7,71,11,71,13,65,17,61,19,59,23,63,21,63,23,57,31,53,31,57,27,53,27,55,37,49,39,41,35,47,35,41,35,45,37,45,39,43,43,37,47,35,45,37,49,31,41,33,47,35,45,35,49,31,45,31,49,37,47,35,51,31,49,33,43,29,45,27,49,31,45,33,45,31,43,31,43,25,37,25,41,27,37,27,37,23,33,27,33,27,29,25,31,27,29,27,23,21,23,25,0,0,0,0,0,0,0,0,0,0]"""
1782173636908,2026-06-23T09:13:56.908,warning,breathing,lmh,lying_fast_breath,t001,"CSI_DATA,17798,1a:00:00:00:00:00,-62,11,-98,17,45,11,122749510,47,2,256,0,""[0,0,0,0,0,0,0,0,0,0,0,0,26,26,24,32,28,30,28,34,28,36,24,41,24,43,24,45,28,51,22,49,22,53,22,57,24,57,24,63,20,63,20,65,20,67,16,69,16,65,14,71,10,73,10,73,8,71,12,71,6,80,10,75,2,75,2,78,6,71,12,75,4,71,8,82,6,75,8,69,10,80,10,75,6,69,10,73,10,75,14,75,12,75,20,73,14,75,20,78,12,78,16,75,14,78,14,75,16,75,14,82,18,84,12,82,8,88,8,86,16,86,16,88,12,86,0,0,0,0,0,0,86,2,82,2,80,-6,73,6,73,0,75,4,71,2,75,2,67,2,67,8,65,6,63,6,69,4,65,2,61,6,61,4,65,-4,57,2,59,6,59,2,63,-4,59,6,53,-2,57,4,55,2,57,2,59,6,57,-2,59,6,59,0,57,8,61,10,55,8,57,4,57,10,57,14,57,12,53,14,57,16,55,18,51,20,53,24,51,22,49,24,45,28,45,24,41,32,41,26,36,32,30,26,30,32,26,30,28,32,22,36,20,30,16,34,12,30,0,0,0,0,0,0,0,0,0,0]"""
1782173636923,2026-06-23T09:13:56.923,warning,breathing,lmh,lying_fast_breath,t001,"CSI_DATA,17799,1a:00:00:00:00:00,-62,11,-98,18,45,11,122760510,47,2,256,0,""[0,0,0,0,0,0,0,0,0,0,0,0,-21,-31,-15,-33,-19,-39,-15,-41,-15,-43,-13,-43,-15,-45,-15,-47,-19,-51,-15,-55,-13,-55,-13,-53,-25,-61,-17,-63,-11,-65,-13,-65,-19,-65,-13,-71,-11,-65,-15,-67,-13,-65,-15,-75,-11,-73,-15,-71,-15,-83,-21,-69,-11,-75,-15,-75,-21,-71,-23,-71,-17,-69,-27,-75,-23,-73,-23,-71,-31,-73,-31,-69,-29,-61,-31,-63,-37,-65,-43,-63,-39,-65,-45,-59,-41,-63,-51,-67,-43,-59,-49,-57,-49,-59,-51,-55,-53,-59,-57,-65,-61,-63,-55,-59,-57,-63,-51,-63,-67,-65,-61,-59,-61,-61,0,0,0,0,0,0,-67,57,-63,53,-55,59,-57,51,-53,55,-55,47,-51,51,-55,53,-51,51,-47,45,-41,47,-39,43,-41,51,-43,53,-41,47,-31,45,-35,57,-35,51,-35,45,-27,51,-25,53,-29,51,-23,49,-25,49,-29,51,-25,51,-27,49,-21,59,-27,57,-21,51,-25,51,-25,55,-25,57,-21,53,-23,47,-29,55,-27,53,-25,51,-29,53,-29,45,-27,45,-29,45,-29,47,-29,47,-29,43,-27,45,-29,37,-29,41,-29,33,-29,29,-33,27,-27,31,-31,31,-31,23,-31,23,-29,17,-31,17,0,0,0,0,0,0,0,0,0,0]"""
1782173636935,2026-06-23T09:13:56.935,warning,breathing,lmh,lying_fast_breath,t001,"CSI_DATA,17800,1a:00:00:00:00:00,-62,11,-98,18,45,11,122771539,47,2,256,0,""[0,0,0,0,0,0,0,0,0,0,0,0,-35,-9,-35,-15,-39,-15,-41,-19,-39,-19,-41,-21,-41,-23,-39,-27,-45,-29,-47,-31,-49,-33,-49,-31,-53,-35,-53,-37,-47,-43,-49,-41,-57,-39,-51,-45,-55,-47,-51,-51,-47,-55,-53,-49,-51,-51,-55,-51,-57,-59,-53,-45,-49,-51,-55,-51,-51,-51,-59,-47,-51,-43,-59,-55,-59,-51,-57,-47,-63,-47,-59,-43,-55,-39,-63,-37,-61,-43,-67,-37,-67,-41,-65,-29,-67,-37,-73,-35,-65,-35,-69,-29,-69,-33,-67,-29,-73,-33,-77,-39,-75,-37,-75,-29,-77,-41,-71,-37,-83,-39,-85,-35,-79,-35,0,0,0,0,0,0,-47,75,-41,73,-33,77,-35,63,-29,61,-35,65,-31,65,-39,71,-31,61,-33,59,-25,59,-25,55,-25,59,-25,57,-27,55,-17,55,-21,61,-23,59,-27,55,-17,51,-13,57,-21,55,-17,55,-19,55,-19,55,-17,57,-19,53,-11,57,-19,59,-11,57,-13,53,-19,59,-19,59,-17,57,-17,49,-27,59,-21,57,-17,51,-27,57,-25,47,-21,47,-25,47,-29,51,-27,47,-27,43,-27,45,-31,37,-29,39,-29,37,-27,33,-33,27,-27,27,-33,25,-31,25,-31,21,-33,15,-31,11,0,0,0,0,0,0,0,0,0,0]"""
1782173636956,2026-06-23T09:13:56.956,warning,breathing,lmh,lying_fast_breath,t001,"CSI_DATA,17802,1a:00:00:00:00:00,-62,11,-98,17,45,11,122793643,47,2,256,0,""[0,0,0,0,0,0,0,0,0,0,0,0,-39,-12,-36,-16,-39,-18,-43,-20,-39,-22,-36,-24,-39,-28,-39,-32,-45,-39,-43,-36,-41,-39,-43,-41,-45,-45,-47,-47,-41,-53,-41,-53,-45,-53,-41,-61,-39,-53,-39,-61,-39,-63,-34,-65,-32,-65,-36,-65,-34,-71,-34,-65,-28,-69,-32,-71,-30,-67,-34,-69,-26,-67,-30,-71,-30,-69,-28,-67,-32,-71,-30,-69,-28,-63,-34,-65,-32,-67,-41,-65,-34,-67,-39,-65,-32,-69,-43,-69,-32,-63,-34,-65,-32,-69,-39,-65,-36,-69,-36,-75,-36,-75,-32,-78,-30,-82,-24,-78,-32,-80,-34,-82,-30,-80,0,0,0,0,0,0,-84,22,-82,22,-80,22,-75,12,-75,14,-69,10,-73,14,-75,12,-69,12,-67,6,-63,12,-61,4,-65,10,-65,8,-59,6,-57,8,-63,14,-61,8,-57,6,-57,6,-59,10,-61,4,-53,10,-57,6,-57,4,-59,8,-55,2,-59,10,-63,2,-57,8,-57,0,-59,0,-61,-2,-59,2,-55,-4,-63,-8,-61,-8,-57,-8,-59,-12,-55,-16,-53,-14,-51,-18,-53,-16,-51,-22,-49,-22,-45,-22,-39,-26,-45,-20,-36,-28,-36,-28,-30,-32,-28,-26,-26,-30,-26,-34,-22,-26,-18,-32,-14,-32,0,0,0,0,0,0,0,0,0,0]"""
1782173636965,2026-06-23T09:13:56.965,warning,breathing,lmh,lying_fast_breath,t001,"CSI_DATA,17803,1a:00:00:00:00:00,-62,11,-98,16,45,11,122804509,47,2,256,0,""[0,0,0,0,0,0,0,0,0,0,0,0,14,35,10,40,16,42,10,42,8,46,6,46,6,48,8,48,8,57,6,57,4,59,6,59,8,63,4,65,-2,63,-2,69,2,69,-6,71,-2,71,0,65,-4,69,0,76,-8,73,-4,76,-6,80,-2,69,-10,76,-6,76,-4,76,2,73,-4,71,2,78,2,76,4,76,6,78,8,76,8,71,8,73,8,76,16,76,12,76,19,73,16,73,23,80,16,71,25,76,21,76,25,71,27,76,25,84,25,78,27,78,25,84,19,82,27,86,31,82,27,82,0,0,0,0,0,0,84,-19,82,-27,78,-25,73,-21,76,-21,71,-19,73,-23,73,-19,69,-19,65,-14,63,-21,59,-19,63,-23,63,-25,59,-16,54,-23,61,-29,54,-25,52,-21,54,-25,52,-29,57,-23,46,-27,48,-25,50,-25,50,-25,52,-25,50,-31,54,-29,50,-31,52,-25,52,-29,52,-25,50,-33,52,-23,54,-25,54,-27,50,-23,54,-25,54,-16,50,-19,57,-14,57,-14,52,-16,48,-14,50,-12,46,-8,46,-14,46,-4,46,-4,42,0,42,-4,42,-2,40,2,42,4,38,6,33,12,0,0,0,0,0,0,0,0,0,0]"""
1782173636978,2026-06-23T09:13:56.978,warning,breathing,lmh,lying_fast_breath,t001,"CSI_DATA,17804,1a:00:00:00:00:00,-62,11,-98,18,45,11,122815509,47,2,256,0,""[0,0,0,0,0,0,0,0,0,0,0,0,-37,-5,-37,-7,-43,-7,-43,-11,-41,-15,-39,-17,-41,-13,-45,-19,-49,-23,-51,-23,-53,-27,-51,-25,-59,-29,-57,-31,-55,-37,-55,-39,-59,-35,-57,-45,-55,-39,-49,-45,-53,-51,-59,-47,-57,-45,-57,-49,-59,-53,-59,-43,-53,-49,-53,-49,-57,-55,-57,-45,-53,-49,-55,-51,-57,-49,-55,-49,-59,-47,-61,-43,-57,-39,-59,-41,-61,-45,-67,-39,-61,-45,-67,-39,-63,-39,-67,-37,-57,-37,-67,-35,-65,-39,-67,-35,-67,-39,-73,-45,-73,-43,-67,-41,-67,-45,-67,-49,-79,-49,-73,-45,-71,-49,0,0,0,0,0,0,-55,61,-55,65,-45,69,-47,59,-45,65,-49,49,-47,57,-51,61,-47,55,-39,47,-39,51,-37,49,-41,51,-41,53,-39,45,-31,47,-37,55,-39,53,-37,47,-31,47,-25,43,-35,45,-27,49,-35,47,-41,47,-33,45,-33,43,-27,47,-35,49,-27,47,-33,43,-35,47,-39,49,-35,47,-33,39,-43,45,-43,43,-39,45,-43,43,-43,35,-41,35,-43,33,-47,33,-45,33,-47,27,-43,29,-43,21,-41,27,-39,15,-39,17,-41,13,-37,15,-41,9,-39,7,-41,5,-35,3,-35,-1,0,0,0,0,0,0,0,0,0,0]"""
1782173636994,2026-06-23T09:13:56.994,warning,breathing,lmh,lying_fast_breath,t001,"CSI_DATA,17805,1a:00:00:00:00:00,-62,11,-98,16,45,11,122833066,47,2,256,0,""[0,0,0,0,0,0,0,0,0,0,0,0,40,-2,40,0,42,2,46,4,46,6,48,6,52,4,50,4,57,4,52,8,61,4,59,2,63,4,67,2,65,10,67,4,71,2,71,8,69,2,71,8,73,6,71,-2,78,0,73,-4,76,-2,71,-12,76,-4,76,-8,76,-6,71,-14,71,-10,78,-16,73,-21,67,-21,71,-25,73,-35,63,-27,67,-38,65,-38,59,-44,61,-42,57,-52,61,-48,57,-54,59,-50,52,-54,54,-59,50,-61,48,-61,52,-63,48,-65,50,-69,57,-71,50,-67,48,-76,42,-76,38,-73,0,0,0,0,0,0,-71,-40,-69,-42,-73,-31,-71,-35,-71,-29,-67,-29,-65,-27,-69,-25,-65,-23,-65,-21,-67,-16,-63,-14,-67,-10,-63,-10,-65,-10,-61,-4,-63,-2,-59,-2,-59,-2,-61,0,-61,10,-61,2,-52,10,-57,8,-57,6,-57,10,-57,12,-54,16,-59,16,-57,23,-54,19,-59,19,-54,19,-52,23,-52,21,-57,19,-54,21,-52,21,-54,19,-54,21,-50,21,-54,21,-52,19,-48,19,-50,14,-46,23,-50,14,-44,14,-48,14,-40,10,-44,10,-40,10,-40,8,-40,8,-38,8,-40,4,-38,2,0,0,0,0,0,0,0,0,0,0]"""
1782173637005,2026-06-23T09:13:57.005,warning,breathing,lmh,lying_fast_breath,t001,"CSI_DATA,17806,1a:00:00:00:00:00,-62,11,-98,15,45,11,122837509,47,2,256,0,""[0,0,0,0,0,0,0,0,0,0,0,0,-41,-8,-36,-10,-39,-10,-43,-13,-41,-13,-47,-13,-47,-15,-47,-15,-56,-10,-54,-17,-58,-13,-60,-10,-63,-8,-63,-10,-63,-17,-67,-15,-71,-8,-71,-13,-71,-10,-69,-13,-69,-15,-73,-4,-73,-6,-76,-2,-80,-2,-73,8,-73,0,-80,2,-73,6,-73,13,-73,10,-76,19,-73,19,-71,23,-71,30,-71,32,-63,30,-65,43,-63,36,-56,50,-58,45,-56,56,-56,54,-52,58,-52,56,-47,63,-47,65,-43,67,-41,63,-43,73,-36,76,-36,76,-45,80,-41,78,-30,82,-28,82,-28,80,0,0,0,0,0,0,80,28,80,23,80,15,78,17,76,15,76,13,69,6,73,6,69,4,71,6,71,-2,63,0,69,-8,63,-6,63,-8,60,-13,60,-21,56,-19,58,-15,56,-21,54,-28,56,-23,45,-30,50,-32,50,-28,47,-30,50,-34,41,-43,45,-36,41,-41,41,-36,45,-43,43,-43,36,-47,41,-39,45,-47,41,-43,36,-43,41,-45,41,-43,36,-43,36,-45,36,-43,30,-39,36,-39,30,-45,34,-39,26,-41,32,-32,28,-36,32,-30,26,-32,28,-28,26,-26,30,-28,26,-28,28,-23,0,0,0,0,0,0,0,0,0,0]"""
1782173637017,2026-06-23T09:13:57.017,warning,breathing,lmh,lying_fast_breath,t001,"CSI_DATA,17807,1a:00:00:00:00:00,-62,11,-98,16,45,11,122852215,47,2,256,0,""[0,0,0,0,0,0,0,0,0,0,0,0,4,-38,8,-38,12,-40,16,-42,14,-42,19,-44,19,-46,21,-46,23,-50,27,-48,25,-54,27,-54,31,-57,33,-57,38,-52,35,-54,38,-61,42,-57,42,-52,44,-54,44,-50,50,-54,50,-54,46,-57,50,-59,44,-61,52,-54,52,-59,50,-52,46,-57,48,-57,52,-57,50,-57,48,-50,50,-57,46,-61,42,-59,40,-63,44,-61,35,-65,42,-65,35,-69,40,-67,35,-67,40,-67,40,-65,42,-71,40,-69,38,-67,46,-71,35,-69,40,-71,52,-76,50,-67,42,-76,48,-73,42,-73,0,0,0,0,0,0,-65,-52,-61,-52,-67,-44,-63,-52,-63,-46,-57,-46,-54,-44,-54,-50,-52,-42,-52,-46,-52,-40,-48,-40,-54,-42,-48,-38,-50,-42,-54,-35,-54,-38,-50,-35,-46,-35,-48,-33,-52,-29,-50,-35,-44,-27,-44,-31,-46,-35,-46,-33,-48,-33,-48,-27,-48,-35,-50,-27,-46,-29,-50,-38,-44,-38,-46,-35,-46,-35,-44,-42,-40,-40,-40,-38,-40,-42,-38,-44,-35,-42,-38,-44,-33,-46,-31,-42,-25,-46,-33,-42,-27,-46,-25,-42,-19,-42,-16,-42,-12,-44,-12,-38,-8,-35,-4,-42,-4,-38,-4,-38,0,-38,0,0,0,0,0,0,0,0,0,0]"""
1782173637026,2026-06-23T09:13:57.026,warning,breathing,lmh,lying_fast_breath,t001,"CSI_DATA,17808,1a:00:00:00:00:00,-62,11,-98,16,45,11,122859509,47,2,256,0,""[0,0,0,0,0,0,0,0,0,0,0,0,40,-8,38,-6,44,-4,48,-2,48,-4,44,2,48,2,50,2,52,6,59,8,59,8,57,8,65,8,65,14,61,21,63,21,65,16,65,27,65,25,61,31,65,38,67,29,67,33,69,33,71,38,69,27,63,35,65,35,65,44,67,38,63,35,67,35,69,38,65,33,67,38,69,35,63,31,67,27,69,33,71,29,71,33,71,27,67,35,78,31,63,25,71,29,69,31,71,25,76,33,78,35,78,33,76,31,73,40,76,40,80,40,76,42,78,42,0,0,0,0,0,0,54,-67,54,-69,40,-65,42,-61,46,-61,40,-52,46,-59,48,-59,46,-54,42,-46,40,-48,42,-46,35,-52,46,-52,40,-46,33,-48,42,-54,38,-48,44,-46,35,-46,33,-44,40,-42,33,-44,35,-46,40,-44,42,-48,38,-42,38,-44,42,-44,33,-44,35,-38,40,-44,46,-42,40,-46,40,-38,48,-35,48,-38,50,-33,50,-38,46,-31,44,-29,48,-27,54,-25,52,-27,52,-19,46,-21,46,-14,50,-14,42,-6,42,-8,44,-2,44,-6,44,0,42,2,40,4,33,6,33,10,0,0,0,0,0,0,0,0,0,0]"""
1782173637036,2026-06-23T09:13:57.036,warning,breathing,lmh,lying_fast_breath,t001,"CSI_DATA,17809,1a:00:00:00:00:00,-62,11,-98,16,45,11,122870639,47,2,256,0,""[0,0,0,0,0,0,0,0,0,0,0,0,12,38,10,38,10,44,4,44,4,44,0,46,0,46,-2,50,-2,57,-8,57,-8,59,-6,61,-10,65,-12,65,-23,61,-23,65,-19,69,-29,67,-25,61,-29,59,-35,61,-31,67,-35,69,-38,65,-40,69,-33,69,-42,63,-42,65,-46,63,-42,63,-40,59,-46,61,-42,61,-44,57,-42,63,-42,67,-40,57,-40,63,-42,59,-40,69,-42,63,-35,69,-44,63,-42,67,-38,59,-40,67,-44,63,-40,69,-42,69,-50,69,-48,67,-48,69,-59,71,-57,61,-52,67,-59,67,-54,63,0,0,0,0,0,0,50,65,52,65,50,54,46,65,46,65,42,59,40,61,40,61,35,59,35,57,35,57,33,54,38,57,31,54,31,59,33,52,35,54,29,52,27,52,33,50,33,50,25,57,25,44,25,48,25,52,25,52,27,54,29,48,23,54,29,50,23,54,23,57,16,57,16,52,21,54,10,59,12,57,10,54,8,59,4,61,6,59,2,59,-4,59,-2,52,-8,50,-4,52,-10,50,-12,48,-16,44,-14,42,-16,35,-14,38,-23,29,-25,33,-21,29,-27,27,-25,25,0,0,0,0,0,0,0,0,0,0]"""
1782173637053,2026-06-23T09:13:57.053,warning,breathing,lmh,lying_fast_breath,t001,"CSI_DATA,17811,1a:00:00:00:00:00,-62,11,-98,15,45,11,122892689,47,2,256,0,""[0,0,0,0,0,0,0,0,0,0,0,0,6,41,0,41,-2,45,-2,45,-4,43,-8,47,-8,50,-10,50,-6,58,-13,54,-17,58,-13,58,-13,60,-19,65,-26,60,-26,67,-23,69,-30,67,-28,58,-23,63,-30,60,-34,71,-36,67,-34,67,-39,73,-32,69,-39,67,-36,67,-41,63,-34,67,-36,67,-36,71,-34,65,-32,63,-34,71,-30,71,-30,63,-28,71,-28,69,-23,73,-28,71,-23,76,-28,73,-21,80,-26,73,-23,71,-26,76,-21,78,-21,73,-30,82,-23,78,-26,80,-34,84,-36,78,-26,82,-28,82,-30,82,0,0,0,0,0,0,71,41,76,41,73,30,71,39,69,34,63,39,65,32,65,36,60,34,58,36,63,30,56,34,65,32,58,30,56,32,58,26,58,26,54,23,52,30,56,28,58,19,54,32,50,21,47,21,52,26,54,23,60,26,54,17,56,23,56,21,54,26,56,28,50,32,52,26,52,28,52,32,50,32,50,28,47,34,45,36,43,34,45,39,39,41,41,36,32,39,36,39,30,41,30,39,23,39,23,34,21,39,23,36,15,39,15,39,10,36,13,39,2,34,0,0,0,0,0,0,0,0,0,0]"""
1782173637067,2026-06-23T09:13:57.067,warning,breathing,lmh,lying_fast_breath,t001,"CSI_DATA,17812,1a:00:00:00:00:00,-62,11,-98,16,45,11,122906991,47,2,256,0,""[0,0,0,0,0,0,0,0,0,0,0,0,-6,40,-8,35,-8,44,-12,42,-14,46,-16,44,-16,46,-21,46,-21,52,-25,52,-25,52,-23,57,-25,59,-27,61,-31,54,-35,65,-29,63,-35,63,-31,59,-31,54,-38,57,-40,67,-40,65,-33,65,-38,67,-33,65,-40,67,-40,65,-40,65,-31,67,-35,67,-33,65,-31,67,-29,65,-27,71,-27,71,-25,67,-21,71,-23,71,-12,78,-19,71,-12,78,-16,73,-6,80,-12,69,-10,78,-16,82,-8,78,-6,82,-10,84,-4,82,-8,84,-16,84,-12,86,-4,88,-6,88,-6,86,0,0,0,0,0,0,84,16,88,10,76,4,76,12,82,6,69,12,73,4,73,8,69,4,63,8,61,8,65,6,71,0,67,2,61,4,63,-2,63,-4,63,-4,61,-2,61,-4,61,-8,65,-2,52,-8,54,-4,59,-4,57,-10,61,-6,54,-14,63,-10,57,-14,59,-8,61,-10,63,-10,57,-12,59,-6,57,-6,59,-4,57,-4,59,-4,61,0,54,0,59,2,57,2,57,0,54,2,57,2,50,6,48,0,42,8,44,6,42,10,42,10,42,12,38,14,31,14,35,19,31,19,0,0,0,0,0,0,0,0,0,0]"""
1782173637078,2026-06-23T09:13:57.078,warning,breathing,lmh,lying_fast_breath,t001,"CSI_DATA,17813,1a:00:00:00:00:00,-62,11,-98,17,45,11,122914509,47,2,256,0,""[0,0,0,0,0,0,0,0,0,0,0,0,30,24,30,24,32,30,30,34,30,32,32,30,36,32,36,36,43,39,39,41,45,41,47,41,49,43,49,43,45,49,51,43,57,43,55,49,51,43,51,43,49,49,61,43,59,41,61,43,65,45,65,32,63,41,69,39,69,36,67,26,65,26,73,24,69,24,69,20,75,18,78,12,67,8,80,2,73,6,78,-2,78,-2,73,-14,75,-12,80,-16,75,-16,67,-22,73,-22,73,-34,71,-28,75,-30,75,-32,75,-41,80,-39,80,-39,75,-41,73,-43,71,-45,0,0,0,0,0,0,-43,-71,-47,-67,-51,-57,-55,-61,-53,-55,-51,-53,-49,-51,-55,-57,-49,-43,-51,-45,-51,-34,-51,-36,-61,-32,-53,-34,-55,-32,-55,-22,-61,-28,-57,-24,-51,-26,-57,-16,-59,-10,-59,-16,-51,-12,-53,-10,-55,-12,-57,-6,-59,-4,-57,-4,-61,-6,-59,4,-57,2,-61,0,-59,0,-61,2,-55,4,-61,-2,-57,2,-53,6,-59,6,-57,8,-55,8,-57,8,-57,4,-53,6,-55,2,-51,10,-49,2,-51,4,-45,0,-45,4,-47,0,-39,4,-39,0,-41,-4,-39,-6,-39,0,-36,-6,0,0,0,0,0,0,0,0,0,0]"""
1782173637087,2026-06-23T09:13:57.087,warning,breathing,lmh,lying_fast_breath,t001,"CSI_DATA,17814,1a:00:00:00:00:00,-62,11,-98,21,44,11,122925572,47,2,256,0,""[0,0,0,0,0,0,0,0,0,0,0,0,10,39,6,39,6,43,6,49,4,45,2,43,2,49,-2,53,0,57,-2,55,-2,59,-4,57,-6,65,-6,65,-14,65,-16,67,-10,69,-14,67,-16,65,-16,69,-20,69,-20,71,-16,73,-20,73,-26,78,-18,71,-28,67,-22,75,-28,71,-22,71,-18,67,-26,73,-20,75,-22,75,-16,75,-18,73,-18,69,-10,71,-18,75,-12,80,-10,73,-8,80,-10,78,-8,82,-14,73,-6,80,-12,78,0,75,-6,82,-12,84,-6,86,-12,84,-16,86,-16,82,-12,94,-8,90,-10,92,0,0,0,0,0,0,86,22,84,24,80,12,73,16,75,14,71,18,73,18,78,18,71,20,61,24,63,18,63,18,67,12,65,14,61,16,61,14,67,8,61,10,59,14,57,12,61,6,57,14,49,8,53,10,55,10,59,14,61,12,59,4,65,8,61,8,57,14,61,16,57,16,59,12,53,14,57,18,57,18,59,16,61,14,55,24,53,22,51,26,51,28,51,26,45,28,45,24,39,32,45,28,32,30,34,32,34,34,28,30,26,34,30,39,18,32,14,32,16,34,0,0,0,0,0,0,0,0,0,0]"""
1782173637099,2026-06-23T09:13:57.099,warning,breathing,lmh,lying_fast_breath,t001,"CSI_DATA,17815,1a:00:00:00:00:00,-62,11,-98,18,45,11,122937308,47,2,256,0,""[0,0,0,0,0,0,0,0,0,0,0,0,27,31,25,27,25,33,27,39,27,37,25,35,29,41,27,41,33,45,33,45,35,45,37,45,41,49,39,51,35,51,41,53,49,51,43,55,39,53,41,51,41,53,49,59,49,55,49,51,55,57,53,47,51,55,59,51,55,51,57,47,57,41,61,45,65,43,61,39,69,37,67,31,65,25,73,23,71,27,73,17,71,21,75,11,75,11,83,5,73,7,75,1,77,0,75,-3,77,0,87,0,83,-5,83,-11,85,-7,87,-5,89,-15,87,-17,85,-17,0,0,0,0,0,0,-11,-83,-17,-81,-23,-77,-21,-73,-25,-77,-21,-65,-25,-67,-25,-71,-25,-67,-23,-59,-29,-55,-29,-53,-35,-59,-31,-55,-33,-53,-39,-45,-41,-51,-39,-47,-31,-49,-43,-43,-45,-35,-43,-39,-39,-35,-41,-37,-41,-39,-47,-35,-47,-31,-49,-27,-51,-35,-51,-25,-49,-29,-51,-29,-51,-31,-51,-27,-49,-25,-51,-31,-51,-29,-49,-27,-53,-27,-49,-25,-47,-21,-49,-27,-49,-29,-49,-27,-43,-27,-45,-19,-41,-23,-43,-23,-37,-27,-37,-21,-33,-25,-33,-21,-33,-27,-33,-27,-27,-25,-29,-23,-23,-25,0,0,0,0,0,0,0,0,0,0]"""
1782173637114,2026-06-23T09:13:57.114,warning,breathing,lmh,lying_fast_breath,t001,"CSI_DATA,17816,1a:00:00:00:00:00,-62,11,-98,17,45,11,122951566,47,2,256,0,""[0,0,0,0,0,0,0,0,0,0,0,0,-39,10,-34,8,-43,8,-47,2,-47,0,-47,-2,-47,-2,-47,-6,-55,-6,-55,-12,-55,-10,-57,-10,-63,-14,-63,-16,-61,-24,-61,-26,-65,-24,-65,-32,-57,-32,-61,-30,-63,-32,-63,-39,-59,-41,-63,-43,-65,-49,-61,-39,-55,-47,-57,-49,-59,-53,-59,-47,-55,-45,-59,-49,-57,-49,-55,-49,-61,-51,-59,-49,-53,-47,-57,-45,-59,-51,-65,-47,-59,-51,-59,-45,-55,-49,-65,-51,-53,-47,-55,-45,-55,-53,-55,-47,-63,-55,-61,-57,-63,-57,-57,-57,-55,-65,-55,-65,-57,-67,-59,-69,-55,-67,0,0,0,0,0,0,-78,43,-80,39,-65,43,-67,34,-67,36,-67,26,-69,32,-69,30,-69,26,-59,20,-57,22,-55,18,-63,22,-65,26,-61,20,-53,24,-57,26,-61,20,-61,14,-57,16,-51,20,-57,16,-49,18,-55,14,-57,14,-59,14,-57,10,-57,18,-61,12,-53,14,-61,8,-59,8,-65,6,-57,8,-57,2,-63,-2,-61,0,-59,-6,-61,-4,-57,-12,-53,-12,-53,-14,-55,-16,-55,-16,-51,-20,-49,-18,-41,-22,-47,-24,-34,-24,-32,-24,-32,-28,-30,-28,-30,-28,-26,-32,-22,-32,-18,-32,-12,-30,0,0,0,0,0,0,0,0,0,0]"""
1782173637124,2026-06-23T09:13:57.124,warning,breathing,lmh,lying_fast_breath,t001,"CSI_DATA,17817,1a:00:00:00:00:00,-62,11,-98,13,45,11,122958582,47,2,256,0,""[0,0,0,0,0,0,0,0,0,0,0,0,-39,4,-39,2,-43,2,-48,2,-48,0,-48,0,-48,2,-50,0,-59,2,-57,4,-57,0,-59,4,-64,6,-66,6,-69,4,-66,2,-71,9,-71,0,-66,4,-64,9,-69,9,-76,9,-69,9,-69,11,-73,13,-71,16,-78,11,-80,13,-69,20,-69,25,-69,23,-76,32,-69,29,-64,34,-71,36,-64,36,-57,39,-66,57,-59,46,-57,55,-57,48,-46,50,-52,48,-48,94,-78,25,-23,64,-76,89,-13,129,-66,71,-11,59,-119,73,-41,55,-46,64,-112,29,-11,117,-11,119,-55,-25,0,0,0,0,0,0,108,-57,57,76,48,62,-6,41,99,32,94,36,140,39,71,9,78,13,92,-43,55,-4,76,6,41,27,66,20,66,9,62,4,71,-16,64,-13,62,-11,55,-11,59,-18,59,-11,55,-13,55,-20,55,-16,55,-23,55,-20,52,-27,55,-25,48,-32,52,-27,52,-29,52,-29,52,-32,50,-25,57,-27,52,-34,52,-29,50,-29,55,-27,46,-25,52,-23,52,-27,50,-27,50,-25,46,-23,46,-20,41,-27,39,-16,41,-20,41,-13,39,-16,39,-16,34,-16,34,-13,34,-9,34,-6,0,0,0,0,0,0,0,0,0,0]"""
1782173637135,2026-06-23T09:13:57.135,warning,breathing,lmh,lying_fast_breath,t001,"CSI_DATA,17818,1a:00:00:00:00:00,-62,11,-98,17,45,11,122969579,47,2,256,0,""[0,0,0,0,0,0,0,0,0,0,0,0,4,-41,4,-36,2,-47,8,-45,10,-49,12,-43,10,-47,10,-51,12,-55,12,-55,14,-57,10,-59,10,-63,12,-65,20,-63,16,-63,10,-67,20,-69,14,-67,16,-65,18,-67,12,-78,16,-73,12,-75,14,-82,10,-71,16,-73,12,-75,10,-78,2,-75,8,-67,4,-75,0,-75,0,-75,-6,-78,-10,-73,-10,-69,-14,-71,-14,-75,-22,-78,-20,-75,-24,-69,-20,-73,-30,-78,-24,-67,-32,-67,-30,-71,-36,-63,-39,-71,-41,-75,-41,-73,-43,-71,-41,-78,-39,-71,-47,-78,-49,-73,-49,-69,0,0,0,0,0,0,-75,43,-71,43,-63,53,-61,41,-63,47,-59,43,-55,49,-61,49,-53,49,-51,43,-47,45,-41,41,-45,49,-45,49,-43,47,-32,45,-36,57,-36,55,-36,49,-34,49,-26,55,-32,51,-24,49,-24,51,-26,53,-24,57,-24,51,-18,57,-24,59,-18,55,-26,53,-22,57,-22,57,-18,57,-20,49,-24,59,-18,55,-22,55,-22,59,-22,51,-20,51,-24,53,-24,53,-22,55,-26,49,-22,49,-24,43,-20,47,-22,39,-20,36,-24,34,-20,34,-24,34,-24,34,-24,32,-24,26,-28,22,0,0,0,0,0,0,0,0,0,0]"""
1782173637153,2026-06-23T09:13:57.153,warning,breathing,lmh,lying_fast_breath,t001,"CSI_DATA,17820,1a:00:00:00:00:00,-62,11,-98,16,45,11,122992905,47,2,256,0,""[0,0,0,0,0,0,0,0,0,0,0,0,-35,10,-40,8,-40,8,-44,6,-44,8,-46,6,-50,4,-48,4,-57,10,-57,6,-59,6,-61,6,-63,10,-65,8,-65,2,-71,6,-69,12,-73,6,-67,6,-67,8,-71,10,-71,6,-73,8,-71,12,-78,10,-71,16,-73,8,-78,14,-73,14,-71,23,-69,21,-69,25,-67,27,-63,27,-69,35,-69,38,-63,33,-65,40,-61,38,-61,46,-59,42,-57,52,-61,48,-57,57,-54,50,-50,59,-52,59,-46,61,-46,61,-54,65,-50,67,-46,69,-57,69,-54,69,-46,71,-46,76,-42,73,0,0,0,0,0,0,73,46,71,44,69,33,71,40,69,35,65,35,63,29,65,29,61,29,59,29,61,21,59,21,67,21,59,16,61,21,61,12,65,12,57,8,59,12,63,6,61,0,63,10,52,-2,52,0,57,4,61,0,61,-2,57,-6,59,-2,59,-10,57,-6,63,-6,61,-6,57,-8,59,-8,59,-6,57,-8,54,-8,59,-8,59,-6,57,-6,57,-6,54,-2,52,-2,50,-2,54,-6,50,-2,48,0,46,4,44,0,46,4,44,2,40,4,38,6,38,8,35,8,33,10,0,0,0,0,0,0,0,0,0,0]"""
1782173637164,2026-06-23T09:13:57.164,warning,breathing,lmh,lying_fast_breath,t001,"CSI_DATA,17821,1a:00:00:00:00:00,-62,11,-98,21,44,11,123002971,47,2,256,0,""[0,0,0,0,0,0,0,0,0,0,0,0,-39,8,-39,4,-43,4,-49,0,-47,2,-49,0,-49,0,-47,-4,-57,-4,-55,-6,-59,-8,-63,-6,-61,-8,-65,-14,-65,-16,-63,-12,-69,-8,-67,-18,-65,-22,-63,-22,-65,-32,-69,-22,-69,-26,-69,-24,-73,-26,-69,-20,-65,-26,-78,-22,-71,-24,-75,-18,-69,-22,-73,-26,-75,-20,-73,-24,-75,-18,-73,-18,-65,-16,-73,-8,-73,-18,-75,-10,-78,-14,-78,-2,-78,-12,-82,-6,-78,-8,-78,-2,-75,-4,-73,-2,-80,-6,-88,-10,-88,-4,-88,-4,-88,-8,-82,-12,-88,-8,-92,-8,-86,-6,0,0,0,0,0,0,-16,84,-14,84,-10,84,-14,75,-12,73,-14,69,-10,75,-10,78,-12,69,-16,67,-10,65,-8,59,-10,65,-10,65,-12,67,-2,61,-6,65,-4,63,-10,57,0,55,2,61,-8,61,-2,57,-6,59,-6,57,-6,61,-8,55,0,61,-6,63,2,55,-4,61,-4,59,-10,57,-4,59,-4,57,-14,63,-12,61,-12,57,-16,59,-16,57,-10,53,-16,53,-20,53,-16,55,-22,49,-16,51,-22,47,-24,43,-22,43,-22,39,-24,32,-26,32,-30,34,-34,30,-28,22,-28,24,-30,24,0,0,0,0,0,0,0,0,0,0]"""
1782173637177,2026-06-23T09:13:57.177,warning,breathing,lmh,lying_fast_breath,t001,"CSI_DATA,17822,1a:00:00:00:00:00,-62,11,-98,18,45,11,123015944,47,2,256,0,""[0,0,0,0,0,0,0,0,0,0,0,0,-5,-39,0,-41,-5,-41,-3,-43,0,-45,0,-45,1,-47,1,-49,0,-57,1,-57,1,-59,-1,-55,-3,-65,-3,-67,5,-63,5,-67,-3,-69,3,-73,0,-65,0,-75,0,-71,0,-77,-1,-71,-1,-75,-1,-79,-7,-71,1,-73,-3,-77,-5,-77,-11,-73,-9,-71,-13,-77,-17,-75,-19,-71,-23,-73,-25,-69,-23,-65,-31,-65,-31,-71,-37,-69,-37,-69,-41,-63,-39,-63,-45,-67,-37,-59,-45,-59,-47,-61,-51,-53,-53,-61,-57,-63,-55,-61,-55,-61,-55,-63,-55,-63,-67,-65,-65,-57,-65,-59,0,0,0,0,0,0,-63,59,-59,61,-51,63,-47,55,-47,57,-47,51,-45,59,-47,59,-41,59,-39,49,-35,49,-31,51,-31,59,-31,57,-29,55,-21,53,-23,63,-23,59,-25,55,-21,55,-13,55,-19,55,-11,53,-13,57,-13,59,-15,59,-11,59,-3,59,-11,63,-5,57,-9,55,-9,59,-7,63,-5,61,-5,53,-9,63,-7,61,-7,59,-9,61,-7,57,-9,53,-7,53,-9,57,-9,55,-13,53,-7,47,-13,45,-9,49,-13,43,-11,43,-13,39,-11,39,-13,39,-19,39,-17,35,-17,29,-19,27,0,0,0,0,0,0,0,0,0,0]"""
1782173637188,2026-06-23T09:13:57.188,warning,breathing,lmh,lying_fast_breath,t001,"CSI_DATA,17823,1a:00:00:00:00:00,-62,11,-98,15,45,11,123024508,47,2,256,0,""[0,0,0,0,0,0,0,0,0,0,0,0,30,-26,30,-23,30,-28,34,-28,36,-30,36,-26,39,-28,41,-30,45,-36,45,-36,45,-36,45,-39,47,-45,52,-50,52,-39,50,-43,47,-52,56,-47,50,-50,54,-50,54,-52,52,-54,50,-54,47,-58,52,-60,43,-60,47,-56,47,-67,43,-60,36,-67,39,-58,34,-71,30,-71,30,-69,26,-76,19,-73,19,-67,15,-71,13,-76,4,-76,4,-78,-6,-73,0,-78,-8,-80,-4,-76,-8,-76,-10,-76,-17,-76,-21,-76,-23,-84,-26,-80,-26,-78,-23,-82,-23,-78,-34,-82,-39,-82,-39,-78,0,0,0,0,0,0,-82,39,-73,34,-67,45,-65,34,-67,45,-65,36,-60,45,-60,50,-56,45,-54,41,-45,45,-43,41,-45,50,-43,52,-43,45,-32,47,-34,56,-36,56,-34,52,-28,52,-19,58,-26,52,-17,56,-17,56,-17,58,-19,56,-17,56,-10,60,-13,63,-8,58,-8,58,-13,58,-6,63,-4,63,-6,54,-6,63,-2,58,-4,60,-6,63,-6,58,-4,52,-6,56,-4,58,-2,56,-4,56,-2,54,-6,50,0,52,-6,43,-6,43,-10,45,-6,41,-6,41,-6,43,-8,36,-10,36,-15,32,0,0,0,0,0,0,0,0,0,0]"""
1782173637198,2026-06-23T09:13:57.198,warning,breathing,lmh,lying_fast_breath,t001,"CSI_DATA,17824,1a:00:00:00:00:00,-62,11,-98,17,45,11,123035757,47,2,256,0,""[0,0,0,0,0,0,0,0,0,0,0,0,-14,36,-14,34,-20,41,-20,43,-20,41,-24,39,-22,45,-24,47,-26,49,-28,55,-26,53,-22,51,-24,61,-28,63,-28,57,-30,61,-26,69,-34,65,-28,61,-24,61,-24,67,-32,71,-26,69,-24,69,-30,78,-18,69,-28,69,-26,75,-20,73,-18,75,-16,67,-14,75,-8,80,-8,73,0,80,2,75,2,69,8,71,10,75,20,78,14,75,22,71,20,71,28,75,22,65,30,67,30,69,39,65,39,73,39,75,43,71,43,71,41,69,43,71,51,73,53,71,51,69,0,0,0,0,0,0,73,-51,69,-51,59,-53,57,-51,57,-53,53,-47,55,-51,51,-55,49,-53,41,-45,39,-49,36,-49,36,-55,36,-55,32,-51,26,-51,30,-63,26,-59,24,-55,20,-57,16,-57,20,-55,14,-53,14,-53,14,-57,12,-59,12,-55,6,-59,8,-61,0,-55,8,-55,6,-61,8,-63,2,-61,6,-53,6,-61,0,-61,0,-59,4,-61,10,-57,4,-53,2,-55,4,-57,4,-55,4,-55,2,-49,8,-47,6,-53,8,-41,4,-45,10,-43,6,-41,8,-43,6,-43,12,-34,12,-34,14,-32,0,0,0,0,0,0,0,0,0,0]"""
1782173637209,2026-06-23T09:13:57.209,warning,breathing,lmh,lying_fast_breath,t001,"CSI_DATA,17825,1a:00:00:00:00:00,-62,11,-98,18,45,11,123046508,47,2,256,0,""[0,0,0,0,0,0,0,0,0,0,0,0,-11,39,-11,35,-19,41,-21,39,-23,37,-23,39,-25,39,-31,39,-31,45,-35,41,-37,45,-39,45,-41,47,-47,49,-53,39,-53,41,-51,49,-59,39,-57,35,-55,35,-59,33,-67,35,-63,35,-63,39,-73,33,-61,37,-71,29,-69,31,-67,23,-69,29,-63,29,-69,31,-69,29,-67,27,-71,33,-69,31,-63,31,-65,37,-67,33,-67,37,-69,31,-65,41,-65,35,-71,37,-67,35,-65,37,-71,37,-67,39,-71,31,-77,33,-75,35,-75,39,-81,33,-77,25,-81,31,-83,27,-79,27,0,0,0,0,0,0,13,85,15,81,19,77,11,75,19,79,9,71,11,71,7,75,5,67,9,67,7,63,5,61,9,65,5,67,3,61,11,59,11,65,5,61,0,59,7,59,13,59,3,61,7,55,1,55,0,57,0,59,1,57,3,57,-3,61,7,55,0,57,0,61,-9,63,-3,61,-1,53,-13,63,-11,59,-13,57,-15,59,-17,53,-13,53,-17,55,-23,55,-25,49,-25,47,-25,43,-25,39,-31,41,-31,35,-27,31,-31,31,-29,25,-29,21,-37,25,-33,15,-29,15,-33,15,0,0,0,0,0,0,0,0,0,0]"""
1782173637219,2026-06-23T09:13:57.219,warning,breathing,lmh,lying_fast_breath,t001,"CSI_DATA,17826,1a:00:00:00:00:00,-62,11,-98,16,45,11,123057508,47,2,256,0,""[0,0,0,0,0,0,0,0,0,0,0,0,35,19,33,19,35,23,38,25,40,23,40,23,42,23,44,25,50,25,48,29,54,27,57,23,59,27,61,27,54,31,65,33,67,27,67,31,63,29,65,25,65,25,69,27,71,23,73,21,76,23,73,12,71,16,76,16,73,16,73,8,71,6,80,4,76,0,73,0,78,-6,76,-14,71,-12,71,-21,71,-21,71,-31,69,-25,67,-38,71,-35,71,-42,63,-40,65,-46,67,-46,59,-50,59,-50,65,-54,57,-59,54,-65,61,-59,63,-65,57,-67,48,-69,52,-69,0,0,0,0,0,0,-63,-52,-67,-46,-71,-38,-69,-38,-71,-33,-65,-35,-63,-25,-67,-31,-65,-23,-67,-25,-65,-16,-63,-16,-67,-14,-63,-14,-63,-12,-61,-2,-65,0,-59,0,-57,-2,-61,4,-59,10,-63,4,-52,12,-54,8,-57,12,-57,12,-57,16,-54,23,-54,21,-52,29,-50,23,-54,27,-54,25,-50,25,-52,27,-57,27,-54,27,-48,27,-54,25,-50,27,-46,27,-50,31,-48,27,-44,27,-44,23,-42,29,-44,25,-46,27,-44,21,-40,21,-38,21,-35,23,-33,19,-38,14,-35,14,-31,14,-35,14,0,0,0,0,0,0,0,0,0,0]"""
1782173637230,2026-06-23T09:13:57.230,warning,breathing,lmh,lying_fast_breath,t001,"CSI_DATA,17827,1a:00:00:00:00:00,-62,11,-98,15,45,11,123068508,47,2,256,0,""[0,0,0,0,0,0,0,0,0,0,0,0,-30,26,-32,26,-34,26,-39,28,-36,28,-41,26,-45,30,-41,28,-47,34,-45,30,-52,36,-52,32,-52,41,-50,39,-56,34,-54,39,-54,43,-60,43,-58,43,-60,43,-60,39,-58,45,-60,45,-56,52,-60,52,-52,54,-58,47,-58,54,-54,54,-47,58,-47,54,-50,63,-45,63,-41,63,-41,67,-36,69,-34,63,-28,71,-30,69,-21,73,-23,73,-15,76,-17,76,-10,82,-13,76,-10,78,-13,80,-6,76,-2,80,0,87,4,87,4,84,-4,89,0,82,10,87,8,89,13,84,0,0,0,0,0,0,84,-10,82,-10,78,-21,78,-15,73,-17,71,-13,67,-23,73,-23,67,-21,67,-15,65,-21,60,-21,60,-30,58,-28,60,-26,52,-28,54,-36,50,-34,52,-32,50,-36,45,-39,50,-36,36,-41,43,-41,41,-41,41,-41,43,-41,34,-50,39,-47,34,-45,39,-45,39,-45,34,-47,30,-50,34,-50,34,-52,34,-47,30,-47,32,-47,36,-45,30,-43,32,-45,32,-43,32,-43,32,-41,30,-43,32,-36,30,-39,36,-34,30,-32,32,-34,30,-30,28,-28,32,-28,28,-23,28,-21,30,-19,0,0,0,0,0,0,0,0,0,0]"""
1782173637243,2026-06-23T09:13:57.243,warning,breathing,lmh,lying_fast_breath,t001,"CSI_DATA,17828,1a:00:00:00:00:00,-62,11,-98,13,45,11,123081873,47,2,256,0,""[0,0,0,0,0,0,0,0,0,0,0,0,16,34,13,39,16,39,16,43,18,48,18,41,16,48,16,46,23,52,18,55,18,55,18,55,25,62,27,62,18,64,23,64,27,62,27,64,27,59,27,73,27,73,32,71,25,66,32,71,29,78,36,66,36,71,36,66,39,69,39,69,39,57,41,62,52,64,43,57,55,57,52,52,46,41,50,43,50,48,73,46,59,52,69,32,29,64,82,41,71,34,39,-23,57,9,99,48,-13,20,66,43,87,20,78,-36,138,78,55,36,96,59,-18,6,108,2,0,0,0,0,0,0,34,-101,105,-18,4,-62,-2,-94,96,-76,-6,-46,4,-78,16,-43,55,-29,32,-62,-29,-55,-41,-50,4,-69,-11,-62,-9,-92,-13,-55,-9,-62,-16,-66,-2,-55,-20,-55,-27,-52,-16,-62,-20,-55,-18,-52,-23,-59,-20,-55,-25,-50,-27,-50,-25,-52,-27,-48,-23,-50,-25,-52,-29,-55,-32,-50,-27,-50,-32,-55,-29,-55,-34,-48,-32,-55,-27,-46,-27,-46,-27,-48,-27,-52,-29,-48,-25,-48,-29,-46,-20,-46,-20,-48,-13,-43,-23,-39,-18,-41,-13,-36,-16,-41,-13,-43,-11,-41,-11,-34,-4,-39,0,0,0,0,0,0,0,0,0,0]"""
1782173637253,2026-06-23T09:13:57.253,warning,breathing,lmh,lying_fast_breath,t001,"CSI_DATA,17829,1a:00:00:00:00:00,-61,11,-98,17,43,11,123090508,47,2,256,0,""[0,0,0,0,0,0,0,0,0,0,0,0,36,15,36,18,41,15,36,20,41,23,46,25,41,25,41,28,49,33,43,31,46,31,49,31,54,33,54,38,54,49,51,43,59,41,56,43,51,43,56,54,56,51,54,51,56,43,62,49,59,51,67,43,59,49,64,49,51,51,64,49,54,36,64,43,67,46,54,46,72,36,64,43,59,20,64,18,64,23,56,31,69,38,64,-5,56,31,87,46,85,43,95,46,105,54,56,-5,43,59,12,18,67,-15,139,7,98,-46,62,-5,142,-31,62,-31,33,0,0,0,0,0,0,0,95,-87,51,-90,-10,-144,-5,-51,-12,-31,64,-33,25,-95,64,-59,18,-18,0,-51,38,-80,38,-67,10,-74,0,-43,0,-77,-12,-49,-5,-62,5,-51,7,-64,-7,-56,-12,-54,-2,-67,-7,-64,0,-54,-5,-64,2,-62,-10,-56,-10,-56,-2,-56,-10,-56,-2,-54,-5,-59,-7,-56,-7,-59,-7,-56,-2,-64,2,-62,-5,-56,2,-64,5,-49,-2,-56,-2,-56,0,-59,-2,-51,5,-56,2,-54,5,-54,7,-49,12,-49,10,-43,15,-46,10,-38,12,-43,18,-38,18,-38,12,-33,18,-33,0,0,0,0,0,0,0,0,0,0]"""
1782173637264,2026-06-23T09:13:57.264,warning,breathing,lmh,lying_fast_breath,t001,"CSI_DATA,17830,1a:00:00:00:00:00,-61,11,-98,13,43,11,123101508,47,2,256,0,""[0,0,0,0,0,0,0,0,0,0,0,0,-40,-2,-40,-2,-43,-5,-43,-5,-55,-11,-46,-2,-52,-8,-46,-5,-58,-8,-58,-8,-58,-5,-58,-5,-66,-5,-66,-5,-63,-14,-63,-5,-69,0,-75,-2,-66,0,-78,-11,-75,-2,-78,-5,-72,0,-72,2,-78,0,-75,2,-78,0,-81,5,-75,5,-69,11,-72,17,-78,26,-81,20,-63,20,-75,31,-63,26,-63,37,-66,46,-75,34,-58,52,-58,34,-69,49,-58,66,-78,89,-75,84,-43,75,-72,118,-37,29,-49,31,-17,26,-37,95,-118,66,-101,130,-63,89,-101,17,-101,78,-78,104,0,0,0,0,0,0,124,89,98,58,139,2,63,2,58,-29,0,0,75,46,60,-26,89,-2,75,40,60,-37,84,2,58,-23,75,37,75,-2,58,0,63,-5,52,-2,58,0,63,-8,66,-20,66,-2,58,-8,52,-11,63,-14,52,-11,60,-17,52,-26,55,-23,49,-26,46,-23,52,-17,58,-26,49,-26,52,-23,58,-20,52,-26,55,-26,58,-20,52,-26,52,-26,58,-20,55,-23,46,-29,49,-20,46,-26,49,-17,43,-20,40,-14,40,-20,46,-11,37,-17,34,-14,40,-8,43,-11,34,-5,34,-2,0,0,0,0,0,0,0,0,0,0]"""
1782173637275,2026-06-23T09:13:57.275,warning,breathing,lmh,lying_fast_breath,t001,"CSI_DATA,17831,1a:00:00:00:00:00,-62,11,-98,17,45,11,123112508,47,2,256,0,""[0,0,0,0,0,0,0,0,0,0,0,0,24,-28,28,-28,30,-28,34,-34,36,-32,34,-30,34,-32,36,-32,41,-39,41,-39,45,-36,45,-43,51,-45,47,-45,51,-41,55,-43,51,-53,55,-45,49,-43,51,-51,53,-49,55,-47,55,-47,55,-53,57,-53,51,-57,57,-51,55,-55,51,-55,47,-59,47,-55,49,-59,43,-63,41,-59,39,-69,39,-65,34,-65,30,-67,32,-69,26,-75,26,-71,20,-75,24,-71,16,-80,20,-71,12,-73,16,-73,8,-75,8,-78,10,-84,6,-82,8,-82,10,-88,10,-86,2,-88,0,-88,-4,-86,0,0,0,0,0,0,-86,-6,-84,-4,-78,6,-78,0,-80,4,-73,4,-73,10,-78,6,-67,10,-67,8,-67,12,-59,10,-67,14,-65,18,-61,10,-57,18,-63,20,-57,20,-57,20,-57,20,-55,26,-59,22,-47,26,-49,24,-49,26,-51,30,-51,30,-47,36,-53,32,-45,36,-51,32,-51,34,-49,32,-45,36,-49,30,-45,34,-49,34,-45,32,-47,36,-49,30,-43,30,-51,28,-47,28,-45,28,-45,28,-45,28,-43,22,-43,26,-41,20,-39,18,-43,18,-36,18,-34,16,-36,12,-36,12,-34,10,-39,4,0,0,0,0,0,0,0,0,0,0]"""
1782173637284,2026-06-23T09:13:57.284,warning,breathing,lmh,lying_fast_breath,t001,"CSI_DATA,17832,1a:00:00:00:00:00,-62,11,-98,16,45,11,123123507,47,2,256,0,""[0,0,0,0,0,0,0,0,0,0,0,0,12,38,10,38,10,44,10,44,6,48,6,48,6,46,4,50,6,57,8,59,4,59,8,59,8,65,8,69,-2,63,-2,71,8,71,0,71,0,67,2,71,4,71,2,78,2,73,6,76,2,84,6,73,-2,76,4,76,0,80,8,76,8,73,8,78,14,76,12,73,19,76,19,76,19,67,25,71,23,73,29,73,29,71,31,71,29,71,40,78,29,63,38,65,33,67,40,65,42,73,44,76,44,71,44,69,42,73,35,78,50,78,46,76,48,73,0,0,0,0,0,0,73,-42,78,-42,63,-44,67,-40,67,-42,61,-38,63,-44,63,-46,59,-42,54,-33,48,-40,50,-38,52,-40,54,-46,46,-40,44,-40,44,-48,42,-44,44,-42,42,-42,38,-44,40,-42,33,-46,35,-48,40,-48,40,-48,33,-48,31,-48,40,-52,29,-48,35,-44,35,-50,40,-50,33,-50,33,-44,40,-46,40,-50,38,-46,38,-48,35,-44,38,-42,38,-40,42,-44,38,-42,40,-38,38,-35,40,-29,38,-33,31,-21,35,-25,35,-21,31,-25,35,-25,35,-23,35,-19,33,-12,35,-10,0,0,0,0,0,0,0,0,0,0]"""
1782173637295,2026-06-23T09:13:57.295,warning,breathing,lmh,lying_fast_breath,t001,"CSI_DATA,17833,1a:00:00:00:00:00,-62,11,-98,17,45,11,123134507,47,2,256,0,""[0,0,0,0,0,0,0,0,0,0,0,0,-39,6,-41,6,-47,6,-47,4,-49,2,-47,0,-47,0,-51,-2,-55,0,-59,-6,-59,-2,-57,-4,-63,-4,-67,-8,-63,-16,-67,-12,-71,-10,-71,-14,-65,-16,-69,-22,-71,-22,-71,-16,-69,-20,-75,-16,-75,-20,-71,-14,-71,-18,-75,-18,-73,-22,-75,-16,-73,-14,-78,-16,-75,-14,-71,-14,-78,-12,-73,-8,-69,-6,-73,-4,-75,-8,-80,-2,-78,-6,-78,6,-78,2,-82,4,-75,0,-75,6,-78,6,-75,8,-80,6,-84,6,-82,6,-82,12,-88,2,-82,2,-88,6,-92,6,-86,8,0,0,0,0,0,0,-2,86,-2,86,4,84,2,75,4,78,-4,71,-2,73,-4,80,-2,69,0,67,4,65,2,59,6,67,2,67,2,61,10,57,10,63,4,61,4,63,10,59,16,59,8,61,10,55,4,57,6,57,6,61,12,57,14,55,8,63,18,57,10,53,10,57,8,59,10,61,8,57,4,63,2,61,4,57,4,61,0,57,2,53,2,57,-6,59,-4,57,-6,55,-4,51,-8,47,-12,51,-8,43,-10,43,-12,41,-12,41,-16,36,-20,39,-20,34,-18,32,-20,30,0,0,0,0,0,0,0,0,0,0]"""
1782173637307,2026-06-23T09:13:57.307,warning,breathing,lmh,lying_fast_breath,t001,"CSI_DATA,17834,1a:00:00:00:00:00,-62,11,-98,16,45,11,123145507,47,2,256,0,""[0,0,0,0,0,0,0,0,0,0,0,0,35,12,35,14,40,16,40,19,44,19,42,21,46,19,46,19,52,21,52,25,54,21,57,21,59,25,61,25,54,31,65,27,67,23,69,31,61,25,63,33,65,33,65,27,73,27,73,23,73,27,71,21,71,25,73,23,73,27,71,19,69,14,73,16,73,10,73,12,80,8,78,2,71,0,76,-8,73,-4,76,-14,73,-10,78,-19,76,-14,78,-21,69,-19,73,-25,76,-23,71,-33,73,-29,78,-31,76,-33,73,-38,80,-38,80,-35,78,-40,73,-42,73,-46,0,0,0,0,0,0,-38,-73,-40,-73,-44,-61,-42,-65,-50,-67,-38,-61,-40,-61,-44,-61,-42,-57,-40,-50,-44,-50,-44,-48,-48,-46,-46,-44,-48,-44,-48,-38,-52,-40,-50,-35,-44,-38,-50,-31,-54,-27,-50,-33,-46,-27,-46,-27,-48,-29,-52,-27,-54,-25,-54,-19,-57,-23,-59,-16,-57,-21,-57,-19,-57,-23,-57,-16,-52,-19,-57,-23,-57,-21,-52,-21,-52,-21,-54,-21,-54,-16,-54,-19,-52,-23,-50,-23,-50,-21,-48,-21,-44,-21,-44,-19,-42,-21,-42,-21,-42,-19,-38,-16,-33,-21,-35,-19,-29,-21,-31,-19,-25,-27,0,0,0,0,0,0,0,0,0,0]"""
1782173637317,2026-06-23T09:13:57.317,warning,breathing,lmh,lying_fast_breath,t001,"CSI_DATA,17835,1a:00:00:00:00:00,-62,11,-98,15,45,11,123156507,47,2,256,0,""[0,0,0,0,0,0,0,0,0,0,0,0,-19,32,-21,32,-23,34,-30,36,-28,36,-34,39,-32,41,-36,36,-36,45,-41,39,-43,45,-43,45,-41,47,-43,47,-52,43,-47,50,-50,54,-52,50,-47,50,-50,47,-52,39,-50,54,-56,47,-56,58,-58,56,-52,54,-54,50,-56,56,-52,54,-43,60,-47,52,-50,63,-45,65,-43,63,-43,67,-39,63,-34,58,-34,69,-34,67,-28,67,-30,67,-21,73,-23,73,-19,76,-26,76,-21,76,-21,78,-19,76,-17,76,-19,82,-13,84,-13,82,-21,89,-17,84,-13,91,-10,84,-8,87,0,0,0,0,0,0,87,15,80,10,84,6,78,13,76,10,80,13,69,6,76,4,67,6,71,8,67,6,63,4,69,-2,63,-2,65,2,60,-4,67,-6,58,-6,60,-4,60,-8,60,-15,63,-8,54,-10,54,-10,56,-10,58,-13,58,-10,56,-19,58,-15,56,-21,56,-15,60,-13,56,-13,54,-19,56,-15,58,-15,60,-13,54,-15,60,-15,58,-10,52,-10,60,-8,58,-8,52,-6,52,-4,56,-13,52,-8,47,-6,50,0,45,-2,45,0,41,0,41,2,41,6,36,8,39,8,36,13,0,0,0,0,0,0,0,0,0,0]"""
1782173637329,2026-06-23T09:13:57.329,warning,breathing,lmh,lying_fast_breath,t001,"CSI_DATA,17836,1a:00:00:00:00:00,-60,11,-98,14,44,11,123167507,47,2,256,0,""[0,0,0,0,0,0,0,0,0,0,0,0,-12,-35,-15,-40,-12,-45,-10,-47,-10,-50,-5,-47,-7,-47,-7,-47,-7,-55,-2,-55,-2,-60,-5,-60,-7,-65,-10,-62,2,-65,2,-65,-2,-67,0,-70,2,-70,2,-75,2,-75,5,-77,0,-75,2,-72,7,-80,2,-72,7,-75,2,-77,2,-77,-5,-72,5,-70,0,-80,-2,-75,-5,-70,-5,-77,-7,-77,-7,-70,-15,-70,-15,-77,-17,-77,-17,-77,-20,-72,-20,-77,-27,-80,-20,-72,-25,-70,-25,-72,-27,-70,-27,-77,-25,-85,-30,-77,-35,-80,-27,-85,-22,-82,-32,-90,-32,-82,-27,-80,0,0,0,0,0,0,-85,27,-82,25,-75,27,-72,25,-75,22,-72,20,-70,25,-75,25,-67,25,-67,20,-62,22,-60,22,-60,27,-62,22,-55,22,-55,27,-60,30,-57,27,-55,22,-55,30,-47,35,-55,25,-45,27,-50,30,-52,30,-52,30,-57,30,-45,32,-50,32,-50,35,-52,32,-55,30,-55,32,-52,35,-47,27,-57,32,-57,30,-50,30,-57,27,-55,22,-47,22,-55,20,-52,17,-55,20,-55,17,-50,17,-50,10,-45,12,-45,10,-45,7,-45,5,-40,5,-42,-2,-40,0,-42,2,-35,0,-35,-10,0,0,0,0,0,0,0,0,0,0]"""
1782173637339,2026-06-23T09:13:57.339,warning,breathing,lmh,lying_fast_breath,t001,"CSI_DATA,17837,1a:00:00:00:00:00,-62,11,-98,17,45,11,123178507,47,2,256,0,""[0,0,0,0,0,0,0,0,0,0,0,0,39,-8,39,-6,43,-4,49,2,45,2,47,2,49,4,47,8,57,4,57,8,59,12,59,6,67,6,65,10,65,22,63,16,69,14,67,24,65,20,71,26,69,28,69,28,65,26,75,28,73,30,71,24,67,30,71,32,67,30,71,28,65,28,80,30,75,30,69,24,73,28,69,22,67,18,73,18,73,22,73,14,75,22,73,10,73,16,84,16,78,16,75,14,78,16,75,12,80,18,84,20,84,14,84,10,84,20,84,18,88,18,86,22,82,18,0,0,0,0,0,0,32,-82,28,-78,26,-84,24,-73,20,-67,26,-69,24,-69,28,-73,24,-67,24,-61,20,-61,22,-57,18,-63,22,-61,22,-59,16,-57,18,-65,18,-57,24,-57,18,-53,12,-59,18,-57,16,-59,18,-59,22,-55,20,-59,16,-53,14,-57,18,-59,12,-55,16,-53,20,-55,20,-59,18,-61,20,-55,26,-61,24,-57,24,-57,28,-55,26,-47,24,-45,30,-51,32,-49,28,-45,36,-41,28,-39,32,-34,36,-39,32,-32,32,-28,36,-24,32,-24,34,-24,41,-20,36,-18,30,-16,34,-10,0,0,0,0,0,0,0,0,0,0]"""
1782173637355,2026-06-23T09:13:57.355,warning,breathing,lmh,lying_fast_breath,t001,"CSI_DATA,17838,1a:00:00:00:00:00,-62,11,-98,17,45,11,123190998,47,2,256,0,""[0,0,0,0,0,0,0,0,0,0,0,0,-36,-12,-36,-18,-36,-20,-41,-24,-41,-26,-39,-30,-39,-32,-36,-36,-47,-36,-39,-39,-41,-43,-39,-45,-43,-47,-43,-49,-34,-57,-36,-59,-43,-57,-34,-67,-32,-59,-26,-69,-22,-67,-28,-69,-24,-73,-28,-69,-24,-75,-28,-71,-16,-73,-20,-75,-16,-73,-22,-73,-16,-71,-20,-75,-18,-73,-18,-69,-20,-75,-20,-75,-18,-67,-20,-73,-18,-73,-20,-73,-16,-75,-22,-73,-16,-78,-24,-75,-14,-75,-18,-73,-16,-80,-20,-75,-20,-78,-12,-86,-18,-82,-12,-84,-4,-90,0,-88,-12,-90,-12,-88,-6,-84,0,0,0,0,0,0,-86,-10,-82,-8,-82,-2,-80,-10,-75,-12,-71,-18,-71,-10,-73,-16,-69,-16,-67,-20,-63,-12,-61,-18,-65,-16,-61,-16,-59,-22,-61,-16,-63,-14,-61,-18,-57,-18,-57,-18,-59,-14,-57,-22,-51,-14,-55,-18,-53,-24,-55,-22,-55,-26,-53,-18,-53,-26,-57,-20,-51,-28,-55,-32,-51,-30,-51,-22,-49,-32,-49,-39,-49,-34,-45,-32,-45,-39,-41,-43,-39,-39,-36,-47,-34,-45,-34,-43,-26,-45,-30,-43,-24,-43,-22,-43,-16,-47,-16,-41,-12,-45,-8,-43,-8,-39,-4,-41,0,-36,2,-41,10,-36,0,0,0,0,0,0,0,0,0,0]"""
1782173637365,2026-06-23T09:13:57.365,warning,breathing,lmh,lying_fast_breath,t001,"CSI_DATA,17839,1a:00:00:00:00:00,-62,11,-98,15,45,11,123200633,47,2,256,0,""[0,0,0,0,0,0,0,0,0,0,0,0,21,-34,23,-32,26,-34,28,-36,30,-36,36,-39,34,-36,39,-36,41,-41,41,-39,41,-43,43,-43,47,-43,47,-47,56,-41,54,-43,54,-52,58,-43,50,-43,58,-45,63,-45,60,-45,60,-45,58,-47,65,-45,56,-52,63,-45,63,-50,60,-45,56,-54,56,-47,56,-54,54,-56,52,-52,54,-58,54,-60,43,-56,47,-63,47,-58,43,-65,41,-63,39,-69,41,-67,34,-69,36,-67,36,-71,36,-71,32,-71,32,-76,34,-76,30,-76,32,-80,41,-82,39,-80,32,-82,32,-82,30,-80,0,0,0,0,0,0,-78,-39,-76,-39,-78,-26,-76,-32,-76,-32,-67,-32,-67,-28,-71,-26,-63,-21,-63,-30,-65,-23,-60,-21,-67,-15,-58,-19,-60,-23,-63,-15,-63,-10,-60,-13,-56,-15,-63,-10,-63,-4,-60,-10,-56,-6,-56,-8,-56,-10,-56,-4,-58,-8,-58,0,-58,-6,-63,0,-60,-6,-65,-4,-60,-6,-60,-2,-58,-6,-60,-6,-60,-6,-56,-6,-60,-10,-60,-10,-54,-10,-58,-13,-54,-15,-52,-10,-52,-15,-52,-13,-47,-17,-47,-15,-45,-19,-41,-17,-41,-19,-41,-19,-36,-19,-36,-19,-30,-21,-28,-23,-28,-26,0,0,0,0,0,0,0,0,0,0]"""
1782173637376,2026-06-23T09:13:57.376,warning,breathing,lmh,lying_fast_breath,t001,"CSI_DATA,17840,1a:00:00:00:00:00,-62,11,-98,17,45,11,123211507,47,2,256,0,""[0,0,0,0,0,0,0,0,0,0,0,0,-28,28,-28,24,-36,30,-32,30,-36,30,-36,28,-36,28,-39,32,-43,36,-45,36,-43,41,-45,41,-45,47,-51,45,-51,43,-53,43,-49,49,-55,49,-51,47,-53,51,-55,55,-57,55,-51,55,-51,55,-55,59,-45,57,-53,55,-47,59,-47,61,-43,63,-39,59,-41,67,-34,67,-34,69,-30,73,-26,71,-26,67,-20,73,-18,71,-14,75,-8,75,-8,78,-10,75,-2,86,-4,73,2,75,2,80,10,78,10,80,12,86,14,84,14,84,12,88,12,84,22,88,20,84,26,86,0,0,0,0,0,0,84,-26,80,-24,78,-30,73,-24,75,-30,65,-22,69,-32,69,-32,65,-32,57,-28,55,-30,53,-32,57,-36,55,-39,51,-34,47,-39,47,-47,45,-45,43,-41,43,-43,36,-45,39,-45,30,-47,32,-47,34,-49,30,-51,32,-51,24,-55,30,-57,22,-53,28,-49,26,-55,28,-59,22,-57,22,-51,26,-55,24,-57,22,-55,20,-57,26,-51,22,-49,24,-51,24,-55,20,-53,22,-49,24,-47,26,-41,18,-47,22,-39,26,-39,26,-36,18,-36,24,-36,24,-34,20,-32,22,-28,26,-28,0,0,0,0,0,0,0,0,0,0]"""
1782173637388,2026-06-23T09:13:57.388,warning,breathing,lmh,lying_fast_breath,t001,"CSI_DATA,17841,1a:00:00:00:00:00,-62,11,-98,17,45,11,123222507,47,2,256,0,""[0,0,0,0,0,0,0,0,0,0,0,0,-34,18,-34,14,-39,18,-43,10,-45,10,-45,12,-45,10,-49,10,-55,10,-59,8,-59,4,-61,6,-63,6,-69,0,-67,-4,-69,-4,-67,-2,-71,-10,-65,-10,-69,-6,-69,-10,-78,-14,-73,-16,-73,-18,-78,-22,-71,-12,-71,-18,-75,-16,-73,-26,-75,-16,-69,-18,-73,-20,-75,-16,-75,-18,-75,-14,-75,-12,-69,-14,-73,-12,-75,-16,-82,-12,-75,-14,-78,-10,-73,-10,-82,-8,-71,-10,-78,-8,-75,-10,-78,-4,-80,-12,-84,-12,-82,-16,-82,-14,-86,-20,-82,-20,-88,-22,-88,-20,-86,-18,0,0,0,0,0,0,-32,82,-39,84,-22,73,-26,69,-26,78,-28,65,-32,71,-30,67,-32,61,-28,59,-22,57,-22,57,-24,65,-28,61,-28,55,-22,57,-24,65,-26,59,-26,55,-22,57,-16,55,-26,51,-22,51,-22,53,-24,55,-26,53,-24,53,-26,55,-30,57,-20,55,-28,51,-26,55,-36,53,-30,53,-28,47,-36,51,-34,51,-36,47,-39,51,-39,43,-34,41,-41,39,-45,36,-47,39,-43,30,-41,34,-41,26,-45,28,-36,20,-39,20,-36,16,-36,14,-41,16,-45,8,-39,4,-36,4,-39,0,0,0,0,0,0,0,0,0,0,0]"""
1782173637395,2026-06-23T09:13:57.395,warning,breathing,lmh,lying_fast_breath,t001,"CSI_DATA,17842,1a:00:00:00:00:00,-62,11,-98,16,45,11,123233988,47,2,256,0,""[0,0,0,0,0,0,0,0,0,0,0,0,27,29,23,33,25,35,25,38,25,40,19,44,21,46,14,46,21,54,19,54,16,57,16,59,19,59,19,63,10,65,10,69,14,71,6,71,6,67,8,69,2,69,2,76,-2,76,4,80,-2,78,2,78,-8,78,-6,78,-8,76,0,76,-6,71,-4,78,-4,78,-4,71,-4,78,-4,76,-2,73,2,76,0,73,6,76,0,76,6,80,2,78,6,82,-2,76,2,78,-2,80,4,78,2,80,0,86,2,84,0,82,-6,88,-12,84,-2,90,-2,90,-4,84,0,0,0,0,0,0,82,21,84,21,80,12,73,21,78,19,71,19,71,16,73,19,67,19,63,23,63,23,61,23,63,19,65,14,61,21,59,16,65,12,61,14,57,19,57,19,59,12,59,21,54,10,54,16,54,23,59,19,54,21,54,14,57,21,59,16,57,23,57,25,54,25,54,25,52,27,52,29,50,31,52,29,50,33,46,38,44,35,42,38,42,40,40,38,35,38,35,40,31,40,29,40,25,40,19,42,19,42,16,38,16,38,10,40,8,38,10,38,2,38,0,0,0,0,0,0,0,0,0,0]"""
1782173637409,2026-06-23T09:13:57.409,warning,breathing,lmh,lying_fast_breath,t001,"CSI_DATA,17843,1a:00:00:00:00:00,-62,11,-98,20,44,11,123245991,47,2,256,0,""[0,0,0,0,0,0,0,0,0,0,0,0,-25,-31,-21,-33,-23,-40,-27,-42,-23,-42,-16,-44,-16,-48,-14,-50,-23,-54,-21,-54,-14,-61,-16,-54,-21,-61,-19,-65,-10,-57,-10,-71,-19,-65,-10,-69,-4,-65,-8,-69,-10,-65,-8,-80,-4,-73,-8,-76,0,-78,-6,-71,2,-73,-2,-78,-2,-78,-8,-76,-4,-76,-8,-78,-8,-73,-6,-73,-10,-82,-10,-73,-12,-71,-14,-71,-14,-73,-19,-80,-14,-73,-19,-73,-19,-71,-23,-80,-14,-69,-19,-73,-14,-80,-23,-76,-23,-76,-19,-88,-21,-84,-19,-80,-12,-84,-12,-90,-23,-95,-14,-84,-16,-88,0,0,0,0,0,0,-88,2,-82,6,-78,14,-80,10,-76,6,-76,6,-76,8,-76,2,-73,6,-71,-2,-63,4,-63,4,-65,6,-67,2,-65,6,-59,8,-65,6,-63,6,-59,2,-63,8,-59,12,-63,6,-54,10,-57,8,-61,4,-61,6,-59,8,-59,10,-63,4,-57,10,-57,4,-61,4,-67,2,-59,8,-57,4,-67,-2,-63,2,-61,-2,-63,-4,-59,-10,-61,-8,-59,-8,-57,-10,-63,-12,-52,-14,-54,-12,-48,-23,-52,-16,-42,-19,-44,-23,-38,-25,-35,-23,-35,-23,-35,-27,-27,-27,-27,-21,-21,-35,0,0,0,0,0,0,0,0,0,0]"""
1782173637420,2026-06-23T09:13:57.420,warning,breathing,lmh,lying_fast_breath,t001,"CSI_DATA,17844,1a:00:00:00:00:00,-62,11,-98,17,45,11,123255507,47,2,256,0,""[0,0,0,0,0,0,0,0,0,0,0,0,-39,-14,-34,-22,-39,-24,-41,-28,-39,-28,-34,-30,-34,-32,-36,-34,-43,-41,-43,-41,-41,-43,-41,-45,-49,-45,-45,-47,-41,-57,-39,-55,-45,-55,-36,-61,-41,-57,-36,-65,-36,-67,-36,-65,-36,-63,-39,-65,-39,-71,-39,-63,-32,-67,-34,-69,-32,-69,-36,-67,-26,-63,-34,-73,-34,-69,-34,-67,-39,-67,-39,-65,-36,-57,-41,-59,-41,-63,-49,-63,-43,-67,-45,-63,-43,-65,-51,-65,-41,-61,-47,-63,-43,-65,-45,-59,-47,-69,-49,-69,-53,-73,-49,-63,-45,-80,-39,-71,-51,-78,-55,-71,-45,-73,0,0,0,0,0,0,-82,34,-80,30,-71,41,-73,30,-69,28,-69,28,-67,28,-75,30,-69,26,-65,24,-59,22,-53,22,-61,26,-59,26,-59,22,-53,24,-59,30,-57,30,-57,22,-57,20,-51,28,-53,24,-53,26,-55,22,-55,20,-57,22,-53,20,-53,30,-57,22,-53,26,-53,22,-55,18,-57,18,-57,22,-53,14,-63,14,-59,16,-55,14,-61,12,-57,6,-55,8,-57,2,-59,6,-57,6,-57,-4,-53,-4,-49,-8,-53,-2,-47,-8,-43,-12,-41,-12,-41,-10,-41,-12,-36,-16,-36,-18,-32,-18,-28,-26,0,0,0,0,0,0,0,0,0,0]"""
1782173637430,2026-06-23T09:13:57.430,warning,breathing,lmh,lying_fast_breath,t001,"CSI_DATA,17845,1a:00:00:00:00:00,-60,11,-98,13,43,11,123266506,47,2,256,0,""[0,0,0,0,0,0,0,0,0,0,0,0,37,17,31,23,34,26,37,26,37,31,37,31,37,31,37,34,46,37,43,40,43,40,43,40,49,37,46,46,43,46,52,49,58,43,55,52,46,55,46,46,43,52,52,55,58,52,58,49,55,60,60,46,55,55,58,55,55,52,60,46,58,40,58,52,63,49,58,46,69,43,66,40,60,34,63,34,66,43,87,17,69,29,81,31,37,52,72,17,60,20,150,2,87,26,66,2,153,31,113,-2,75,-5,26,8,142,-52,89,66,136,52,0,14,95,5,0,0,0,0,0,0,20,-81,-78,-78,31,-101,14,-49,-49,-145,40,-75,11,-58,58,-52,60,-78,23,-75,-11,-66,-49,-66,14,-69,-8,-60,29,-49,-2,-58,-5,-69,2,-49,-2,-66,-5,-58,-11,-55,-14,-58,-14,-55,-8,-58,-14,-58,-14,-60,-8,-55,-20,-60,-8,-60,-20,-58,-14,-60,-14,-63,-11,-58,-14,-58,-17,-55,-11,-60,-11,-60,-14,-58,-14,-60,-8,-58,-14,-52,-11,-58,-5,-55,-5,-58,-5,-55,-8,-52,0,-49,-2,-52,0,-46,0,-49,2,-49,0,-46,0,-43,8,-46,5,-43,8,-34,14,-37,0,0,0,0,0,0,0,0,0,0]"""
1782173637440,2026-06-23T09:13:57.440,warning,breathing,lmh,lying_fast_breath,t001,"CSI_DATA,17846,1a:00:00:00:00:00,-61,11,-98,14,45,11,123279856,47,2,256,0,""[0,0,0,0,0,0,0,0,0,0,0,0,40,-6,40,-6,44,-4,49,2,44,0,47,2,51,4,49,4,55,8,55,11,58,13,60,13,67,15,64,17,64,26,62,29,67,26,62,31,58,38,60,38,58,44,62,40,62,42,69,44,69,53,64,38,58,47,60,49,55,58,64,53,51,47,58,58,55,51,58,53,58,51,64,47,49,51,55,49,69,62,73,55,60,49,73,60,64,69,91,47,24,38,55,69,89,2,89,38,55,8,58,138,98,42,4,60,13,8,47,35,2,98,31,29,0,49,0,0,0,0,0,0,31,-87,35,-26,67,-105,111,-33,123,-38,100,15,53,0,116,-64,29,8,60,-40,73,-73,60,4,78,-15,82,0,55,-15,49,-26,55,-26,64,-24,71,-17,58,-15,58,-24,58,-20,55,-17,58,-15,60,-11,60,-15,58,-13,64,-15,67,-15,58,-17,55,-11,60,-11,64,-2,67,-6,53,-4,64,2,64,0,62,6,62,6,58,6,53,11,55,13,62,15,60,17,55,20,47,17,44,24,49,24,35,22,40,24,33,26,35,24,29,33,26,31,29,33,22,31,15,33,0,0,0,0,0,0,0,0,0,0]"""
1782173637462,2026-06-23T09:13:57.462,warning,breathing,lmh,lying_fast_breath,t001,"CSI_DATA,17848,1a:00:00:00:00:00,-62,11,-98,17,45,11,123300045,47,2,256,0,""[0,0,0,0,0,0,0,0,0,0,0,0,-6,-39,-2,-34,-4,-47,-2,-47,-2,-47,0,-45,-2,-47,0,-49,-2,-57,0,-61,-4,-61,-2,-57,-6,-67,-2,-69,2,-67,0,-69,-4,-69,2,-73,-2,-69,-2,-67,4,-71,-4,-80,-6,-75,-8,-75,-8,-82,-14,-75,-8,-75,-12,-75,-8,-80,-20,-75,-14,-69,-18,-75,-22,-78,-24,-69,-32,-73,-28,-71,-30,-67,-36,-61,-39,-69,-49,-63,-45,-67,-51,-57,-49,-57,-55,-61,-47,-47,-55,-53,-53,-57,-59,-47,-61,-55,-67,-59,-65,-55,-65,-51,-65,-53,-69,-53,-75,-53,-75,-47,-73,-49,0,0,0,0,0,0,-53,69,-49,73,-39,71,-36,67,-32,67,-36,61,-34,69,-39,71,-32,67,-26,61,-22,61,-18,59,-18,65,-18,67,-16,61,-8,55,-8,69,-10,65,-12,59,-6,59,2,57,-6,61,0,53,0,59,0,65,0,63,4,57,8,63,4,61,14,55,12,59,10,59,6,63,10,61,8,59,8,61,12,63,10,59,10,59,6,57,10,55,6,53,8,59,8,59,4,55,8,51,6,47,6,53,2,43,2,43,-2,41,0,45,-4,45,-2,43,-4,43,-4,36,-8,34,0,0,0,0,0,0,0,0,0,0]"""
1782173637473,2026-06-23T09:13:57.473,warning,breathing,lmh,lying_fast_breath,t001,"CSI_DATA,17849,1a:00:00:00:00:00,-62,11,-98,17,45,11,123310751,47,2,256,0,""[0,0,0,0,0,0,0,0,0,0,0,0,-28,-22,-30,-26,-32,-30,-34,-34,-32,-36,-32,-34,-34,-36,-34,-36,-39,-43,-36,-45,-34,-47,-39,-45,-47,-51,-41,-55,-39,-59,-41,-53,-47,-53,-39,-59,-41,-55,-41,-63,-43,-63,-43,-65,-39,-59,-43,-63,-45,-67,-45,-53,-43,-61,-43,-63,-47,-61,-49,-59,-45,-57,-51,-61,-53,-59,-49,-57,-55,-55,-59,-51,-49,-51,-61,-45,-61,-51,-65,-43,-63,-45,-67,-39,-63,-41,-71,-43,-61,-36,-69,-36,-69,-36,-69,-32,-73,-34,-78,-41,-78,-34,-78,-30,-78,-41,-78,-39,-86,-32,-84,-32,-78,-34,0,0,0,0,0,0,-43,75,-39,78,-32,75,-32,71,-30,69,-32,65,-30,71,-30,71,-28,67,-26,59,-22,61,-20,57,-16,65,-20,65,-22,63,-12,57,-12,67,-14,61,-16,57,-10,55,-4,59,-10,57,-8,57,-8,61,-8,59,-10,61,-6,55,-4,61,-8,65,-2,55,-6,59,-6,59,-8,65,-2,61,-4,57,-8,65,-8,63,-4,61,-8,59,-8,55,-6,53,-10,55,-14,59,-10,57,-18,55,-12,51,-14,47,-14,49,-16,45,-16,43,-18,39,-16,36,-20,43,-24,39,-24,34,-24,30,-26,26,0,0,0,0,0,0,0,0,0,0]"""
1782173637484,2026-06-23T09:13:57.484,warning,breathing,lmh,lying_fast_breath,t001,"CSI_DATA,17850,1a:00:00:00:00:00,-62,11,-98,15,45,11,123321506,47,2,256,0,""[0,0,0,0,0,0,0,0,0,0,0,0,41,-4,41,-8,41,-4,47,-4,45,-4,52,-4,50,-6,52,-4,60,-8,56,-2,65,-4,63,-6,65,-10,67,-10,69,-2,69,-8,76,-15,76,-8,69,-8,73,-8,76,-6,71,-15,78,-13,76,-15,80,-15,71,-21,76,-17,80,-19,69,-19,71,-30,69,-26,76,-32,71,-34,65,-32,69,-39,63,-45,56,-36,60,-47,58,-47,54,-52,56,-54,47,-63,54,-63,45,-65,52,-63,41,-65,45,-69,39,-71,36,-69,41,-73,36,-76,36,-78,41,-82,41,-73,32,-84,30,-82,28,-82,0,0,0,0,0,0,-82,-30,-76,-26,-82,-17,-78,-21,-76,-17,-78,-19,-69,-13,-76,-15,-69,-10,-71,-13,-67,-6,-65,-4,-71,2,-63,0,-67,-2,-63,2,-65,8,-63,6,-60,6,-63,13,-60,19,-63,10,-54,15,-56,17,-54,15,-54,15,-56,21,-54,26,-56,23,-54,32,-52,30,-56,30,-54,26,-52,30,-52,30,-60,28,-54,28,-50,28,-54,28,-52,28,-50,26,-56,30,-52,26,-47,26,-50,23,-45,28,-50,23,-41,21,-47,21,-41,21,-47,15,-43,17,-36,10,-39,13,-43,13,-36,13,-41,6,0,0,0,0,0,0,0,0,0,0]"""
1782173637494,2026-06-23T09:13:57.494,warning,breathing,lmh,lying_fast_breath,t001,"CSI_DATA,17851,1a:00:00:00:00:00,-62,11,-98,15,45,11,123332776,47,2,256,0,""[0,0,0,0,0,0,0,0,0,0,0,0,41,15,39,15,45,17,41,23,41,23,41,21,45,23,45,23,54,26,54,30,54,28,58,28,60,30,60,28,56,36,65,34,69,28,67,39,56,32,65,34,63,34,69,36,69,39,71,34,71,36,69,26,71,32,73,28,69,30,71,21,73,23,73,21,76,19,71,19,78,15,78,8,78,6,80,0,76,4,78,-6,76,-4,80,-15,78,-10,87,-17,71,-13,76,-19,80,-19,76,-26,73,-23,84,-26,82,-26,82,-30,84,-30,87,-30,87,-34,82,-34,80,-36,0,0,0,0,0,0,-30,-80,-34,-78,-41,-73,-39,-71,-39,-69,-34,-67,-41,-67,-39,-65,-39,-60,-34,-60,-39,-54,-39,-50,-45,-50,-39,-54,-41,-50,-47,-43,-50,-45,-45,-43,-43,-45,-54,-41,-52,-32,-52,-39,-43,-32,-50,-34,-45,-36,-52,-34,-54,-30,-54,-28,-54,-28,-58,-21,-56,-26,-56,-23,-58,-30,-54,-23,-56,-21,-56,-28,-58,-30,-52,-28,-56,-28,-56,-28,-54,-23,-54,-23,-52,-30,-50,-28,-45,-28,-50,-23,-43,-26,-45,-26,-41,-23,-41,-26,-39,-23,-36,-23,-34,-23,-34,-28,-28,-28,-28,-28,-26,-28,0,0,0,0,0,0,0,0,0,0]"""
1782173637505,2026-06-23T09:13:57.505,warning,breathing,lmh,lying_fast_breath,t001,"CSI_DATA,17852,1a:00:00:00:00:00,-62,11,-98,16,45,11,123343506,47,2,256,0,""[0,0,0,0,0,0,0,0,0,0,0,0,-19,35,-23,38,-25,35,-29,38,-31,38,-33,35,-38,33,-35,31,-42,35,-48,35,-48,35,-50,33,-54,35,-57,33,-65,25,-59,27,-67,33,-65,23,-71,23,-71,21,-69,16,-76,16,-69,14,-76,19,-82,12,-71,16,-73,8,-80,8,-76,8,-80,8,-69,4,-82,8,-78,6,-73,4,-80,4,-76,6,-69,8,-73,12,-76,6,-78,12,-80,4,-73,16,-78,10,-80,8,-80,4,-76,8,-80,8,-78,6,-82,4,-88,2,-88,4,-84,6,-90,-6,-80,-6,-95,-4,-92,-8,-86,-12,0,0,0,0,0,0,-25,86,-23,82,-16,88,-23,73,-23,71,-25,67,-27,69,-29,78,-29,65,-31,63,-25,63,-27,59,-25,61,-29,59,-29,59,-21,59,-25,63,-25,59,-33,57,-23,52,-23,57,-27,48,-29,54,-31,52,-33,54,-35,52,-31,46,-29,57,-35,52,-29,50,-35,44,-38,50,-38,48,-42,52,-38,40,-48,46,-48,44,-46,40,-52,40,-46,33,-42,33,-48,31,-50,27,-50,27,-52,23,-46,23,-48,14,-52,16,-46,10,-46,6,-44,4,-44,0,-42,0,-38,-8,-42,-4,-35,-8,-33,-14,0,0,0,0,0,0,0,0,0,0]"""
1782173637517,2026-06-23T09:13:57.517,warning,breathing,lmh,lying_fast_breath,t001,"CSI_DATA,17853,1a:00:00:00:00:00,-61,11,-98,16,45,11,123354506,47,2,256,0,""[0,0,0,0,0,0,0,0,0,0,0,0,31,-29,31,-27,38,-25,40,-25,44,-25,42,-23,44,-27,46,-25,52,-27,54,-23,54,-27,57,-29,59,-29,61,-25,63,-14,67,-21,69,-29,71,-21,65,-21,71,-16,78,-14,73,-16,76,-19,73,-21,78,-16,73,-23,73,-14,78,-16,76,-14,73,-19,67,-16,76,-19,76,-21,69,-19,78,-27,76,-29,65,-27,69,-31,73,-29,69,-33,69,-31,69,-38,71,-35,71,-40,65,-33,65,-42,71,-35,67,-44,71,-38,73,-38,71,-42,76,-46,80,-40,80,-40,82,-44,78,-44,78,-40,0,0,0,0,0,0,-31,-82,-31,-78,-38,-73,-33,-76,-38,-73,-29,-69,-29,-67,-29,-71,-27,-67,-27,-63,-29,-61,-27,-59,-33,-61,-29,-61,-29,-57,-31,-57,-33,-59,-29,-54,-25,-54,-31,-54,-38,-48,-31,-57,-27,-44,-31,-52,-27,-52,-27,-54,-33,-48,-35,-46,-31,-54,-38,-48,-31,-52,-35,-52,-29,-52,-31,-52,-31,-50,-25,-57,-29,-54,-27,-52,-25,-59,-25,-54,-23,-54,-23,-54,-21,-59,-19,-52,-12,-54,-16,-54,-12,-50,-10,-52,-6,-48,-4,-48,-4,-46,-2,-44,6,-44,4,-44,6,-35,8,-35,12,-35,0,0,0,0,0,0,0,0,0,0]"""
1782173637525,2026-06-23T09:13:57.525,warning,breathing,lmh,lying_fast_breath,t001,"CSI_DATA,17854,1a:00:00:00:00:00,-61,11,-98,14,45,11,123365506,47,2,256,0,""[0,0,0,0,0,0,0,0,0,0,0,0,29,29,26,33,29,33,29,40,26,40,24,44,24,47,22,44,26,55,22,53,22,55,24,58,26,60,24,64,15,69,20,67,20,73,13,73,15,69,8,69,2,73,13,76,6,76,13,78,8,85,13,76,6,76,4,80,4,76,11,76,4,76,8,82,8,78,8,76,8,78,11,80,11,69,13,76,13,76,20,78,13,76,22,73,15,78,22,78,15,80,17,78,15,80,15,78,17,80,20,85,22,82,20,85,8,91,4,87,20,94,17,89,13,87,0,0,0,0,0,0,85,0,87,0,85,-11,80,4,76,-2,78,2,76,0,80,-2,71,0,71,6,69,2,67,6,71,0,64,-2,62,4,64,0,69,-6,64,-2,62,4,60,-2,64,-4,64,4,58,-2,60,0,62,2,62,0,62,4,60,-6,64,0,62,-2,60,4,67,6,58,6,64,4,58,8,67,11,60,13,58,11,60,15,60,20,53,15,58,20,55,20,53,20,49,29,51,22,47,29,47,20,38,31,35,29,38,35,31,31,31,31,31,35,24,31,20,33,17,38,0,0,0,0,0,0,0,0,0,0]"""
1782173637539,2026-06-23T09:13:57.539,warning,breathing,lmh,lying_fast_breath,t001,"CSI_DATA,17855,1a:00:00:00:00:00,-61,11,-98,16,45,11,123376506,47,2,256,0,""[0,0,0,0,0,0,0,0,0,0,0,0,-16,-35,-12,-35,-19,-42,-14,-42,-16,-46,-12,-44,-16,-46,-12,-48,-16,-54,-16,-59,-14,-57,-19,-59,-21,-61,-16,-65,-12,-65,-12,-69,-19,-67,-10,-73,-14,-65,-16,-71,-14,-71,-14,-78,-14,-73,-19,-78,-16,-80,-21,-71,-14,-76,-16,-73,-16,-80,-23,-71,-19,-69,-23,-76,-25,-76,-25,-73,-31,-76,-31,-71,-33,-65,-35,-65,-35,-69,-44,-67,-42,-67,-46,-61,-42,-63,-54,-67,-44,-57,-52,-57,-48,-59,-52,-54,-54,-61,-61,-65,-59,-63,-59,-59,-57,-61,-57,-67,-63,-69,-63,-61,-63,-63,0,0,0,0,0,0,-69,59,-65,61,-57,59,-57,57,-57,59,-54,48,-52,57,-57,57,-52,57,-46,46,-44,52,-42,48,-40,54,-44,59,-40,50,-31,50,-33,61,-35,54,-33,50,-31,52,-25,54,-31,50,-23,52,-29,54,-29,54,-27,57,-27,54,-19,61,-25,59,-14,57,-25,52,-25,57,-27,63,-23,61,-23,54,-31,57,-25,59,-23,57,-27,57,-27,50,-25,52,-29,52,-29,52,-29,54,-33,48,-29,46,-31,40,-29,46,-29,33,-27,35,-31,33,-27,31,-31,31,-33,29,-29,29,-29,25,-33,21,0,0,0,0,0,0,0,0,0,0]"""
1782173637550,2026-06-23T09:13:57.550,warning,breathing,lmh,lying_fast_breath,t001,"CSI_DATA,17856,1a:00:00:00:00:00,-61,11,-98,17,45,11,123387506,47,2,256,0,""[0,0,0,0,0,0,0,0,0,0,0,0,26,30,24,34,26,36,28,41,28,39,26,41,28,41,28,43,34,47,32,47,36,51,39,47,45,49,43,51,39,59,43,55,51,51,47,55,43,55,47,61,49,57,51,55,55,51,59,49,57,57,59,43,57,49,61,51,61,47,67,43,59,36,71,45,67,39,67,34,73,34,73,22,71,20,78,12,75,18,75,8,80,12,75,0,84,2,82,-2,80,-2,80,-6,82,-8,78,-16,82,-14,86,-16,84,-20,82,-24,88,-24,88,-20,86,-32,82,-26,86,-32,0,0,0,0,0,0,-32,-84,-32,-75,-41,-75,-39,-71,-41,-69,-34,-65,-39,-63,-41,-67,-39,-57,-43,-57,-45,-53,-41,-49,-49,-47,-43,-49,-49,-43,-53,-39,-57,-41,-53,-34,-49,-41,-53,-30,-61,-24,-57,-30,-51,-24,-53,-26,-57,-26,-55,-22,-57,-18,-63,-14,-59,-20,-61,-8,-57,-12,-59,-12,-63,-14,-63,-10,-55,-6,-63,-16,-63,-10,-57,-12,-63,-10,-57,-6,-61,-6,-61,-4,-59,-14,-55,-8,-55,-8,-51,-4,-49,-6,-53,-8,-45,-10,-47,-8,-47,-8,-41,-8,-41,-12,-45,-14,-39,-14,-36,-8,-36,-14,0,0,0,0,0,0,0,0,0,0]"""
1782173637562,2026-06-23T09:13:57.562,warning,breathing,lmh,lying_fast_breath,t001,"CSI_DATA,17857,1a:00:00:00:00:00,-62,11,-98,20,44,11,123398881,47,2,256,0,""[0,0,0,0,0,0,0,0,0,0,0,0,-42,2,-42,-2,-42,4,-50,-2,-50,-4,-46,-4,-50,-2,-50,-2,-61,0,-59,-2,-59,-2,-61,0,-65,2,-67,6,-69,-4,-69,0,-73,10,-78,-2,-71,0,-69,0,-69,0,-78,6,-73,2,-78,8,-80,8,-76,16,-80,10,-82,14,-76,14,-78,21,-71,21,-76,27,-67,27,-69,33,-73,35,-69,40,-63,40,-61,46,-65,48,-59,52,-59,54,-54,59,-57,57,-48,65,-52,57,-48,63,-52,65,-44,67,-42,76,-46,76,-42,78,-42,82,-46,80,-42,78,-38,84,-35,84,-27,80,0,0,0,0,0,0,78,38,78,33,82,21,82,25,78,21,69,21,71,14,80,14,76,10,71,16,71,4,69,8,73,0,67,4,69,0,69,-6,69,-8,65,-10,61,-2,59,-12,63,-21,65,-14,52,-19,59,-19,57,-19,54,-23,59,-27,57,-25,61,-29,52,-33,54,-25,57,-33,57,-31,54,-38,52,-38,54,-33,52,-35,50,-33,54,-35,54,-35,48,-29,50,-31,54,-31,48,-33,52,-29,46,-33,46,-25,44,-29,44,-23,42,-25,40,-23,42,-23,42,-23,44,-19,40,-19,38,-14,42,-14,0,0,0,0,0,0,0,0,0,0]"""
1782173637572,2026-06-23T09:13:57.572,warning,breathing,lmh,lying_fast_breath,t001,"CSI_DATA,17858,1a:00:00:00:00:00,-62,11,-98,15,45,11,123409506,47,2,256,0,""[0,0,0,0,0,0,0,0,0,0,0,0,-17,-32,-15,-36,-19,-39,-17,-45,-19,-45,-15,-47,-15,-50,-13,-52,-17,-54,-13,-54,-17,-58,-17,-58,-21,-63,-21,-65,-15,-67,-19,-67,-26,-69,-17,-69,-19,-71,-17,-69,-13,-71,-19,-76,-15,-73,-23,-78,-21,-80,-26,-69,-17,-73,-23,-80,-23,-76,-32,-71,-26,-67,-34,-80,-34,-76,-28,-69,-39,-73,-39,-67,-34,-63,-43,-60,-45,-67,-50,-60,-47,-65,-56,-56,-47,-60,-63,-58,-52,-56,-56,-52,-56,-56,-60,-50,-63,-56,-63,-60,-69,-58,-63,-52,-67,-58,-63,-58,-73,-56,-76,-54,-73,-56,0,0,0,0,0,0,-60,69,-54,67,-50,71,-47,65,-45,63,-50,58,-41,63,-43,69,-41,63,-41,58,-34,58,-30,52,-30,60,-32,58,-30,56,-23,56,-26,63,-19,60,-26,60,-19,56,-15,60,-26,58,-15,56,-17,60,-21,58,-15,63,-15,56,-8,63,-13,67,-6,58,-10,58,-13,63,-13,65,-8,65,-8,56,-17,67,-13,67,-15,63,-15,65,-15,56,-13,52,-19,58,-17,58,-13,54,-17,58,-17,52,-21,50,-17,54,-21,47,-21,41,-19,41,-21,41,-21,41,-19,39,-26,36,-23,30,-28,28,0,0,0,0,0,0,0,0,0,0]"""
1782173637583,2026-06-23T09:13:57.583,warning,breathing,lmh,lying_fast_breath,t001,"CSI_DATA,17859,1a:00:00:00:00:00,-62,11,-98,14,45,11,123420505,47,2,256,0,""[0,0,0,0,0,0,0,0,0,0,0,0,15,38,13,38,17,40,15,47,15,44,15,44,17,49,15,49,22,55,20,55,20,58,24,55,29,64,29,62,22,67,29,62,35,64,31,67,31,64,29,69,29,71,40,64,40,64,42,67,44,71,51,60,42,60,49,64,49,64,58,58,51,51,60,60,58,53,58,49,67,47,69,40,62,33,73,31,71,33,73,26,73,26,78,13,73,17,82,13,78,13,78,4,82,4,80,0,80,0,87,0,85,-4,85,-11,91,-4,89,-4,91,-20,91,-17,87,-22,0,0,0,0,0,0,-13,-85,-20,-82,-31,-78,-29,-73,-31,-71,-29,-69,-31,-67,-33,-73,-33,-62,-31,-58,-35,-55,-35,-53,-47,-53,-38,-55,-40,-53,-47,-44,-53,-47,-49,-42,-42,-47,-51,-35,-58,-31,-51,-33,-51,-31,-51,-31,-51,-31,-55,-31,-55,-24,-58,-22,-60,-24,-58,-13,-55,-17,-60,-20,-60,-20,-60,-13,-58,-13,-64,-20,-62,-17,-62,-15,-62,-13,-60,-13,-58,-8,-60,-8,-60,-15,-55,-11,-53,-13,-55,-6,-51,-8,-53,-8,-51,-11,-44,-8,-44,-8,-40,-8,-40,-13,-42,-15,-40,-13,-35,-11,-35,-13,0,0,0,0,0,0,0,0,0,0]"""
1782173637595,2026-06-23T09:13:57.595,warning,breathing,lmh,lying_fast_breath,t001,"CSI_DATA,17860,1a:00:00:00:00:00,-61,11,-98,15,45,11,123433724,47,2,256,0,""[0,0,0,0,0,0,0,0,0,0,0,0,-2,41,-2,41,-2,45,-4,52,-6,50,-6,50,-4,52,-6,52,-4,58,-8,58,-6,63,-4,63,-2,67,-6,69,-10,69,-6,67,-2,71,-4,71,0,73,-6,76,-6,80,0,76,2,76,2,80,2,82,10,73,2,76,8,80,10,76,21,78,15,69,23,82,23,73,28,73,30,76,32,69,30,65,41,67,45,67,50,60,50,71,54,54,56,56,60,56,56,54,58,47,60,50,60,45,67,43,73,47,73,50,76,41,76,45,71,43,82,39,84,41,84,34,0,0,0,0,0,0,39,-82,36,-76,26,-87,30,-71,17,-76,23,-69,17,-69,21,-76,17,-67,19,-67,6,-67,8,-63,2,-67,4,-69,4,-65,-4,-63,-8,-69,-6,-67,-4,-63,-10,-58,-19,-63,-13,-58,-17,-56,-21,-58,-19,-63,-21,-60,-21,-54,-23,-56,-26,-58,-30,-52,-28,-52,-26,-60,-28,-56,-34,-56,-28,-47,-32,-58,-32,-58,-32,-54,-32,-56,-30,-52,-28,-45,-30,-50,-32,-54,-32,-50,-28,-47,-30,-41,-23,-45,-30,-47,-21,-43,-19,-41,-19,-41,-17,-39,-19,-43,-15,-39,-10,-39,-15,-39,-10,-39,0,0,0,0,0,0,0,0,0,0]"""
1782173637606,2026-06-23T09:13:57.606,warning,breathing,lmh,lying_fast_breath,t001,"CSI_DATA,17861,1a:00:00:00:00:00,-62,11,-98,15,45,11,123444890,47,2,256,0,""[0,0,0,0,0,0,0,0,0,0,0,0,41,-10,41,-6,43,-8,47,-8,47,-6,50,-6,52,-10,54,-6,58,-10,58,-8,60,-10,63,-13,65,-13,67,-13,67,-8,73,-13,71,-19,76,-13,65,-10,69,-15,73,-19,76,-17,76,-17,71,-21,78,-17,73,-23,78,-21,78,-26,73,-23,71,-30,71,-28,71,-32,69,-34,67,-36,67,-43,67,-45,58,-45,58,-50,60,-50,56,-56,54,-54,52,-63,52,-56,47,-67,47,-58,43,-67,47,-69,39,-71,39,-69,45,-76,39,-76,43,-78,43,-80,43,-78,34,-84,32,-80,30,-80,0,0,0,0,0,0,-80,-36,-80,-32,-73,-21,-78,-26,-80,-21,-71,-23,-71,-17,-73,-17,-71,-15,-67,-19,-67,-13,-65,-10,-71,-6,-65,-4,-65,-4,-63,-2,-69,2,-63,6,-63,0,-65,4,-63,10,-67,6,-54,10,-56,10,-60,10,-56,10,-63,13,-56,26,-58,15,-58,26,-58,19,-60,23,-60,19,-56,23,-56,23,-58,17,-56,23,-54,21,-56,21,-58,19,-54,19,-60,21,-56,19,-54,19,-52,15,-52,19,-50,10,-50,19,-50,10,-45,8,-45,8,-41,10,-43,8,-45,6,-39,4,-36,4,-39,0,0,0,0,0,0,0,0,0,0,0]"""
1782173637617,2026-06-23T09:13:57.617,warning,breathing,lmh,lying_fast_breath,t001,"CSI_DATA,17862,1a:00:00:00:00:00,-62,11,-98,16,45,11,123453505,47,2,256,0,""[0,0,0,0,0,0,0,0,0,0,0,0,6,-40,10,-40,14,-40,21,-46,19,-42,25,-42,23,-44,29,-40,31,-48,35,-46,38,-46,38,-48,44,-52,46,-52,54,-44,54,-46,54,-52,59,-40,61,-38,59,-38,61,-33,69,-38,65,-31,69,-35,73,-33,65,-38,69,-31,76,-31,73,-25,73,-31,65,-23,76,-29,76,-27,71,-25,78,-29,73,-31,63,-27,65,-29,78,-31,80,-38,84,-25,57,-23,61,-29,99,-6,57,-67,86,-2,52,-63,59,-86,67,-2,109,-59,59,10,135,-61,152,-44,103,-38,12,-23,57,-35,14,-6,0,0,0,0,0,0,59,-42,23,-109,65,-71,6,-33,44,-46,48,-27,0,-31,-6,-101,23,-57,-19,-27,-12,-52,27,-73,-19,-38,-2,-61,-2,-63,-6,-65,0,-65,4,-61,16,-63,8,-63,8,-63,19,-57,16,-59,19,-54,27,-61,19,-57,19,-59,16,-57,23,-59,16,-57,23,-52,27,-54,25,-57,29,-57,29,-50,38,-57,42,-48,38,-52,40,-50,35,-44,35,-40,40,-40,44,-40,46,-38,50,-33,44,-31,48,-25,46,-25,46,-19,42,-19,44,-14,40,-10,44,-8,42,-4,44,2,35,0,38,6,0,0,0,0,0,0,0,0,0,0]"""
1782173637628,2026-06-23T09:13:57.628,warning,breathing,lmh,lying_fast_breath,t001,"CSI_DATA,17863,1a:00:00:00:00:00,-62,11,-98,14,45,11,123464578,47,2,256,0,""[0,0,0,0,0,0,0,0,0,0,0,0,-38,17,-38,17,-38,17,-44,20,-40,20,-47,20,-47,20,-49,15,-53,26,-53,22,-58,24,-58,29,-55,31,-58,33,-62,26,-62,31,-67,35,-69,29,-62,33,-60,33,-62,26,-64,42,-69,35,-67,44,-67,44,-60,44,-64,44,-67,49,-58,47,-55,58,-53,49,-55,58,-51,60,-47,58,-47,62,-47,64,-38,60,-35,69,-35,69,-26,73,-33,71,-20,76,-22,78,-17,80,-20,76,-15,76,-17,82,-13,78,-4,85,-6,87,0,87,-2,85,-6,89,-4,85,11,94,6,87,11,89,0,0,0,0,0,0,89,-4,80,-11,82,-17,78,-13,73,-15,76,-8,69,-17,78,-26,64,-22,67,-17,67,-22,60,-20,60,-29,60,-29,58,-26,55,-31,53,-38,49,-35,51,-33,49,-35,47,-44,47,-38,40,-44,42,-40,42,-40,40,-47,42,-47,33,-51,38,-49,31,-51,35,-49,40,-51,33,-49,31,-53,31,-53,33,-58,35,-51,26,-53,31,-53,31,-49,31,-51,33,-51,29,-51,24,-49,29,-44,26,-49,31,-44,24,-44,33,-40,26,-38,29,-38,24,-33,22,-33,29,-33,24,-29,26,-29,31,-24,0,0,0,0,0,0,0,0,0,0]"""
1782173637639,2026-06-23T09:13:57.639,warning,breathing,lmh,lying_fast_breath,t001,"CSI_DATA,17864,1a:00:00:00:00:00,-62,11,-98,14,45,11,123475505,47,2,256,0,""[0,0,0,0,0,0,0,0,0,0,0,0,29,-29,31,-26,35,-29,40,-29,38,-26,44,-26,42,-29,47,-29,49,-31,47,-31,49,-35,51,-38,51,-40,55,-40,60,-33,58,-40,58,-49,64,-40,60,-40,58,-33,67,-42,64,-42,60,-44,55,-49,62,-49,55,-47,62,-47,69,-49,58,-51,53,-55,60,-51,55,-62,53,-51,44,-60,55,-60,47,-58,47,-62,35,-76,29,-67,31,-82,31,-71,26,-78,38,-118,31,-78,33,-78,2,-123,0,-73,29,-100,82,-42,51,-114,17,-111,15,-143,26,-4,6,-118,-4,-132,42,6,-8,-102,0,0,0,0,0,0,-96,-6,-47,-109,-94,13,-64,-31,-87,82,-80,-40,-64,17,-40,24,-26,-33,-78,-31,-35,2,-60,-40,-58,4,-64,17,-71,-22,-60,8,-67,15,-58,24,-64,15,-58,8,-67,17,-58,15,-49,20,-58,24,-53,17,-55,24,-58,17,-53,33,-58,31,-51,35,-51,29,-55,29,-53,26,-55,35,-49,26,-55,26,-51,31,-51,29,-51,29,-55,24,-47,20,-53,26,-53,24,-53,24,-53,26,-49,20,-49,17,-44,22,-42,13,-47,11,-47,11,-42,13,-42,13,-42,13,-38,8,-38,6,-35,0,0,0,0,0,0,0,0,0,0,0]"""
1782173637648,2026-06-23T09:13:57.648,warning,breathing,lmh,lying_fast_breath,t001,"CSI_DATA,17865,1a:00:00:00:00:00,-62,11,-98,15,45,11,123486505,47,2,256,0,""[0,0,0,0,0,0,0,0,0,0,0,0,30,26,30,28,30,32,32,36,30,36,30,41,32,39,28,39,36,47,34,50,34,50,36,50,43,56,41,56,34,63,39,60,43,58,36,63,39,60,41,67,41,65,41,67,36,63,43,67,43,71,45,60,36,67,41,69,43,67,50,63,43,60,52,67,52,60,47,58,54,60,54,54,50,50,58,50,60,52,67,47,60,50,67,39,63,43,71,43,65,41,65,39,71,41,69,36,76,39,76,43,80,39,80,34,78,43,73,43,84,39,84,39,82,36,0,0,0,0,0,0,45,-78,43,-78,34,-78,39,-69,32,-71,30,-65,30,-67,30,-73,30,-65,28,-60,23,-58,23,-56,19,-65,26,-63,23,-63,13,-58,15,-67,17,-65,19,-60,10,-58,8,-58,13,-58,8,-56,8,-60,13,-58,10,-63,6,-56,4,-63,10,-65,4,-58,6,-58,8,-63,4,-63,2,-65,4,-56,8,-67,8,-65,8,-63,13,-63,8,-54,8,-54,10,-58,15,-58,10,-58,19,-58,10,-50,15,-47,17,-56,17,-43,19,-39,21,-41,15,-36,19,-41,21,-36,21,-34,21,-32,23,-26,0,0,0,0,0,0,0,0,0,0]"""
1782173637660,2026-06-23T09:13:57.660,warning,breathing,lmh,lying_fast_breath,t001,"CSI_DATA,17866,1a:00:00:00:00:00,-62,11,-98,16,45,11,123497505,47,2,256,0,""[0,0,0,0,0,0,0,0,0,0,0,0,40,2,40,8,42,12,44,21,44,19,40,25,42,29,40,31,50,38,40,42,40,50,38,48,38,57,35,57,25,63,23,67,29,69,16,69,8,65,10,67,2,71,0,78,-4,78,-8,76,-12,82,-8,76,-16,76,-21,78,-31,71,-27,73,-29,63,-38,71,-33,67,-40,67,-40,65,-42,73,-40,59,-48,63,-44,63,-48,76,-54,57,-46,69,-69,54,-63,92,-19,48,-59,33,-103,78,-95,46,-114,42,4,82,-46,14,-114,65,-95,-27,-88,-2,-154,-14,-61,10,-25,-40,0,0,0,0,0,0,-21,173,-12,107,-80,44,35,65,19,63,-31,124,-46,73,19,95,-61,23,-25,80,-29,97,-27,33,-50,35,-23,33,-31,52,-42,52,-48,48,-40,38,-46,38,-46,46,-44,44,-57,38,-48,29,-48,23,-57,25,-57,21,-54,25,-48,23,-59,14,-54,21,-61,10,-63,8,-61,2,-61,2,-57,4,-61,-10,-57,-12,-52,-14,-59,-21,-54,-21,-52,-21,-52,-27,-46,-35,-42,-35,-35,-38,-40,-38,-29,-42,-27,-44,-23,-44,-19,-42,-14,-44,-8,-38,-6,-40,2,-42,2,-40,4,-38,10,-35,0,0,0,0,0,0,0,0,0,0]"""
1782173637670,2026-06-23T09:13:57.670,warning,breathing,lmh,lying_fast_breath,t001,"CSI_DATA,17867,1a:00:00:00:00:00,-62,11,-98,17,44,11,123508505,47,2,256,0,""[0,0,0,0,0,0,0,0,0,0,0,0,-29,25,-29,27,-29,32,-34,36,-32,34,-29,34,-25,41,-32,46,-32,48,-29,50,-23,55,-23,59,-23,64,-11,66,-20,64,-18,71,-4,69,-6,69,-2,66,2,78,11,80,9,73,16,76,27,78,25,78,32,69,32,69,39,64,43,64,52,57,50,52,59,57,62,46,64,41,73,32,78,27,66,25,76,11,73,18,73,-2,85,-4,62,-13,73,-27,43,-25,99,-6,85,-52,18,-25,36,-69,18,-46,140,-41,64,-94,32,-23,2,-92,25,-89,-20,-43,23,-112,-11,-145,0,0,0,0,0,0,-16,-78,-85,-20,-23,66,-138,4,-105,27,-82,-43,-57,11,-131,43,-23,20,-87,27,-96,27,-39,48,-32,27,-20,59,-41,57,-41,48,-36,55,-23,52,-23,59,-18,64,-11,64,-18,62,-4,55,2,55,4,64,6,59,11,59,20,59,20,57,25,55,25,52,29,55,32,55,41,46,34,46,39,52,41,46,46,39,46,36,43,39,43,29,50,29,50,34,50,25,55,25,52,20,48,23,50,11,46,18,46,13,43,13,46,9,41,9,41,11,41,0,39,6,34,11,0,0,0,0,0,0,0,0,0,0]"""
1782173637681,2026-06-23T09:13:57.681,warning,breathing,lmh,lying_fast_breath,t001,"CSI_DATA,17868,1a:00:00:00:00:00,-60,11,-98,20,42,11,123519505,47,2,256,0,""[0,0,0,0,0,0,0,0,0,0,0,0,-37,2,-39,5,-45,5,-50,5,-50,2,-50,2,-50,7,-50,2,-58,5,-55,7,-61,10,-58,10,-61,15,-69,15,-66,13,-66,13,-69,23,-71,21,-69,21,-66,21,-63,23,-71,37,-71,31,-69,34,-74,37,-66,42,-71,31,-69,42,-63,39,-55,45,-53,50,-58,58,-55,61,-45,55,-53,69,-39,58,-31,66,-26,74,-26,63,-15,87,-15,71,-18,87,-21,39,-13,87,-15,71,45,127,2,98,-7,61,90,114,34,77,5,82,-26,114,26,10,37,114,71,77,13,188,13,63,0,0,0,0,0,0,79,-55,183,0,66,-23,53,-61,156,-23,31,-31,61,-47,39,-15,47,10,58,-23,34,-71,37,-90,42,-42,37,-63,58,-39,29,-55,26,-58,37,-50,26,-53,26,-58,15,-61,26,-61,10,-58,7,-55,15,-63,7,-58,5,-58,-2,-63,0,-66,-5,-58,-5,-55,-5,-61,-13,-66,-13,-63,-10,-61,-10,-66,-13,-61,-13,-58,-13,-61,-15,-58,-7,-55,-13,-61,-13,-61,-15,-55,-15,-50,-15,-50,-7,-47,-18,-53,-13,-45,-13,-50,-10,-45,-13,-39,-5,-39,-13,-39,-13,-39,-7,-37,-2,-39,0,0,0,0,0,0,0,0,0,0]"""
1782173637693,2026-06-23T09:13:57.693,warning,breathing,lmh,lying_fast_breath,t001,"CSI_DATA,17869,1a:00:00:00:00:00,-62,11,-98,16,45,11,123530505,47,2,256,0,""[0,0,0,0,0,0,0,0,0,0,0,0,-31,-19,-31,-23,-33,-25,-38,-31,-35,-31,-35,-31,-35,-35,-33,-38,-38,-40,-40,-42,-44,-46,-44,-38,-50,-48,-48,-48,-38,-54,-44,-54,-48,-52,-44,-59,-44,-57,-38,-59,-33,-61,-44,-65,-42,-59,-50,-63,-48,-67,-52,-54,-44,-61,-44,-63,-42,-65,-50,-61,-42,-57,-50,-63,-52,-61,-48,-59,-54,-61,-54,-57,-50,-48,-59,-48,-61,-50,-65,-46,-59,-50,-61,-42,-61,-48,-69,-48,-61,-42,-67,-42,-67,-46,-65,-38,-67,-44,-76,-44,-71,-48,-73,-38,-73,-48,-69,-48,-80,-50,-80,-50,-76,-46,0,0,0,0,0,0,-52,63,-50,73,-44,73,-50,65,-42,63,-44,61,-42,65,-44,67,-42,61,-38,57,-33,57,-31,52,-33,59,-33,61,-29,52,-21,52,-25,63,-23,59,-29,54,-25,54,-19,57,-27,52,-21,57,-23,57,-27,57,-23,54,-21,54,-16,61,-21,63,-12,57,-19,54,-19,54,-25,59,-21,59,-19,50,-25,59,-25,59,-25,54,-29,54,-29,48,-27,48,-29,50,-29,50,-25,50,-31,48,-29,44,-29,38,-33,42,-29,33,-33,33,-35,31,-31,31,-33,29,-35,25,-33,27,-27,19,-33,16,0,0,0,0,0,0,0,0,0,0]"""
1782173637704,2026-06-23T09:13:57.704,warning,breathing,lmh,lying_fast_breath,t001,"CSI_DATA,17870,1a:00:00:00:00:00,-62,11,-98,15,45,11,123541505,47,2,256,0,""[0,0,0,0,0,0,0,0,0,0,0,0,34,23,32,26,36,32,34,34,36,34,34,32,39,32,36,36,45,41,41,43,45,45,45,39,52,45,52,47,45,50,54,50,58,43,54,54,47,47,52,47,52,47,60,52,58,50,58,50,63,54,65,41,63,50,67,47,63,47,69,36,65,39,67,39,69,34,69,32,78,23,78,19,73,19,76,15,73,19,80,10,78,13,78,0,80,2,84,0,78,-2,78,-8,84,-6,78,-13,80,-10,87,-10,80,-13,84,-19,89,-17,87,-17,84,-21,87,-26,84,-26,0,0,0,0,0,0,-21,-80,-21,-82,-32,-71,-30,-76,-32,-73,-28,-69,-32,-69,-30,-71,-30,-67,-32,-58,-36,-56,-36,-54,-41,-56,-36,-54,-36,-54,-43,-47,-43,-50,-43,-50,-36,-47,-45,-43,-50,-34,-47,-41,-41,-34,-43,-36,-43,-36,-50,-36,-52,-32,-52,-28,-54,-34,-56,-21,-52,-30,-56,-30,-56,-32,-54,-26,-54,-23,-54,-32,-54,-30,-52,-28,-54,-26,-54,-26,-54,-21,-52,-26,-50,-30,-52,-28,-50,-30,-50,-21,-45,-23,-43,-26,-41,-19,-39,-26,-39,-23,-36,-21,-36,-21,-34,-26,-30,-26,-30,-19,-28,-28,0,0,0,0,0,0,0,0,0,0]"""
1782173637715,2026-06-23T09:13:57.715,warning,breathing,lmh,lying_fast_breath,t001,"CSI_DATA,17871,1a:00:00:00:00:00,-62,11,-98,16,45,11,123553966,47,2,256,0,""[0,0,0,0,0,0,0,0,0,0,0,0,19,35,16,38,19,40,16,48,16,44,12,46,14,48,14,48,19,54,16,57,14,59,16,57,23,65,16,65,10,67,14,67,19,73,10,71,12,73,8,69,6,71,16,76,10,73,14,76,14,82,19,71,8,73,14,78,14,76,21,80,19,69,23,78,25,76,23,73,29,78,29,71,27,65,31,67,35,67,44,67,38,71,44,63,40,67,46,69,40,63,46,61,44,65,50,61,54,65,54,69,54,67,54,63,50,71,48,67,61,71,63,71,61,67,0,0,0,0,0,0,73,-52,69,-50,63,-61,59,-50,59,-50,59,-44,57,-50,59,-52,57,-48,50,-42,48,-42,46,-44,44,-48,48,-48,44,-46,38,-46,42,-52,40,-50,42,-46,38,-48,31,-48,35,-46,31,-48,33,-50,38,-50,33,-50,31,-46,27,-52,35,-57,27,-54,31,-50,33,-52,31,-52,31,-57,29,-48,40,-59,31,-52,33,-50,35,-52,35,-42,31,-44,35,-46,38,-46,33,-46,35,-42,33,-38,38,-35,35,-38,35,-31,31,-31,35,-25,31,-25,33,-23,35,-21,33,-21,35,-19,33,-12,0,0,0,0,0,0,0,0,0,0]"""
1782173637728,2026-06-23T09:13:57.728,warning,breathing,lmh,lying_fast_breath,t001,"CSI_DATA,17872,1a:00:00:00:00:00,-62,11,-98,15,45,11,123565888,47,2,256,0,""[0,0,0,0,0,0,0,0,0,0,0,0,-19,-36,-17,-39,-13,-41,-17,-45,-13,-43,-10,-50,-10,-52,-6,-52,-10,-63,-2,-56,-2,-60,-2,-63,-4,-67,0,-71,8,-69,6,-69,4,-76,13,-73,15,-67,17,-73,19,-73,19,-78,19,-76,21,-73,26,-76,17,-73,30,-73,30,-76,26,-71,23,-73,26,-69,30,-76,28,-71,28,-69,26,-73,21,-78,23,-69,19,-76,26,-73,21,-76,26,-78,15,-78,21,-80,17,-80,26,-78,21,-76,23,-78,19,-76,21,-76,28,-80,26,-80,28,-82,36,-84,36,-78,32,-87,34,-82,34,-76,0,0,0,0,0,0,-76,-45,-71,-45,-73,-43,-67,-45,-65,-39,-63,-47,-56,-39,-60,-47,-56,-41,-54,-45,-54,-41,-50,-41,-58,-41,-52,-43,-50,-45,-52,-41,-52,-39,-50,-39,-43,-43,-47,-36,-50,-39,-43,-43,-45,-30,-43,-36,-43,-36,-45,-41,-45,-43,-45,-36,-41,-43,-50,-36,-43,-43,-45,-50,-39,-47,-43,-41,-41,-45,-36,-52,-34,-50,-30,-45,-30,-54,-32,-54,-28,-50,-28,-56,-19,-54,-19,-54,-13,-54,-17,-50,-13,-52,-8,-52,-4,-50,-4,-45,0,-47,-2,-41,2,-45,8,-39,4,-36,8,-39,17,-36,0,0,0,0,0,0,0,0,0,0]"""
1782173637740,2026-06-23T09:13:57.740,warning,breathing,lmh,lying_fast_breath,t001,"CSI_DATA,17873,1a:00:00:00:00:00,-60,11,-98,11,43,11,123574504,47,2,256,0,""[0,0,0,0,0,0,0,0,0,0,0,0,-36,-3,-39,-3,-46,-3,-49,-3,-46,-6,-49,-6,-52,0,-52,-3,-58,0,-61,3,-61,6,-58,12,-61,15,-64,12,-67,9,-70,15,-70,27,-70,15,-70,21,-64,21,-67,21,-70,30,-64,30,-67,39,-64,43,-58,49,-58,43,-61,49,-58,55,-52,58,-46,55,-55,67,-43,61,-39,67,-36,70,-24,76,-27,73,-21,82,-27,89,9,82,-6,89,15,67,-27,76,15,79,9,73,89,79,39,73,18,76,104,70,86,79,70,95,30,141,116,73,49,30,113,9,3,36,46,89,0,0,0,0,0,0,27,-43,49,-12,113,-92,-21,-70,12,-36,101,-61,3,-86,36,-116,43,-113,18,-89,-3,-46,-15,-24,6,-86,-6,-49,6,-89,-18,-58,-27,-64,-12,-67,-21,-58,-18,-58,-24,-55,-27,-55,-30,-46,-33,-49,-33,-52,-39,-49,-39,-43,-46,-43,-52,-49,-58,-36,-49,-33,-58,-39,-49,-33,-55,-30,-52,-24,-58,-30,-58,-30,-58,-21,-61,-21,-55,-24,-49,-12,-55,-12,-55,-15,-58,-15,-52,-12,-55,-6,-55,-6,-55,-9,-46,-9,-43,-3,-49,-6,-46,-3,-46,-3,-43,-3,-43,-3,-39,-3,-39,-6,0,0,0,0,0,0,0,0,0,0]"""
1782173637750,2026-06-23T09:13:57.750,warning,breathing,lmh,lying_fast_breath,t001,"CSI_DATA,17874,1a:00:00:00:00:00,-62,11,-98,15,45,11,123587239,47,2,256,0,""[0,0,0,0,0,0,0,0,0,0,0,0,43,2,41,0,43,2,45,8,47,10,47,8,50,8,50,10,60,10,58,13,60,13,58,10,67,10,69,10,65,19,71,17,73,10,73,19,63,17,71,21,73,21,73,21,78,15,73,15,80,19,76,6,76,15,78,15,76,15,78,8,76,8,78,6,80,6,73,6,80,0,80,-6,76,-8,78,-13,76,-10,78,-19,76,-15,76,-23,78,-21,78,-26,73,-21,71,-28,78,-26,71,-34,73,-32,80,-34,76,-36,78,-39,82,-36,82,-36,78,-41,78,-43,78,-41,0,0,0,0,0,0,-32,-78,-41,-78,-43,-67,-41,-71,-45,-69,-39,-65,-39,-63,-39,-65,-36,-60,-34,-58,-41,-56,-39,-54,-45,-54,-41,-54,-41,-47,-47,-43,-52,-47,-45,-43,-39,-45,-47,-36,-54,-36,-50,-45,-43,-32,-43,-34,-43,-39,-47,-36,-50,-34,-52,-30,-52,-34,-54,-23,-52,-28,-54,-30,-54,-32,-54,-30,-54,-26,-52,-34,-52,-34,-47,-34,-52,-34,-54,-34,-50,-28,-47,-30,-47,-36,-47,-32,-43,-36,-47,-30,-39,-32,-39,-32,-34,-32,-34,-32,-30,-30,-34,-30,-28,-32,-28,-36,-23,-34,-26,-28,-19,-32,0,0,0,0,0,0,0,0,0,0]"""
1782173637767,2026-06-23T09:13:57.767,warning,breathing,lmh,lying_fast_breath,t001,"CSI_DATA,17875,1a:00:00:00:00:00,-62,11,-98,16,45,11,123605023,47,2,256,0,""[0,0,0,0,0,0,0,0,0,0,0,0,-38,14,-38,12,-46,10,-48,10,-46,6,-46,6,-48,6,-50,2,-59,2,-57,0,-59,-2,-61,2,-67,-2,-65,-4,-67,-12,-67,-6,-71,-2,-76,-10,-67,-12,-69,-19,-69,-23,-76,-19,-71,-19,-73,-19,-78,-23,-73,-14,-73,-23,-78,-23,-71,-27,-76,-16,-69,-19,-78,-23,-76,-19,-73,-19,-76,-19,-78,-14,-67,-12,-71,-8,-76,-16,-80,-10,-78,-14,-76,-4,-78,-8,-82,-10,-71,-6,-76,-6,-80,-4,-76,-4,-80,-10,-84,-8,-86,-8,-86,-6,-88,-14,-82,-14,-88,-12,-90,-14,-86,-12,0,0,0,0,0,0,-29,82,-23,80,-21,76,-21,78,-19,76,-23,73,-23,71,-27,73,-23,69,-23,65,-19,61,-19,57,-14,69,-23,63,-21,59,-14,61,-16,65,-19,59,-23,59,-12,59,-6,59,-14,57,-12,57,-14,57,-19,57,-14,59,-12,57,-10,59,-21,61,-12,57,-19,54,-19,61,-21,57,-16,61,-16,54,-27,61,-27,57,-25,54,-29,54,-27,50,-25,48,-27,48,-35,48,-33,46,-35,42,-31,42,-35,38,-40,40,-40,29,-33,25,-33,29,-35,25,-38,25,-40,16,-35,16,-31,16,-31,6,0,0,0,0,0,0,0,0,0,0]"""
1782173637778,2026-06-23T09:13:57.778,warning,breathing,lmh,lying_fast_breath,t001,"CSI_DATA,17876,1a:00:00:00:00:00,-62,11,-98,17,45,11,123607822,47,2,256,0,""[0,0,0,0,0,0,0,0,0,0,0,0,-16,36,-20,36,-22,41,-24,41,-24,39,-24,41,-26,41,-26,43,-26,47,-28,49,-30,53,-28,55,-28,59,-30,59,-32,57,-30,61,-26,67,-30,61,-28,63,-26,69,-24,71,-26,71,-24,67,-20,73,-24,80,-14,71,-20,71,-14,73,-14,78,-6,78,-4,71,-2,82,2,78,4,75,8,82,16,75,18,69,24,78,22,73,30,71,28,73,41,65,36,67,43,69,41,63,47,61,49,63,51,59,55,61,59,67,61,63,59,55,61,59,61,61,73,55,73,53,78,49,0,0,0,0,0,0,49,-71,43,-75,36,-80,34,-69,32,-69,28,-65,28,-69,28,-78,24,-67,20,-65,16,-61,14,-59,10,-65,12,-65,10,-65,0,-61,-2,-67,-4,-63,-2,-59,-6,-59,-16,-57,-8,-59,-14,-57,-14,-59,-14,-61,-18,-59,-18,-57,-28,-59,-24,-63,-28,-51,-24,-53,-28,-53,-30,-55,-36,-51,-32,-47,-34,-57,-34,-57,-34,-49,-36,-53,-28,-49,-30,-45,-32,-47,-34,-51,-36,-45,-28,-47,-30,-41,-26,-43,-30,-45,-24,-41,-24,-36,-22,-39,-24,-34,-24,-36,-18,-36,-22,-34,-16,-30,-14,-34,0,0,0,0,0,0,0,0,0,0]"""
1782173637788,2026-06-23T09:13:57.788,warning,breathing,lmh,lying_fast_breath,t001,"CSI_DATA,17877,1a:00:00:00:00:00,-62,11,-98,16,45,11,123618504,47,2,256,0,""[0,0,0,0,0,0,0,0,0,0,0,0,-29,-29,-25,-31,-27,-33,-27,-38,-25,-40,-27,-40,-31,-35,-27,-42,-35,-46,-31,-48,-33,-50,-38,-46,-40,-50,-38,-54,-35,-59,-40,-52,-46,-52,-44,-61,-40,-57,-35,-57,-38,-65,-48,-59,-44,-59,-48,-61,-48,-65,-50,-52,-46,-59,-50,-57,-50,-59,-59,-48,-50,-48,-59,-52,-57,-46,-57,-46,-65,-44,-65,-38,-61,-35,-67,-33,-67,-35,-71,-29,-71,-31,-76,-19,-73,-21,-80,-23,-71,-19,-76,-12,-80,-12,-78,-8,-80,-10,-86,-14,-84,-14,-84,-6,-86,-8,-82,-8,-90,-6,-92,-2,-84,2,0,0,0,0,0,0,-6,88,-2,86,6,82,4,78,8,73,4,71,8,76,4,78,6,69,8,65,14,67,12,63,19,65,12,67,16,61,25,57,25,65,25,59,19,59,27,50,33,52,27,54,29,50,29,52,29,54,31,54,35,48,38,48,35,52,40,44,35,46,38,48,40,50,40,48,38,42,38,50,40,50,40,46,40,48,38,42,38,42,35,46,35,52,33,46,33,46,33,38,27,40,31,44,23,38,25,33,25,40,23,40,21,40,23,40,14,33,16,33,12,33,0,0,0,0,0,0,0,0,0,0]"""
1782173637800,2026-06-23T09:13:57.800,warning,breathing,lmh,lying_fast_breath,t001,"CSI_DATA,17878,1a:00:00:00:00:00,-62,11,-98,15,45,11,123629504,47,2,256,0,""[0,0,0,0,0,0,0,0,0,0,0,0,-4,-41,-4,-41,2,-45,2,-43,4,-47,8,-45,6,-50,13,-50,15,-54,17,-56,17,-58,19,-58,21,-60,26,-60,32,-58,36,-63,30,-67,39,-63,39,-56,36,-56,41,-56,45,-60,47,-58,45,-58,52,-60,43,-63,54,-56,52,-56,54,-54,50,-58,47,-54,52,-54,52,-58,52,-52,52,-58,54,-63,50,-56,52,-60,52,-56,50,-63,54,-58,47,-67,50,-58,50,-63,50,-56,50,-60,52,-63,50,-65,52,-58,56,-65,56,-63,56,-63,65,-58,67,-58,65,-63,63,-58,65,-58,0,0,0,0,0,0,-45,-71,-47,-73,-50,-65,-43,-67,-43,-67,-34,-65,-32,-63,-32,-69,-32,-60,-30,-63,-34,-60,-30,-56,-34,-58,-28,-58,-26,-60,-30,-56,-32,-58,-28,-58,-21,-54,-28,-56,-30,-54,-23,-58,-23,-50,-19,-52,-21,-54,-19,-56,-21,-58,-23,-54,-21,-58,-30,-54,-17,-58,-19,-60,-13,-63,-17,-58,-15,-58,-8,-63,-8,-60,-6,-58,-6,-58,-2,-63,0,-58,0,-60,8,-58,6,-58,13,-52,6,-54,13,-52,17,-52,15,-45,15,-45,19,-39,21,-36,21,-34,26,-32,23,-30,26,-28,32,-23,0,0,0,0,0,0,0,0,0,0]"""
1782173637809,2026-06-23T09:13:57.809,warning,breathing,lmh,lying_fast_breath,t001,"CSI_DATA,17879,1a:00:00:00:00:00,-62,11,-98,20,44,11,123640504,47,2,256,0,""[0,0,0,0,0,0,0,0,0,0,0,0,0,40,-6,42,-6,42,-10,48,-10,46,-10,46,-8,46,-19,46,-14,57,-16,57,-19,59,-14,59,-16,61,-19,65,-25,61,-27,63,-23,69,-27,69,-29,63,-29,65,-33,59,-35,69,-31,63,-29,71,-33,69,-29,69,-35,73,-35,69,-33,67,-27,71,-29,65,-27,73,-27,71,-27,67,-21,76,-21,71,-21,71,-14,73,-16,73,-10,78,-16,76,-4,78,-10,76,-6,82,-8,69,-6,76,-8,80,-4,84,-4,78,-6,84,-2,86,-2,82,-10,92,-14,86,-2,90,0,86,4,92,0,0,0,0,0,0,86,10,82,10,80,-2,73,6,82,6,76,8,80,4,80,8,73,2,67,10,71,4,63,8,67,-2,67,0,67,0,61,-6,67,-2,65,-6,65,4,59,-2,63,-10,63,-2,54,-8,61,-4,59,-4,69,-8,59,-10,59,-12,59,-12,57,-16,63,-8,63,-6,63,-10,61,-10,57,-6,61,-6,65,-4,59,-6,63,-4,59,2,57,-4,61,2,61,0,57,-2,54,10,54,0,54,10,59,6,46,6,46,12,46,12,40,12,40,12,44,19,38,14,29,16,33,21,0,0,0,0,0,0,0,0,0,0]"""
1782173637821,2026-06-23T09:13:57.821,warning,breathing,lmh,lying_fast_breath,t001,"CSI_DATA,17880,1a:00:00:00:00:00,-62,11,-98,17,45,11,123651504,47,2,256,0,""[0,0,0,0,0,0,0,0,0,0,0,0,10,-39,12,-36,12,-43,16,-45,14,-45,20,-43,16,-45,18,-47,20,-51,20,-53,20,-55,18,-55,18,-61,20,-61,24,-59,26,-59,20,-67,24,-69,24,-65,26,-71,28,-73,22,-71,22,-71,18,-75,18,-80,12,-71,18,-69,16,-73,16,-75,6,-73,6,-69,10,-82,6,-75,-2,-73,-6,-80,-4,-75,-10,-69,-14,-75,-16,-75,-22,-73,-22,-73,-26,-71,-28,-73,-36,-78,-28,-69,-32,-69,-30,-67,-41,-63,-43,-69,-41,-73,-49,-71,-47,-67,-43,-73,-47,-71,-57,-75,-59,-65,-59,-69,0,0,0,0,0,0,-69,55,-63,55,-59,59,-59,49,-55,53,-55,51,-49,57,-55,59,-47,53,-43,51,-39,47,-39,51,-39,55,-36,57,-34,55,-26,53,-24,61,-24,59,-28,55,-22,55,-16,59,-24,57,-14,57,-18,57,-14,57,-12,59,-16,57,-4,61,-8,65,-4,59,-6,57,-8,59,-6,61,-6,63,-6,55,-6,67,-4,61,-4,59,-2,63,-8,57,-4,55,-6,57,-8,59,-2,57,-4,57,-6,53,-10,51,-2,55,-10,45,-8,45,-12,45,-6,43,-8,43,-12,45,-8,39,-10,34,-16,32,0,0,0,0,0,0,0,0,0,0]"""
1782173637830,2026-06-23T09:13:57.830,warning,breathing,lmh,lying_fast_breath,t001,"CSI_DATA,17881,1a:00:00:00:00:00,-62,11,-98,18,45,11,123662504,47,2,256,0,""[0,0,0,0,0,0,0,0,0,0,0,0,29,-27,31,-23,35,-25,37,-23,41,-21,39,-17,45,-21,49,-19,53,-23,55,-21,53,-17,53,-19,61,-21,63,-19,65,-7,69,-13,65,-15,71,-11,65,-7,73,0,77,3,77,-1,77,-1,75,-1,81,1,75,-3,73,3,73,1,77,9,77,1,73,5,75,5,75,5,73,7,77,1,75,1,73,1,71,-3,77,3,79,-3,77,1,75,-3,77,0,85,-5,71,0,75,-3,75,-1,77,-5,81,1,87,1,81,3,85,-1,85,5,85,5,91,5,85,3,85,5,0,0,0,0,0,0,23,-81,21,-87,15,-79,19,-75,19,-81,19,-67,21,-73,23,-73,23,-67,19,-59,17,-63,19,-61,17,-63,23,-63,17,-61,13,-59,19,-65,19,-61,25,-53,15,-55,15,-57,21,-57,15,-51,23,-55,25,-55,23,-55,19,-55,15,-55,23,-57,17,-61,23,-53,25,-53,31,-57,27,-55,23,-53,35,-49,33,-49,33,-47,39,-49,35,-45,35,-43,37,-41,43,-43,43,-39,43,-33,41,-33,39,-31,43,-29,39,-19,39,-23,37,-19,39,-19,41,-11,41,-7,39,-3,35,-7,37,0,0,0,0,0,0,0,0,0,0,0]"""
1782173637841,2026-06-23T09:13:57.841,warning,breathing,lmh,lying_fast_breath,t001,"CSI_DATA,17882,1a:00:00:00:00:00,-62,11,-98,15,45,11,123673504,47,2,256,0,""[0,0,0,0,0,0,0,0,0,0,0,0,-30,26,-32,23,-34,23,-41,21,-41,23,-43,21,-43,23,-47,23,-50,26,-52,21,-58,28,-54,28,-58,28,-58,26,-60,19,-65,26,-67,30,-69,21,-69,19,-63,19,-65,15,-73,23,-73,19,-73,23,-76,21,-69,30,-71,21,-73,26,-71,21,-69,30,-67,26,-73,28,-71,30,-67,28,-69,34,-67,36,-63,34,-65,43,-67,39,-60,45,-60,41,-60,54,-60,47,-60,52,-60,47,-60,54,-63,52,-56,56,-56,52,-63,56,-63,60,-56,63,-65,60,-67,58,-63,63,-58,60,-60,63,0,0,0,0,0,0,54,60,54,65,60,58,54,60,56,54,50,54,50,52,52,56,50,52,50,54,50,50,47,47,52,47,50,43,50,41,52,39,54,39,50,36,45,41,52,36,58,30,52,36,50,30,52,32,50,36,47,34,52,32,56,26,54,34,56,26,54,28,54,32,52,32,52,30,54,30,52,36,52,36,47,34,47,39,50,39,47,32,50,34,45,39,41,34,39,36,43,36,36,39,36,36,32,39,30,36,28,36,28,36,23,34,17,39,19,34,17,34,13,39,0,0,0,0,0,0,0,0,0,0]"""
1782173637852,2026-06-23T09:13:57.852,warning,breathing,lmh,lying_fast_breath,t001,"CSI_DATA,17883,1a:00:00:00:00:00,-62,11,-98,15,45,11,123684504,47,2,256,0,""[0,0,0,0,0,0,0,0,0,0,0,0,36,-17,36,-15,39,-17,43,-15,43,-17,45,-15,47,-15,50,-15,54,-21,54,-19,56,-21,56,-23,60,-28,63,-23,63,-21,65,-21,65,-30,69,-26,60,-26,60,-26,67,-23,67,-32,67,-30,65,-39,71,-39,63,-43,69,-34,69,-41,65,-41,58,-47,58,-43,60,-52,56,-50,54,-52,52,-58,52,-56,43,-56,43,-60,43,-63,34,-71,34,-69,30,-71,32,-71,23,-76,28,-69,23,-73,26,-76,15,-73,15,-80,17,-87,8,-80,15,-82,19,-87,15,-82,4,-91,2,-89,4,-84,0,0,0,0,0,0,-89,-4,-87,-2,-82,8,-78,-2,-80,4,-73,2,-73,13,-73,10,-69,13,-69,8,-63,15,-63,13,-67,19,-63,23,-60,19,-56,23,-60,32,-56,30,-52,28,-52,30,-50,36,-54,30,-45,32,-45,36,-47,32,-45,39,-47,36,-41,45,-45,43,-41,47,-45,43,-43,43,-41,45,-36,47,-43,45,-43,47,-41,45,-39,45,-39,47,-41,41,-39,43,-43,43,-41,43,-36,43,-36,41,-39,39,-34,34,-34,41,-36,32,-34,32,-39,32,-30,28,-32,30,-30,28,-32,21,-32,23,-36,21,0,0,0,0,0,0,0,0,0,0]"""
1782173637862,2026-06-23T09:13:57.862,warning,breathing,lmh,lying_fast_breath,t001,"CSI_DATA,17884,1a:00:00:00:00:00,-62,11,-98,15,45,11,123696128,47,2,256,0,""[0,0,0,0,0,0,0,0,0,0,0,0,26,30,21,30,23,34,23,36,23,39,23,43,19,45,23,47,23,52,26,52,21,58,26,54,26,58,26,60,17,65,15,67,21,65,15,71,19,65,13,67,8,69,19,73,15,76,17,76,15,80,17,73,10,76,13,78,15,71,17,76,10,69,19,78,17,73,19,71,23,73,21,71,21,67,26,71,26,71,32,71,28,73,32,69,28,73,39,73,28,69,36,69,32,69,39,69,36,73,41,78,39,76,41,73,32,78,32,78,41,80,41,78,41,82,0,0,0,0,0,0,84,-28,80,-30,73,-36,76,-23,73,-26,71,-17,69,-28,76,-26,67,-23,65,-19,63,-23,63,-19,63,-26,60,-28,60,-21,56,-26,60,-32,56,-28,56,-23,56,-26,50,-30,58,-21,50,-30,52,-26,56,-26,52,-28,56,-28,52,-32,54,-32,54,-30,56,-23,56,-26,56,-26,54,-30,56,-21,60,-26,54,-21,58,-21,60,-23,54,-15,56,-15,60,-13,60,-15,58,-13,52,-6,52,-6,52,-4,54,-4,47,2,50,0,45,4,43,4,41,4,39,8,36,10,32,13,36,17,0,0,0,0,0,0,0,0,0,0]"""
1782173637871,2026-06-23T09:13:57.871,warning,breathing,lmh,lying_fast_breath,t001,"CSI_DATA,17885,1a:00:00:00:00:00,-62,11,-98,15,45,11,123709095,47,2,256,0,""[0,0,0,0,0,0,0,0,0,0,0,0,19,34,10,34,15,41,13,43,10,45,8,45,6,47,4,50,8,60,4,58,2,60,0,63,0,63,0,65,-8,65,-4,69,0,73,-13,76,-10,65,-17,67,-23,69,-15,73,-19,78,-17,73,-19,80,-13,76,-21,76,-19,76,-21,76,-17,73,-17,71,-15,76,-17,71,-19,73,-17,78,-15,78,-17,73,-13,73,-15,73,-8,76,-15,76,-6,82,-8,78,-6,82,-10,73,-13,78,-15,80,-10,76,-8,80,-17,87,-10,82,-10,87,-19,87,-23,84,-15,87,-17,84,-15,82,0,0,0,0,0,0,80,30,80,30,76,21,73,30,76,28,67,26,69,23,69,23,65,23,58,30,60,26,60,30,67,26,58,26,60,30,58,23,63,21,56,19,54,26,60,21,60,17,58,26,50,17,50,21,52,30,56,21,56,26,56,17,58,23,63,19,56,26,56,30,54,30,54,23,54,28,52,32,50,32,50,34,47,39,47,36,47,34,45,39,41,39,41,39,32,43,36,41,28,43,34,41,26,43,23,39,21,43,26,39,17,41,13,41,8,36,8,39,4,39,0,0,0,0,0,0,0,0,0,0]"""
1782173637882,2026-06-23T09:13:57.882,warning,breathing,lmh,lying_fast_breath,t001,"CSI_DATA,17886,1a:00:00:00:00:00,-62,11,-98,16,45,11,123717504,47,2,256,0,""[0,0,0,0,0,0,0,0,0,0,0,0,38,0,42,2,44,2,48,4,44,4,46,6,52,2,50,6,57,0,54,6,61,4,61,-2,65,0,67,2,63,6,69,2,71,-4,71,2,69,0,67,2,67,2,76,-4,73,-2,71,-8,76,-6,73,-14,76,-8,78,-12,73,-12,71,-21,69,-19,76,-25,71,-27,67,-27,69,-33,67,-35,59,-35,63,-44,61,-42,54,-50,59,-46,52,-57,52,-57,52,-61,50,-59,44,-61,46,-65,42,-65,38,-67,44,-73,35,-73,38,-76,44,-78,42,-76,35,-80,29,-80,29,-84,0,0,0,0,0,0,-76,-27,-80,-27,-80,-14,-76,-23,-78,-19,-69,-16,-69,-12,-73,-16,-67,-10,-67,-8,-67,-6,-65,-4,-69,4,-65,4,-69,0,-63,8,-65,10,-61,10,-59,8,-59,16,-61,23,-61,14,-54,23,-52,21,-54,21,-52,23,-54,25,-50,31,-52,27,-50,35,-50,31,-54,31,-50,33,-46,35,-46,33,-54,33,-50,35,-48,33,-48,35,-52,31,-44,33,-48,35,-46,33,-42,31,-42,29,-44,35,-44,29,-42,31,-44,23,-38,23,-38,25,-35,25,-35,19,-38,21,-33,19,-33,16,-38,16,0,0,0,0,0,0,0,0,0,0]"""
1782173637892,2026-06-23T09:13:57.892,warning,breathing,lmh,lying_fast_breath,t001,"CSI_DATA,17887,1a:00:00:00:00:00,-62,11,-98,19,45,11,123728503,47,2,256,0,""[0,0,0,0,0,0,0,0,0,0,0,0,36,13,36,19,38,21,42,23,38,25,36,29,38,32,38,34,46,38,40,38,40,42,44,40,46,44,46,48,40,54,42,54,48,54,38,62,40,56,32,63,32,63,40,62,34,63,40,65,44,69,40,62,34,69,34,67,38,65,42,67,31,63,42,71,38,63,38,65,42,69,42,65,38,58,42,62,44,63,52,60,46,63,50,58,46,63,54,63,44,63,48,62,48,63,48,58,50,65,52,69,56,67,52,67,46,77,42,71,56,71,52,75,54,71,0,0,0,0,0,0,79,-40,73,-36,69,-44,71,-31,69,-34,69,-29,67,-36,69,-34,63,-29,62,-25,60,-27,54,-23,63,-29,58,-31,58,-27,54,-29,60,-32,56,-29,52,-27,54,-23,54,-31,56,-25,52,-29,52,-27,54,-23,58,-29,54,-21,50,-32,58,-27,50,-31,54,-21,58,-21,56,-27,56,-27,56,-21,63,-19,62,-19,58,-19,62,-15,56,-7,56,-9,56,-9,58,-3,58,-7,56,0,52,0,50,3,54,0,46,7,44,5,44,13,40,9,40,11,38,17,36,15,32,21,31,21,0,0,0,0,0,0,0,0,0,0]"""
1782173637903,2026-06-23T09:13:57.903,warning,breathing,lmh,lying_fast_breath,t001,"CSI_DATA,17888,1a:00:00:00:00:00,-62,11,-98,18,45,11,123740937,47,2,256,0,""[0,0,0,0,0,0,0,0,0,0,0,0,-5,-39,-7,-41,-3,-39,-3,-47,-1,-43,-1,-47,0,-47,3,-49,0,-57,0,-57,3,-59,3,-59,0,-63,3,-65,13,-65,7,-69,3,-73,11,-71,11,-65,9,-65,15,-63,9,-77,17,-71,7,-73,13,-79,9,-73,15,-73,15,-79,11,-73,1,-77,9,-75,5,-79,5,-73,3,-71,3,-77,3,-75,-1,-71,-5,-75,-7,-73,-11,-75,-9,-75,-13,-75,-11,-77,-19,-79,-11,-77,-13,-71,-13,-77,-17,-75,-19,-75,-19,-83,-23,-81,-23,-81,-13,-87,-11,-85,-23,-85,-23,-85,-23,-81,0,0,0,0,0,0,-83,13,-83,9,-77,23,-75,13,-75,19,-75,9,-69,17,-73,15,-69,15,-65,9,-61,17,-55,11,-67,19,-61,17,-61,15,-57,17,-61,25,-59,19,-61,19,-55,21,-57,25,-57,21,-47,25,-53,21,-57,25,-51,25,-55,21,-47,31,-53,27,-51,29,-57,21,-57,25,-53,27,-51,29,-53,25,-55,25,-51,23,-53,21,-53,19,-57,15,-51,17,-53,15,-55,15,-53,15,-53,11,-51,13,-49,5,-49,9,-47,0,-41,1,-45,-1,-43,0,-41,1,-39,-1,-35,-1,-35,-5,-37,-11,0,0,0,0,0,0,0,0,0,0]"""
1782173637913,2026-06-23T09:13:57.913,warning,breathing,lmh,lying_fast_breath,t001,"CSI_DATA,17889,1a:00:00:00:00:00,-62,11,-98,16,45,11,123750503,47,2,256,0,""[0,0,0,0,0,0,0,0,0,0,0,0,38,19,38,16,35,21,42,23,42,23,44,23,44,25,44,25,50,25,48,27,54,25,54,27,57,27,59,29,54,31,63,31,67,23,65,29,61,25,67,31,71,31,67,23,71,27,69,21,73,25,73,14,73,21,78,16,73,19,76,6,71,8,80,6,76,0,71,-2,80,-6,76,-12,69,-10,73,-19,76,-19,69,-27,71,-29,69,-35,73,-33,69,-42,67,-40,63,-42,69,-46,59,-50,61,-48,65,-50,59,-57,63,-57,65,-61,63,-59,57,-67,57,-63,52,-63,0,0,0,0,0,0,-61,-52,-65,-50,-67,-40,-67,-40,-69,-38,-61,-38,-63,-27,-67,-33,-61,-29,-59,-31,-63,-21,-61,-21,-67,-16,-61,-16,-65,-19,-61,-8,-65,-10,-61,-4,-59,-6,-61,-2,-61,8,-63,-2,-57,4,-54,6,-59,4,-57,10,-57,12,-54,12,-59,12,-52,21,-57,19,-59,21,-57,19,-54,25,-52,23,-59,19,-54,23,-52,21,-54,25,-54,23,-50,23,-52,23,-52,23,-50,21,-50,19,-46,25,-50,21,-46,19,-44,14,-40,19,-40,19,-35,16,-38,12,-44,12,-35,10,-38,10,-38,4,0,0,0,0,0,0,0,0,0,0]"""
1782173637924,2026-06-23T09:13:57.924,warning,breathing,lmh,lying_fast_breath,t001,"CSI_DATA,17890,1a:00:00:00:00:00,-62,11,-98,15,45,11,123764396,47,2,256,0,""[0,0,0,0,0,0,0,0,0,0,0,0,36,19,32,23,34,23,36,30,34,28,32,39,30,39,30,41,34,43,32,47,36,50,32,50,36,54,34,56,26,60,28,60,32,67,23,69,19,67,17,65,10,67,19,73,13,71,15,73,15,80,17,73,8,76,8,76,4,73,13,76,2,71,6,80,6,73,6,73,6,78,6,78,6,67,10,76,8,78,13,76,6,78,13,76,6,78,10,78,6,78,10,78,2,80,6,80,6,80,4,84,10,84,4,87,-6,93,-8,84,-2,91,-2,91,-8,87,0,0,0,0,0,0,80,19,80,19,80,15,78,26,76,19,73,26,67,19,71,26,67,23,65,30,65,28,54,26,65,26,56,23,60,30,58,26,60,21,56,23,54,26,54,23,60,21,56,30,54,23,52,26,52,30,52,30,52,28,54,23,52,32,56,28,47,32,56,36,45,36,50,34,47,39,47,45,45,43,41,39,39,45,36,50,32,43,32,50,30,50,28,47,23,50,26,50,15,52,19,45,10,50,13,43,6,43,2,45,6,39,0,45,-4,41,-6,39,-10,39,0,0,0,0,0,0,0,0,0,0]"""
1782173637935,2026-06-23T09:13:57.935,warning,breathing,lmh,lying_fast_breath,t001,"CSI_DATA,17891,1a:00:00:00:00:00,-62,11,-98,17,45,11,123772503,47,2,256,0,""[0,0,0,0,0,0,0,0,0,0,0,0,-26,-26,-28,-28,-30,-34,-28,-36,-28,-36,-28,-39,-30,-41,-30,-43,-32,-45,-32,-49,-32,-49,-34,-47,-39,-51,-36,-55,-32,-59,-32,-53,-43,-57,-36,-61,-36,-59,-34,-57,-32,-59,-43,-63,-34,-61,-43,-65,-43,-69,-47,-57,-39,-63,-41,-67,-43,-61,-53,-59,-43,-55,-53,-63,-51,-61,-49,-53,-55,-53,-57,-49,-53,-45,-59,-41,-61,-47,-65,-41,-65,-43,-69,-34,-69,-34,-73,-34,-65,-34,-69,-30,-71,-30,-67,-28,-73,-28,-80,-34,-80,-30,-80,-24,-80,-30,-75,-32,-86,-24,-86,-26,-84,-22,0,0,0,0,0,0,-32,78,-26,82,-18,84,-20,71,-16,69,-16,69,-16,73,-16,80,-12,69,-14,65,-10,65,-10,61,-6,65,-8,65,-6,63,-2,61,0,67,2,59,-2,63,2,59,8,57,2,57,6,59,4,59,6,59,6,59,8,55,14,57,8,61,14,57,10,57,12,61,10,61,16,59,12,53,12,63,10,61,14,57,10,61,8,53,10,51,8,55,6,61,10,55,4,55,6,49,6,47,6,49,-4,45,0,47,-4,41,0,39,-6,41,-2,41,-10,39,-6,36,-12,36,0,0,0,0,0,0,0,0,0,0]"""
1782173637947,2026-06-23T09:13:57.947,warning,breathing,lmh,lying_fast_breath,t001,"CSI_DATA,17892,1a:00:00:00:00:00,-62,11,-98,15,45,11,123783503,47,2,256,0,""[0,0,0,0,0,0,0,0,0,0,0,0,34,-19,34,-17,39,-17,43,-17,45,-15,41,-15,47,-17,52,-17,54,-17,56,-15,58,-23,56,-19,67,-23,65,-17,63,-10,69,-17,67,-21,76,-17,65,-10,67,-6,69,-4,76,-13,76,-13,73,-15,82,-15,71,-21,73,-13,78,-13,76,-8,71,-19,69,-19,76,-17,73,-19,71,-17,73,-28,71,-32,67,-26,67,-36,71,-30,67,-36,69,-30,67,-41,69,-39,67,-41,65,-39,60,-45,65,-41,63,-50,63,-43,71,-50,65,-47,65,-50,73,-45,71,-47,71,-54,69,-52,69,-47,0,0,0,0,0,0,-47,-73,-45,-71,-52,-60,-47,-65,-50,-65,-39,-63,-43,-60,-41,-58,-39,-54,-36,-56,-39,-50,-39,-52,-43,-52,-39,-50,-43,-47,-43,-41,-45,-45,-41,-43,-36,-43,-43,-41,-50,-39,-43,-41,-41,-36,-39,-36,-43,-36,-41,-39,-45,-39,-50,-32,-43,-41,-50,-32,-47,-34,-47,-36,-41,-41,-47,-39,-43,-34,-43,-45,-43,-43,-39,-39,-43,-43,-41,-43,-39,-39,-41,-41,-34,-43,-34,-41,-28,-43,-32,-41,-30,-39,-26,-41,-21,-36,-19,-36,-19,-39,-19,-34,-15,-36,-13,-36,-10,-36,-13,-36,-10,-36,0,0,0,0,0,0,0,0,0,0]"""
1782173637957,2026-06-23T09:13:57.957,warning,breathing,lmh,lying_fast_breath,t001,"CSI_DATA,17893,1a:00:00:00:00:00,-62,11,-98,16,45,11,123795562,47,2,256,0,""[0,0,0,0,0,0,0,0,0,0,0,0,-40,4,-40,0,-46,0,-46,-2,-46,-2,-46,-2,-50,-2,-48,-4,-59,-4,-54,-8,-59,-6,-57,-2,-65,-4,-65,-8,-69,-14,-67,-10,-71,-4,-69,-12,-69,-12,-67,-8,-65,-12,-73,-14,-71,-10,-76,-10,-80,-14,-76,-2,-71,-10,-78,-8,-71,-6,-76,-2,-73,-6,-80,-2,-76,0,-73,4,-76,8,-78,10,-69,10,-76,16,-71,12,-73,21,-76,19,-71,29,-73,25,-71,29,-71,29,-67,33,-73,33,-67,38,-71,33,-73,35,-73,35,-76,42,-82,40,-78,35,-76,44,-78,48,-71,42,0,0,0,0,0,0,38,76,38,73,44,67,44,67,46,63,38,67,35,61,38,65,35,59,40,57,40,50,38,48,46,50,38,52,40,48,46,44,48,46,42,46,40,46,44,38,50,38,44,40,44,35,44,40,44,38,46,35,44,33,48,31,48,35,52,25,48,29,52,35,48,35,50,35,46,29,50,40,46,35,46,33,48,38,46,35,44,31,46,35,40,38,42,38,40,38,40,31,38,33,38,35,35,33,29,33,33,33,25,31,21,33,19,33,19,33,21,31,19,31,0,0,0,0,0,0,0,0,0,0]"""
1782173637970,2026-06-23T09:13:57.970,warning,breathing,lmh,lying_fast_breath,t001,"CSI_DATA,17894,1a:00:00:00:00:00,-62,11,-98,16,45,11,123807751,47,2,256,0,""[0,0,0,0,0,0,0,0,0,0,0,0,40,6,40,8,42,10,46,12,44,14,44,14,48,16,50,16,54,16,54,19,54,19,61,21,61,21,63,21,59,25,63,21,73,16,71,21,63,16,67,25,69,27,71,19,73,19,71,16,78,23,73,12,73,19,80,12,73,12,73,4,71,8,78,6,71,2,73,2,78,-4,78,-12,71,-6,73,-14,76,-12,73,-21,76,-21,69,-33,76,-27,76,-31,69,-31,67,-35,71,-35,67,-42,67,-42,73,-42,69,-42,71,-48,71,-48,71,-44,69,-48,67,-54,65,-50,0,0,0,0,0,0,-50,-69,-50,-65,-50,-54,-50,-57,-54,-59,-52,-52,-52,-48,-54,-52,-50,-46,-46,-50,-50,-40,-48,-38,-61,-38,-52,-40,-52,-40,-52,-29,-59,-33,-54,-29,-50,-29,-54,-23,-63,-19,-54,-25,-50,-19,-52,-16,-52,-21,-57,-19,-57,-14,-54,-8,-57,-16,-59,-6,-57,-12,-61,-10,-59,-12,-59,-8,-57,-6,-59,-14,-57,-10,-54,-8,-59,-8,-59,-8,-57,-8,-57,-8,-57,-14,-54,-10,-50,-12,-50,-6,-48,-12,-50,-10,-46,-12,-42,-10,-44,-12,-40,-12,-40,-14,-40,-16,-31,-19,-33,-16,-31,-21,0,0,0,0,0,0,0,0,0,0]"""
1782173637981,2026-06-23T09:13:57.981,warning,breathing,lmh,lying_fast_breath,t001,"CSI_DATA,17895,1a:00:00:00:00:00,-62,11,-98,17,45,11,123816503,47,2,256,0,""[0,0,0,0,0,0,0,0,0,0,0,0,36,-14,41,-12,43,-8,47,-4,45,-8,49,-4,49,-6,49,-4,53,-8,55,-2,61,-6,59,-6,63,-6,67,-2,67,4,67,2,71,-8,69,0,71,4,69,4,65,10,75,2,73,2,75,0,80,4,78,-8,73,0,80,-2,75,0,75,-4,71,-6,82,-6,78,-6,73,-6,78,-14,75,-18,69,-14,73,-22,71,-18,71,-24,75,-22,67,-32,71,-32,71,-32,69,-34,69,-36,73,-34,67,-39,67,-34,73,-36,78,-43,69,-43,75,-41,73,-39,78,-47,78,-41,75,-43,0,0,0,0,0,0,-32,-78,-34,-73,-43,-71,-39,-69,-39,-63,-34,-65,-36,-59,-36,-69,-36,-59,-36,-55,-41,-55,-36,-51,-43,-51,-34,-53,-39,-51,-39,-47,-41,-51,-39,-43,-34,-49,-41,-41,-51,-39,-41,-43,-41,-39,-39,-43,-36,-43,-41,-41,-43,-41,-47,-39,-45,-39,-45,-32,-43,-36,-47,-39,-41,-41,-47,-39,-43,-36,-43,-47,-43,-43,-39,-41,-41,-43,-39,-41,-39,-36,-41,-39,-36,-45,-34,-43,-28,-43,-36,-36,-26,-41,-28,-43,-26,-39,-24,-39,-20,-39,-20,-39,-12,-39,-16,-36,-10,-36,-12,-39,-6,-36,0,0,0,0,0,0,0,0,0,0]"""
1782173637990,2026-06-23T09:13:57.990,warning,breathing,lmh,lying_fast_breath,t001,"CSI_DATA,17896,1a:00:00:00:00:00,-62,11,-98,19,45,11,123828264,47,2,256,0,""[0,0,0,0,0,0,0,0,0,0,0,0,40,0,38,5,44,7,50,11,48,13,44,17,46,19,44,25,56,23,50,27,52,29,54,31,56,31,54,36,54,44,56,42,60,42,52,50,52,46,44,52,42,60,50,56,44,62,50,56,54,63,48,56,44,62,46,65,46,60,48,62,42,60,48,65,42,62,42,62,44,65,42,62,40,60,48,58,46,58,50,58,48,62,48,56,48,60,60,62,40,63,44,60,46,67,46,63,48,67,48,73,52,65,48,65,42,75,36,75,50,77,44,81,42,73,0,0,0,0,0,0,83,-27,79,-27,75,-36,71,-21,69,-23,69,-15,69,-23,73,-21,65,-19,67,-11,63,-11,58,-11,65,-15,65,-13,62,-9,56,-11,62,-19,62,-15,60,-9,58,-11,60,-15,58,-9,54,-13,56,-9,58,-3,60,-5,56,-3,58,-13,63,-7,58,-9,56,-3,62,0,58,0,60,-5,56,3,63,5,60,3,58,9,58,11,56,17,52,13,54,17,54,19,52,19,52,23,46,21,44,23,44,21,34,29,32,27,32,31,27,29,27,31,27,29,25,32,23,31,11,31,0,0,0,0,0,0,0,0,0,0]"""
1782173638002,2026-06-23T09:13:58.002,warning,breathing,lmh,lying_fast_breath,t001,"CSI_DATA,17897,1a:00:00:00:00:00,-62,11,-98,18,45,11,123838503,47,2,256,0,""[0,0,0,0,0,0,0,0,0,0,0,0,-39,0,-37,-5,-43,-5,-45,-7,-47,-9,-43,-11,-47,-13,-45,-17,-53,-21,-51,-25,-53,-25,-53,-21,-59,-27,-59,-27,-55,-37,-55,-35,-63,-35,-59,-41,-57,-39,-61,-45,-57,-47,-61,-47,-57,-47,-61,-49,-57,-51,-55,-43,-51,-51,-57,-53,-57,-51,-59,-47,-51,-45,-59,-53,-57,-47,-55,-49,-61,-49,-59,-43,-55,-45,-59,-41,-61,-47,-69,-39,-63,-45,-65,-37,-65,-41,-69,-43,-63,-39,-63,-39,-65,-41,-65,-35,-67,-39,-71,-47,-71,-45,-69,-41,-69,-51,-63,-49,-75,-51,-73,-51,-67,-53,0,0,0,0,0,0,-61,63,-59,61,-51,63,-51,51,-53,55,-51,49,-49,51,-53,55,-49,47,-49,43,-45,47,-43,39,-45,47,-47,43,-47,41,-39,41,-45,49,-43,45,-43,41,-37,43,-35,47,-41,39,-37,41,-41,43,-43,39,-39,39,-39,39,-39,45,-45,43,-35,41,-43,37,-43,37,-45,39,-45,43,-41,31,-51,35,-47,35,-47,33,-51,33,-47,27,-45,23,-49,27,-51,25,-47,23,-51,17,-43,17,-47,11,-49,13,-43,5,-39,9,-43,1,-39,3,-45,1,-43,-1,-39,-5,-29,-5,-35,-9,0,0,0,0,0,0,0,0,0,0]"""
1782173638013,2026-06-23T09:13:58.013,warning,breathing,lmh,lying_fast_breath,t001,"CSI_DATA,17898,1a:00:00:00:00:00,-62,11,-98,17,45,11,123849503,47,2,256,0,""[0,0,0,0,0,0,0,0,0,0,0,0,2,-41,6,-41,10,-43,14,-45,16,-47,18,-47,18,-47,18,-47,26,-51,28,-49,28,-53,26,-51,28,-55,36,-53,45,-49,43,-53,41,-53,51,-55,45,-51,57,-45,57,-45,57,-45,57,-51,57,-49,61,-49,55,-49,61,-43,63,-47,63,-36,61,-45,57,-41,65,-41,65,-41,59,-39,63,-43,61,-47,57,-43,59,-51,57,-43,61,-49,61,-43,57,-49,63,-45,65,-49,61,-43,63,-45,65,-49,59,-47,63,-43,69,-49,65,-49,63,-49,73,-45,73,-41,75,-43,73,-39,80,-39,0,0,0,0,0,0,-24,-78,-24,-80,-28,-71,-22,-73,-26,-71,-14,-65,-20,-67,-12,-71,-16,-67,-14,-65,-16,-65,-12,-59,-16,-63,-14,-61,-14,-63,-16,-59,-16,-63,-12,-57,-8,-57,-12,-57,-18,-61,-12,-59,-10,-55,-4,-55,-6,-57,-4,-57,-8,-57,-8,-59,-6,-61,-12,-57,-6,-55,-4,-59,4,-59,0,-57,0,-55,10,-59,10,-61,12,-57,12,-55,14,-55,10,-53,14,-53,20,-51,22,-53,22,-49,22,-47,24,-43,26,-45,26,-39,24,-32,26,-30,28,-30,30,-28,34,-26,32,-24,30,-18,32,-14,0,0,0,0,0,0,0,0,0,0]"""
1782173638023,2026-06-23T09:13:58.023,warning,breathing,lmh,lying_fast_breath,t001,"CSI_DATA,17899,1a:00:00:00:00:00,-62,11,-98,21,44,11,123860503,47,2,256,0,""[0,0,0,0,0,0,0,0,0,0,0,0,-39,4,-39,6,-45,2,-45,0,-47,6,-49,0,-51,2,-51,2,-59,2,-57,2,-61,4,-55,6,-63,10,-61,10,-69,4,-67,6,-67,14,-69,10,-65,16,-78,10,-75,12,-71,14,-73,16,-71,20,-78,24,-71,26,-69,18,-71,28,-71,30,-67,36,-63,30,-73,41,-61,43,-59,43,-59,51,-53,51,-45,47,-51,57,-51,57,-39,57,-49,61,-36,67,-39,63,-36,73,-32,69,-30,67,-28,73,-26,75,-22,80,-24,84,-16,84,-12,80,-18,88,-22,86,-10,86,-8,90,-6,82,0,0,0,0,0,0,84,10,84,2,80,-2,75,4,71,-2,78,-4,71,-10,78,-8,73,-12,69,-8,67,-16,59,-12,63,-20,61,-22,59,-18,53,-26,59,-32,51,-28,53,-24,51,-30,43,-39,51,-34,43,-39,49,-39,45,-32,41,-39,43,-39,34,-47,41,-47,32,-49,36,-49,41,-47,39,-43,32,-49,34,-49,34,-49,34,-51,32,-49,32,-53,32,-47,28,-47,32,-49,32,-49,26,-47,30,-43,24,-45,32,-41,28,-45,26,-41,26,-36,28,-32,22,-34,22,-34,24,-32,26,-32,28,-28,26,-28,0,0,0,0,0,0,0,0,0,0]"""
1782173638034,2026-06-23T09:13:58.034,warning,breathing,lmh,lying_fast_breath,t001,"CSI_DATA,17900,1a:00:00:00:00:00,-62,11,-98,15,45,11,123873097,47,2,256,0,""[0,0,0,0,0,0,0,0,0,0,0,0,-21,34,-26,32,-28,34,-30,34,-30,34,-36,34,-32,36,-34,32,-39,45,-41,41,-45,43,-43,47,-41,47,-43,47,-47,45,-47,50,-45,56,-52,47,-45,50,-50,54,-52,52,-52,54,-52,54,-47,58,-54,58,-47,60,-52,54,-52,63,-45,56,-39,63,-45,60,-41,67,-41,67,-34,63,-32,71,-32,69,-28,65,-26,71,-23,69,-17,76,-21,73,-10,76,-13,76,-8,80,-13,78,-10,76,-8,78,-2,78,-2,78,-4,84,2,82,2,87,-4,89,-6,84,6,89,10,89,6,82,0,0,0,0,0,0,89,-2,84,-6,80,-13,80,-4,78,-8,73,-6,71,-10,76,-13,69,-13,69,-10,65,-10,67,-8,65,-17,60,-19,60,-13,58,-21,56,-28,56,-26,54,-21,52,-26,52,-34,56,-26,45,-28,50,-30,47,-28,47,-32,52,-30,45,-39,50,-36,47,-39,47,-30,52,-36,45,-36,43,-39,45,-39,47,-36,47,-34,43,-36,47,-36,50,-30,43,-28,47,-32,47,-32,41,-30,41,-26,45,-30,43,-30,41,-28,43,-17,39,-19,43,-21,39,-17,36,-15,41,-17,36,-13,39,-8,36,-10,0,0,0,0,0,0,0,0,0,0]"""
1782173638046,2026-06-23T09:13:58.046,warning,breathing,lmh,lying_fast_breath,t001,"CSI_DATA,17901,1a:00:00:00:00:00,-62,11,-98,17,45,11,123883196,47,2,256,0,""[0,0,0,0,0,0,0,0,0,0,0,0,16,-36,16,-36,20,-36,26,-36,24,-39,26,-39,30,-43,30,-39,36,-43,39,-41,41,-45,39,-47,41,-49,43,-45,51,-45,49,-45,51,-51,55,-45,53,-43,53,-41,55,-34,59,-43,63,-43,57,-49,65,-45,57,-47,63,-41,65,-45,61,-41,61,-45,57,-41,63,-45,63,-41,59,-43,63,-47,59,-49,53,-45,55,-55,53,-49,51,-55,55,-53,49,-55,55,-55,55,-61,57,-55,49,-57,55,-59,49,-57,53,-55,57,-59,57,-63,53,-61,63,-63,63,-57,59,-65,59,-59,59,-57,0,0,0,0,0,0,-49,-65,-51,-65,-55,-57,-51,-59,-53,-57,-45,-55,-47,-55,-45,-59,-45,-53,-43,-55,-45,-51,-39,-49,-47,-51,-41,-49,-43,-49,-43,-43,-45,-47,-41,-41,-34,-43,-41,-43,-47,-41,-43,-47,-36,-36,-39,-41,-36,-45,-39,-43,-41,-41,-43,-36,-41,-45,-45,-36,-36,-39,-41,-45,-36,-45,-39,-47,-39,-41,-34,-51,-34,-49,-32,-45,-32,-49,-28,-49,-28,-47,-30,-51,-22,-51,-22,-47,-18,-49,-24,-45,-18,-49,-14,-45,-10,-45,-8,-45,-6,-45,-6,-41,-6,-39,0,-39,2,-39,2,-30,8,-41,0,0,0,0,0,0,0,0,0,0]"""
1782173638056,2026-06-23T09:13:58.056,warning,breathing,lmh,lying_fast_breath,t001,"CSI_DATA,17902,1a:00:00:00:00:00,-62,11,-98,18,45,11,123895026,47,2,256,0,""[0,0,0,0,0,0,0,0,0,0,0,0,5,35,3,39,5,39,5,47,3,45,0,47,1,49,3,47,5,55,1,57,5,57,7,59,9,65,11,63,5,65,5,63,13,67,7,71,9,69,5,67,3,69,15,73,13,73,17,73,17,79,23,65,17,71,21,73,23,71,31,69,27,65,31,71,35,67,37,63,43,65,45,61,41,53,51,53,53,57,57,51,57,53,59,41,59,43,67,45,65,39,67,33,63,39,67,31,71,35,77,33,77,33,75,25,79,33,73,29,85,23,89,23,81,23,0,0,0,0,0,0,23,-79,19,-79,11,-81,11,-75,9,-71,9,-71,5,-71,5,-77,3,-67,0,-65,-3,-63,-5,-59,-11,-65,-7,-65,-9,-59,-17,-55,-19,-63,-15,-61,-13,-57,-19,-53,-23,-51,-21,-53,-23,-51,-23,-49,-23,-57,-29,-51,-29,-47,-37,-45,-35,-51,-37,-41,-33,-41,-35,-45,-37,-47,-39,-43,-33,-41,-39,-51,-39,-47,-39,-45,-37,-47,-33,-41,-33,-37,-35,-41,-37,-43,-35,-43,-33,-43,-33,-33,-29,-37,-31,-37,-25,-31,-23,-33,-23,-31,-21,-33,-25,-33,-21,-35,-19,-31,-17,-31,-15,-33,0,0,0,0,0,0,0,0,0,0]"""
1782173638067,2026-06-23T09:13:58.067,warning,breathing,lmh,lying_fast_breath,t001,"CSI_DATA,17903,1a:00:00:00:00:00,-62,11,-98,17,45,11,123904502,47,2,256,0,""[0,0,0,0,0,0,0,0,0,0,0,0,0,-39,0,-36,0,-43,4,-45,2,-47,6,-47,4,-47,6,-47,4,-57,0,-57,4,-57,0,-59,0,-63,2,-65,4,-63,4,-65,-4,-69,4,-71,2,-67,0,-67,2,-67,-2,-75,-2,-71,-2,-75,-2,-82,-10,-73,-6,-71,-12,-73,-10,-78,-16,-73,-16,-65,-20,-73,-22,-73,-24,-67,-32,-67,-30,-67,-30,-61,-39,-61,-39,-67,-45,-63,-45,-63,-53,-57,-47,-57,-59,-55,-49,-49,-61,-49,-57,-49,-61,-45,-61,-51,-65,-51,-69,-51,-67,-45,-69,-47,-69,-45,-78,-49,-80,-45,-75,-39,0,0,0,0,0,0,-47,73,-41,69,-32,75,-30,69,-26,69,-26,65,-28,69,-24,73,-24,67,-20,59,-16,63,-10,61,-10,67,-14,65,-10,61,0,59,-2,67,-2,65,-2,61,2,59,8,57,4,59,8,53,10,55,12,55,12,61,14,57,18,55,16,61,20,53,18,51,18,55,20,61,24,57,16,49,18,57,22,55,18,57,22,53,18,51,20,47,18,51,16,55,18,51,14,53,16,45,10,45,18,49,8,41,14,41,10,43,12,39,8,41,10,41,0,43,6,36,0,36,0,0,0,0,0,0,0,0,0,0]"""
1782173638078,2026-06-23T09:13:58.078,warning,breathing,lmh,lying_fast_breath,t001,"CSI_DATA,17904,1a:00:00:00:00:00,-62,11,-98,18,45,11,123915957,47,2,256,0,""[0,0,0,0,0,0,0,0,0,0,0,0,-29,-25,-27,-27,-27,-31,-31,-35,-31,-37,-25,-33,-29,-39,-25,-45,-29,-47,-33,-49,-29,-49,-31,-47,-31,-55,-31,-57,-23,-61,-27,-61,-31,-61,-25,-67,-23,-61,-25,-63,-23,-63,-25,-71,-19,-67,-23,-69,-21,-75,-23,-69,-19,-73,-19,-73,-19,-73,-23,-69,-19,-67,-25,-73,-21,-71,-23,-69,-27,-75,-29,-69,-27,-67,-31,-65,-31,-67,-37,-65,-31,-69,-37,-65,-27,-65,-41,-69,-29,-63,-37,-63,-33,-65,-37,-65,-39,-69,-43,-75,-39,-71,-41,-71,-31,-73,-33,-75,-43,-77,-41,-77,-39,-75,0,0,0,0,0,0,-81,29,-77,31,-71,31,-73,25,-71,27,-65,17,-67,27,-71,27,-67,25,-59,17,-57,21,-55,17,-59,21,-61,23,-57,19,-47,25,-57,25,-55,25,-59,21,-55,21,-49,29,-53,21,-47,25,-51,23,-53,23,-51,23,-53,21,-51,27,-57,25,-47,27,-51,21,-51,19,-57,23,-53,23,-51,17,-57,15,-57,15,-53,13,-59,17,-51,7,-53,9,-55,5,-57,7,-53,7,-51,1,-51,3,-47,-3,-51,0,-43,-7,-41,-5,-43,-9,-35,-7,-39,-7,-41,-13,-33,-13,-33,-15,-27,-21,0,0,0,0,0,0,0,0,0,0]"""
1782173638087,2026-06-23T09:13:58.087,warning,breathing,lmh,lying_fast_breath,t001,"CSI_DATA,17905,1a:00:00:00:00:00,-62,11,-98,17,45,11,123926502,47,2,256,0,""[0,0,0,0,0,0,0,0,0,0,0,0,41,8,36,10,43,12,43,18,43,20,41,24,41,24,45,28,45,34,47,32,47,39,43,39,51,43,47,45,41,49,45,53,45,51,43,59,39,55,32,59,34,67,34,63,36,67,39,67,36,69,36,65,28,69,28,67,24,71,30,69,22,65,28,71,28,69,24,69,28,71,28,69,26,67,26,69,28,67,36,71,26,69,30,71,26,71,36,71,26,69,26,71,26,73,30,67,28,71,28,80,28,80,22,78,16,84,12,86,24,86,22,84,20,86,0,0,0,0,0,0,84,-4,80,0,75,-6,73,4,78,2,73,8,73,2,73,4,69,6,63,12,63,10,61,10,63,8,65,4,61,12,59,6,65,4,61,8,57,12,59,12,61,6,59,14,53,6,53,12,55,14,57,16,55,14,57,10,57,16,55,12,53,20,55,20,55,24,55,20,49,24,53,30,53,28,49,28,53,32,45,39,41,32,39,36,39,41,41,39,36,36,32,43,26,43,32,41,20,41,20,43,16,43,14,39,16,39,10,39,8,34,0,36,-2,36,0,0,0,0,0,0,0,0,0,0]"""
1782173638099,2026-06-23T09:13:58.099,warning,breathing,lmh,lying_fast_breath,t001,"CSI_DATA,17906,1a:00:00:00:00:00,-62,11,-98,18,45,11,123937502,47,2,256,0,""[0,0,0,0,0,0,0,0,0,0,0,0,-39,1,-37,0,-45,-1,-47,-3,-47,-5,-45,-9,-47,-9,-47,-9,-51,-11,-57,-13,-57,-15,-57,-11,-63,-15,-61,-17,-63,-23,-61,-19,-65,-19,-63,-27,-61,-25,-65,-27,-67,-29,-67,-33,-67,-29,-67,-27,-71,-33,-67,-25,-63,-33,-67,-31,-65,-33,-71,-27,-63,-25,-73,-31,-71,-27,-67,-29,-73,-25,-71,-21,-65,-21,-71,-17,-73,-21,-77,-15,-71,-17,-73,-9,-75,-15,-79,-9,-71,-9,-77,-7,-73,-9,-75,-5,-77,-9,-83,-13,-81,-11,-81,-9,-83,-15,-79,-13,-87,-9,-85,-11,-83,-9,0,0,0,0,0,0,-21,81,-21,81,-11,79,-13,71,-13,73,-17,69,-13,71,-17,77,-19,67,-15,63,-11,65,-11,59,-11,65,-11,61,-9,61,-3,57,-7,65,-7,59,-11,59,-3,59,1,57,-5,57,-1,55,-3,55,-3,59,-7,59,-3,53,-1,59,-9,61,1,55,-3,55,-3,57,-9,61,-3,59,-1,55,-11,61,-7,61,-11,57,-11,59,-11,51,-9,51,-13,53,-21,53,-17,51,-19,49,-17,45,-19,39,-17,45,-19,41,-21,37,-23,35,-23,33,-23,31,-27,31,-31,27,-25,29,-29,19,0,0,0,0,0,0,0,0,0,0]"""
1782173638110,2026-06-23T09:13:58.110,warning,breathing,lmh,lying_fast_breath,t001,"CSI_DATA,17907,1a:00:00:00:00:00,-62,11,-98,17,45,11,123948502,47,2,256,0,""[0,0,0,0,0,0,0,0,0,0,0,0,39,-2,41,0,45,0,45,2,45,4,45,4,51,4,51,6,55,4,57,6,59,4,59,4,63,2,63,2,63,8,73,8,73,0,71,8,63,6,67,4,69,6,73,4,75,4,75,2,78,4,73,-2,73,0,78,-2,73,-2,75,-10,73,-8,71,-14,73,-12,67,-10,75,-20,73,-22,69,-22,71,-28,67,-28,65,-34,65,-30,65,-41,67,-36,63,-45,65,-36,61,-49,63,-47,59,-49,61,-49,65,-55,55,-57,61,-57,65,-59,63,-55,61,-63,55,-63,57,-61,0,0,0,0,0,0,-55,-59,-57,-57,-63,-45,-59,-49,-63,-51,-55,-47,-55,-43,-57,-45,-55,-39,-55,-41,-55,-34,-53,-32,-57,-32,-59,-28,-57,-30,-55,-24,-59,-20,-55,-22,-51,-22,-57,-18,-59,-12,-59,-18,-49,-10,-53,-12,-57,-14,-53,-14,-57,-10,-55,-4,-59,-8,-57,0,-59,-4,-61,-4,-59,-6,-57,-6,-57,-2,-57,-10,-57,-6,-51,-4,-59,-6,-57,-10,-55,-4,-57,-6,-55,-10,-55,-8,-51,-10,-53,-4,-49,-10,-47,-8,-45,-12,-43,-8,-43,-12,-41,-12,-34,-16,-36,-16,-32,-14,-30,-14,-32,-20,0,0,0,0,0,0,0,0,0,0]"""
1782173638119,2026-06-23T09:13:58.119,warning,breathing,lmh,lying_fast_breath,t001,"CSI_DATA,17908,1a:00:00:00:00:00,-62,11,-98,17,45,11,123959502,47,2,256,0,""[0,0,0,0,0,0,0,0,0,0,0,0,39,-10,41,-4,43,-8,43,-4,47,-2,45,0,47,2,47,4,57,6,57,10,57,12,57,12,63,12,63,18,61,22,63,24,65,20,63,28,61,26,65,36,65,39,67,34,61,39,63,39,65,45,59,39,57,45,59,47,61,45,63,41,53,45,65,49,63,45,59,45,63,45,59,45,55,41,59,41,63,43,67,41,61,45,63,39,63,43,71,45,61,45,61,41,63,45,61,39,65,45,69,51,69,51,63,51,63,57,59,55,69,57,67,59,63,57,0,0,0,0,0,0,67,-53,65,-51,61,-55,61,-43,61,-41,61,-39,57,-41,63,-43,59,-39,53,-32,53,-32,51,-30,55,-36,57,-34,53,-28,53,-28,53,-32,53,-32,55,-28,49,-28,49,-32,53,-28,47,-28,51,-28,53,-26,51,-26,51,-20,53,-26,55,-22,49,-28,55,-18,57,-20,55,-20,55,-22,53,-14,61,-14,61,-12,59,-12,61,-8,55,-2,53,-4,57,0,57,2,53,2,53,6,51,8,47,12,49,12,43,14,39,16,41,18,36,16,36,20,36,24,30,24,26,24,20,28,0,0,0,0,0,0,0,0,0,0]"""
1782173638139,2026-06-23T09:13:58.139,warning,breathing,lmh,lying_fast_breath,t001,"CSI_DATA,17909,1a:00:00:00:00:00,-62,11,-98,18,45,11,123976350,47,2,256,0,""[0,0,0,0,0,0,0,0,0,0,0,0,-29,-21,-29,-23,-33,-27,-31,-27,-33,-29,-31,-31,-31,-31,-35,-35,-39,-39,-39,-43,-37,-45,-39,-41,-45,-45,-41,-51,-35,-53,-39,-51,-41,-49,-41,-55,-37,-51,-37,-59,-41,-63,-39,-63,-41,-61,-43,-61,-45,-65,-45,-55,-35,-61,-39,-61,-41,-63,-45,-61,-41,-57,-47,-61,-47,-59,-45,-57,-51,-61,-53,-57,-45,-49,-53,-49,-53,-53,-63,-49,-59,-51,-61,-43,-55,-45,-67,-47,-55,-43,-61,-41,-61,-45,-63,-39,-63,-45,-67,-49,-67,-45,-69,-43,-69,-49,-65,-51,-75,-51,-75,-47,-71,-47,0,0,0,0,0,0,-55,67,-53,65,-43,65,-41,59,-41,61,-43,51,-43,61,-43,59,-43,59,-35,49,-31,51,-31,49,-29,55,-35,57,-31,51,-25,51,-27,57,-27,57,-29,51,-23,53,-19,51,-27,49,-23,49,-23,49,-29,51,-25,53,-23,49,-21,53,-25,55,-15,53,-21,49,-23,53,-25,59,-21,53,-19,49,-29,53,-27,53,-29,51,-27,49,-27,45,-27,45,-29,43,-33,47,-33,47,-33,41,-29,43,-31,33,-33,37,-29,29,-27,29,-31,25,-29,25,-31,27,-33,23,-35,23,-33,17,-31,13,0,0,0,0,0,0,0,0,0,0]"""
1782173638149,2026-06-23T09:13:58.149,warning,breathing,lmh,lying_fast_breath,t001,"CSI_DATA,17910,1a:00:00:00:00:00,-62,11,-98,16,45,11,123981502,47,2,256,0,""[0,0,0,0,0,0,0,0,0,0,0,0,29,-25,31,-25,31,-21,38,-27,38,-27,40,-25,42,-27,42,-27,48,-31,46,-31,48,-29,50,-33,50,-35,52,-38,59,-33,54,-38,57,-46,59,-35,54,-38,59,-40,61,-42,59,-42,59,-42,57,-46,61,-46,50,-50,59,-44,61,-50,50,-48,50,-59,48,-48,52,-61,48,-57,42,-59,42,-63,40,-65,35,-59,31,-65,31,-67,27,-73,27,-69,16,-71,21,-76,16,-78,23,-73,14,-73,16,-73,8,-76,4,-76,8,-80,4,-80,4,-84,6,-84,8,-82,-4,-90,-4,-86,-6,-84,0,0,0,0,0,0,-84,0,-78,4,-80,10,-78,4,-73,6,-73,6,-67,14,-73,12,-65,14,-67,12,-63,14,-61,12,-65,19,-57,23,-59,19,-57,23,-54,29,-52,31,-54,25,-50,29,-48,33,-50,27,-42,31,-46,33,-46,33,-44,38,-44,33,-35,44,-44,40,-40,44,-44,40,-44,42,-38,40,-40,46,-40,42,-44,44,-40,44,-38,42,-40,40,-42,35,-38,38,-42,40,-38,38,-35,40,-38,33,-35,35,-38,33,-33,33,-35,27,-35,25,-38,27,-29,25,-31,23,-38,21,-31,21,-31,19,-35,16,0,0,0,0,0,0,0,0,0,0]"""
1782173638159,2026-06-23T09:13:58.159,warning,breathing,lmh,lying_fast_breath,t001,"CSI_DATA,17911,1a:00:00:00:00:00,-62,11,-98,19,45,11,123992502,47,2,256,0,""[0,0,0,0,0,0,0,0,0,0,0,0,40,-11,36,-11,42,-9,48,-5,48,-3,48,-1,50,-3,52,1,58,0,56,5,58,3,60,1,65,7,67,5,63,13,63,13,67,17,67,19,63,21,69,27,71,27,67,29,69,27,71,32,77,34,65,29,65,32,69,31,65,34,71,32,62,32,69,38,67,34,63,32,73,36,67,29,63,31,71,25,69,31,73,27,67,31,71,25,69,32,73,27,67,32,69,29,69,32,69,29,73,31,75,36,75,36,73,32,73,40,73,40,77,44,75,42,79,42,0,0,0,0,0,0,54,-65,52,-65,50,-67,48,-54,46,-58,44,-52,46,-54,50,-56,48,-50,48,-48,40,-46,44,-40,42,-46,44,-46,46,-42,38,-42,42,-52,44,-42,44,-40,38,-40,36,-42,40,-38,38,-40,42,-38,44,-40,46,-36,40,-38,42,-42,46,-40,38,-40,42,-32,44,-34,50,-32,48,-36,42,-31,56,-31,54,-32,54,-27,54,-25,50,-19,46,-21,52,-17,56,-17,50,-15,54,-9,50,-9,48,-3,52,-5,44,1,44,0,44,5,38,3,42,5,42,13,38,11,34,11,31,17,0,0,0,0,0,0,0,0,0,0]"""
1782173638170,2026-06-23T09:13:58.170,warning,breathing,lmh,lying_fast_breath,t001,"CSI_DATA,17912,1a:00:00:00:00:00,-62,11,-98,17,45,11,124003502,47,2,256,0,""[0,0,0,0,0,0,0,0,0,0,0,0,-24,-28,-22,-32,-24,-34,-24,-34,-26,-39,-26,-39,-26,-36,-28,-41,-36,-43,-32,-43,-36,-43,-41,-41,-45,-43,-43,-47,-39,-51,-45,-51,-55,-45,-49,-51,-47,-47,-41,-49,-45,-51,-55,-49,-57,-47,-57,-45,-61,-49,-63,-34,-59,-43,-65,-43,-61,-43,-65,-36,-61,-30,-67,-32,-67,-24,-67,-26,-73,-18,-75,-16,-69,-10,-75,-6,-73,-6,-75,2,-75,0,-71,10,-75,4,-78,14,-73,16,-71,18,-75,22,-71,28,-71,24,-78,32,-71,32,-73,39,-82,39,-75,36,-71,43,-73,45,-71,45,0,0,0,0,0,0,43,67,47,63,55,55,47,61,49,57,49,53,51,49,51,51,47,43,51,43,53,36,53,34,59,34,53,30,55,26,55,22,59,24,57,20,53,22,57,16,59,8,61,14,53,10,55,10,57,8,57,4,59,2,57,0,59,2,59,-10,57,-4,61,-10,57,-2,59,-6,53,-8,55,-4,57,-8,55,-8,59,-8,59,-10,51,-12,57,-12,57,-10,51,-8,53,-8,51,-10,51,-10,49,-8,43,-6,47,-6,43,-6,39,-6,43,-4,41,-2,39,0,39,-2,34,2,0,0,0,0,0,0,0,0,0,0]"""
1782173638182,2026-06-23T09:13:58.182,warning,breathing,lmh,lying_fast_breath,t001,"CSI_DATA,17913,1a:00:00:00:00:00,-62,11,-98,16,45,11,124014502,47,2,256,0,""[0,0,0,0,0,0,0,0,0,0,0,0,-29,-25,-25,-27,-29,-31,-25,-35,-27,-35,-27,-40,-25,-40,-23,-44,-29,-46,-27,-50,-27,-50,-27,-50,-31,-54,-29,-61,-23,-61,-23,-63,-29,-67,-23,-65,-19,-63,-23,-65,-19,-59,-23,-69,-16,-67,-23,-69,-23,-76,-23,-67,-14,-71,-21,-71,-19,-71,-23,-73,-16,-67,-23,-76,-21,-73,-23,-71,-27,-71,-25,-67,-27,-63,-31,-67,-29,-67,-35,-65,-31,-69,-35,-63,-33,-69,-44,-69,-33,-67,-35,-65,-35,-67,-38,-63,-40,-63,-44,-71,-44,-71,-40,-69,-40,-76,-33,-76,-44,-78,-44,-71,-42,-71,0,0,0,0,0,0,-78,31,-76,31,-71,38,-69,25,-67,25,-65,25,-63,31,-69,33,-65,27,-63,19,-57,23,-54,23,-59,25,-57,27,-57,23,-50,25,-54,31,-52,29,-50,23,-50,23,-52,27,-52,25,-48,29,-52,29,-50,27,-52,27,-50,23,-48,33,-52,29,-50,31,-50,19,-52,25,-52,25,-48,27,-50,23,-59,25,-54,21,-52,19,-54,16,-54,10,-48,14,-57,10,-54,12,-50,12,-52,6,-50,8,-48,0,-48,4,-46,-4,-46,-4,-42,-4,-42,-4,-38,-4,-40,-12,-38,-10,-31,-10,-33,-16,0,0,0,0,0,0,0,0,0,0]"""
1782173638191,2026-06-23T09:13:58.191,warning,breathing,lmh,lying_fast_breath,t001,"CSI_DATA,17914,1a:00:00:00:00:00,-62,11,-98,13,46,11,124025502,47,2,256,0,""[0,0,0,0,0,0,0,0,0,0,0,0,36,-20,32,-18,39,-20,43,-16,45,-16,43,-12,45,-14,47,-12,53,-12,59,-12,57,-10,57,-12,63,-8,65,-8,63,0,67,-4,69,-10,71,2,67,6,67,6,67,12,75,8,71,6,73,8,78,14,71,6,73,12,75,12,75,18,73,12,69,10,75,16,73,14,71,16,75,12,73,8,67,8,71,4,73,10,75,4,73,8,75,0,73,6,84,4,73,6,73,2,73,8,73,4,80,10,84,10,82,8,80,4,82,12,82,16,90,12,84,12,80,12,0,0,0,0,0,0,24,-80,28,-75,20,-75,18,-71,20,-71,22,-65,22,-67,26,-69,26,-63,24,-57,22,-59,22,-55,20,-59,26,-57,20,-53,16,-55,20,-61,22,-55,26,-51,18,-55,14,-55,22,-55,20,-49,24,-51,26,-53,24,-53,22,-55,20,-51,26,-55,18,-53,20,-49,26,-51,32,-53,28,-53,24,-47,34,-49,36,-49,34,-47,36,-47,32,-41,34,-39,34,-41,43,-39,36,-39,41,-32,39,-32,39,-26,45,-30,41,-18,39,-20,43,-16,36,-14,36,-10,39,-10,39,-4,34,-4,36,2,0,0,0,0,0,0,0,0,0,0]"""
1782173638201,2026-06-23T09:13:58.201,warning,breathing,lmh,lying_fast_breath,t001,"CSI_DATA,17915,1a:00:00:00:00:00,-62,11,-98,13,46,11,124036501,47,2,256,0,""[0,0,0,0,0,0,0,0,0,0,0,0,24,32,22,30,22,36,18,43,16,45,18,45,18,47,12,47,14,55,14,53,10,59,12,59,14,63,8,63,2,63,4,67,6,73,-6,71,-4,65,-6,69,-8,67,-14,73,-10,71,-14,71,-18,73,-12,73,-20,71,-22,73,-22,69,-18,71,-20,65,-24,73,-20,69,-20,65,-22,71,-20,73,-22,67,-20,71,-20,71,-18,73,-22,69,-14,73,-22,75,-20,73,-24,69,-20,73,-26,78,-22,71,-26,73,-28,78,-28,75,-28,78,-39,80,-36,71,-34,78,-34,75,-36,73,0,0,0,0,0,0,65,47,59,49,65,41,57,53,57,47,53,49,51,47,49,49,47,47,43,49,47,47,43,43,49,47,41,43,39,49,43,41,45,43,43,43,34,45,41,43,45,41,34,51,32,39,34,41,30,47,32,45,34,45,36,43,34,49,36,43,28,47,30,51,24,49,26,49,28,51,20,57,16,53,16,49,14,55,12,55,12,53,10,55,6,57,6,51,-2,49,2,53,-8,51,-6,49,-6,45,-10,41,-16,45,-12,41,-14,36,-20,32,-22,30,-20,30,-24,30,0,0,0,0,0,0,0,0,0,0]"""
1782173638214,2026-06-23T09:13:58.214,warning,breathing,lmh,lying_fast_breath,t001,"CSI_DATA,17916,1a:00:00:00:00:00,-62,11,-98,13,46,11,124048123,47,2,256,0,""[0,0,0,0,0,0,0,0,0,0,0,0,-34,-20,-32,-20,-32,-20,-34,-28,-36,-30,-30,-30,-34,-36,-32,-36,-36,-43,-32,-45,-32,-49,-34,-51,-39,-55,-32,-53,-26,-57,-28,-63,-32,-59,-26,-67,-24,-57,-22,-71,-22,-67,-18,-69,-16,-71,-18,-71,-14,-75,-16,-69,-8,-73,-10,-75,-8,-71,-14,-71,-8,-71,-10,-78,-10,-73,-10,-69,-12,-73,-10,-71,-8,-69,-12,-71,-8,-73,-14,-73,-12,-69,-14,-75,-10,-73,-18,-78,-6,-73,-12,-71,-6,-78,-10,-73,-12,-73,-8,-86,-8,-82,-4,-84,0,-84,4,-82,-4,-84,-4,-82,-2,-82,0,0,0,0,0,0,-82,-14,-78,-16,-80,-8,-69,-18,-71,-20,-65,-20,-69,-12,-67,-20,-65,-20,-57,-24,-61,-18,-55,-20,-59,-18,-61,-20,-57,-24,-55,-20,-57,-18,-53,-20,-49,-22,-53,-20,-55,-20,-53,-26,-47,-16,-51,-20,-49,-22,-53,-26,-53,-28,-53,-22,-49,-28,-49,-26,-47,-30,-49,-32,-47,-32,-47,-30,-45,-34,-45,-39,-43,-41,-41,-36,-41,-41,-32,-43,-34,-41,-32,-47,-28,-47,-26,-45,-20,-45,-24,-47,-18,-45,-22,-43,-12,-45,-10,-43,-8,-43,-6,-39,-4,-34,-2,-39,2,-36,8,-32,16,-34,0,0,0,0,0,0,0,0,0,0]"""
1782173638224,2026-06-23T09:13:58.224,warning,breathing,lmh,lying_fast_breath,t001,"CSI_DATA,17917,1a:00:00:00:00:00,-62,11,-98,17,45,11,124058501,47,2,256,0,""[0,0,0,0,0,0,0,0,0,0,0,0,41,-2,41,0,43,0,47,4,45,4,47,4,49,4,51,4,57,2,55,6,57,4,61,0,63,-2,65,2,65,10,65,4,71,2,71,4,65,6,67,0,67,2,78,2,73,2,73,2,80,2,71,-8,73,0,82,-2,71,-2,73,-10,69,-6,75,-12,71,-12,69,-12,73,-18,69,-22,65,-24,67,-30,67,-28,65,-36,65,-34,61,-43,67,-43,63,-45,63,-41,57,-45,61,-47,59,-49,59,-53,63,-51,57,-57,57,-61,67,-57,59,-55,57,-59,59,-61,57,-61,0,0,0,0,0,0,-57,-59,-59,-53,-65,-47,-59,-49,-59,-41,-57,-45,-57,-39,-57,-45,-55,-39,-53,-39,-55,-32,-55,-32,-61,-30,-53,-26,-57,-28,-57,-22,-61,-20,-55,-16,-53,-20,-55,-14,-59,-12,-55,-20,-51,-10,-53,-12,-51,-12,-55,-12,-57,-10,-57,-2,-57,-6,-57,2,-55,-4,-61,-4,-57,-6,-57,-2,-53,-4,-57,-8,-55,-8,-55,-2,-57,-2,-59,-4,-53,-4,-55,-4,-55,-8,-53,-4,-51,-10,-51,-8,-49,-10,-45,-8,-47,-10,-43,-8,-47,-12,-39,-10,-34,-12,-34,-16,-36,-16,-36,-14,-28,-18,0,0,0,0,0,0,0,0,0,0]"""
1782173638235,2026-06-23T09:13:58.235,warning,breathing,lmh,lying_fast_breath,t001,"CSI_DATA,17918,1a:00:00:00:00:00,-62,11,-98,16,45,11,124072735,47,2,256,0,""[0,0,0,0,0,0,0,0,0,0,0,0,0,-40,2,-35,2,-46,2,-44,8,-44,8,-46,10,-46,10,-48,12,-54,12,-54,12,-52,14,-57,12,-61,16,-63,25,-59,27,-65,19,-65,29,-69,23,-61,27,-61,29,-61,25,-69,29,-69,25,-69,33,-71,25,-69,33,-67,29,-69,29,-69,25,-67,29,-65,25,-67,23,-73,23,-71,21,-71,21,-71,16,-65,14,-71,16,-73,8,-76,10,-73,8,-78,12,-73,2,-82,10,-69,6,-73,8,-73,0,-76,2,-78,4,-88,4,-80,2,-80,8,-82,10,-84,0,-86,0,-82,4,-86,0,0,0,0,0,0,-84,-12,-82,-10,-73,-4,-73,-10,-78,-8,-65,-10,-73,-4,-69,-6,-67,-4,-65,-12,-65,-6,-63,-6,-63,-2,-65,2,-61,-6,-57,0,-63,4,-61,4,-52,0,-61,-2,-57,8,-61,2,-50,6,-57,6,-57,2,-57,4,-59,2,-57,12,-59,4,-57,10,-59,4,-59,4,-61,4,-57,6,-59,0,-57,2,-57,2,-54,0,-59,0,-57,-6,-52,-4,-57,-8,-54,-8,-54,-6,-48,-10,-50,-10,-46,-14,-48,-10,-42,-14,-44,-12,-35,-16,-35,-14,-35,-19,-38,-21,-29,-19,-29,-21,-25,-25,0,0,0,0,0,0,0,0,0,0]"""
1782173638246,2026-06-23T09:13:58.246,warning,breathing,lmh,lying_fast_breath,t001,"CSI_DATA,17919,1a:00:00:00:00:00,-62,11,-98,17,45,11,124080501,47,2,256,0,""[0,0,0,0,0,0,0,0,0,0,0,0,-36,-16,-32,-20,-34,-22,-36,-24,-39,-22,-39,-24,-41,-24,-43,-26,-47,-26,-45,-30,-53,-28,-55,-28,-57,-26,-55,-30,-55,-30,-57,-30,-65,-28,-65,-32,-57,-26,-65,-28,-65,-28,-65,-28,-71,-26,-71,-24,-71,-24,-71,-16,-67,-22,-73,-18,-69,-20,-71,-8,-71,-8,-75,-10,-73,-2,-71,2,-75,4,-75,8,-69,10,-75,18,-71,16,-67,22,-69,24,-67,34,-71,30,-71,34,-65,34,-67,41,-65,43,-61,45,-63,45,-65,47,-61,49,-57,55,-67,57,-63,57,-61,61,-55,63,-59,65,0,0,0,0,0,0,59,55,61,51,65,45,65,45,63,43,59,39,61,36,61,32,59,28,59,30,59,24,59,24,63,18,61,22,61,20,59,12,61,8,55,6,57,8,61,4,59,-6,61,4,51,-4,53,-4,55,-4,57,-4,57,-8,53,-14,55,-8,55,-18,55,-12,57,-16,57,-14,53,-16,55,-18,57,-16,55,-18,51,-18,57,-20,55,-16,51,-20,55,-20,51,-16,49,-18,47,-14,49,-20,49,-16,45,-18,45,-10,43,-14,45,-12,43,-10,39,-10,43,-8,36,-6,36,-6,34,0,0,0,0,0,0,0,0,0,0,0]"""
1782173638258,2026-06-23T09:13:58.258,warning,breathing,lmh,lying_fast_breath,t001,"CSI_DATA,17920,1a:00:00:00:00:00,-62,11,-98,18,45,11,124091501,47,2,256,0,""[0,0,0,0,0,0,0,0,0,0,0,0,-35,-7,-35,-9,-43,-11,-41,-17,-41,-19,-37,-19,-41,-19,-41,-23,-47,-27,-49,-29,-47,-29,-47,-29,-57,-31,-53,-37,-51,-43,-49,-43,-53,-39,-53,-47,-49,-43,-49,-49,-53,-55,-51,-53,-51,-53,-51,-53,-53,-59,-51,-47,-47,-55,-47,-53,-49,-59,-51,-53,-47,-51,-47,-57,-55,-55,-49,-53,-57,-53,-55,-49,-53,-49,-57,-45,-55,-51,-61,-47,-59,-47,-61,-43,-55,-45,-67,-45,-51,-41,-59,-41,-59,-45,-61,-39,-65,-43,-67,-51,-67,-49,-67,-49,-63,-51,-61,-55,-67,-55,-67,-51,-61,-51,0,0,0,0,0,0,-61,61,-61,59,-53,57,-53,53,-53,53,-51,45,-53,53,-55,51,-49,49,-49,39,-43,45,-43,43,-45,47,-47,45,-43,43,-35,43,-41,51,-39,45,-39,37,-41,43,-33,45,-39,43,-35,39,-37,41,-41,43,-43,43,-35,43,-35,45,-41,41,-33,43,-35,37,-39,39,-45,41,-41,41,-37,37,-47,35,-49,39,-43,37,-47,35,-45,27,-45,29,-49,27,-53,27,-47,27,-47,23,-45,21,-45,17,-47,19,-41,9,-39,9,-39,5,-35,7,-41,3,-43,5,-37,-3,-35,-1,-33,-9,0,0,0,0,0,0,0,0,0,0]"""
1782173638269,2026-06-23T09:13:58.269,warning,breathing,lmh,lying_fast_breath,t001,"CSI_DATA,17921,1a:00:00:00:00:00,-62,11,-98,22,44,11,124102768,47,2,256,0,""[0,0,0,0,0,0,0,0,0,0,0,0,-37,13,-37,7,-41,5,-45,5,-47,3,-47,3,-45,0,-51,0,-57,-1,-55,-3,-57,-5,-59,-3,-63,-5,-63,-9,-63,-17,-59,-13,-67,-13,-67,-17,-61,-21,-71,-17,-69,-21,-71,-25,-69,-23,-69,-25,-73,-31,-65,-23,-65,-33,-69,-31,-65,-33,-71,-21,-65,-27,-73,-33,-71,-25,-67,-25,-73,-25,-69,-21,-65,-25,-73,-23,-71,-27,-75,-23,-73,-19,-73,-15,-75,-21,-73,-17,-75,-17,-75,-13,-71,-19,-73,-15,-73,-21,-79,-21,-79,-25,-81,-27,-79,-29,-77,-33,-83,-29,-83,-27,-75,-21,0,0,0,0,0,0,-39,73,-39,75,-33,75,-35,61,-33,67,-33,63,-33,61,-39,67,-33,63,-37,57,-29,53,-27,51,-29,63,-31,53,-37,57,-27,55,-29,61,-25,53,-29,49,-27,51,-23,55,-29,47,-27,51,-27,45,-31,55,-29,47,-25,47,-25,53,-35,49,-25,51,-29,45,-31,51,-35,49,-33,51,-31,45,-41,45,-39,49,-35,43,-39,43,-39,37,-35,35,-43,31,-49,33,-41,33,-45,29,-39,29,-43,23,-45,23,-41,23,-41,21,-41,9,-39,13,-39,13,-37,3,-39,3,-39,3,-35,-1,0,0,0,0,0,0,0,0,0,0]"""
1782173638279,2026-06-23T09:13:58.279,warning,breathing,lmh,lying_fast_breath,t001,"CSI_DATA,17922,1a:00:00:00:00:00,-62,11,-98,16,45,11,124113501,47,2,256,0,""[0,0,0,0,0,0,0,0,0,0,0,0,10,-38,16,-35,21,-35,27,-38,27,-35,31,-35,29,-38,33,-33,38,-40,42,-35,42,-35,46,-40,48,-42,50,-38,61,-31,52,-31,59,-38,65,-29,65,-27,65,-23,67,-16,73,-25,67,-21,73,-21,78,-19,69,-23,69,-12,76,-14,71,-8,76,-16,65,-12,78,-12,76,-12,73,-10,76,-12,71,-12,63,-12,71,-16,76,-10,73,-16,76,-8,67,-16,76,-10,78,-12,73,-10,73,-12,78,-12,73,-10,80,-8,80,-4,82,-6,82,-6,88,0,78,4,90,0,90,2,84,4,0,0,0,0,0,0,25,-80,21,-76,19,-82,21,-71,19,-67,23,-65,23,-65,27,-73,27,-61,25,-59,23,-61,25,-52,25,-61,27,-54,25,-59,19,-57,25,-61,25,-54,31,-52,23,-52,23,-54,29,-48,29,-50,29,-52,35,-46,33,-48,27,-46,31,-52,33,-48,27,-48,31,-44,38,-46,40,-42,40,-48,38,-38,48,-40,46,-38,46,-38,52,-35,44,-27,46,-29,48,-25,50,-25,50,-23,52,-16,44,-16,46,-10,48,-8,44,-6,46,-4,44,2,38,-2,42,6,35,8,38,6,33,8,31,16,0,0,0,0,0,0,0,0,0,0]"""
1782173638289,2026-06-23T09:13:58.289,warning,breathing,lmh,lying_fast_breath,t001,"CSI_DATA,17923,1a:00:00:00:00:00,-62,11,-98,16,45,11,124124560,47,2,256,0,""[0,0,0,0,0,0,0,0,0,0,0,0,-40,0,-38,0,-42,-4,-44,-4,-44,-2,-46,-6,-48,-8,-48,-8,-57,-4,-54,-8,-59,-6,-61,-4,-63,-2,-63,-2,-61,-8,-67,-6,-67,0,-73,-6,-63,0,-71,-4,-71,-6,-71,0,-73,0,-76,4,-78,2,-73,8,-73,4,-78,8,-73,8,-71,16,-71,12,-71,16,-71,19,-67,23,-71,27,-71,33,-63,29,-65,38,-63,38,-59,46,-61,40,-57,50,-61,48,-57,57,-52,48,-48,52,-54,59,-46,59,-46,63,-50,67,-44,67,-44,71,-52,69,-46,67,-42,76,-40,76,-38,73,0,0,0,0,0,0,69,40,73,38,71,25,71,33,71,25,63,29,67,23,69,23,65,19,63,21,63,10,63,14,67,8,61,6,61,12,61,2,59,2,57,-2,54,2,59,-6,59,-12,61,-6,50,-8,52,-10,57,-10,54,-12,54,-14,50,-21,54,-16,52,-25,52,-19,57,-21,52,-21,48,-21,50,-25,54,-21,54,-21,50,-23,50,-23,54,-21,50,-19,52,-21,52,-19,48,-21,48,-16,50,-21,48,-14,44,-16,46,-14,40,-16,44,-14,35,-10,40,-10,38,-6,40,-8,35,-8,40,-2,0,0,0,0,0,0,0,0,0,0]"""
1782173638300,2026-06-23T09:13:58.300,warning,breathing,lmh,lying_fast_breath,t001,"CSI_DATA,17924,1a:00:00:00:00:00,-62,11,-98,18,45,11,124135501,47,2,256,0,""[0,0,0,0,0,0,0,0,0,0,0,0,-35,-15,-31,-21,-37,-25,-33,-25,-35,-29,-33,-29,-37,-31,-35,-31,-45,-33,-41,-39,-45,-37,-47,-33,-51,-41,-51,-39,-45,-45,-51,-39,-57,-37,-55,-45,-49,-47,-47,-45,-47,-51,-57,-47,-55,-45,-59,-43,-61,-49,-59,-39,-57,-41,-61,-45,-59,-43,-65,-37,-61,-33,-69,-41,-65,-37,-63,-35,-69,-33,-69,-25,-65,-23,-73,-19,-69,-21,-73,-13,-69,-17,-75,-7,-75,-5,-77,-5,-75,-7,-73,-3,-77,-1,-77,0,-77,0,-85,0,-81,3,-79,9,-85,5,-81,1,-85,9,-87,9,-83,11,0,0,0,0,0,0,1,83,7,81,13,77,9,77,15,73,11,67,15,69,13,73,15,65,15,63,19,63,13,55,23,63,15,59,23,59,25,53,31,59,25,55,23,53,31,51,37,47,29,51,27,43,27,47,29,49,31,49,33,45,39,41,37,45,39,41,37,39,37,43,37,43,39,43,37,39,35,49,37,47,35,43,37,45,31,43,33,39,35,41,31,47,33,43,25,43,31,39,27,37,31,43,19,41,21,37,19,39,21,39,15,35,15,39,11,35,11,31,9,33,0,0,0,0,0,0,0,0,0,0]"""
1782173638312,2026-06-23T09:13:58.312,warning,breathing,lmh,lying_fast_breath,t001,"CSI_DATA,17925,1a:00:00:00:00:00,-62,11,-98,18,45,11,124146501,47,2,256,0,""[0,0,0,0,0,0,0,0,0,0,0,0,-39,-1,-39,-5,-43,-5,-41,-9,-45,-11,-41,-15,-47,-21,-43,-21,-49,-23,-51,-23,-53,-27,-51,-27,-57,-29,-53,-29,-49,-37,-51,-41,-53,-41,-51,-47,-51,-45,-45,-51,-43,-55,-49,-53,-47,-55,-51,-55,-51,-57,-49,-53,-41,-57,-41,-61,-39,-63,-45,-59,-35,-57,-45,-65,-39,-63,-39,-61,-43,-61,-41,-61,-37,-55,-43,-57,-41,-61,-49,-59,-43,-57,-43,-55,-43,-61,-49,-63,-37,-61,-43,-67,-39,-67,-43,-59,-43,-63,-43,-69,-49,-69,-45,-69,-37,-75,-31,-75,-43,-75,-39,-77,-35,-79,0,0,0,0,0,0,-79,19,-79,21,-73,27,-75,15,-73,19,-73,9,-67,17,-77,13,-71,11,-65,7,-61,5,-63,5,-65,9,-61,9,-61,5,-55,3,-63,11,-59,9,-57,5,-55,0,-57,9,-59,0,-53,9,-57,1,-53,1,-57,1,-57,-3,-59,5,-59,0,-55,5,-53,-3,-59,-7,-59,-5,-55,-3,-55,-11,-61,-15,-57,-15,-51,-13,-55,-19,-51,-23,-49,-19,-51,-25,-47,-25,-47,-23,-41,-25,-41,-31,-35,-31,-39,-27,-31,-31,-29,-33,-25,-35,-21,-29,-17,-33,-19,-33,-17,-37,-11,-31,-5,-37,0,0,0,0,0,0,0,0,0,0]"""
1782173638322,2026-06-23T09:13:58.322,warning,breathing,lmh,lying_fast_breath,t001,"CSI_DATA,17926,1a:00:00:00:00:00,-62,11,-98,13,46,11,124157501,47,2,256,0,""[0,0,0,0,0,0,0,0,0,0,0,0,28,26,24,28,24,32,28,34,28,36,28,36,30,39,32,41,36,39,36,45,39,43,43,41,43,43,43,45,39,51,45,49,51,47,49,51,47,45,43,53,47,51,51,49,59,47,59,47,57,49,61,36,57,45,63,43,59,45,63,39,61,34,69,36,67,30,65,28,69,24,71,18,69,14,75,10,73,14,75,4,73,6,75,-4,75,-2,80,-8,73,-6,75,-12,78,-10,71,-18,75,-16,82,-18,78,-22,75,-22,80,-28,80,-26,78,-32,78,-26,75,-36,0,0,0,0,0,0,-30,-78,-32,-71,-43,-65,-39,-67,-43,-63,-39,-59,-34,-59,-39,-59,-39,-55,-36,-51,-43,-47,-41,-45,-47,-39,-43,-47,-49,-43,-51,-39,-53,-34,-51,-32,-45,-32,-51,-26,-57,-20,-53,-26,-51,-20,-49,-22,-51,-22,-47,-20,-51,-18,-55,-10,-55,-20,-57,-6,-53,-10,-55,-12,-57,-16,-55,-10,-53,-6,-57,-16,-57,-12,-57,-12,-57,-10,-53,-8,-53,-6,-55,-6,-55,-12,-51,-10,-51,-12,-51,-6,-45,-12,-49,-10,-45,-12,-43,-10,-41,-10,-41,-8,-36,-12,-36,-12,-39,-14,-34,-12,-32,-14,0,0,0,0,0,0,0,0,0,0]"""
1782173638332,2026-06-23T09:13:58.332,warning,breathing,lmh,lying_fast_breath,t001,"CSI_DATA,17927,1a:00:00:00:00:00,-62,11,-98,19,45,11,124168501,47,2,256,0,""[0,0,0,0,0,0,0,0,0,0,0,0,38,13,34,17,38,21,38,23,38,25,36,29,38,29,38,32,40,38,46,38,44,36,42,40,46,44,48,46,38,50,40,56,44,52,42,60,36,56,34,56,34,63,42,62,38,65,42,62,44,67,42,62,36,65,36,65,36,71,38,63,32,63,40,67,38,65,36,63,40,65,40,63,40,58,46,58,46,63,52,60,46,62,48,58,46,60,54,60,42,58,46,62,44,60,46,58,48,62,54,69,54,62,50,63,44,69,44,69,54,71,52,71,52,73,0,0,0,0,0,0,77,-40,73,-40,69,-44,67,-32,65,-34,62,-27,65,-34,67,-34,65,-29,58,-25,54,-27,56,-27,60,-29,58,-29,54,-31,48,-31,56,-32,52,-31,54,-25,50,-27,50,-29,56,-27,46,-29,50,-27,56,-27,54,-27,52,-25,48,-32,52,-29,46,-29,50,-23,52,-23,56,-23,56,-25,52,-19,60,-17,56,-21,56,-15,58,-17,58,-7,52,-11,54,-9,58,-9,56,-9,52,-1,54,0,48,3,52,0,40,9,42,5,40,7,40,9,42,11,36,11,36,13,32,17,29,19,0,0,0,0,0,0,0,0,0,0]"""
1782173638345,2026-06-23T09:13:58.345,warning,breathing,lmh,lying_fast_breath,t001,"CSI_DATA,17928,1a:00:00:00:00:00,-62,11,-98,14,46,11,124184426,47,2,256,0,""[0,0,0,0,0,0,0,0,0,0,0,0,33,19,33,19,33,23,37,23,37,27,31,31,37,31,37,33,37,35,41,37,39,41,41,41,47,45,47,49,39,53,39,49,45,51,39,55,39,55,39,61,39,65,43,61,41,59,43,61,41,67,43,57,37,63,41,63,39,63,45,59,41,57,45,65,47,59,43,61,51,61,47,55,45,53,51,51,51,57,57,47,53,53,57,45,51,51,63,51,53,49,57,45,59,49,59,41,63,47,65,55,67,53,65,51,61,55,59,53,67,55,71,55,67,53,0,0,0,0,0,0,59,-59,57,-57,53,-61,51,-53,51,-53,47,-47,49,-51,55,-55,49,-47,47,-41,41,-43,41,-41,43,-49,45,-45,41,-43,33,-43,43,-51,39,-47,39,-43,35,-41,31,-47,37,-45,31,-47,33,-45,37,-47,35,-47,33,-45,29,-49,37,-49,27,-47,35,-41,35,-45,37,-47,35,-49,35,-41,45,-47,41,-45,39,-43,41,-41,41,-35,35,-37,41,-35,47,-35,41,-33,43,-29,39,-27,39,-25,39,-25,39,-19,37,-19,39,-17,33,-17,41,-13,37,-9,41,-7,35,-5,35,-1,0,0,0,0,0,0,0,0,0,0]"""
1782173638357,2026-06-23T09:13:58.357,warning,breathing,lmh,lying_fast_breath,t001,"CSI_DATA,17929,1a:00:00:00:00:00,-62,11,-98,22,44,11,124190500,47,2,256,0,""[0,0,0,0,0,0,0,0,0,0,0,0,-33,-15,-31,-19,-37,-17,-35,-23,-39,-23,-39,-25,-39,-27,-39,-31,-43,-31,-39,-35,-49,-39,-45,-33,-47,-39,-47,-45,-43,-45,-47,-43,-55,-43,-51,-53,-47,-47,-49,-43,-47,-49,-51,-57,-47,-51,-49,-55,-53,-57,-49,-51,-47,-55,-53,-57,-49,-53,-55,-49,-49,-47,-55,-53,-55,-49,-55,-45,-59,-47,-59,-45,-55,-41,-61,-39,-61,-45,-69,-35,-65,-39,-69,-29,-67,-37,-69,-37,-67,-37,-65,-33,-71,-29,-69,-31,-71,-35,-77,-37,-77,-35,-79,-25,-79,-39,-71,-39,-79,-35,-77,-37,-79,-25,0,0,0,0,0,0,-39,73,-35,71,-21,77,-37,67,-33,69,-33,61,-29,63,-29,67,-27,67,-29,59,-21,65,-25,59,-21,67,-23,55,-23,65,-17,53,-19,63,-17,55,-19,57,-13,53,-9,55,-19,59,-7,55,-11,53,-15,55,-17,55,-13,55,-9,59,-15,57,-3,55,-13,53,-15,59,-13,55,-9,63,-13,53,-19,59,-15,55,-13,55,-21,59,-17,51,-17,49,-21,49,-23,57,-17,53,-23,49,-19,45,-17,41,-25,43,-27,37,-23,33,-25,35,-27,31,-25,35,-27,29,-31,23,-25,21,-31,21,0,0,0,0,0,0,0,0,0,0]"""
1782173638368,2026-06-23T09:13:58.368,warning,breathing,lmh,lying_fast_breath,t001,"CSI_DATA,17930,1a:00:00:00:00:00,-62,11,-98,16,45,11,124201658,47,2,256,0,""[0,0,0,0,0,0,0,0,0,0,0,0,-35,12,-38,10,-40,10,-42,10,-44,12,-46,10,-48,12,-48,10,-54,14,-52,19,-57,16,-57,16,-54,21,-59,21,-61,12,-67,19,-63,25,-69,16,-63,16,-61,23,-63,21,-69,23,-71,23,-67,29,-71,25,-65,31,-67,31,-69,35,-65,31,-63,38,-61,35,-63,44,-59,46,-54,46,-54,52,-57,50,-50,48,-48,59,-46,57,-44,65,-40,61,-40,65,-40,65,-31,71,-35,63,-29,69,-31,71,-21,69,-25,71,-23,78,-21,76,-19,78,-27,82,-25,78,-14,82,-14,84,-14,84,0,0,0,0,0,0,82,12,78,10,78,2,76,8,78,4,71,8,71,-4,78,0,65,-4,65,0,65,-2,65,-4,65,-8,61,-12,63,-10,59,-16,59,-23,57,-23,59,-19,54,-21,54,-29,54,-21,46,-27,46,-25,48,-27,46,-29,50,-27,44,-35,46,-33,46,-38,48,-33,48,-38,46,-33,42,-38,44,-38,44,-38,42,-35,40,-38,42,-38,46,-33,40,-33,44,-38,42,-33,40,-35,42,-31,38,-29,40,-29,38,-31,40,-27,38,-25,40,-25,35,-25,31,-19,35,-16,31,-19,35,-16,38,-10,0,0,0,0,0,0,0,0,0,0]"""
1782173638379,2026-06-23T09:13:58.379,warning,breathing,lmh,lying_fast_breath,t001,"CSI_DATA,17931,1a:00:00:00:00:00,-62,11,-98,22,44,11,124212715,47,2,256,0,""[0,0,0,0,0,0,0,0,0,0,0,0,-35,15,-37,9,-41,13,-43,9,-45,7,-49,7,-49,3,-45,1,-53,3,-51,0,-55,0,-55,-5,-61,-1,-65,-3,-63,-11,-63,-7,-67,-5,-71,-15,-69,-15,-69,-23,-71,-29,-69,-19,-69,-19,-71,-19,-75,-21,-67,-17,-63,-25,-69,-25,-69,-23,-71,-23,-63,-21,-77,-25,-73,-25,-71,-21,-73,-21,-75,-19,-61,-15,-73,-13,-71,-19,-77,-13,-71,-17,-73,-9,-73,-13,-79,-9,-73,-13,-75,-11,-73,-15,-71,-13,-75,-13,-79,-17,-83,-15,-71,-11,-83,-23,-83,-23,-87,-19,-87,-23,-85,-23,0,0,0,0,0,0,-31,81,-31,73,-25,77,-29,73,-29,67,-33,67,-31,65,-33,67,-31,65,-29,65,-29,61,-25,57,-29,63,-27,59,-29,57,-21,57,-27,63,-21,55,-27,53,-21,51,-21,57,-25,51,-21,49,-23,51,-27,51,-25,49,-25,49,-23,57,-27,57,-21,53,-27,47,-27,53,-29,49,-25,51,-27,47,-37,49,-33,51,-31,45,-33,47,-39,41,-39,39,-37,43,-39,37,-41,35,-43,31,-37,31,-39,29,-39,25,-41,21,-39,19,-39,11,-39,19,-39,11,-43,9,-39,7,-31,3,-35,1,0,0,0,0,0,0,0,0,0,0]"""
1782173638389,2026-06-23T09:13:58.389,warning,breathing,lmh,lying_fast_breath,t001,"CSI_DATA,17932,1a:00:00:00:00:00,-62,11,-98,17,45,11,124225300,47,2,256,0,""[0,0,0,0,0,0,0,0,0,0,0,0,14,-32,16,-34,18,-39,22,-43,20,-39,22,-39,20,-43,24,-43,22,-47,26,-49,24,-53,20,-53,20,-59,22,-59,26,-59,24,-61,16,-63,24,-65,20,-65,26,-65,30,-65,18,-71,20,-69,14,-73,18,-78,6,-69,12,-67,10,-69,8,-75,0,-73,0,-69,-2,-80,-6,-75,-8,-71,-14,-75,-18,-71,-18,-65,-28,-67,-28,-69,-34,-67,-34,-67,-41,-61,-39,-59,-51,-65,-43,-59,-47,-57,-51,-57,-51,-55,-57,-55,-61,-61,-65,-53,-63,-45,-61,-53,-61,-53,-71,-47,-71,-47,-71,-45,0,0,0,0,0,0,-43,69,-36,71,-28,75,-32,67,-26,67,-26,65,-22,69,-22,73,-20,67,-20,61,-14,63,-12,59,-6,61,-8,67,-4,65,2,57,2,65,4,63,2,59,8,55,18,55,12,57,14,53,16,55,14,57,20,55,20,51,30,51,22,57,28,47,22,51,24,51,32,55,34,49,28,45,32,57,30,51,32,49,32,49,28,47,30,43,30,45,32,47,34,45,28,45,30,41,26,41,28,36,22,39,24,39,22,34,18,34,22,32,20,36,18,32,16,32,12,32,0,0,0,0,0,0,0,0,0,0]"""
1782173638399,2026-06-23T09:13:58.399,warning,breathing,lmh,lying_fast_breath,t001,"CSI_DATA,17933,1a:00:00:00:00:00,-62,11,-98,16,45,11,124234500,47,2,256,0,""[0,0,0,0,0,0,0,0,0,0,0,0,-35,-16,-35,-16,-35,-14,-38,-23,-40,-23,-42,-21,-44,-23,-42,-25,-48,-23,-48,-27,-52,-29,-54,-27,-59,-25,-57,-29,-52,-35,-57,-27,-65,-23,-63,-33,-59,-31,-59,-29,-54,-31,-67,-25,-67,-31,-69,-27,-73,-29,-71,-19,-71,-23,-71,-21,-67,-19,-71,-14,-67,-12,-78,-12,-76,-8,-69,-6,-73,0,-78,4,-69,4,-73,12,-71,8,-73,14,-71,12,-69,27,-76,23,-73,29,-71,29,-69,31,-71,33,-67,38,-65,35,-71,44,-69,42,-67,48,-71,46,-69,46,-67,52,-67,54,-63,54,0,0,0,0,0,0,50,65,50,63,57,50,52,54,54,50,52,50,52,48,54,46,48,42,54,46,54,38,52,33,61,31,50,33,54,31,52,25,59,25,52,23,52,27,57,16,61,8,59,14,50,10,52,10,52,14,57,10,57,4,59,4,59,8,54,-2,54,2,59,2,59,2,59,-2,57,0,63,2,57,2,54,-2,61,0,54,0,52,-4,57,-2,52,2,52,0,50,6,48,-4,50,0,50,0,48,4,46,-2,44,6,42,4,40,4,40,8,35,8,35,6,33,10,0,0,0,0,0,0,0,0,0,0]"""
1782173638412,2026-06-23T09:13:58.412,warning,breathing,lmh,lying_fast_breath,t001,"CSI_DATA,17934,1a:00:00:00:00:00,-62,11,-98,19,45,11,124245500,47,2,256,0,""[0,0,0,0,0,0,0,0,0,0,0,0,-36,13,-38,7,-38,7,-44,5,-44,1,-46,0,-48,0,-50,-5,-58,-3,-56,-7,-58,-9,-58,-7,-65,-9,-63,-11,-65,-19,-62,-15,-69,-13,-63,-23,-65,-23,-65,-21,-63,-25,-71,-29,-62,-29,-67,-29,-71,-36,-65,-27,-63,-34,-67,-34,-65,-32,-69,-31,-62,-29,-71,-36,-67,-31,-65,-32,-69,-31,-67,-25,-63,-27,-71,-23,-71,-29,-73,-23,-73,-29,-69,-19,-71,-23,-75,-23,-69,-25,-69,-19,-71,-27,-69,-21,-75,-29,-77,-29,-79,-29,-81,-27,-79,-34,-71,-34,-83,-27,-83,-31,-77,-32,0,0,0,0,0,0,-42,73,-42,71,-38,71,-34,63,-34,63,-38,62,-36,58,-42,65,-36,56,-36,54,-34,52,-32,50,-34,58,-36,52,-32,50,-31,50,-29,60,-32,52,-38,52,-29,46,-27,50,-34,46,-29,50,-29,52,-32,46,-34,52,-31,44,-29,50,-36,50,-27,44,-34,42,-34,46,-36,46,-34,50,-32,40,-46,44,-42,42,-42,40,-44,42,-40,34,-40,32,-46,34,-48,32,-46,31,-46,27,-40,23,-46,19,-44,23,-44,13,-38,13,-44,5,-40,7,-40,7,-38,1,-38,1,-36,-3,-34,-7,0,0,0,0,0,0,0,0,0,0]"""
1782173638420,2026-06-23T09:13:58.420,warning,breathing,lmh,lying_fast_breath,t001,"CSI_DATA,17935,1a:00:00:00:00:00,-62,11,-98,18,45,11,124258556,47,2,256,0,""[0,0,0,0,0,0,0,0,0,0,0,0,35,-9,37,-7,43,-7,45,-5,47,-3,45,3,49,1,45,3,51,7,53,7,55,5,57,11,63,9,67,11,61,19,61,23,65,17,63,23,63,23,59,33,63,37,63,37,59,35,63,31,69,41,63,31,61,39,63,43,61,45,63,37,57,39,63,43,63,43,61,41,65,41,61,41,57,37,63,35,65,37,67,35,65,39,63,33,63,43,71,41,59,39,63,39,63,45,61,39,67,47,67,45,73,47,65,45,63,55,63,55,73,53,65,53,65,55,0,0,0,0,0,0,67,-57,61,-51,57,-59,57,-45,57,-47,57,-41,57,-41,59,-47,57,-43,55,-33,51,-33,51,-31,51,-35,53,-35,51,-33,43,-33,51,-39,49,-37,51,-29,47,-31,49,-33,49,-27,45,-33,51,-29,53,-29,51,-29,45,-25,49,-31,53,-29,43,-29,47,-23,53,-23,53,-21,53,-23,53,-15,61,-17,57,-13,55,-11,59,-11,53,-3,51,-7,51,-5,55,0,55,-1,55,1,49,5,45,11,49,7,43,13,39,11,39,17,39,17,37,17,37,21,33,15,27,21,23,25,0,0,0,0,0,0,0,0,0,0]"""
1782173638432,2026-06-23T09:13:58.432,warning,breathing,lmh,lying_fast_breath,t001,"CSI_DATA,17936,1a:00:00:00:00:00,-62,11,-98,17,45,11,124267500,47,2,256,0,""[0,0,0,0,0,0,0,0,0,0,0,0,18,34,12,34,12,43,14,45,14,43,10,43,14,45,16,51,16,49,16,55,22,53,20,53,26,59,24,59,16,59,24,61,32,61,26,63,24,61,28,65,28,71,28,69,32,67,39,63,36,67,41,57,36,63,41,65,41,63,49,55,45,53,47,55,51,53,49,51,57,51,63,41,57,41,63,32,65,39,71,32,69,32,73,24,69,24,75,20,67,18,78,8,75,18,75,8,80,12,86,12,82,8,82,2,84,6,86,6,90,-2,86,2,86,-4,0,0,0,0,0,0,-4,-80,-6,-82,-14,-78,-12,-71,-20,-75,-12,-65,-14,-69,-16,-71,-16,-65,-18,-59,-20,-57,-22,-55,-30,-57,-26,-59,-26,-53,-34,-45,-36,-53,-34,-49,-30,-47,-39,-41,-43,-39,-39,-43,-36,-36,-39,-39,-34,-45,-43,-34,-47,-36,-49,-28,-51,-34,-51,-22,-47,-26,-49,-26,-51,-36,-51,-28,-49,-24,-49,-32,-51,-30,-49,-28,-53,-32,-49,-26,-47,-22,-47,-24,-47,-30,-47,-24,-43,-26,-47,-22,-41,-24,-45,-22,-39,-22,-36,-22,-34,-18,-36,-20,-30,-22,-30,-24,-30,-24,-28,-18,-26,-26,0,0,0,0,0,0,0,0,0,0]"""
1782173638442,2026-06-23T09:13:58.442,warning,breathing,lmh,lying_fast_breath,t001,"CSI_DATA,17937,1a:00:00:00:00:00,-62,11,-98,13,46,11,124278500,47,2,256,0,""[0,0,0,0,0,0,0,0,0,0,0,0,-16,34,-18,34,-18,36,-22,41,-22,41,-26,39,-26,41,-28,41,-28,45,-28,45,-32,49,-30,51,-30,57,-30,57,-36,55,-36,57,-32,63,-39,59,-34,55,-32,61,-34,61,-39,65,-36,59,-32,63,-36,69,-30,63,-36,63,-34,67,-30,67,-24,71,-26,65,-24,75,-22,73,-18,71,-12,75,-12,73,-8,65,-8,71,-6,73,2,75,4,73,8,71,6,75,16,82,10,69,14,73,16,73,22,71,24,78,22,82,26,80,24,75,24,82,22,82,32,82,36,80,36,78,0,0,0,0,0,0,80,-32,75,-30,69,-41,65,-30,65,-32,65,-28,65,-39,65,-39,57,-36,53,-32,53,-36,49,-32,53,-41,51,-43,47,-36,41,-41,43,-47,41,-47,43,-45,36,-45,32,-49,39,-47,32,-47,28,-47,30,-47,28,-47,32,-47,26,-55,30,-53,24,-51,28,-49,26,-53,26,-53,22,-55,24,-49,30,-57,24,-55,24,-53,24,-55,26,-45,24,-47,26,-45,26,-51,24,-47,26,-47,26,-45,26,-39,24,-43,26,-39,22,-36,28,-30,22,-32,26,-32,24,-32,24,-28,24,-26,26,-18,0,0,0,0,0,0,0,0,0,0]"""
1782173638452,2026-06-23T09:13:58.452,warning,breathing,lmh,lying_fast_breath,t001,"CSI_DATA,17938,1a:00:00:00:00:00,-62,11,-98,17,45,11,124289500,47,2,256,0,""[0,0,0,0,0,0,0,0,0,0,0,0,-36,12,-39,10,-43,10,-43,6,-45,10,-45,4,-47,8,-51,4,-53,8,-57,4,-61,6,-57,8,-61,6,-61,6,-61,2,-67,2,-69,10,-73,4,-63,2,-69,6,-69,4,-75,2,-71,6,-71,6,-78,4,-73,12,-75,8,-73,8,-71,8,-73,12,-69,12,-78,12,-73,14,-69,16,-75,20,-71,24,-67,26,-67,30,-69,28,-65,34,-67,32,-63,43,-69,43,-61,45,-63,39,-61,45,-63,43,-61,47,-61,47,-67,49,-61,51,-65,57,-67,53,-69,51,-63,61,-61,55,-59,55,0,0,0,0,0,0,51,63,49,63,53,55,53,59,55,57,47,53,49,51,51,51,47,47,47,49,49,45,47,45,53,41,47,41,49,41,49,34,51,34,49,32,45,32,51,30,57,24,53,32,45,24,49,26,51,28,51,28,55,26,53,18,55,24,57,14,55,22,55,20,53,24,53,20,53,16,53,26,53,24,49,22,53,24,51,26,49,22,55,24,47,30,49,24,45,30,45,22,43,26,41,22,36,24,39,26,32,26,32,28,26,26,24,30,24,28,26,26,22,28,0,0,0,0,0,0,0,0,0,0]"""
1782173638464,2026-06-23T09:13:58.464,warning,breathing,lmh,lying_fast_breath,t001,"CSI_DATA,17939,1a:00:00:00:00:00,-62,11,-98,18,45,11,124300500,47,2,256,0,""[0,0,0,0,0,0,0,0,0,0,0,0,-33,-17,-29,-23,-35,-25,-35,-27,-35,-31,-31,-29,-35,-29,-37,-33,-39,-35,-39,-39,-39,-39,-41,-37,-45,-41,-45,-47,-39,-51,-39,-51,-45,-49,-41,-55,-39,-51,-41,-57,-43,-55,-43,-59,-43,-57,-43,-57,-47,-67,-47,-53,-39,-59,-43,-59,-45,-61,-49,-57,-45,-55,-49,-61,-49,-55,-47,-53,-53,-55,-55,-49,-49,-47,-55,-47,-55,-51,-59,-45,-59,-49,-61,-39,-59,-43,-69,-43,-59,-41,-65,-35,-63,-39,-65,-35,-69,-41,-71,-43,-69,-41,-71,-37,-69,-47,-67,-45,-81,-45,-75,-43,-75,-45,0,0,0,0,0,0,-47,71,-47,71,-41,71,-39,65,-39,67,-39,59,-37,59,-41,63,-39,57,-31,53,-25,53,-29,51,-25,57,-27,59,-27,53,-21,53,-23,59,-21,55,-27,53,-19,53,-13,55,-21,51,-17,53,-21,53,-21,53,-23,53,-17,53,-13,57,-19,57,-9,53,-17,51,-17,55,-21,53,-15,55,-15,47,-25,55,-21,55,-21,53,-25,57,-21,49,-23,47,-25,45,-29,49,-27,49,-29,43,-27,45,-29,35,-29,43,-23,35,-23,31,-29,27,-27,29,-31,27,-31,23,-31,21,-27,21,-31,19,0,0,0,0,0,0,0,0,0,0]"""
1782173638475,2026-06-23T09:13:58.475,warning,breathing,lmh,lying_fast_breath,t001,"CSI_DATA,17940,1a:00:00:00:00:00,-62,11,-98,18,45,11,124311500,47,2,256,0,""[0,0,0,0,0,0,0,0,0,0,0,0,-19,-33,-19,-33,-19,-37,-19,-41,-21,-41,-13,-45,-17,-49,-13,-49,-17,-53,-13,-53,-13,-53,-13,-57,-15,-59,-11,-63,-7,-65,-7,-67,-13,-69,-5,-69,-7,-65,-1,-69,0,-73,-5,-71,-1,-71,-7,-71,-1,-75,-3,-73,3,-75,1,-75,-1,-71,-5,-71,1,-71,-3,-79,-5,-73,-5,-69,-7,-77,-7,-75,-7,-67,-11,-73,-9,-69,-17,-75,-11,-73,-17,-73,-15,-75,-19,-79,-13,-73,-15,-71,-19,-75,-21,-71,-21,-77,-21,-85,-23,-79,-19,-79,-15,-85,-13,-81,-23,-85,-21,-83,-21,-81,0,0,0,0,0,0,-85,7,-79,7,-77,15,-77,5,-71,9,-73,5,-67,9,-73,11,-69,7,-65,3,-67,5,-61,3,-65,9,-61,11,-61,3,-57,7,-61,13,-61,11,-57,7,-57,11,-55,15,-57,7,-47,15,-53,9,-53,9,-55,11,-55,9,-55,15,-59,11,-55,15,-53,7,-63,7,-55,7,-55,9,-55,5,-59,3,-55,1,-55,5,-55,1,-55,0,-53,-1,-57,-3,-55,-5,-53,-3,-51,-9,-51,-7,-47,-11,-43,-9,-45,-13,-39,-13,-41,-19,-39,-15,-35,-15,-33,-25,-29,-21,-27,-23,-23,-25,0,0,0,0,0,0,0,0,0,0]"""
1782173638486,2026-06-23T09:13:58.486,warning,breathing,lmh,lying_fast_breath,t001,"CSI_DATA,17941,1a:00:00:00:00:00,-62,11,-98,18,45,11,124324288,47,2,256,0,""[0,0,0,0,0,0,0,0,0,0,0,0,-31,-21,-29,-21,-33,-25,-33,-29,-33,-31,-33,-31,-37,-31,-37,-35,-43,-39,-39,-41,-43,-39,-43,-37,-47,-41,-45,-41,-43,-51,-49,-45,-53,-47,-47,-53,-45,-49,-45,-51,-39,-55,-53,-55,-49,-51,-51,-53,-55,-57,-55,-45,-51,-53,-57,-51,-53,-51,-61,-47,-51,-43,-63,-45,-61,-43,-61,-41,-63,-41,-63,-39,-57,-33,-67,-29,-65,-31,-73,-25,-69,-31,-73,-17,-71,-19,-77,-23,-71,-17,-71,-15,-77,-13,-73,-13,-75,-15,-83,-15,-81,-13,-79,-7,-85,-13,-81,-15,-87,-7,-89,-7,-81,-7,0,0,0,0,0,0,-15,85,-11,81,-1,79,-5,77,-3,71,-5,71,-3,73,-5,79,-3,67,-1,65,3,65,1,61,5,63,1,63,5,61,13,59,13,63,9,61,7,61,13,53,17,55,13,53,15,53,13,53,11,53,15,55,19,53,23,53,17,59,27,47,19,53,23,53,19,55,23,55,21,49,17,57,21,57,17,53,17,57,17,53,17,47,17,51,13,55,15,53,11,51,15,49,9,47,9,49,7,45,5,43,3,41,1,43,3,39,-1,45,-3,35,-1,35,-5,37,0,0,0,0,0,0,0,0,0,0]"""
1782173638495,2026-06-23T09:13:58.495,warning,breathing,lmh,lying_fast_breath,t001,"CSI_DATA,17942,1a:00:00:00:00:00,-62,11,-98,13,46,11,124333499,47,2,256,0,""[0,0,0,0,0,0,0,0,0,0,0,0,41,-4,39,-2,45,-2,45,2,47,6,45,8,45,8,47,12,55,16,57,18,55,18,57,20,59,22,61,22,55,30,55,36,61,32,59,45,53,39,55,39,51,43,59,49,53,51,57,49,57,55,55,49,47,57,47,55,49,59,53,53,43,53,51,57,51,55,49,57,51,57,47,57,47,51,49,53,49,57,55,55,51,57,55,53,45,59,57,59,47,57,51,55,47,59,53,55,47,61,51,69,51,65,47,67,41,71,39,73,49,73,45,73,43,78,0,0,0,0,0,0,80,-30,80,-28,75,-34,69,-18,71,-26,69,-16,71,-22,73,-20,71,-16,63,-10,61,-12,59,-10,61,-12,65,-14,59,-8,57,-12,61,-14,61,-12,59,-6,57,-6,57,-10,61,-4,55,-8,55,-6,59,-2,59,-2,57,-2,57,-8,61,-4,57,-4,55,6,59,4,59,6,59,4,55,10,59,10,59,14,59,12,57,16,49,22,49,20,51,24,53,28,49,22,45,28,41,28,34,34,43,30,30,32,28,32,24,39,26,32,20,32,22,34,16,36,16,32,8,32,0,0,0,0,0,0,0,0,0,0]"""
1782173638508,2026-06-23T09:13:58.508,warning,breathing,lmh,lying_fast_breath,t001,"CSI_DATA,17943,1a:00:00:00:00:00,-62,11,-98,17,45,11,124344985,47,2,256,0,""[0,0,0,0,0,0,0,0,0,0,0,0,-24,-26,-22,-30,-22,-34,-24,-39,-18,-36,-20,-43,-22,-43,-22,-47,-22,-53,-22,-53,-22,-53,-22,-53,-28,-57,-28,-59,-18,-61,-20,-59,-24,-61,-20,-67,-22,-65,-22,-63,-14,-67,-24,-71,-20,-69,-24,-73,-20,-75,-26,-67,-20,-69,-18,-73,-24,-71,-26,-69,-22,-65,-28,-71,-30,-69,-28,-67,-32,-67,-32,-67,-30,-61,-36,-61,-39,-67,-47,-61,-41,-63,-47,-59,-41,-59,-55,-61,-41,-55,-47,-55,-47,-59,-51,-55,-53,-61,-55,-65,-57,-61,-53,-55,-51,-63,-51,-59,-59,-63,-57,-63,-61,-61,0,0,0,0,0,0,-67,55,-63,49,-59,57,-55,49,-57,53,-53,45,-55,49,-55,53,-51,49,-47,43,-47,45,-41,43,-43,49,-43,51,-41,45,-39,47,-39,51,-39,49,-39,43,-34,45,-28,51,-36,45,-26,45,-30,47,-32,49,-32,51,-32,45,-28,51,-34,51,-26,49,-30,47,-32,49,-34,51,-26,51,-28,47,-36,49,-34,51,-36,47,-36,47,-32,43,-34,41,-36,41,-36,43,-36,41,-36,39,-32,34,-39,30,-34,34,-34,24,-32,22,-36,22,-32,18,-32,22,-34,20,-34,16,-32,12,-32,8,0,0,0,0,0,0,0,0,0,0]"""
1782173638517,2026-06-23T09:13:58.517,warning,breathing,lmh,lying_fast_breath,t001,"CSI_DATA,17944,1a:00:00:00:00:00,-62,11,-98,17,45,11,124355499,47,2,256,0,""[0,0,0,0,0,0,0,0,0,0,0,0,-30,22,-34,18,-36,20,-45,18,-41,18,-47,18,-49,18,-49,14,-57,16,-55,14,-55,14,-57,14,-61,16,-65,12,-67,4,-63,8,-69,12,-67,4,-71,2,-73,-2,-71,-6,-73,-2,-69,-2,-78,-2,-80,-6,-71,2,-71,-4,-78,-8,-73,-10,-75,-4,-69,-6,-80,-4,-75,-4,-73,-4,-78,-4,-75,-2,-65,2,-75,6,-75,-2,-78,4,-78,0,-73,10,-78,4,-80,8,-78,6,-73,8,-75,8,-75,8,-78,4,-84,2,-84,4,-82,4,-86,-2,-84,-4,-86,-2,-88,2,-86,-4,0,0,0,0,0,0,-14,86,-16,78,-6,82,-8,75,-8,71,-12,69,-14,69,-14,75,-12,67,-14,67,-12,65,-12,57,-12,65,-12,63,-14,63,-4,59,-8,65,-14,59,-16,61,-4,53,-6,57,-12,51,-6,55,-10,55,-14,55,-14,55,-6,55,-6,59,-14,59,-4,55,-14,53,-12,57,-16,55,-18,61,-14,55,-24,59,-22,59,-20,53,-26,55,-24,47,-22,43,-26,47,-30,47,-30,45,-34,45,-26,41,-30,34,-32,36,-30,30,-32,28,-30,26,-30,26,-36,24,-34,20,-36,14,-30,14,-32,8,0,0,0,0,0,0,0,0,0,0]"""
1782173638528,2026-06-23T09:13:58.528,warning,breathing,lmh,lying_fast_breath,t001,"CSI_DATA,17945,1a:00:00:00:00:00,-62,11,-98,19,45,11,124366499,47,2,256,0,""[0,0,0,0,0,0,0,0,0,0,0,0,1,-40,3,-38,5,-44,9,-44,9,-48,11,-42,13,-46,15,-50,13,-54,13,-54,17,-58,15,-58,15,-62,17,-63,25,-60,25,-67,17,-65,29,-67,23,-62,19,-63,23,-65,25,-73,29,-69,27,-69,29,-73,21,-71,29,-71,25,-73,23,-75,17,-75,21,-69,19,-73,13,-73,15,-71,11,-77,5,-75,3,-69,3,-73,1,-75,-3,-77,0,-77,-7,-77,-1,-73,-13,-83,-5,-69,-11,-75,-9,-75,-17,-75,-21,-81,-15,-87,-19,-81,-15,-81,-15,-87,-11,-83,-21,-87,-21,-85,-23,-83,0,0,0,0,0,0,-81,17,-79,19,-75,25,-75,13,-75,17,-69,13,-71,23,-69,21,-67,21,-62,15,-58,19,-60,19,-62,27,-62,25,-58,19,-52,23,-58,31,-54,29,-54,27,-54,27,-48,32,-52,27,-42,31,-48,31,-50,32,-50,31,-48,32,-46,38,-50,36,-44,36,-46,31,-50,31,-48,36,-44,34,-48,29,-52,32,-44,31,-46,31,-52,34,-48,29,-46,27,-48,25,-48,27,-48,27,-48,23,-44,25,-44,15,-44,21,-38,11,-38,11,-40,11,-40,11,-42,11,-38,3,-34,5,-36,3,-34,0,0,0,0,0,0,0,0,0,0,0]"""
1782173638539,2026-06-23T09:13:58.539,warning,breathing,lmh,lying_fast_breath,t001,"CSI_DATA,17946,1a:00:00:00:00:00,-62,11,-98,16,45,11,124378035,47,2,256,0,""[0,0,0,0,0,0,0,0,0,0,0,0,-25,29,-31,27,-31,25,-35,27,-38,25,-42,25,-42,27,-42,25,-48,33,-46,25,-50,31,-50,33,-54,33,-54,33,-61,27,-57,31,-61,38,-65,31,-61,29,-61,31,-61,21,-67,35,-67,31,-67,35,-69,33,-61,40,-65,33,-71,35,-63,35,-61,40,-61,40,-67,42,-61,40,-57,38,-59,46,-63,48,-52,44,-52,52,-52,50,-48,57,-50,54,-42,59,-48,61,-46,65,-48,61,-42,61,-46,63,-42,63,-40,63,-44,67,-38,71,-40,73,-50,73,-46,67,-40,76,-42,76,-40,69,0,0,0,0,0,0,65,44,67,44,69,35,65,42,65,38,59,40,61,31,67,33,57,31,59,35,57,27,52,29,61,27,54,25,57,23,57,16,59,19,54,16,52,21,54,16,61,10,59,19,50,12,54,10,54,16,54,12,57,14,54,6,57,10,59,4,57,10,61,12,57,12,54,8,57,8,57,12,59,12,54,12,57,16,52,16,54,14,59,14,52,19,50,12,48,19,50,14,46,23,44,16,44,21,40,16,35,23,35,21,33,21,31,27,29,21,27,25,27,23,0,0,0,0,0,0,0,0,0,0]"""
1782173638554,2026-06-23T09:13:58.554,warning,breathing,lmh,lying_fast_breath,t001,"CSI_DATA,17947,1a:00:00:00:00:00,-61,11,-98,16,43,11,124392188,47,2,256,0,""[0,0,0,0,0,0,0,0,0,0,0,0,5,-34,10,-31,10,-42,7,-42,10,-45,15,-45,10,-42,13,-50,10,-55,7,-55,5,-55,7,-58,2,-63,2,-63,10,-63,2,-69,-7,-69,0,-71,2,-66,-5,-66,-10,-69,-5,-71,-15,-71,-18,-69,-21,-74,-21,-63,-18,-69,-23,-74,-29,-69,-39,-61,-39,-63,-45,-66,-37,-58,-50,-53,-53,-55,-61,-45,-55,-50,-66,-45,-61,-31,-82,-26,-66,-34,-87,-23,-66,-39,-85,-50,-93,-10,-79,23,-21,-42,-55,47,-66,18,-37,-58,-74,-10,-55,58,-98,-39,-119,10,-159,2,-53,55,-13,5,0,0,0,0,0,0,0,13,-2,82,101,111,-7,37,18,82,101,50,37,63,55,5,21,55,79,45,58,87,53,13,58,21,74,26,50,42,50,21,61,21,58,26,50,23,53,7,58,7,61,7,50,5,58,7,55,5,63,2,61,0,53,-7,63,-5,55,-18,58,-13,58,-18,58,-15,58,-18,50,-23,55,-21,61,-21,53,-21,55,-26,58,-21,42,-29,50,-26,47,-26,47,-29,47,-23,39,-29,42,-26,42,-29,39,-23,34,-21,34,-23,37,-23,34,-23,37,-18,37,-21,31,-21,34,-18,0,0,0,0,0,0,0,0,0,0]"""
1782173638562,2026-06-23T09:13:58.562,warning,breathing,lmh,lying_fast_breath,t001,"CSI_DATA,17948,1a:00:00:00:00:00,-62,11,-98,18,45,11,124399499,47,2,256,0,""[0,0,0,0,0,0,0,0,0,0,0,0,37,15,31,19,41,19,39,25,37,27,33,33,35,31,37,33,41,37,39,39,37,41,37,45,41,49,43,51,31,53,37,59,39,57,33,65,29,59,31,59,25,63,35,69,29,71,27,67,29,75,27,69,21,73,23,71,23,73,27,69,19,69,23,69,25,67,23,67,25,71,25,75,23,67,23,67,23,71,33,69,25,67,31,71,25,69,33,75,25,67,27,69,27,73,27,65,29,73,33,81,31,75,27,77,17,79,19,83,25,87,25,79,23,79,0,0,0,0,0,0,83,-7,83,-7,73,-13,77,-5,79,-7,71,1,75,-5,73,-3,75,-1,63,1,61,-1,59,3,63,-1,65,-1,59,3,57,1,63,-3,63,-1,55,1,59,0,55,-3,61,5,51,-1,55,0,57,3,57,3,59,5,57,0,59,3,55,3,55,11,57,9,59,9,57,7,55,11,55,13,57,13,53,15,55,19,49,23,49,21,49,27,49,27,47,25,43,27,43,29,33,33,41,29,29,31,27,31,27,35,23,33,23,29,21,31,15,31,11,33,5,39,0,0,0,0,0,0,0,0,0,0]"""
1782173638573,2026-06-23T09:13:58.573,warning,breathing,lmh,lying_fast_breath,t001,"CSI_DATA,17949,1a:00:00:00:00:00,-62,11,-98,16,45,11,124410499,47,2,256,0,""[0,0,0,0,0,0,0,0,0,0,0,0,-27,25,-31,23,-33,25,-40,25,-38,27,-40,27,-42,25,-46,25,-48,29,-48,25,-52,27,-52,27,-57,31,-57,31,-63,23,-63,27,-65,31,-67,27,-63,25,-69,21,-71,25,-65,23,-69,29,-69,25,-73,25,-63,33,-71,23,-71,29,-67,25,-69,27,-65,27,-71,31,-65,31,-65,33,-65,35,-65,40,-61,38,-63,44,-63,40,-61,46,-61,44,-52,52,-61,48,-59,52,-57,48,-54,54,-59,54,-54,54,-57,54,-59,54,-59,59,-54,61,-63,61,-63,57,-59,65,-59,59,-57,61,0,0,0,0,0,0,52,65,52,63,57,52,52,57,52,54,46,57,50,52,48,52,46,46,46,50,48,44,46,42,50,42,44,38,46,42,50,35,48,40,46,35,44,35,46,33,52,33,50,38,44,29,46,31,44,33,46,31,48,29,50,25,48,31,52,23,48,29,52,31,46,31,48,31,48,29,48,35,46,33,44,31,46,35,46,40,44,31,46,38,38,38,35,35,33,40,38,31,35,38,29,35,27,35,29,35,23,35,23,35,19,38,21,35,14,33,14,31,8,35,0,0,0,0,0,0,0,0,0,0]"""
1782173638584,2026-06-23T09:13:58.584,warning,breathing,lmh,lying_fast_breath,t001,"CSI_DATA,17950,1a:00:00:00:00:00,-62,11,-98,17,45,11,124421499,47,2,256,0,""[0,0,0,0,0,0,0,0,0,0,0,0,-8,-36,-10,-39,-12,-39,-8,-47,-10,-47,-10,-45,-10,-49,-12,-49,-10,-55,-10,-55,-10,-55,-14,-57,-18,-63,-14,-63,-10,-69,-16,-59,-22,-67,-16,-67,-16,-67,-16,-75,-16,-73,-18,-71,-20,-65,-26,-73,-24,-75,-28,-65,-26,-67,-26,-69,-30,-67,-36,-67,-30,-61,-39,-71,-39,-63,-39,-61,-45,-63,-47,-55,-45,-51,-51,-49,-53,-53,-57,-47,-57,-51,-63,-36,-61,-41,-71,-41,-65,-39,-67,-34,-69,-34,-65,-26,-71,-30,-75,-36,-75,-28,-78,-22,-80,-30,-73,-26,-82,-24,-86,-24,-82,-24,0,0,0,0,0,0,-20,86,-18,78,-12,80,-14,75,-12,69,-10,71,-6,71,-2,80,-6,67,-4,67,2,63,2,59,6,63,4,63,4,61,12,55,16,65,16,59,10,61,18,51,28,51,16,57,20,55,22,55,16,57,22,53,22,47,30,49,28,57,32,47,24,47,32,51,30,49,36,49,30,45,32,53,32,51,34,45,30,49,30,45,26,41,30,45,30,47,28,45,28,47,28,39,22,43,26,41,16,39,18,36,20,36,16,34,18,34,14,34,14,36,14,34,8,32,0,0,0,0,0,0,0,0,0,0]"""
1782173638594,2026-06-23T09:13:58.594,warning,breathing,lmh,lying_fast_breath,t001,"CSI_DATA,17951,1a:00:00:00:00:00,-62,11,-98,16,45,11,124432708,47,2,256,0,""[0,0,0,0,0,0,0,0,0,0,0,0,-40,0,-40,-2,-42,-2,-48,-4,-44,-4,-48,-6,-48,-4,-50,-6,-54,-6,-54,-8,-59,-4,-59,-4,-61,-4,-65,-8,-67,-16,-65,-6,-71,-4,-69,-10,-69,-10,-71,-12,-71,-14,-76,-8,-73,-6,-73,-4,-80,-8,-73,2,-73,-4,-82,0,-73,-4,-76,6,-71,2,-78,6,-71,6,-71,10,-76,14,-73,21,-65,21,-69,27,-69,25,-69,31,-69,29,-65,42,-69,35,-65,42,-65,38,-63,44,-65,44,-61,46,-63,46,-65,50,-65,52,-61,57,-67,57,-61,50,-63,61,-63,61,-59,59,0,0,0,0,0,0,52,65,52,61,59,52,59,54,54,48,52,46,57,44,57,48,50,42,52,42,50,38,50,38,57,33,48,35,54,33,57,23,59,23,54,25,50,29,54,14,61,10,59,21,50,16,50,14,52,16,54,16,57,10,57,6,57,12,59,2,52,6,61,8,57,8,59,8,57,6,63,14,54,8,52,8,59,10,52,8,54,8,52,8,57,12,54,10,50,12,50,6,50,10,46,12,48,16,42,10,44,14,35,12,33,16,35,19,31,14,33,12,31,19,0,0,0,0,0,0,0,0,0,0]"""
1782173638606,2026-06-23T09:13:58.606,warning,breathing,lmh,lying_fast_breath,t001,"CSI_DATA,17952,1a:00:00:00:00:00,-62,11,-98,17,45,11,124443499,47,2,256,0,""[0,0,0,0,0,0,0,0,0,0,0,0,36,-14,36,-14,39,-10,45,-8,45,-8,47,-10,47,-12,51,-10,55,-12,53,-8,59,-8,59,-10,65,-10,65,-10,63,-6,65,-8,73,-14,69,-6,67,-4,71,-2,73,0,69,-6,73,-6,78,-6,78,-4,71,-14,73,-4,78,-6,75,-4,73,-12,69,-12,80,-10,75,-16,69,-12,73,-18,73,-22,65,-20,69,-28,71,-22,67,-30,69,-28,63,-36,69,-34,67,-36,65,-34,63,-39,69,-41,63,-45,63,-39,69,-43,67,-41,67,-47,73,-47,73,-43,71,-47,67,-47,71,-47,0,0,0,0,0,0,-43,-69,-43,-71,-43,-65,-45,-65,-41,-61,-43,-59,-39,-57,-39,-61,-36,-53,-41,-55,-41,-51,-39,-49,-43,-49,-41,-49,-41,-47,-43,-41,-45,-45,-43,-41,-36,-43,-39,-36,-51,-39,-41,-41,-43,-34,-39,-36,-39,-36,-39,-36,-45,-34,-47,-34,-45,-39,-49,-32,-43,-32,-49,-36,-41,-34,-45,-34,-43,-32,-41,-43,-43,-39,-39,-39,-43,-41,-39,-36,-36,-39,-41,-39,-34,-41,-34,-36,-30,-39,-34,-39,-30,-39,-28,-36,-24,-41,-28,-34,-20,-41,-18,-32,-16,-34,-12,-36,-12,-36,-14,-32,-10,-34,0,0,0,0,0,0,0,0,0,0]"""
1782173638616,2026-06-23T09:13:58.616,warning,breathing,lmh,lying_fast_breath,t001,"CSI_DATA,17953,1a:00:00:00:00:00,-62,11,-98,18,45,11,124454499,47,2,256,0,""[0,0,0,0,0,0,0,0,0,0,0,0,35,11,37,11,41,15,41,19,43,23,39,23,39,21,39,31,51,25,49,35,47,31,49,29,53,33,53,39,49,43,55,43,55,41,51,49,49,45,49,47,45,53,55,53,53,53,53,51,57,57,57,43,49,51,53,51,53,55,57,49,49,47,53,53,59,51,53,47,59,49,63,45,57,39,61,37,65,43,67,37,65,43,65,35,61,37,71,39,61,33,63,31,67,37,67,31,71,39,79,41,75,35,73,35,71,39,71,39,77,37,77,37,77,37,0,0,0,0,0,0,53,-67,51,-69,37,-69,35,-61,33,-65,35,-57,37,-65,43,-61,41,-57,33,-47,27,-51,33,-51,27,-55,37,-59,29,-51,21,-51,25,-59,25,-53,29,-53,23,-51,17,-53,27,-55,19,-51,19,-49,27,-53,25,-53,23,-49,21,-51,25,-53,15,-53,23,-51,19,-51,29,-55,23,-55,23,-49,31,-51,29,-51,29,-51,33,-51,31,-45,29,-43,33,-41,35,-43,35,-41,35,-37,33,-37,35,-31,35,-35,31,-27,31,-25,33,-23,31,-23,35,-25,37,-23,33,-15,31,-11,33,-9,0,0,0,0,0,0,0,0,0,0]"""
1782173638627,2026-06-23T09:13:58.627,warning,breathing,lmh,lying_fast_breath,t001,"CSI_DATA,17954,1a:00:00:00:00:00,-62,11,-98,16,45,11,124465499,47,2,256,0,""[0,0,0,0,0,0,0,0,0,0,0,0,-25,31,-27,31,-29,33,-29,33,-31,31,-29,31,-38,33,-35,38,-38,42,-42,38,-42,42,-42,44,-42,50,-44,50,-48,44,-50,48,-46,54,-54,48,-44,46,-48,50,-44,48,-50,54,-50,50,-48,57,-52,61,-42,61,-48,59,-48,61,-44,59,-40,61,-42,61,-42,67,-38,65,-33,63,-33,69,-27,69,-25,63,-23,69,-21,69,-14,73,-16,69,-10,73,-12,76,-6,78,-6,80,-4,76,-2,78,0,73,2,76,2,88,8,82,6,80,2,86,0,86,14,86,16,84,12,82,0,0,0,0,0,0,84,-10,80,-8,73,-21,76,-10,73,-12,69,-10,71,-19,69,-16,65,-19,65,-16,61,-16,59,-16,61,-23,59,-23,59,-21,52,-27,52,-33,48,-31,50,-25,50,-31,44,-38,48,-31,38,-35,46,-33,46,-31,46,-38,42,-33,40,-40,42,-42,38,-44,42,-40,44,-42,40,-40,38,-44,42,-40,42,-42,44,-40,38,-40,42,-42,42,-38,40,-35,42,-40,40,-38,35,-38,38,-31,38,-35,40,-29,40,-33,42,-27,38,-27,38,-25,35,-21,35,-21,35,-16,33,-16,31,-14,35,-10,0,0,0,0,0,0,0,0,0,0]"""
1782173638639,2026-06-23T09:13:58.639,warning,breathing,lmh,lying_fast_breath,t001,"CSI_DATA,17955,1a:00:00:00:00:00,-62,11,-98,21,44,11,124476984,47,2,256,0,""[0,0,0,0,0,0,0,0,0,0,0,0,18,-34,22,-32,20,-34,28,-39,26,-36,30,-36,26,-41,28,-39,32,-47,34,-47,39,-47,30,-47,39,-53,34,-51,41,-49,41,-53,39,-61,43,-57,39,-59,45,-51,51,-51,45,-59,43,-59,41,-65,47,-69,28,-63,43,-61,39,-67,36,-63,30,-69,32,-65,32,-71,30,-73,26,-69,22,-73,18,-71,14,-69,8,-73,16,-78,2,-73,8,-78,4,-75,6,-75,-2,-80,-2,-73,-8,-73,-8,-78,-12,-73,-10,-78,-10,-86,-18,-84,-16,-80,-8,-84,-12,-80,-18,-86,-26,-88,-22,-78,0,0,0,0,0,0,-75,16,-82,22,-73,28,-78,22,-75,24,-69,22,-67,24,-73,28,-63,24,-65,20,-59,22,-55,24,-55,28,-55,26,-57,28,-47,34,-51,39,-49,36,-45,32,-45,34,-43,43,-47,36,-41,36,-43,39,-43,39,-43,41,-39,39,-39,47,-43,47,-32,47,-39,43,-41,47,-36,45,-36,51,-36,43,-41,49,-39,47,-36,49,-36,47,-39,43,-34,36,-36,43,-41,45,-36,45,-36,45,-34,41,-36,34,-34,39,-36,30,-36,28,-34,26,-26,24,-30,26,-32,24,-34,22,-32,20,-34,18,0,0,0,0,0,0,0,0,0,0]"""
1782173638649,2026-06-23T09:13:58.649,warning,breathing,lmh,lying_fast_breath,t001,"CSI_DATA,17956,1a:00:00:00:00:00,-62,11,-98,19,45,11,124487499,47,2,256,0,""[0,0,0,0,0,0,0,0,0,0,0,0,21,-34,23,-31,25,-36,29,-34,29,-36,29,-36,29,-38,32,-40,31,-46,32,-48,32,-48,31,-50,31,-56,34,-58,38,-54,36,-58,32,-60,42,-63,34,-63,36,-58,38,-62,31,-67,32,-67,31,-69,34,-77,21,-67,29,-69,27,-71,25,-77,13,-75,17,-67,11,-75,7,-79,3,-75,1,-79,0,-73,-3,-69,-7,-71,-11,-75,-19,-79,-17,-75,-27,-73,-23,-67,-32,-75,-27,-65,-36,-63,-34,-63,-44,-63,-48,-69,-46,-73,-50,-69,-48,-63,-46,-67,-50,-67,-62,-65,-63,-62,-62,-60,0,0,0,0,0,0,-60,56,-60,62,-48,63,-46,54,-44,58,-44,54,-40,60,-38,63,-38,60,-31,52,-27,56,-23,56,-21,62,-25,65,-25,56,-13,58,-15,65,-15,60,-11,58,-7,60,-1,56,-3,60,0,54,1,62,0,60,1,62,3,60,7,58,7,63,11,56,9,54,11,58,11,62,15,58,13,52,15,60,21,58,19,52,19,58,15,56,15,50,13,50,15,56,17,52,17,54,17,50,11,44,19,50,5,44,9,40,9,42,9,36,9,42,9,44,5,38,3,34,-1,38,0,0,0,0,0,0,0,0,0,0]"""
1782173638660,2026-06-23T09:13:58.660,warning,breathing,lmh,lying_fast_breath,t001,"CSI_DATA,17957,1a:00:00:00:00:00,-62,11,-98,17,45,11,124498498,47,2,256,0,""[0,0,0,0,0,0,0,0,0,0,0,0,39,-12,39,-10,41,-10,45,-8,45,-10,47,-12,49,-10,51,-8,55,-12,55,-12,59,-12,59,-14,63,-20,61,-18,65,-14,67,-14,67,-22,73,-14,63,-18,65,-18,67,-14,71,-22,71,-22,69,-22,78,-24,67,-28,73,-26,71,-28,69,-26,63,-36,63,-32,65,-39,61,-41,59,-39,59,-49,61,-49,53,-51,55,-53,53,-51,49,-59,49,-57,45,-63,47,-61,41,-69,45,-57,36,-63,36,-65,30,-71,30,-69,30,-75,32,-73,30,-73,36,-78,34,-78,26,-82,22,-86,22,-82,0,0,0,0,0,0,-78,-26,-78,-24,-73,-12,-73,-20,-75,-16,-71,-16,-67,-4,-69,-12,-65,-8,-63,-10,-63,-8,-63,-4,-67,2,-61,2,-63,2,-59,6,-63,10,-59,10,-57,4,-59,10,-57,18,-59,12,-49,14,-55,18,-53,16,-53,18,-53,20,-51,26,-53,24,-51,30,-51,22,-53,26,-49,26,-49,28,-51,26,-49,26,-51,26,-47,26,-51,28,-51,24,-51,22,-51,22,-53,22,-47,22,-49,22,-49,26,-45,14,-43,18,-43,14,-43,14,-41,12,-36,14,-36,10,-41,10,-39,8,-39,10,-39,4,0,0,0,0,0,0,0,0,0,0]"""
1782173638671,2026-06-23T09:13:58.671,warning,breathing,lmh,lying_fast_breath,t001,"CSI_DATA,17958,1a:00:00:00:00:00,-62,11,-98,17,45,11,124509498,47,2,256,0,""[0,0,0,0,0,0,0,0,0,0,0,0,39,14,34,16,39,20,41,22,41,24,36,22,39,22,43,24,49,28,47,32,49,30,51,30,57,32,59,36,49,41,55,39,61,32,59,41,57,41,51,45,51,47,61,41,63,39,63,41,67,49,65,32,61,41,65,41,63,43,65,36,61,32,67,34,69,30,65,32,71,26,73,18,69,20,71,14,73,20,75,10,78,12,73,4,75,8,82,4,73,6,71,0,78,0,75,-8,78,-4,86,-4,82,-4,82,-8,86,-4,82,-4,90,-8,86,-12,86,-14,0,0,0,0,0,0,-6,-86,-6,-84,-14,-75,-12,-75,-16,-73,-10,-71,-10,-71,-12,-73,-10,-67,-12,-61,-18,-59,-16,-57,-22,-61,-20,-59,-18,-59,-24,-55,-30,-61,-24,-57,-16,-57,-28,-51,-32,-51,-28,-53,-26,-47,-28,-51,-26,-53,-30,-51,-30,-47,-32,-45,-30,-53,-36,-43,-32,-47,-36,-47,-30,-49,-36,-49,-34,-39,-30,-51,-36,-49,-32,-47,-30,-51,-30,-49,-32,-45,-30,-45,-28,-53,-26,-49,-24,-51,-26,-45,-22,-45,-20,-47,-18,-41,-18,-39,-16,-43,-18,-41,-12,-39,-8,-41,-6,-36,-6,-32,-2,-32,0,0,0,0,0,0,0,0,0,0]"""
1782173638699,2026-06-23T09:13:58.699,warning,breathing,lmh,lying_fast_breath,t001,"CSI_DATA,17960,1a:00:00:00:00:00,-62,11,-98,21,44,11,124537480,47,2,256,0,""[0,0,0,0,0,0,0,0,0,0,0,0,-41,8,-43,8,-41,8,-47,6,-41,6,-47,4,-51,6,-49,6,-55,8,-55,10,-59,12,-59,14,-61,16,-59,14,-67,8,-65,14,-69,22,-69,18,-67,20,-67,14,-71,12,-71,20,-69,22,-65,24,-73,24,-63,32,-67,22,-69,34,-65,32,-65,43,-57,36,-67,43,-55,47,-55,43,-57,55,-55,53,-47,47,-47,57,-49,59,-45,65,-43,63,-32,69,-39,69,-32,75,-30,71,-28,71,-32,73,-20,71,-18,73,-18,86,-14,82,-12,84,-18,86,-16,78,-12,90,-10,88,-2,80,0,0,0,0,0,0,84,14,78,4,80,-8,75,0,73,-2,71,-2,65,-8,80,-14,69,-10,69,-8,65,-16,61,-12,65,-20,63,-22,59,-20,57,-26,57,-28,51,-28,55,-26,47,-30,49,-41,53,-32,45,-36,43,-36,47,-36,47,-41,43,-39,41,-47,41,-45,34,-47,41,-41,45,-49,39,-43,36,-51,34,-43,43,-45,36,-47,36,-51,39,-49,32,-45,34,-45,36,-49,32,-47,34,-45,34,-45,28,-43,32,-45,28,-41,32,-41,28,-36,32,-34,26,-32,26,-28,28,-28,30,-28,30,-24,32,-22,0,0,0,0,0,0,0,0,0,0]"""
1782173638709,2026-06-23T09:13:58.709,warning,breathing,lmh,lying_fast_breath,t001,"CSI_DATA,17961,1a:00:00:00:00:00,-62,11,-98,21,44,11,124542498,47,2,256,0,""[0,0,0,0,0,0,0,0,0,0,0,0,-28,-26,-30,-26,-30,-32,-32,-36,-30,-36,-30,-41,-32,-34,-30,-39,-36,-45,-39,-43,-34,-47,-36,-47,-45,-49,-43,-49,-36,-55,-45,-51,-51,-51,-43,-57,-41,-53,-43,-55,-32,-61,-47,-55,-47,-57,-51,-55,-49,-61,-53,-49,-51,-55,-53,-55,-51,-53,-61,-53,-53,-49,-59,-53,-59,-47,-59,-45,-63,-47,-65,-39,-59,-36,-67,-32,-67,-30,-75,-26,-69,-28,-73,-20,-75,-24,-78,-18,-73,-18,-73,-16,-80,-18,-73,-14,-80,-12,-84,-10,-84,-10,-84,-2,-90,-8,-86,-8,-92,0,-86,0,-82,-4,0,0,0,0,0,0,-10,88,-4,75,0,84,2,73,0,75,2,75,2,67,0,75,4,69,6,65,10,67,6,65,14,63,14,65,14,61,20,55,22,59,16,61,18,59,24,57,28,51,20,55,24,53,26,51,22,55,28,53,32,47,32,49,30,55,36,45,30,49,32,51,34,51,34,49,30,49,32,53,32,51,34,47,32,53,28,53,32,47,26,49,26,51,34,49,28,51,24,43,22,47,26,49,22,43,18,41,16,43,18,36,10,36,16,36,10,39,6,39,4,39,0,0,0,0,0,0,0,0,0,0]"""
1782173638722,2026-06-23T09:13:58.722,warning,breathing,lmh,lying_fast_breath,t001,"CSI_DATA,17962,1a:00:00:00:00:00,-62,11,-98,17,45,11,124553498,47,2,256,0,""[0,0,0,0,0,0,0,0,0,0,0,0,-41,-2,-39,-6,-43,-4,-45,-10,-45,-10,-45,-14,-45,-16,-45,-22,-51,-22,-51,-24,-53,-30,-51,-28,-57,-28,-57,-32,-53,-41,-53,-43,-55,-43,-51,-49,-49,-45,-47,-45,-45,-49,-51,-55,-45,-55,-51,-57,-51,-61,-49,-57,-43,-61,-43,-65,-43,-61,-47,-59,-36,-61,-47,-65,-41,-63,-39,-61,-47,-61,-43,-59,-39,-57,-45,-59,-41,-61,-49,-57,-47,-59,-49,-57,-45,-59,-51,-61,-39,-63,-43,-63,-43,-67,-43,-61,-45,-63,-47,-69,-47,-69,-43,-67,-36,-80,-32,-75,-45,-75,-39,-78,-41,-71,0,0,0,0,0,0,-82,22,-82,26,-78,32,-71,16,-73,20,-73,14,-69,20,-71,16,-69,14,-67,6,-63,10,-61,6,-65,10,-63,10,-61,4,-57,8,-65,12,-61,10,-61,2,-57,6,-59,10,-63,2,-55,10,-59,4,-55,2,-59,2,-55,0,-59,6,-59,-2,-59,2,-59,-6,-63,-6,-57,-2,-57,-2,-55,-8,-61,-12,-61,-14,-55,-12,-59,-16,-53,-22,-51,-20,-51,-24,-51,-22,-49,-24,-47,-28,-45,-26,-41,-32,-43,-30,-32,-34,-30,-34,-30,-34,-26,-30,-20,-30,-24,-34,-16,-36,-10,-32,-8,-34,0,0,0,0,0,0,0,0,0,0]"""
1782173638731,2026-06-23T09:13:58.731,warning,breathing,lmh,lying_fast_breath,t001,"CSI_DATA,17963,1a:00:00:00:00:00,-62,11,-98,16,45,11,124565245,47,2,256,0,""[0,0,0,0,0,0,0,0,0,0,0,0,31,-27,31,-23,35,-29,44,-23,42,-21,42,-19,42,-19,48,-16,52,-19,57,-16,57,-14,54,-14,65,-19,65,-16,65,-6,69,-6,67,-10,71,-4,67,0,71,-2,73,4,78,4,71,2,76,4,80,10,76,2,73,12,76,10,76,14,76,8,69,10,76,12,76,12,71,14,78,10,76,8,69,8,73,6,76,10,80,4,76,10,76,2,73,8,82,8,69,6,76,4,78,10,76,4,78,10,84,12,82,12,82,12,84,19,82,21,86,23,88,19,84,21,0,0,0,0,0,0,38,-76,38,-76,29,-76,31,-67,33,-69,31,-63,35,-67,38,-65,33,-59,33,-57,31,-57,31,-54,31,-61,33,-57,33,-54,25,-52,29,-59,31,-54,33,-48,29,-52,25,-52,33,-50,29,-46,33,-48,35,-48,33,-50,33,-48,31,-50,38,-50,29,-48,33,-46,38,-48,44,-46,42,-44,38,-44,48,-38,44,-38,48,-35,48,-38,46,-31,42,-31,48,-31,52,-27,52,-25,52,-21,48,-21,46,-12,50,-16,44,-10,42,-6,44,-6,42,-6,40,-2,44,6,42,4,35,6,33,10,0,0,0,0,0,0,0,0,0,0]"""
1782173638741,2026-06-23T09:13:58.741,warning,breathing,lmh,lying_fast_breath,t001,"CSI_DATA,17964,1a:00:00:00:00:00,-62,11,-98,17,45,11,124575498,47,2,256,0,""[0,0,0,0,0,0,0,0,0,0,0,0,4,39,2,39,4,45,2,47,-2,47,0,47,2,47,0,51,0,55,0,59,0,59,2,59,2,65,4,69,-2,65,-2,67,6,67,-2,71,-2,67,0,73,2,78,2,75,4,73,6,78,2,82,12,71,4,71,12,78,12,78,18,73,12,67,18,78,22,73,22,69,26,73,30,69,30,63,34,63,34,65,45,65,39,65,47,57,43,63,53,61,49,55,55,53,51,55,57,51,61,55,63,59,59,51,61,53,65,57,61,57,69,55,69,55,73,49,0,0,0,0,0,0,55,-67,51,-65,36,-71,39,-65,39,-65,36,-61,36,-63,41,-67,32,-63,30,-57,22,-59,24,-55,22,-63,22,-63,22,-57,12,-57,12,-65,12,-61,16,-59,6,-59,2,-59,8,-57,4,-55,2,-59,6,-61,2,-61,0,-57,-2,-61,-2,-63,-8,-55,-4,-59,-4,-57,-4,-63,-8,-61,-4,-53,0,-63,-6,-63,-4,-59,-6,-61,-2,-55,-6,-55,-4,-57,0,-61,-4,-57,0,-55,-4,-51,2,-51,2,-51,2,-41,0,-45,4,-43,4,-43,6,-43,8,-45,6,-36,4,-34,8,-34,0,0,0,0,0,0,0,0,0,0]"""
1782173638750,2026-06-23T09:13:58.750,warning,breathing,lmh,lying_fast_breath,t001,"CSI_DATA,17965,1a:00:00:00:00:00,-62,11,-98,16,45,11,124586498,47,2,256,0,""[0,0,0,0,0,0,0,0,0,0,0,0,29,27,27,31,27,33,23,38,23,40,21,44,21,46,27,52,23,50,21,54,19,54,19,57,21,59,19,61,10,63,8,69,14,71,6,73,6,65,6,69,6,73,-2,76,2,73,0,76,0,80,2,76,-8,76,-6,80,-12,73,-2,73,-10,73,-8,76,-4,76,-6,69,-4,76,-4,76,-4,71,-4,78,0,76,2,73,0,76,0,78,-4,76,2,82,-4,71,0,76,-4,78,4,78,-4,80,-4,84,-6,78,-8,82,-16,84,-16,84,-12,90,-10,84,-12,82,0,0,0,0,0,0,78,25,82,27,76,16,73,27,76,27,65,29,67,25,65,29,65,27,57,31,57,27,61,31,63,27,61,25,59,31,54,25,63,23,57,23,52,27,54,29,57,25,52,31,48,21,52,23,52,25,50,29,52,31,54,23,52,29,54,27,50,35,50,38,48,38,48,31,44,38,46,40,44,40,42,38,44,44,38,46,38,42,31,48,31,48,29,44,27,46,25,44,21,46,25,44,12,44,12,42,8,44,8,40,6,40,6,38,0,38,-6,40,-10,40,0,0,0,0,0,0,0,0,0,0]"""
1782173638761,2026-06-23T09:13:58.761,warning,breathing,lmh,lying_fast_breath,t001,"CSI_DATA,17966,1a:00:00:00:00:00,-62,11,-98,13,45,11,124597498,47,2,256,0,""[0,0,0,0,0,0,0,0,0,0,0,0,-36,11,-36,9,-41,9,-46,6,-48,6,-48,6,-48,9,-48,6,-57,6,-57,2,-62,2,-59,4,-64,4,-69,2,-66,-6,-69,0,-73,4,-66,-4,-66,-9,-69,-2,-66,-6,-76,-9,-71,-6,-73,-6,-78,-11,-76,0,-78,-6,-80,-4,-73,-9,-76,-2,-69,2,-78,-2,-78,-4,-71,-2,-78,4,-76,4,-69,6,-69,20,-76,6,-80,6,-71,2,-71,36,-80,36,-50,9,-119,20,-39,16,-122,25,-133,6,-62,46,-94,-16,-66,66,-71,-29,-62,-39,-82,-9,-147,69,-126,32,-129,73,0,0,0,0,0,0,82,103,29,52,94,71,36,115,71,89,66,110,13,110,2,52,29,78,-13,101,-2,73,39,48,-9,85,2,62,9,55,16,43,16,57,18,57,20,52,27,46,32,50,32,57,29,48,20,52,27,52,25,55,29,46,27,48,25,55,36,48,32,52,32,55,27,52,27,52,32,46,23,57,23,57,25,52,25,57,25,55,23,50,25,52,18,55,16,50,13,50,18,52,11,48,11,50,6,50,9,41,4,46,4,41,-2,41,-2,43,-4,36,0,39,-9,39,0,0,0,0,0,0,0,0,0,0]"""
1782173638771,2026-06-23T09:13:58.771,warning,breathing,lmh,lying_fast_breath,t001,"CSI_DATA,17967,1a:00:00:00:00:00,-62,11,-98,16,45,11,124608498,47,2,256,0,""[0,0,0,0,0,0,0,0,0,0,0,0,6,-35,10,-38,6,-46,8,-46,10,-48,10,-44,8,-48,10,-48,12,-54,12,-54,10,-57,10,-57,8,-65,10,-65,14,-65,12,-63,10,-69,14,-71,14,-69,14,-71,12,-76,10,-73,8,-71,8,-76,10,-78,0,-69,8,-71,2,-76,4,-73,-2,-76,-4,-69,-6,-80,-10,-73,-10,-76,-16,-76,-19,-71,-21,-69,-25,-67,-29,-71,-35,-73,-33,-69,-38,-63,-35,-65,-50,-67,-38,-59,-46,-59,-46,-63,-52,-57,-54,-61,-57,-63,-57,-61,-59,-59,-61,-63,-59,-59,-67,-61,-69,-57,-67,-52,0,0,0,0,0,0,-59,65,-54,65,-44,67,-44,59,-42,65,-42,57,-40,63,-40,67,-35,61,-31,54,-27,59,-25,54,-21,63,-25,63,-21,59,-14,59,-14,67,-12,63,-16,59,-10,57,-4,57,-8,59,-2,57,-2,59,-6,63,-4,61,0,57,6,61,0,63,10,57,2,57,6,61,2,63,8,61,4,54,6,63,10,61,10,59,10,63,8,57,8,52,4,57,8,59,10,57,4,54,4,54,2,48,4,52,2,44,2,46,0,44,2,42,-2,46,-2,42,-2,44,-4,38,-8,35,0,0,0,0,0,0,0,0,0,0]"""
1782173638784,2026-06-23T09:13:58.784,warning,breathing,lmh,lying_fast_breath,t001,"CSI_DATA,17968,1a:00:00:00:00:00,-62,11,-98,15,45,11,124619498,47,2,256,0,""[0,0,0,0,0,0,0,0,0,0,0,0,-32,-23,-30,-30,-30,-30,-30,-34,-28,-34,-26,-41,-26,-41,-28,-43,-30,-47,-30,-50,-28,-52,-26,-54,-30,-56,-28,-58,-17,-63,-19,-67,-28,-67,-17,-71,-17,-63,-15,-67,-10,-67,-13,-71,-10,-73,-17,-73,-13,-80,-13,-73,-6,-73,-8,-78,-6,-73,-10,-71,-6,-73,-10,-80,-6,-78,-10,-73,-10,-78,-6,-76,-10,-71,-15,-76,-13,-73,-19,-73,-15,-73,-19,-73,-10,-73,-21,-78,-13,-73,-17,-76,-13,-78,-15,-76,-10,-76,-15,-82,-17,-80,-10,-84,-6,-91,-6,-84,-13,-89,-10,-84,-10,-89,0,0,0,0,0,0,-84,0,-84,-4,-82,2,-78,-4,-76,-4,-73,-6,-71,-2,-78,-4,-69,-6,-71,-13,-65,-10,-60,-8,-67,-8,-65,-6,-65,-8,-63,-4,-67,-4,-63,-4,-60,-8,-60,-8,-60,-2,-60,-10,-56,-2,-58,-6,-56,-8,-60,-8,-58,-13,-60,-2,-60,-10,-56,-4,-58,-17,-60,-15,-58,-15,-60,-13,-54,-15,-63,-21,-56,-19,-52,-21,-58,-26,-52,-28,-50,-23,-52,-32,-50,-28,-47,-26,-45,-28,-43,-34,-36,-36,-41,-32,-30,-36,-30,-34,-26,-34,-23,-34,-21,-32,-19,-41,-15,-32,-15,-36,-6,-39,0,0,0,0,0,0,0,0,0,0]"""
1782173638793,2026-06-23T09:13:58.793,warning,breathing,lmh,lying_fast_breath,t001,"CSI_DATA,17969,1a:00:00:00:00:00,-62,11,-98,16,45,11,124631028,47,2,256,0,""[0,0,0,0,0,0,0,0,0,0,0,0,-16,35,-21,31,-25,33,-29,33,-31,33,-33,33,-35,33,-38,31,-40,38,-46,33,-48,33,-50,35,-48,35,-59,33,-59,27,-59,33,-59,38,-61,31,-63,23,-67,25,-69,25,-69,21,-67,23,-69,25,-76,21,-69,25,-71,16,-73,19,-73,12,-71,21,-67,19,-78,16,-76,19,-69,16,-73,21,-69,23,-65,19,-71,27,-71,19,-73,23,-71,21,-67,31,-69,23,-78,31,-71,25,-69,31,-71,27,-69,27,-71,27,-82,23,-78,25,-78,27,-84,21,-84,19,-88,23,-84,19,-82,16,0,0,0,0,0,0,4,84,2,82,8,84,6,76,6,73,4,73,2,71,0,78,0,71,0,67,2,65,4,63,4,67,-2,65,0,63,4,63,0,65,0,61,-6,61,4,59,10,61,0,59,0,57,-2,59,-6,61,-4,61,-2,57,-2,59,-6,65,6,57,-4,54,-6,61,-10,61,-8,61,-6,57,-16,61,-19,59,-19,54,-19,59,-19,54,-19,52,-23,54,-31,52,-29,48,-29,46,-25,48,-27,40,-29,42,-31,38,-31,31,-31,31,-27,29,-33,29,-35,21,-35,19,-31,16,-35,12,0,0,0,0,0,0,0,0,0,0]"""
1782173638804,2026-06-23T09:13:58.804,warning,breathing,lmh,lying_fast_breath,t001,"CSI_DATA,17970,1a:00:00:00:00:00,-62,11,-98,17,45,11,124641883,47,2,256,0,""[0,0,0,0,0,0,0,0,0,0,0,0,20,32,18,32,18,39,18,45,18,43,16,43,20,47,18,47,24,49,18,53,26,51,28,53,32,57,30,57,24,57,32,59,39,57,34,63,32,59,32,59,28,63,41,63,41,63,49,59,49,65,49,53,49,57,53,59,53,59,55,49,53,45,61,51,61,49,59,45,69,39,69,32,65,26,71,26,69,26,73,18,71,18,73,10,78,10,84,8,80,4,75,0,78,-2,75,-6,75,-4,84,-8,80,-12,78,-20,86,-16,88,-14,90,-20,84,-24,82,-22,0,0,0,0,0,0,-24,-80,-26,-80,-36,-71,-34,-67,-34,-67,-32,-65,-36,-67,-34,-67,-36,-57,-34,-55,-41,-53,-36,-51,-45,-47,-41,-47,-49,-43,-47,-36,-51,-41,-51,-36,-43,-36,-51,-28,-57,-22,-53,-30,-49,-24,-51,-26,-51,-26,-51,-24,-53,-20,-61,-14,-57,-20,-59,-8,-57,-10,-63,-10,-59,-14,-61,-8,-57,-6,-61,-12,-61,-10,-59,-8,-59,-10,-57,-6,-55,-6,-59,-4,-59,-8,-57,-4,-53,-10,-53,2,-53,-4,-51,-6,-49,-8,-43,-8,-45,-6,-41,-10,-41,-6,-43,-12,-43,-8,-36,-8,-34,-12,0,0,0,0,0,0,0,0,0,0]"""
1782173638813,2026-06-23T09:13:58.813,warning,breathing,lmh,lying_fast_breath,t001,"CSI_DATA,17971,1a:00:00:00:00:00,-62,11,-98,16,45,11,124652497,47,2,256,0,""[0,0,0,0,0,0,0,0,0,0,0,0,23,35,19,38,19,38,16,40,14,40,14,46,14,46,10,50,10,57,12,52,12,59,12,61,14,61,12,67,2,65,0,71,6,73,-4,71,0,71,0,65,-6,65,-4,71,-8,71,-2,76,-8,76,-2,78,-12,73,-12,76,-12,71,-10,76,-10,69,-8,78,-10,76,-8,71,-6,78,-8,76,-6,69,-4,76,-2,76,6,78,-4,76,2,73,-4,80,2,80,-2,78,0,78,-4,80,4,78,-2,80,0,82,2,82,0,82,-10,88,-12,84,-2,90,-2,88,-4,84,0,0,0,0,0,0,80,16,80,16,82,8,76,21,76,16,69,21,69,14,76,16,65,16,67,21,65,16,63,16,65,19,61,12,61,16,59,10,67,10,61,10,59,16,57,12,61,10,57,16,57,8,54,12,54,14,57,14,54,16,59,8,59,12,59,12,54,19,59,19,54,21,59,16,52,23,59,27,57,25,50,25,57,27,48,31,50,29,50,31,48,31,46,29,42,35,42,35,38,38,38,31,29,38,27,38,25,38,29,38,19,35,19,38,21,35,14,38,10,35,0,0,0,0,0,0,0,0,0,0]"""
1782173638824,2026-06-23T09:13:58.824,warning,breathing,lmh,lying_fast_breath,t001,"CSI_DATA,17972,1a:00:00:00:00:00,-62,11,-98,15,45,11,124663497,47,2,256,0,""[0,0,0,0,0,0,0,0,0,0,0,0,-39,4,-39,2,-43,0,-45,-2,-47,-2,-47,-2,-52,-2,-50,-6,-58,0,-58,-6,-58,-4,-58,-2,-67,-6,-69,-8,-65,-15,-69,-13,-71,-4,-71,-10,-65,-13,-69,-10,-69,-10,-76,-13,-73,-13,-71,-13,-78,-15,-73,-2,-76,-13,-78,-10,-76,-10,-73,-6,-73,-6,-76,-4,-73,-2,-73,0,-76,4,-78,6,-71,6,-73,10,-76,10,-78,15,-76,17,-73,26,-76,19,-78,26,-71,21,-71,28,-78,26,-71,30,-78,28,-80,32,-78,28,-80,36,-80,34,-80,28,-84,36,-80,39,-78,41,0,0,0,0,0,0,32,82,32,78,36,67,36,69,39,71,30,67,32,65,36,71,28,60,32,65,32,58,34,54,41,56,32,54,34,54,39,52,39,52,41,54,32,54,39,47,47,43,41,50,36,41,36,41,39,47,36,47,43,43,45,41,43,47,47,36,45,39,47,43,43,45,43,39,43,39,41,45,45,43,41,43,43,43,43,43,41,43,41,47,34,47,36,45,32,43,36,43,30,43,28,41,23,39,28,34,21,39,21,39,15,41,17,39,13,36,13,36,6,43,0,0,0,0,0,0,0,0,0,0]"""
1782173638836,2026-06-23T09:13:58.836,warning,breathing,lmh,lying_fast_breath,t001,"CSI_DATA,17973,1a:00:00:00:00:00,-62,11,-98,15,45,11,124674497,47,2,256,0,""[0,0,0,0,0,0,0,0,0,0,0,0,8,-36,13,-36,15,-41,19,-47,17,-43,19,-43,17,-45,19,-45,19,-54,19,-54,17,-56,13,-56,13,-65,17,-67,21,-65,21,-65,17,-69,19,-67,15,-69,21,-67,23,-67,15,-73,15,-73,8,-76,10,-80,0,-73,4,-76,4,-80,4,-76,-2,-78,-2,-67,-8,-84,-8,-78,-13,-73,-15,-76,-21,-76,-21,-65,-28,-67,-30,-69,-41,-65,-39,-67,-45,-60,-43,-63,-50,-65,-45,-60,-52,-56,-50,-60,-54,-54,-58,-54,-63,-58,-69,-54,-65,-47,-65,-56,-65,-47,-78,-50,-76,-50,-76,-47,0,0,0,0,0,0,-45,73,-41,73,-34,80,-34,67,-30,67,-30,67,-26,69,-28,76,-21,67,-23,63,-17,63,-13,63,-13,65,-6,67,-6,63,0,58,4,65,2,65,0,65,6,58,15,60,8,58,13,58,13,58,13,60,15,63,17,54,28,58,23,58,30,54,21,52,26,58,28,56,30,56,28,50,28,60,30,58,30,52,30,56,23,50,28,47,28,50,30,54,32,50,26,50,28,45,23,47,26,45,19,41,17,39,17,43,17,39,19,43,19,41,17,39,15,39,6,34,0,0,0,0,0,0,0,0,0,0]"""
1782173638848,2026-06-23T09:13:58.848,warning,breathing,lmh,lying_fast_breath,t001,"CSI_DATA,17974,1a:00:00:00:00:00,-62,11,-98,15,45,11,124685497,47,2,256,0,""[0,0,0,0,0,0,0,0,0,0,0,0,36,-17,34,-15,36,-21,41,-17,45,-15,43,-17,50,-17,52,-15,52,-21,56,-19,60,-19,60,-23,60,-28,63,-23,60,-19,67,-23,65,-30,69,-23,60,-19,65,-28,65,-28,69,-28,69,-30,67,-34,71,-30,67,-36,71,-30,67,-34,69,-36,60,-41,63,-39,63,-45,58,-47,58,-47,58,-54,56,-56,50,-54,52,-56,50,-58,43,-63,43,-60,41,-69,41,-65,36,-73,36,-63,34,-71,30,-71,26,-73,26,-76,28,-84,26,-80,28,-80,30,-80,32,-87,21,-89,19,-84,17,-87,0,0,0,0,0,0,-84,-15,-82,-15,-78,-6,-80,-15,-80,-13,-71,-10,-73,-6,-73,-4,-73,-2,-67,-6,-69,0,-67,0,-67,2,-67,6,-63,0,-63,8,-67,17,-63,13,-56,8,-65,15,-58,21,-60,13,-52,23,-56,23,-54,21,-52,26,-58,23,-50,32,-54,26,-52,32,-56,26,-56,30,-56,30,-50,34,-56,32,-52,26,-54,32,-52,32,-52,32,-52,28,-50,30,-54,28,-52,28,-50,28,-47,23,-47,26,-50,21,-41,26,-45,19,-45,19,-43,17,-41,13,-36,15,-41,15,-36,10,-36,8,-41,4,0,0,0,0,0,0,0,0,0,0]"""
1782173638861,2026-06-23T09:13:58.861,warning,breathing,lmh,lying_fast_breath,t001,"CSI_DATA,17975,1a:00:00:00:00:00,-62,11,-98,13,45,11,124699371,47,2,256,0,""[0,0,0,0,0,0,0,0,0,0,0,0,-41,0,-41,-4,-39,-4,-46,-4,-46,-2,-46,-4,-50,-6,-50,-6,-59,-4,-55,-6,-59,-4,-64,-4,-66,-2,-66,0,-66,-6,-69,-9,-76,-2,-66,-6,-66,-2,-73,2,-71,0,-76,2,-71,-2,-78,4,-82,9,-76,13,-76,9,-78,11,-73,6,-80,20,-64,11,-76,18,-71,27,-71,20,-66,34,-73,29,-52,29,-59,39,-76,34,-66,55,-62,46,-43,39,-73,39,-57,32,-36,27,-50,34,11,55,-82,48,-87,29,-4,41,-4,138,-48,59,-66,76,-126,20,-20,59,-41,52,64,71,0,0,0,0,0,0,170,41,62,69,108,57,138,-23,92,41,99,23,80,-41,103,41,25,34,85,4,11,11,69,-20,52,-4,59,25,71,-4,55,-9,69,-2,59,-11,55,2,57,-11,59,-13,59,-11,59,-18,52,-13,57,-18,62,-16,52,-18,50,-29,55,-27,52,-29,55,-25,59,-25,50,-27,52,-29,48,-25,59,-32,55,-27,48,-29,52,-29,52,-23,48,-29,52,-29,50,-29,48,-32,48,-25,48,-25,48,-25,46,-25,46,-18,39,-18,46,-16,39,-18,39,-16,41,-11,36,-16,36,-13,39,-11,0,0,0,0,0,0,0,0,0,0]"""
1782173638872,2026-06-23T09:13:58.872,warning,breathing,lmh,lying_fast_breath,t001,"CSI_DATA,17976,1a:00:00:00:00:00,-62,11,-98,18,45,11,124707497,47,2,256,0,""[0,0,0,0,0,0,0,0,0,0,0,0,-9,37,-13,37,-13,43,-15,45,-15,45,-17,43,-15,47,-17,47,-15,53,-17,55,-17,57,-15,59,-13,67,-13,65,-19,63,-13,65,-7,69,-15,69,-11,67,-15,73,-13,75,-13,77,-9,71,-3,75,-7,81,0,75,-3,73,0,75,3,77,11,75,11,71,11,75,15,77,17,73,25,77,27,69,27,63,35,63,37,67,45,65,43,63,51,53,49,57,59,61,51,51,57,47,57,51,65,45,67,49,71,51,73,43,73,41,73,45,73,43,85,39,81,39,81,33,0,0,0,0,0,0,33,-81,31,-81,19,-81,19,-75,15,-75,13,-69,11,-71,11,-79,9,-71,7,-65,1,-63,1,-59,-3,-67,0,-67,-3,-63,-9,-59,-13,-65,-15,-61,-13,-59,-19,-55,-27,-51,-19,-55,-23,-53,-25,-55,-27,-55,-29,-55,-31,-49,-35,-49,-35,-55,-37,-45,-33,-47,-39,-47,-39,-49,-45,-43,-39,-41,-41,-49,-45,-47,-43,-43,-43,-43,-37,-39,-35,-39,-39,-39,-41,-45,-41,-39,-39,-41,-37,-37,-35,-35,-39,-35,-29,-33,-29,-33,-29,-33,-27,-31,-29,-33,-29,-35,-25,-31,-21,-25,-19,-31,0,0,0,0,0,0,0,0,0,0]"""
1782173638882,2026-06-23T09:13:58.882,warning,breathing,lmh,lying_fast_breath,t001,"CSI_DATA,17977,1a:00:00:00:00:00,-62,11,-98,15,45,11,124718497,47,2,256,0,""[0,0,0,0,0,0,0,0,0,0,0,0,-39,15,-39,13,-43,13,-45,10,-47,15,-45,13,-45,10,-52,13,-56,17,-56,15,-58,17,-58,19,-63,26,-65,21,-63,15,-67,21,-67,28,-69,19,-63,17,-60,23,-67,19,-73,28,-71,26,-69,30,-73,30,-67,34,-69,30,-71,34,-69,36,-63,43,-63,36,-65,43,-60,50,-56,43,-58,52,-54,54,-50,50,-47,58,-47,60,-41,67,-43,63,-41,67,-39,67,-32,76,-32,65,-30,69,-32,73,-26,76,-26,76,-26,80,-21,80,-19,82,-23,87,-23,82,-17,91,-10,89,-13,87,0,0,0,0,0,0,89,15,87,10,82,0,80,10,80,2,71,8,73,0,78,-2,71,-2,67,0,67,-4,67,-4,67,-10,65,-17,65,-6,60,-15,63,-26,60,-21,58,-19,58,-21,54,-28,58,-26,47,-28,50,-28,54,-26,54,-32,54,-32,47,-36,52,-36,45,-41,50,-36,52,-36,50,-36,45,-41,45,-39,47,-41,45,-41,45,-39,45,-41,50,-36,45,-39,45,-36,45,-39,43,-36,43,-36,43,-36,41,-30,39,-36,41,-26,36,-28,41,-23,34,-23,32,-23,34,-21,34,-19,34,-17,34,-13,0,0,0,0,0,0,0,0,0,0]"""
1782173638893,2026-06-23T09:13:58.893,warning,breathing,lmh,lying_fast_breath,t001,"CSI_DATA,17978,1a:00:00:00:00:00,-62,11,-98,15,45,11,124729497,47,2,256,0,""[0,0,0,0,0,0,0,0,0,0,0,0,-41,-8,-36,-10,-43,-15,-43,-17,-43,-17,-45,-19,-45,-19,-50,-19,-54,-19,-54,-23,-56,-23,-56,-23,-60,-23,-63,-26,-58,-32,-65,-30,-69,-21,-67,-30,-60,-30,-58,-28,-63,-32,-69,-30,-71,-28,-71,-28,-73,-34,-71,-21,-71,-28,-73,-23,-71,-28,-71,-19,-71,-17,-76,-19,-76,-17,-71,-15,-76,-10,-78,-4,-73,-4,-78,4,-76,0,-78,4,-76,6,-78,13,-76,10,-80,17,-76,13,-76,21,-80,17,-71,26,-76,19,-84,23,-80,26,-78,32,-84,26,-84,28,-84,30,-82,30,-80,32,0,0,0,0,0,0,30,80,28,82,36,76,34,73,36,71,30,67,34,67,32,71,30,65,30,65,36,56,36,56,39,56,36,56,39,54,41,47,45,50,39,47,34,45,43,45,50,41,47,47,43,39,41,41,43,43,43,36,47,39,50,32,52,41,54,28,52,32,52,34,50,36,52,34,52,32,50,39,50,36,47,36,50,34,47,36,50,34,47,34,43,39,45,34,39,36,43,34,39,34,41,34,32,32,39,34,30,34,32,30,28,30,26,32,23,30,21,32,17,34,0,0,0,0,0,0,0,0,0,0]"""
1782173638905,2026-06-23T09:13:58.905,warning,breathing,lmh,lying_fast_breath,t001,"CSI_DATA,17979,1a:00:00:00:00:00,-62,11,-98,15,45,11,124742871,47,2,256,0,""[0,0,0,0,0,0,0,0,0,0,0,0,-6,-41,-2,-43,0,-43,4,-43,4,-47,8,-47,6,-50,10,-54,10,-56,17,-54,17,-60,17,-58,21,-60,23,-63,28,-58,28,-67,28,-67,36,-65,34,-58,39,-60,43,-63,41,-65,45,-63,45,-63,47,-63,39,-60,50,-58,50,-60,50,-60,43,-63,45,-58,50,-60,45,-60,45,-56,47,-63,45,-67,45,-58,47,-65,45,-60,43,-67,41,-65,39,-69,45,-67,41,-73,43,-63,41,-69,47,-67,39,-69,43,-69,50,-67,52,-65,52,-69,58,-67,58,-67,52,-73,50,-67,52,-69,0,0,0,0,0,0,-58,-60,-56,-65,-58,-54,-54,-60,-54,-60,-47,-60,-45,-56,-45,-60,-43,-54,-39,-60,-43,-52,-39,-52,-45,-54,-39,-52,-36,-56,-39,-52,-39,-54,-36,-50,-32,-50,-39,-52,-43,-50,-36,-54,-34,-43,-36,-47,-34,-47,-34,-50,-34,-52,-36,-47,-32,-54,-39,-52,-32,-54,-32,-54,-28,-56,-30,-54,-28,-54,-21,-56,-28,-58,-19,-52,-21,-58,-17,-60,-17,-56,-13,-60,-8,-56,-6,-58,-4,-54,-8,-56,-2,-54,-2,-52,4,-47,2,-47,6,-45,8,-43,8,-43,17,-43,19,-34,17,-34,23,-30,0,0,0,0,0,0,0,0,0,0]"""
1782173638916,2026-06-23T09:13:58.916,warning,breathing,lmh,lying_fast_breath,t001,"CSI_DATA,17980,1a:00:00:00:00:00,-62,11,-98,16,45,11,124751497,47,2,256,0,""[0,0,0,0,0,0,0,0,0,0,0,0,-10,-40,-10,-40,-10,-44,-8,-46,-6,-48,-4,-50,-2,-52,0,-52,-4,-59,0,-61,0,-59,-2,-61,-4,-65,0,-69,8,-65,8,-69,2,-69,12,-71,6,-67,8,-71,12,-71,12,-76,10,-76,6,-73,12,-80,8,-76,16,-76,16,-80,12,-76,6,-73,12,-71,10,-76,10,-73,6,-73,4,-78,4,-80,2,-71,-2,-76,0,-73,-10,-78,-4,-78,-12,-78,-8,-78,-14,-82,-6,-73,-10,-76,-10,-78,-12,-73,-14,-78,-14,-86,-14,-80,-10,-86,-10,-88,-6,-86,-16,-88,-16,-88,-12,-86,0,0,0,0,0,0,-88,4,-86,4,-80,10,-78,0,-82,6,-76,0,-73,8,-78,4,-73,6,-67,0,-67,4,-63,4,-67,8,-63,8,-63,4,-61,8,-63,14,-61,16,-61,6,-63,8,-59,16,-61,6,-54,16,-59,14,-57,10,-61,12,-59,10,-57,21,-61,12,-57,16,-61,8,-63,12,-59,10,-59,16,-63,10,-61,8,-63,6,-59,10,-61,8,-61,2,-57,2,-57,2,-57,0,-57,0,-54,-4,-54,-2,-50,-10,-50,-4,-46,-10,-42,-12,-42,-16,-42,-12,-40,-12,-42,-12,-35,-16,-33,-19,-31,-27,0,0,0,0,0,0,0,0,0,0]"""
1782173638927,2026-06-23T09:13:58.927,warning,breathing,lmh,lying_fast_breath,t001,"CSI_DATA,17981,1a:00:00:00:00:00,-61,11,-98,15,45,11,124762497,47,2,256,0,""[0,0,0,0,0,0,0,0,0,0,0,0,39,15,34,15,41,19,41,23,41,23,41,23,47,23,47,23,52,28,52,30,56,32,56,26,63,30,60,32,54,36,63,36,67,30,69,39,60,36,56,32,58,39,67,34,69,36,69,34,73,39,69,26,71,32,73,28,71,34,71,26,69,23,73,23,76,19,71,19,76,13,80,6,73,6,76,0,78,4,76,-4,76,-2,80,-8,78,-6,80,-13,73,-13,76,-21,80,-19,73,-26,78,-19,82,-26,78,-26,78,-26,87,-26,84,-28,84,-30,80,-32,80,-34,0,0,0,0,0,0,-30,-84,-32,-78,-34,-71,-36,-73,-39,-71,-34,-69,-32,-65,-34,-67,-34,-63,-36,-58,-41,-50,-36,-52,-45,-52,-41,-54,-43,-47,-47,-45,-47,-47,-45,-45,-41,-43,-47,-41,-58,-34,-50,-43,-47,-32,-50,-36,-47,-36,-47,-32,-52,-32,-52,-28,-54,-34,-56,-21,-54,-28,-56,-28,-52,-30,-54,-26,-54,-23,-54,-30,-56,-30,-54,-26,-56,-30,-54,-28,-52,-23,-52,-28,-52,-32,-50,-32,-47,-30,-50,-23,-45,-28,-43,-30,-39,-28,-39,-23,-41,-28,-36,-21,-30,-26,-30,-28,-30,-28,-26,-30,-28,-28,0,0,0,0,0,0,0,0,0,0]"""
1782173638936,2026-06-23T09:13:58.936,warning,breathing,lmh,lying_fast_breath,t001,"CSI_DATA,17982,1a:00:00:00:00:00,-61,11,-98,16,45,11,124773497,47,2,256,0,""[0,0,0,0,0,0,0,0,0,0,0,0,29,25,29,31,27,33,31,40,29,38,27,40,31,40,29,40,33,48,33,48,33,48,35,46,38,54,40,59,31,59,33,59,40,59,35,61,38,63,31,63,33,69,40,65,38,61,44,65,46,71,46,61,40,63,42,65,40,67,48,63,42,57,50,63,50,61,46,59,54,59,57,54,52,48,61,46,59,50,65,42,65,48,65,38,65,42,69,40,65,40,67,35,69,40,67,33,71,38,78,38,80,38,76,31,80,38,78,38,84,35,86,35,82,31,0,0,0,0,0,0,40,-80,33,-76,31,-80,33,-69,25,-71,29,-71,27,-71,29,-71,27,-65,25,-63,16,-63,19,-61,16,-63,16,-63,14,-63,8,-61,6,-69,10,-63,10,-63,2,-59,0,-63,8,-59,2,-61,6,-63,6,-63,4,-63,0,-57,-6,-63,0,-63,-10,-59,-4,-57,0,-59,0,-67,-2,-65,0,-57,0,-65,2,-63,0,-61,2,-65,6,-57,0,-54,0,-59,4,-63,4,-59,8,-59,6,-52,10,-50,8,-52,10,-46,12,-42,12,-44,8,-40,12,-44,12,-40,14,-40,14,-33,23,-33,0,0,0,0,0,0,0,0,0,0]"""
1782173638946,2026-06-23T09:13:58.946,warning,breathing,lmh,lying_fast_breath,t001,"CSI_DATA,17983,1a:00:00:00:00:00,-61,11,-98,16,45,11,124784497,47,2,256,0,""[0,0,0,0,0,0,0,0,0,0,0,0,16,35,14,38,16,42,14,46,12,46,10,46,8,50,10,50,10,57,12,54,8,61,10,61,12,65,12,65,4,67,2,67,10,73,4,73,8,71,2,76,2,76,4,73,0,73,6,76,4,84,8,76,-2,78,0,78,2,78,8,76,4,69,8,80,8,80,10,73,12,78,10,76,14,67,21,73,19,76,29,76,25,78,27,71,23,76,33,76,25,76,29,73,29,76,31,71,31,73,33,80,40,78,38,76,31,82,29,82,42,78,40,82,35,80,0,0,0,0,0,0,82,-27,76,-31,78,-38,71,-25,73,-27,73,-25,71,-31,73,-29,61,-25,65,-23,63,-23,59,-21,61,-29,57,-27,57,-27,54,-29,57,-35,54,-35,54,-27,52,-29,50,-38,54,-29,48,-35,48,-33,50,-31,52,-31,50,-27,46,-42,54,-38,46,-38,48,-31,52,-33,48,-35,50,-38,48,-33,57,-33,54,-31,54,-33,54,-31,57,-23,52,-21,54,-25,57,-21,50,-23,50,-21,50,-19,52,-14,50,-16,48,-8,48,-8,44,-6,42,-4,42,0,42,0,42,0,40,4,35,6,0,0,0,0,0,0,0,0,0,0]"""
1782173638956,2026-06-23T09:13:58.956,warning,breathing,lmh,lying_fast_breath,t001,"CSI_DATA,17984,1a:00:00:00:00:00,-61,11,-98,15,45,11,124795497,47,2,256,0,""[0,0,0,0,0,0,0,0,0,0,0,0,-39,-4,-39,-6,-43,-6,-45,-10,-45,-10,-45,-10,-50,-8,-50,-10,-58,-8,-58,-10,-58,-13,-63,-10,-67,-8,-67,-10,-60,-15,-71,-15,-73,-4,-73,-17,-63,-13,-65,-10,-67,-13,-78,-8,-78,-8,-73,-6,-78,-8,-78,-2,-80,-8,-80,-2,-73,-4,-73,4,-76,2,-76,6,-76,13,-76,13,-78,17,-78,19,-69,19,-76,28,-73,23,-73,34,-71,32,-71,39,-71,39,-67,45,-63,41,-65,50,-69,47,-60,52,-60,54,-65,58,-63,54,-63,63,-67,58,-65,58,-60,67,-58,65,-56,67,0,0,0,0,0,0,65,56,67,54,67,43,65,52,67,47,56,45,65,43,60,45,60,41,54,36,63,30,56,30,65,28,56,23,60,28,63,17,63,19,63,15,63,19,60,15,65,6,67,15,54,6,60,2,58,4,58,6,65,0,58,-4,60,0,63,-8,63,-2,65,-2,60,-2,58,-6,60,-8,60,0,63,-4,58,-6,60,-6,60,-2,60,-6,60,-4,58,-2,58,-4,54,-2,56,-4,56,2,54,-2,50,0,47,0,47,4,43,-2,39,4,47,6,41,6,39,6,36,15,0,0,0,0,0,0,0,0,0,0]"""
1782173638972,2026-06-23T09:13:58.972,warning,breathing,lmh,lying_fast_breath,t001,"CSI_DATA,17985,1a:00:00:00:00:00,-62,11,-98,15,45,11,124810056,47,2,256,0,""[0,0,0,0,0,0,0,0,0,0,0,0,-6,-41,0,-41,2,-45,6,-45,8,-47,10,-45,13,-50,19,-50,13,-54,23,-56,26,-58,21,-56,28,-63,32,-58,41,-54,39,-60,34,-65,43,-58,43,-54,54,-56,52,-52,52,-56,54,-56,54,-54,58,-54,50,-56,60,-52,60,-54,60,-50,56,-54,56,-47,60,-52,60,-47,56,-47,58,-52,56,-56,56,-50,54,-56,58,-50,54,-56,58,-47,52,-58,56,-54,63,-56,58,-54,54,-54,60,-56,58,-54,58,-52,67,-54,67,-54,65,-60,73,-52,76,-50,76,-54,71,-50,73,-50,0,0,0,0,0,0,-32,-82,-30,-80,-36,-71,-32,-71,-34,-69,-26,-73,-28,-69,-21,-73,-21,-69,-21,-69,-23,-67,-19,-63,-26,-69,-19,-67,-17,-63,-23,-60,-26,-65,-17,-58,-8,-60,-19,-58,-26,-60,-13,-65,-15,-54,-13,-58,-8,-56,-10,-60,-15,-63,-17,-58,-8,-63,-19,-58,-8,-60,-6,-65,-2,-63,-2,-60,-4,-58,4,-67,4,-63,4,-60,8,-63,13,-60,8,-58,10,-58,17,-58,15,-52,23,-54,17,-52,21,-47,23,-47,26,-43,28,-39,28,-39,28,-32,32,-30,34,-28,32,-21,32,-21,39,-19,0,0,0,0,0,0,0,0,0,0]"""
1782173638984,2026-06-23T09:13:58.984,warning,breathing,lmh,lying_fast_breath,t001,"CSI_DATA,17986,1a:00:00:00:00:00,-61,11,-98,16,45,11,124817496,47,2,256,0,""[0,0,0,0,0,0,0,0,0,0,0,0,-19,-38,-12,-40,-12,-42,-14,-46,-10,-46,-8,-46,-10,-50,-6,-50,-10,-57,-10,-57,-8,-59,-10,-61,-14,-65,-10,-69,-4,-67,-6,-69,-10,-69,-4,-71,-6,-69,-6,-69,-6,-69,-4,-78,-2,-73,-4,-76,-4,-82,-10,-73,-2,-76,-2,-80,-6,-76,-12,-78,-6,-69,-12,-82,-14,-76,-10,-73,-19,-80,-19,-78,-19,-67,-23,-69,-25,-76,-33,-73,-29,-76,-33,-67,-29,-73,-38,-76,-31,-69,-33,-65,-33,-71,-38,-65,-42,-73,-42,-78,-44,-71,-44,-69,-40,-80,-35,-71,-52,-80,-48,-76,-46,-71,0,0,0,0,0,0,-82,44,-78,44,-69,44,-71,38,-69,38,-65,35,-65,42,-69,42,-61,35,-61,31,-54,33,-54,31,-59,38,-57,40,-52,35,-46,38,-50,46,-48,42,-50,40,-44,40,-42,46,-46,40,-38,42,-40,40,-44,44,-42,44,-44,40,-40,50,-46,48,-35,46,-42,42,-48,44,-46,48,-42,48,-42,40,-50,46,-44,44,-44,44,-48,44,-46,38,-44,35,-44,35,-46,35,-46,40,-48,33,-44,31,-44,29,-42,31,-42,21,-42,19,-42,16,-40,14,-40,16,-44,14,-35,10,-38,8,-40,2,0,0,0,0,0,0,0,0,0,0]"""
1782173638994,2026-06-23T09:13:58.994,warning,breathing,lmh,lying_fast_breath,t001,"CSI_DATA,17987,1a:00:00:00:00:00,-62,11,-98,16,45,11,124828496,47,2,256,0,""[0,0,0,0,0,0,0,0,0,0,0,0,40,-8,42,-4,42,-10,46,-4,48,-8,50,-6,54,-4,50,-2,61,-8,54,-6,61,-6,61,-12,65,-12,63,-14,65,-8,67,-10,69,-19,73,-14,65,-14,76,-12,73,-12,73,-14,71,-16,73,-23,76,-19,69,-25,73,-19,78,-27,71,-29,69,-33,69,-29,71,-38,65,-40,65,-40,63,-42,61,-48,54,-44,54,-54,54,-52,50,-59,50,-57,46,-67,48,-65,40,-71,44,-65,40,-69,42,-69,33,-73,31,-73,31,-78,29,-82,27,-80,33,-82,33,-80,25,-88,19,-84,21,-84,0,0,0,0,0,0,-82,-19,-84,-19,-82,-8,-78,-14,-78,-10,-76,-12,-73,-2,-76,-2,-71,-2,-73,-4,-71,2,-65,0,-69,6,-65,8,-67,6,-63,12,-65,14,-59,16,-59,14,-59,21,-57,25,-59,21,-50,25,-52,25,-54,25,-52,27,-57,27,-48,35,-52,33,-50,35,-50,33,-52,38,-46,33,-46,38,-48,40,-54,40,-50,38,-46,38,-48,38,-48,35,-46,35,-48,38,-46,38,-42,35,-44,31,-42,35,-42,31,-42,33,-40,27,-40,29,-42,31,-38,23,-35,21,-33,16,-38,21,-33,23,-38,16,0,0,0,0,0,0,0,0,0,0]"""
1782173639006,2026-06-23T09:13:59.006,warning,breathing,lmh,lying_fast_breath,t001,"CSI_DATA,17988,1a:00:00:00:00:00,-61,11,-98,16,45,11,124839496,47,2,256,0,""[0,0,0,0,0,0,0,0,0,0,0,0,21,-33,25,-38,25,-33,33,-38,33,-35,31,-35,35,-35,38,-33,42,-40,44,-35,48,-40,48,-42,54,-38,57,-38,61,-33,59,-35,59,-42,63,-33,63,-31,69,-33,65,-29,69,-29,69,-29,69,-27,78,-29,65,-31,71,-23,76,-23,71,-21,71,-29,69,-25,78,-27,73,-25,69,-25,73,-27,71,-31,63,-31,69,-33,71,-29,69,-33,71,-31,65,-40,71,-40,76,-40,71,-35,67,-35,73,-38,67,-35,69,-35,80,-35,73,-35,73,-40,86,-38,82,-31,84,-35,86,-33,82,-33,0,0,0,0,0,0,-19,-84,-19,-82,-25,-80,-21,-78,-23,-76,-16,-76,-16,-69,-12,-78,-14,-69,-14,-69,-14,-65,-10,-63,-19,-69,-12,-67,-12,-63,-21,-59,-16,-63,-12,-61,-8,-63,-16,-59,-25,-61,-12,-63,-12,-54,-10,-59,-6,-59,-8,-63,-12,-59,-16,-59,-8,-65,-16,-59,-12,-57,-10,-63,-6,-61,-8,-63,-6,-59,0,-65,2,-61,2,-63,4,-63,4,-61,4,-57,6,-59,14,-59,8,-59,14,-54,10,-54,14,-46,21,-50,19,-48,21,-40,25,-46,23,-38,27,-38,27,-31,29,-31,23,-27,27,-27,0,0,0,0,0,0,0,0,0,0]"""
1782173639015,2026-06-23T09:13:59.015,warning,breathing,lmh,lying_fast_breath,t001,"CSI_DATA,17989,1a:00:00:00:00:00,-61,11,-98,19,44,11,124850496,47,2,256,0,""[0,0,0,0,0,0,0,0,0,0,0,0,19,36,17,36,17,43,17,45,17,52,17,47,13,50,15,52,15,56,17,58,15,58,17,60,17,63,17,65,8,67,15,69,19,69,15,71,17,71,13,73,13,78,17,73,15,78,19,71,13,82,23,71,13,73,15,76,17,76,23,76,19,69,26,82,28,71,28,69,34,73,32,71,32,69,39,65,36,71,43,65,39,65,47,60,47,63,56,65,50,63,52,63,50,63,54,63,54,58,63,69,63,63,58,60,60,67,56,65,60,69,65,65,65,67,0,0,0,0,0,0,69,-58,67,-56,58,-65,58,-54,50,-58,52,-52,54,-60,52,-58,47,-54,52,-47,43,-54,36,-50,41,-56,45,-56,41,-52,34,-54,39,-63,36,-54,36,-47,30,-56,26,-58,34,-52,28,-52,26,-52,28,-54,28,-54,26,-54,21,-58,30,-58,17,-58,26,-54,26,-58,26,-58,21,-60,23,-58,32,-60,26,-60,23,-58,26,-60,30,-52,23,-52,32,-56,32,-50,28,-52,30,-50,23,-47,28,-47,32,-45,32,-41,26,-39,30,-36,30,-28,30,-30,39,-32,34,-28,36,-23,30,-23,0,0,0,0,0,0,0,0,0,0]"""
1782173639026,2026-06-23T09:13:59.026,warning,breathing,lmh,lying_fast_breath,t001,"CSI_DATA,17990,1a:00:00:00:00:00,-61,11,-98,15,45,11,124861776,47,2,256,0,""[0,0,0,0,0,0,0,0,0,0,0,0,32,28,30,26,36,28,34,32,36,34,36,34,41,34,39,32,47,36,45,41,47,39,54,34,54,36,58,41,50,41,60,43,63,39,58,43,52,36,60,39,65,36,65,41,67,39,69,36,71,34,71,23,73,32,76,28,73,28,76,19,73,21,73,17,78,13,73,10,80,4,82,0,78,0,78,-8,78,-10,76,-19,73,-17,80,-26,78,-21,78,-32,67,-26,71,-36,73,-34,67,-39,67,-43,76,-47,67,-50,69,-52,76,-50,71,-54,67,-58,67,-58,63,-63,0,0,0,0,0,0,-58,-60,-63,-56,-63,-45,-63,-50,-69,-47,-58,-45,-63,-39,-63,-36,-65,-32,-60,-34,-63,-28,-63,-28,-69,-23,-65,-21,-67,-21,-63,-15,-67,-8,-65,-8,-60,-8,-65,-4,-65,0,-65,-4,-54,2,-58,4,-60,6,-63,6,-63,10,-58,15,-63,15,-58,23,-58,19,-63,17,-63,19,-56,21,-56,26,-58,17,-58,23,-56,21,-58,23,-58,21,-52,21,-58,23,-54,21,-54,23,-50,21,-52,28,-50,17,-45,21,-43,15,-43,19,-45,15,-43,15,-39,15,-43,13,-36,8,-36,10,-39,8,0,0,0,0,0,0,0,0,0,0]"""
1782173639036,2026-06-23T09:13:59.036,warning,breathing,lmh,lying_fast_breath,t001,"CSI_DATA,17991,1a:00:00:00:00:00,-61,11,-98,17,45,11,124872496,47,2,256,0,""[0,0,0,0,0,0,0,0,0,0,0,0,-26,34,-30,30,-30,28,-39,28,-36,30,-39,30,-41,28,-43,24,-49,32,-49,26,-53,32,-53,30,-59,32,-59,30,-63,24,-63,26,-65,32,-69,26,-67,22,-73,22,-73,22,-75,18,-69,22,-75,22,-80,18,-69,24,-71,16,-78,16,-71,14,-78,18,-71,18,-82,18,-73,20,-73,18,-78,22,-73,28,-67,22,-73,28,-75,24,-73,28,-75,26,-67,34,-75,32,-75,34,-75,32,-69,34,-73,36,-71,36,-75,32,-80,34,-80,30,-78,36,-88,32,-82,28,-84,32,-84,32,-84,30,0,0,0,0,0,0,20,88,16,84,26,82,20,80,22,73,18,75,14,71,14,80,14,69,16,69,16,67,14,61,20,65,14,65,14,65,22,61,20,63,16,59,10,61,18,59,24,59,12,61,16,57,14,61,12,57,14,61,16,57,20,61,14,63,20,57,14,55,14,59,10,57,12,63,10,57,8,69,6,65,4,63,4,65,2,61,2,57,-2,61,-6,61,-6,59,-12,57,-6,51,-10,51,-10,51,-14,51,-12,45,-16,41,-16,41,-18,39,-26,39,-26,34,-22,30,-24,30,0,0,0,0,0,0,0,0,0,0]"""
1782173639048,2026-06-23T09:13:59.048,warning,breathing,lmh,lying_fast_breath,t001,"CSI_DATA,17992,1a:00:00:00:00:00,-61,11,-98,15,45,11,124883496,47,2,256,0,""[0,0,0,0,0,0,0,0,0,0,0,0,-19,-34,-17,-36,-23,-41,-23,-43,-21,-41,-15,-45,-19,-45,-19,-47,-23,-54,-21,-56,-19,-56,-21,-58,-26,-63,-26,-63,-19,-65,-21,-67,-28,-67,-23,-71,-19,-65,-26,-71,-23,-71,-26,-73,-23,-73,-30,-73,-26,-80,-28,-69,-21,-71,-23,-73,-30,-73,-36,-71,-32,-67,-36,-76,-39,-69,-36,-67,-41,-67,-45,-63,-41,-60,-47,-58,-47,-63,-56,-56,-52,-60,-58,-52,-56,-52,-65,-54,-56,-52,-60,-47,-63,-50,-63,-45,-67,-50,-71,-54,-71,-50,-69,-47,-71,-54,-69,-54,-78,-50,-78,-50,-78,-47,0,0,0,0,0,0,-50,73,-50,71,-39,78,-39,67,-39,67,-41,60,-34,69,-39,67,-36,67,-39,58,-30,60,-26,58,-26,63,-26,65,-28,60,-17,60,-21,65,-17,65,-21,60,-15,58,-8,60,-15,63,-10,58,-15,63,-10,60,-10,63,-13,58,-4,63,-10,67,-2,58,-8,60,-6,60,-6,65,-2,63,-4,54,-8,67,-8,65,-8,65,-8,65,-10,58,-6,54,-10,58,-13,63,-8,56,-15,54,-13,52,-15,47,-10,54,-15,45,-15,45,-19,41,-17,45,-17,39,-21,41,-17,41,-21,32,-23,32,0,0,0,0,0,0,0,0,0,0]"""
1782173639059,2026-06-23T09:13:59.059,warning,breathing,lmh,lying_fast_breath,t001,"CSI_DATA,17993,1a:00:00:00:00:00,-62,11,-98,15,45,11,124897192,47,2,256,0,""[0,0,0,0,0,0,0,0,0,0,0,0,39,4,41,8,43,10,47,15,45,15,50,15,50,15,50,17,56,19,54,21,60,19,60,17,65,19,65,19,63,28,65,23,71,19,67,26,67,28,65,26,65,23,73,30,69,26,76,21,78,28,73,15,76,23,78,26,73,23,76,19,71,13,84,17,76,13,76,10,78,6,78,2,71,0,80,-10,76,-2,76,-10,80,-8,73,-19,82,-15,82,-19,80,-17,73,-21,80,-21,76,-23,76,-23,84,-26,82,-30,78,-32,89,-34,80,-26,84,-39,87,-32,84,-34,0,0,0,0,0,0,-30,-84,-28,-80,-39,-76,-34,-76,-39,-71,-36,-71,-36,-63,-34,-73,-34,-58,-34,-65,-36,-60,-34,-54,-36,-60,-34,-56,-43,-50,-41,-45,-52,-50,-43,-43,-41,-47,-45,-43,-52,-43,-47,-45,-43,-41,-41,-39,-43,-41,-47,-43,-50,-34,-52,-32,-50,-41,-54,-28,-50,-32,-54,-36,-47,-36,-54,-34,-50,-30,-52,-41,-52,-39,-50,-36,-52,-39,-47,-36,-47,-34,-52,-34,-45,-39,-45,-36,-41,-39,-43,-32,-41,-36,-39,-34,-36,-34,-32,-32,-30,-32,-32,-30,-28,-34,-23,-32,-23,-32,-19,-32,-19,-32,0,0,0,0,0,0,0,0,0,0]"""
1782173639070,2026-06-23T09:13:59.070,warning,breathing,lmh,lying_fast_breath,t001,"CSI_DATA,17994,1a:00:00:00:00:00,-59,11,-98,18,42,11,124905496,47,2,256,0,""[0,0,0,0,0,0,0,0,0,0,0,0,31,25,28,31,28,36,31,39,28,39,31,36,36,39,33,45,33,47,39,45,39,47,39,47,47,45,42,50,36,50,45,53,50,50,47,62,45,53,47,62,50,67,50,62,56,53,59,53,59,56,59,45,56,53,56,53,59,50,64,42,59,45,73,50,64,36,70,36,70,36,76,22,73,31,78,28,78,19,73,8,70,16,73,14,84,28,42,5,53,-22,95,-31,124,31,93,-59,101,-22,93,19,47,-87,87,-19,95,-14,36,78,93,-36,84,-36,174,8,0,0,0,0,0,0,-95,-73,-8,-109,-19,-118,-50,-160,-16,-56,-2,-64,16,-138,-45,-62,-31,-90,-16,-25,2,-78,-28,-31,-56,-42,-2,-53,-28,-70,-42,-62,-45,-53,-39,-53,-42,-53,-45,-50,-45,-45,-45,-39,-45,-33,-50,-42,-39,-39,-50,-36,-47,-33,-59,-33,-59,-36,-59,-25,-56,-28,-56,-31,-53,-31,-56,-28,-53,-28,-59,-33,-56,-33,-50,-33,-56,-28,-53,-28,-50,-28,-53,-25,-50,-36,-56,-31,-50,-31,-50,-22,-45,-28,-50,-25,-42,-25,-39,-22,-45,-25,-39,-25,-33,-28,-33,-25,-31,-19,-31,-19,-25,-28,0,0,0,0,0,0,0,0,0,0]"""
1782173639080,2026-06-23T09:13:59.080,warning,breathing,lmh,lying_fast_breath,t001,"CSI_DATA,17995,1a:00:00:00:00:00,-62,11,-98,15,45,11,124918430,47,2,256,0,""[0,0,0,0,0,0,0,0,0,0,0,0,-39,6,-43,2,-45,2,-47,0,-47,0,-47,-4,-52,-2,-52,-2,-58,4,-60,-4,-60,-4,-63,0,-69,-2,-69,-2,-67,-10,-69,-4,-73,0,-76,-8,-67,-2,-71,-8,-78,-8,-76,-6,-78,-2,-76,-2,-82,-8,-78,6,-80,-4,-80,0,-80,-2,-76,6,-73,4,-78,4,-73,10,-73,13,-76,15,-80,17,-69,19,-73,26,-73,23,-73,32,-73,30,-71,41,-76,36,-71,41,-65,34,-65,45,-69,43,-65,50,-65,50,-69,47,-67,47,-69,56,-76,54,-71,50,-71,56,-69,60,-65,56,0,0,0,0,0,0,54,67,54,67,54,54,52,60,56,58,50,60,52,56,52,56,52,52,47,50,50,47,52,41,60,43,56,41,54,43,52,34,54,36,56,34,52,34,58,30,60,26,58,30,50,19,52,23,56,26,60,23,63,21,56,17,58,23,65,13,60,17,60,19,58,17,56,17,58,17,56,23,60,17,58,17,63,19,63,21,54,17,58,21,52,26,56,21,52,26,52,19,50,26,43,21,41,23,39,21,43,23,41,19,36,23,36,28,32,26,32,26,30,26,0,0,0,0,0,0,0,0,0,0]"""
1782173639099,2026-06-23T09:13:59.099,warning,breathing,lmh,lying_fast_breath,t001,"CSI_DATA,17997,1a:00:00:00:00:00,-61,11,-98,14,45,11,124938502,47,2,256,0,""[0,0,0,0,0,0,0,0,0,0,0,0,-11,42,-15,35,-20,40,-24,40,-26,44,-29,40,-29,44,-33,44,-35,47,-35,44,-38,49,-38,51,-42,51,-44,51,-47,42,-51,51,-47,55,-58,53,-51,49,-55,47,-62,42,-53,47,-60,51,-60,51,-60,51,-53,51,-60,49,-58,51,-62,49,-55,51,-55,49,-60,53,-55,55,-58,51,-55,55,-53,58,-51,49,-49,62,-51,60,-44,62,-49,58,-42,71,-47,64,-42,67,-47,64,-44,71,-47,67,-40,71,-42,67,-49,76,-47,73,-42,73,-51,73,-55,76,-49,76,-44,76,-47,76,0,0,0,0,0,0,62,55,69,58,69,44,67,53,64,49,62,49,62,44,58,47,60,44,53,47,55,40,51,42,58,40,55,38,53,42,55,31,62,35,55,35,49,38,58,31,58,26,55,38,49,29,51,29,51,31,51,29,58,29,53,24,51,33,55,29,55,31,55,33,53,35,51,31,53,31,51,38,51,35,47,35,49,38,49,40,44,35,47,44,42,40,42,40,35,38,42,40,33,40,35,40,29,42,29,42,22,40,20,38,20,35,15,40,11,38,11,38,8,40,0,0,0,0,0,0,0,0,0,0]"""
1782173639112,2026-06-23T09:13:59.112,warning,breathing,lmh,lying_fast_breath,t001,"CSI_DATA,17998,1a:00:00:00:00:00,-61,11,-98,15,45,11,124949496,47,2,256,0,""[0,0,0,0,0,0,0,0,0,0,0,0,-41,0,-41,-4,-43,-6,-50,-10,-47,-10,-47,-15,-47,-10,-50,-19,-54,-19,-54,-26,-56,-23,-56,-23,-60,-26,-63,-28,-58,-36,-56,-36,-65,-36,-60,-41,-58,-39,-63,-47,-63,-47,-58,-47,-58,-47,-63,-50,-65,-54,-60,-45,-56,-50,-58,-52,-58,-56,-63,-47,-54,-47,-65,-56,-63,-52,-58,-50,-65,-52,-60,-45,-56,-43,-63,-41,-65,-50,-67,-43,-65,-47,-65,-43,-63,-45,-71,-43,-63,-43,-67,-41,-67,-45,-69,-36,-71,-47,-73,-50,-76,-50,-69,-47,-67,-56,-63,-50,-76,-56,-76,-54,-69,-54,0,0,0,0,0,0,-63,60,-60,63,-58,65,-56,54,-56,56,-56,52,-54,56,-58,56,-56,52,-52,43,-50,47,-47,43,-50,45,-50,47,-47,41,-41,43,-50,52,-47,47,-45,43,-43,41,-41,47,-47,41,-41,41,-45,43,-45,43,-47,41,-43,39,-41,47,-52,43,-41,43,-45,41,-47,41,-54,41,-50,41,-43,34,-56,34,-54,36,-52,34,-56,32,-54,28,-47,23,-54,23,-58,23,-56,23,-54,15,-52,17,-52,8,-52,15,-45,2,-43,6,-43,2,-41,2,-45,-2,-43,-4,-41,-6,-36,-8,-32,-13,0,0,0,0,0,0,0,0,0,0]"""
1782173639123,2026-06-23T09:13:59.123,warning,breathing,lmh,lying_fast_breath,t001,"CSI_DATA,17999,1a:00:00:00:00:00,-62,11,-98,18,44,11,124960495,47,2,256,0,""[0,0,0,0,0,0,0,0,0,0,0,0,26,-29,29,-29,26,-35,38,-31,40,-31,35,-31,40,-33,40,-29,44,-35,42,-38,47,-38,44,-38,49,-40,53,-40,60,-35,53,-42,53,-44,62,-40,55,-38,60,-38,64,-38,60,-42,62,-42,60,-49,69,-47,58,-51,62,-47,64,-49,58,-47,55,-53,55,-49,55,-53,53,-55,55,-55,53,-60,47,-58,44,-58,44,-60,44,-60,40,-71,40,-64,35,-71,40,-64,35,-76,35,-69,33,-71,31,-73,29,-71,24,-73,35,-80,29,-80,26,-80,38,-82,35,-80,31,-89,26,-85,24,-82,0,0,0,0,0,0,-82,-31,-78,-33,-78,-22,-78,-22,-76,-22,-69,-24,-73,-20,-71,-20,-67,-22,-64,-22,-67,-13,-64,-13,-73,-13,-67,-8,-64,-13,-62,-2,-69,-6,-64,-4,-60,-4,-62,-2,-64,4,-62,-4,-55,4,-60,0,-62,-4,-60,2,-60,2,-60,11,-64,4,-58,8,-62,2,-64,4,-64,6,-60,8,-60,2,-67,4,-60,4,-58,2,-62,4,-60,-2,-55,4,-62,0,-60,-2,-60,0,-55,-4,-55,-4,-53,-6,-53,-4,-49,-8,-47,-6,-47,-11,-44,-6,-38,-8,-40,-15,-42,-11,-38,-13,-38,-17,0,0,0,0,0,0,0,0,0,0]"""
1782173639132,2026-06-23T09:13:59.132,warning,breathing,lmh,lying_fast_breath,t001,"CSI_DATA,18000,1a:00:00:00:00:00,-61,11,-98,16,45,11,124971917,47,2,256,0,""[0,0,0,0,0,0,0,0,0,0,0,0,-14,40,-14,38,-16,42,-19,42,-21,42,-25,44,-23,46,-29,42,-29,52,-29,48,-35,48,-35,52,-31,57,-35,54,-40,52,-40,57,-35,59,-46,57,-35,52,-44,59,-46,61,-44,63,-50,61,-44,63,-48,65,-44,61,-50,61,-48,61,-44,61,-38,65,-44,61,-40,67,-33,69,-35,67,-33,69,-33,69,-31,65,-29,71,-29,73,-25,80,-27,76,-19,76,-21,73,-14,80,-19,73,-12,78,-16,80,-8,76,-10,80,-16,86,-10,82,-14,84,-19,88,-16,86,-10,92,-8,88,-8,88,0,0,0,0,0,0,86,12,84,10,80,4,82,12,82,8,73,12,76,8,73,6,73,6,67,8,65,6,65,2,71,0,67,0,63,6,63,0,65,-6,61,-4,63,0,61,-6,61,-10,65,-4,57,-12,59,-10,57,-4,61,-10,61,-8,59,-14,59,-12,57,-16,61,-10,65,-12,61,-12,57,-14,59,-10,63,-12,59,-12,54,-12,61,-10,61,-6,59,-8,59,-2,61,-6,54,-4,54,-4,57,-4,52,4,50,-2,46,2,46,4,44,6,42,8,42,6,46,10,35,10,35,12,35,16,0,0,0,0,0,0,0,0,0,0]"""
1782173639143,2026-06-23T09:13:59.143,warning,breathing,lmh,lying_fast_breath,t001,"CSI_DATA,18001,1a:00:00:00:00:00,-61,11,-98,14,45,11,124982495,47,2,256,0,""[0,0,0,0,0,0,0,0,0,0,0,0,40,15,35,17,40,22,42,26,40,24,40,29,40,29,40,31,44,38,47,38,47,40,47,40,49,44,49,44,42,53,44,51,49,51,44,55,42,55,47,58,44,55,47,64,40,62,44,62,47,69,47,58,38,64,40,67,40,67,47,60,40,62,47,67,44,64,44,62,47,64,44,60,44,58,49,53,51,58,58,55,53,60,55,55,53,58,62,62,51,58,53,53,53,60,53,58,60,60,64,64,60,64,60,62,58,69,51,69,64,64,62,67,60,67,0,0,0,0,0,0,76,-51,73,-47,67,-53,64,-42,64,-47,64,-42,62,-44,69,-44,60,-38,58,-35,55,-35,53,-31,58,-40,58,-40,53,-38,49,-38,55,-47,51,-40,55,-35,49,-35,47,-42,53,-38,47,-35,49,-38,51,-35,51,-40,51,-35,47,-44,53,-40,47,-40,47,-33,51,-33,53,-38,51,-35,51,-29,58,-33,55,-29,55,-31,58,-29,55,-17,51,-20,55,-20,58,-22,53,-20,55,-13,51,-13,53,-8,53,-13,49,-2,44,-4,44,0,44,4,44,2,44,4,42,6,40,6,35,11,0,0,0,0,0,0,0,0,0,0]"""
1782173639153,2026-06-23T09:13:59.153,warning,breathing,lmh,lying_fast_breath,t001,"CSI_DATA,18002,1a:00:00:00:00:00,-61,11,-98,15,45,11,124993495,47,2,256,0,""[0,0,0,0,0,0,0,0,0,0,0,0,23,36,19,36,17,41,17,43,15,43,13,47,10,50,8,52,10,60,6,60,8,63,6,60,8,65,6,67,-2,67,-2,73,-2,73,-8,73,-8,67,-17,69,-19,76,-17,71,-15,78,-13,76,-19,78,-13,76,-23,76,-23,76,-26,73,-19,73,-21,73,-21,76,-19,73,-21,71,-21,76,-21,78,-23,71,-15,73,-21,78,-10,80,-19,73,-13,82,-21,78,-13,82,-17,69,-17,78,-21,78,-15,78,-17,80,-21,84,-17,80,-21,82,-30,84,-30,84,-28,87,-23,84,-30,82,0,0,0,0,0,0,76,41,76,43,73,36,71,43,69,41,65,39,67,41,67,41,60,41,56,41,56,39,54,39,58,41,56,36,54,39,54,36,58,34,56,34,50,36,54,34,56,30,50,39,45,30,45,32,45,36,47,39,50,39,50,30,50,39,54,34,47,41,50,45,43,45,45,41,43,45,41,47,41,45,36,45,36,52,30,52,34,50,30,52,28,54,28,50,23,50,21,52,15,50,19,47,8,47,8,47,4,45,6,47,0,41,-2,47,-6,39,-4,36,-13,36,0,0,0,0,0,0,0,0,0,0]"""
1782173639165,2026-06-23T09:13:59.165,warning,breathing,lmh,lying_fast_breath,t001,"CSI_DATA,18003,1a:00:00:00:00:00,-61,11,-98,16,45,11,125004495,47,2,256,0,""[0,0,0,0,0,0,0,0,0,0,0,0,-40,2,-40,2,-46,-2,-48,-4,-46,-6,-48,-6,-48,-4,-50,-10,-59,-10,-57,-8,-59,-10,-61,-8,-67,-10,-65,-14,-63,-19,-65,-16,-71,-12,-69,-19,-67,-19,-69,-23,-76,-25,-71,-27,-71,-21,-76,-19,-76,-23,-73,-14,-71,-23,-76,-23,-71,-23,-76,-21,-67,-19,-78,-21,-78,-16,-73,-16,-78,-10,-76,-6,-73,-6,-73,-2,-78,-6,-76,2,-78,-4,-80,6,-80,4,-82,6,-76,4,-78,10,-82,8,-76,14,-80,6,-86,10,-82,8,-84,16,-90,10,-86,8,-88,12,-90,14,-86,14,0,0,0,0,0,0,4,86,8,84,12,84,6,78,10,78,6,78,6,76,8,78,8,71,10,69,10,67,12,63,16,67,10,67,14,65,21,61,19,65,16,63,12,61,21,59,27,59,16,57,19,52,19,57,21,57,14,59,21,61,27,54,21,61,31,52,23,54,25,57,21,59,23,61,21,52,16,63,16,61,19,57,19,61,16,57,16,52,14,57,10,59,12,57,6,57,10,52,4,52,8,52,2,50,2,46,0,44,-2,42,-2,42,-8,44,-10,42,-8,40,-12,35,0,0,0,0,0,0,0,0,0,0]"""
1782173639178,2026-06-23T09:13:59.178,warning,breathing,lmh,lying_fast_breath,t001,"CSI_DATA,18004,1a:00:00:00:00:00,-61,11,-98,17,45,11,125015495,47,2,256,0,""[0,0,0,0,0,0,0,0,0,0,0,0,-34,-18,-34,-22,-36,-24,-43,-30,-36,-28,-36,-32,-36,-32,-34,-36,-41,-41,-41,-41,-41,-43,-39,-43,-47,-49,-45,-49,-43,-57,-41,-55,-49,-57,-39,-59,-41,-59,-41,-61,-39,-61,-43,-67,-34,-61,-43,-67,-39,-73,-43,-63,-34,-65,-41,-69,-36,-65,-45,-65,-34,-61,-43,-71,-43,-67,-41,-63,-47,-63,-45,-59,-39,-55,-51,-59,-51,-59,-55,-55,-51,-61,-53,-51,-53,-59,-59,-57,-53,-59,-53,-53,-53,-57,-55,-53,-61,-55,-61,-61,-63,-61,-63,-55,-59,-69,-55,-61,-65,-65,-65,-67,-63,-65,0,0,0,0,0,0,-69,55,-65,55,-65,59,-61,45,-57,47,-61,45,-57,47,-65,51,-55,43,-59,39,-51,41,-51,39,-51,43,-53,41,-53,41,-45,41,-47,47,-47,43,-49,39,-43,39,-43,47,-47,39,-43,43,-43,43,-47,41,-47,43,-43,36,-45,47,-49,45,-41,45,-45,39,-49,41,-47,41,-47,47,-43,34,-55,41,-51,41,-47,36,-53,36,-51,30,-47,26,-55,24,-55,28,-47,28,-53,24,-45,22,-51,18,-47,20,-47,14,-43,8,-47,6,-43,10,-45,4,-43,2,-41,4,-36,0,-36,-4,0,0,0,0,0,0,0,0,0,0]"""
1782173639190,2026-06-23T09:13:59.190,warning,breathing,lmh,lying_fast_breath,t001,"CSI_DATA,18005,1a:00:00:00:00:00,-62,11,-98,14,45,11,125026495,47,2,256,0,""[0,0,0,0,0,0,0,0,0,0,0,0,35,-24,35,-22,38,-24,40,-24,40,-24,42,-24,44,-26,47,-24,51,-31,51,-26,53,-29,55,-33,58,-33,60,-31,60,-26,60,-33,60,-38,69,-31,60,-35,62,-31,67,-24,67,-38,71,-33,67,-38,71,-42,62,-44,67,-38,69,-42,62,-42,62,-47,62,-42,62,-51,55,-49,55,-49,55,-55,55,-60,47,-53,51,-58,47,-58,38,-67,42,-64,35,-71,40,-67,40,-73,33,-69,33,-71,38,-73,29,-73,26,-76,31,-82,29,-78,26,-82,38,-87,33,-80,26,-89,20,-85,22,-89,0,0,0,0,0,0,-80,-26,-82,-26,-78,-15,-78,-22,-78,-17,-71,-22,-71,-11,-73,-13,-69,-13,-69,-11,-67,-6,-64,-11,-73,-4,-69,-2,-64,-6,-64,2,-64,4,-62,2,-60,0,-62,8,-60,13,-64,4,-51,13,-55,11,-58,11,-60,13,-60,11,-55,20,-60,17,-58,20,-58,13,-60,17,-58,22,-55,20,-58,17,-60,17,-60,20,-53,17,-58,17,-60,15,-55,15,-58,15,-53,13,-55,13,-53,13,-53,15,-53,6,-51,11,-49,6,-44,6,-44,4,-42,4,-40,2,-42,2,-38,-2,-40,0,-38,-4,0,0,0,0,0,0,0,0,0,0]"""
1782173639200,2026-06-23T09:13:59.200,warning,breathing,lmh,lying_fast_breath,t001,"CSI_DATA,18006,1a:00:00:00:00:00,-62,11,-98,15,45,11,125037495,47,2,256,0,""[0,0,0,0,0,0,0,0,0,0,0,0,41,-4,39,2,47,4,47,6,50,6,50,8,50,10,52,8,58,10,58,15,60,13,60,13,65,13,67,17,65,23,69,15,73,13,73,21,63,19,71,23,76,28,71,23,76,23,73,23,78,28,73,15,73,23,76,19,76,21,76,19,71,15,78,17,76,13,71,17,80,10,76,6,71,4,78,-2,78,4,78,-4,78,0,78,-15,82,-8,82,-10,78,-10,78,-15,80,-10,76,-19,80,-15,87,-17,82,-17,80,-23,87,-19,87,-17,87,-23,87,-19,82,-21,0,0,0,0,0,0,-15,-84,-13,-84,-21,-76,-17,-78,-21,-78,-19,-73,-19,-73,-17,-76,-17,-67,-13,-65,-21,-65,-19,-63,-26,-67,-17,-65,-23,-63,-23,-56,-28,-63,-23,-56,-17,-56,-30,-56,-36,-54,-28,-58,-26,-47,-28,-52,-26,-54,-30,-52,-32,-52,-32,-54,-32,-54,-39,-50,-34,-47,-36,-50,-30,-54,-34,-52,-34,-47,-30,-56,-30,-54,-23,-52,-28,-56,-30,-54,-26,-52,-28,-54,-21,-54,-23,-52,-19,-52,-26,-47,-21,-47,-17,-50,-13,-47,-13,-45,-8,-45,-8,-45,-6,-43,-4,-41,-4,-36,-4,-36,0,-36,0,0,0,0,0,0,0,0,0,0]"""
1782173639210,2026-06-23T09:13:59.210,warning,breathing,lmh,lying_fast_breath,t001,"CSI_DATA,18007,1a:00:00:00:00:00,-62,11,-98,16,45,11,125048495,47,2,256,0,""[0,0,0,0,0,0,0,0,0,0,0,0,4,40,2,40,4,42,0,48,0,46,0,48,-2,50,-2,50,4,57,2,59,2,61,8,59,10,67,10,67,2,67,6,67,10,71,6,73,8,71,8,71,8,69,12,78,12,71,16,76,19,78,25,69,19,71,23,76,23,73,33,73,29,65,35,73,35,71,38,65,46,67,42,61,44,52,52,52,54,57,61,50,57,52,63,40,61,46,69,46,65,40,67,38,69,40,69,31,73,38,78,33,80,29,82,27,80,29,80,29,88,25,88,21,86,21,0,0,0,0,0,0,25,-86,19,-82,8,-86,10,-76,8,-76,10,-71,6,-73,4,-80,4,-71,2,-67,-6,-67,-4,-65,-8,-67,-8,-67,-10,-63,-16,-57,-21,-65,-21,-63,-14,-61,-25,-54,-27,-52,-19,-59,-29,-52,-27,-57,-27,-54,-29,-52,-31,-48,-38,-48,-38,-54,-42,-44,-33,-46,-35,-48,-40,-48,-44,-48,-38,-44,-42,-50,-42,-48,-40,-44,-40,-50,-38,-40,-38,-38,-40,-42,-42,-44,-42,-40,-35,-44,-40,-35,-33,-38,-35,-38,-31,-33,-25,-35,-27,-35,-25,-31,-27,-33,-23,-33,-29,-35,-21,-31,-16,-35,0,0,0,0,0,0,0,0,0,0]"""
1782173639220,2026-06-23T09:13:59.220,warning,breathing,lmh,lying_fast_breath,t001,"CSI_DATA,18008,1a:00:00:00:00:00,-62,11,-98,14,45,11,125059495,47,2,256,0,""[0,0,0,0,0,0,0,0,0,0,0,0,35,15,35,17,40,20,40,24,38,26,35,31,40,31,38,38,44,40,44,42,44,42,42,42,47,47,47,49,42,51,40,58,49,55,42,60,42,58,42,62,44,64,40,64,40,64,44,69,40,71,38,64,33,69,35,71,35,67,40,64,33,64,38,71,40,69,40,67,44,67,40,64,38,58,47,60,44,62,51,60,47,64,49,58,47,60,55,62,44,60,47,62,49,64,49,58,53,62,55,71,58,67,49,67,47,71,44,76,55,73,51,73,53,73,0,0,0,0,0,0,78,-40,76,-35,69,-47,71,-33,69,-35,67,-29,69,-38,73,-33,64,-29,64,-26,62,-26,55,-24,62,-29,62,-31,60,-24,53,-26,60,-35,58,-31,58,-26,55,-26,51,-31,55,-24,51,-31,53,-29,53,-26,55,-29,55,-24,53,-31,58,-29,53,-31,55,-24,58,-24,60,-24,58,-29,55,-20,62,-22,60,-22,55,-20,60,-17,58,-11,55,-13,58,-6,62,-6,58,-8,58,-2,53,-2,51,2,53,-2,49,6,47,13,44,13,42,11,42,8,42,11,38,13,33,15,31,26,0,0,0,0,0,0,0,0,0,0]"""
1782173639234,2026-06-23T09:13:59.234,warning,breathing,lmh,lying_fast_breath,t001,"CSI_DATA,18009,1a:00:00:00:00:00,-62,11,-98,16,45,11,125072153,47,2,256,0,""[0,0,0,0,0,0,0,0,0,0,0,0,-2,-40,-2,-40,4,-46,8,-48,8,-46,8,-48,10,-50,14,-48,19,-54,21,-54,21,-57,21,-59,27,-61,29,-57,40,-52,38,-59,31,-65,46,-59,44,-50,50,-48,54,-48,52,-54,54,-57,54,-54,61,-54,50,-54,57,-50,59,-50,65,-46,59,-48,59,-44,63,-46,61,-48,59,-44,63,-50,59,-50,57,-46,54,-52,61,-46,57,-52,59,-48,57,-54,61,-50,59,-54,61,-48,59,-52,63,-48,61,-52,65,-44,73,-50,71,-48,69,-50,76,-44,78,-42,78,-46,76,-42,78,-40,0,0,0,0,0,0,-25,-80,-23,-80,-29,-76,-27,-73,-23,-78,-16,-71,-19,-76,-14,-73,-12,-71,-8,-69,-14,-65,-10,-63,-14,-65,-8,-65,-10,-63,-14,-59,-12,-65,-8,-59,-2,-59,-8,-63,-12,-57,-4,-59,-4,-54,-2,-59,-2,-61,0,-59,-4,-61,-6,-59,4,-61,-6,-61,2,-61,4,-61,8,-63,6,-59,4,-57,16,-63,14,-61,16,-57,21,-61,21,-54,19,-54,21,-54,29,-52,27,-50,29,-46,29,-48,33,-42,33,-38,33,-33,33,-31,38,-33,33,-25,35,-21,40,-19,35,-16,35,-16,33,-10,0,0,0,0,0,0,0,0,0,0]"""
1782173639244,2026-06-23T09:13:59.244,warning,breathing,lmh,lying_fast_breath,t001,"CSI_DATA,18010,1a:00:00:00:00:00,-62,11,-98,15,45,11,125081495,47,2,256,0,""[0,0,0,0,0,0,0,0,0,0,0,0,-30,28,-30,28,-36,28,-39,28,-39,30,-41,28,-41,28,-43,21,-50,34,-52,23,-54,28,-54,32,-58,32,-58,30,-60,23,-65,26,-67,36,-67,26,-63,21,-65,26,-65,26,-73,30,-69,26,-71,26,-78,28,-67,32,-69,26,-76,28,-69,26,-69,36,-67,28,-71,32,-69,34,-65,34,-69,39,-65,43,-63,36,-65,45,-65,36,-60,45,-60,41,-54,52,-58,54,-63,52,-60,52,-60,52,-60,56,-52,54,-56,54,-65,54,-63,60,-58,60,-67,60,-65,58,-65,63,-65,63,-60,60,0,0,0,0,0,0,54,71,52,65,54,58,54,60,54,58,50,60,47,54,50,58,45,50,47,54,45,50,45,47,52,45,43,47,47,50,52,41,52,45,47,41,41,45,47,41,52,34,50,41,45,32,47,36,45,36,47,39,50,34,52,32,47,39,47,30,50,36,50,36,47,36,50,36,47,36,47,41,47,39,47,39,50,43,43,39,43,36,41,43,39,43,36,41,30,45,39,39,30,41,32,43,28,43,21,34,26,41,21,36,15,41,13,43,13,39,10,36,8,39,0,0,0,0,0,0,0,0,0,0]"""
1782173639254,2026-06-23T09:13:59.254,warning,breathing,lmh,lying_fast_breath,t001,"CSI_DATA,18011,1a:00:00:00:00:00,-62,11,-98,15,45,11,125093006,47,2,256,0,""[0,0,0,0,0,0,0,0,0,0,0,0,-30,28,-32,23,-36,21,-41,26,-39,26,-45,21,-45,21,-50,23,-52,23,-54,21,-58,23,-56,26,-63,23,-60,23,-65,17,-67,21,-65,26,-71,21,-67,17,-73,15,-76,15,-71,13,-76,17,-76,23,-78,17,-71,23,-71,17,-78,23,-73,17,-73,21,-67,21,-76,23,-71,23,-69,23,-73,32,-69,32,-67,30,-71,36,-69,30,-67,39,-67,39,-65,45,-69,43,-69,45,-69,45,-63,47,-69,47,-63,50,-63,45,-71,47,-71,52,-67,52,-76,52,-76,47,-73,56,-69,54,-73,54,0,0,0,0,0,0,43,78,43,71,45,67,47,67,45,63,41,63,36,60,41,65,36,58,39,63,41,54,39,54,43,54,36,52,41,56,41,47,43,50,39,47,36,47,43,47,50,41,43,50,39,43,41,43,39,43,41,45,41,47,43,41,43,45,47,36,43,43,45,45,41,47,45,41,41,41,36,52,39,47,34,45,39,50,39,45,34,45,39,50,28,50,28,47,28,47,30,47,26,43,23,50,17,47,17,43,17,43,15,41,8,39,6,41,6,43,8,39,-2,39,0,0,0,0,0,0,0,0,0,0]"""
1782173639265,2026-06-23T09:13:59.265,warning,breathing,lmh,lying_fast_breath,t001,"CSI_DATA,18012,1a:00:00:00:00:00,-62,11,-98,17,45,11,125103495,47,2,256,0,""[0,0,0,0,0,0,0,0,0,0,0,0,0,-43,4,-39,2,-45,4,-47,8,-47,8,-45,8,-49,10,-53,8,-57,8,-59,12,-59,8,-57,8,-65,8,-67,16,-63,16,-69,8,-67,14,-71,14,-65,14,-65,20,-71,16,-78,16,-73,12,-78,14,-80,6,-73,14,-75,10,-75,10,-80,4,-75,4,-69,2,-75,0,-78,-2,-78,-6,-80,-12,-80,-8,-71,-16,-73,-16,-78,-26,-80,-18,-78,-26,-73,-22,-73,-32,-80,-26,-65,-32,-71,-28,-69,-36,-67,-41,-75,-36,-78,-41,-73,-41,-71,-36,-82,-36,-75,-49,-80,-49,-73,-45,-75,0,0,0,0,0,0,-78,43,-78,43,-63,51,-67,41,-67,47,-61,39,-63,45,-63,45,-57,47,-53,36,-51,43,-49,39,-49,47,-51,47,-45,43,-36,45,-43,53,-43,49,-41,45,-36,47,-30,49,-39,47,-28,47,-30,51,-34,53,-32,55,-32,51,-26,57,-30,57,-22,55,-28,51,-28,55,-30,59,-20,57,-26,53,-30,55,-24,57,-28,55,-28,57,-28,49,-26,49,-28,49,-32,51,-28,51,-28,47,-30,47,-30,39,-26,49,-26,32,-30,34,-32,34,-28,34,-30,36,-26,28,-28,28,-28,28,-32,22,0,0,0,0,0,0,0,0,0,0]"""
1782173639276,2026-06-23T09:13:59.276,warning,breathing,lmh,lying_fast_breath,t001,"CSI_DATA,18013,1a:00:00:00:00:00,-61,11,-98,20,44,11,125114494,47,2,256,0,""[0,0,0,0,0,0,0,0,0,0,0,0,40,-4,40,2,46,-2,48,4,50,0,46,4,52,0,50,4,57,-2,59,-2,59,0,63,-4,65,-8,67,-8,65,-2,69,-4,71,-16,69,-4,67,-8,67,-12,63,-10,76,-16,71,-12,76,-21,80,-23,69,-29,71,-25,76,-29,71,-31,67,-40,65,-33,71,-42,63,-44,65,-44,61,-54,57,-52,50,-54,46,-61,46,-59,42,-63,42,-65,33,-71,35,-69,31,-78,29,-71,25,-71,23,-80,19,-76,14,-76,10,-86,12,-86,8,-84,14,-84,12,-90,0,-92,-4,-92,-6,-88,0,0,0,0,0,0,-90,4,-88,8,-80,16,-76,12,-76,16,-76,16,-71,19,-73,19,-69,21,-67,23,-61,27,-63,23,-61,33,-57,29,-57,31,-46,38,-54,42,-50,44,-48,40,-42,44,-38,48,-42,46,-33,46,-35,50,-38,50,-35,52,-31,50,-21,59,-31,54,-21,57,-25,57,-27,57,-23,59,-16,59,-21,61,-16,61,-21,63,-14,57,-21,61,-21,57,-16,57,-14,59,-14,57,-10,57,-12,54,-14,54,-8,50,-10,50,-12,48,-12,48,-14,44,-10,38,-14,38,-16,42,-14,40,-14,42,-19,40,0,0,0,0,0,0,0,0,0,0]"""
1782173639288,2026-06-23T09:13:59.288,warning,breathing,lmh,lying_fast_breath,t001,"CSI_DATA,18014,1a:00:00:00:00:00,-62,11,-98,16,45,11,125126774,47,2,256,0,""[0,0,0,0,0,0,0,0,0,0,0,0,-25,-29,-25,-29,-29,-33,-29,-40,-29,-40,-27,-38,-31,-40,-29,-42,-35,-48,-33,-48,-33,-48,-35,-48,-40,-50,-40,-54,-35,-59,-38,-54,-44,-57,-40,-61,-42,-59,-42,-63,-42,-65,-46,-61,-42,-57,-44,-59,-48,-67,-48,-54,-44,-59,-48,-59,-48,-59,-54,-57,-48,-54,-57,-59,-57,-50,-57,-48,-63,-48,-63,-38,-59,-35,-67,-35,-65,-40,-69,-35,-69,-38,-71,-27,-71,-29,-78,-27,-73,-23,-71,-23,-78,-21,-78,-16,-80,-19,-86,-19,-84,-19,-80,-14,-84,-19,-82,-19,-90,-14,-92,-10,-90,-10,0,0,0,0,0,0,-16,84,-12,82,-6,84,-6,78,0,78,-6,76,-2,76,-8,80,-4,73,0,67,4,65,4,63,10,69,6,67,6,63,12,61,19,65,10,63,10,65,16,57,23,57,16,61,21,54,21,57,21,59,21,59,23,50,29,57,25,61,31,50,25,52,27,54,29,57,29,57,29,50,27,61,31,59,29,54,29,59,25,52,27,50,21,52,23,59,23,54,21,54,23,48,19,46,21,50,14,44,12,42,10,44,14,40,8,44,10,44,4,40,2,33,4,35,0,0,0,0,0,0,0,0,0,0]"""
1782173639298,2026-06-23T09:13:59.298,warning,breathing,lmh,lying_fast_breath,t001,"CSI_DATA,18015,1a:00:00:00:00:00,-62,11,-98,16,45,11,125136494,47,2,256,0,""[0,0,0,0,0,0,0,0,0,0,0,0,35,-16,35,-14,44,-16,46,-12,48,-10,46,-6,48,-10,50,-6,59,-8,61,-6,59,-6,59,-4,65,-6,67,-2,69,6,71,4,69,-2,73,10,67,10,67,12,71,19,76,12,76,14,76,14,78,21,78,8,73,19,76,19,73,21,76,16,71,16,78,21,76,19,71,19,80,14,76,14,69,12,71,8,76,12,80,8,80,14,76,6,76,10,84,8,69,8,76,6,80,10,78,2,84,12,86,12,84,12,84,10,86,19,84,16,88,19,92,14,86,16,0,0,0,0,0,0,31,-88,29,-82,19,-78,23,-76,23,-78,25,-67,27,-71,31,-73,27,-69,23,-61,19,-61,23,-61,21,-63,27,-63,21,-57,16,-61,19,-67,21,-61,25,-59,21,-59,10,-61,19,-57,16,-54,25,-54,25,-57,25,-59,21,-59,19,-57,25,-59,16,-59,21,-54,25,-59,31,-54,27,-59,23,-52,33,-54,31,-52,33,-50,35,-54,35,-48,31,-46,33,-42,40,-44,40,-44,40,-38,38,-40,40,-31,42,-33,38,-25,35,-27,40,-21,40,-19,38,-16,40,-14,33,-12,35,-10,35,-6,0,0,0,0,0,0,0,0,0,0]"""
1782173639311,2026-06-23T09:13:59.311,warning,breathing,lmh,lying_fast_breath,t001,"CSI_DATA,18016,1a:00:00:00:00:00,-61,11,-98,15,45,11,125150268,47,2,256,0,""[0,0,0,0,0,0,0,0,0,0,0,0,8,39,6,41,6,43,4,47,2,50,2,47,4,47,2,52,4,58,4,63,6,58,8,58,13,65,6,67,-2,69,6,71,10,69,2,73,8,71,2,69,-2,71,10,78,13,76,13,78,10,82,21,71,13,76,15,76,17,76,26,73,21,69,26,76,30,71,32,67,36,71,39,65,39,58,43,60,45,67,54,60,50,60,54,52,54,56,63,56,56,47,63,47,65,47,65,43,67,50,73,54,71,50,71,41,73,50,73,41,80,41,82,41,82,36,0,0,0,0,0,0,45,-76,41,-80,28,-76,28,-69,26,-73,26,-71,23,-73,30,-78,26,-69,17,-63,15,-65,13,-60,10,-69,15,-67,8,-63,2,-60,2,-69,0,-65,4,-65,-2,-60,-8,-63,-4,-58,-6,-58,-8,-58,-4,-63,-13,-60,-13,-58,-17,-58,-17,-65,-23,-56,-17,-56,-17,-58,-17,-65,-19,-58,-19,-56,-17,-63,-21,-63,-21,-63,-19,-60,-19,-56,-17,-52,-19,-56,-19,-58,-21,-58,-13,-56,-19,-52,-10,-50,-15,-54,-8,-47,-10,-43,-13,-45,-8,-41,-6,-47,-4,-45,-4,-39,-2,-34,0,-39,0,0,0,0,0,0,0,0,0,0]"""
1782173639322,2026-06-23T09:13:59.322,warning,breathing,lmh,lying_fast_breath,t001,"CSI_DATA,18017,1a:00:00:00:00:00,-61,11,-98,14,45,11,125158494,47,2,256,0,""[0,0,0,0,0,0,0,0,0,0,0,0,-40,-2,-40,-2,-42,-2,-47,-2,-49,-4,-47,-2,-51,-6,-49,-4,-58,-2,-55,-4,-60,-2,-62,-2,-64,0,-67,0,-67,-6,-71,-2,-69,6,-78,0,-67,2,-71,0,-76,0,-73,8,-80,6,-76,13,-78,11,-76,15,-73,6,-76,17,-73,17,-71,24,-69,20,-76,29,-69,33,-64,33,-67,40,-69,40,-58,40,-60,44,-60,47,-55,55,-53,51,-51,60,-51,60,-44,69,-47,60,-40,64,-44,67,-38,71,-33,71,-40,78,-33,76,-33,78,-38,82,-35,78,-29,87,-24,89,-22,85,0,0,0,0,0,0,85,22,87,20,80,8,80,15,80,13,73,13,76,4,80,4,71,2,69,8,67,-2,67,0,69,-8,67,-11,67,-6,62,-13,64,-17,60,-17,58,-13,58,-22,55,-29,60,-24,47,-26,51,-26,53,-29,53,-31,55,-33,47,-38,51,-35,49,-42,49,-35,51,-42,47,-42,42,-44,44,-42,47,-42,44,-42,42,-40,44,-44,44,-38,44,-40,47,-42,44,-40,42,-42,40,-38,38,-40,40,-38,38,-38,38,-31,38,-35,35,-33,33,-31,29,-26,35,-26,29,-24,31,-17,38,-22,0,0,0,0,0,0,0,0,0,0]"""
1782173639332,2026-06-23T09:13:59.332,warning,breathing,lmh,lying_fast_breath,t001,"CSI_DATA,18018,1a:00:00:00:00:00,-61,11,-98,15,45,11,125169494,47,2,256,0,""[0,0,0,0,0,0,0,0,0,0,0,0,-41,-8,-39,-10,-45,-13,-45,-15,-43,-17,-45,-17,-47,-15,-47,-19,-56,-15,-54,-19,-56,-17,-60,-17,-63,-17,-65,-19,-60,-28,-69,-23,-71,-15,-73,-21,-63,-23,-67,-19,-63,-23,-73,-21,-76,-21,-71,-19,-76,-23,-73,-13,-76,-15,-78,-15,-76,-15,-71,-10,-73,-6,-78,-6,-76,-4,-73,0,-78,6,-78,8,-73,13,-78,15,-76,13,-73,21,-73,19,-73,32,-71,28,-76,32,-71,30,-69,36,-76,36,-67,45,-71,41,-78,45,-71,47,-69,50,-78,50,-73,47,-71,54,-69,56,-67,52,0,0,0,0,0,0,50,69,52,69,54,58,58,60,60,60,50,54,54,56,52,56,52,50,52,47,54,41,52,39,60,39,54,39,56,36,56,30,58,30,56,30,52,30,58,26,63,17,63,26,52,15,58,21,56,21,58,19,60,15,60,10,63,19,63,6,60,10,60,8,65,10,60,8,60,4,65,10,60,10,60,8,63,10,60,8,60,6,60,6,56,10,56,10,56,13,56,6,50,8,54,8,47,8,45,8,47,10,41,10,36,15,43,17,39,15,34,13,34,19,0,0,0,0,0,0,0,0,0,0]"""
1782173639344,2026-06-23T09:13:59.344,warning,breathing,lmh,lying_fast_breath,t001,"CSI_DATA,18019,1a:00:00:00:00:00,-61,11,-98,16,45,11,125180494,47,2,256,0,""[0,0,0,0,0,0,0,0,0,0,0,0,-31,21,-31,16,-40,21,-44,16,-46,16,-46,12,-46,12,-48,12,-54,14,-61,10,-59,8,-57,10,-69,10,-67,6,-65,-4,-65,0,-71,6,-73,-6,-69,-4,-71,-12,-73,-16,-71,-10,-73,-12,-76,-12,-82,-19,-73,-12,-69,-16,-73,-16,-76,-23,-76,-14,-67,-19,-76,-21,-78,-21,-71,-21,-76,-16,-73,-14,-67,-12,-73,-14,-78,-19,-78,-12,-73,-14,-76,-8,-73,-12,-80,-10,-71,-14,-78,-8,-76,-12,-76,-10,-78,-19,-84,-19,-82,-19,-80,-14,-82,-25,-84,-25,-86,-25,-86,-23,-84,-25,0,0,0,0,0,0,-42,80,-40,76,-35,78,-35,71,-33,69,-38,63,-38,67,-40,65,-42,63,-38,57,-33,57,-31,54,-33,59,-38,59,-35,52,-29,57,-33,61,-31,57,-38,50,-31,52,-27,54,-33,52,-31,50,-31,52,-40,50,-35,50,-35,50,-31,50,-38,54,-31,50,-38,44,-38,48,-44,50,-42,50,-38,44,-48,44,-44,46,-44,40,-48,40,-46,35,-44,33,-48,31,-54,31,-50,27,-52,23,-48,25,-46,19,-50,21,-42,10,-46,10,-42,10,-42,8,-46,6,-44,-4,-40,-2,-38,-2,-38,-8,0,0,0,0,0,0,0,0,0,0]"""
1782173639355,2026-06-23T09:13:59.355,warning,breathing,lmh,lying_fast_breath,t001,"CSI_DATA,18020,1a:00:00:00:00:00,-62,11,-98,17,45,11,125192293,47,2,256,0,""[0,0,0,0,0,0,0,0,0,0,0,0,20,-32,22,-34,28,-32,34,-32,34,-32,34,-36,36,-34,41,-32,41,-36,45,-32,49,-34,49,-36,51,-39,57,-34,61,-28,57,-30,63,-36,61,-26,67,-28,67,-24,63,-20,75,-26,67,-22,71,-24,78,-22,71,-24,73,-20,78,-18,71,-14,75,-22,65,-18,80,-22,75,-18,71,-16,73,-22,71,-24,67,-22,71,-28,75,-20,73,-28,73,-24,65,-32,73,-28,73,-32,75,-28,73,-28,75,-32,73,-30,73,-26,82,-28,78,-28,80,-32,84,-26,82,-24,86,-30,88,-26,86,-18,0,0,0,0,0,0,-10,-90,-12,-80,-18,-82,-14,-78,-10,-78,-10,-75,-8,-73,-2,-80,-4,-69,-6,-69,-6,-67,-6,-63,-10,-69,-2,-65,-4,-65,-12,-63,-10,-67,-6,-63,0,-65,-6,-57,-10,-63,-6,-61,-8,-57,-2,-61,0,-59,0,-61,-6,-57,-10,-61,0,-65,-10,-59,-4,-61,-4,-63,4,-63,0,-65,2,-57,8,-67,8,-63,10,-61,12,-65,12,-57,8,-55,14,-59,20,-61,20,-55,22,-53,16,-49,24,-49,24,-47,26,-45,26,-36,26,-39,28,-34,32,-30,36,-30,34,-26,30,-22,36,-22,0,0,0,0,0,0,0,0,0,0]"""
1782173639365,2026-06-23T09:13:59.365,warning,breathing,lmh,lying_fast_breath,t001,"CSI_DATA,18021,1a:00:00:00:00:00,-61,11,-98,20,44,11,125204407,47,2,256,0,""[0,0,0,0,0,0,0,0,0,0,0,0,-38,-10,-38,-14,-38,-14,-42,-21,-44,-19,-44,-23,-50,-21,-44,-21,-52,-19,-50,-25,-54,-23,-54,-21,-57,-25,-63,-25,-61,-27,-65,-27,-67,-21,-69,-27,-65,-25,-65,-25,-71,-27,-69,-25,-67,-19,-78,-19,-76,-25,-73,-12,-73,-21,-76,-16,-76,-12,-73,-8,-71,-6,-78,-4,-71,-4,-73,-2,-78,4,-76,12,-71,8,-73,14,-76,14,-73,21,-71,23,-69,35,-69,27,-76,35,-73,31,-63,35,-73,38,-67,44,-65,46,-73,48,-71,52,-65,52,-73,54,-71,48,-65,63,-63,59,-65,63,0,0,0,0,0,0,61,67,61,61,63,52,61,59,59,46,57,52,61,46,63,48,59,40,59,46,57,33,59,35,63,31,61,33,54,33,61,23,67,21,63,19,63,27,59,16,65,8,65,16,59,6,65,8,63,12,65,8,65,8,63,-2,65,2,63,-6,65,0,65,-4,61,-2,67,-8,61,-2,65,-2,63,-6,63,-6,67,-4,61,-4,61,-4,65,-4,63,-2,61,-4,59,-6,54,-10,52,-2,61,-4,46,0,48,-6,52,-2,46,0,46,0,44,6,42,6,44,4,42,12,0,0,0,0,0,0,0,0,0,0]"""
1782173639376,2026-06-23T09:13:59.376,warning,breathing,lmh,lying_fast_breath,t001,"CSI_DATA,18022,1a:00:00:00:00:00,-59,11,-98,14,43,11,125213494,47,2,256,0,""[0,0,0,0,0,0,0,0,0,0,0,0,-25,-28,-25,-31,-25,-36,-19,-39,-16,-42,-19,-42,-16,-47,-14,-47,-14,-59,-8,-56,-5,-62,-2,-59,-8,-64,2,-67,11,-64,11,-70,8,-70,22,-73,19,-64,25,-62,28,-56,28,-70,31,-67,36,-67,45,-67,36,-70,45,-64,45,-64,53,-56,50,-62,50,-50,50,-56,47,-59,56,-50,50,-59,59,-53,53,-53,50,-47,56,-56,56,-59,76,-45,33,-45,47,-39,53,-36,45,-73,56,-56,124,-50,70,-64,70,-90,109,28,78,-59,93,28,64,22,64,14,157,-11,135,25,124,-16,0,0,0,0,0,0,16,-140,-31,-124,5,-149,59,-70,42,-87,67,-47,22,-62,-28,-121,62,-53,11,-67,-8,-19,14,-87,8,-78,0,-62,31,-67,33,-73,25,-73,25,-62,31,-53,33,-56,25,-56,31,-59,25,-47,36,-47,39,-45,39,-47,42,-53,36,-53,45,-50,42,-50,45,-42,47,-42,56,-36,50,-42,53,-31,56,-31,59,-31,59,-25,62,-22,59,-22,62,-16,62,-16,62,-8,62,-8,56,0,53,0,53,8,50,8,45,14,45,14,45,19,45,16,36,22,33,28,36,28,31,31,22,28,0,0,0,0,0,0,0,0,0,0]"""
1782173639388,2026-06-23T09:13:59.388,warning,breathing,lmh,lying_fast_breath,t001,"CSI_DATA,18023,1a:00:00:00:00:00,-61,11,-98,20,44,11,125225657,47,2,256,0,""[0,0,0,0,0,0,0,0,0,0,0,0,-40,-2,-44,-8,-42,-12,-44,-14,-44,-19,-42,-19,-44,-16,-44,-27,-52,-23,-52,-29,-48,-29,-50,-25,-57,-27,-59,-35,-52,-40,-54,-40,-61,-35,-57,-44,-54,-40,-59,-42,-54,-44,-57,-50,-59,-46,-57,-48,-59,-54,-59,-44,-54,-54,-59,-48,-52,-52,-61,-44,-54,-44,-57,-54,-61,-46,-57,-44,-61,-44,-67,-42,-59,-38,-65,-38,-63,-44,-73,-38,-69,-35,-71,-27,-67,-33,-76,-35,-63,-35,-71,-31,-73,-35,-73,-27,-76,-38,-78,-40,-78,-40,-80,-40,-82,-44,-71,-44,-84,-38,-82,-42,-82,-33,0,0,0,0,0,0,-52,71,-46,76,-40,76,-38,73,-38,73,-40,65,-40,65,-42,69,-46,61,-35,61,-31,59,-31,57,-35,67,-33,59,-33,59,-27,57,-29,61,-25,61,-29,54,-25,57,-19,61,-31,54,-23,54,-23,50,-29,59,-25,61,-25,61,-21,61,-29,61,-19,59,-25,59,-27,59,-35,59,-25,59,-23,54,-33,57,-35,61,-35,52,-35,59,-35,50,-35,44,-33,50,-40,50,-42,50,-40,44,-35,42,-35,35,-38,38,-38,29,-38,31,-40,31,-38,27,-42,27,-40,23,-38,16,-38,16,-38,12,0,0,0,0,0,0,0,0,0,0]"""
1782173639398,2026-06-23T09:13:59.398,warning,breathing,lmh,lying_fast_breath,t001,"CSI_DATA,18024,1a:00:00:00:00:00,-61,11,-98,14,45,11,125235494,47,2,256,0,""[0,0,0,0,0,0,0,0,0,0,0,0,-31,24,-31,22,-35,26,-38,24,-40,26,-42,26,-42,24,-44,26,-49,31,-49,31,-49,35,-49,31,-53,40,-51,40,-58,35,-60,38,-51,47,-62,42,-53,44,-58,44,-62,40,-55,49,-60,47,-55,55,-60,58,-49,55,-55,53,-51,58,-51,58,-44,64,-44,55,-44,67,-40,69,-38,67,-33,71,-29,71,-26,69,-22,73,-20,71,-13,80,-15,78,-6,76,-8,78,-2,85,-4,76,0,76,2,85,4,78,8,80,11,89,15,87,13,80,11,89,13,87,24,89,26,85,29,87,0,0,0,0,0,0,87,-22,82,-29,69,-40,76,-26,76,-33,69,-31,73,-35,67,-38,64,-38,62,-31,55,-35,58,-35,55,-42,53,-47,53,-40,44,-47,47,-51,44,-51,42,-44,40,-49,33,-51,38,-51,29,-49,31,-51,31,-55,29,-58,31,-55,22,-60,24,-60,17,-60,22,-58,24,-60,20,-64,15,-62,17,-55,20,-64,17,-62,13,-62,15,-62,20,-58,13,-58,17,-60,15,-60,13,-58,13,-53,15,-51,17,-47,13,-55,20,-44,15,-47,17,-44,13,-44,13,-40,17,-44,22,-38,17,-35,20,-31,0,0,0,0,0,0,0,0,0,0]"""
1782173639409,2026-06-23T09:13:59.409,warning,breathing,lmh,lying_fast_breath,t001,"CSI_DATA,18025,1a:00:00:00:00:00,-61,11,-98,18,45,11,125248811,47,2,256,0,""[0,0,0,0,0,0,0,0,0,0,0,0,-31,19,-33,19,-39,15,-47,15,-43,15,-45,11,-47,13,-47,11,-55,15,-55,7,-57,11,-59,11,-67,11,-63,7,-67,0,-69,5,-71,11,-71,1,-69,0,-67,1,-67,0,-75,0,-71,-1,-75,-3,-79,-5,-71,1,-75,-7,-79,-3,-73,-5,-79,-3,-71,0,-81,0,-77,0,-73,0,-79,1,-75,7,-69,5,-75,11,-73,3,-77,11,-77,7,-73,19,-77,17,-81,19,-79,15,-75,17,-81,15,-75,21,-79,15,-83,13,-85,17,-81,23,-87,17,-85,13,-89,21,-91,15,-83,17,0,0,0,0,0,0,7,85,7,87,15,85,9,77,11,77,9,77,9,75,5,79,7,69,5,69,9,67,9,65,13,69,7,67,9,67,13,65,13,69,15,67,5,63,17,59,21,61,13,63,15,61,11,61,9,63,13,61,13,59,19,61,11,65,19,59,13,57,15,65,11,59,13,65,11,59,5,69,7,63,7,59,5,65,3,59,3,59,3,61,-1,63,-3,59,-5,61,0,55,-5,51,-5,55,-9,49,-7,41,-13,47,-9,41,-13,43,-19,37,-21,35,-17,33,-23,31,0,0,0,0,0,0,0,0,0,0]"""
1782173639422,2026-06-23T09:13:59.422,warning,breathing,lmh,lying_fast_breath,t001,"CSI_DATA,18026,1a:00:00:00:00:00,-61,11,-98,15,45,11,125261298,47,2,256,0,""[0,0,0,0,0,0,0,0,0,0,0,0,39,13,36,15,41,21,41,26,43,23,41,23,45,26,45,28,50,28,47,34,50,34,50,34,58,34,56,39,50,45,56,43,63,36,58,43,54,43,56,41,52,47,60,50,60,47,60,43,63,52,65,41,60,47,63,45,63,50,65,43,65,39,69,43,69,41,65,39,73,34,71,30,67,26,73,21,73,30,78,19,76,21,78,13,78,17,84,13,78,15,80,10,82,13,82,4,80,8,91,13,87,6,87,4,89,4,91,8,93,4,89,4,87,6,0,0,0,0,0,0,8,-87,8,-89,0,-82,-2,-82,-2,-82,2,-76,-2,-78,2,-80,-2,-73,2,-71,-6,-69,-4,-65,-8,-69,-6,-71,-6,-67,-13,-63,-15,-69,-13,-65,-6,-63,-17,-60,-21,-60,-19,-65,-17,-56,-19,-60,-13,-60,-17,-60,-23,-58,-26,-58,-21,-63,-30,-56,-26,-58,-26,-60,-23,-63,-26,-58,-28,-56,-19,-65,-21,-63,-21,-60,-21,-63,-21,-58,-19,-56,-19,-58,-15,-63,-15,-58,-10,-58,-19,-52,-13,-50,-10,-56,-8,-47,-8,-50,-6,-45,-2,-47,2,-43,2,-50,4,-41,0,-36,6,-36,0,0,0,0,0,0,0,0,0,0]"""
1782173639435,2026-06-23T09:13:59.435,warning,breathing,lmh,lying_fast_breath,t001,"CSI_DATA,18027,1a:00:00:00:00:00,-61,11,-98,16,45,11,125268493,47,2,256,0,""[0,0,0,0,0,0,0,0,0,0,0,0,-35,-21,-33,-23,-35,-25,-33,-31,-35,-31,-35,-35,-33,-33,-33,-35,-38,-40,-42,-44,-42,-42,-44,-42,-46,-46,-46,-46,-42,-54,-40,-52,-48,-52,-42,-59,-42,-57,-40,-63,-38,-67,-40,-63,-40,-61,-50,-63,-48,-67,-48,-52,-42,-57,-44,-63,-42,-65,-50,-61,-44,-54,-50,-65,-48,-57,-50,-57,-54,-59,-52,-52,-50,-48,-57,-48,-59,-52,-65,-46,-61,-48,-63,-44,-59,-48,-71,-46,-61,-44,-65,-42,-63,-46,-65,-42,-69,-44,-73,-48,-73,-46,-71,-40,-73,-48,-69,-48,-78,-48,-80,-48,-78,-44,0,0,0,0,0,0,-57,73,-50,73,-44,78,-48,67,-42,65,-42,61,-38,67,-46,69,-40,61,-40,54,-33,57,-33,54,-33,59,-35,61,-31,61,-23,59,-29,63,-27,63,-33,57,-25,57,-19,61,-25,59,-23,59,-25,59,-27,59,-27,59,-23,59,-14,63,-25,63,-14,59,-19,57,-21,61,-23,61,-19,63,-19,54,-27,65,-27,63,-25,59,-29,59,-29,50,-25,50,-27,52,-31,52,-29,52,-33,50,-27,46,-31,42,-31,48,-31,35,-31,33,-33,31,-27,31,-33,31,-35,27,-31,29,-29,23,-31,16,0,0,0,0,0,0,0,0,0,0]"""
1782173639446,2026-06-23T09:13:59.446,warning,breathing,lmh,lying_fast_breath,t001,"CSI_DATA,18028,1a:00:00:00:00:00,-61,11,-98,14,45,11,125279493,47,2,256,0,""[0,0,0,0,0,0,0,0,0,0,0,0,-24,-31,-24,-33,-26,-38,-26,-40,-24,-40,-20,-44,-22,-47,-17,-47,-26,-55,-20,-53,-17,-60,-17,-60,-22,-62,-22,-62,-13,-67,-13,-69,-20,-71,-13,-71,-13,-67,-11,-76,-8,-71,-8,-76,-4,-73,-11,-73,-6,-80,-8,-73,-2,-76,-4,-80,-4,-76,-13,-76,-4,-71,-11,-82,-11,-76,-11,-76,-15,-80,-15,-76,-8,-71,-17,-76,-20,-71,-22,-76,-17,-73,-24,-73,-22,-76,-29,-78,-17,-76,-24,-73,-20,-80,-24,-76,-29,-76,-24,-82,-26,-82,-26,-82,-22,-89,-17,-82,-29,-87,-26,-87,-29,-82,0,0,0,0,0,0,-87,13,-87,17,-80,26,-80,11,-73,13,-78,8,-71,17,-80,13,-71,13,-71,8,-69,11,-64,6,-73,13,-67,13,-64,11,-60,15,-71,20,-64,20,-64,11,-58,13,-62,22,-64,11,-58,20,-60,17,-60,13,-64,15,-60,11,-55,20,-64,17,-60,17,-60,13,-69,15,-62,15,-64,15,-62,11,-69,13,-64,8,-62,8,-67,4,-62,0,-55,2,-60,-4,-60,-2,-60,0,-58,-6,-53,-4,-55,-8,-53,-11,-51,-13,-42,-15,-44,-17,-40,-17,-42,-13,-40,-22,-38,-17,-33,-22,-33,-29,0,0,0,0,0,0,0,0,0,0]"""
1782173639457,2026-06-23T09:13:59.457,warning,breathing,lmh,lying_fast_breath,t001,"CSI_DATA,18029,1a:00:00:00:00:00,-61,11,-98,14,45,11,125290493,47,2,256,0,""[0,0,0,0,0,0,0,0,0,0,0,0,-13,-38,-11,-42,-8,-40,-4,-47,-8,-47,-2,-49,-2,-53,0,-51,0,-58,8,-55,6,-62,8,-60,8,-62,11,-67,15,-64,13,-64,13,-73,22,-69,22,-62,29,-69,31,-64,29,-67,31,-67,29,-71,38,-71,31,-71,38,-67,40,-71,35,-67,33,-71,33,-64,38,-71,35,-69,35,-64,35,-69,31,-71,31,-67,31,-73,33,-69,29,-73,35,-71,24,-78,29,-78,26,-76,33,-76,31,-78,33,-78,31,-73,29,-76,38,-78,35,-78,35,-78,44,-80,44,-80,38,-85,38,-78,42,-80,0,0,0,0,0,0,-73,-55,-64,-53,-69,-44,-67,-47,-62,-47,-60,-53,-60,-47,-58,-53,-55,-44,-53,-51,-55,-44,-47,-42,-55,-44,-49,-44,-49,-49,-53,-44,-55,-42,-47,-42,-44,-42,-49,-38,-55,-40,-49,-44,-44,-35,-44,-42,-42,-44,-47,-40,-44,-42,-51,-40,-44,-44,-49,-40,-44,-47,-47,-51,-42,-47,-47,-47,-44,-47,-40,-58,-38,-51,-33,-49,-31,-53,-33,-55,-31,-53,-29,-58,-22,-55,-24,-53,-15,-53,-24,-51,-17,-53,-13,-51,-8,-51,-8,-47,-4,-44,-2,-44,0,-44,6,-40,6,-42,4,-42,13,-38,0,0,0,0,0,0,0,0,0,0]"""
1782173639467,2026-06-23T09:13:59.467,warning,breathing,lmh,lying_fast_breath,t001,"CSI_DATA,18030,1a:00:00:00:00:00,-61,11,-98,14,45,11,125301493,47,2,256,0,""[0,0,0,0,0,0,0,0,0,0,0,0,4,-38,8,-40,11,-42,17,-49,17,-44,20,-47,17,-44,24,-47,29,-51,31,-49,35,-49,35,-49,40,-53,47,-51,51,-42,49,-47,49,-55,51,-47,53,-40,62,-44,60,-44,67,-42,62,-40,64,-40,71,-38,64,-42,69,-33,73,-38,69,-29,73,-38,64,-31,76,-33,71,-29,71,-31,73,-33,73,-33,62,-29,67,-35,69,-29,69,-35,73,-31,62,-38,73,-35,76,-35,71,-33,71,-35,78,-35,71,-38,78,-29,82,-29,80,-31,82,-31,91,-26,87,-17,91,-22,89,-22,89,-17,0,0,0,0,0,0,0,-94,-2,-87,-8,-85,-2,-80,-2,-82,0,-82,2,-76,6,-85,6,-69,8,-71,4,-67,4,-69,0,-71,8,-67,8,-64,2,-64,4,-71,8,-69,15,-64,6,-60,2,-67,11,-60,6,-62,15,-60,15,-58,13,-62,11,-58,13,-62,17,-62,8,-62,17,-58,22,-64,22,-60,22,-64,22,-53,31,-62,31,-55,31,-55,35,-55,33,-49,33,-49,38,-47,47,-47,44,-42,47,-38,40,-35,42,-31,47,-29,44,-26,44,-22,42,-20,42,-17,47,-15,40,-11,44,-4,40,-2,35,0,0,0,0,0,0,0,0,0,0,0]"""
1782173639478,2026-06-23T09:13:59.478,warning,breathing,lmh,lying_fast_breath,t001,"CSI_DATA,18031,1a:00:00:00:00:00,-60,11,-98,-13,42,11,125312493,47,2,256,0,""[0,0,0,0,0,0,0,0,0,0,0,0,509,-343,-96,192,103,-48,206,-144,103,-199,6,-41,103,41,82,13,34,27,68,34,-13,130,55,34,55,34,213,82,-6,75,68,0,-55,-68,-13,82,41,103,0,-6,-6,34,55,68,27,48,82,68,55,68,55,55,27,68,48,68,48,55,48,48,48,55,55,55,48,61,48,55,55,61,55,55,55,55,68,48,68,48,55,41,61,41,68,48,61,41,75,55,61,48,82,48,75,48,61,48,48,27,55,48,61,48,41,41,103,55,61,61,68,48,116,89,55,48,0,0,0,0,0,0,61,-82,96,-34,55,-68,48,-61,61,-89,55,-48,48,-61,55,-75,41,-68,48,-55,48,-55,41,-55,41,-55,48,-55,41,-41,34,-48,41,-61,41,-68,41,-48,34,-55,27,-55,34,-61,27,-55,41,-48,27,-55,41,-55,34,-55,27,-55,34,-55,27,-55,41,-48,41,-55,41,-55,34,-61,27,-48,34,-61,41,-55,34,-48,41,-55,41,-41,41,-48,41,-48,48,-48,48,-41,41,-41,41,-41,41,-27,48,-41,41,-27,41,-27,41,-20,41,-27,41,-6,55,-6,41,-20,41,0,27,-13,0,0,0,0,0,0,0,0,0,0]"""
1782173639487,2026-06-23T09:13:59.487,warning,breathing,lmh,lying_fast_breath,t001,"CSI_DATA,18032,1a:00:00:00:00:00,-61,11,-98,20,44,11,125323493,47,2,256,0,""[0,0,0,0,0,0,0,0,0,0,0,0,33,23,31,25,31,31,35,31,35,40,31,40,31,40,31,42,33,48,31,50,31,52,29,50,35,54,35,61,27,61,29,63,33,61,27,71,27,65,16,71,23,76,23,73,23,73,25,76,25,78,25,71,16,71,14,78,14,73,23,76,16,69,23,78,21,76,23,76,25,73,21,73,21,69,25,73,27,78,31,76,27,78,31,73,27,76,38,80,25,76,29,73,25,78,33,76,31,80,35,84,35,82,35,78,31,82,25,82,35,84,38,86,31,90,0,0,0,0,0,0,92,-19,88,-16,82,-21,78,-14,78,-16,78,-6,78,-14,80,-12,76,-12,69,-8,69,-12,65,-8,69,-12,69,-14,65,-10,61,-14,71,-21,67,-12,67,-4,65,-14,63,-16,61,-12,61,-16,63,-10,61,-8,67,-8,61,-10,61,-19,67,-12,65,-12,65,-10,65,-4,63,-8,63,-12,61,-4,71,0,65,-2,63,2,69,2,63,6,61,6,61,6,61,10,61,10,57,12,57,12,48,16,52,16,46,23,46,21,44,21,42,25,38,25,38,31,33,27,33,27,23,29,0,0,0,0,0,0,0,0,0,0]"""
1782173639497,2026-06-23T09:13:59.497,warning,breathing,lmh,lying_fast_breath,t001,"CSI_DATA,18033,1a:00:00:00:00:00,-61,11,-98,18,44,11,125334493,47,2,256,0,""[0,0,0,0,0,0,0,0,0,0,0,0,-24,29,-29,31,-29,29,-38,35,-35,29,-35,31,-38,33,-38,31,-47,40,-47,31,-49,35,-49,38,-51,42,-53,40,-60,38,-60,38,-58,42,-62,42,-55,40,-64,40,-64,38,-60,47,-67,44,-62,42,-69,47,-58,49,-62,42,-64,49,-55,47,-60,53,-55,44,-64,55,-55,51,-53,55,-55,58,-53,60,-47,53,-49,58,-49,60,-40,67,-47,62,-33,71,-42,69,-42,73,-40,69,-33,69,-42,76,-33,76,-35,73,-35,82,-40,80,-33,80,-40,82,-38,76,-31,91,-29,94,-35,80,0,0,0,0,0,0,82,38,73,33,82,24,76,29,71,26,78,31,71,26,78,24,69,26,67,22,67,15,64,20,73,13,60,20,69,20,64,8,71,6,67,8,64,13,60,4,69,-2,69,6,64,-4,62,2,67,0,64,-2,62,0,64,-6,69,0,64,-6,62,-2,71,-2,64,-4,64,-8,64,-2,71,-2,62,2,62,-4,67,-4,64,-2,58,0,64,2,67,2,60,0,60,8,60,-2,58,6,53,8,53,11,49,6,49,13,44,8,40,13,42,20,40,15,42,22,35,15,0,0,0,0,0,0,0,0,0,0]"""
1782173639507,2026-06-23T09:13:59.507,warning,breathing,lmh,lying_fast_breath,t001,"CSI_DATA,18034,1a:00:00:00:00:00,-61,11,-98,14,45,11,125345493,47,2,256,0,""[0,0,0,0,0,0,0,0,0,0,0,0,-33,17,-35,17,-42,15,-42,15,-49,15,-49,13,-49,15,-49,11,-55,15,-60,8,-62,11,-60,13,-64,11,-67,11,-67,4,-69,8,-71,15,-76,6,-69,6,-69,0,-73,-4,-73,6,-76,2,-78,4,-82,-2,-73,6,-73,2,-80,4,-76,2,-78,6,-73,6,-82,6,-78,8,-76,6,-80,11,-76,15,-71,15,-76,20,-76,15,-76,22,-76,20,-71,33,-76,29,-80,31,-76,29,-73,29,-73,29,-73,35,-73,33,-85,33,-82,38,-78,35,-87,33,-85,33,-82,38,-85,33,-82,38,0,0,0,0,0,0,22,87,26,82,33,80,31,78,33,76,24,73,26,73,24,78,26,71,29,71,29,64,24,62,33,64,26,69,26,64,33,60,33,64,31,60,24,60,35,55,38,53,31,55,31,51,31,53,26,55,29,55,33,55,38,53,33,58,40,47,35,49,35,53,33,58,33,55,33,55,31,62,31,58,31,53,29,62,26,53,26,51,29,58,22,60,20,55,17,55,22,51,15,53,13,55,8,51,8,47,8,51,4,44,4,47,0,49,-4,42,-2,40,-8,40,0,0,0,0,0,0,0,0,0,0]"""
1782173639520,2026-06-23T09:13:59.520,warning,breathing,lmh,lying_fast_breath,t001,"CSI_DATA,18035,1a:00:00:00:00:00,-61,11,-98,15,45,11,125356493,47,2,256,0,""[0,0,0,0,0,0,0,0,0,0,0,0,-43,6,-41,2,-45,2,-50,-2,-47,-6,-50,-4,-47,-4,-52,-8,-58,-10,-58,-13,-58,-13,-58,-15,-65,-13,-67,-17,-69,-26,-65,-23,-71,-17,-67,-28,-65,-26,-67,-32,-73,-39,-69,-36,-67,-34,-69,-34,-76,-43,-67,-30,-63,-36,-69,-41,-67,-36,-69,-34,-63,-34,-71,-39,-69,-36,-69,-36,-71,-36,-71,-28,-67,-28,-73,-28,-71,-32,-78,-23,-78,-30,-76,-19,-78,-26,-82,-21,-71,-23,-78,-23,-78,-26,-78,-19,-80,-23,-84,-28,-82,-28,-82,-23,-84,-32,-82,-34,-89,-32,-91,-30,-84,-34,0,0,0,0,0,0,-43,82,-45,84,-30,80,-34,73,-36,76,-34,67,-39,67,-39,73,-36,67,-36,58,-32,60,-30,56,-28,67,-34,60,-30,58,-23,60,-30,67,-30,63,-32,58,-23,56,-19,63,-30,56,-21,56,-26,58,-28,54,-28,63,-23,56,-23,60,-32,63,-21,60,-26,58,-32,63,-30,63,-28,63,-26,54,-39,60,-32,58,-34,56,-39,58,-34,52,-32,45,-36,45,-41,50,-43,47,-45,41,-39,41,-41,32,-41,36,-39,28,-39,28,-41,23,-41,23,-41,19,-43,21,-39,17,-39,13,-39,6,0,0,0,0,0,0,0,0,0,0]"""
1782173639531,2026-06-23T09:13:59.531,warning,breathing,lmh,lying_fast_breath,t001,"CSI_DATA,18036,1a:00:00:00:00:00,-61,11,-98,19,44,11,125367493,47,2,256,0,""[0,0,0,0,0,0,0,0,0,0,0,0,-43,-10,-41,-10,-41,-13,-43,-21,-41,-19,-41,-23,-43,-26,-43,-30,-50,-30,-45,-34,-43,-36,-52,-39,-54,-39,-54,-45,-50,-52,-45,-52,-54,-52,-50,-52,-45,-54,-45,-58,-43,-65,-43,-60,-39,-63,-45,-60,-45,-67,-45,-58,-39,-69,-41,-71,-36,-63,-45,-67,-36,-67,-41,-73,-36,-67,-41,-67,-43,-69,-41,-67,-41,-60,-43,-63,-41,-63,-50,-63,-43,-69,-50,-60,-43,-65,-52,-67,-43,-63,-45,-56,-45,-67,-47,-63,-47,-69,-43,-76,-47,-69,-50,-76,-45,-84,-41,-76,-52,-78,-47,-84,-45,-76,0,0,0,0,0,0,-82,30,-82,30,-78,32,-80,26,-78,26,-78,21,-71,26,-80,23,-69,21,-69,17,-69,17,-63,13,-76,19,-71,21,-67,15,-63,19,-67,26,-67,23,-69,13,-58,13,-63,23,-63,15,-56,19,-60,15,-63,13,-63,13,-60,13,-63,17,-69,10,-63,17,-65,8,-71,6,-65,8,-67,13,-60,6,-71,2,-65,4,-60,0,-69,0,-63,-4,-56,-6,-63,-8,-65,-13,-63,-10,-60,-15,-58,-15,-50,-17,-52,-17,-45,-21,-43,-19,-45,-21,-36,-23,-41,-28,-30,-34,-28,-26,-28,-30,-23,-36,0,0,0,0,0,0,0,0,0,0]"""
1782173639540,2026-06-23T09:13:59.540,warning,breathing,lmh,lying_fast_breath,t001,"CSI_DATA,18037,1a:00:00:00:00:00,-61,11,-98,14,45,11,125379341,47,2,256,0,""[0,0,0,0,0,0,0,0,0,0,0,0,11,40,8,40,11,47,6,44,4,49,2,51,2,55,-2,53,2,60,-6,58,-6,62,-4,64,-6,71,-8,64,-20,64,-15,69,-11,73,-24,76,-22,67,-22,67,-31,60,-26,76,-29,71,-26,71,-33,76,-22,73,-33,71,-35,71,-33,69,-29,69,-31,69,-31,71,-31,73,-29,69,-31,76,-29,73,-26,71,-24,73,-26,76,-22,76,-24,71,-20,80,-24,78,-22,80,-26,76,-20,76,-24,78,-22,76,-24,80,-29,85,-26,85,-24,85,-35,85,-38,85,-31,87,-35,87,-33,89,0,0,0,0,0,0,73,40,78,42,73,31,76,44,73,40,69,47,69,38,69,42,64,40,58,40,64,35,58,40,64,40,58,40,60,38,60,33,60,31,58,35,51,38,53,35,62,29,58,35,55,29,55,31,51,35,51,33,55,35,55,31,55,38,58,31,51,38,53,40,55,40,51,33,53,35,49,44,51,44,47,40,47,49,44,47,42,47,44,49,35,51,35,44,31,51,33,47,26,53,26,51,20,51,22,47,15,49,13,42,6,42,4,42,6,42,4,42,0,42,0,0,0,0,0,0,0,0,0,0]"""
1782173639552,2026-06-23T09:13:59.552,warning,breathing,lmh,lying_fast_breath,t001,"CSI_DATA,18038,1a:00:00:00:00:00,-61,11,-98,19,44,11,125389493,47,2,256,0,""[0,0,0,0,0,0,0,0,0,0,0,0,30,26,28,30,30,32,32,36,30,36,32,39,32,39,30,39,39,45,41,45,39,45,39,45,47,50,45,52,39,56,47,54,54,50,52,50,47,52,52,56,52,56,56,56,56,52,60,54,60,56,63,47,58,52,65,52,60,50,63,41,63,39,69,39,71,41,69,36,76,34,78,28,67,21,76,21,76,23,80,15,76,15,80,4,84,6,87,0,80,0,80,-4,87,-2,78,-8,84,-13,89,-8,82,-13,89,-19,95,-15,89,-17,89,-21,93,-23,93,-30,0,0,0,0,0,0,-17,-87,-23,-87,-36,-80,-28,-78,-34,-76,-30,-80,-36,-69,-39,-76,-36,-71,-34,-69,-43,-58,-34,-58,-45,-60,-43,-54,-39,-54,-45,-47,-50,-50,-52,-47,-45,-45,-50,-41,-58,-36,-54,-43,-47,-34,-52,-36,-50,-34,-56,-32,-60,-32,-65,-28,-58,-30,-60,-17,-63,-26,-63,-30,-60,-28,-63,-21,-58,-21,-63,-26,-65,-23,-58,-21,-65,-23,-60,-23,-58,-21,-60,-21,-63,-23,-60,-21,-56,-21,-58,-15,-52,-21,-50,-19,-50,-19,-45,-19,-50,-26,-43,-19,-45,-21,-39,-26,-41,-19,-39,-26,-34,-26,0,0,0,0,0,0,0,0,0,0]"""
1782173639562,2026-06-23T09:13:59.562,warning,breathing,lmh,lying_fast_breath,t001,"CSI_DATA,18039,1a:00:00:00:00:00,-61,11,-98,21,44,11,125400493,47,2,256,0,""[0,0,0,0,0,0,0,0,0,0,0,0,41,-12,43,-6,47,-6,49,-2,49,-4,49,2,51,2,51,-2,61,2,59,8,59,12,63,10,69,10,69,14,69,18,65,22,67,18,65,22,63,26,73,26,73,30,73,30,67,30,71,30,75,36,71,26,65,41,73,36,69,36,71,36,65,32,69,39,75,28,73,32,73,32,75,32,65,26,71,32,73,32,78,30,75,32,75,22,75,30,82,26,73,32,78,22,82,26,75,24,78,28,86,34,86,36,78,32,86,43,80,43,86,41,92,34,88,43,0,0,0,0,0,0,51,-82,53,-75,41,-71,49,-69,43,-71,47,-69,47,-63,49,-65,45,-59,47,-57,34,-57,41,-51,41,-61,39,-57,39,-59,36,-55,43,-61,45,-57,43,-51,34,-53,32,-59,43,-49,36,-49,36,-51,41,-55,36,-59,39,-53,34,-55,39,-55,34,-53,39,-51,39,-53,47,-53,45,-55,41,-45,51,-53,47,-51,47,-45,51,-47,47,-43,47,-36,51,-36,59,-34,55,-36,55,-28,51,-24,51,-18,49,-26,49,-18,49,-18,45,-16,43,-12,47,-8,45,-6,45,0,43,0,43,6,0,0,0,0,0,0,0,0,0,0]"""
1782173639572,2026-06-23T09:13:59.572,warning,breathing,lmh,lying_fast_breath,t001,"CSI_DATA,18040,1a:00:00:00:00:00,-61,11,-98,20,44,11,125411493,47,2,256,0,""[0,0,0,0,0,0,0,0,0,0,0,0,2,40,-2,42,-2,46,0,44,-4,48,-4,48,-6,52,-4,46,-4,63,-8,57,-10,57,-10,61,-14,67,-8,67,-16,67,-16,65,-10,73,-19,67,-16,65,-12,78,-16,80,-16,76,-16,73,-21,78,-16,80,-12,71,-23,76,-19,80,-14,78,-12,80,-14,73,-10,82,-4,80,-6,78,-4,82,-2,80,0,73,2,78,2,80,8,86,10,82,14,80,12,82,14,82,14,78,21,78,19,80,23,78,25,82,27,88,23,82,27,86,25,95,21,88,33,90,31,88,33,90,0,0,0,0,0,0,95,-21,86,-25,82,-33,78,-23,84,-27,80,-23,73,-29,78,-27,71,-27,71,-16,61,-31,67,-27,65,-31,69,-33,63,-27,59,-29,63,-35,57,-38,63,-29,57,-38,52,-38,57,-31,48,-35,52,-42,57,-38,52,-42,52,-38,50,-46,57,-38,50,-48,48,-44,54,-40,50,-42,54,-48,46,-40,57,-40,50,-44,50,-46,52,-44,57,-35,46,-35,52,-35,57,-33,54,-35,57,-33,48,-31,50,-23,54,-27,48,-21,40,-21,50,-19,42,-16,44,-12,44,-10,48,-10,42,-6,42,-4,0,0,0,0,0,0,0,0,0,0]"""
1782173639583,2026-06-23T09:13:59.583,warning,breathing,lmh,lying_fast_breath,t001,"CSI_DATA,18041,1a:00:00:00:00:00,-61,11,-98,14,45,11,125422492,47,2,256,0,""[0,0,0,0,0,0,0,0,0,0,0,0,-2,42,-6,40,-4,44,-8,47,-11,51,-11,49,-15,49,-15,51,-17,58,-17,55,-22,58,-22,60,-20,64,-24,62,-31,60,-31,64,-29,69,-35,67,-29,62,-38,64,-38,67,-35,69,-40,69,-35,69,-40,71,-33,71,-42,67,-40,71,-42,67,-35,71,-35,67,-33,71,-33,71,-33,71,-31,73,-31,73,-26,67,-26,73,-26,76,-20,80,-24,76,-17,80,-24,78,-13,80,-22,76,-17,82,-22,82,-11,85,-13,87,-15,87,-13,87,-17,89,-26,94,-24,87,-15,94,-13,94,-15,89,0,0,0,0,0,0,89,29,89,24,82,13,80,26,82,22,76,24,76,17,80,20,73,20,71,24,71,17,69,17,73,15,69,11,67,17,67,8,71,4,67,8,67,13,64,11,67,2,67,11,60,2,60,6,69,8,67,8,67,8,64,2,67,6,67,0,67,4,67,6,67,6,64,2,64,6,67,8,67,11,62,8,67,11,62,17,60,15,62,17,60,17,60,15,55,22,55,17,51,26,51,20,44,24,47,20,44,24,40,24,40,22,38,29,33,29,26,31,26,33,0,0,0,0,0,0,0,0,0,0]"""
1782173639596,2026-06-23T09:13:59.596,warning,breathing,lmh,lying_fast_breath,t001,"CSI_DATA,18042,1a:00:00:00:00:00,-61,11,-98,18,44,11,125433976,47,2,256,0,""[0,0,0,0,0,0,0,0,0,0,0,0,29,-31,29,-26,33,-31,38,-29,38,-26,40,-29,42,-29,38,-35,44,-35,47,-35,49,-35,47,-40,51,-49,49,-49,53,-44,51,-49,51,-51,55,-51,51,-53,58,-51,55,-53,53,-53,53,-53,51,-64,53,-67,42,-62,49,-60,47,-64,47,-64,35,-69,40,-64,38,-73,38,-71,31,-71,29,-78,24,-76,20,-71,13,-76,15,-80,4,-78,8,-78,0,-78,4,-80,-8,-89,0,-80,-6,-78,-8,-85,-15,-78,-15,-82,-17,-85,-22,-89,-22,-85,-20,-89,-15,-89,-26,-91,-33,-89,-38,-85,0,0,0,0,0,0,-85,38,-87,31,-80,47,-73,35,-71,44,-73,38,-64,44,-71,47,-62,42,-62,40,-60,44,-51,40,-51,49,-53,51,-49,51,-42,51,-47,60,-40,60,-38,51,-35,55,-29,62,-40,58,-24,55,-29,62,-29,60,-26,60,-24,58,-15,67,-20,67,-11,62,-17,60,-20,67,-15,69,-8,67,-13,60,-15,76,-13,69,-8,67,-11,69,-11,62,-8,58,-15,62,-11,67,-8,62,-8,62,-6,58,-11,55,-6,55,-11,55,-8,49,-11,49,-8,44,-11,47,-11,44,-17,47,-11,44,-22,42,0,0,0,0,0,0,0,0,0,0]"""
1782173639606,2026-06-23T09:13:59.606,warning,breathing,lmh,lying_fast_breath,t001,"CSI_DATA,18043,1a:00:00:00:00:00,-61,11,-98,17,44,11,125444492,47,2,256,0,""[0,0,0,0,0,0,0,0,0,0,0,0,-18,36,-23,32,-29,36,-34,34,-36,36,-32,34,-36,34,-41,34,-43,36,-48,34,-50,39,-50,34,-55,34,-59,39,-59,23,-64,32,-59,34,-71,27,-64,23,-71,25,-73,25,-76,20,-76,20,-73,18,-80,20,-71,23,-78,16,-78,16,-80,11,-73,18,-76,13,-73,16,-78,13,-78,11,-78,16,-78,16,-73,16,-76,23,-80,13,-85,20,-78,16,-82,25,-78,18,-82,27,-73,18,-76,20,-85,16,-78,23,-82,18,-89,16,-85,16,-89,16,-94,16,-96,13,-94,18,-89,11,-92,11,0,0,0,0,0,0,-13,87,-6,94,0,78,-2,89,-4,94,-11,73,-6,82,-6,78,-11,78,-11,73,-9,69,-11,71,-9,78,-11,71,-11,71,-6,69,-6,73,-6,71,-18,64,-6,69,-2,64,-13,71,-6,59,-16,62,-18,64,-13,64,-11,64,-6,64,-18,66,-6,66,-16,62,-16,64,-25,66,-20,64,-16,64,-27,59,-25,62,-27,57,-32,59,-32,57,-32,55,-34,57,-36,52,-36,50,-41,43,-36,46,-36,39,-41,43,-39,32,-36,29,-43,29,-41,23,-43,18,-48,18,-43,13,-39,13,-43,6,0,0,0,0,0,0,0,0,0,0]"""
1782173639630,2026-06-23T09:13:59.630,warning,breathing,lmh,lying_fast_breath,t001,"CSI_DATA,18044,1a:00:00:00:00:00,-61,11,-98,17,44,11,125468977,47,2,256,0,""[0,0,0,0,0,0,0,0,0,0,0,0,25,32,25,34,25,36,25,43,25,41,18,46,23,48,23,48,23,52,25,52,23,57,27,57,27,59,27,62,20,69,20,66,29,73,18,71,20,69,23,76,20,76,20,78,23,69,23,76,20,80,25,71,18,76,23,78,20,73,27,76,23,71,27,78,32,78,25,76,32,76,34,71,36,66,41,66,41,71,52,73,39,73,50,64,46,73,52,71,46,69,50,64,50,69,52,62,55,64,52,71,59,71,59,69,55,80,48,71,66,73,64,71,69,66,0,0,0,0,0,0,76,-48,66,-50,73,-62,66,-48,64,-50,66,-48,64,-52,66,-55,59,-50,62,-43,55,-48,55,-43,52,-50,57,-50,50,-48,48,-50,48,-55,48,-52,50,-48,46,-50,41,-57,48,-50,39,-50,39,-52,46,-50,43,-50,43,-50,36,-57,46,-55,32,-55,36,-52,43,-55,36,-52,39,-57,36,-52,48,-57,43,-52,41,-50,46,-52,43,-46,41,-46,46,-48,48,-46,46,-43,46,-39,41,-39,46,-36,46,-39,48,-29,39,-25,41,-25,39,-20,41,-18,46,-18,41,-18,34,-11,43,-6,0,0,0,0,0,0,0,0,0,0]"""
1782173639640,2026-06-23T09:13:59.640,warning,breathing,lmh,lying_fast_breath,t001,"CSI_DATA,18045,1a:00:00:00:00:00,-61,11,-98,20,44,11,125469085,47,2,256,0,""[0,0,0,0,0,0,0,0,0,0,0,0,12,38,6,40,6,44,2,48,-2,48,-2,50,-4,50,-12,48,-12,61,-12,52,-16,59,-19,57,-23,63,-21,63,-31,61,-31,63,-31,67,-38,63,-40,63,-46,52,-48,50,-48,67,-48,59,-50,59,-59,63,-48,57,-59,52,-57,59,-57,50,-57,57,-52,50,-63,57,-59,50,-59,50,-63,52,-59,57,-52,46,-61,57,-59,57,-59,57,-65,50,-50,59,-61,57,-63,57,-67,54,-57,50,-65,54,-63,59,-67,50,-71,50,-71,57,-71,57,-84,50,-78,46,-80,52,-84,48,-82,42,0,0,0,0,0,0,31,92,27,88,33,82,27,82,27,84,23,82,21,76,16,84,12,73,14,76,14,71,10,71,16,71,10,69,10,71,16,69,14,76,12,71,2,69,8,63,14,69,4,65,8,63,6,63,2,67,4,69,0,63,6,69,-4,69,4,67,-2,65,-6,73,-6,69,-6,69,-10,65,-14,69,-16,69,-16,65,-25,65,-25,61,-21,59,-29,59,-29,57,-25,52,-33,46,-25,52,-35,46,-40,48,-38,38,-31,33,-40,29,-35,31,-38,25,-42,21,-38,21,-42,14,-42,10,0,0,0,0,0,0,0,0,0,0]"""
1782173639651,2026-06-23T09:13:59.651,warning,breathing,lmh,lying_fast_breath,t001,"CSI_DATA,18046,1a:00:00:00:00:00,-61,11,-98,13,45,11,125477492,47,2,256,0,""[0,0,0,0,0,0,0,0,0,0,0,0,32,-27,32,-23,34,-25,39,-25,41,-27,43,-25,41,-27,48,-27,52,-29,50,-29,52,-29,52,-32,55,-34,55,-41,59,-29,64,-34,66,-39,66,-34,62,-34,69,-34,71,-39,69,-34,71,-39,64,-43,71,-43,62,-46,69,-41,71,-46,66,-41,62,-48,64,-43,64,-52,59,-50,59,-50,57,-57,59,-59,50,-55,50,-59,52,-62,43,-71,46,-66,43,-73,46,-69,39,-76,39,-71,36,-73,41,-76,32,-78,34,-76,32,-82,27,-80,29,-85,39,-87,34,-87,27,-89,25,-92,25,-87,0,0,0,0,0,0,-87,-32,-82,-27,-85,-16,-78,-27,-80,-20,-78,-23,-78,-16,-80,-18,-73,-16,-76,-18,-73,-11,-64,-13,-78,-9,-73,-4,-69,-6,-69,-2,-71,6,-66,6,-66,0,-64,2,-69,11,-69,4,-59,9,-62,9,-64,9,-62,11,-66,16,-64,23,-64,20,-62,25,-64,20,-69,16,-62,20,-62,20,-62,18,-66,16,-62,18,-59,16,-62,18,-64,11,-59,18,-62,13,-59,13,-62,16,-57,9,-59,13,-57,9,-52,9,-52,4,-52,6,-50,0,-46,2,-46,4,-43,0,-41,-4,-41,-4,-39,-9,0,0,0,0,0,0,0,0,0,0]"""
1782173639663,2026-06-23T09:13:59.663,warning,breathing,lmh,lying_fast_breath,t001,"CSI_DATA,18047,1a:00:00:00:00:00,-61,11,-98,14,45,11,125493710,47,2,256,0,""[0,0,0,0,0,0,0,0,0,0,0,0,22,-38,24,-35,29,-35,33,-38,33,-35,35,-35,38,-38,40,-35,44,-42,44,-38,49,-40,49,-42,53,-44,53,-44,60,-35,55,-40,60,-49,64,-40,62,-35,67,-35,73,-35,69,-35,67,-38,69,-42,73,-38,64,-44,71,-35,73,-38,69,-35,69,-42,67,-38,76,-42,71,-42,67,-38,67,-42,64,-49,60,-44,62,-55,64,-47,60,-53,64,-51,53,-60,60,-58,62,-62,60,-55,55,-60,64,-60,60,-60,55,-60,67,-64,60,-64,62,-67,67,-64,69,-60,67,-69,71,-67,67,-62,0,0,0,0,0,0,-53,-73,-55,-67,-64,-62,-55,-64,-55,-60,-49,-62,-49,-58,-53,-64,-49,-58,-47,-62,-49,-55,-44,-55,-53,-51,-44,-51,-49,-53,-51,-47,-51,-47,-49,-47,-42,-49,-51,-40,-55,-40,-49,-47,-49,-40,-47,-42,-44,-49,-47,-44,-49,-42,-53,-40,-49,-44,-51,-35,-47,-40,-51,-44,-49,-47,-51,-44,-47,-42,-47,-53,-47,-47,-44,-47,-42,-53,-40,-49,-38,-47,-42,-49,-35,-51,-33,-47,-29,-51,-35,-47,-29,-51,-26,-49,-22,-49,-17,-44,-17,-44,-15,-44,-11,-44,-6,-42,-6,-42,-4,-40,0,-40,0,0,0,0,0,0,0,0,0,0]"""
1782173639674,2026-06-23T09:13:59.674,warning,breathing,lmh,lying_fast_breath,t001,"CSI_DATA,18048,1a:00:00:00:00:00,-61,11,-98,18,44,11,125499492,47,2,256,0,""[0,0,0,0,0,0,0,0,0,0,0,0,20,35,20,38,22,42,22,49,20,44,17,44,22,44,24,49,29,51,24,53,29,58,29,58,29,62,33,60,26,62,33,64,38,62,29,67,33,64,31,64,29,69,44,64,42,64,44,67,49,69,49,60,44,64,51,64,49,62,60,60,53,51,62,60,60,53,62,47,69,51,71,40,62,35,71,35,69,38,73,31,76,31,80,22,80,22,85,15,80,20,82,13,87,6,80,4,80,6,89,8,89,6,85,0,94,2,91,6,96,-6,94,-4,91,-8,0,0,0,0,0,0,-15,-89,-11,-91,-15,-89,-17,-82,-17,-82,-20,-80,-20,-73,-22,-80,-22,-69,-22,-69,-33,-64,-29,-64,-38,-64,-31,-62,-35,-62,-38,-55,-44,-58,-40,-53,-35,-53,-44,-47,-49,-47,-49,-49,-47,-40,-49,-42,-49,-44,-51,-40,-53,-38,-55,-33,-55,-40,-60,-29,-55,-35,-60,-35,-53,-35,-62,-33,-55,-29,-64,-33,-62,-29,-62,-24,-60,-33,-60,-29,-53,-22,-62,-29,-58,-35,-55,-29,-53,-29,-55,-20,-51,-26,-51,-20,-44,-24,-44,-24,-42,-26,-40,-20,-42,-24,-35,-26,-40,-29,-31,-20,-26,-26,0,0,0,0,0,0,0,0,0,0]"""
1782173639685,2026-06-23T09:13:59.685,warning,breathing,lmh,lying_fast_breath,t001,"CSI_DATA,18049,1a:00:00:00:00:00,-61,11,-98,14,45,11,125511507,47,2,256,0,""[0,0,0,0,0,0,0,0,0,0,0,0,38,-22,38,-20,42,-17,49,-17,47,-17,49,-17,49,-17,51,-15,58,-17,60,-15,62,-17,62,-20,64,-20,69,-15,71,-8,71,-13,76,-22,76,-13,69,-8,76,-13,73,-8,80,-8,78,-11,78,-11,87,-8,76,-22,80,-13,82,-13,80,-13,76,-17,76,-15,82,-15,76,-17,76,-20,78,-22,76,-26,71,-26,76,-35,76,-26,76,-35,73,-31,69,-44,73,-38,76,-44,71,-38,71,-42,73,-47,69,-49,71,-47,78,-51,73,-51,76,-55,80,-53,78,-51,78,-58,78,-53,76,-53,0,0,0,0,0,0,-47,-78,-47,-82,-53,-71,-47,-71,-53,-71,-44,-69,-44,-67,-42,-73,-42,-67,-42,-67,-44,-58,-40,-53,-49,-60,-42,-58,-44,-55,-51,-44,-53,-55,-47,-47,-40,-51,-47,-44,-53,-42,-49,-49,-44,-38,-44,-42,-44,-44,-49,-44,-51,-42,-51,-40,-53,-47,-55,-35,-53,-40,-53,-42,-49,-42,-51,-42,-51,-38,-49,-49,-47,-47,-44,-44,-47,-47,-49,-42,-47,-40,-47,-44,-42,-49,-42,-44,-38,-47,-40,-42,-33,-44,-31,-47,-29,-44,-24,-44,-26,-42,-22,-40,-15,-40,-15,-44,-15,-42,-15,-42,-8,-40,0,0,0,0,0,0,0,0,0,0]"""
1782173639695,2026-06-23T09:13:59.695,warning,breathing,lmh,lying_fast_breath,t001,"CSI_DATA,18050,1a:00:00:00:00:00,-61,11,-98,18,44,11,125521531,47,2,256,0,""[0,0,0,0,0,0,0,0,0,0,0,0,-24,33,-29,33,-33,31,-40,31,-38,31,-42,24,-47,24,-47,20,-51,26,-53,26,-58,24,-58,29,-62,31,-64,24,-67,15,-64,17,-71,26,-71,13,-73,11,-69,6,-71,0,-78,8,-76,4,-80,6,-85,2,-73,6,-76,2,-85,0,-73,0,-80,2,-71,2,-85,0,-82,-4,-76,-4,-82,0,-80,4,-69,0,-78,4,-82,0,-80,8,-87,2,-78,11,-85,4,-80,4,-85,4,-82,4,-82,4,-82,2,-87,2,-89,-2,-89,2,-94,6,-98,-8,-87,-11,-98,0,-100,-8,-96,-6,0,0,0,0,0,0,-31,91,-22,85,-20,89,-24,78,-17,78,-20,76,-24,73,-29,82,-24,69,-31,71,-24,69,-29,62,-26,71,-24,64,-26,64,-20,64,-24,71,-22,62,-29,60,-20,60,-13,71,-26,58,-24,60,-26,64,-33,60,-31,55,-29,58,-22,64,-31,60,-20,62,-31,58,-33,62,-31,58,-31,60,-29,53,-44,60,-44,58,-42,51,-49,49,-44,44,-40,44,-49,44,-55,42,-47,40,-51,33,-42,33,-47,31,-44,29,-49,22,-51,17,-47,13,-47,13,-47,6,-51,6,-47,2,-40,2,-42,-4,0,0,0,0,0,0,0,0,0,0]"""
1782173639705,2026-06-23T09:13:59.705,warning,breathing,lmh,lying_fast_breath,t001,"CSI_DATA,18051,1a:00:00:00:00:00,-61,11,-98,18,44,11,125534518,47,2,256,0,""[0,0,0,0,0,0,0,0,0,0,0,0,42,-2,42,2,47,2,47,8,51,6,49,13,51,8,51,13,62,8,58,15,62,15,60,13,67,17,67,17,64,24,67,24,71,22,69,29,64,26,67,24,71,29,78,33,69,26,76,26,76,33,76,22,76,31,73,31,76,26,78,26,71,24,80,26,78,26,73,22,82,22,80,20,71,13,82,8,85,8,80,6,82,11,80,0,82,4,89,0,80,2,82,-2,89,0,85,0,91,2,94,2,91,-4,91,-4,94,2,91,0,100,-4,89,-4,96,-8,0,0,0,0,0,0,8,-98,0,-91,-2,-87,0,-82,-2,-82,4,-80,-2,-82,2,-85,0,-73,0,-76,-4,-71,-4,-71,-11,-73,-2,-71,-4,-67,-13,-64,-17,-71,-11,-64,-4,-67,-11,-62,-20,-64,-13,-64,-17,-58,-15,-64,-11,-64,-13,-64,-15,-64,-22,-64,-20,-67,-24,-62,-15,-64,-17,-67,-13,-64,-22,-67,-15,-62,-13,-71,-15,-67,-15,-64,-13,-71,-13,-64,-11,-62,-8,-62,-6,-62,-8,-62,-2,-60,-6,-60,0,-53,-4,-60,6,-49,2,-49,2,-51,0,-49,8,-47,8,-42,11,-47,11,-40,17,-38,0,0,0,0,0,0,0,0,0,0]"""
1782173639715,2026-06-23T09:13:59.715,warning,breathing,lmh,lying_fast_breath,t001,"CSI_DATA,18052,1a:00:00:00:00:00,-61,11,-98,13,45,11,125543492,47,2,256,0,""[0,0,0,0,0,0,0,0,0,0,0,0,-2,41,-4,41,-6,43,-13,46,-13,46,-16,48,-18,50,-18,52,-23,59,-23,55,-25,57,-23,59,-25,64,-27,62,-36,59,-39,64,-36,66,-43,66,-36,62,-46,57,-48,57,-48,62,-50,66,-48,64,-50,64,-41,69,-52,64,-52,66,-55,57,-48,64,-50,59,-50,64,-48,62,-46,59,-48,66,-48,69,-46,62,-43,71,-46,66,-39,73,-41,69,-39,71,-41,71,-34,76,-41,69,-41,78,-46,76,-39,76,-39,78,-43,78,-36,78,-43,82,-48,85,-50,76,-43,82,-46,82,-46,78,0,0,0,0,0,0,73,59,73,57,73,46,73,55,69,48,64,50,66,50,64,50,62,48,57,48,57,48,57,43,62,43,55,41,57,41,57,36,64,39,57,34,52,41,57,36,59,32,57,41,50,29,52,36,55,39,52,36,57,39,57,27,57,36,59,32,57,36,57,41,52,41,52,39,52,34,50,46,48,43,48,41,50,48,46,48,43,46,46,46,39,50,41,43,34,50,36,48,29,50,29,46,25,48,23,46,18,46,18,41,11,43,11,43,11,43,4,41,-2,41,0,0,0,0,0,0,0,0,0,0]"""
1782173639727,2026-06-23T09:13:59.727,warning,breathing,lmh,lying_fast_breath,t001,"CSI_DATA,18053,1a:00:00:00:00:00,-61,11,-98,17,44,11,125559249,47,2,256,0,""[0,0,0,0,0,0,0,0,0,0,0,0,41,-13,39,-11,43,-11,48,-11,46,-13,48,-9,46,-9,52,-9,57,-16,62,-16,62,-13,64,-18,66,-20,66,-20,69,-16,69,-16,69,-25,76,-18,66,-23,76,-23,73,-27,78,-23,71,-25,71,-36,73,-27,64,-39,71,-34,71,-36,71,-34,62,-43,69,-41,69,-48,62,-50,57,-50,62,-57,57,-59,52,-57,48,-66,50,-62,43,-71,43,-69,34,-76,39,-73,34,-80,32,-69,29,-78,32,-80,20,-78,20,-82,23,-89,13,-85,16,-87,23,-89,20,-92,6,-99,11,-94,2,-92,0,0,0,0,0,0,-89,-9,-89,-9,-92,6,-82,-4,-87,4,-78,0,-85,11,-82,11,-78,9,-71,11,-76,13,-69,13,-71,25,-66,23,-69,18,-64,25,-64,36,-59,34,-64,27,-59,34,-52,39,-59,32,-46,41,-50,41,-55,39,-50,41,-52,39,-43,50,-52,48,-41,57,-46,48,-46,55,-46,55,-39,55,-41,50,-39,52,-41,55,-36,52,-39,52,-43,52,-32,50,-39,52,-39,52,-36,50,-39,43,-36,57,-34,46,-32,48,-36,34,-32,41,-34,39,-29,36,-32,36,-32,39,-29,32,-36,27,-32,27,0,0,0,0,0,0,0,0,0,0]"""
1782173639737,2026-06-23T09:13:59.737,warning,breathing,lmh,lying_fast_breath,t001,"CSI_DATA,18054,1a:00:00:00:00:00,-61,11,-98,18,44,11,125565492,47,2,256,0,""[0,0,0,0,0,0,0,0,0,0,0,0,-8,40,-11,38,-15,47,-20,44,-24,42,-26,42,-26,44,-31,44,-33,49,-40,42,-40,44,-38,49,-49,49,-49,47,-55,40,-55,44,-53,49,-62,40,-62,42,-69,35,-76,35,-67,33,-69,33,-73,38,-78,33,-71,33,-73,22,-80,29,-78,24,-76,26,-71,24,-82,24,-78,22,-73,24,-78,24,-73,29,-67,26,-76,29,-78,22,-73,26,-78,24,-78,33,-80,24,-80,29,-78,24,-82,26,-82,20,-78,24,-80,17,-91,17,-89,20,-89,20,-98,11,-96,15,-98,17,-96,13,-98,8,0,0,0,0,0,0,-2,98,-11,91,0,89,-8,85,-4,85,-8,80,-8,80,-13,85,-15,78,-15,71,-15,71,-11,69,-13,69,-15,73,-17,71,-15,69,-17,76,-17,69,-22,62,-17,62,-13,69,-26,62,-15,62,-22,62,-24,58,-22,62,-20,62,-17,67,-29,67,-20,62,-24,60,-26,62,-31,58,-31,60,-31,58,-38,55,-44,55,-38,51,-47,51,-42,42,-42,47,-49,42,-49,44,-51,38,-51,33,-51,38,-44,29,-51,26,-51,20,-51,17,-47,15,-47,13,-51,4,-49,4,-49,-2,-42,0,-44,-8,0,0,0,0,0,0,0,0,0,0]"""
1782173639748,2026-06-23T09:13:59.748,warning,breathing,lmh,lying_fast_breath,t001,"CSI_DATA,18055,1a:00:00:00:00:00,-61,11,-98,16,44,11,125576645,47,2,256,0,""[0,0,0,0,0,0,0,0,0,0,0,0,-28,30,-28,28,-33,33,-33,33,-37,40,-37,35,-33,35,-40,35,-42,45,-42,42,-42,45,-42,47,-47,54,-49,52,-52,47,-49,52,-49,59,-49,56,-47,59,-54,54,-54,59,-52,61,-49,66,-47,68,-52,68,-42,66,-47,61,-45,68,-42,68,-37,73,-33,68,-35,78,-28,78,-23,73,-16,82,-14,80,-11,75,-4,78,-7,85,0,87,0,85,4,82,4,78,11,92,11,73,18,75,18,85,28,80,23,85,26,87,33,87,35,82,35,90,33,85,37,90,42,90,45,85,0,0,0,0,0,0,85,-45,85,-49,73,-56,71,-45,66,-54,64,-42,66,-49,66,-54,64,-49,59,-47,52,-52,47,-52,45,-59,47,-61,45,-56,35,-54,40,-66,35,-64,35,-56,28,-64,23,-66,33,-64,18,-56,18,-66,16,-64,14,-66,14,-66,7,-71,11,-68,2,-68,7,-64,9,-68,7,-68,0,-71,4,-54,4,-73,4,-66,0,-66,2,-71,2,-68,0,-61,2,-61,2,-66,2,-66,4,-64,2,-56,4,-56,2,-59,7,-47,2,-49,4,-47,4,-45,7,-47,7,-47,11,-42,7,-42,14,-37,0,0,0,0,0,0,0,0,0,0]"""
1782173639757,2026-06-23T09:13:59.757,warning,breathing,lmh,lying_fast_breath,t001,"CSI_DATA,18056,1a:00:00:00:00:00,-61,11,-98,18,44,11,125593438,47,2,256,0,""[0,0,0,0,0,0,0,0,0,0,0,0,2,40,-2,42,0,44,-2,49,-2,51,-6,49,-4,51,-4,51,-6,58,-8,60,-4,62,-4,62,-4,71,-4,71,-13,71,-8,67,-2,76,-6,76,-6,73,-15,76,-13,80,-8,78,-4,78,-2,80,-6,82,4,78,0,76,2,85,6,80,11,82,4,76,8,89,13,85,11,78,22,80,24,73,22,73,35,76,33,76,40,71,38,73,44,64,40,73,51,76,49,71,49,71,51,69,49,62,53,67,62,71,67,64,64,64,67,73,60,73,69,62,73,69,76,67,0,0,0,0,0,0,64,-69,60,-69,51,-80,49,-62,47,-67,49,-69,44,-64,44,-76,42,-62,44,-64,33,-62,35,-62,29,-64,35,-67,26,-64,24,-64,22,-73,17,-67,24,-64,15,-64,6,-69,15,-64,11,-64,13,-60,13,-64,8,-69,6,-62,0,-69,4,-67,-4,-64,0,-58,2,-64,0,-67,-4,-67,-2,-60,2,-73,0,-69,-4,-64,-2,-69,2,-60,0,-62,0,-64,2,-67,0,-60,2,-62,-2,-62,2,-53,0,-58,8,-51,2,-47,13,-51,4,-44,6,-44,8,-44,11,-42,11,-44,15,-40,0,0,0,0,0,0,0,0,0,0]"""
1782173639770,2026-06-23T09:13:59.770,warning,breathing,lmh,lying_fast_breath,t001,"CSI_DATA,18057,1a:00:00:00:00:00,-61,11,-98,17,44,11,125598491,47,2,256,0,""[0,0,0,0,0,0,0,0,0,0,0,0,-34,-27,-32,-29,-29,-29,-34,-36,-34,-39,-27,-41,-29,-43,-27,-46,-32,-52,-25,-55,-29,-55,-25,-57,-29,-62,-23,-66,-16,-69,-18,-69,-23,-71,-13,-71,-16,-66,-11,-76,-4,-82,-9,-78,-4,-80,-9,-80,0,-82,-6,-76,4,-80,0,-85,0,-80,-2,-80,2,-76,-2,-85,0,-80,0,-80,0,-82,2,-82,2,-78,-2,-82,2,-82,-6,-80,0,-82,-4,-82,2,-85,-2,-89,2,-82,0,-80,0,-85,0,-85,0,-87,6,-92,2,-92,2,-89,13,-94,18,-92,11,-96,13,-96,18,-94,0,0,0,0,0,0,-94,-27,-94,-29,-87,-20,-87,-32,-78,-27,-80,-29,-78,-29,-78,-32,-69,-27,-69,-32,-69,-29,-64,-32,-73,-29,-66,-34,-64,-36,-62,-32,-71,-29,-69,-29,-59,-29,-62,-29,-66,-25,-57,-32,-55,-29,-57,-32,-57,-32,-59,-32,-57,-34,-62,-29,-57,-36,-55,-29,-55,-36,-59,-41,-55,-41,-50,-41,-50,-41,-52,-50,-48,-48,-43,-46,-46,-48,-41,-52,-39,-48,-34,-52,-34,-55,-32,-50,-27,-55,-32,-52,-23,-52,-23,-52,-16,-55,-13,-50,-9,-46,-6,-48,-4,-43,0,-46,4,-41,4,-41,9,-43,0,0,0,0,0,0,0,0,0,0]"""
1782173639781,2026-06-23T09:13:59.781,warning,breathing,lmh,lying_fast_breath,t001,"CSI_DATA,18058,1a:00:00:00:00:00,-61,11,-98,13,45,11,125609939,47,2,256,0,""[0,0,0,0,0,0,0,0,0,0,0,0,-36,-20,-36,-25,-36,-27,-36,-32,-36,-32,-36,-39,-36,-43,-32,-43,-36,-48,-32,-48,-34,-52,-32,-55,-36,-57,-34,-59,-25,-66,-27,-69,-34,-71,-23,-73,-18,-71,-11,-73,-6,-76,-16,-78,-11,-80,-13,-78,-11,-87,-16,-78,-6,-82,-4,-85,0,-80,-9,-80,-2,-76,-4,-87,0,-80,0,-76,0,-85,0,-85,-2,-73,-6,-80,-2,-82,-9,-82,-4,-82,-11,-80,-2,-82,-6,-87,4,-85,-2,-82,4,-89,-2,-85,-2,-87,2,-89,-2,-92,4,-92,13,-99,13,-92,6,-96,6,-94,11,-92,0,0,0,0,0,0,-89,-29,-85,-27,-89,-23,-82,-29,-78,-32,-78,-32,-73,-25,-78,-34,-69,-27,-69,-36,-69,-34,-62,-32,-69,-34,-62,-32,-66,-34,-62,-27,-69,-29,-62,-27,-57,-34,-59,-29,-64,-25,-57,-34,-52,-27,-52,-32,-50,-34,-52,-34,-52,-39,-57,-27,-52,-36,-57,-34,-55,-39,-55,-43,-48,-41,-52,-41,-48,-46,-48,-50,-46,-50,-41,-46,-39,-52,-34,-55,-29,-48,-36,-55,-27,-55,-27,-52,-23,-55,-23,-52,-18,-57,-16,-52,-6,-52,-9,-48,-2,-48,-2,-46,-2,-43,2,-41,6,-39,11,-36,13,-41,0,0,0,0,0,0,0,0,0,0]"""
1782173639791,2026-06-23T09:13:59.791,warning,breathing,lmh,lying_fast_breath,t001,"CSI_DATA,18059,1a:00:00:00:00:00,-61,11,-98,16,44,11,125620955,47,2,256,0,""[0,0,0,0,0,0,0,0,0,0,0,0,26,-33,28,-33,35,-33,37,-37,33,-35,33,-33,35,-42,40,-33,37,-47,45,-45,45,-49,42,-49,42,-54,42,-56,45,-49,49,-54,47,-61,47,-54,45,-52,42,-66,47,-59,47,-61,45,-66,45,-68,47,-73,37,-68,37,-64,37,-68,40,-75,30,-78,35,-64,33,-78,21,-73,26,-80,18,-80,11,-82,11,-71,11,-82,21,-90,0,-94,-2,-82,-2,-61,14,-82,9,-68,-2,-47,4,-75,-40,-21,-7,-106,21,-118,-16,-33,-104,-54,-18,-82,-26,-101,4,-168,-23,-66,-11,-80,-21,4,0,0,0,0,0,0,-42,128,-113,61,-80,94,11,68,-64,71,-40,56,-16,23,-52,94,-106,56,-45,47,-94,23,-30,30,-61,40,-47,75,-30,49,-37,49,-33,68,-33,54,-47,64,-23,54,-16,64,-26,64,-11,64,-21,64,-16,61,-16,68,-16,61,-9,66,-14,68,-9,64,-14,68,-9,71,-7,66,-4,66,2,64,-2,68,-4,73,0,64,0,68,-4,59,2,64,2,64,0,64,2,64,0,59,4,64,-2,54,-2,61,-4,49,-2,49,-9,49,-4,42,-4,42,-9,47,-4,49,-7,45,-9,42,0,0,0,0,0,0,0,0,0,0]"""
1782173639802,2026-06-23T09:13:59.802,warning,breathing,lmh,lying_fast_breath,t001,"CSI_DATA,18060,1a:00:00:00:00:00,-61,11,-98,20,44,11,125640233,47,2,256,0,""[0,0,0,0,0,0,0,0,0,0,0,0,-23,35,-27,33,-31,38,-27,38,-33,40,-33,38,-31,40,-35,38,-35,46,-35,48,-35,50,-33,52,-38,57,-42,61,-44,54,-44,59,-40,65,-46,65,-40,61,-48,61,-48,69,-42,67,-40,67,-40,71,-42,76,-29,71,-35,73,-33,73,-33,76,-25,80,-25,71,-25,78,-21,78,-19,78,-16,84,-10,80,-6,78,2,82,-2,82,10,86,6,86,19,82,12,82,23,90,19,73,25,76,21,84,35,76,35,80,35,86,42,82,44,82,40,88,40,82,48,84,54,80,52,76,0,0,0,0,0,0,80,-52,80,-59,67,-59,67,-57,65,-59,61,-50,54,-57,61,-57,59,-57,52,-54,48,-54,42,-57,40,-65,44,-61,35,-61,29,-59,31,-67,29,-67,29,-57,23,-65,16,-63,21,-63,12,-59,14,-61,14,-63,8,-67,10,-65,2,-67,2,-71,-4,-63,0,-65,-2,-67,0,-71,-6,-69,-2,-67,0,-69,-4,-67,-2,-69,-6,-67,0,-65,-4,-61,-2,-65,-4,-65,-4,-63,-6,-63,-4,-54,2,-54,-4,-59,0,-52,0,-52,0,-50,0,-46,-2,-48,6,-48,6,-44,6,-38,14,-42,0,0,0,0,0,0,0,0,0,0]"""
1782173639819,2026-06-23T09:13:59.819,warning,breathing,lmh,lying_fast_breath,t001,"CSI_DATA,18062,1a:00:00:00:00:00,-61,11,-98,18,44,11,125658329,47,2,256,0,""[0,0,0,0,0,0,0,0,0,0,0,0,-42,13,-40,13,-44,8,-49,6,-49,6,-49,4,-51,11,-55,6,-58,13,-60,6,-62,8,-64,8,-64,8,-69,6,-67,0,-73,4,-73,8,-78,-2,-73,2,-73,6,-71,2,-82,2,-80,2,-78,6,-82,4,-78,11,-80,2,-85,6,-76,2,-82,11,-76,11,-80,11,-78,13,-78,15,-80,20,-80,22,-71,22,-73,31,-73,26,-73,38,-73,31,-69,42,-80,35,-76,44,-69,38,-64,44,-73,42,-67,51,-69,49,-78,49,-69,47,-73,58,-80,55,-78,51,-78,60,-69,58,-76,60,0,0,0,0,0,0,51,82,58,76,58,67,51,69,60,67,47,62,51,58,53,62,49,60,49,55,47,51,44,49,55,49,53,53,49,47,53,40,58,47,55,44,51,42,60,42,58,31,55,42,53,33,55,38,55,38,62,38,58,33,60,26,60,33,60,24,60,31,60,31,62,31,58,31,58,29,60,38,58,29,58,33,60,33,58,35,58,29,53,33,51,33,53,33,53,40,53,31,44,33,47,31,42,35,38,29,33,35,38,35,29,40,31,33,24,35,24,33,24,35,0,0,0,0,0,0,0,0,0,0]"""
1782173639829,2026-06-23T09:13:59.829,warning,breathing,lmh,lying_fast_breath,t001,"CSI_DATA,18063,1a:00:00:00:00:00,-61,11,-98,18,44,11,125664889,47,2,256,0,""[0,0,0,0,0,0,0,0,0,0,0,0,4,42,4,44,6,40,-2,49,0,49,-4,51,-2,55,0,58,-2,58,-4,62,0,67,2,62,2,71,4,71,-2,69,0,71,4,73,-6,71,-4,76,0,78,2,76,2,82,2,73,8,80,8,82,11,73,6,76,8,80,8,80,17,82,17,71,22,85,20,82,20,76,29,80,31,73,31,64,38,71,35,69,49,67,47,69,51,60,51,67,58,67,58,64,58,58,53,62,62,58,64,60,69,64,71,58,67,53,69,62,64,60,85,58,85,55,78,53,0,0,0,0,0,0,53,-82,53,-73,40,-85,47,-71,38,-69,38,-71,35,-69,38,-80,33,-73,35,-71,29,-67,24,-67,22,-69,24,-71,15,-71,8,-67,11,-76,6,-67,11,-64,2,-64,-2,-71,4,-67,0,-67,2,-69,8,-67,-4,-67,-4,-64,-13,-67,-8,-64,-20,-62,-15,-62,-11,-62,-13,-67,-17,-69,-15,-60,-13,-76,-15,-67,-13,-67,-13,-71,-13,-60,-13,-60,-15,-64,-11,-62,-15,-62,-13,-60,-13,-53,-6,-55,-11,-55,-6,-55,-6,-47,2,-47,-8,-44,0,-47,2,-47,2,-44,-2,-38,11,-40,0,0,0,0,0,0,0,0,0,0]"""
1782173639851,2026-06-23T09:13:59.851,warning,breathing,lmh,lying_fast_breath,t001,"CSI_DATA,18064,1a:00:00:00:00:00,-61,11,-98,13,45,11,125689301,47,2,256,0,""[0,0,0,0,0,0,0,0,0,0,0,0,43,2,43,6,46,9,46,13,48,13,46,13,50,11,50,16,59,16,57,23,59,20,64,16,66,20,66,23,62,29,66,25,73,20,73,27,62,27,66,27,64,34,78,29,73,29,73,29,76,34,76,20,78,29,78,25,76,29,78,20,76,20,78,25,76,18,76,20,82,9,85,9,76,6,80,4,82,6,85,0,80,0,80,-6,82,-6,87,-11,80,-9,82,-16,85,-13,85,-20,85,-18,94,-18,89,-20,92,-23,94,-20,94,-20,94,-27,92,-27,89,-23,0,0,0,0,0,0,-18,-94,-18,-87,-23,-82,-27,-82,-29,-85,-23,-78,-25,-73,-27,-80,-25,-71,-25,-69,-29,-66,-29,-64,-36,-69,-29,-66,-32,-64,-34,-59,-36,-62,-36,-64,-32,-59,-36,-57,-46,-48,-43,-55,-36,-48,-39,-48,-39,-50,-41,-50,-43,-48,-43,-46,-43,-50,-50,-43,-48,-46,-48,-48,-46,-50,-48,-48,-46,-43,-41,-52,-46,-48,-46,-46,-46,-50,-46,-48,-41,-46,-41,-46,-39,-52,-39,-50,-34,-52,-36,-41,-32,-43,-34,-48,-27,-41,-27,-41,-20,-43,-20,-43,-18,-43,-18,-43,-13,-41,-11,-36,-9,-39,0,0,0,0,0,0,0,0,0,0]"""
1782173639861,2026-06-23T09:13:59.861,warning,breathing,lmh,lying_fast_breath,t001,"CSI_DATA,18065,1a:00:00:00:00:00,-61,11,-98,13,45,11,125691725,47,2,256,0,""[0,0,0,0,0,0,0,0,0,0,0,0,-11,41,-13,39,-18,41,-23,43,-27,43,-27,43,-27,41,-27,41,-29,50,-36,46,-39,48,-39,50,-46,50,-48,48,-55,46,-52,48,-55,57,-59,55,-57,46,-59,43,-64,41,-64,46,-64,46,-69,48,-71,43,-62,46,-69,41,-73,43,-66,41,-66,43,-66,41,-71,43,-69,41,-64,41,-66,50,-64,52,-64,46,-64,55,-66,46,-64,52,-62,50,-57,62,-64,55,-66,57,-64,52,-57,55,-64,57,-62,57,-66,55,-73,59,-71,57,-66,59,-78,57,-76,52,-76,59,-76,55,-73,57,0,0,0,0,0,0,43,78,43,80,48,73,46,76,43,76,39,73,41,71,36,73,34,66,34,66,36,64,36,59,39,64,34,66,36,64,36,59,36,62,32,57,25,59,39,55,43,55,36,62,32,52,29,57,29,62,32,57,29,57,36,55,32,62,36,55,29,55,32,59,27,59,29,57,29,57,20,69,20,62,23,59,23,64,23,62,18,59,13,62,6,62,9,57,2,59,9,57,4,52,0,59,-2,52,2,48,-4,48,-2,48,-13,41,-13,41,-16,39,-13,34,-20,36,0,0,0,0,0,0,0,0,0,0]"""
1782173639872,2026-06-23T09:13:59.872,warning,breathing,lmh,lying_fast_breath,t001,"CSI_DATA,18066,1a:00:00:00:00:00,-61,11,-98,17,44,11,125697491,47,2,256,0,""[0,0,0,0,0,0,0,0,0,0,0,0,25,-32,27,-29,29,-39,32,-39,32,-39,34,-32,36,-39,41,-34,39,-43,46,-43,43,-46,41,-46,46,-50,50,-55,52,-48,52,-50,48,-59,55,-52,50,-50,55,-50,62,-46,57,-59,57,-57,52,-62,59,-64,48,-64,48,-57,52,-66,50,-64,41,-69,43,-64,41,-71,43,-71,39,-71,34,-76,32,-73,27,-76,25,-78,25,-78,16,-82,20,-78,9,-82,13,-85,9,-92,9,-78,4,-82,6,-85,0,-80,-2,-92,-2,-96,-4,-92,-9,-94,0,-94,-2,-94,-13,-92,-16,-92,-18,-87,0,0,0,0,0,0,-94,13,-92,11,-87,20,-85,16,-85,16,-78,18,-80,25,-78,20,-73,25,-66,18,-66,25,-64,23,-69,29,-64,29,-62,27,-59,36,-62,39,-59,39,-55,34,-55,39,-48,46,-57,41,-43,39,-52,43,-48,43,-52,46,-50,43,-43,52,-50,50,-41,52,-41,46,-46,52,-41,52,-39,55,-43,52,-46,52,-43,52,-41,50,-43,52,-43,46,-39,46,-43,48,-46,46,-36,50,-43,41,-36,46,-41,34,-36,43,-39,29,-36,34,-39,32,-36,29,-34,29,-41,25,-29,25,-36,18,-39,16,0,0,0,0,0,0,0,0,0,0]"""
1782173639883,2026-06-23T09:13:59.883,warning,breathing,lmh,lying_fast_breath,t001,"CSI_DATA,18067,1a:00:00:00:00:00,-61,11,-98,18,44,11,125716280,47,2,256,0,""[0,0,0,0,0,0,0,0,0,0,0,0,42,4,44,8,42,11,49,15,49,13,51,13,53,15,51,15,58,15,55,20,60,20,62,17,62,17,67,24,64,29,67,26,71,22,64,31,67,26,71,29,71,29,69,31,73,29,73,26,78,29,73,20,73,31,82,31,78,31,78,20,69,20,85,22,82,15,76,13,82,15,82,8,76,6,85,-2,82,6,82,-4,82,-6,78,-8,85,-11,89,-11,80,-11,85,-15,82,-11,82,-22,82,-15,91,-17,91,-24,87,-22,96,-24,89,-20,94,-29,94,-26,87,-26,0,0,0,0,0,0,-22,-89,-24,-82,-31,-89,-24,-80,-24,-80,-22,-82,-29,-76,-26,-80,-24,-73,-26,-69,-31,-69,-31,-64,-35,-69,-33,-67,-31,-64,-35,-58,-44,-60,-35,-58,-31,-58,-35,-51,-49,-51,-40,-53,-42,-49,-38,-51,-40,-55,-38,-49,-47,-49,-51,-44,-49,-53,-53,-40,-42,-42,-51,-53,-42,-47,-55,-47,-44,-44,-53,-53,-44,-51,-47,-49,-49,-49,-44,-47,-42,-44,-44,-49,-38,-51,-40,-47,-35,-49,-38,-42,-35,-47,-33,-47,-31,-47,-24,-42,-26,-44,-22,-38,-20,-40,-15,-42,-13,-42,-17,-38,-13,-38,0,0,0,0,0,0,0,0,0,0]"""
1782173639893,2026-06-23T09:13:59.893,warning,breathing,lmh,lying_fast_breath,t001,"CSI_DATA,18068,1a:00:00:00:00:00,-61,11,-98,18,44,11,125720609,47,2,256,0,""[0,0,0,0,0,0,0,0,0,0,0,0,42,13,40,17,42,17,47,22,42,26,42,26,44,35,44,29,49,38,47,35,51,38,47,38,51,44,49,44,44,51,44,55,53,51,47,62,44,60,40,60,40,64,47,64,42,67,44,69,49,71,49,64,35,69,42,67,38,69,47,62,38,62,47,76,44,69,42,64,47,67,47,67,44,55,53,62,49,64,55,67,53,64,58,53,51,62,58,67,51,64,53,62,55,67,53,62,58,64,60,73,62,69,55,64,58,76,51,73,60,78,55,80,55,80,0,0,0,0,0,0,82,-47,78,-44,78,-58,71,-42,71,-40,71,-40,73,-42,76,-40,67,-38,67,-31,62,-35,60,-26,62,-38,64,-35,64,-33,55,-33,64,-40,58,-40,62,-31,53,-35,58,-38,62,-33,53,-33,55,-33,58,-29,60,-38,60,-26,55,-40,60,-33,53,-33,58,-29,60,-31,60,-31,60,-31,53,-26,69,-26,67,-26,62,-24,64,-22,62,-13,58,-15,62,-15,64,-11,58,-11,55,-4,60,-6,55,-2,58,-6,53,2,51,4,47,6,44,4,42,8,42,13,42,17,42,17,33,20,0,0,0,0,0,0,0,0,0,0]"""
1782173639903,2026-06-23T09:13:59.903,warning,breathing,lmh,lying_fast_breath,t001,"CSI_DATA,18069,1a:00:00:00:00:00,-61,11,-98,19,44,11,125730490,47,2,256,0,""[0,0,0,0,0,0,0,0,0,0,0,0,41,-8,43,-4,50,-2,50,-4,50,-2,50,4,50,-2,52,6,60,6,60,4,63,8,60,6,67,10,69,17,69,19,71,19,71,13,73,26,69,21,69,30,71,34,73,30,76,28,76,30,78,32,78,23,71,30,73,34,76,39,76,26,65,28,78,32,76,26,71,28,78,26,80,21,76,21,80,17,78,26,84,13,82,19,82,17,78,17,87,15,82,15,84,15,84,13,87,10,89,19,91,13,89,17,87,13,97,21,89,21,95,21,100,26,95,23,0,0,0,0,0,0,34,-84,30,-87,28,-84,23,-80,28,-87,28,-78,28,-76,30,-82,28,-73,23,-69,23,-69,17,-69,28,-71,21,-71,23,-67,15,-65,17,-69,17,-65,21,-60,17,-67,10,-65,19,-71,10,-56,15,-60,19,-65,15,-67,13,-65,15,-65,15,-67,6,-67,15,-63,21,-65,23,-67,17,-63,19,-60,21,-65,28,-63,23,-58,26,-65,28,-58,23,-58,28,-58,36,-56,34,-54,34,-50,34,-45,34,-43,39,-45,32,-36,32,-36,34,-34,39,-30,39,-26,45,-26,39,-23,39,-17,41,-17,0,0,0,0,0,0,0,0,0,0]"""
1782173639916,2026-06-23T09:13:59.916,warning,breathing,lmh,lying_fast_breath,t001,"CSI_DATA,18070,1a:00:00:00:00:00,-61,11,-98,20,44,11,125741519,47,2,256,0,""[0,0,0,0,0,0,0,0,0,0,0,0,-44,-4,-42,-8,-44,-14,-46,-14,-48,-19,-44,-19,-48,-21,-50,-23,-54,-27,-50,-27,-57,-29,-54,-31,-63,-31,-63,-35,-50,-46,-54,-48,-61,-46,-54,-54,-52,-50,-46,-48,-44,-57,-57,-57,-50,-59,-57,-57,-52,-65,-54,-54,-48,-63,-52,-63,-48,-67,-52,-63,-48,-61,-48,-67,-48,-65,-46,-67,-54,-63,-50,-61,-50,-63,-54,-59,-54,-59,-61,-59,-52,-61,-59,-57,-52,-65,-67,-61,-52,-57,-54,-63,-54,-61,-59,-57,-57,-61,-59,-76,-61,-63,-59,-67,-54,-73,-50,-76,-65,-78,-63,-73,-57,-82,0,0,0,0,0,0,-84,44,-82,50,-78,52,-71,35,-76,38,-69,40,-69,40,-76,40,-71,29,-65,31,-65,31,-67,25,-65,31,-67,31,-63,29,-57,31,-63,38,-61,31,-63,29,-65,29,-54,33,-61,27,-52,29,-61,27,-61,29,-65,23,-61,25,-57,31,-63,27,-57,33,-61,27,-63,23,-65,21,-63,21,-61,23,-71,14,-65,14,-65,14,-65,12,-65,4,-59,8,-59,6,-61,2,-63,4,-63,-4,-61,-2,-54,-10,-57,-6,-48,-12,-48,-14,-42,-19,-44,-14,-42,-21,-44,-21,-38,-23,-33,-21,-29,-27,0,0,0,0,0,0,0,0,0,0]"""
1782173639925,2026-06-23T09:13:59.925,warning,breathing,lmh,lying_fast_breath,t001,"CSI_DATA,18071,1a:00:00:00:00:00,-61,11,-98,18,44,11,125752490,47,2,256,0,""[0,0,0,0,0,0,0,0,0,0,0,0,4,42,4,42,4,47,4,51,-2,49,-2,51,-6,49,-4,55,-2,58,-4,58,-2,62,-4,62,-4,67,-4,69,-15,67,-11,71,-4,76,-17,76,-13,73,-15,71,-20,71,-11,78,-15,76,-11,80,-15,76,-8,82,-17,80,-15,80,-13,76,-11,80,-11,76,-13,85,-8,85,-4,78,-4,80,2,82,2,76,4,80,4,80,13,85,8,85,17,78,13,82,20,89,13,76,22,78,17,82,24,78,22,89,24,96,29,89,29,87,24,91,17,91,29,98,26,98,33,87,0,0,0,0,0,0,91,-20,94,-26,85,-33,82,-17,82,-24,76,-20,78,-24,82,-22,78,-24,69,-15,69,-24,67,-22,69,-29,67,-26,67,-29,62,-31,64,-40,64,-31,62,-26,60,-31,55,-38,60,-26,51,-33,55,-33,53,-31,58,-33,53,-35,49,-42,58,-40,51,-44,53,-38,60,-35,53,-35,53,-42,53,-35,62,-35,55,-40,55,-38,58,-33,58,-29,51,-29,55,-26,62,-26,53,-31,58,-22,51,-26,51,-17,51,-20,49,-13,49,-6,51,-4,44,-11,44,-6,44,-8,44,-4,40,0,44,4,0,0,0,0,0,0,0,0,0,0]"""
1782173639936,2026-06-23T09:13:59.936,warning,breathing,lmh,lying_fast_breath,t001,"CSI_DATA,18072,1a:00:00:00:00:00,-61,11,-98,17,44,11,125763490,47,2,256,0,""[0,0,0,0,0,0,0,0,0,0,0,0,-41,11,-41,4,-43,6,-48,6,-50,6,-52,4,-52,6,-52,6,-59,4,-57,9,-59,6,-59,9,-69,18,-69,11,-69,6,-71,13,-73,18,-76,13,-73,18,-78,9,-82,13,-73,16,-76,18,-76,20,-80,23,-73,27,-78,23,-76,25,-76,29,-69,34,-73,32,-73,39,-69,41,-71,43,-64,50,-64,50,-57,50,-57,59,-62,55,-50,66,-55,62,-46,71,-50,64,-43,73,-39,66,-41,76,-41,76,-34,76,-34,78,-39,85,-27,87,-29,89,-32,89,-34,89,-25,94,-16,96,-20,89,0,0,0,0,0,0,89,20,92,20,82,4,82,13,85,11,80,11,85,2,82,4,80,0,73,4,71,-4,71,-4,73,-11,71,-9,69,-6,66,-16,71,-20,69,-20,64,-16,64,-20,59,-29,62,-23,55,-32,57,-27,59,-32,57,-32,57,-32,55,-39,55,-39,48,-46,55,-41,55,-41,52,-43,50,-46,48,-41,52,-43,50,-43,48,-48,50,-48,50,-39,46,-41,48,-41,48,-43,43,-43,46,-39,41,-41,41,-34,41,-41,41,-32,39,-27,41,-25,39,-27,36,-27,43,-25,36,-18,36,-20,36,-16,0,0,0,0,0,0,0,0,0,0]"""
1782173639946,2026-06-23T09:13:59.946,warning,breathing,lmh,lying_fast_breath,t001,"CSI_DATA,18073,1a:00:00:00:00:00,-61,11,-98,13,45,11,125777009,47,2,256,0,""[0,0,0,0,0,0,0,0,0,0,0,0,-4,43,-6,41,-6,46,-11,48,-11,50,-16,48,-16,50,-18,50,-23,55,-23,57,-25,57,-25,55,-25,62,-29,66,-32,57,-34,64,-32,69,-43,64,-34,59,-41,64,-43,69,-43,64,-46,66,-41,66,-48,66,-41,69,-48,64,-50,69,-48,64,-41,69,-43,62,-46,69,-43,69,-39,66,-39,73,-39,73,-36,66,-34,78,-36,76,-29,76,-32,76,-29,76,-34,76,-29,78,-32,73,-27,85,-29,80,-25,78,-27,85,-29,89,-25,82,-29,85,-39,89,-41,85,-32,89,-27,89,-25,87,0,0,0,0,0,0,80,43,80,39,85,29,80,36,78,36,73,36,73,32,76,34,69,34,69,34,66,32,62,29,71,29,66,25,62,29,64,20,66,20,59,23,59,23,62,18,64,16,66,23,57,11,59,18,62,20,62,23,62,20,64,13,64,16,66,13,62,18,66,23,59,20,62,20,59,20,62,25,64,25,59,23,59,25,57,32,55,29,55,32,52,34,55,32,48,34,50,32,41,36,43,29,36,34,36,32,34,39,29,32,27,34,25,36,20,36,18,36,16,39,0,0,0,0,0,0,0,0,0,0]"""
1782173639958,2026-06-23T09:13:59.958,warning,breathing,lmh,lying_fast_breath,t001,"CSI_DATA,18074,1a:00:00:00:00:00,-61,11,-98,18,44,11,125785917,47,2,256,0,""[0,0,0,0,0,0,0,0,0,0,0,0,-42,-11,-40,-11,-44,-13,-42,-17,-47,-20,-42,-24,-42,-29,-44,-24,-51,-33,-55,-35,-47,-38,-47,-35,-53,-42,-53,-44,-42,-49,-49,-53,-53,-49,-49,-58,-47,-51,-40,-64,-44,-69,-49,-60,-49,-67,-47,-67,-44,-71,-42,-60,-42,-67,-44,-67,-40,-73,-40,-64,-42,-67,-42,-67,-47,-69,-40,-67,-51,-71,-47,-67,-42,-67,-47,-62,-47,-69,-53,-64,-47,-67,-55,-62,-49,-64,-55,-67,-44,-64,-58,-60,-49,-67,-53,-62,-53,-69,-55,-76,-53,-76,-55,-67,-49,-76,-47,-80,-53,-82,-53,-80,-51,-80,0,0,0,0,0,0,-85,35,-89,35,-76,38,-76,38,-76,40,-73,24,-76,33,-73,31,-71,31,-73,24,-64,24,-67,24,-71,31,-69,31,-62,24,-58,22,-71,33,-64,26,-60,22,-64,24,-53,29,-69,22,-55,26,-62,29,-64,22,-64,24,-60,20,-58,26,-67,22,-64,26,-58,17,-64,20,-69,17,-64,17,-62,13,-69,11,-67,8,-64,11,-67,11,-64,4,-64,6,-64,2,-64,2,-62,0,-60,-6,-58,-4,-49,-11,-55,-8,-47,-15,-47,-15,-44,-17,-44,-13,-42,-22,-38,-24,-35,-22,-35,-29,-29,-29,0,0,0,0,0,0,0,0,0,0]"""
1782173639968,2026-06-23T09:13:59.968,warning,breathing,lmh,lying_fast_breath,t001,"CSI_DATA,18075,1a:00:00:00:00:00,-61,11,-98,19,44,11,125796490,47,2,256,0,""[0,0,0,0,0,0,0,0,0,0,0,0,-13,-39,-8,-41,-6,-45,-10,-50,-10,-47,-10,-54,-8,-56,-4,-50,-13,-60,-8,-58,-13,-63,-17,-58,-21,-67,-21,-69,-13,-69,-17,-67,-26,-69,-19,-71,-19,-67,-19,-78,-21,-78,-26,-78,-28,-71,-32,-73,-32,-80,-39,-69,-34,-71,-41,-73,-32,-71,-47,-69,-43,-65,-50,-71,-50,-65,-50,-63,-54,-60,-60,-54,-54,-50,-65,-45,-67,-47,-73,-43,-69,-45,-76,-32,-76,-32,-80,-28,-78,-30,-80,-28,-82,-26,-80,-19,-82,-23,-91,-19,-93,-17,-91,-6,-93,-15,-93,-15,-100,0,-100,-4,-89,0,0,0,0,0,0,0,-8,95,0,93,10,89,8,87,15,80,13,82,13,80,8,84,15,76,17,76,21,73,21,67,30,71,26,65,30,63,34,56,41,63,39,60,32,60,45,54,50,50,41,54,43,47,43,50,43,54,47,45,50,39,54,36,56,45,58,30,54,36,58,41,56,36,58,34,56,28,58,41,60,36,56,32,60,36,56,34,52,28,56,28,63,30,56,26,54,28,52,23,50,28,50,26,45,28,39,21,43,26,41,21,34,26,36,26,39,26,39,23,30,26,0,0,0,0,0,0,0,0,0,0]"""
1782173639979,2026-06-23T09:13:59.979,warning,breathing,lmh,lying_fast_breath,t001,"CSI_DATA,18076,1a:00:00:00:00:00,-61,11,-98,17,44,11,125807490,47,2,256,0,""[0,0,0,0,0,0,0,0,0,0,0,0,-11,-39,-4,-36,-6,-46,-4,-50,-4,-48,-4,-50,-4,-50,0,-55,-6,-59,-4,-59,-2,-59,-9,-59,-11,-71,-6,-71,-4,-71,-6,-69,-11,-71,-2,-73,-11,-69,-9,-76,-11,-78,-9,-80,-16,-76,-9,-76,-13,-82,-20,-76,-16,-73,-18,-82,-18,-78,-25,-78,-23,-69,-25,-80,-29,-73,-34,-71,-34,-76,-41,-73,-39,-62,-46,-64,-46,-66,-55,-64,-52,-66,-59,-55,-57,-62,-64,-57,-55,-55,-62,-55,-66,-50,-69,-43,-71,-52,-73,-50,-78,-48,-78,-46,-78,-52,-71,-50,-82,-50,-82,-41,-80,-34,0,0,0,0,0,0,-43,80,-41,78,-32,82,-34,76,-32,78,-34,73,-29,76,-29,78,-27,71,-27,66,-20,69,-13,64,-11,76,-11,71,-11,71,-2,66,0,73,-2,66,-4,71,2,64,9,69,0,66,9,59,9,64,9,62,11,66,16,62,20,64,16,64,23,59,18,62,18,71,16,66,23,62,18,62,18,69,20,69,20,57,23,66,16,64,20,57,20,62,20,64,16,59,16,59,18,55,16,52,18,55,6,50,9,50,9,50,9,48,6,48,6,48,4,48,2,43,-2,41,0,0,0,0,0,0,0,0,0,0]"""
1782173639991,2026-06-23T09:13:59.991,warning,breathing,lmh,lying_fast_breath,t001,"CSI_DATA,18077,1a:00:00:00:00:00,-61,11,-98,13,45,11,125822248,47,2,256,0,""[0,0,0,0,0,0,0,0,0,0,0,0,-16,-39,-13,-41,-11,-41,-11,-48,-6,-48,-4,-50,-6,-52,-2,-55,-4,-64,2,-57,4,-62,2,-66,4,-66,11,-69,20,-66,16,-71,11,-76,25,-73,23,-69,23,-64,32,-64,29,-76,32,-73,34,-73,39,-76,27,-73,39,-71,41,-76,41,-69,34,-71,39,-69,39,-71,36,-71,36,-69,36,-73,34,-76,34,-69,34,-76,39,-69,32,-73,39,-73,32,-78,36,-73,36,-78,36,-73,32,-76,36,-78,36,-78,36,-80,43,-80,41,-78,46,-82,55,-82,52,-78,52,-85,55,-80,52,-76,0,0,0,0,0,0,-69,-62,-66,-64,-66,-52,-64,-59,-62,-57,-55,-59,-55,-57,-52,-62,-50,-57,-48,-55,-50,-52,-46,-52,-52,-55,-46,-50,-41,-57,-48,-52,-50,-50,-43,-50,-41,-52,-46,-50,-48,-48,-39,-55,-39,-46,-39,-48,-36,-50,-41,-50,-39,-52,-41,-50,-39,-55,-43,-48,-36,-55,-36,-59,-32,-59,-34,-55,-34,-52,-25,-62,-27,-57,-25,-55,-27,-59,-23,-62,-18,-57,-13,-62,-9,-59,-9,-57,-4,-59,-11,-55,0,-52,2,-55,2,-50,6,-50,6,-48,6,-46,13,-39,13,-43,18,-34,18,-41,25,-36,0,0,0,0,0,0,0,0,0,0]"""
1782173640001,2026-06-23T09:14:00.001,warning,breathing,lmh,lying_fast_breath,t001,"CSI_DATA,18078,1a:00:00:00:00:00,-61,11,-98,19,44,11,125829490,47,2,256,0,""[0,0,0,0,0,0,0,0,0,0,0,0,-8,-39,-8,-41,-8,-43,-2,-50,0,-52,2,-50,-2,-52,0,-54,0,-58,0,-63,2,-65,4,-63,2,-67,0,-69,10,-69,8,-73,2,-73,8,-76,10,-71,10,-71,8,-69,10,-78,10,-78,10,-82,17,-89,4,-80,17,-78,10,-78,13,-82,6,-78,10,-73,6,-82,2,-84,4,-78,-2,-84,-4,-82,-4,-76,-10,-80,-6,-84,-13,-80,-15,-82,-19,-80,-10,-87,-21,-89,-15,-78,-21,-80,-21,-84,-26,-78,-23,-82,-26,-87,-28,-89,-23,-84,-23,-91,-17,-95,-28,-95,-34,-91,-26,-89,0,0,0,0,0,0,-95,23,-93,19,-89,30,-80,23,-82,28,-76,19,-76,26,-80,23,-73,26,-73,19,-69,23,-63,23,-67,30,-65,28,-65,21,-56,30,-71,34,-63,32,-60,26,-60,30,-60,36,-60,30,-52,34,-56,34,-60,36,-56,34,-58,32,-54,39,-56,36,-52,41,-54,34,-52,36,-60,36,-56,36,-56,32,-60,34,-60,34,-58,34,-60,32,-56,26,-54,30,-58,26,-56,23,-58,26,-60,21,-52,21,-54,15,-54,21,-56,10,-50,13,-50,15,-47,10,-45,8,-50,4,-45,0,-41,-2,-41,-8,0,0,0,0,0,0,0,0,0,0]"""
1782173640013,2026-06-23T09:14:00.013,warning,breathing,lmh,lying_fast_breath,t001,"CSI_DATA,18079,1a:00:00:00:00:00,-61,11,-98,18,44,11,125840588,47,2,256,0,""[0,0,0,0,0,0,0,0,0,0,0,0,-26,33,-26,29,-31,35,-38,35,-40,35,-35,31,-35,35,-38,38,-44,42,-47,42,-44,42,-40,44,-47,51,-51,53,-53,44,-51,51,-44,53,-55,53,-49,51,-47,49,-49,47,-51,60,-51,62,-49,67,-53,67,-40,67,-49,62,-44,67,-44,69,-38,71,-35,67,-33,71,-31,73,-31,73,-24,80,-22,80,-20,73,-11,76,-11,80,-2,85,-4,82,2,80,-2,82,6,85,4,76,13,80,8,87,17,85,17,89,22,94,22,89,26,85,26,91,26,89,31,89,33,87,44,89,0,0,0,0,0,0,91,-35,89,-33,78,-47,76,-33,80,-44,71,-38,69,-42,71,-47,67,-44,60,-42,53,-47,55,-44,53,-53,53,-53,49,-49,42,-55,44,-60,42,-60,42,-51,40,-55,31,-60,35,-55,26,-51,26,-55,31,-58,24,-60,26,-62,17,-62,22,-69,13,-64,15,-60,17,-64,17,-67,13,-64,13,-60,20,-62,11,-64,13,-67,11,-64,15,-62,8,-58,15,-62,13,-62,13,-62,11,-58,11,-58,15,-51,6,-60,17,-53,17,-49,15,-49,15,-42,17,-42,15,-44,13,-40,17,-38,20,-38,0,0,0,0,0,0,0,0,0,0]"""
1782173640023,2026-06-23T09:14:00.023,warning,breathing,lmh,lying_fast_breath,t001,"CSI_DATA,18080,1a:00:00:00:00:00,-61,11,-98,18,44,11,125854444,47,2,256,0,""[0,0,0,0,0,0,0,0,0,0,0,0,44,8,42,11,49,13,44,11,49,11,47,15,53,11,53,15,60,13,58,15,60,13,60,13,69,8,69,8,67,15,73,13,76,4,76,15,67,11,69,6,73,6,80,8,80,8,82,-2,82,2,80,-6,82,0,82,-4,82,-6,73,-15,78,-13,78,-20,78,-20,73,-22,73,-29,73,-31,71,-33,71,-40,71,-38,64,-53,67,-49,62,-53,64,-53,60,-62,55,-53,53,-64,55,-62,47,-71,47,-71,53,-78,49,-78,47,-78,55,-76,49,-82,40,-87,33,-85,31,-82,0,0,0,0,0,0,-85,-40,-89,-31,-80,-17,-82,-24,-85,-20,-76,-20,-82,-11,-78,-11,-78,-4,-73,-6,-71,-4,-73,-2,-78,2,-71,8,-71,4,-64,13,-71,17,-67,20,-62,15,-62,17,-58,29,-62,22,-51,29,-55,24,-58,26,-60,31,-58,31,-49,40,-55,35,-49,44,-53,42,-51,44,-53,42,-49,42,-47,42,-49,44,-49,47,-44,44,-53,47,-51,44,-44,44,-44,44,-44,47,-40,49,-40,40,-35,47,-38,35,-40,42,-35,35,-38,33,-38,31,-29,29,-35,33,-38,29,-33,31,-31,24,-35,22,0,0,0,0,0,0,0,0,0,0]"""
1782173640034,2026-06-23T09:14:00.034,warning,breathing,lmh,lying_fast_breath,t001,"CSI_DATA,18081,1a:00:00:00:00:00,-61,11,-98,19,44,11,125862508,47,2,256,0,""[0,0,0,0,0,0,0,0,0,0,0,0,-30,26,-30,28,-36,26,-43,26,-45,23,-47,19,-45,21,-50,17,-56,21,-58,17,-60,19,-60,19,-63,19,-67,13,-69,4,-73,8,-71,13,-76,0,-71,2,-67,-2,-76,-15,-80,-6,-76,-6,-80,-6,-84,-13,-78,-6,-80,-15,-76,-13,-78,-19,-82,-15,-73,-15,-82,-17,-80,-17,-78,-17,-80,-17,-82,-13,-76,-15,-82,-10,-80,-17,-80,-13,-80,-15,-80,-8,-84,-17,-84,-10,-78,-17,-80,-15,-80,-21,-82,-15,-84,-19,-91,-23,-87,-21,-93,-17,-87,-30,-91,-28,-93,-30,-91,-26,-87,-41,0,0,0,0,0,0,-47,87,-47,80,-45,82,-47,76,-41,73,-43,69,-45,69,-54,65,-47,63,-45,56,-45,58,-41,52,-41,65,-45,58,-43,52,-36,56,-45,58,-39,56,-47,52,-39,54,-36,56,-45,50,-41,52,-41,47,-45,45,-50,43,-45,47,-41,50,-50,47,-41,52,-45,45,-50,45,-54,41,-47,45,-47,39,-56,41,-56,39,-54,30,-58,34,-56,26,-58,26,-58,19,-60,19,-60,19,-58,15,-58,13,-52,6,-58,6,-50,4,-47,-2,-47,-2,-45,-2,-43,-8,-50,-15,-39,-10,-41,-17,-34,-23,0,0,0,0,0,0,0,0,0,0]"""
1782173640046,2026-06-23T09:14:00.046,warning,breathing,lmh,lying_fast_breath,t001,"CSI_DATA,18082,1a:00:00:00:00:00,-61,11,-98,14,45,11,125873490,47,2,256,0,""[0,0,0,0,0,0,0,0,0,0,0,0,26,-35,24,-31,31,-33,33,-31,40,-33,38,-33,38,-33,44,-33,44,-40,51,-33,49,-38,51,-38,55,-40,60,-40,60,-31,67,-35,60,-44,71,-35,62,-31,67,-31,71,-31,69,-35,73,-33,71,-35,78,-31,69,-38,76,-31,73,-38,76,-31,71,-38,71,-35,71,-35,69,-38,64,-40,71,-42,71,-49,64,-44,64,-44,67,-44,64,-51,64,-47,64,-58,64,-51,64,-58,60,-49,60,-55,67,-58,58,-62,60,-60,67,-62,67,-60,69,-62,71,-62,73,-60,73,-64,67,-67,67,-62,0,0,0,0,0,0,-55,-76,-53,-71,-58,-60,-53,-69,-53,-69,-49,-64,-51,-62,-49,-64,-47,-60,-44,-60,-49,-55,-47,-53,-55,-53,-49,-53,-47,-53,-51,-47,-51,-51,-44,-49,-44,-47,-49,-47,-55,-40,-51,-49,-42,-38,-44,-38,-49,-40,-51,-40,-51,-44,-51,-38,-51,-44,-55,-38,-51,-44,-53,-42,-47,-47,-49,-40,-51,-42,-44,-47,-49,-47,-42,-42,-44,-47,-44,-47,-42,-47,-40,-51,-35,-51,-35,-51,-31,-51,-33,-49,-26,-44,-29,-49,-22,-44,-24,-44,-17,-47,-20,-42,-11,-40,-11,-40,-6,-42,-4,-42,0,-40,0,0,0,0,0,0,0,0,0,0]"""
1782173640057,2026-06-23T09:14:00.057,warning,breathing,lmh,lying_fast_breath,t001,"CSI_DATA,18083,1a:00:00:00:00:00,-61,11,-98,14,45,11,125884489,47,2,256,0,""[0,0,0,0,0,0,0,0,0,0,0,0,17,-40,17,-38,22,-35,26,-38,29,-40,33,-40,35,-42,38,-42,40,-44,42,-42,44,-47,44,-44,49,-47,51,-47,58,-40,58,-42,58,-51,62,-42,58,-40,67,-38,71,-40,67,-38,69,-40,69,-40,76,-40,64,-44,71,-35,73,-40,73,-33,71,-42,67,-35,76,-40,73,-35,69,-35,73,-42,69,-44,67,-38,67,-47,67,-44,62,-49,69,-47,62,-53,71,-49,67,-51,67,-49,67,-51,71,-47,67,-53,67,-49,76,-53,73,-53,73,-55,82,-51,82,-47,78,-53,78,-53,80,-49,0,0,0,0,0,0,-40,-82,-38,-80,-44,-78,-38,-78,-40,-73,-35,-73,-35,-67,-35,-76,-33,-69,-29,-71,-31,-64,-29,-62,-33,-67,-31,-62,-31,-64,-35,-58,-35,-64,-31,-58,-26,-60,-31,-58,-38,-58,-29,-62,-26,-53,-26,-55,-24,-58,-26,-58,-29,-55,-31,-55,-29,-60,-35,-53,-26,-55,-29,-60,-24,-62,-26,-60,-26,-55,-17,-64,-20,-62,-15,-58,-13,-64,-17,-60,-13,-60,-13,-60,-6,-64,-6,-58,-2,-58,-4,-58,2,-55,2,-55,6,-53,4,-49,8,-47,8,-47,15,-42,15,-40,13,-38,13,-33,20,-38,0,0,0,0,0,0,0,0,0,0]"""
1782173640067,2026-06-23T09:14:00.067,warning,breathing,lmh,lying_fast_breath,t001,"CSI_DATA,18084,1a:00:00:00:00:00,-61,11,-98,22,43,11,125905901,47,2,256,0,""[0,0,0,0,0,0,0,0,0,0,0,0,-40,4,-47,0,-47,4,-49,0,-51,2,-49,-2,-51,-2,-53,0,-60,2,-58,-2,-62,-2,-62,0,-67,6,-71,4,-67,-2,-76,-2,-78,11,-78,2,-71,4,-82,-2,-78,-2,-76,4,-76,4,-80,8,-82,6,-80,15,-80,11,-78,13,-80,13,-73,22,-71,20,-78,24,-76,29,-73,29,-78,35,-73,38,-71,38,-69,44,-71,44,-67,51,-62,47,-60,58,-64,51,-60,67,-58,53,-53,67,-60,64,-53,67,-51,71,-62,76,-51,73,-49,82,-51,78,-51,78,-44,85,-42,80,-38,78,0,0,0,0,0,0,82,42,78,44,80,31,76,31,80,29,73,29,78,24,76,31,76,24,69,24,71,17,64,17,76,11,73,6,73,11,67,2,73,0,67,0,67,2,67,-4,67,-6,71,-2,60,-11,67,-6,64,-8,67,-13,64,-11,62,-20,64,-20,64,-22,62,-17,67,-22,64,-20,60,-29,60,-22,62,-22,60,-24,58,-24,62,-24,62,-20,60,-20,62,-20,62,-17,58,-22,53,-20,53,-24,53,-13,53,-20,49,-15,47,-17,44,-11,47,-15,47,-15,51,-11,44,-4,44,-2,44,-2,0,0,0,0,0,0,0,0,0,0]"""
1782173640078,2026-06-23T09:14:00.078,warning,breathing,lmh,lying_fast_breath,t001,"CSI_DATA,18085,1a:00:00:00:00:00,-61,11,-98,19,44,11,125906489,47,2,256,0,""[0,0,0,0,0,0,0,0,0,0,0,0,-8,-41,-6,-41,-4,-45,2,-50,6,-47,6,-54,8,-50,10,-52,13,-56,17,-56,15,-56,19,-58,23,-60,28,-65,36,-58,34,-65,34,-67,43,-58,41,-58,52,-60,56,-58,56,-56,52,-56,56,-56,58,-63,54,-58,58,-54,65,-56,60,-47,60,-56,56,-45,67,-54,65,-47,60,-43,65,-47,60,-52,56,-45,60,-54,65,-47,60,-54,67,-50,60,-52,67,-56,65,-56,71,-45,65,-47,73,-45,67,-50,71,-47,80,-45,78,-52,76,-47,91,-43,82,-39,84,-43,84,-39,87,-41,0,0,0,0,0,0,-23,-91,-19,-84,-19,-91,-17,-80,-15,-84,-8,-78,-10,-76,-6,-84,-6,-73,-8,-71,-6,-73,-2,-71,-8,-71,-2,-71,0,-73,-2,-71,-6,-73,-2,-67,6,-67,0,-65,-4,-69,4,-71,0,-60,2,-65,8,-65,8,-65,8,-67,2,-65,10,-67,0,-67,13,-63,15,-65,19,-60,15,-65,17,-60,30,-65,28,-60,30,-60,34,-56,28,-54,30,-54,32,-54,41,-52,36,-47,41,-43,32,-41,45,-39,41,-36,43,-28,41,-26,43,-19,41,-19,43,-19,43,-6,41,-8,43,-6,41,6,0,0,0,0,0,0,0,0,0,0]"""
1782173640088,2026-06-23T09:14:00.088,warning,breathing,lmh,lying_fast_breath,t001,"CSI_DATA,18086,1a:00:00:00:00:00,-61,11,-98,19,44,11,125917489,47,2,256,0,""[0,0,0,0,0,0,0,0,0,0,0,0,19,36,19,36,19,41,19,43,21,47,17,43,21,43,19,50,28,52,26,54,28,56,26,54,32,60,34,60,23,65,32,69,41,63,28,69,28,65,32,63,30,63,39,69,39,73,41,71,39,71,50,65,45,71,45,71,45,71,52,60,50,60,54,60,56,58,58,56,60,54,69,50,58,45,67,43,69,45,73,36,73,39,78,32,78,32,84,28,71,30,82,23,87,23,87,15,84,19,91,17,87,10,91,13,93,21,89,15,93,4,93,8,95,6,0,0,0,0,0,0,10,-97,4,-93,-6,-82,-8,-84,-8,-89,-6,-76,-6,-89,-6,-84,-8,-82,-10,-71,-15,-73,-15,-65,-21,-71,-21,-69,-19,-67,-23,-63,-32,-65,-26,-63,-23,-60,-34,-56,-34,-56,-34,-54,-34,-47,-32,-50,-34,-54,-36,-54,-41,-54,-45,-45,-45,-52,-50,-43,-45,-45,-50,-43,-47,-47,-47,-43,-47,-43,-47,-50,-47,-45,-54,-45,-45,-45,-45,-43,-43,-41,-47,-39,-43,-45,-47,-41,-36,-45,-43,-34,-36,-36,-41,-34,-36,-39,-36,-32,-34,-34,-30,-39,-28,-36,-32,-36,-26,-39,-23,-34,-26,-41,0,0,0,0,0,0,0,0,0,0]"""
1782173640099,2026-06-23T09:14:00.099,warning,breathing,lmh,lying_fast_breath,t001,"CSI_DATA,18087,1a:00:00:00:00:00,-59,11,-98,17,42,11,125928489,47,2,256,0,""[0,0,0,0,0,0,0,0,0,0,0,0,23,31,17,34,26,40,23,37,17,46,20,43,23,43,20,49,23,49,26,55,26,55,26,52,29,60,26,58,20,69,31,69,34,63,26,69,26,63,26,66,26,66,34,78,34,72,29,69,31,81,34,69,31,75,37,75,37,72,40,60,37,69,46,69,40,69,46,58,55,72,52,58,52,58,69,49,63,60,69,43,55,40,63,46,55,55,40,20,58,17,89,8,121,78,66,-8,87,11,110,66,-2,58,81,34,81,37,188,34,81,55,87,52,2,5,0,0,0,0,0,0,52,-174,63,-60,66,-84,66,-156,37,-63,52,-72,63,-136,20,-52,-5,-84,49,-46,14,-118,52,-60,26,-69,11,-104,0,-69,5,-63,-2,-84,-8,-63,5,-60,5,-75,-5,-63,5,-66,-2,-55,-5,-63,2,-69,-8,-63,-8,-69,-14,-66,-14,-69,-20,-63,-14,-63,-14,-63,-11,-72,-20,-66,-14,-60,-8,-66,-14,-60,-11,-66,-14,-63,-8,-63,-8,-58,-5,-60,-2,-69,-8,-66,-5,-63,-8,-58,0,-52,-8,-55,-2,-49,0,-55,0,-43,0,-46,2,-49,2,-46,8,-43,8,-40,11,-37,0,0,0,0,0,0,0,0,0,0]"""
1782173640110,2026-06-23T09:14:00.110,warning,breathing,lmh,lying_fast_breath,t001,"CSI_DATA,18088,1a:00:00:00:00:00,-61,11,-98,18,44,11,125942388,47,2,256,0,""[0,0,0,0,0,0,0,0,0,0,0,0,29,29,29,29,29,33,35,35,33,38,29,35,35,40,33,40,40,42,35,47,40,47,42,44,49,47,44,49,44,55,42,55,53,53,47,55,47,51,51,60,53,55,53,58,55,55,53,55,55,60,58,49,53,53,64,55,60,51,64,47,60,44,71,47,67,42,67,38,71,40,73,33,71,29,76,26,73,31,80,22,80,29,80,13,80,15,87,11,82,8,82,4,87,4,80,0,89,-2,89,0,87,-4,89,-6,98,-4,89,-2,98,-8,96,-17,94,-13,0,0,0,0,0,0,-11,-91,-8,-85,-20,-87,-13,-82,-15,-80,-13,-80,-20,-78,-24,-80,-22,-71,-22,-71,-29,-71,-24,-64,-38,-64,-31,-60,-29,-62,-33,-58,-38,-62,-35,-58,-31,-58,-38,-55,-44,-47,-42,-51,-38,-44,-40,-44,-42,-47,-49,-44,-47,-42,-53,-38,-49,-47,-55,-35,-49,-38,-51,-42,-51,-44,-53,-40,-47,-35,-55,-40,-49,-38,-53,-35,-51,-38,-51,-38,-51,-33,-49,-38,-49,-40,-47,-35,-44,-40,-44,-31,-40,-33,-40,-33,-35,-38,-40,-35,-38,-33,-33,-29,-29,-31,-31,-38,-29,-33,-26,-31,-20,-35,0,0,0,0,0,0,0,0,0,0]"""
1782173640120,2026-06-23T09:14:00.120,warning,breathing,lmh,lying_fast_breath,t001,"CSI_DATA,18089,1a:00:00:00:00:00,-61,11,-98,19,44,11,125950489,47,2,256,0,""[0,0,0,0,0,0,0,0,0,0,0,0,-10,41,-10,43,-13,47,-17,47,-19,45,-17,47,-19,47,-19,50,-15,52,-17,58,-19,60,-17,60,-17,67,-19,65,-28,63,-21,65,-19,73,-23,76,-17,71,-23,67,-28,73,-15,76,-17,76,-15,76,-17,84,-4,76,-10,78,-6,82,-10,78,-2,84,-4,76,0,84,6,80,6,80,13,82,19,78,15,73,28,78,30,78,36,73,30,78,43,69,41,71,50,73,47,71,45,69,50,67,52,63,56,65,63,73,60,67,67,60,63,67,65,58,73,60,73,63,73,58,0,0,0,0,0,0,56,-76,58,-71,47,-78,45,-69,43,-71,45,-65,36,-69,41,-76,36,-69,32,-71,28,-67,23,-63,17,-71,21,-69,19,-69,10,-65,10,-73,4,-69,13,-65,-2,-65,0,-69,4,-65,-4,-60,0,-65,-4,-65,-6,-71,-8,-60,-19,-67,-13,-65,-19,-60,-13,-58,-19,-65,-17,-65,-19,-63,-21,-60,-21,-69,-21,-65,-21,-63,-19,-63,-17,-63,-19,-56,-21,-56,-23,-60,-19,-58,-17,-60,-19,-52,-17,-54,-17,-54,-13,-54,-17,-45,-10,-50,-13,-43,-15,-47,-10,-43,-10,-41,-6,-39,-8,-39,0,0,0,0,0,0,0,0,0,0]"""
1782173640130,2026-06-23T09:14:00.130,warning,breathing,lmh,lying_fast_breath,t001,"CSI_DATA,18090,1a:00:00:00:00:00,-61,11,-98,18,44,11,125961489,47,2,256,0,""[0,0,0,0,0,0,0,0,0,0,0,0,42,4,40,4,40,6,49,13,49,13,49,15,51,17,51,17,60,24,55,24,55,26,53,29,60,31,58,31,55,42,60,38,64,38,62,47,60,42,53,47,47,58,64,44,53,53,58,53,60,60,58,47,55,58,60,60,55,55,58,53,58,51,62,60,60,55,55,53,60,53,64,53,51,47,67,44,62,47,67,47,64,51,69,40,64,49,76,51,64,47,67,44,71,51,73,47,69,49,73,55,76,53,76,55,76,62,69,55,78,60,73,53,73,58,0,0,0,0,0,0,69,-67,71,-62,62,-69,62,-53,60,-58,58,-55,58,-62,60,-58,55,-47,58,-47,49,-49,51,-44,51,-49,53,-47,51,-47,42,-47,49,-49,47,-47,51,-40,44,-49,42,-51,49,-44,44,-44,44,-47,49,-40,47,-49,47,-42,44,-49,53,-44,44,-49,49,-38,51,-47,51,-42,49,-44,47,-40,58,-42,53,-40,55,-40,58,-33,58,-26,49,-26,58,-26,55,-26,58,-26,60,-24,53,-17,51,-13,55,-17,49,-8,47,-11,49,-2,42,-4,47,0,47,-2,47,6,42,2,38,11,0,0,0,0,0,0,0,0,0,0]"""
1782173640143,2026-06-23T09:14:00.143,warning,breathing,lmh,lying_fast_breath,t001,"CSI_DATA,18091,1a:00:00:00:00:00,-61,11,-98,19,44,11,125980632,47,2,256,0,""[0,0,0,0,0,0,0,0,0,0,0,0,-41,2,-43,-4,-43,-6,-50,-15,-45,-10,-47,-15,-45,-15,-50,-15,-58,-19,-52,-26,-58,-26,-58,-26,-63,-26,-60,-32,-58,-39,-54,-34,-67,-36,-60,-43,-58,-45,-58,-43,-52,-47,-60,-47,-56,-47,-60,-52,-63,-58,-60,-47,-56,-58,-60,-58,-54,-56,-63,-54,-52,-54,-63,-60,-60,-56,-56,-56,-65,-54,-60,-52,-56,-52,-63,-45,-63,-54,-67,-47,-65,-54,-67,-43,-67,-50,-71,-50,-67,-50,-65,-50,-65,-50,-65,-47,-67,-52,-67,-65,-73,-54,-71,-50,-73,-65,-67,-58,-78,-63,-69,-60,-69,-60,0,0,0,0,0,0,-76,65,-67,60,-67,63,-65,50,-58,52,-69,50,-63,50,-65,54,-54,50,-63,50,-56,43,-52,43,-56,45,-58,41,-54,43,-50,43,-56,47,-56,43,-54,41,-47,43,-45,45,-50,39,-50,43,-47,39,-54,41,-50,39,-50,39,-43,50,-54,45,-50,43,-50,36,-56,39,-56,36,-54,41,-52,32,-63,36,-60,34,-60,30,-56,34,-56,26,-52,21,-60,23,-63,19,-56,19,-58,15,-52,19,-54,6,-56,8,-54,2,-50,0,-47,-2,-50,0,-43,-4,-43,-2,-45,-10,-39,-10,-34,-17,0,0,0,0,0,0,0,0,0,0]"""
1782173640153,2026-06-23T09:14:00.153,warning,breathing,lmh,lying_fast_breath,t001,"CSI_DATA,18092,1a:00:00:00:00:00,-61,11,-98,19,44,11,125983489,47,2,256,0,""[0,0,0,0,0,0,0,0,0,0,0,0,8,43,6,41,6,50,4,47,2,50,-2,50,2,47,0,58,-2,63,0,60,0,63,0,63,0,63,-4,69,-10,69,-10,71,-6,73,-13,76,-4,71,-15,73,-19,76,-10,78,-10,78,-6,80,-15,84,-10,76,-17,73,-10,82,-19,82,-10,80,-13,78,-10,84,-4,82,-6,80,-4,82,0,80,2,78,0,78,4,82,6,87,4,78,8,80,4,82,15,84,8,78,19,84,10,87,17,84,17,82,19,95,19,84,21,84,10,91,13,91,23,97,21,87,21,95,0,0,0,0,0,0,89,-10,91,-15,87,-17,82,-13,82,-13,76,-10,82,-13,80,-13,80,-10,71,-10,69,-15,65,-13,73,-17,73,-19,67,-13,65,-21,69,-26,67,-19,60,-17,65,-23,58,-30,65,-21,54,-23,58,-21,60,-23,63,-28,58,-21,58,-30,63,-28,56,-32,60,-23,60,-23,65,-26,60,-28,60,-23,63,-23,60,-26,60,-21,65,-23,60,-15,58,-17,60,-13,63,-15,65,-13,56,-13,56,-6,54,-2,60,-10,50,-4,50,-2,52,0,45,0,47,4,43,10,41,6,41,8,34,15,0,0,0,0,0,0,0,0,0,0]"""
1782173640164,2026-06-23T09:14:00.164,warning,breathing,lmh,lying_fast_breath,t001,"CSI_DATA,18093,1a:00:00:00:00:00,-61,11,-98,18,44,11,125996103,47,2,256,0,""[0,0,0,0,0,0,0,0,0,0,0,0,-15,-40,-11,-38,-13,-44,-11,-49,-11,-49,-11,-47,-6,-49,-8,-53,-13,-55,-13,-58,-13,-62,-15,-62,-17,-62,-20,-64,-11,-67,-13,-67,-17,-69,-11,-76,-15,-67,-17,-73,-20,-76,-13,-78,-20,-78,-17,-78,-17,-78,-24,-69,-20,-76,-20,-73,-17,-80,-29,-73,-29,-71,-26,-78,-33,-76,-31,-69,-44,-76,-47,-67,-44,-64,-49,-64,-47,-62,-58,-60,-51,-60,-58,-55,-53,-62,-67,-60,-60,-51,-60,-51,-67,-53,-64,-44,-67,-55,-73,-55,-69,-47,-73,-47,-76,-53,-78,-53,-85,-51,-87,-49,-78,-47,0,0,0,0,0,0,-49,80,-44,80,-31,85,-38,78,-29,73,-33,71,-31,76,-31,73,-33,73,-26,69,-20,67,-22,62,-20,73,-13,71,-20,69,-8,64,-8,71,-8,69,-8,67,-4,67,8,67,-8,67,4,62,2,67,-2,67,2,67,6,64,11,64,6,69,15,60,11,62,11,64,8,64,13,64,11,62,6,67,11,67,11,64,11,67,4,62,11,58,8,62,4,62,4,62,4,55,11,55,2,53,4,58,2,51,0,51,0,44,2,47,-2,44,-8,47,-2,38,-4,40,-13,40,0,0,0,0,0,0,0,0,0,0]"""
1782173640173,2026-06-23T09:14:00.173,warning,breathing,lmh,lying_fast_breath,t001,"CSI_DATA,18094,1a:00:00:00:00:00,-61,11,-98,14,45,11,126005489,47,2,256,0,""[0,0,0,0,0,0,0,0,0,0,0,0,24,31,22,35,24,40,20,42,22,44,15,44,20,49,17,51,20,58,17,55,15,62,15,60,17,67,11,67,6,67,4,73,11,73,0,78,0,69,4,69,-2,73,-2,80,-6,80,-6,78,-8,85,-4,80,-13,82,-11,80,-15,80,-11,80,-13,78,-11,78,-8,80,-8,76,-8,82,-11,85,-8,73,-8,78,-8,80,-2,82,-6,78,-4,85,-8,82,-4,87,-8,80,-2,82,-6,87,-2,82,-6,82,-4,94,-8,87,-11,91,-17,94,-22,91,-17,94,-13,91,-11,91,0,0,0,0,0,0,87,26,89,29,82,20,82,31,82,26,71,33,73,29,76,29,71,29,64,33,67,26,64,26,69,29,67,24,64,31,64,26,67,24,62,24,60,26,60,24,62,22,62,31,53,20,58,22,58,24,60,24,60,29,60,17,58,26,60,24,55,31,60,31,55,33,53,31,53,33,51,38,55,35,49,35,51,40,44,44,44,42,40,44,40,47,38,44,33,44,35,49,26,49,29,44,20,47,22,44,15,47,17,40,11,40,8,47,6,38,0,38,-2,40,0,0,0,0,0,0,0,0,0,0]"""
1782173640183,2026-06-23T09:14:00.183,warning,breathing,lmh,lying_fast_breath,t001,"CSI_DATA,18095,1a:00:00:00:00:00,-61,11,-98,15,45,11,126016489,47,2,256,0,""[0,0,0,0,0,0,0,0,0,0,0,0,32,28,30,30,28,36,28,39,26,41,23,47,23,43,21,52,23,58,19,58,19,58,19,60,21,65,17,65,6,63,10,73,13,73,2,78,0,69,0,69,-10,71,-4,80,-8,80,-8,78,-13,80,-6,80,-15,80,-17,82,-19,80,-15,78,-19,76,-19,78,-19,78,-21,76,-19,80,-21,82,-19,71,-15,78,-19,78,-15,82,-17,78,-15,82,-21,80,-15,84,-26,78,-17,80,-26,82,-21,82,-26,80,-30,87,-21,82,-28,87,-41,89,-41,82,-36,87,-32,84,-39,84,0,0,0,0,0,0,73,50,76,56,73,45,67,54,67,52,58,52,60,54,63,54,56,50,50,54,50,50,47,50,54,54,47,52,47,54,50,47,50,47,50,45,43,47,45,52,47,45,43,52,39,43,41,47,36,50,36,52,39,54,45,45,36,52,43,54,36,54,34,58,32,58,34,54,32,54,23,60,23,58,19,58,21,63,15,63,13,60,13,63,8,63,8,60,0,56,4,58,-4,54,-4,54,-13,50,-10,47,-15,45,-15,43,-15,39,-21,41,-23,34,-23,34,-26,28,0,0,0,0,0,0,0,0,0,0]"""
1782173640193,2026-06-23T09:14:00.193,warning,breathing,lmh,lying_fast_breath,t001,"CSI_DATA,18096,1a:00:00:00:00:00,-61,11,-98,15,45,11,126027489,47,2,256,0,""[0,0,0,0,0,0,0,0,0,0,0,0,-17,36,-21,39,-21,36,-28,39,-30,39,-32,39,-32,39,-36,39,-36,47,-39,43,-41,45,-41,47,-45,52,-47,50,-54,45,-54,47,-52,56,-60,47,-54,41,-56,47,-63,45,-67,45,-63,47,-60,47,-69,43,-60,50,-69,45,-69,47,-65,43,-63,47,-60,43,-69,47,-65,47,-58,47,-63,54,-63,54,-56,50,-56,56,-58,58,-56,63,-56,58,-56,63,-60,63,-54,65,-54,56,-50,65,-56,65,-47,65,-56,67,-56,69,-56,67,-58,73,-65,71,-63,67,-60,76,-58,69,-58,69,0,0,0,0,0,0,67,65,65,63,65,54,58,63,60,63,54,60,54,56,56,60,52,56,50,56,50,50,47,52,56,50,50,47,50,50,52,43,54,45,52,43,47,43,50,43,58,39,52,45,47,34,45,36,47,41,52,41,52,39,52,32,50,39,58,32,54,41,56,43,47,43,52,39,47,41,45,47,45,43,45,41,45,45,43,47,39,45,41,50,36,50,39,47,32,50,34,47,26,45,26,45,19,45,21,47,17,45,19,43,13,43,6,43,8,41,13,39,0,43,0,0,0,0,0,0,0,0,0,0]"""
1782173640204,2026-06-23T09:14:00.204,warning,breathing,lmh,lying_fast_breath,t001,"CSI_DATA,18097,1a:00:00:00:00:00,-61,11,-98,14,45,11,126038488,47,2,256,0,""[0,0,0,0,0,0,0,0,0,0,0,0,-42,0,-44,0,-42,-4,-49,-6,-47,-6,-49,-6,-53,-6,-51,-8,-62,-6,-58,-11,-62,-8,-62,-6,-67,-6,-69,-6,-69,-15,-69,-11,-73,-6,-78,-11,-69,-13,-73,-20,-76,-17,-78,-13,-76,-11,-78,-8,-82,-11,-78,-2,-80,-6,-82,-6,-78,-6,-78,0,-76,0,-85,2,-78,2,-73,2,-80,8,-82,15,-76,15,-78,24,-78,20,-78,29,-76,24,-73,38,-76,31,-73,38,-78,35,-73,38,-80,42,-69,44,-71,42,-71,47,-73,51,-71,58,-80,51,-76,51,-73,62,-71,58,-69,55,0,0,0,0,0,0,53,73,55,73,58,58,58,62,55,58,55,62,53,53,58,62,53,53,55,53,55,44,51,44,60,42,55,42,60,40,55,33,60,33,60,31,55,38,58,29,62,22,62,31,55,22,58,26,60,29,60,24,62,17,62,13,62,15,64,8,62,15,64,15,62,15,64,11,58,13,67,17,62,17,60,15,62,17,62,17,60,15,62,15,60,20,55,15,53,20,55,13,55,17,53,20,47,17,42,20,42,17,42,15,35,20,38,22,35,22,35,20,33,26,0,0,0,0,0,0,0,0,0,0]"""
1782173640214,2026-06-23T09:14:00.214,warning,breathing,lmh,lying_fast_breath,t001,"CSI_DATA,18098,1a:00:00:00:00:00,-61,11,-98,19,44,11,126049488,47,2,256,0,""[0,0,0,0,0,0,0,0,0,0,0,0,-39,2,-43,-2,-47,-2,-47,-6,-47,-8,-50,-6,-52,-4,-50,-10,-58,-6,-58,-10,-58,-13,-63,-10,-63,-15,-67,-15,-67,-23,-65,-15,-76,-10,-76,-21,-73,-17,-69,-23,-69,-21,-80,-19,-76,-19,-76,-19,-82,-21,-78,-10,-73,-21,-80,-17,-76,-19,-78,-17,-78,-15,-84,-13,-80,-10,-76,-6,-82,-6,-78,2,-76,-2,-80,8,-78,2,-82,10,-82,6,-78,19,-82,15,-84,19,-82,17,-76,23,-82,21,-80,26,-82,28,-91,26,-84,23,-84,30,-93,23,-87,26,-93,30,-93,34,-82,32,0,0,0,0,0,0,23,87,28,78,34,84,32,78,32,71,23,73,30,71,28,80,21,69,28,76,32,67,30,63,34,65,34,60,28,67,36,58,36,60,34,56,32,58,43,50,47,50,39,52,41,50,39,50,41,50,43,50,43,43,47,43,45,47,47,43,43,47,47,52,43,50,45,45,43,45,47,52,43,50,39,47,45,50,41,47,41,45,36,50,39,52,34,45,34,50,36,47,26,47,28,47,26,45,21,36,23,43,17,41,19,43,15,47,13,45,8,39,8,41,0,0,0,0,0,0,0,0,0,0]"""
1782173640225,2026-06-23T09:14:00.225,warning,breathing,lmh,lying_fast_breath,t001,"CSI_DATA,18099,1a:00:00:00:00:00,-61,11,-98,16,45,11,126060488,47,2,256,0,""[0,0,0,0,0,0,0,0,0,0,0,0,-23,-33,-21,-38,-21,-38,-23,-48,-21,-44,-23,-46,-23,-46,-19,-46,-29,-54,-23,-52,-31,-52,-33,-52,-35,-59,-33,-57,-27,-63,-35,-59,-44,-61,-35,-67,-38,-63,-33,-63,-31,-67,-38,-67,-42,-63,-48,-63,-50,-67,-52,-57,-50,-59,-54,-63,-50,-59,-57,-57,-52,-50,-61,-54,-59,-52,-59,-50,-69,-46,-71,-38,-65,-31,-71,-29,-73,-31,-76,-21,-78,-29,-80,-12,-80,-14,-82,-10,-82,-12,-78,-6,-86,-6,-82,-2,-84,-2,-90,2,-84,6,-88,14,-95,6,-84,8,-88,14,-92,21,-90,21,0,0,0,0,0,0,16,90,21,86,29,82,25,82,29,78,27,71,31,69,33,78,29,65,31,65,35,59,31,59,42,61,40,57,42,50,48,46,50,50,46,46,44,50,50,38,59,33,52,40,50,35,50,38,52,38,54,35,52,27,61,21,61,31,59,16,59,23,65,23,57,21,61,19,61,14,67,23,59,19,59,21,65,21,59,19,54,12,61,14,59,19,57,16,57,19,54,10,50,12,50,14,50,14,46,14,46,16,42,14,42,14,42,19,35,19,35,14,33,21,0,0,0,0,0,0,0,0,0,0]"""
1782173640236,2026-06-23T09:14:00.236,warning,breathing,lmh,lying_fast_breath,t001,"CSI_DATA,18100,1a:00:00:00:00:00,-61,11,-98,19,44,11,126071488,47,2,256,0,""[0,0,0,0,0,0,0,0,0,0,0,0,-26,-32,-28,-32,-26,-34,-26,-45,-23,-41,-26,-43,-30,-41,-28,-41,-36,-52,-30,-47,-32,-54,-32,-52,-36,-52,-39,-56,-34,-60,-36,-60,-47,-58,-36,-63,-39,-63,-41,-56,-36,-58,-50,-65,-41,-63,-50,-63,-50,-67,-50,-56,-50,-65,-54,-63,-50,-60,-60,-54,-54,-50,-63,-58,-60,-50,-63,-45,-67,-47,-71,-39,-65,-32,-71,-34,-73,-39,-76,-34,-76,-28,-76,-19,-73,-21,-84,-19,-84,-21,-78,-15,-80,-15,-82,-6,-82,-13,-93,-8,-93,-8,-87,-4,-93,-8,-91,-10,-95,2,-89,6,-93,0,0,0,0,0,0,0,-2,91,0,91,13,89,6,84,13,84,10,80,13,82,10,84,13,71,15,76,17,76,19,67,26,71,21,65,23,67,26,63,30,67,30,65,28,63,34,56,41,52,34,54,36,50,34,52,36,54,39,52,39,50,43,45,43,52,52,43,43,45,45,47,43,47,47,41,52,39,47,50,50,43,47,45,47,45,43,43,45,41,43,43,43,50,43,41,41,47,43,39,36,41,39,43,30,39,32,36,32,39,28,32,28,34,23,36,21,36,21,36,15,34,0,0,0,0,0,0,0,0,0,0]"""
1782173640248,2026-06-23T09:14:00.248,warning,breathing,lmh,lying_fast_breath,t001,"CSI_DATA,18101,1a:00:00:00:00:00,-61,11,-98,17,45,11,126082488,47,2,256,0,""[0,0,0,0,0,0,0,0,0,0,0,0,-34,18,-36,14,-43,16,-45,14,-49,12,-47,10,-49,12,-51,6,-57,8,-59,6,-61,2,-61,6,-67,2,-69,0,-67,-8,-67,-8,-69,-4,-75,-16,-71,-14,-71,-20,-75,-22,-73,-18,-73,-20,-75,-22,-80,-28,-73,-18,-69,-26,-71,-28,-75,-32,-78,-26,-71,-24,-78,-30,-75,-26,-71,-28,-75,-26,-78,-20,-69,-22,-73,-24,-75,-28,-80,-22,-78,-24,-78,-16,-75,-24,-82,-24,-75,-20,-80,-20,-80,-26,-78,-20,-82,-26,-86,-32,-82,-30,-82,-28,-84,-32,-80,-39,-86,-36,-84,-34,-84,-36,0,0,0,0,0,0,-51,75,-51,78,-45,75,-45,69,-49,69,-47,61,-45,67,-49,67,-49,61,-45,53,-39,55,-39,53,-41,57,-45,59,-43,51,-32,53,-43,59,-41,53,-45,49,-39,51,-34,53,-45,51,-36,49,-41,47,-43,49,-41,49,-36,49,-41,51,-47,51,-34,49,-41,45,-45,45,-49,43,-47,49,-47,43,-55,43,-53,43,-55,39,-55,39,-49,30,-47,30,-53,26,-59,22,-55,20,-55,20,-51,18,-49,12,-57,12,-47,6,-45,8,-45,6,-43,0,-45,0,-45,-4,-45,-8,-39,-10,-32,-14,0,0,0,0,0,0,0,0,0,0]"""
1782173640259,2026-06-23T09:14:00.259,warning,breathing,lmh,lying_fast_breath,t001,"CSI_DATA,18102,1a:00:00:00:00:00,-61,11,-98,19,44,11,126093488,47,2,256,0,""[0,0,0,0,0,0,0,0,0,0,0,0,-32,-21,-32,-23,-34,-30,-39,-32,-36,-32,-32,-32,-36,-34,-34,-34,-45,-43,-36,-47,-43,-43,-41,-43,-45,-50,-47,-52,-41,-58,-43,-54,-52,-50,-43,-58,-43,-58,-43,-56,-36,-56,-50,-65,-41,-63,-47,-63,-45,-73,-50,-56,-43,-65,-47,-67,-47,-65,-52,-58,-45,-60,-56,-65,-56,-58,-52,-60,-56,-60,-58,-58,-54,-54,-63,-50,-60,-58,-67,-50,-65,-52,-67,-43,-65,-41,-73,-50,-65,-43,-69,-43,-71,-45,-69,-36,-73,-41,-80,-47,-80,-47,-80,-36,-84,-45,-82,-50,-87,-43,-84,-47,-87,-45,0,0,0,0,0,0,-54,78,-47,82,-41,73,-43,71,-45,69,-36,69,-41,71,-43,71,-39,69,-39,58,-30,67,-30,60,-26,71,-30,67,-30,60,-23,60,-23,67,-21,63,-28,63,-17,67,-15,65,-17,67,-15,60,-15,60,-19,60,-19,65,-17,63,-8,60,-17,67,-8,63,-10,60,-15,63,-15,67,-8,69,-10,60,-17,67,-21,67,-17,60,-19,65,-19,58,-17,58,-21,60,-26,63,-21,56,-28,52,-19,54,-21,47,-23,52,-26,39,-23,41,-28,39,-23,36,-28,39,-30,34,-30,28,-30,28,-32,26,0,0,0,0,0,0,0,0,0,0]"""
1782173640271,2026-06-23T09:14:00.271,warning,breathing,lmh,lying_fast_breath,t001,"CSI_DATA,18103,1a:00:00:00:00:00,-61,11,-98,14,45,11,126104488,47,2,256,0,""[0,0,0,0,0,0,0,0,0,0,0,0,-33,-24,-31,-24,-35,-31,-35,-35,-35,-35,-35,-35,-33,-38,-31,-40,-38,-44,-38,-47,-35,-51,-35,-51,-38,-55,-40,-55,-33,-62,-33,-62,-38,-62,-35,-67,-35,-64,-31,-69,-29,-73,-33,-71,-29,-69,-35,-71,-31,-78,-33,-69,-29,-71,-29,-78,-31,-71,-38,-73,-29,-64,-33,-80,-33,-73,-31,-69,-40,-73,-38,-69,-35,-67,-42,-69,-38,-71,-49,-67,-42,-71,-49,-64,-47,-67,-55,-69,-47,-62,-51,-62,-47,-67,-51,-64,-53,-67,-55,-73,-55,-71,-51,-71,-49,-76,-47,-76,-58,-76,-55,-73,-58,-76,0,0,0,0,0,0,-80,47,-78,47,-73,49,-69,44,-69,42,-67,38,-67,42,-73,44,-67,42,-62,31,-55,33,-58,35,-60,40,-58,38,-60,33,-51,35,-55,44,-55,40,-55,35,-49,35,-49,44,-51,35,-49,40,-51,40,-53,35,-53,40,-49,33,-49,44,-55,40,-49,42,-49,35,-51,40,-53,40,-51,42,-47,33,-60,35,-58,38,-51,33,-60,33,-55,26,-49,24,-55,22,-58,22,-55,22,-58,17,-51,17,-51,13,-55,13,-49,6,-44,6,-47,2,-44,6,-47,2,-47,-2,-44,-2,-40,-6,-38,-11,0,0,0,0,0,0,0,0,0,0]"""
1782173640281,2026-06-23T09:14:00.281,warning,breathing,lmh,lying_fast_breath,t001,"CSI_DATA,18104,1a:00:00:00:00:00,-61,11,-98,18,44,11,126115488,47,2,256,0,""[0,0,0,0,0,0,0,0,0,0,0,0,15,-40,15,-38,17,-42,20,-42,20,-44,24,-42,24,-42,29,-42,31,-51,29,-53,31,-53,31,-51,31,-60,31,-58,38,-55,38,-55,33,-64,42,-64,33,-62,42,-62,44,-67,40,-67,40,-67,38,-73,42,-76,33,-69,33,-69,38,-73,33,-71,24,-73,31,-67,31,-78,24,-73,22,-73,17,-80,13,-76,13,-76,6,-78,11,-78,0,-78,2,-82,-4,-80,0,-80,-11,-89,-2,-82,-6,-80,-6,-85,-13,-78,-17,-80,-13,-94,-22,-91,-24,-85,-15,-91,-15,-89,-26,-91,-24,-94,-31,-85,0,0,0,0,0,0,-91,17,-87,26,-82,31,-85,24,-76,26,-73,22,-73,29,-78,29,-69,29,-69,26,-62,29,-60,26,-62,33,-60,38,-58,35,-49,40,-55,47,-51,42,-53,33,-51,42,-47,44,-47,42,-42,40,-47,44,-47,47,-42,47,-42,49,-38,51,-40,53,-33,55,-35,47,-42,53,-42,51,-38,55,-38,51,-44,53,-40,55,-38,49,-40,51,-40,47,-35,47,-38,47,-40,44,-38,51,-40,42,-35,44,-35,35,-38,42,-38,31,-35,33,-35,33,-35,29,-38,29,-33,24,-35,26,-33,26,-38,17,0,0,0,0,0,0,0,0,0,0]"""
1782173640292,2026-06-23T09:14:00.292,warning,breathing,lmh,lying_fast_breath,t001,"CSI_DATA,18105,1a:00:00:00:00:00,-61,11,-98,19,44,11,126126778,47,2,256,0,""[0,0,0,0,0,0,0,0,0,0,0,0,0,41,-2,41,-2,45,-4,47,-6,45,-4,47,-6,52,-8,52,-8,58,-8,58,-8,58,-10,60,-15,67,-13,65,-17,65,-15,69,-13,71,-17,71,-17,69,-19,78,-19,80,-21,71,-15,76,-13,78,-19,82,-8,73,-17,71,-15,76,-15,82,-8,80,-10,76,-8,84,-2,82,-2,80,0,82,6,80,4,71,10,78,8,80,17,80,17,80,23,76,17,80,26,87,21,82,28,78,28,80,34,76,32,82,34,87,36,82,36,84,32,84,34,87,47,91,43,89,41,89,0,0,0,0,0,0,84,-32,84,-36,78,-43,76,-36,76,-39,71,-30,73,-41,73,-41,65,-41,69,-39,58,-41,63,-36,60,-45,60,-41,56,-39,52,-43,52,-52,52,-47,50,-41,43,-41,41,-50,47,-47,41,-45,45,-52,41,-50,39,-50,39,-50,39,-54,39,-56,32,-56,36,-52,39,-54,39,-56,36,-54,34,-47,43,-54,36,-56,41,-52,39,-56,39,-47,36,-47,41,-47,39,-50,41,-50,39,-41,41,-45,41,-41,39,-47,39,-30,39,-32,41,-32,34,-30,41,-28,36,-23,39,-26,36,-23,34,-15,0,0,0,0,0,0,0,0,0,0]"""
1782173640304,2026-06-23T09:14:00.304,warning,breathing,lmh,lying_fast_breath,t001,"CSI_DATA,18106,1a:00:00:00:00:00,-61,11,-98,18,44,11,126137488,47,2,256,0,""[0,0,0,0,0,0,0,0,0,0,0,0,11,-40,13,-38,20,-40,20,-42,24,-42,26,-42,24,-44,26,-47,31,-51,33,-49,35,-53,35,-49,33,-55,38,-55,40,-53,47,-53,42,-58,49,-51,44,-49,47,-55,51,-53,53,-55,53,-55,53,-55,55,-58,51,-60,58,-55,55,-60,55,-53,51,-60,53,-55,51,-58,51,-58,51,-53,47,-64,49,-64,44,-60,42,-62,44,-67,40,-73,42,-69,38,-73,42,-71,35,-80,35,-67,31,-71,40,-78,31,-78,40,-73,42,-87,31,-78,38,-82,42,-80,47,-80,38,-91,35,-85,40,-85,0,0,0,0,0,0,-80,-44,-80,-47,-73,-38,-73,-40,-73,-42,-64,-40,-69,-38,-67,-38,-69,-38,-62,-38,-62,-35,-58,-31,-67,-31,-67,-31,-58,-31,-60,-24,-64,-26,-67,-24,-58,-26,-62,-24,-60,-13,-62,-29,-55,-13,-58,-20,-58,-24,-60,-22,-62,-20,-62,-13,-60,-22,-64,-15,-62,-20,-67,-20,-62,-24,-64,-17,-60,-22,-60,-29,-60,-26,-58,-20,-60,-26,-55,-29,-53,-29,-55,-31,-51,-31,-49,-29,-51,-35,-49,-29,-44,-33,-42,-33,-35,-31,-38,-31,-33,-38,-35,-31,-31,-38,-24,-40,-26,-33,-22,-31,-15,-38,0,0,0,0,0,0,0,0,0,0]"""
1782173640314,2026-06-23T09:14:00.314,warning,breathing,lmh,lying_fast_breath,t001,"CSI_DATA,18107,1a:00:00:00:00:00,-61,11,-98,14,45,11,126148488,47,2,256,0,""[0,0,0,0,0,0,0,0,0,0,0,0,42,0,38,2,47,6,47,6,49,8,44,8,51,6,51,11,62,11,60,13,62,13,62,11,67,11,69,11,62,17,71,15,71,8,78,15,64,15,71,11,73,11,78,15,80,13,73,13,80,11,76,2,78,11,82,6,82,6,76,0,78,0,76,-2,80,-4,76,-6,80,-11,80,-15,78,-15,76,-22,78,-20,78,-31,73,-26,76,-38,73,-31,78,-42,64,-33,71,-42,76,-38,64,-47,71,-47,76,-51,69,-53,71,-58,76,-53,78,-53,71,-60,69,-60,67,-62,0,0,0,0,0,0,-55,-69,-60,-69,-58,-55,-58,-58,-64,-58,-53,-55,-55,-51,-58,-53,-60,-49,-53,-44,-58,-42,-53,-40,-64,-38,-62,-38,-60,-35,-60,-29,-62,-29,-60,-29,-53,-29,-62,-24,-64,-15,-64,-24,-51,-15,-58,-15,-58,-17,-62,-13,-64,-11,-64,-8,-64,-15,-67,-2,-64,-6,-62,-8,-67,-8,-62,-6,-67,-4,-60,-11,-64,-6,-64,-8,-64,-6,-67,-8,-60,-8,-62,-8,-62,-13,-55,-8,-55,-13,-60,-8,-51,-11,-51,-8,-47,-11,-49,-11,-44,-13,-44,-11,-40,-13,-42,-13,-35,-17,-35,-15,-33,-20,0,0,0,0,0,0,0,0,0,0]"""
1782173640325,2026-06-23T09:14:00.325,warning,breathing,lmh,lying_fast_breath,t001,"CSI_DATA,18108,1a:00:00:00:00:00,-61,11,-98,18,44,11,126159488,47,2,256,0,""[0,0,0,0,0,0,0,0,0,0,0,0,40,0,38,2,44,2,47,2,44,4,49,4,51,2,51,8,58,8,60,13,58,11,60,6,67,8,67,8,67,20,67,13,71,8,73,15,67,15,78,20,80,17,76,17,76,15,78,13,82,17,76,6,76,13,80,11,78,15,78,6,73,8,80,6,78,6,78,2,80,0,80,-4,73,-4,82,-13,78,-6,76,-17,78,-13,78,-24,78,-20,85,-24,76,-20,78,-29,78,-29,80,-31,80,-31,82,-35,85,-33,80,-38,89,-35,85,-33,87,-42,85,-40,85,-42,0,0,0,0,0,0,-40,-85,-33,-80,-35,-71,-35,-76,-42,-73,-38,-71,-40,-67,-40,-71,-38,-69,-38,-62,-38,-62,-35,-60,-42,-58,-38,-58,-40,-53,-42,-47,-51,-51,-49,-47,-42,-51,-42,-44,-53,-42,-44,-44,-44,-38,-47,-42,-42,-40,-47,-44,-49,-38,-53,-35,-49,-42,-53,-33,-49,-38,-55,-40,-49,-42,-55,-33,-53,-35,-49,-44,-49,-40,-44,-38,-51,-42,-49,-40,-47,-35,-47,-35,-47,-40,-42,-40,-38,-42,-47,-38,-38,-38,-38,-38,-33,-38,-29,-35,-26,-42,-29,-35,-24,-35,-17,-40,-20,-38,-17,-35,-17,-38,0,0,0,0,0,0,0,0,0,0]"""
1782173640336,2026-06-23T09:14:00.336,warning,breathing,lmh,lying_fast_breath,t001,"CSI_DATA,18109,1a:00:00:00:00:00,-61,11,-98,19,44,11,126170488,47,2,256,0,""[0,0,0,0,0,0,0,0,0,0,0,0,39,-13,41,-6,41,-4,52,-4,47,-2,50,-6,54,-2,54,0,58,0,56,0,63,0,60,0,63,-2,67,2,67,8,69,2,76,2,73,13,71,13,69,13,67,19,80,10,78,10,82,8,82,10,78,2,76,10,84,10,73,13,80,6,76,6,84,8,78,4,78,6,82,-2,80,0,71,-4,80,-10,80,-4,76,-13,84,-10,78,-19,82,-15,84,-21,82,-15,78,-15,80,-21,84,-26,82,-21,87,-21,87,-21,82,-30,95,-21,87,-19,89,-28,95,-26,89,-28,0,0,0,0,0,0,-17,-89,-15,-80,-23,-89,-19,-80,-21,-78,-21,-80,-17,-78,-21,-84,-19,-71,-15,-71,-17,-65,-17,-69,-21,-71,-23,-63,-26,-67,-26,-58,-28,-63,-32,-63,-19,-65,-26,-56,-39,-60,-28,-60,-28,-54,-26,-56,-23,-58,-26,-56,-30,-56,-36,-52,-32,-60,-36,-52,-30,-54,-34,-60,-28,-52,-32,-56,-30,-54,-32,-65,-26,-58,-23,-56,-26,-60,-23,-56,-23,-52,-28,-56,-17,-65,-19,-54,-17,-56,-19,-52,-15,-56,-13,-52,-6,-52,-6,-47,-2,-47,-6,-45,-2,-43,4,-47,-2,-43,4,-39,13,-41,0,0,0,0,0,0,0,0,0,0]"""
1782173640346,2026-06-23T09:14:00.346,warning,breathing,lmh,lying_fast_breath,t001,"CSI_DATA,18110,1a:00:00:00:00:00,-61,11,-98,18,44,11,126181488,47,2,256,0,""[0,0,0,0,0,0,0,0,0,0,0,0,17,40,13,42,13,42,8,47,13,47,4,47,13,47,11,55,13,58,17,55,8,58,13,55,20,62,20,67,11,69,15,69,24,67,20,71,17,71,13,71,15,76,22,71,24,76,29,73,24,80,33,69,26,73,31,76,29,73,38,69,35,64,44,71,42,69,42,64,51,62,58,58,53,53,58,53,55,58,64,53,62,51,69,42,64,49,73,42,64,38,69,33,73,35,76,29,73,35,82,38,80,31,82,31,85,33,91,29,87,29,89,22,87,15,0,0,0,0,0,0,24,-85,24,-89,13,-82,11,-82,15,-82,11,-76,6,-76,11,-85,0,-69,4,-69,-4,-69,-2,-67,-4,-71,-2,-67,-2,-67,-11,-64,-15,-67,-17,-62,-13,-64,-17,-62,-24,-58,-20,-64,-24,-55,-26,-58,-24,-62,-26,-55,-31,-58,-38,-51,-31,-58,-38,-51,-35,-51,-35,-53,-31,-60,-38,-49,-38,-49,-35,-55,-38,-55,-38,-51,-38,-58,-38,-49,-35,-47,-35,-51,-35,-53,-33,-51,-31,-51,-33,-47,-24,-44,-31,-42,-26,-42,-24,-40,-24,-44,-20,-42,-22,-42,-15,-42,-13,-42,-13,-33,-13,-35,0,0,0,0,0,0,0,0,0,0]"""
1782173640356,2026-06-23T09:14:00.356,warning,breathing,lmh,lying_fast_breath,t001,"CSI_DATA,18111,1a:00:00:00:00:00,-61,11,-98,15,45,11,126192487,47,2,256,0,""[0,0,0,0,0,0,0,0,0,0,0,0,28,-28,34,-21,39,-23,43,-23,45,-21,47,-17,45,-19,50,-13,54,-21,58,-15,63,-15,60,-17,67,-19,69,-15,71,-4,69,-6,71,-13,76,-6,73,-4,71,2,73,6,82,0,78,4,78,4,87,10,76,0,76,8,78,8,80,13,80,4,76,8,82,13,80,8,78,10,82,4,82,4,76,4,78,0,80,8,82,0,82,6,80,-6,80,4,87,2,80,2,80,0,84,4,80,2,87,6,91,6,91,4,89,2,91,10,87,13,97,6,97,13,93,13,0,0,0,0,0,0,26,-91,26,-87,19,-87,21,-80,21,-78,26,-73,21,-76,28,-82,26,-69,26,-69,21,-65,23,-63,19,-69,28,-67,23,-63,17,-63,19,-67,19,-65,28,-63,19,-60,15,-63,21,-60,17,-56,23,-58,26,-58,23,-63,21,-58,19,-65,26,-63,17,-63,23,-54,28,-58,30,-63,26,-60,28,-54,39,-58,34,-56,36,-52,36,-52,36,-45,34,-45,39,-47,43,-43,45,-43,47,-36,41,-39,41,-32,45,-32,39,-23,41,-23,43,-17,36,-17,47,-17,45,-15,43,-8,41,-4,34,0,0,0,0,0,0,0,0,0,0,0]"""
1782173640365,2026-06-23T09:14:00.365,warning,breathing,lmh,lying_fast_breath,t001,"CSI_DATA,18112,1a:00:00:00:00:00,-61,11,-98,15,45,11,126203604,47,2,256,0,""[0,0,0,0,0,0,0,0,0,0,0,0,41,8,41,13,41,13,45,17,43,21,43,26,43,28,41,30,50,32,45,34,47,39,50,39,54,43,50,45,43,52,45,54,52,54,41,60,43,58,41,60,36,58,43,67,36,69,36,67,39,76,39,67,32,71,32,78,30,71,36,69,28,69,34,78,30,76,28,69,34,73,32,76,28,67,34,73,32,73,36,69,30,73,39,71,34,76,39,78,30,78,32,71,32,78,30,76,34,76,34,84,36,82,30,84,21,89,17,89,26,89,26,91,26,87,0,0,0,0,0,0,89,-8,87,-6,84,-13,84,-2,82,-4,76,4,78,-4,84,-2,76,-2,71,6,69,6,69,6,73,0,69,2,67,8,65,2,69,0,67,2,67,10,65,6,67,0,67,8,60,2,63,6,60,13,65,10,60,15,65,4,67,10,65,8,60,17,67,17,60,15,63,15,58,19,67,26,58,23,56,26,58,30,54,34,52,30,54,39,47,36,47,34,41,41,45,36,34,41,39,43,28,45,26,41,26,39,19,43,17,41,17,41,10,39,10,41,4,41,0,0,0,0,0,0,0,0,0,0]"""
1782173640376,2026-06-23T09:14:00.376,warning,breathing,lmh,lying_fast_breath,t001,"CSI_DATA,18113,1a:00:00:00:00:00,-61,11,-98,19,44,11,126214487,47,2,256,0,""[0,0,0,0,0,0,0,0,0,0,0,0,-15,39,-17,39,-23,41,-21,41,-23,41,-23,39,-19,43,-26,45,-23,52,-28,50,-28,56,-23,58,-26,63,-28,60,-30,58,-30,60,-21,71,-34,63,-28,63,-28,71,-28,69,-28,73,-30,69,-21,76,-26,80,-10,73,-19,76,-21,76,-17,76,-6,80,-8,76,-10,87,-2,78,-2,78,0,80,6,80,6,71,19,76,15,78,23,78,21,76,32,71,28,76,36,80,32,78,36,71,39,73,45,69,47,73,56,73,56,73,56,67,52,76,50,69,69,67,65,65,69,71,0,0,0,0,0,0,65,-60,67,-63,56,-71,54,-65,47,-67,50,-60,45,-65,45,-69,43,-65,43,-60,34,-63,30,-58,30,-65,30,-60,26,-60,15,-60,19,-69,19,-67,19,-63,10,-63,2,-65,8,-65,4,-58,4,-60,6,-67,0,-65,2,-63,-6,-65,-4,-69,-10,-63,-8,-60,-10,-65,-8,-63,-13,-65,-15,-63,-6,-67,-13,-69,-15,-65,-13,-67,-8,-60,-10,-56,-10,-60,-8,-67,-13,-63,-10,-56,-15,-54,-8,-52,-10,-56,-8,-52,-6,-47,-6,-52,-2,-47,-2,-45,2,-45,2,-45,-2,-39,4,-36,0,0,0,0,0,0,0,0,0,0]"""
1782173640386,2026-06-23T09:14:00.386,warning,breathing,lmh,lying_fast_breath,t001,"CSI_DATA,18114,1a:00:00:00:00:00,-61,11,-98,17,44,11,126225487,47,2,256,0,""[0,0,0,0,0,0,0,0,0,0,0,0,36,23,29,25,34,29,34,36,34,36,29,39,32,39,34,46,32,46,32,50,34,55,32,48,34,57,32,57,27,59,29,62,34,62,32,69,29,64,20,69,20,78,23,73,20,76,27,76,20,80,27,73,18,73,20,76,20,80,25,78,20,76,25,82,25,78,23,73,25,78,23,73,25,71,29,73,27,73,34,71,29,76,32,71,32,76,39,80,25,73,36,73,27,73,34,73,36,78,34,85,34,85,32,80,29,87,27,89,34,89,32,85,32,92,0,0,0,0,0,0,87,-23,89,-18,78,-25,82,-11,82,-13,76,-13,80,-18,82,-18,73,-13,71,-11,71,-13,66,-6,69,-13,71,-13,66,-13,62,-11,66,-23,64,-16,66,-11,62,-13,62,-23,69,-11,57,-20,59,-13,64,-16,59,-13,64,-16,59,-20,64,-13,64,-18,62,-11,64,-9,66,-9,64,-11,59,-6,66,-4,69,-6,66,-6,64,0,62,4,57,2,62,6,62,6,59,6,52,11,57,9,50,18,57,11,46,20,46,16,43,20,43,20,39,23,39,29,34,25,27,25,27,34,0,0,0,0,0,0,0,0,0,0]"""
1782173640397,2026-06-23T09:14:00.397,warning,breathing,lmh,lying_fast_breath,t001,"CSI_DATA,18115,1a:00:00:00:00:00,-61,11,-98,19,44,11,126236487,47,2,256,0,""[0,0,0,0,0,0,0,0,0,0,0,0,-19,32,-26,34,-28,36,-32,36,-32,36,-34,32,-41,36,-36,41,-43,43,-41,41,-43,43,-43,45,-47,45,-47,52,-52,45,-58,43,-50,52,-56,47,-52,52,-56,43,-65,47,-56,54,-56,50,-56,58,-56,56,-56,54,-56,56,-54,58,-60,54,-54,60,-47,50,-56,58,-52,60,-50,65,-52,67,-47,60,-45,63,-36,71,-45,63,-34,78,-47,73,-23,89,-34,60,-58,65,-65,97,-34,91,23,115,-63,97,-39,108,-21,147,-36,95,-76,32,-60,145,19,106,-6,160,34,56,6,47,0,0,0,0,0,0,126,-39,97,-13,32,32,132,26,108,-17,10,-6,102,30,43,28,60,39,76,-6,117,36,67,-8,84,-17,91,30,63,13,78,0,80,0,69,-6,71,-8,65,6,65,-6,60,-4,60,-8,60,-8,63,-2,63,-8,63,-6,63,-19,71,-17,65,-21,67,-10,65,-13,65,-8,65,-19,58,-10,67,-13,65,-15,60,-10,69,-10,63,-8,56,-8,63,-6,63,-8,65,-8,63,-4,54,-6,54,-2,54,-8,50,0,50,2,50,8,47,6,45,6,47,4,36,10,36,10,39,17,0,0,0,0,0,0,0,0,0,0]"""
1782173640413,2026-06-23T09:14:00.413,warning,breathing,lmh,lying_fast_breath,t001,"CSI_DATA,18116,1a:00:00:00:00:00,-61,11,-98,20,44,11,126249608,47,2,256,0,""[0,0,0,0,0,0,0,0,0,0,0,0,-29,-25,-27,-29,-27,-33,-29,-40,-27,-38,-31,-42,-27,-40,-29,-44,-29,-50,-31,-50,-31,-54,-35,-52,-40,-57,-31,-54,-25,-59,-29,-61,-42,-63,-33,-69,-31,-61,-27,-73,-33,-71,-27,-69,-33,-69,-33,-73,-35,-73,-38,-65,-35,-67,-31,-76,-33,-71,-38,-69,-31,-63,-40,-71,-40,-69,-38,-65,-44,-69,-48,-61,-48,-59,-50,-59,-52,-63,-57,-59,-52,-61,-59,-54,-59,-57,-61,-61,-57,-50,-61,-57,-63,-57,-65,-54,-61,-54,-69,-59,-69,-59,-69,-59,-67,-63,-67,-59,-76,-61,-76,-61,-69,-54,0,0,0,0,0,0,-63,65,-63,67,-54,71,-52,67,-54,63,-54,57,-54,61,-52,65,-50,61,-46,54,-44,54,-40,57,-38,59,-38,59,-42,57,-29,57,-35,63,-31,57,-35,52,-29,57,-21,59,-31,59,-23,54,-27,61,-31,59,-27,59,-27,57,-23,65,-29,65,-19,61,-23,59,-25,61,-27,61,-25,59,-25,57,-31,61,-31,63,-29,59,-31,63,-31,54,-25,52,-29,52,-33,59,-33,52,-31,50,-29,50,-33,46,-33,46,-33,42,-33,33,-35,31,-29,29,-33,31,-38,29,-35,23,-35,25,-35,16,0,0,0,0,0,0,0,0,0,0]"""
1782173640432,2026-06-23T09:14:00.432,warning,breathing,lmh,lying_fast_breath,t001,"CSI_DATA,18118,1a:00:00:00:00:00,-61,11,-98,14,45,11,126269645,47,2,256,0,""[0,0,0,0,0,0,0,0,0,0,0,0,42,0,42,0,44,4,49,8,51,6,47,6,49,4,53,8,60,11,58,11,60,8,62,8,69,6,67,13,67,17,71,13,78,6,76,20,67,13,64,15,69,22,76,15,80,15,78,13,82,15,80,4,80,13,82,8,82,13,80,6,76,4,82,4,80,2,76,0,80,-2,78,-11,76,-8,76,-20,78,-13,80,-22,78,-22,76,-31,78,-22,82,-29,71,-24,71,-35,78,-35,73,-44,73,-40,78,-40,78,-42,76,-51,82,-44,82,-42,80,-49,78,-49,76,-47,0,0,0,0,0,0,-47,-80,-49,-78,-53,-64,-49,-69,-51,-69,-49,-64,-47,-62,-49,-64,-44,-58,-42,-58,-51,-49,-47,-51,-53,-49,-49,-49,-51,-49,-53,-40,-58,-42,-53,-38,-49,-40,-53,-35,-60,-29,-55,-38,-51,-26,-49,-29,-51,-33,-55,-29,-62,-29,-58,-22,-60,-29,-62,-15,-58,-22,-62,-22,-62,-26,-60,-22,-58,-17,-60,-29,-60,-24,-55,-24,-60,-24,-60,-24,-58,-20,-58,-26,-58,-31,-53,-26,-49,-29,-53,-22,-47,-26,-47,-24,-42,-24,-40,-24,-42,-26,-40,-22,-35,-29,-38,-29,-31,-26,-31,-24,-24,-33,0,0,0,0,0,0,0,0,0,0]"""
1782173640441,2026-06-23T09:14:00.441,warning,breathing,lmh,lying_fast_breath,t001,"CSI_DATA,18119,1a:00:00:00:00:00,-61,11,-98,19,44,11,126280487,47,2,256,0,""[0,0,0,0,0,0,0,0,0,0,0,0,-39,10,-45,2,-43,6,-50,2,-52,4,-47,2,-47,0,-54,-2,-58,-2,-58,-10,-60,-2,-63,0,-65,-2,-67,-6,-65,-15,-65,-10,-71,-4,-73,-10,-69,-13,-69,-17,-76,-19,-73,-13,-76,-10,-78,-10,-80,-13,-76,-4,-78,-15,-80,-10,-76,-10,-78,-4,-73,-6,-80,-6,-80,-6,-78,-6,-80,-2,-80,2,-73,4,-78,6,-78,6,-80,13,-80,13,-78,21,-82,15,-87,21,-78,17,-78,21,-80,21,-78,28,-78,21,-89,21,-84,28,-84,32,-91,23,-93,19,-89,32,-82,28,-89,34,0,0,0,0,0,0,23,89,19,78,28,80,19,80,28,84,19,71,26,78,23,78,19,69,17,69,26,65,23,65,32,67,26,63,26,60,30,58,34,60,32,65,28,60,34,58,41,52,32,56,32,52,32,54,30,54,36,56,36,58,41,50,36,58,45,47,34,56,41,52,34,56,39,52,32,52,36,60,32,56,34,58,36,58,32,54,32,52,30,54,28,58,28,56,23,56,26,54,19,52,23,54,17,52,13,47,10,45,10,45,6,47,2,43,0,45,2,43,-8,41,0,0,0,0,0,0,0,0,0,0]"""
1782173640455,2026-06-23T09:14:00.455,warning,breathing,lmh,lying_fast_breath,t001,"CSI_DATA,18120,1a:00:00:00:00:00,-61,11,-98,14,45,11,126294078,47,2,256,0,""[0,0,0,0,0,0,0,0,0,0,0,0,-13,42,-17,38,-17,40,-22,44,-24,40,-26,44,-26,44,-29,42,-29,53,-33,49,-33,53,-33,53,-33,58,-38,58,-40,53,-42,55,-42,62,-49,60,-44,55,-49,53,-53,53,-47,62,-51,60,-49,58,-51,64,-40,62,-51,60,-53,64,-51,58,-42,67,-44,58,-44,64,-42,67,-40,64,-35,71,-35,71,-33,64,-31,71,-33,73,-24,78,-29,76,-22,78,-29,78,-20,80,-22,76,-17,78,-22,82,-13,80,-17,85,-15,87,-13,85,-15,91,-22,94,-22,89,-13,94,-13,94,-11,91,0,0,0,0,0,0,94,20,89,22,87,8,82,20,82,13,78,20,73,11,80,11,73,11,71,15,71,8,67,11,76,2,67,4,71,11,67,0,69,-4,67,0,67,4,64,-2,69,-8,64,2,58,-8,58,-6,62,-6,60,-8,64,-4,62,-13,64,-11,64,-15,64,-8,69,-8,64,-11,62,-11,62,-8,67,-8,62,-8,62,-11,64,-6,64,-4,58,-4,62,0,60,-2,58,-2,58,4,55,0,58,6,53,0,51,13,51,8,49,8,47,8,47,6,44,15,40,15,40,15,35,20,0,0,0,0,0,0,0,0,0,0]"""
1782173640466,2026-06-23T09:14:00.466,warning,breathing,lmh,lying_fast_breath,t001,"CSI_DATA,18121,1a:00:00:00:00:00,-61,11,-98,20,44,11,126302487,47,2,256,0,""[0,0,0,0,0,0,0,0,0,0,0,0,-21,-35,-19,-35,-25,-42,-16,-46,-16,-42,-16,-46,-23,-46,-14,-48,-25,-54,-19,-54,-21,-57,-25,-57,-27,-63,-27,-63,-19,-65,-23,-63,-29,-61,-27,-67,-27,-63,-19,-65,-16,-73,-33,-73,-31,-71,-33,-69,-35,-76,-35,-67,-31,-71,-38,-71,-40,-73,-42,-67,-40,-65,-44,-67,-44,-69,-44,-65,-48,-61,-52,-57,-48,-54,-54,-52,-61,-59,-65,-50,-59,-57,-67,-40,-65,-44,-71,-44,-63,-40,-69,-40,-71,-42,-71,-35,-76,-35,-82,-44,-78,-31,-84,-31,-82,-38,-80,-33,-90,-29,-84,-31,-90,-31,0,0,0,0,0,0,-40,86,-27,82,-23,80,-29,78,-25,84,-21,76,-19,80,-16,84,-14,73,-16,69,-12,71,-10,69,-6,76,-8,71,-8,69,2,65,4,71,2,65,0,65,8,63,8,67,4,65,12,61,8,67,8,65,16,63,12,67,21,61,16,63,25,59,19,61,16,67,19,63,23,59,23,57,19,67,23,65,21,63,23,65,16,63,21,59,16,61,19,63,16,59,16,59,21,54,10,50,16,57,6,48,8,50,4,48,6,50,6,48,4,48,-2,44,0,44,-4,44,0,0,0,0,0,0,0,0,0,0]"""
1782173640478,2026-06-23T09:14:00.478,warning,breathing,lmh,lying_fast_breath,t001,"CSI_DATA,18122,1a:00:00:00:00:00,-61,11,-98,20,44,11,126313487,47,2,256,0,""[0,0,0,0,0,0,0,0,0,0,0,0,-27,-31,-23,-33,-25,-38,-29,-42,-29,-40,-21,-40,-27,-48,-23,-46,-27,-48,-25,-52,-27,-50,-27,-54,-33,-61,-31,-59,-29,-61,-27,-59,-35,-67,-25,-67,-27,-61,-31,-69,-33,-65,-27,-73,-29,-67,-31,-73,-29,-78,-35,-65,-27,-71,-33,-73,-33,-71,-40,-67,-31,-65,-38,-73,-42,-69,-40,-65,-46,-67,-48,-65,-44,-57,-52,-61,-48,-61,-57,-59,-59,-57,-59,-48,-59,-59,-61,-50,-59,-50,-61,-46,-67,-50,-65,-48,-71,-48,-73,-52,-73,-52,-73,-46,-71,-57,-65,-54,-78,-54,-82,-54,-78,-48,0,0,0,0,0,0,-61,76,-54,76,-46,76,-44,67,-48,73,-44,65,-46,65,-48,73,-38,67,-40,61,-33,65,-35,57,-27,71,-33,61,-31,61,-23,61,-25,67,-25,65,-27,63,-16,61,-14,65,-21,63,-16,57,-16,61,-16,63,-19,65,-16,63,-10,65,-14,67,-8,65,-10,61,-12,63,-10,67,-8,69,-8,61,-14,67,-10,67,-14,63,-14,65,-16,59,-16,57,-19,61,-19,59,-21,59,-21,54,-19,52,-21,54,-12,52,-21,46,-19,46,-23,46,-19,42,-23,40,-27,38,-25,38,-27,29,-31,29,0,0,0,0,0,0,0,0,0,0]"""
1782173640492,2026-06-23T09:14:00.492,warning,breathing,lmh,lying_fast_breath,t001,"CSI_DATA,18123,1a:00:00:00:00:00,-61,11,-98,17,44,11,126330800,47,2,256,0,""[0,0,0,0,0,0,0,0,0,0,0,0,-4,41,-6,39,-11,46,-9,43,-13,48,-16,48,-18,48,-20,48,-20,57,-20,55,-18,55,-18,62,-18,64,-20,66,-27,62,-29,64,-23,66,-39,69,-25,64,-39,69,-36,71,-36,66,-34,71,-27,73,-34,78,-27,73,-29,71,-32,69,-32,73,-27,78,-27,69,-27,82,-25,80,-25,76,-23,78,-18,76,-13,71,-6,76,-11,78,-2,85,-6,82,2,80,-2,82,4,89,-2,78,4,80,2,82,4,80,4,82,4,89,11,92,13,85,6,87,2,92,23,94,11,96,11,87,0,0,0,0,0,0,89,-6,85,-9,85,-18,89,-11,82,-13,78,-9,78,-16,85,-9,73,-13,73,-11,66,-11,64,-13,73,-16,69,-13,69,-23,64,-18,71,-29,64,-23,62,-18,59,-27,62,-32,64,-25,55,-25,59,-25,62,-25,59,-29,59,-25,52,-36,55,-36,55,-39,59,-29,57,-32,55,-34,57,-39,55,-29,62,-32,55,-32,57,-27,59,-32,62,-25,52,-25,57,-29,59,-25,55,-25,55,-20,55,-20,52,-18,55,-23,52,-13,50,-13,48,-6,46,-6,41,-4,46,-9,43,-2,43,-2,43,0,0,0,0,0,0,0,0,0,0,0]"""
1782173640504,2026-06-23T09:14:00.504,warning,breathing,lmh,lying_fast_breath,t001,"CSI_DATA,18124,1a:00:00:00:00:00,-61,11,-98,19,44,11,126335487,47,2,256,0,""[0,0,0,0,0,0,0,0,0,0,0,0,15,-36,19,-36,21,-41,21,-41,21,-41,23,-43,26,-41,30,-41,30,-54,36,-52,30,-52,28,-52,32,-60,32,-58,36,-56,36,-58,34,-69,39,-65,39,-60,32,-65,32,-60,39,-73,34,-65,32,-73,41,-78,28,-73,32,-73,30,-76,28,-73,19,-80,21,-69,19,-80,21,-76,13,-78,13,-82,8,-76,4,-71,0,-76,-2,-80,-6,-80,-6,-82,-10,-78,-13,-82,-17,-84,-17,-80,-15,-73,-21,-84,-23,-73,-32,-82,-26,-89,-34,-87,-36,-87,-30,-89,-28,-82,-47,-89,-43,-91,-43,-80,0,0,0,0,0,0,-91,39,-78,41,-71,52,-73,39,-67,45,-65,41,-67,45,-69,47,-56,43,-63,45,-58,47,-54,45,-54,52,-52,47,-50,47,-43,54,-41,58,-39,58,-43,52,-34,52,-32,58,-36,56,-28,54,-32,54,-34,54,-28,63,-26,56,-21,63,-28,63,-17,63,-26,58,-28,67,-21,65,-19,69,-17,58,-23,69,-23,65,-19,58,-19,65,-23,63,-15,56,-21,63,-23,63,-19,58,-26,58,-17,54,-23,50,-15,54,-21,43,-19,47,-19,45,-21,43,-19,47,-23,36,-23,39,-17,34,-23,36,0,0,0,0,0,0,0,0,0,0]"""
1782173640515,2026-06-23T09:14:00.515,warning,breathing,lmh,lying_fast_breath,t001,"CSI_DATA,18125,1a:00:00:00:00:00,-61,11,-98,15,45,11,126346487,47,2,256,0,""[0,0,0,0,0,0,0,0,0,0,0,0,-39,-10,-41,-13,-41,-13,-43,-19,-41,-21,-43,-28,-45,-30,-43,-34,-50,-34,-45,-34,-45,-41,-47,-43,-52,-41,-50,-45,-43,-52,-47,-52,-52,-52,-43,-60,-43,-56,-45,-65,-43,-65,-41,-63,-36,-65,-45,-63,-41,-69,-41,-65,-34,-71,-34,-76,-36,-67,-39,-67,-32,-67,-36,-76,-34,-69,-36,-71,-36,-73,-34,-69,-34,-65,-41,-71,-36,-67,-45,-67,-41,-69,-47,-65,-39,-71,-45,-71,-36,-71,-39,-69,-39,-73,-39,-69,-41,-73,-43,-80,-45,-76,-43,-78,-36,-84,-32,-82,-41,-87,-43,-89,-39,-87,0,0,0,0,0,0,-91,23,-82,21,-82,30,-80,15,-80,19,-80,10,-78,19,-82,17,-71,17,-76,8,-71,8,-67,4,-71,13,-69,10,-69,6,-65,10,-73,15,-67,13,-65,4,-63,10,-63,15,-65,4,-60,13,-63,8,-63,6,-65,8,-60,0,-63,13,-67,6,-65,6,-65,0,-69,-2,-65,2,-67,2,-63,-4,-71,-6,-69,-8,-63,-4,-65,-10,-60,-13,-54,-17,-60,-19,-60,-19,-58,-17,-54,-23,-52,-21,-50,-28,-50,-23,-41,-34,-39,-30,-32,-30,-32,-28,-32,-30,-28,-36,-30,-32,-19,-32,-15,-34,0,0,0,0,0,0,0,0,0,0]"""
1782173640525,2026-06-23T09:14:00.525,warning,breathing,lmh,lying_fast_breath,t001,"CSI_DATA,18126,1a:00:00:00:00:00,-61,11,-98,18,44,11,126357486,47,2,256,0,""[0,0,0,0,0,0,0,0,0,0,0,0,40,-6,38,-8,42,-11,49,-8,47,-8,49,-8,53,-8,53,-2,55,-11,55,-11,58,-13,60,-13,69,-15,71,-20,67,-15,67,-17,67,-24,71,-20,64,-20,69,-20,73,-15,69,-29,73,-22,71,-33,73,-31,67,-40,69,-38,71,-40,64,-38,62,-49,60,-42,62,-55,60,-51,55,-53,53,-58,53,-62,47,-58,38,-69,42,-67,35,-73,33,-71,24,-78,29,-76,20,-82,26,-71,8,-78,20,-78,13,-85,8,-87,8,-89,0,-89,4,-87,8,-91,8,-91,-11,-94,-11,-91,-11,-87,0,0,0,0,0,0,-89,13,-89,15,-85,17,-78,17,-78,26,-76,22,-71,29,-78,31,-69,31,-71,29,-60,26,-60,29,-62,38,-60,40,-55,35,-53,40,-51,51,-49,47,-53,42,-44,53,-35,55,-42,49,-33,53,-33,53,-33,51,-38,58,-31,58,-22,60,-29,55,-20,62,-17,60,-24,67,-20,62,-15,64,-17,62,-24,62,-20,64,-15,58,-17,69,-20,62,-15,60,-13,64,-15,60,-13,62,-13,58,-8,58,-13,51,-8,55,-11,49,-13,47,-13,44,-15,44,-13,49,-20,44,-13,40,-8,38,-15,38,0,0,0,0,0,0,0,0,0,0]"""
1782173640536,2026-06-23T09:14:00.536,warning,breathing,lmh,lying_fast_breath,t001,"CSI_DATA,18127,1a:00:00:00:00:00,-61,11,-98,14,45,11,126368486,47,2,256,0,""[0,0,0,0,0,0,0,0,0,0,0,0,42,-11,40,-6,44,-6,47,-8,49,-8,51,-4,55,-8,51,-6,60,-11,58,-6,64,-8,62,-8,67,-13,67,-11,69,-8,73,-13,76,-17,73,-11,71,-13,67,-11,71,-6,76,-17,76,-15,80,-22,80,-17,76,-24,76,-20,80,-24,73,-24,71,-33,69,-29,73,-35,69,-38,67,-38,69,-42,67,-47,60,-44,62,-55,60,-49,55,-58,53,-60,51,-64,53,-62,49,-71,51,-62,44,-67,47,-73,40,-69,38,-73,40,-82,35,-80,35,-80,40,-87,42,-82,29,-94,31,-91,24,-87,0,0,0,0,0,0,-89,-31,-82,-26,-87,-17,-85,-20,-80,-15,-76,-20,-71,-13,-82,-13,-73,-8,-71,-8,-71,-6,-69,-4,-73,0,-69,2,-71,0,-69,6,-64,13,-62,13,-64,11,-62,15,-64,24,-64,13,-51,24,-55,20,-58,22,-58,24,-62,24,-55,33,-58,31,-55,35,-58,29,-60,35,-53,31,-53,33,-55,38,-58,35,-55,35,-51,35,-55,35,-55,33,-51,35,-55,33,-53,33,-51,33,-51,31,-47,33,-51,29,-42,31,-44,24,-44,24,-44,22,-42,22,-38,20,-42,17,-40,13,-35,13,-40,6,0,0,0,0,0,0,0,0,0,0]"""
1782173640548,2026-06-23T09:14:00.548,warning,breathing,lmh,lying_fast_breath,t001,"CSI_DATA,18128,1a:00:00:00:00:00,-61,11,-98,14,45,11,126379486,47,2,256,0,""[0,0,0,0,0,0,0,0,0,0,0,0,-17,-38,-13,-38,-13,-42,-11,-49,-11,-47,-4,-53,-6,-55,-2,-51,-4,-58,0,-60,-2,-64,0,-62,0,-67,2,-67,11,-67,8,-71,6,-73,17,-73,17,-69,20,-67,24,-67,20,-73,24,-76,26,-76,29,-78,22,-78,29,-73,31,-80,29,-69,26,-73,29,-71,29,-80,29,-76,29,-69,29,-76,24,-78,22,-69,22,-78,24,-76,17,-73,24,-73,13,-80,22,-78,17,-80,22,-80,20,-80,22,-85,22,-80,22,-80,26,-85,24,-87,22,-85,33,-91,35,-82,29,-87,26,-89,29,-80,0,0,0,0,0,0,-80,-42,-78,-40,-80,-35,-78,-42,-69,-38,-69,-42,-67,-31,-71,-42,-60,-33,-62,-44,-62,-40,-60,-38,-64,-38,-58,-33,-60,-40,-58,-33,-64,-33,-58,-31,-51,-38,-58,-31,-60,-31,-55,-35,-51,-26,-51,-31,-53,-35,-53,-35,-51,-33,-55,-31,-53,-35,-58,-31,-53,-35,-58,-40,-49,-35,-51,-33,-51,-40,-49,-44,-47,-44,-44,-42,-44,-44,-42,-44,-40,-44,-40,-51,-35,-51,-33,-47,-31,-47,-33,-47,-26,-51,-22,-49,-20,-49,-20,-47,-15,-49,-11,-47,-11,-42,-2,-47,-4,-44,0,-40,6,-38,0,0,0,0,0,0,0,0,0,0]"""
1782173640560,2026-06-23T09:14:00.560,warning,breathing,lmh,lying_fast_breath,t001,"CSI_DATA,18129,1a:00:00:00:00:00,-61,11,-98,14,45,11,126390486,47,2,256,0,""[0,0,0,0,0,0,0,0,0,0,0,0,35,-24,35,-22,38,-20,40,-24,44,-20,44,-17,47,-22,49,-20,53,-24,55,-20,58,-22,60,-24,62,-26,64,-24,64,-20,67,-22,69,-26,73,-22,64,-20,71,-24,69,-22,78,-22,76,-24,73,-22,80,-20,71,-26,76,-22,78,-26,76,-22,71,-29,73,-26,76,-29,73,-31,67,-33,71,-38,73,-40,67,-35,69,-44,69,-38,62,-44,64,-44,64,-55,64,-49,60,-55,62,-51,60,-58,62,-55,55,-60,58,-60,67,-60,62,-60,62,-62,69,-64,69,-62,67,-69,62,-67,64,-69,0,0,0,0,0,0,-60,-67,-62,-64,-64,-55,-62,-58,-62,-58,-53,-58,-58,-49,-58,-55,-55,-49,-53,-51,-55,-44,-51,-44,-60,-42,-58,-44,-58,-44,-60,-38,-62,-35,-58,-35,-51,-35,-58,-31,-60,-26,-60,-35,-53,-22,-53,-29,-55,-31,-58,-24,-60,-31,-62,-22,-60,-29,-62,-17,-62,-24,-62,-26,-58,-31,-60,-24,-60,-22,-58,-29,-58,-24,-55,-24,-58,-26,-60,-29,-55,-24,-58,-31,-55,-33,-51,-33,-47,-33,-49,-31,-42,-33,-47,-31,-42,-29,-42,-31,-40,-35,-38,-29,-33,-31,-29,-33,-29,-31,-26,-33,-20,-38,0,0,0,0,0,0,0,0,0,0]"""
1782173640571,2026-06-23T09:14:00.571,warning,breathing,lmh,lying_fast_breath,t001,"CSI_DATA,18130,1a:00:00:00:00:00,-61,11,-98,19,44,11,126403329,47,2,256,0,""[0,0,0,0,0,0,0,0,0,0,0,0,-39,-13,-41,-19,-41,-19,-41,-21,-45,-28,-43,-26,-41,-21,-45,-30,-52,-32,-50,-34,-50,-39,-52,-32,-56,-41,-50,-45,-47,-47,-56,-50,-56,-43,-54,-52,-54,-45,-45,-56,-45,-60,-54,-52,-52,-56,-50,-56,-56,-65,-54,-52,-54,-58,-54,-58,-54,-63,-56,-52,-47,-56,-54,-56,-58,-56,-56,-54,-65,-56,-63,-54,-58,-52,-63,-52,-63,-52,-69,-45,-63,-47,-69,-39,-65,-45,-76,-47,-65,-39,-69,-41,-71,-45,-76,-36,-76,-41,-78,-47,-76,-45,-80,-41,-76,-52,-76,-50,-78,-50,-80,-52,-80,-50,0,0,0,0,0,0,-56,69,-60,76,-47,73,-50,71,-45,71,-45,56,-45,67,-50,65,-45,67,-43,58,-39,58,-41,54,-39,65,-41,60,-41,58,-26,56,-34,65,-30,60,-34,56,-28,60,-26,60,-39,60,-21,58,-26,60,-34,56,-32,60,-30,58,-23,63,-32,60,-21,63,-28,58,-30,60,-30,63,-26,58,-30,54,-30,60,-32,60,-32,56,-39,58,-39,58,-34,50,-41,50,-45,47,-41,56,-43,41,-41,47,-41,34,-43,41,-39,34,-39,30,-41,32,-34,28,-39,26,-43,26,-43,17,-36,13,-36,10,0,0,0,0,0,0,0,0,0,0]"""
1782173640580,2026-06-23T09:14:00.580,warning,breathing,lmh,lying_fast_breath,t001,"CSI_DATA,18131,1a:00:00:00:00:00,-61,11,-98,14,45,11,126413532,47,2,256,0,""[0,0,0,0,0,0,0,0,0,0,0,0,-15,40,-15,35,-17,42,-22,42,-24,44,-24,42,-26,44,-31,42,-29,49,-33,49,-35,53,-33,51,-35,60,-35,55,-40,55,-44,60,-40,60,-47,58,-42,53,-44,53,-47,51,-49,60,-53,58,-47,62,-53,64,-47,64,-49,60,-51,62,-51,60,-42,64,-44,60,-44,67,-44,67,-40,67,-40,71,-38,71,-35,67,-33,71,-33,71,-26,76,-31,73,-24,80,-29,78,-20,85,-24,78,-20,80,-24,82,-13,80,-20,82,-20,89,-17,89,-17,85,-26,91,-24,87,-15,94,-15,87,-13,91,0,0,0,0,0,0,85,22,89,22,85,11,80,20,82,20,78,20,76,8,80,15,76,11,73,15,73,13,69,11,71,8,71,6,71,8,69,2,71,0,69,2,64,4,67,0,69,-6,67,2,58,-8,60,-6,62,-4,60,-6,69,-2,67,-13,67,-11,62,-13,62,-6,67,-6,62,-8,62,-13,64,-6,67,-6,67,-6,62,-8,67,-4,67,0,62,-2,64,0,64,0,60,0,60,4,60,4,55,6,53,4,53,11,51,8,47,11,42,13,44,11,42,17,40,11,35,17,35,20,0,0,0,0,0,0,0,0,0,0]"""
1782173640593,2026-06-23T09:14:00.593,warning,breathing,lmh,lying_fast_breath,t001,"CSI_DATA,18132,1a:00:00:00:00:00,-61,11,-98,14,45,11,126423612,47,2,256,0,""[0,0,0,0,0,0,0,0,0,0,0,0,2,-42,4,-40,6,-44,13,-47,15,-44,15,-49,20,-49,22,-47,22,-55,26,-51,29,-55,31,-55,33,-60,38,-58,44,-53,42,-55,38,-64,49,-58,49,-49,49,-53,53,-49,58,-51,55,-51,55,-51,64,-51,55,-55,60,-47,64,-51,62,-47,60,-53,58,-49,67,-49,64,-47,62,-47,62,-51,62,-55,60,-49,58,-55,62,-49,58,-55,62,-51,53,-58,58,-55,62,-60,62,-55,60,-55,64,-58,60,-58,62,-53,71,-55,69,-58,67,-60,78,-55,76,-53,76,-60,76,-53,76,-51,0,0,0,0,0,0,-38,-82,-33,-80,-44,-73,-38,-76,-38,-73,-33,-67,-33,-69,-29,-73,-26,-69,-29,-67,-29,-67,-24,-64,-31,-64,-22,-67,-26,-69,-31,-60,-31,-67,-29,-64,-17,-62,-24,-58,-33,-60,-22,-64,-22,-58,-20,-55,-15,-60,-22,-62,-17,-62,-24,-58,-15,-67,-22,-60,-20,-58,-20,-64,-13,-62,-17,-62,-15,-64,-6,-67,-6,-67,-4,-64,-2,-64,0,-62,0,-60,-2,-62,4,-64,6,-62,11,-58,6,-58,11,-55,15,-55,15,-51,15,-44,22,-42,22,-42,26,-40,26,-35,26,-31,26,-29,31,-29,0,0,0,0,0,0,0,0,0,0]"""
1782173640603,2026-06-23T09:14:00.603,warning,breathing,lmh,lying_fast_breath,t001,"CSI_DATA,18133,1a:00:00:00:00:00,-61,11,-98,14,45,11,126434486,47,2,256,0,""[0,0,0,0,0,0,0,0,0,0,0,0,38,-15,40,-13,40,-11,49,-8,47,-4,49,-8,51,-8,53,-4,60,-6,58,-2,62,-2,64,-6,69,-4,69,-2,69,6,69,2,76,-6,73,4,69,4,76,4,73,6,78,4,76,4,80,6,82,8,76,0,78,8,85,6,78,8,80,2,71,4,87,2,80,0,78,2,85,-4,80,-8,73,-8,78,-11,78,-8,78,-15,82,-13,78,-22,80,-20,80,-22,78,-20,76,-26,82,-24,78,-29,80,-24,87,-22,82,-24,80,-31,91,-26,85,-24,89,-29,91,-26,91,-29,0,0,0,0,0,0,-20,-94,-22,-89,-26,-85,-26,-78,-24,-78,-22,-76,-20,-76,-15,-80,-15,-69,-20,-71,-22,-71,-20,-64,-31,-69,-20,-64,-22,-64,-29,-62,-31,-64,-24,-62,-22,-62,-29,-55,-38,-58,-31,-60,-31,-53,-26,-58,-24,-60,-29,-58,-31,-55,-35,-53,-31,-62,-40,-51,-31,-53,-33,-60,-31,-58,-33,-58,-31,-51,-29,-62,-29,-60,-26,-58,-29,-60,-26,-58,-24,-53,-24,-58,-17,-60,-17,-58,-15,-55,-20,-51,-15,-51,-13,-55,-11,-49,-8,-47,-8,-47,-11,-44,-2,-47,2,-44,0,-42,2,-40,8,-40,0,0,0,0,0,0,0,0,0,0]"""
1782173640613,2026-06-23T09:14:00.613,warning,breathing,lmh,lying_fast_breath,t001,"CSI_DATA,18134,1a:00:00:00:00:00,-61,11,-98,14,45,11,126445486,47,2,256,0,""[0,0,0,0,0,0,0,0,0,0,0,0,35,-24,35,-17,42,-20,44,-17,49,-17,44,-13,44,-13,51,-13,58,-20,62,-11,58,-15,62,-15,67,-15,67,-8,64,0,71,-6,71,-8,78,-2,67,0,71,0,69,4,80,2,78,2,78,0,82,6,76,-2,78,8,80,2,80,8,78,0,76,4,80,4,80,4,76,2,82,0,82,-4,76,-6,76,-11,78,-2,82,-11,82,-6,80,-15,78,-11,87,-13,76,-11,78,-15,85,-13,80,-17,82,-11,91,-13,87,-13,87,-17,91,-11,91,-8,94,-13,91,-8,94,-8,0,0,0,0,0,0,0,-94,2,-91,-6,-85,-2,-82,-6,-85,0,-78,-2,-82,4,-80,2,-78,2,-73,-2,-71,-2,-69,-8,-73,-2,-73,-2,-69,-11,-64,-8,-73,-6,-67,2,-64,-6,-67,-15,-64,-4,-67,-8,-58,-4,-62,0,-67,-4,-64,-8,-64,-13,-62,-4,-67,-15,-62,-6,-62,-8,-67,0,-69,-4,-64,-4,-62,2,-67,2,-67,4,-64,2,-67,4,-64,2,-60,6,-60,11,-64,11,-62,15,-60,11,-55,15,-51,17,-55,15,-47,17,-47,22,-49,20,-44,22,-40,29,-35,26,-33,26,-29,26,-26,0,0,0,0,0,0,0,0,0,0]"""
1782173640624,2026-06-23T09:14:00.624,warning,breathing,lmh,lying_fast_breath,t001,"CSI_DATA,18135,1a:00:00:00:00:00,-61,11,-98,15,45,11,126458025,47,2,256,0,""[0,0,0,0,0,0,0,0,0,0,0,0,-21,36,-26,30,-28,36,-36,36,-39,30,-39,30,-39,34,-43,28,-50,36,-52,30,-52,30,-54,30,-58,32,-63,28,-69,23,-67,26,-67,30,-71,19,-69,17,-71,10,-78,6,-78,15,-73,10,-80,10,-84,6,-73,13,-73,6,-84,6,-82,0,-82,6,-73,2,-80,2,-80,2,-78,0,-82,2,-78,6,-73,6,-78,8,-82,2,-82,8,-82,2,-82,13,-80,4,-84,8,-76,4,-80,2,-80,6,-80,8,-87,0,-89,0,-89,0,-91,0,-95,-4,-89,-8,-95,-2,-97,-8,-95,-13,0,0,0,0,0,0,-28,89,-26,89,-19,87,-21,80,-21,82,-28,76,-26,73,-28,78,-32,69,-28,65,-23,65,-26,63,-23,69,-30,67,-28,60,-23,63,-26,67,-26,65,-34,63,-21,58,-19,65,-28,60,-21,56,-28,56,-32,56,-36,60,-30,56,-28,58,-34,60,-23,58,-30,54,-34,58,-39,58,-36,56,-34,50,-47,52,-47,47,-47,50,-45,47,-47,45,-43,43,-47,41,-54,36,-52,34,-54,28,-50,30,-47,21,-52,21,-50,17,-45,15,-43,15,-41,13,-45,6,-47,0,-41,-4,-39,0,-36,-6,0,0,0,0,0,0,0,0,0,0]"""
1782173640634,2026-06-23T09:14:00.634,warning,breathing,lmh,lying_fast_breath,t001,"CSI_DATA,18136,1a:00:00:00:00:00,-61,11,-98,17,44,11,126467486,47,2,256,0,""[0,0,0,0,0,0,0,0,0,0,0,0,13,-39,13,-39,16,-39,23,-41,29,-41,27,-41,29,-39,34,-39,36,-46,43,-43,46,-43,46,-43,48,-48,50,-46,57,-36,57,-34,57,-43,69,-39,64,-39,71,-29,78,-27,66,-32,69,-32,73,-32,78,-27,69,-32,76,-23,80,-25,78,-18,76,-27,71,-18,78,-23,78,-20,76,-23,78,-23,78,-23,69,-20,76,-27,76,-20,73,-27,80,-18,73,-25,73,-25,80,-20,73,-20,76,-20,82,-18,78,-23,82,-18,87,-20,89,-18,89,-20,99,-13,89,-11,99,-13,96,-11,89,-11,0,0,0,0,0,0,13,-96,9,-89,2,-87,4,-80,6,-80,11,-82,11,-80,13,-82,16,-71,16,-76,18,-69,13,-66,16,-69,20,-69,20,-69,11,-64,11,-71,18,-66,25,-66,18,-64,16,-66,20,-64,13,-59,18,-64,25,-57,23,-62,25,-55,18,-62,27,-62,18,-62,25,-59,27,-64,34,-55,29,-59,27,-52,36,-59,39,-55,39,-50,41,-48,39,-48,39,-43,43,-48,50,-46,48,-41,48,-34,43,-36,46,-27,52,-27,46,-23,46,-18,46,-16,43,-11,46,-4,46,-4,50,-4,41,0,39,2,0,0,0,0,0,0,0,0,0,0]"""
1782173640644,2026-06-23T09:14:00.644,warning,breathing,lmh,lying_fast_breath,t001,"CSI_DATA,18137,1a:00:00:00:00:00,-61,11,-98,17,44,11,126478486,47,2,256,0,""[0,0,0,0,0,0,0,0,0,0,0,0,39,-6,41,-6,48,-4,46,-2,46,0,50,2,50,0,52,6,59,2,57,6,57,9,62,4,69,4,66,9,69,16,69,11,73,6,71,18,71,18,66,20,66,27,76,20,73,23,76,20,78,25,76,20,76,25,78,25,73,23,82,18,69,20,85,20,78,18,78,18,82,13,80,9,71,11,80,6,82,13,80,9,82,9,78,-4,80,4,82,4,80,4,78,-2,87,-4,85,-6,87,-2,89,0,94,-2,85,-6,94,4,87,2,96,-2,99,4,96,-4,0,0,0,0,0,0,11,-96,11,-85,4,-87,9,-85,2,-82,9,-78,4,-80,6,-87,2,-71,13,-73,0,-69,4,-69,-2,-78,4,-69,6,-69,-2,-62,-4,-71,-2,-69,2,-69,-2,-62,-11,-69,0,-64,-2,-62,-4,-64,-2,-69,-4,-69,-4,-62,-9,-66,-4,-66,-11,-62,-2,-62,-6,-69,-2,-69,-6,-71,-2,-62,0,-69,2,-66,-2,-66,2,-66,4,-59,2,-62,4,-66,11,-62,11,-62,11,-64,6,-57,16,-55,13,-55,20,-50,16,-48,16,-46,18,-43,25,-43,23,-36,25,-34,29,-36,27,-29,0,0,0,0,0,0,0,0,0,0]"""
1782173640654,2026-06-23T09:14:00.654,warning,breathing,lmh,lying_fast_breath,t001,"CSI_DATA,18138,1a:00:00:00:00:00,-61,11,-98,15,45,11,126489774,47,2,256,0,""[0,0,0,0,0,0,0,0,0,0,0,0,-23,34,-28,32,-30,32,-34,32,-36,32,-41,32,-43,32,-43,28,-50,36,-52,32,-54,32,-54,36,-58,34,-65,32,-65,23,-65,28,-65,36,-69,30,-69,21,-73,23,-76,26,-76,21,-73,23,-73,23,-80,23,-73,28,-76,21,-78,21,-78,17,-76,23,-71,23,-80,23,-76,23,-73,23,-78,28,-76,30,-67,28,-76,39,-73,30,-71,36,-73,30,-69,39,-73,41,-78,41,-73,39,-67,39,-76,41,-69,43,-73,39,-78,39,-82,41,-76,47,-87,41,-82,36,-84,41,-84,41,-82,39,0,0,0,0,0,0,30,87,28,84,36,80,32,82,32,76,23,76,30,73,23,80,21,71,21,71,23,67,26,65,28,71,21,67,26,65,30,60,28,65,26,63,21,60,26,56,34,58,28,63,26,56,23,60,23,60,26,60,26,58,30,56,26,60,32,54,26,58,28,63,23,60,28,63,26,56,19,69,23,67,17,63,15,65,13,60,15,58,13,60,6,63,6,60,2,63,8,56,2,54,-2,56,-6,54,0,50,-8,50,-8,45,-13,45,-10,41,-17,43,-10,36,-15,36,0,0,0,0,0,0,0,0,0,0]"""
1782173640664,2026-06-23T09:14:00.664,warning,breathing,lmh,lying_fast_breath,t001,"CSI_DATA,18139,1a:00:00:00:00:00,-61,11,-98,19,44,11,126500543,47,2,256,0,""[0,0,0,0,0,0,0,0,0,0,0,0,39,-13,43,-8,45,-2,45,-2,47,0,50,2,50,2,54,6,58,8,58,15,63,13,63,15,69,19,69,19,67,28,65,26,69,23,65,32,60,32,67,36,65,32,67,39,60,41,67,41,67,52,65,41,63,47,65,47,63,50,65,43,58,43,69,54,67,52,58,50,67,52,65,47,58,45,67,47,65,45,67,45,65,52,67,41,67,45,73,45,65,45,67,45,67,54,67,45,71,50,71,58,76,56,71,52,71,67,65,65,73,67,76,63,69,58,0,0,0,0,0,0,73,-58,71,-58,63,-56,69,-50,67,-52,67,-45,67,-50,69,-43,65,-41,67,-36,60,-43,58,-32,63,-41,65,-39,58,-36,56,-41,60,-41,54,-39,58,-34,54,-36,56,-45,56,-32,54,-32,54,-32,58,-28,56,-34,54,-28,58,-36,65,-26,54,-34,54,-23,58,-23,60,-23,65,-28,58,-23,69,-19,65,-19,63,-17,67,-13,65,-6,60,-8,65,-8,69,-4,60,-6,63,4,60,0,56,10,54,4,47,13,50,8,50,17,45,19,45,19,41,28,39,21,34,28,30,30,0,0,0,0,0,0,0,0,0,0]"""
1782173640674,2026-06-23T09:14:00.674,warning,breathing,lmh,lying_fast_breath,t001,"CSI_DATA,18140,1a:00:00:00:00:00,-61,11,-98,21,44,11,126511485,47,2,256,0,""[0,0,0,0,0,0,0,0,0,0,0,0,39,12,43,16,41,14,45,20,45,22,45,22,45,20,45,24,49,28,51,34,53,32,51,34,57,34,57,39,55,43,57,43,61,43,59,47,57,47,61,51,65,53,57,49,57,47,63,47,59,57,63,47,57,49,61,53,55,51,67,47,55,47,67,53,65,47,65,49,67,47,67,39,61,36,73,36,71,39,71,36,75,36,75,30,75,30,78,30,78,34,78,26,78,30,80,22,84,30,82,34,86,28,84,26,90,32,82,32,94,28,92,34,90,28,0,0,0,0,0,0,34,-86,34,-84,26,-84,30,-80,24,-78,28,-71,30,-71,30,-80,22,-71,28,-73,18,-69,22,-63,20,-69,22,-69,22,-67,10,-69,14,-71,16,-69,18,-65,12,-63,8,-65,14,-65,10,-61,10,-65,12,-63,10,-65,12,-63,2,-69,10,-69,2,-69,12,-61,14,-69,8,-63,6,-73,6,-61,16,-71,14,-69,12,-63,16,-67,12,-61,14,-57,16,-61,20,-59,16,-61,20,-57,14,-51,20,-51,24,-55,24,-45,20,-43,28,-43,26,-43,28,-39,30,-36,34,-34,32,-30,30,-24,0,0,0,0,0,0,0,0,0,0]"""
1782173640684,2026-06-23T09:14:00.684,warning,breathing,lmh,lying_fast_breath,t001,"CSI_DATA,18141,1a:00:00:00:00:00,-61,11,-98,20,44,11,126522485,47,2,256,0,""[0,0,0,0,0,0,0,0,0,0,0,0,35,6,38,8,42,14,44,19,46,16,42,21,44,23,46,23,52,25,50,31,52,33,54,31,57,33,59,35,52,48,57,46,61,40,59,46,57,48,52,54,52,59,54,54,59,57,59,57,61,61,61,48,52,54,52,57,50,57,59,52,54,54,61,57,59,59,54,57,61,57,61,54,57,50,63,44,63,52,69,46,67,50,69,42,63,50,73,46,65,46,67,44,71,40,73,46,67,48,78,59,78,50,78,48,73,59,73,57,78,57,78,57,73,59,0,0,0,0,0,0,61,-65,65,-69,52,-69,57,-63,54,-61,52,-54,50,-61,61,-57,52,-54,52,-52,50,-54,48,-48,48,-54,50,-54,44,-50,35,-52,44,-54,40,-52,46,-48,40,-48,33,-54,46,-50,38,-52,38,-50,42,-50,42,-52,38,-52,35,-57,44,-54,33,-57,40,-50,44,-52,44,-52,44,-50,42,-48,50,-44,50,-48,48,-44,52,-46,50,-40,48,-42,50,-42,54,-35,50,-40,50,-31,48,-35,48,-27,52,-25,48,-21,48,-21,50,-16,48,-14,48,-4,48,-4,44,-8,44,-4,40,2,0,0,0,0,0,0,0,0,0,0]"""
1782173640696,2026-06-23T09:14:00.696,warning,breathing,lmh,lying_fast_breath,t001,"CSI_DATA,18142,1a:00:00:00:00:00,-61,11,-98,19,44,11,126535498,47,2,256,0,""[0,0,0,0,0,0,0,0,0,0,0,0,41,-6,41,-6,45,-4,50,0,47,-2,50,2,50,4,56,4,58,6,63,13,58,10,60,8,67,15,71,13,67,26,67,21,71,23,69,30,67,23,65,36,73,36,71,36,67,39,73,39,71,45,69,32,65,43,71,43,69,47,67,39,63,41,69,47,71,43,65,39,71,43,71,39,63,36,71,36,71,41,76,32,71,36,76,30,69,36,82,36,71,34,76,34,73,39,80,34,80,41,82,43,82,41,80,43,82,52,76,58,89,54,78,50,80,56,0,0,0,0,0,0,54,-71,63,-73,54,-73,50,-65,56,-63,50,-58,50,-65,60,-58,52,-52,50,-54,45,-50,50,-50,45,-63,50,-54,52,-47,45,-52,45,-58,45,-52,47,-47,45,-52,39,-54,47,-47,41,-52,45,-47,47,-50,50,-50,45,-43,43,-50,47,-47,39,-52,47,-47,50,-47,52,-47,52,-45,50,-36,58,-41,54,-41,52,-39,58,-36,58,-30,52,-26,60,-28,60,-28,58,-21,56,-19,56,-23,56,-10,58,-19,52,-8,43,-10,50,-4,47,-2,43,-2,47,0,43,8,47,8,43,8,0,0,0,0,0,0,0,0,0,0]"""
1782173640705,2026-06-23T09:14:00.705,warning,breathing,lmh,lying_fast_breath,t001,"CSI_DATA,18143,1a:00:00:00:00:00,-61,11,-98,17,44,11,126544485,47,2,256,0,""[0,0,0,0,0,0,0,0,0,0,0,0,41,-4,43,0,46,2,50,6,48,11,43,13,50,13,46,18,55,23,59,23,55,23,57,27,62,27,59,32,52,43,55,43,59,43,57,46,55,46,57,50,57,50,48,57,52,55,57,57,55,64,50,48,43,59,50,66,50,66,52,62,41,64,48,66,43,62,43,62,48,71,46,64,36,57,50,64,55,62,55,69,48,59,39,71,57,66,69,36,25,29,43,50,-9,115,48,25,27,52,-9,57,46,57,117,66,18,27,-4,94,-9,52,23,145,41,133,0,0,0,0,0,0,87,57,87,18,131,-62,34,-11,59,23,145,9,64,-23,122,-20,92,-32,71,16,34,-43,66,11,57,16,62,-36,73,-11,50,-18,73,-11,66,-2,64,0,64,-6,59,-11,73,11,64,0,64,-2,66,0,66,2,59,2,66,-4,69,2,64,2,64,6,69,11,69,13,64,13,64,13,66,18,62,25,62,20,64,25,57,27,59,32,55,29,57,39,57,32,48,43,48,36,39,39,41,41,34,39,27,36,27,39,23,43,23,46,20,43,13,43,16,39,9,36,0,0,0,0,0,0,0,0,0,0]"""
1782173640719,2026-06-23T09:14:00.719,warning,breathing,lmh,lying_fast_breath,t001,"CSI_DATA,18144,1a:00:00:00:00:00,-61,11,-98,18,44,11,126556895,47,2,256,0,""[0,0,0,0,0,0,0,0,0,0,0,0,8,-40,15,-40,15,-42,17,-42,22,-44,17,-40,20,-47,24,-44,22,-53,24,-53,24,-55,24,-62,24,-64,22,-62,35,-62,26,-67,24,-69,31,-67,26,-64,31,-67,31,-62,29,-73,31,-71,26,-76,31,-76,17,-73,26,-71,26,-78,24,-76,17,-76,20,-71,20,-85,15,-78,11,-78,4,-82,2,-80,2,-73,-4,-78,-2,-80,-8,-80,-6,-80,-17,-78,-17,-82,-22,-87,-15,-78,-22,-78,-24,-80,-24,-71,-33,-78,-31,-85,-33,-82,-31,-82,-35,-85,-35,-87,-42,-85,-44,-85,-44,-82,0,0,0,0,0,0,-85,40,-85,38,-78,42,-73,38,-71,42,-71,42,-67,44,-73,42,-64,44,-58,40,-55,44,-55,38,-55,51,-55,47,-53,47,-44,51,-51,55,-42,58,-44,47,-38,53,-35,58,-42,55,-31,53,-33,58,-33,55,-31,58,-35,55,-26,62,-31,62,-22,62,-26,58,-26,64,-24,62,-24,64,-24,60,-29,64,-26,62,-26,62,-26,64,-29,55,-20,58,-26,60,-29,60,-26,58,-24,58,-26,53,-29,51,-29,53,-31,44,-29,42,-29,40,-26,35,-20,40,-29,40,-24,35,-26,33,-35,26,0,0,0,0,0,0,0,0,0,0]"""
1782173640742,2026-06-23T09:14:00.742,warning,breathing,lmh,lying_fast_breath,t001,"CSI_DATA,18146,1a:00:00:00:00:00,-61,11,-98,13,45,11,126580080,47,2,256,0,""[0,0,0,0,0,0,0,0,0,0,0,0,41,4,41,6,43,6,46,11,46,11,48,11,50,13,50,13,59,11,55,16,59,16,62,13,69,16,66,13,64,23,69,18,76,13,71,18,69,16,73,18,76,20,76,18,76,18,78,16,80,20,76,9,76,13,80,11,78,11,80,6,73,4,82,6,78,2,76,0,80,-4,82,-9,73,-9,82,-16,78,-16,78,-23,78,-20,76,-34,78,-25,76,-34,76,-29,73,-41,78,-34,71,-41,73,-41,78,-41,73,-43,76,-50,82,-48,80,-48,76,-57,78,-52,73,-55,0,0,0,0,0,0,-52,-76,-52,-71,-57,-66,-55,-66,-57,-62,-52,-64,-52,-57,-55,-59,-50,-52,-52,-55,-52,-48,-50,-46,-62,-46,-55,-43,-57,-46,-57,-36,-62,-34,-57,-34,-55,-34,-59,-29,-66,-25,-62,-29,-55,-23,-59,-25,-59,-23,-59,-20,-62,-23,-66,-13,-64,-23,-66,-9,-64,-16,-66,-16,-64,-18,-66,-13,-62,-9,-69,-16,-66,-13,-62,-13,-66,-13,-64,-13,-62,-11,-64,-16,-59,-16,-59,-16,-57,-20,-57,-13,-59,-18,-52,-16,-50,-20,-48,-18,-43,-20,-46,-16,-41,-23,-41,-27,-39,-23,-36,-20,-34,-25,0,0,0,0,0,0,0,0,0,0]"""
1782173640752,2026-06-23T09:14:00.752,warning,breathing,lmh,lying_fast_breath,t001,"CSI_DATA,18147,1a:00:00:00:00:00,-61,11,-98,19,44,11,126588485,47,2,256,0,""[0,0,0,0,0,0,0,0,0,0,0,0,-30,30,-32,26,-34,26,-41,34,-39,34,-43,28,-39,36,-43,30,-47,36,-50,39,-45,43,-43,43,-47,47,-50,52,-56,43,-56,45,-54,56,-54,47,-47,50,-56,58,-54,58,-52,60,-50,58,-50,63,-56,65,-45,63,-47,58,-47,65,-43,63,-39,71,-36,65,-36,76,-32,73,-28,76,-23,80,-19,71,-15,71,-10,78,-10,80,-2,87,-2,80,2,78,2,80,10,87,6,82,15,76,15,87,21,80,23,84,21,93,30,89,32,87,28,91,26,89,34,84,41,89,47,84,0,0,0,0,0,0,80,-45,82,-43,71,-52,69,-43,67,-45,67,-47,67,-50,69,-52,58,-52,58,-45,52,-52,52,-50,45,-58,47,-58,43,-56,36,-58,39,-65,32,-63,36,-58,28,-60,23,-63,26,-65,19,-60,19,-63,19,-63,19,-65,15,-63,6,-67,13,-76,2,-69,8,-60,6,-65,2,-69,2,-69,4,-60,4,-69,0,-69,0,-67,4,-69,2,-65,2,-63,2,-67,0,-67,2,-63,-2,-60,-2,-58,4,-56,-4,-58,4,-54,2,-47,4,-45,2,-45,2,-47,6,-52,4,-43,2,-43,10,-41,0,0,0,0,0,0,0,0,0,0]"""
1782173640762,2026-06-23T09:14:00.762,warning,breathing,lmh,lying_fast_breath,t001,"CSI_DATA,18148,1a:00:00:00:00:00,-61,11,-98,17,44,11,126599485,47,2,256,0,""[0,0,0,0,0,0,0,0,0,0,0,0,34,27,32,27,32,32,34,34,32,36,36,39,29,43,27,43,34,48,29,50,32,48,39,52,39,57,41,55,32,62,32,62,36,66,29,64,29,62,29,73,25,71,23,73,27,73,32,76,29,78,27,69,25,76,25,78,23,76,29,80,23,69,27,82,29,80,23,73,29,76,27,71,27,71,34,69,32,73,43,71,34,71,39,71,36,73,46,78,36,73,41,69,36,78,41,69,43,73,46,80,46,78,48,76,36,87,36,85,50,87,43,78,41,85,0,0,0,0,0,0,85,-23,80,-27,80,-36,80,-25,78,-29,73,-23,73,-29,82,-27,73,-23,71,-23,69,-20,69,-18,64,-25,64,-25,66,-25,62,-29,66,-32,66,-27,64,-25,64,-23,62,-25,62,-23,57,-27,59,-25,62,-23,66,-20,62,-25,57,-29,69,-25,59,-32,62,-23,64,-23,64,-20,59,-23,59,-20,69,-18,66,-18,66,-18,69,-16,66,-9,57,-11,64,-11,66,-4,62,-6,62,-2,59,-4,59,2,57,0,55,6,50,9,46,16,43,11,48,18,46,16,43,11,36,18,32,25,0,0,0,0,0,0,0,0,0,0]"""
1782173640771,2026-06-23T09:14:00.771,warning,breathing,lmh,lying_fast_breath,t001,"CSI_DATA,18149,1a:00:00:00:00:00,-61,11,-98,18,44,11,126610485,47,2,256,0,""[0,0,0,0,0,0,0,0,0,0,0,0,38,13,35,17,42,22,44,24,44,26,40,33,42,29,42,35,47,35,42,40,44,42,44,47,47,44,49,53,40,55,42,55,47,58,40,64,40,60,40,60,33,64,38,69,33,69,35,69,33,78,35,69,29,76,33,76,26,78,31,71,24,71,31,78,33,71,24,73,35,76,33,71,26,67,35,69,35,73,42,73,35,71,40,71,38,73,44,76,33,69,35,69,38,73,35,71,35,76,40,82,42,85,35,82,31,85,31,87,40,91,35,91,35,89,0,0,0,0,0,0,94,-13,94,-13,80,-20,85,-15,82,-15,78,-11,80,-15,80,-6,82,-11,73,-4,69,-4,69,-8,76,-8,73,-6,67,-4,67,-8,71,-8,71,-6,69,-4,64,-4,67,-8,71,-2,62,-11,69,-4,64,2,69,-4,67,0,71,-8,67,-6,67,-6,64,-2,64,0,69,2,69,0,64,2,69,8,71,11,67,13,71,13,60,13,60,13,62,20,60,22,55,20,55,24,53,26,47,29,51,26,40,31,40,31,35,35,33,29,35,33,31,35,26,38,26,35,17,38,0,0,0,0,0,0,0,0,0,0]"""
1782173640785,2026-06-23T09:14:00.785,warning,breathing,lmh,lying_fast_breath,t001,"CSI_DATA,18150,1a:00:00:00:00:00,-61,11,-98,18,44,11,126623791,47,2,256,0,""[0,0,0,0,0,0,0,0,0,0,0,0,-17,40,-22,33,-24,35,-31,42,-29,38,-35,35,-33,38,-35,33,-42,40,-47,40,-47,40,-49,38,-53,42,-55,40,-62,31,-62,33,-62,42,-69,31,-69,29,-67,22,-71,17,-76,26,-73,24,-73,24,-80,22,-73,26,-76,17,-80,17,-76,15,-78,17,-76,15,-82,17,-76,15,-73,15,-78,15,-78,22,-71,20,-76,24,-80,20,-80,20,-82,17,-73,29,-78,24,-82,22,-78,20,-78,22,-82,24,-76,22,-80,15,-94,17,-89,15,-85,15,-98,13,-89,11,-94,13,-91,8,-91,13,0,0,0,0,0,0,-2,96,-6,91,0,91,-4,85,-6,80,-8,80,-13,82,-15,82,-13,76,-11,71,-11,71,-11,67,-8,73,-13,76,-17,67,-8,71,-6,73,-6,69,-17,67,-8,67,-4,69,-13,67,-11,60,-17,64,-17,64,-11,67,-11,64,-13,67,-22,64,-11,62,-17,58,-24,67,-29,60,-20,64,-22,62,-31,62,-31,62,-31,58,-35,60,-35,53,-35,51,-38,55,-42,53,-40,49,-44,40,-42,44,-40,35,-44,40,-47,33,-44,26,-47,26,-40,20,-44,20,-44,13,-42,13,-42,13,-47,2,0,0,0,0,0,0,0,0,0,0]"""
1782173640796,2026-06-23T09:14:00.796,warning,breathing,lmh,lying_fast_breath,t001,"CSI_DATA,18151,1a:00:00:00:00:00,-61,11,-98,18,44,11,126632485,47,2,256,0,""[0,0,0,0,0,0,0,0,0,0,0,0,-35,22,-33,20,-40,29,-42,24,-42,24,-44,24,-44,24,-47,26,-53,29,-51,31,-51,31,-53,33,-53,42,-55,40,-58,33,-62,33,-58,42,-64,38,-62,40,-58,38,-58,38,-67,42,-67,44,-58,51,-67,51,-55,53,-60,51,-60,53,-62,51,-55,58,-51,51,-58,62,-51,64,-49,62,-47,69,-42,64,-31,64,-31,73,-33,76,-24,78,-24,76,-24,76,-24,78,-15,89,-15,73,-15,78,-13,85,-6,80,-4,87,-6,91,2,91,4,91,-6,98,-4,91,4,94,8,89,11,96,0,0,0,0,0,0,91,-4,94,-8,91,-20,82,-11,80,-15,80,-17,85,-17,80,-20,71,-22,71,-20,69,-26,69,-24,67,-31,69,-38,64,-31,58,-40,62,-42,58,-40,55,-35,55,-40,51,-42,51,-40,40,-44,42,-44,47,-47,47,-47,40,-51,38,-55,42,-58,35,-58,35,-51,35,-55,40,-55,33,-58,35,-53,38,-58,40,-58,35,-55,38,-58,35,-53,31,-51,33,-55,31,-55,31,-53,33,-53,29,-51,33,-40,31,-53,31,-42,31,-44,29,-38,31,-38,29,-40,33,-40,31,-35,33,-26,33,-29,0,0,0,0,0,0,0,0,0,0]"""
1782173640806,2026-06-23T09:14:00.806,warning,breathing,lmh,lying_fast_breath,t001,"CSI_DATA,18152,1a:00:00:00:00:00,-61,11,-98,19,44,11,126643485,47,2,256,0,""[0,0,0,0,0,0,0,0,0,0,0,0,-15,36,-17,39,-19,45,-19,43,-23,47,-23,41,-28,47,-28,47,-23,54,-28,56,-28,52,-34,56,-34,65,-28,65,-36,56,-36,60,-34,60,-43,65,-30,54,-36,69,-34,69,-39,67,-39,71,-39,71,-36,73,-32,71,-36,67,-34,69,-34,80,-28,73,-28,69,-28,78,-21,78,-19,73,-15,80,-10,76,-10,73,-6,82,-6,84,0,84,0,78,8,84,2,78,8,89,4,78,13,82,13,82,21,80,17,87,19,97,23,89,19,87,19,91,17,95,28,93,23,87,28,91,0,0,0,0,0,0,87,-23,91,-28,80,-32,82,-26,82,-30,73,-23,80,-32,78,-34,78,-34,65,-23,67,-28,60,-30,63,-34,65,-41,58,-30,56,-39,60,-43,56,-41,52,-36,50,-43,47,-47,52,-47,41,-45,47,-47,47,-50,47,-47,43,-50,39,-54,45,-56,36,-56,43,-52,41,-52,43,-56,36,-56,36,-52,43,-54,39,-60,36,-54,41,-56,41,-45,39,-54,39,-50,43,-52,41,-52,36,-47,36,-50,36,-41,36,-50,39,-36,32,-30,36,-34,32,-32,36,-30,36,-30,39,-21,34,-21,36,-19,0,0,0,0,0,0,0,0,0,0]"""
1782173640815,2026-06-23T09:14:00.815,warning,breathing,lmh,lying_fast_breath,t001,"CSI_DATA,18153,1a:00:00:00:00:00,-61,11,-98,17,44,11,126654484,47,2,256,0,""[0,0,0,0,0,0,0,0,0,0,0,0,43,0,39,4,46,6,50,13,46,11,48,18,46,18,48,23,55,25,48,29,52,29,55,32,62,34,57,39,55,43,55,46,62,46,50,52,52,55,52,52,46,55,52,59,43,57,46,62,55,66,52,62,41,69,46,71,41,66,46,66,39,64,48,73,41,69,43,66,43,69,43,66,36,62,50,66,46,69,43,64,43,69,48,62,50,71,52,69,43,73,46,69,48,76,46,69,41,71,46,76,46,80,43,76,36,87,32,80,41,85,41,89,41,89,0,0,0,0,0,0,89,-23,87,-23,82,-25,80,-20,80,-20,80,-11,78,-16,89,-13,73,-6,76,-6,66,-11,71,-4,73,-9,76,-6,69,-6,69,-16,73,-6,66,-6,69,0,59,-6,73,-11,66,0,69,-6,69,-2,66,-2,66,-4,64,2,69,-6,71,0,64,0,64,6,69,6,66,6,66,2,64,4,73,16,64,16,66,16,66,18,62,23,55,23,62,25,57,29,57,29,50,34,46,32,46,36,50,32,36,32,36,34,29,39,29,36,27,36,25,36,23,43,13,39,13,43,0,0,0,0,0,0,0,0,0,0]"""
1782173640827,2026-06-23T09:14:00.827,warning,breathing,lmh,lying_fast_breath,t001,"CSI_DATA,18154,1a:00:00:00:00:00,-61,11,-98,17,44,11,126665484,47,2,256,0,""[0,0,0,0,0,0,0,0,0,0,0,0,-29,27,-34,25,-34,32,-39,32,-36,27,-41,29,-39,32,-43,27,-43,39,-46,36,-48,39,-48,39,-48,48,-50,50,-52,46,-52,48,-50,55,-55,48,-52,50,-52,50,-52,43,-52,57,-55,50,-55,59,-55,59,-43,62,-48,64,-48,64,-46,64,-36,73,-36,62,-39,76,-34,71,-32,69,-27,76,-20,76,-23,73,-13,78,-18,78,-4,80,-11,80,2,78,-2,80,6,89,4,78,11,80,11,82,13,80,20,85,18,89,27,87,29,80,25,92,25,87,39,89,39,89,43,87,0,0,0,0,0,0,87,-39,80,-39,73,-46,73,-36,71,-41,71,-41,64,-48,66,-50,57,-46,62,-43,52,-46,50,-43,50,-55,48,-55,48,-48,41,-55,39,-59,36,-57,34,-55,29,-57,27,-64,27,-57,25,-59,25,-59,27,-59,20,-64,23,-62,13,-64,20,-64,9,-69,13,-64,16,-69,9,-64,4,-71,2,-62,11,-71,6,-66,6,-64,9,-69,9,-62,4,-57,9,-66,6,-66,4,-59,6,-59,2,-57,6,-59,2,-55,11,-50,6,-48,6,-52,6,-48,6,-46,9,-48,11,-46,13,-41,13,-39,0,0,0,0,0,0,0,0,0,0]"""
1782173640836,2026-06-23T09:14:00.836,warning,breathing,lmh,lying_fast_breath,t001,"CSI_DATA,18155,1a:00:00:00:00:00,-61,11,-98,18,44,11,126676484,47,2,256,0,""[0,0,0,0,0,0,0,0,0,0,0,0,33,29,26,31,29,38,31,40,31,42,24,40,26,47,24,49,29,51,24,51,24,55,26,58,31,64,24,64,20,62,22,71,26,69,15,76,15,71,13,69,8,71,17,76,13,80,13,80,15,87,13,76,6,76,11,80,8,80,11,78,8,76,13,78,13,78,15,76,15,82,17,78,15,73,15,76,15,82,24,76,20,80,24,80,20,78,33,82,20,76,26,73,24,80,26,76,26,82,24,91,29,89,24,82,20,89,15,91,26,91,26,94,24,91,0,0,0,0,0,0,87,-13,94,-11,85,-24,80,-11,87,-15,76,-6,80,-11,85,-11,78,-8,73,-8,67,-11,71,-6,73,-15,73,-8,69,-6,67,-8,71,-11,69,-8,67,-4,67,-11,62,-13,69,-8,60,-11,60,-13,64,-8,64,-15,69,-6,67,-13,67,-11,62,-15,62,-6,67,-6,67,-8,64,-11,62,-6,69,-2,67,-4,67,-4,71,0,64,6,60,6,64,6,64,13,62,6,60,13,58,15,53,15,55,17,42,24,49,17,49,29,42,20,40,24,38,29,31,26,31,29,24,31,0,0,0,0,0,0,0,0,0,0]"""
1782173640848,2026-06-23T09:14:00.848,warning,breathing,lmh,lying_fast_breath,t001,"CSI_DATA,18156,1a:00:00:00:00:00,-61,11,-98,18,44,11,126687484,47,2,256,0,""[0,0,0,0,0,0,0,0,0,0,0,0,2,42,0,42,4,47,0,49,0,47,-4,51,2,53,-6,53,-4,60,-4,60,-6,62,-4,62,-2,67,-4,69,-8,67,-8,64,-4,78,-13,73,-11,71,-11,78,-11,78,-11,80,-13,73,-8,78,-8,82,-4,80,-13,73,-8,80,-4,78,2,82,-4,73,-2,87,2,78,4,80,6,82,11,80,13,71,15,76,15,78,22,78,24,78,29,76,22,80,35,80,24,78,31,73,33,78,35,71,38,80,40,82,44,78,40,76,42,85,40,80,47,85,49,85,49,82,0,0,0,0,0,0,82,-44,85,-42,73,-49,69,-42,71,-42,67,-40,69,-47,71,-44,62,-47,64,-42,60,-42,55,-40,53,-49,55,-44,53,-47,51,-47,49,-55,49,-49,49,-47,44,-49,38,-55,47,-47,35,-53,35,-49,42,-53,33,-53,35,-51,31,-60,35,-62,31,-60,38,-51,38,-55,35,-60,31,-60,33,-53,40,-58,35,-60,33,-58,35,-58,38,-49,31,-49,38,-53,38,-53,38,-51,40,-47,33,-49,40,-42,33,-44,38,-40,31,-38,40,-33,35,-29,35,-29,33,-29,38,-29,35,-24,38,-22,0,0,0,0,0,0,0,0,0,0]"""
1782173640859,2026-06-23T09:14:00.859,warning,breathing,lmh,lying_fast_breath,t001,"CSI_DATA,18157,1a:00:00:00:00:00,-61,11,-98,17,44,11,126698484,47,2,256,0,""[0,0,0,0,0,0,0,0,0,0,0,0,18,34,13,39,18,43,18,48,16,48,13,50,9,50,13,52,16,57,11,55,9,64,11,59,16,66,9,66,4,71,11,64,18,73,9,76,9,73,0,76,0,82,11,80,2,76,11,82,6,87,13,76,9,76,9,80,6,76,16,82,9,71,11,85,16,78,16,76,20,80,23,76,18,66,27,73,25,78,32,78,32,78,36,69,32,80,39,73,29,73,41,76,36,78,41,69,41,76,43,82,48,78,50,76,41,87,39,80,50,85,52,82,48,80,0,0,0,0,0,0,89,-41,80,-41,80,-46,69,-39,69,-39,71,-34,71,-41,76,-39,66,-32,69,-34,64,-41,59,-32,62,-41,62,-36,57,-36,52,-36,59,-48,57,-41,57,-36,50,-41,48,-46,52,-39,46,-43,52,-36,52,-36,46,-43,48,-36,46,-52,52,-43,46,-50,46,-39,52,-46,46,-48,46,-48,48,-41,57,-50,52,-46,52,-46,55,-41,50,-36,48,-36,52,-36,55,-36,52,-36,52,-27,46,-27,52,-29,48,-27,52,-18,46,-18,46,-13,43,-13,48,-18,46,-9,43,-6,41,-6,46,0,0,0,0,0,0,0,0,0,0,0]"""
1782173640871,2026-06-23T09:14:00.871,warning,breathing,lmh,lying_fast_breath,t001,"CSI_DATA,18158,1a:00:00:00:00:00,-61,11,-98,22,43,11,126709542,47,2,256,0,""[0,0,0,0,0,0,0,0,0,0,0,0,-38,15,-40,15,-40,17,-44,17,-49,11,-49,13,-49,15,-53,13,-58,20,-60,17,-58,17,-62,20,-62,26,-62,24,-69,20,-69,22,-69,33,-76,22,-69,26,-67,26,-71,20,-69,33,-76,26,-73,35,-78,38,-64,35,-69,33,-71,38,-73,35,-67,47,-64,42,-71,47,-64,49,-58,51,-58,60,-55,60,-49,55,-49,62,-51,64,-42,64,-49,71,-40,76,-35,73,-31,85,-35,73,-31,80,-29,82,-22,78,-24,87,-26,89,-22,91,-20,89,-24,94,-22,94,-17,96,-11,96,-8,91,0,0,0,0,0,0,94,13,89,8,87,2,85,2,80,0,80,4,82,-4,82,-4,78,-6,78,-2,73,-6,69,-8,69,-17,73,-15,69,-13,69,-22,67,-29,62,-22,64,-22,60,-31,60,-35,62,-29,53,-35,60,-35,55,-31,55,-38,55,-38,49,-44,53,-47,49,-49,51,-42,47,-47,49,-47,49,-47,44,-47,53,-51,47,-49,47,-49,51,-49,44,-42,44,-47,53,-47,49,-47,42,-44,47,-42,42,-47,40,-38,38,-42,44,-33,40,-35,40,-33,35,-31,40,-33,40,-29,35,-26,33,-24,42,-24,0,0,0,0,0,0,0,0,0,0]"""
1782173640879,2026-06-23T09:14:00.879,warning,breathing,lmh,lying_fast_breath,t001,"CSI_DATA,18159,1a:00:00:00:00:00,-61,11,-98,13,45,11,126720669,47,2,256,0,""[0,0,0,0,0,0,0,0,0,0,0,0,29,29,29,34,29,34,27,39,27,41,23,46,25,46,23,50,25,55,20,55,25,59,23,59,27,64,23,66,13,71,18,73,23,71,13,78,13,71,11,71,6,78,13,78,6,78,11,80,6,85,11,78,2,80,4,82,2,78,13,80,4,76,4,82,6,78,9,78,9,80,9,82,6,76,13,80,11,80,16,80,11,80,18,80,16,85,20,85,11,80,18,80,16,82,20,82,18,85,18,92,18,87,16,92,9,96,6,92,16,94,16,94,16,92,0,0,0,0,0,0,94,2,89,0,87,-6,85,0,85,2,80,9,78,-2,80,2,76,2,73,9,71,2,69,4,76,0,73,2,71,4,66,0,73,0,66,0,69,2,66,0,66,-4,69,2,62,-4,64,-2,64,0,69,0,64,4,62,-2,69,0,64,0,64,2,66,6,66,2,66,2,62,9,66,13,64,11,62,11,64,16,62,20,59,18,59,23,57,25,57,18,52,25,55,25,52,29,50,27,41,32,41,27,34,34,34,29,32,36,34,36,27,36,23,39,20,36,0,0,0,0,0,0,0,0,0,0]"""
1782173640896,2026-06-23T09:14:00.896,warning,breathing,lmh,lying_fast_breath,t001,"CSI_DATA,18160,1a:00:00:00:00:00,-61,11,-98,17,44,11,126736142,47,2,256,0,""[0,0,0,0,0,0,0,0,0,0,0,0,43,4,43,4,48,6,48,11,48,13,48,16,48,16,48,20,57,23,55,25,52,23,57,27,66,29,64,32,57,36,62,39,66,34,59,46,55,43,64,43,62,43,64,50,62,50,64,50,62,57,62,46,55,55,59,55,57,57,59,50,57,52,62,62,59,50,59,52,66,52,62,48,62,46,64,46,62,50,69,43,69,48,71,39,62,43,73,46,62,46,69,41,71,48,71,36,76,48,78,55,76,50,78,46,76,57,73,57,80,55,76,55,76,59,0,0,0,0,0,0,66,-66,69,-62,55,-64,59,-57,59,-59,62,-52,55,-62,64,-59,57,-52,50,-48,50,-52,48,-46,46,-55,55,-50,52,-48,46,-52,50,-55,48,-52,50,-43,43,-52,43,-52,52,-48,39,-43,41,-50,50,-46,50,-48,46,-46,43,-50,50,-50,43,-50,48,-50,48,-46,52,-48,50,-48,46,-43,57,-43,52,-46,55,-36,57,-39,55,-39,52,-34,52,-29,59,-27,57,-32,59,-23,55,-25,55,-18,59,-23,46,-13,46,-11,50,-6,46,-6,48,-2,52,-2,48,0,43,6,41,6,0,0,0,0,0,0,0,0,0,0]"""
1782173640907,2026-06-23T09:14:00.907,warning,breathing,lmh,lying_fast_breath,t001,"CSI_DATA,18161,1a:00:00:00:00:00,-61,11,-98,14,45,11,126742711,47,2,256,0,""[0,0,0,0,0,0,0,0,0,0,0,0,11,-40,15,-38,13,-42,17,-44,17,-47,22,-44,17,-47,20,-51,20,-53,22,-60,22,-58,17,-60,17,-69,20,-67,26,-67,22,-69,13,-67,24,-71,17,-67,20,-73,20,-76,20,-80,15,-76,15,-80,15,-85,4,-78,11,-78,6,-80,6,-82,0,-80,0,-73,-6,-85,-8,-82,-8,-80,-20,-80,-24,-78,-22,-71,-29,-69,-29,-76,-42,-76,-35,-76,-47,-69,-40,-67,-53,-69,-47,-62,-51,-62,-53,-67,-60,-55,-62,-60,-69,-64,-64,-62,-73,-55,-69,-60,-71,-55,-78,-53,-76,-53,-78,-51,0,0,0,0,0,0,-51,80,-49,82,-35,78,-35,73,-31,76,-31,71,-26,76,-26,80,-26,73,-24,67,-17,67,-15,67,-11,71,-6,73,-8,69,0,64,2,73,2,69,0,69,8,67,13,62,6,64,15,60,13,64,11,64,20,67,17,60,29,58,26,67,31,55,26,60,31,58,29,64,35,60,33,51,33,62,35,60,33,55,35,58,31,55,31,51,33,51,35,58,35,55,31,55,35,47,24,47,31,51,26,42,24,42,22,42,22,38,22,42,17,44,17,35,15,35,11,38,0,0,0,0,0,0,0,0,0,0]"""
1782173640927,2026-06-23T09:14:00.927,warning,breathing,lmh,lying_fast_breath,t001,"CSI_DATA,18162,1a:00:00:00:00:00,-61,11,-98,18,44,11,126753484,47,2,256,0,""[0,0,0,0,0,0,0,0,0,0,0,0,31,29,29,29,31,33,35,40,31,42,26,42,29,44,26,44,29,51,31,51,29,53,33,55,33,58,33,64,26,67,24,64,31,71,20,71,20,69,17,67,15,69,22,78,13,76,17,76,20,87,20,76,17,78,15,78,13,78,17,78,13,69,20,82,17,78,15,78,22,78,20,78,20,73,26,76,24,78,29,76,24,78,33,73,22,76,33,82,26,78,26,71,22,76,33,76,29,80,26,87,31,87,31,85,29,87,22,91,29,91,26,89,31,91,0,0,0,0,0,0,96,-11,91,-13,87,-29,82,-11,80,-13,80,-6,76,-11,85,-11,80,-8,71,-6,71,-11,67,-4,73,-13,71,-11,71,-8,64,-11,69,-15,69,-13,64,-8,67,-11,64,-17,69,-11,62,-11,60,-13,64,-4,67,-6,64,-8,62,-17,69,-8,64,-15,62,-4,69,-6,67,-8,67,-8,64,-6,71,0,67,0,67,-2,69,4,67,6,60,4,64,8,67,13,64,8,62,13,58,15,53,15,58,13,47,17,49,22,42,24,42,22,40,20,35,29,35,31,35,26,22,35,0,0,0,0,0,0,0,0,0,0]"""
1782173640936,2026-06-23T09:14:00.936,warning,breathing,lmh,lying_fast_breath,t001,"CSI_DATA,18164,1a:00:00:00:00:00,-61,11,-98,16,44,11,126775484,47,2,256,0,""[0,0,0,0,0,0,0,0,0,0,0,0,7,42,7,45,4,49,2,49,2,49,2,49,-4,52,-2,54,-2,61,-11,64,-7,61,-7,59,-4,68,-4,68,-14,68,-14,73,-4,73,-18,78,-14,68,-9,73,-14,73,-16,80,-21,78,-16,75,-21,82,-11,78,-23,75,-18,82,-21,78,-9,75,-14,75,-14,82,-16,80,-9,78,-11,82,-2,82,-7,78,0,78,-9,80,2,85,-2,82,11,82,4,78,9,87,4,75,9,80,7,85,16,78,11,85,11,97,16,92,18,90,4,94,7,90,16,97,16,92,21,90,0,0,0,0,0,0,87,-9,94,-7,90,-16,87,-4,87,-14,80,0,82,-11,80,-11,80,-11,71,-7,73,-14,71,-11,73,-14,80,-14,66,-11,66,-16,73,-23,66,-18,64,-14,66,-21,64,-26,66,-16,56,-23,64,-18,66,-18,61,-23,66,-21,64,-30,68,-23,59,-30,64,-18,66,-21,66,-23,59,-28,61,-23,66,-21,66,-21,61,-23,66,-21,66,-14,61,-18,61,-16,64,-11,61,-14,61,-7,59,-14,59,-4,61,-4,49,2,54,0,52,4,49,2,49,4,49,9,37,9,45,9,40,14,0,0,0,0,0,0,0,0,0,0]"""
1782173640948,2026-06-23T09:14:00.948,warning,breathing,lmh,lying_fast_breath,t001,"CSI_DATA,18165,1a:00:00:00:00:00,-61,11,-98,18,44,11,126787556,47,2,256,0,""[0,0,0,0,0,0,0,0,0,0,0,0,44,2,40,4,47,8,49,13,49,13,47,15,47,17,47,22,55,26,55,29,53,26,53,33,58,35,62,38,53,44,55,44,55,44,53,53,53,55,49,53,42,58,51,58,47,64,51,60,51,69,49,60,42,64,47,71,44,67,49,62,40,64,44,73,44,64,44,64,44,67,47,67,42,62,53,62,44,64,51,62,51,69,49,60,44,69,53,71,44,67,51,69,47,71,49,69,51,69,49,76,53,76,47,76,42,89,40,85,51,82,44,82,47,85,0,0,0,0,0,0,91,-29,94,-31,87,-35,80,-24,82,-22,80,-22,78,-20,85,-22,76,-17,71,-11,67,-17,69,-11,78,-13,73,-15,69,-8,67,-15,73,-17,69,-11,71,-8,64,-13,64,-13,71,-8,62,-13,67,-11,64,-2,69,-8,67,-2,67,-15,71,-6,69,-13,67,-6,67,-4,71,-2,67,0,64,0,73,6,71,8,64,6,71,11,64,13,62,15,64,20,62,22,60,20,60,26,58,24,53,26,55,26,42,31,42,29,40,35,38,29,33,35,31,40,29,35,24,38,15,40,0,0,0,0,0,0,0,0,0,0]"""
1782173640957,2026-06-23T09:14:00.957,warning,breathing,lmh,lying_fast_breath,t001,"CSI_DATA,18166,1a:00:00:00:00:00,-61,11,-98,16,44,11,126797484,47,2,256,0,""[0,0,0,0,0,0,0,0,0,0,0,0,33,23,33,26,33,33,33,33,35,35,28,40,33,40,28,45,37,52,33,54,33,56,33,54,37,59,35,61,21,66,30,66,30,66,18,73,23,71,21,66,18,68,18,78,16,80,21,78,21,82,18,75,11,73,14,82,11,78,16,80,9,75,16,85,11,80,14,78,14,80,11,78,14,75,18,78,18,78,26,78,16,78,26,80,21,82,28,87,14,78,18,80,18,80,21,78,21,82,21,92,18,87,21,90,9,92,9,94,23,94,16,87,18,92,0,0,0,0,0,0,97,-4,97,2,87,-7,85,4,90,2,80,0,80,0,90,7,80,4,73,9,73,7,73,11,75,2,73,4,71,7,66,4,71,-2,68,2,68,7,66,0,66,0,66,4,64,4,61,2,66,9,68,4,64,11,68,0,68,9,64,0,61,11,66,11,64,11,66,11,61,14,68,21,66,21,64,16,66,23,61,28,59,23,59,28,59,33,54,28,49,30,52,33,47,33,47,33,40,35,35,35,33,40,28,35,28,40,28,40,21,40,14,40,11,42,0,0,0,0,0,0,0,0,0,0]"""
1782173640971,2026-06-23T09:14:00.971,warning,breathing,lmh,lying_fast_breath,t001,"CSI_DATA,18167,1a:00:00:00:00:00,-61,11,-98,13,45,11,126810803,47,2,256,0,""[0,0,0,0,0,0,0,0,0,0,0,0,16,41,11,41,9,46,4,48,9,48,2,48,4,52,2,52,0,59,-4,62,-6,64,-2,64,-4,69,-11,69,-16,64,-20,73,-16,78,-25,73,-25,64,-27,66,-27,66,-32,71,-34,71,-34,71,-36,71,-29,73,-41,73,-39,71,-46,66,-36,66,-36,66,-41,71,-41,66,-41,69,-41,73,-39,71,-39,69,-36,71,-36,71,-32,76,-36,66,-32,80,-39,73,-34,78,-36,71,-32,71,-41,78,-34,73,-39,76,-46,80,-46,76,-46,80,-55,78,-52,80,-52,80,-50,76,-52,76,0,0,0,0,0,0,64,64,62,66,64,55,59,66,62,66,50,59,57,59,55,57,52,57,48,55,46,57,46,55,50,57,43,57,46,57,48,50,50,52,43,52,36,50,46,57,50,52,43,57,39,46,39,52,39,57,39,55,43,52,46,50,39,55,43,50,39,52,39,55,32,62,34,55,32,59,29,59,27,62,29,57,27,64,18,66,18,59,16,64,11,64,9,62,4,57,6,59,2,57,2,57,-4,52,-4,52,-6,50,-9,50,-11,46,-16,46,-16,39,-16,41,-25,36,0,0,0,0,0,0,0,0,0,0]"""
1782173640984,2026-06-23T09:14:00.984,warning,breathing,lmh,lying_fast_breath,t001,"CSI_DATA,18168,1a:00:00:00:00:00,-61,11,-98,18,44,11,126821717,47,2,256,0,""[0,0,0,0,0,0,0,0,0,0,0,0,-17,-35,-13,-38,-13,-42,-13,-49,-8,-49,-6,-51,-8,-49,-6,-51,-11,-55,-8,-60,-4,-64,-6,-64,-11,-67,-6,-71,0,-69,0,-69,-4,-73,-4,-69,-2,-69,2,-78,0,-85,2,-78,2,-78,-4,-80,2,-85,-2,-73,6,-73,2,-85,0,-80,-4,-80,2,-76,-2,-85,-4,-80,-11,-78,-13,-82,-11,-73,-13,-73,-15,-78,-17,-80,-26,-80,-22,-82,-24,-73,-22,-80,-29,-80,-24,-80,-26,-78,-29,-82,-31,-76,-26,-78,-29,-87,-33,-82,-31,-78,-26,-94,-29,-85,-40,-87,-42,-89,-33,-91,0,0,0,0,0,0,-89,20,-82,26,-89,31,-78,22,-80,29,-82,26,-76,26,-80,26,-67,26,-73,22,-76,26,-62,24,-67,29,-64,24,-67,26,-62,35,-64,35,-62,33,-62,29,-58,29,-58,35,-60,33,-55,40,-55,33,-58,35,-55,33,-53,33,-53,44,-62,38,-53,42,-53,35,-60,38,-60,40,-51,42,-55,31,-64,40,-60,38,-60,35,-60,35,-58,26,-55,29,-60,24,-60,31,-58,24,-60,22,-55,22,-60,17,-58,20,-60,15,-51,11,-49,11,-44,8,-47,4,-47,2,-51,-4,-42,-4,-42,-6,0,0,0,0,0,0,0,0,0,0]"""
1782173640995,2026-06-23T09:14:00.995,warning,breathing,lmh,lying_fast_breath,t001,"CSI_DATA,18169,1a:00:00:00:00:00,-61,11,-98,16,44,11,126830517,47,2,256,0,""[0,0,0,0,0,0,0,0,0,0,0,0,-26,-30,-21,-37,-28,-37,-21,-42,-18,-40,-18,-45,-16,-45,-16,-52,-18,-56,-18,-56,-18,-56,-14,-61,-16,-66,-16,-68,-7,-73,-9,-68,-16,-73,-9,-73,-7,-68,-2,-75,-2,-78,-2,-78,-2,-75,-7,-78,-4,-85,-7,-78,0,-78,4,-85,-2,-80,-4,-80,0,-73,-2,-87,0,-85,-2,-80,2,-85,-2,-82,-4,-75,-4,-78,-4,-80,-11,-82,-11,-85,-14,-80,-11,-85,-16,-85,-7,-78,-11,-78,-9,-82,-14,-82,-14,-82,-9,-92,-9,-87,-16,-90,-7,-97,2,-90,-11,-94,-14,-94,-7,-97,0,0,0,0,0,0,-97,-4,-87,-9,-92,-2,-85,-11,-85,-4,-78,-7,-85,-2,-87,-9,-78,-11,-71,-9,-73,-4,-68,-11,-75,-7,-71,-7,-68,-9,-68,-7,-78,-2,-71,-4,-68,-4,-66,-2,-68,4,-68,-7,-61,2,-66,-4,-66,-7,-66,-2,-64,-4,-68,2,-68,-7,-66,2,-66,-7,-71,-7,-66,-7,-68,-2,-61,-7,-71,-14,-66,-14,-68,-14,-66,-16,-61,-23,-56,-18,-59,-26,-56,-26,-59,-26,-54,-28,-56,-23,-49,-30,-52,-26,-42,-33,-40,-30,-37,-33,-33,-30,-30,-33,-30,-37,-30,-30,-26,-33,-21,-40,0,0,0,0,0,0,0,0,0,0]"""
1782173641005,2026-06-23T09:14:01.005,warning,breathing,lmh,lying_fast_breath,t001,"CSI_DATA,18170,1a:00:00:00:00:00,-61,11,-98,18,44,11,126842717,47,2,256,0,""[0,0,0,0,0,0,0,0,0,0,0,0,13,-38,17,-38,17,-40,24,-44,20,-44,22,-44,26,-44,26,-47,24,-53,29,-51,29,-58,24,-58,26,-60,29,-67,35,-62,29,-64,24,-73,31,-69,33,-69,31,-64,31,-60,29,-73,29,-71,24,-80,24,-78,15,-78,20,-76,20,-78,15,-78,6,-82,6,-76,6,-89,4,-82,2,-73,-2,-82,-11,-80,-8,-71,-17,-78,-13,-80,-24,-78,-26,-80,-38,-71,-31,-73,-42,-80,-38,-73,-40,-67,-44,-69,-47,-69,-47,-67,-53,-78,-60,-73,-58,-67,-60,-71,-53,-69,-71,-69,-62,-67,-64,-69,0,0,0,0,0,0,-69,71,-55,67,-53,78,-53,69,-44,64,-51,67,-42,67,-49,73,-40,69,-40,64,-31,62,-29,64,-29,69,-26,67,-20,69,-11,69,-17,73,-15,69,-17,69,-6,62,0,71,-8,67,0,67,-2,64,0,67,-2,71,2,64,15,67,8,71,17,62,11,67,11,67,15,67,24,64,20,62,20,73,17,67,15,62,17,69,13,62,20,60,17,64,20,62,20,60,15,60,17,58,22,58,22,55,11,51,13,47,8,49,6,42,13,49,4,47,6,44,6,40,2,44,0,0,0,0,0,0,0,0,0,0]"""
1782173641016,2026-06-23T09:14:01.016,warning,breathing,lmh,lying_fast_breath,t001,"CSI_DATA,18171,1a:00:00:00:00:00,-61,11,-98,16,44,11,126852956,47,2,256,0,""[0,0,0,0,0,0,0,0,0,0,0,0,9,-42,9,-42,9,-45,16,-47,21,-47,21,-47,21,-49,21,-49,28,-49,28,-52,26,-56,23,-54,28,-64,30,-66,33,-61,40,-66,33,-68,42,-61,35,-59,35,-66,37,-66,42,-66,42,-64,37,-68,45,-71,35,-71,40,-68,40,-68,40,-66,33,-73,33,-64,37,-75,37,-73,35,-71,30,-75,26,-73,21,-73,18,-78,18,-78,7,-85,16,-80,11,-80,14,-80,4,-85,11,-78,4,-82,9,-85,0,-80,7,-87,0,-94,2,-90,0,-87,7,-92,11,-94,-7,-94,-2,-94,-4,-99,0,0,0,0,0,0,-94,-2,-90,-4,-87,7,-85,-4,-85,0,-80,-2,-75,7,-90,2,-71,2,-75,0,-73,0,-73,2,-78,11,-71,9,-68,14,-68,18,-71,21,-68,18,-68,11,-66,21,-66,26,-64,16,-54,23,-61,18,-66,18,-64,21,-59,26,-59,33,-64,28,-59,33,-61,23,-64,23,-64,28,-66,28,-59,23,-68,26,-59,28,-59,23,-66,26,-66,14,-54,23,-64,18,-64,18,-59,26,-64,16,-59,16,-56,11,-56,14,-56,4,-54,7,-52,2,-47,2,-45,4,-47,0,-49,0,-42,-2,-42,-9,0,0,0,0,0,0,0,0,0,0]"""
1782173641026,2026-06-23T09:14:01.026,warning,breathing,lmh,lying_fast_breath,t001,"CSI_DATA,18172,1a:00:00:00:00:00,-61,11,-98,13,45,11,126863732,47,2,256,0,""[0,0,0,0,0,0,0,0,0,0,0,0,-6,43,-9,41,-13,41,-16,46,-18,46,-20,43,-23,48,-25,48,-27,55,-27,55,-29,57,-32,59,-32,62,-36,57,-43,55,-41,62,-41,66,-48,59,-43,52,-43,55,-50,55,-55,62,-57,57,-50,57,-57,64,-50,64,-57,62,-57,57,-59,57,-50,62,-52,57,-52,59,-50,62,-48,59,-48,64,-50,64,-46,62,-43,69,-43,66,-41,73,-43,69,-43,76,-46,71,-36,78,-39,69,-39,73,-46,73,-34,76,-41,76,-41,82,-39,78,-43,82,-50,80,-52,78,-46,87,-41,82,-43,80,0,0,0,0,0,0,76,57,76,57,71,46,73,52,73,50,62,46,66,43,64,48,64,43,57,46,62,41,57,43,66,41,62,39,59,36,62,34,66,32,62,32,57,36,62,32,62,32,64,36,52,23,55,32,52,32,59,29,62,34,62,25,62,29,66,23,62,32,59,36,59,32,57,32,59,34,55,39,52,34,55,36,55,39,55,43,52,39,48,41,50,43,50,41,43,43,46,43,36,46,36,43,27,43,32,43,27,41,27,39,20,36,18,46,18,39,13,41,9,41,0,0,0,0,0,0,0,0,0,0]"""
1782173641035,2026-06-23T09:14:01.035,warning,breathing,lmh,lying_fast_breath,t001,"CSI_DATA,18173,1a:00:00:00:00:00,-61,11,-98,13,45,11,126874483,47,2,256,0,""[0,0,0,0,0,0,0,0,0,0,0,0,27,34,23,36,23,39,23,43,18,46,18,48,16,50,16,50,18,57,18,57,11,64,13,66,16,69,9,69,2,69,2,78,9,76,-4,78,-2,69,2,76,-4,76,-6,76,-11,80,-9,80,-11,82,-11,78,-16,78,-16,80,-20,80,-13,78,-16,78,-16,80,-13,80,-16,76,-11,82,-11,82,-13,73,-13,82,-13,80,-9,82,-9,80,-9,85,-11,82,-4,87,-16,78,-9,85,-16,85,-6,80,-11,82,-13,89,-16,85,-16,89,-25,92,-27,89,-20,94,-16,92,-20,92,0,0,0,0,0,0,82,36,92,34,85,29,80,34,82,32,73,39,76,29,73,36,69,32,62,36,64,39,62,36,66,39,66,34,62,34,59,29,66,29,62,29,55,34,64,32,62,27,62,39,55,25,55,29,55,36,57,34,59,39,59,27,59,34,62,34,57,39,55,39,52,39,52,34,50,41,52,46,55,43,50,43,50,46,41,52,41,48,39,52,36,55,36,50,32,50,32,52,25,50,25,55,18,48,20,48,13,52,16,46,6,46,6,46,2,46,0,43,-9,43,0,0,0,0,0,0,0,0,0,0]"""
1782173641047,2026-06-23T09:14:01.047,warning,breathing,lmh,lying_fast_breath,t001,"CSI_DATA,18174,1a:00:00:00:00:00,-61,11,-98,19,44,11,126886434,47,2,256,0,""[0,0,0,0,0,0,0,0,0,0,0,0,39,21,34,26,34,28,36,36,36,36,34,36,34,36,34,43,39,47,39,50,36,52,39,50,36,56,41,58,32,65,32,65,34,65,34,73,32,69,23,69,26,76,28,73,28,73,32,73,28,78,32,73,26,76,23,76,23,82,30,76,21,69,28,80,26,78,30,78,34,80,34,73,26,67,30,69,32,73,41,78,36,73,43,71,36,76,43,78,32,71,39,73,36,76,45,73,41,82,41,84,41,80,41,76,39,87,32,84,43,91,43,87,45,87,0,0,0,0,0,0,95,-28,93,-28,89,-28,84,-23,84,-21,76,-19,82,-21,84,-19,78,-23,71,-17,69,-17,69,-15,73,-21,69,-19,69,-17,63,-21,73,-26,69,-21,69,-15,63,-21,63,-28,63,-13,63,-23,63,-19,67,-19,65,-23,60,-19,63,-28,71,-21,67,-28,65,-15,69,-17,67,-15,63,-19,63,-15,71,-10,65,-8,67,-8,69,-13,69,0,63,0,63,0,67,2,67,2,63,4,58,4,60,10,58,6,47,15,50,13,50,13,43,15,43,21,41,19,43,26,41,28,32,28,0,0,0,0,0,0,0,0,0,0]"""
1782173641057,2026-06-23T09:14:01.057,warning,breathing,lmh,lying_fast_breath,t001,"CSI_DATA,18175,1a:00:00:00:00:00,-61,11,-98,13,45,11,126896483,47,2,256,0,""[0,0,0,0,0,0,0,0,0,0,0,0,-2,43,-9,43,-6,43,-13,46,-13,46,-18,48,-18,48,-20,52,-20,57,-25,55,-25,57,-25,57,-25,64,-29,64,-36,59,-36,62,-36,66,-43,62,-36,59,-43,55,-48,55,-46,66,-50,64,-43,64,-50,69,-43,66,-50,64,-52,64,-52,64,-46,66,-48,62,-48,66,-43,64,-43,64,-43,69,-41,71,-36,64,-36,73,-36,69,-34,78,-36,73,-34,78,-36,78,-32,76,-34,73,-32,78,-39,78,-32,76,-32,80,-36,82,-29,82,-34,89,-43,87,-43,80,-36,87,-39,87,-32,82,0,0,0,0,0,0,80,50,80,46,76,36,76,46,76,41,69,41,69,39,73,39,66,39,62,39,64,36,62,36,69,34,64,32,62,34,64,29,66,27,64,29,59,32,62,29,62,25,62,32,57,18,55,23,57,29,59,25,62,25,62,20,62,25,64,20,62,25,66,29,59,29,62,27,57,27,62,32,59,29,57,29,59,34,55,36,52,34,55,36,52,41,52,39,46,41,48,39,36,41,41,39,34,39,34,36,32,41,27,39,23,36,18,41,18,39,18,36,13,41,0,0,0,0,0,0,0,0,0,0]"""
1782173641068,2026-06-23T09:14:01.068,warning,breathing,lmh,lying_fast_breath,t001,"CSI_DATA,18176,1a:00:00:00:00:00,-61,11,-98,20,44,11,126907498,47,2,256,0,""[0,0,0,0,0,0,0,0,0,0,0,0,12,40,10,38,8,48,10,48,6,50,4,50,12,52,8,57,10,59,6,61,10,61,12,65,12,67,12,67,0,65,10,73,19,73,8,78,8,73,6,71,2,78,10,76,12,82,16,82,16,82,23,76,12,78,19,80,21,82,25,80,27,73,31,80,33,80,27,73,35,76,40,71,42,69,46,69,40,73,48,65,48,67,57,57,54,63,61,61,54,59,61,54,61,61,67,54,63,57,71,63,71,59,71,50,69,65,71,59,80,54,78,52,84,50,0,0,0,0,0,0,50,-76,54,-82,40,-78,42,-73,40,-76,40,-67,38,-73,44,-76,35,-71,33,-67,31,-67,25,-67,23,-71,25,-69,23,-67,14,-67,19,-73,14,-67,16,-65,10,-67,4,-67,10,-69,2,-63,6,-67,8,-67,2,-67,4,-65,-6,-69,0,-73,-6,-67,-2,-65,-4,-67,-2,-71,-8,-71,-6,-65,-2,-71,-8,-73,-8,-69,-4,-71,-4,-65,-6,-61,-2,-67,-2,-69,-6,-67,0,-63,-6,-59,2,-57,2,-63,-2,-52,0,-50,6,-48,2,-48,8,-46,6,-48,12,-44,8,-40,16,-40,0,0,0,0,0,0,0,0,0,0]"""
1782173641079,2026-06-23T09:14:01.079,warning,breathing,lmh,lying_fast_breath,t001,"CSI_DATA,18177,1a:00:00:00:00:00,-61,11,-98,22,43,11,126918483,47,2,256,0,""[0,0,0,0,0,0,0,0,0,0,0,0,-17,38,-24,35,-26,38,-26,38,-29,40,-33,40,-33,42,-35,38,-40,44,-38,42,-42,49,-42,47,-47,53,-44,51,-49,49,-51,49,-53,58,-55,51,-51,51,-58,55,-58,53,-58,55,-58,53,-58,55,-62,60,-49,62,-53,53,-60,60,-55,55,-53,62,-53,60,-58,67,-51,62,-44,62,-44,69,-44,69,-42,62,-42,69,-40,73,-31,76,-35,69,-26,82,-31,76,-29,82,-35,78,-26,82,-26,85,-24,80,-22,85,-24,89,-20,91,-20,91,-31,91,-29,91,-20,94,-17,91,-17,89,0,0,0,0,0,0,82,31,91,26,91,17,87,20,80,17,80,20,82,11,85,22,78,15,76,17,73,15,69,11,73,6,76,4,71,11,67,2,76,2,67,2,67,6,64,0,71,-11,73,4,67,-8,69,-2,67,-2,67,-6,69,-8,69,-13,71,-11,67,-15,64,-8,69,-11,67,-13,67,-15,67,-11,69,-6,67,-6,69,-8,71,-6,69,0,64,-6,71,-4,71,-2,64,-6,62,0,62,-2,55,6,62,2,60,2,53,6,53,13,47,6,47,13,49,11,42,15,40,15,38,15,0,0,0,0,0,0,0,0,0,0]"""
1782173641091,2026-06-23T09:14:01.091,warning,breathing,lmh,lying_fast_breath,t001,"CSI_DATA,18178,1a:00:00:00:00:00,-61,11,-98,22,43,11,126930369,47,2,256,0,""[0,0,0,0,0,0,0,0,0,0,0,0,42,13,42,20,42,17,44,22,47,22,44,31,42,29,44,31,47,35,49,38,49,38,47,40,51,47,49,47,47,55,47,51,53,51,47,60,44,58,42,62,49,67,44,71,40,62,44,69,42,73,40,64,33,71,33,73,35,71,38,69,33,73,40,78,42,69,35,71,42,78,40,71,38,67,42,64,38,67,44,69,35,71,51,67,42,73,47,76,38,71,42,69,44,73,42,67,44,71,44,82,49,80,47,78,38,82,38,82,42,87,40,89,38,91,0,0,0,0,0,0,87,-29,80,-29,85,-26,80,-20,80,-24,78,-13,76,-17,85,-17,80,-17,76,-11,71,-13,67,-13,76,-17,71,-13,69,-13,64,-15,71,-17,69,-13,67,-13,67,-15,64,-17,64,-11,62,-17,67,-13,69,-8,69,-13,67,-6,69,-17,78,-13,64,-15,69,-6,71,-8,69,-6,69,-8,64,-2,71,0,69,0,67,0,71,6,62,11,60,6,67,11,64,15,62,13,58,24,58,17,53,22,60,22,47,24,44,26,42,26,38,24,38,26,35,33,31,33,29,33,22,35,0,0,0,0,0,0,0,0,0,0]"""
1782173641101,2026-06-23T09:14:01.101,warning,breathing,lmh,lying_fast_breath,t001,"CSI_DATA,18179,1a:00:00:00:00:00,-61,11,-98,13,45,11,126940483,47,2,256,0,""[0,0,0,0,0,0,0,0,0,0,0,0,6,43,4,43,4,43,2,48,0,48,-4,52,-2,55,-6,55,-6,59,-9,59,-13,66,-11,64,-13,66,-16,66,-23,64,-20,66,-18,76,-27,71,-27,66,-32,64,-36,64,-32,71,-36,71,-32,73,-34,73,-32,73,-41,71,-39,73,-41,69,-32,73,-36,69,-36,76,-34,71,-34,71,-36,73,-34,76,-29,69,-25,76,-32,73,-23,78,-29,76,-20,80,-25,80,-20,80,-29,76,-23,80,-27,80,-25,82,-25,82,-25,82,-23,85,-25,89,-34,89,-36,87,-29,89,-29,87,-27,85,0,0,0,0,0,0,80,39,80,39,80,32,76,41,71,41,71,39,71,36,71,43,69,36,64,43,64,36,62,34,69,34,59,32,59,36,59,29,66,29,57,27,55,32,62,29,64,23,59,34,57,23,59,25,55,32,57,29,57,27,62,23,62,29,59,25,59,29,62,34,57,34,57,29,57,32,59,39,55,36,52,36,55,41,50,43,46,39,50,43,46,48,46,41,39,43,41,43,32,48,36,43,27,46,27,46,25,48,23,39,18,41,13,39,13,46,9,39,4,43,0,0,0,0,0,0,0,0,0,0]"""
1782173641111,2026-06-23T09:14:01.111,warning,breathing,lmh,lying_fast_breath,t001,"CSI_DATA,18180,1a:00:00:00:00:00,-61,11,-98,13,45,11,126951483,47,2,256,0,""[0,0,0,0,0,0,0,0,0,0,0,0,25,39,20,36,20,41,20,43,16,48,16,46,16,48,13,52,16,59,9,62,6,62,6,66,9,66,6,69,-2,69,-2,78,0,76,-6,78,-4,69,-6,76,-9,78,-11,80,-13,82,-18,76,-20,85,-16,80,-25,76,-23,78,-27,78,-18,78,-25,76,-18,76,-18,78,-20,71,-18,80,-20,82,-18,73,-20,76,-20,80,-16,80,-18,78,-16,87,-20,80,-18,85,-20,73,-13,80,-18,85,-11,82,-18,82,-23,92,-23,82,-25,87,-32,87,-32,89,-27,92,-25,87,-29,87,0,0,0,0,0,0,80,46,80,43,76,34,73,46,76,43,64,46,71,43,66,41,64,43,57,43,59,41,57,39,66,41,59,36,57,43,57,41,64,39,57,39,50,41,57,41,59,36,52,46,46,32,52,36,50,39,52,39,52,43,52,36,52,43,55,39,48,46,48,48,52,50,48,43,48,48,43,48,46,48,46,48,41,50,34,57,36,50,29,59,29,59,27,57,18,55,25,57,13,50,20,52,9,48,9,48,6,48,6,48,4,48,0,46,-2,46,-6,41,-16,41,0,0,0,0,0,0,0,0,0,0]"""
1782173641124,2026-06-23T09:14:01.124,warning,breathing,lmh,lying_fast_breath,t001,"CSI_DATA,18181,1a:00:00:00:00:00,-61,11,-98,22,43,11,126962482,47,2,256,0,""[0,0,0,0,0,0,0,0,0,0,0,0,-40,-13,-42,-17,-47,-17,-44,-17,-51,-15,-47,-17,-49,-20,-51,-20,-60,-17,-55,-17,-58,-17,-62,-15,-67,-13,-67,-15,-67,-20,-71,-20,-76,-15,-76,-15,-64,-15,-76,-20,-80,-17,-78,-17,-80,-8,-78,-2,-82,-6,-80,0,-82,-2,-82,0,-85,-2,-76,6,-76,4,-80,11,-80,15,-76,15,-80,24,-78,24,-73,26,-71,35,-71,40,-69,49,-69,42,-64,51,-67,49,-60,58,-58,51,-53,62,-62,60,-55,67,-53,69,-55,76,-42,76,-44,73,-53,80,-51,78,-47,80,-42,85,-35,78,0,0,0,0,0,0,85,38,89,35,78,26,80,31,85,26,76,20,82,17,85,20,76,11,76,15,71,8,71,6,76,4,76,0,73,0,69,-6,71,-13,69,-15,69,-11,69,-17,64,-24,69,-22,58,-22,62,-26,60,-29,62,-26,60,-31,55,-42,55,-40,49,-47,55,-44,58,-44,55,-44,49,-47,51,-42,51,-44,51,-49,49,-47,51,-49,53,-47,47,-47,47,-47,51,-44,42,-44,47,-44,42,-49,42,-38,40,-42,38,-35,40,-35,40,-33,38,-33,35,-31,40,-31,33,-29,38,-26,35,-20,0,0,0,0,0,0,0,0,0,0]"""
1782173641149,2026-06-23T09:14:01.149,warning,breathing,lmh,lying_fast_breath,t001,"CSI_DATA,18183,1a:00:00:00:00:00,-61,11,-98,14,45,11,126986454,47,2,256,0,""[0,0,0,0,0,0,0,0,0,0,0,0,4,-40,8,-42,11,-44,17,-47,20,-47,20,-47,22,-49,22,-47,24,-58,33,-51,35,-58,33,-55,38,-58,42,-58,47,-53,47,-51,42,-62,53,-58,51,-51,60,-53,60,-49,58,-51,60,-51,60,-51,69,-53,55,-53,64,-49,67,-49,67,-47,60,-51,62,-47,69,-53,64,-47,60,-49,64,-51,60,-53,60,-51,58,-58,62,-51,55,-55,62,-53,51,-64,55,-58,62,-64,62,-58,58,-58,62,-60,58,-58,60,-55,69,-60,64,-60,64,-64,71,-60,73,-60,71,-60,73,-58,73,-55,0,0,0,0,0,0,-44,-80,-42,-80,-49,-71,-47,-73,-47,-71,-38,-67,-35,-69,-35,-76,-38,-67,-33,-67,-35,-67,-33,-60,-40,-62,-31,-67,-33,-67,-38,-58,-38,-64,-31,-60,-26,-62,-33,-53,-44,-55,-33,-60,-31,-53,-31,-55,-26,-58,-31,-58,-31,-60,-33,-55,-29,-62,-35,-58,-29,-60,-26,-62,-26,-60,-29,-60,-26,-60,-20,-69,-20,-64,-20,-62,-15,-67,-13,-64,-13,-62,-13,-64,-6,-64,-6,-60,0,-62,-6,-55,0,-53,4,-58,2,-51,6,-44,8,-51,8,-44,13,-42,15,-42,20,-40,13,-35,20,-33,0,0,0,0,0,0,0,0,0,0]"""
1782173641161,2026-06-23T09:14:01.161,warning,breathing,lmh,lying_fast_breath,t001,"CSI_DATA,18184,1a:00:00:00:00:00,-61,11,-98,19,44,11,126995958,47,2,256,0,""[0,0,0,0,0,0,0,0,0,0,0,0,-36,-21,-32,-23,-32,-30,-36,-34,-39,-32,-32,-39,-32,-41,-32,-43,-34,-52,-32,-45,-36,-52,-34,-54,-39,-54,-36,-56,-26,-67,-26,-65,-32,-67,-26,-71,-23,-67,-23,-71,-15,-67,-21,-76,-17,-73,-21,-76,-19,-82,-26,-76,-15,-78,-17,-84,-13,-78,-19,-80,-10,-71,-21,-84,-15,-80,-15,-78,-19,-84,-19,-78,-19,-71,-23,-78,-17,-82,-30,-80,-23,-82,-26,-73,-23,-78,-32,-80,-21,-78,-21,-80,-21,-80,-23,-80,-26,-80,-26,-93,-26,-87,-28,-89,-17,-93,-17,-89,-23,-97,-23,-93,-21,-91,0,0,0,0,0,0,-95,2,-93,4,-91,13,-84,0,-84,0,-82,0,-76,6,-84,2,-73,0,-76,0,-73,-4,-69,-4,-71,-2,-76,-2,-69,-2,-65,2,-76,6,-69,4,-69,-4,-65,0,-71,8,-67,-6,-60,2,-63,-2,-67,-2,-67,-6,-65,-10,-65,4,-69,-2,-65,0,-69,0,-71,-6,-63,-6,-69,-4,-60,-10,-73,-13,-69,-17,-63,-19,-67,-17,-63,-21,-56,-19,-60,-21,-60,-28,-56,-23,-56,-30,-54,-23,-47,-32,-50,-32,-43,-34,-36,-34,-34,-34,-32,-34,-30,-34,-30,-39,-26,-34,-23,-36,-17,-39,0,0,0,0,0,0,0,0,0,0]"""
1782173641171,2026-06-23T09:14:01.171,warning,breathing,lmh,lying_fast_breath,t001,"CSI_DATA,18185,1a:00:00:00:00:00,-61,11,-98,20,44,11,127008347,47,2,256,0,""[0,0,0,0,0,0,0,0,0,0,0,0,21,-35,25,-35,25,-40,29,-42,27,-42,29,-42,27,-46,33,-46,33,-54,31,-52,35,-52,33,-57,33,-63,33,-61,40,-57,35,-61,31,-65,42,-65,35,-67,33,-63,38,-63,35,-78,31,-73,31,-76,31,-78,21,-71,31,-76,25,-78,25,-78,14,-84,19,-73,14,-86,8,-82,6,-76,2,-86,-2,-82,-4,-73,-6,-80,-6,-78,-19,-80,-16,-82,-27,-76,-23,-78,-31,-78,-27,-76,-29,-71,-38,-73,-40,-65,-42,-73,-46,-82,-48,-78,-50,-71,-52,-80,-46,-76,-63,-80,-63,-76,-65,-78,0,0,0,0,0,0,-71,61,-69,61,-63,65,-61,59,-59,61,-54,57,-52,67,-54,63,-44,61,-46,59,-38,61,-40,57,-33,65,-35,65,-31,61,-25,63,-27,71,-25,65,-25,63,-16,63,-6,69,-16,65,-10,63,-8,63,-8,67,-8,67,-2,65,4,67,-2,71,6,65,2,67,4,67,4,69,14,71,10,63,10,71,10,67,10,63,8,69,8,65,8,61,8,65,6,65,12,63,8,61,14,59,4,57,6,59,4,57,6,50,4,48,4,44,4,48,-2,44,4,44,2,44,-6,38,0,0,0,0,0,0,0,0,0,0]"""
1782173641181,2026-06-23T09:14:01.181,warning,breathing,lmh,lying_fast_breath,t001,"CSI_DATA,18186,1a:00:00:00:00:00,-61,11,-98,16,44,11,127017744,47,2,256,0,""[0,0,0,0,0,0,0,0,0,0,0,0,37,18,37,21,40,26,42,28,40,30,40,33,35,35,40,40,45,40,45,40,47,42,45,42,47,47,47,52,37,59,47,56,52,56,42,66,42,66,37,61,30,66,45,66,37,64,40,66,45,71,45,64,40,66,42,68,40,66,47,68,40,61,45,71,42,66,42,66,47,71,47,64,45,61,54,56,47,66,56,64,52,64,54,54,56,64,64,61,52,61,59,59,59,59,59,61,64,64,66,66,61,64,61,61,66,73,61,68,71,71,64,66,64,68,0,0,0,0,0,0,78,-54,75,-52,68,-64,68,-49,61,-47,64,-47,66,-47,68,-49,59,-45,59,-45,56,-45,54,-40,56,-49,56,-45,56,-40,52,-45,56,-47,52,-45,56,-37,47,-45,47,-47,47,-42,47,-45,45,-45,54,-45,47,-45,47,-40,45,-52,49,-45,40,-49,49,-37,52,-47,49,-42,49,-49,49,-45,59,-40,54,-42,52,-40,59,-37,54,-33,54,-30,52,-30,59,-26,52,-28,59,-26,54,-26,54,-21,56,-21,54,-14,54,-11,47,-4,47,-4,49,-2,45,-4,45,0,42,2,40,7,0,0,0,0,0,0,0,0,0,0]"""
1782173641193,2026-06-23T09:14:01.193,warning,breathing,lmh,lying_fast_breath,t001,"CSI_DATA,18187,1a:00:00:00:00:00,-61,11,-98,13,45,11,127029962,47,2,256,0,""[0,0,0,0,0,0,0,0,0,0,0,0,-36,-18,-36,-20,-39,-25,-41,-29,-39,-32,-36,-36,-36,-39,-36,-43,-39,-46,-36,-46,-36,-50,-34,-52,-39,-57,-39,-59,-27,-59,-27,-69,-34,-69,-25,-73,-25,-66,-20,-69,-16,-78,-16,-73,-16,-80,-20,-78,-11,-80,-16,-78,-6,-80,-9,-82,-4,-78,-9,-82,-2,-78,-6,-82,-4,-80,-2,-78,-4,-82,-2,-80,-4,-76,-6,-80,-4,-82,-11,-82,-4,-80,-6,-82,-2,-85,-9,-85,2,-78,-2,-85,4,-87,-2,-85,2,-85,2,-92,2,-87,6,-89,13,-94,20,-92,11,-99,16,-94,13,-89,0,0,0,0,0,0,-80,-34,-85,-34,-85,-25,-78,-34,-78,-29,-69,-36,-73,-32,-73,-36,-69,-34,-64,-41,-64,-36,-62,-36,-62,-39,-62,-32,-59,-39,-59,-32,-62,-34,-59,-34,-52,-34,-55,-36,-57,-34,-52,-41,-50,-34,-52,-36,-52,-36,-50,-41,-48,-41,-55,-34,-50,-41,-55,-39,-46,-46,-50,-48,-46,-48,-46,-46,-43,-48,-41,-52,-41,-55,-36,-52,-34,-57,-29,-57,-27,-52,-27,-59,-23,-59,-23,-57,-18,-55,-16,-57,-6,-55,-9,-52,-2,-52,-2,-50,4,-50,6,-48,9,-43,11,-46,11,-39,16,-39,23,-39,0,0,0,0,0,0,0,0,0,0]"""
1782173641202,2026-06-23T09:14:01.202,warning,breathing,lmh,lying_fast_breath,t001,"CSI_DATA,18188,1a:00:00:00:00:00,-61,11,-98,20,44,11,127039482,47,2,256,0,""[0,0,0,0,0,0,0,0,0,0,0,0,-14,38,-21,40,-23,40,-25,44,-27,40,-27,38,-31,44,-33,40,-35,48,-38,46,-40,50,-38,52,-42,54,-48,50,-48,50,-52,52,-50,57,-54,52,-52,50,-50,52,-50,48,-61,54,-54,52,-57,54,-63,57,-54,57,-61,54,-59,54,-61,57,-52,59,-54,52,-54,59,-57,63,-54,59,-54,67,-50,63,-48,59,-46,67,-44,69,-44,69,-42,69,-38,73,-40,71,-35,78,-42,73,-35,73,-42,78,-33,76,-33,80,-33,82,-35,82,-35,80,-44,86,-46,82,-35,90,-35,86,-40,90,0,0,0,0,0,0,86,44,84,40,90,35,80,35,78,35,73,31,76,31,76,35,69,33,67,38,71,31,63,27,65,29,69,21,65,27,67,23,69,19,67,19,63,23,65,19,69,14,65,19,61,10,67,14,63,19,71,12,69,12,67,6,69,10,65,4,67,14,69,14,71,14,65,10,63,10,73,19,69,14,67,14,71,21,63,14,57,19,65,23,59,23,59,21,57,23,59,21,50,25,48,21,46,25,46,25,46,29,40,25,42,25,38,29,35,33,31,27,31,31,0,0,0,0,0,0,0,0,0,0]"""
1782173641214,2026-06-23T09:14:01.214,warning,breathing,lmh,lying_fast_breath,t001,"CSI_DATA,18189,1a:00:00:00:00:00,-61,11,-98,20,44,11,127050523,47,2,256,0,""[0,0,0,0,0,0,0,0,0,0,0,0,16,-40,21,-40,21,-40,23,-46,23,-44,23,-44,25,-40,27,-44,29,-52,25,-52,29,-57,27,-59,29,-63,31,-61,33,-61,38,-63,29,-69,35,-69,35,-65,33,-63,33,-63,33,-76,33,-71,29,-73,31,-82,23,-73,27,-71,27,-76,27,-78,19,-78,14,-76,14,-84,8,-82,10,-76,4,-84,0,-82,0,-73,-4,-80,-8,-84,-19,-82,-12,-80,-25,-78,-16,-80,-33,-82,-23,-80,-29,-71,-29,-78,-38,-76,-40,-76,-42,-84,-44,-80,-44,-82,-42,-84,-40,-78,-54,-82,-52,-82,-59,-76,0,0,0,0,0,0,-73,54,-76,52,-65,63,-67,54,-67,59,-57,54,-59,57,-63,57,-50,57,-54,54,-46,57,-40,57,-42,59,-42,61,-42,59,-27,59,-31,69,-27,61,-35,57,-25,63,-19,65,-21,67,-14,61,-19,63,-19,69,-12,67,-12,65,-8,69,-8,71,0,65,-10,67,-8,69,-4,69,0,67,-4,63,-8,69,2,73,-2,67,-4,71,-4,65,0,61,-2,67,-4,69,0,65,-2,63,-2,61,-4,59,-6,59,-4,52,-6,52,-8,54,-4,48,-6,46,-8,52,-6,46,-10,38,-19,40,0,0,0,0,0,0,0,0,0,0]"""
1782173641222,2026-06-23T09:14:01.222,warning,breathing,lmh,lying_fast_breath,t001,"CSI_DATA,18190,1a:00:00:00:00:00,-61,11,-98,22,43,11,127061800,47,2,256,0,""[0,0,0,0,0,0,0,0,0,0,0,0,29,31,26,33,24,40,24,40,24,44,22,44,24,49,20,44,26,53,22,58,22,58,20,60,26,62,22,64,13,67,17,71,20,76,11,78,8,73,13,71,4,67,13,80,4,80,4,82,6,85,8,76,6,82,2,80,2,80,11,78,6,76,6,82,11,82,8,78,11,87,11,82,6,76,13,80,11,85,15,78,15,80,24,82,17,85,22,89,15,82,20,80,15,89,20,82,22,85,22,91,17,94,20,91,13,94,8,89,20,98,22,91,13,94,0,0,0,0,0,0,100,-4,94,-6,87,-8,87,-6,82,-8,82,-2,76,-4,82,0,80,0,76,0,71,-2,73,0,76,-2,78,-6,71,0,67,-6,73,-8,71,-4,71,4,69,-6,73,-11,67,-6,60,-8,69,-6,67,-4,71,-6,69,-6,69,-8,71,-6,64,-11,67,-2,71,-2,71,0,67,-4,67,2,71,4,69,2,67,2,71,4,64,11,62,8,69,13,62,13,62,13,58,17,62,15,53,20,55,17,49,24,42,26,47,31,44,26,38,26,33,26,29,31,33,38,22,35,0,0,0,0,0,0,0,0,0,0]"""
1782173641233,2026-06-23T09:14:01.233,warning,breathing,lmh,lying_fast_breath,t001,"CSI_DATA,18191,1a:00:00:00:00:00,-61,11,-98,18,44,11,127072482,47,2,256,0,""[0,0,0,0,0,0,0,0,0,0,0,0,-26,33,-22,35,-26,31,-33,38,-31,38,-35,35,-35,33,-40,33,-47,42,-42,40,-49,40,-47,38,-49,40,-49,44,-58,38,-58,44,-60,49,-64,47,-60,44,-62,38,-69,42,-60,42,-64,38,-67,49,-64,49,-60,51,-69,47,-67,49,-64,51,-58,58,-60,47,-69,55,-55,53,-60,51,-60,55,-55,58,-49,53,-51,69,-53,62,-49,69,-51,64,-40,71,-44,71,-40,78,-44,67,-42,71,-47,76,-40,76,-38,78,-44,82,-38,80,-40,82,-44,87,-47,82,-35,89,-38,87,-29,80,0,0,0,0,0,0,78,44,78,44,82,33,78,38,80,33,73,40,78,33,80,33,67,31,71,33,67,26,62,24,76,26,69,22,67,24,67,17,73,11,67,11,64,20,64,11,69,6,67,13,67,8,64,8,67,11,64,6,69,11,69,2,71,0,67,0,64,4,69,4,71,8,71,2,64,2,71,8,71,4,62,6,73,11,64,11,60,11,64,11,64,15,62,13,58,15,60,11,55,15,60,15,51,15,49,17,49,17,47,20,44,15,38,22,35,26,35,31,33,26,0,0,0,0,0,0,0,0,0,0]"""
1782173641244,2026-06-23T09:14:01.244,warning,breathing,lmh,lying_fast_breath,t001,"CSI_DATA,18192,1a:00:00:00:00:00,-61,11,-98,16,44,11,127083487,47,2,256,0,""[0,0,0,0,0,0,0,0,0,0,0,0,21,35,18,35,18,40,21,42,21,45,11,45,14,47,16,52,18,56,18,59,18,56,18,56,21,64,18,71,9,66,14,71,16,73,7,78,14,73,4,68,0,73,9,78,7,80,9,78,4,85,11,78,4,82,7,80,0,80,11,80,4,75,9,85,14,80,9,80,16,80,18,80,16,71,23,73,18,80,28,80,26,78,28,75,23,78,35,82,21,73,33,78,28,80,35,75,30,78,35,87,35,87,37,82,33,94,28,87,35,90,33,94,35,80,0,0,0,0,0,0,94,-21,87,-26,80,-30,80,-21,85,-30,78,-23,75,-28,82,-21,75,-21,71,-16,68,-16,68,-23,68,-28,71,-28,66,-26,61,-28,68,-30,64,-33,66,-26,64,-30,56,-30,64,-26,52,-26,59,-28,61,-28,61,-30,59,-30,56,-35,64,-35,54,-35,59,-30,64,-33,64,-28,59,-33,61,-26,66,-28,64,-28,66,-28,64,-23,64,-18,59,-23,61,-18,64,-18,61,-18,61,-16,59,-11,59,-4,59,-11,52,-7,52,-7,52,-2,49,0,52,2,49,7,49,2,37,2,42,16,0,0,0,0,0,0,0,0,0,0]"""
1782173641256,2026-06-23T09:14:01.256,warning,breathing,lmh,lying_fast_breath,t001,"CSI_DATA,18193,1a:00:00:00:00:00,-61,11,-98,18,44,11,127094722,47,2,256,0,""[0,0,0,0,0,0,0,0,0,0,0,0,-31,-26,-31,-29,-35,-33,-33,-33,-35,-33,-38,-40,-35,-38,-33,-38,-40,-40,-42,-44,-42,-42,-47,-44,-47,-47,-49,-49,-47,-53,-49,-51,-55,-49,-58,-55,-55,-49,-47,-55,-53,-60,-55,-53,-58,-51,-60,-53,-62,-53,-64,-47,-62,-49,-67,-49,-64,-47,-67,-42,-67,-38,-71,-42,-73,-38,-69,-33,-73,-29,-78,-24,-71,-22,-73,-20,-78,-17,-80,-11,-78,-15,-85,-4,-82,-6,-89,-4,-80,-4,-80,4,-89,2,-85,11,-85,8,-89,8,-91,11,-89,17,-94,15,-91,8,-96,17,-94,24,-91,22,0,0,0,0,0,0,20,85,22,89,33,80,26,82,31,80,26,76,31,76,31,80,31,71,31,73,40,64,33,60,38,60,38,60,42,60,40,55,53,55,49,53,47,53,51,47,53,42,55,47,49,38,51,47,55,40,55,40,58,40,60,33,60,40,64,29,60,33,62,33,60,38,64,31,62,29,60,38,64,33,60,29,60,29,60,29,58,26,62,29,60,35,53,29,53,31,58,24,51,26,49,29,47,29,44,26,44,29,42,24,42,26,38,33,33,29,31,26,29,29,0,0,0,0,0,0,0,0,0,0]"""
1782173641269,2026-06-23T09:14:01.269,warning,breathing,lmh,lying_fast_breath,t001,"CSI_DATA,18194,1a:00:00:00:00:00,-61,11,-98,18,44,11,127106659,47,2,256,0,""[0,0,0,0,0,0,0,0,0,0,0,0,-38,-4,-42,-8,-42,-8,-47,-8,-47,-15,-47,-15,-49,-13,-51,-17,-58,-22,-55,-24,-55,-22,-60,-22,-62,-26,-60,-26,-58,-35,-64,-33,-64,-29,-69,-38,-62,-33,-60,-47,-64,-47,-64,-42,-69,-38,-67,-40,-69,-49,-71,-35,-67,-44,-64,-40,-64,-47,-73,-40,-67,-38,-73,-42,-71,-44,-69,-35,-71,-38,-73,-35,-69,-31,-76,-24,-76,-31,-73,-26,-78,-29,-82,-17,-78,-26,-85,-26,-76,-24,-80,-20,-80,-20,-78,-15,-80,-22,-89,-26,-85,-24,-85,-17,-89,-20,-89,-33,-96,-24,-96,-22,-89,-29,0,0,0,0,0,0,-33,87,-33,85,-22,85,-26,85,-22,82,-29,73,-24,78,-31,82,-26,78,-24,71,-20,69,-20,69,-22,76,-20,73,-24,69,-11,67,-11,71,-13,73,-20,67,-11,64,-4,69,-11,69,-6,62,-6,67,-11,67,-11,69,-4,67,-2,67,-11,73,0,71,-6,64,-6,67,-13,69,-6,69,-6,67,-15,71,-15,69,-11,69,-13,71,-13,64,-13,62,-17,62,-20,60,-17,62,-26,58,-22,58,-24,53,-22,53,-31,47,-22,47,-22,40,-24,40,-29,40,-31,38,-31,35,-31,33,-35,24,0,0,0,0,0,0,0,0,0,0]"""
1782173641284,2026-06-23T09:14:01.284,warning,breathing,lmh,lying_fast_breath,t001,"CSI_DATA,18195,1a:00:00:00:00:00,-61,11,-98,17,44,11,127122722,47,2,256,0,""[0,0,0,0,0,0,0,0,0,0,0,0,36,13,41,13,43,16,46,23,43,23,48,20,43,23,43,27,55,29,52,32,55,32,57,32,64,32,59,36,55,43,57,46,69,36,64,41,52,39,62,41,57,43,66,48,64,46,66,41,69,46,66,39,66,43,71,41,66,48,71,39,66,36,76,41,76,39,71,34,73,32,76,29,71,27,78,20,82,23,80,20,80,20,80,13,82,18,89,9,78,9,87,9,89,11,87,0,87,6,89,11,92,4,89,0,94,6,94,6,99,0,94,0,94,2,0,0,0,0,0,0,6,-101,6,-92,-4,-87,2,-87,0,-87,2,-78,2,-85,0,-85,-4,-80,-2,-76,-2,-76,-4,-69,-9,-73,-6,-76,-4,-71,-13,-69,-18,-73,-16,-71,-13,-66,-18,-66,-27,-66,-18,-66,-20,-59,-18,-59,-18,-66,-23,-66,-25,-62,-34,-62,-27,-71,-34,-62,-27,-59,-29,-66,-27,-66,-29,-62,-25,-59,-23,-66,-23,-66,-23,-64,-25,-66,-20,-64,-23,-59,-25,-62,-23,-66,-20,-62,-13,-62,-18,-59,-13,-52,-16,-55,-9,-52,-6,-50,-4,-50,-4,-50,-2,-52,2,-48,2,-48,-2,-48,6,-46,0,0,0,0,0,0,0,0,0,0]"""
1782173641296,2026-06-23T09:14:01.296,warning,breathing,lmh,lying_fast_breath,t001,"CSI_DATA,18196,1a:00:00:00:00:00,-61,11,-98,13,45,11,127127503,47,2,256,0,""[0,0,0,0,0,0,0,0,0,0,0,0,23,-36,27,-32,32,-34,39,-32,39,-32,39,-32,46,-32,41,-29,50,-34,50,-32,50,-34,50,-36,55,-34,59,-34,64,-25,64,-29,64,-36,69,-32,64,-27,71,-20,76,-23,73,-23,73,-29,76,-25,80,-25,71,-27,76,-23,78,-25,78,-20,76,-27,73,-23,80,-25,80,-20,78,-25,80,-27,73,-32,71,-29,71,-39,73,-32,73,-41,73,-34,71,-41,73,-41,78,-43,73,-39,71,-39,73,-41,73,-43,76,-41,82,-43,80,-46,80,-48,87,-43,85,-39,87,-48,82,-41,87,-41,0,0,0,0,0,0,-32,-87,-32,-87,-39,-78,-29,-80,-32,-76,-29,-78,-29,-76,-27,-87,-29,-73,-25,-73,-27,-69,-23,-64,-32,-71,-27,-69,-27,-66,-29,-62,-34,-66,-29,-64,-23,-64,-29,-59,-39,-59,-29,-62,-29,-55,-25,-59,-20,-62,-25,-62,-29,-59,-32,-57,-29,-64,-36,-57,-32,-59,-29,-62,-25,-62,-27,-62,-27,-57,-20,-69,-18,-66,-20,-62,-18,-64,-16,-64,-20,-64,-20,-64,-13,-64,-11,-59,-9,-64,-9,-55,-2,-59,-2,-55,2,-55,2,-52,9,-48,4,-46,11,-43,16,-50,13,-41,13,-41,18,-34,0,0,0,0,0,0,0,0,0,0]"""
1782173641304,2026-06-23T09:14:01.304,warning,breathing,lmh,lying_fast_breath,t001,"CSI_DATA,18197,1a:00:00:00:00:00,-61,11,-98,13,45,11,127138481,47,2,256,0,""[0,0,0,0,0,0,0,0,0,0,0,0,25,32,23,34,25,39,20,41,20,48,18,46,20,48,16,50,18,57,16,62,13,62,16,64,18,64,11,66,2,69,4,76,9,73,0,78,2,71,-2,71,-11,78,-2,80,-9,82,-2,78,-6,82,-4,80,-13,78,-13,80,-13,80,-6,78,-16,76,-11,80,-11,80,-9,80,-9,85,-9,82,-6,78,-6,80,-6,82,-2,80,-6,78,-2,85,-6,80,0,89,-11,80,-4,82,-9,87,-4,82,-4,85,-9,94,-4,89,-11,92,-18,94,-20,94,-11,96,-11,94,-13,92,0,0,0,0,0,0,89,29,87,29,85,20,80,34,80,29,73,34,78,27,76,32,71,27,69,32,66,34,64,34,71,27,66,29,66,29,64,27,69,23,64,20,59,25,64,25,64,23,64,29,59,20,57,29,62,29,59,29,64,32,66,25,64,29,64,25,59,29,59,34,62,34,57,29,55,34,57,39,57,41,55,39,55,46,50,46,48,43,46,46,46,48,43,46,34,48,41,48,29,52,34,46,25,48,20,46,16,50,18,46,13,43,6,46,4,43,4,39,-2,43,0,0,0,0,0,0,0,0,0,0]"""
1782173641315,2026-06-23T09:14:01.315,warning,breathing,lmh,lying_fast_breath,t001,"CSI_DATA,18198,1a:00:00:00:00:00,-61,11,-98,21,43,11,127149917,47,2,256,0,""[0,0,0,0,0,0,0,0,0,0,0,0,-34,23,-36,20,-36,23,-43,20,-46,20,-43,18,-48,18,-50,18,-57,23,-55,18,-59,25,-62,25,-62,29,-64,25,-64,18,-69,25,-69,27,-71,25,-64,25,-73,25,-76,25,-76,25,-71,25,-78,29,-82,32,-69,34,-76,25,-76,32,-73,32,-71,41,-66,34,-78,39,-66,41,-66,34,-69,46,-69,43,-59,43,-66,55,-62,48,-57,59,-59,57,-52,62,-57,64,-55,69,-55,59,-50,66,-55,64,-52,71,-50,71,-55,76,-48,76,-50,78,-59,73,-55,78,-46,82,-46,85,-41,85,0,0,0,0,0,0,87,46,80,52,80,39,76,48,69,41,73,43,71,32,76,43,76,32,66,41,71,32,69,32,73,27,69,25,69,27,64,16,73,18,64,13,69,18,64,13,69,9,69,13,66,4,66,11,69,9,66,6,69,9,71,-4,73,4,64,-2,69,2,76,2,69,2,69,-2,66,-2,73,4,69,2,64,0,71,2,66,4,64,4,71,4,66,6,64,2,62,11,59,2,64,11,59,2,52,11,52,9,52,13,48,13,43,18,46,23,46,25,43,20,36,25,0,0,0,0,0,0,0,0,0,0]"""
1782173641326,2026-06-23T09:14:01.326,warning,breathing,lmh,lying_fast_breath,t001,"CSI_DATA,18199,1a:00:00:00:00:00,-61,11,-98,16,44,11,127161506,47,2,256,0,""[0,0,0,0,0,0,0,0,0,0,0,0,47,4,40,7,42,9,45,14,49,11,47,11,54,14,52,16,59,16,59,21,59,16,61,14,66,16,68,16,61,23,71,23,73,14,71,26,64,21,73,23,71,26,75,28,75,23,78,21,80,23,78,14,75,21,80,21,78,21,78,18,75,14,78,14,80,11,75,14,80,4,80,2,71,0,80,-4,82,-2,80,-14,80,-7,82,-18,82,-9,82,-18,80,-16,82,-21,85,-16,78,-23,87,-26,90,-26,87,-28,85,-35,92,-33,90,-30,94,-40,87,-40,85,-35,0,0,0,0,0,0,-28,-87,-37,-85,-37,-75,-35,-82,-37,-82,-33,-75,-35,-73,-35,-78,-40,-68,-33,-66,-35,-64,-35,-61,-40,-64,-40,-59,-40,-54,-49,-56,-49,-59,-47,-54,-40,-56,-49,-49,-47,-42,-45,-56,-45,-42,-47,-47,-42,-47,-49,-47,-49,-45,-56,-37,-54,-47,-56,-33,-54,-37,-56,-40,-54,-47,-56,-40,-54,-35,-54,-42,-54,-45,-52,-42,-54,-42,-52,-45,-52,-40,-49,-40,-52,-45,-49,-40,-45,-40,-45,-40,-40,-40,-40,-42,-35,-40,-35,-40,-33,-37,-33,-35,-28,-37,-28,-45,-21,-33,-23,-35,-18,-37,0,0,0,0,0,0,0,0,0,0]"""
1782173641337,2026-06-23T09:14:01.337,warning,breathing,lmh,lying_fast_breath,t001,"CSI_DATA,18200,1a:00:00:00:00:00,-61,11,-98,19,44,11,127171523,47,2,256,0,""[0,0,0,0,0,0,0,0,0,0,0,0,-34,19,-36,17,-41,15,-47,15,-45,13,-50,13,-52,13,-54,8,-58,13,-60,6,-63,4,-65,8,-67,6,-69,0,-71,-4,-71,0,-78,2,-71,-2,-76,-10,-82,-8,-80,-8,-80,-13,-78,-10,-78,-15,-84,-19,-76,-6,-76,-15,-80,-19,-73,-21,-82,-13,-73,-10,-87,-17,-80,-17,-78,-13,-82,-13,-78,-8,-69,-10,-84,-4,-87,-10,-84,-4,-87,-6,-84,2,-87,-4,-87,0,-82,-4,-84,-2,-87,-4,-82,-2,-82,-6,-91,-10,-95,-8,-93,-2,-97,-13,-87,-15,-100,-10,-102,-13,-93,-13,0,0,0,0,0,0,-26,93,-21,89,-15,91,-21,84,-17,82,-19,80,-21,73,-28,87,-26,73,-23,78,-19,76,-19,65,-19,76,-19,67,-21,67,-17,71,-17,71,-17,71,-19,69,-13,67,-10,71,-19,63,-10,65,-17,63,-17,67,-19,67,-17,63,-13,69,-17,69,-10,67,-21,63,-19,69,-21,63,-19,69,-19,63,-32,67,-26,69,-28,63,-26,65,-30,65,-28,58,-34,60,-36,54,-34,54,-41,52,-34,47,-36,41,-36,47,-39,39,-41,39,-41,32,-41,28,-36,28,-41,23,-39,21,-39,15,-43,15,0,0,0,0,0,0,0,0,0,0]"""
1782173641368,2026-06-23T09:14:01.368,warning,breathing,lmh,lying_fast_breath,t001,"CSI_DATA,18202,1a:00:00:00:00:00,-61,11,-98,13,45,11,127204685,47,2,256,0,""[0,0,0,0,0,0,0,0,0,0,0,0,13,-39,16,-39,20,-39,32,-41,27,-41,29,-43,32,-43,32,-46,39,-50,41,-43,43,-48,41,-50,46,-50,48,-50,57,-41,52,-46,55,-52,59,-50,59,-39,64,-46,62,-46,64,-43,64,-46,62,-48,73,-46,59,-48,66,-41,71,-46,66,-41,66,-46,64,-41,71,-50,64,-48,64,-46,66,-48,62,-52,57,-52,59,-57,59,-52,59,-59,62,-55,52,-64,57,-62,57,-64,62,-62,55,-62,57,-62,55,-66,55,-64,64,-69,59,-69,59,-71,64,-69,66,-64,64,-73,66,-69,64,-69,0,0,0,0,0,0,-62,-76,-59,-71,-62,-64,-59,-66,-57,-62,-52,-64,-52,-59,-55,-66,-50,-59,-46,-59,-52,-52,-46,-55,-55,-52,-46,-55,-50,-55,-52,-48,-50,-50,-48,-43,-43,-50,-52,-46,-57,-41,-52,-50,-48,-41,-43,-41,-46,-46,-46,-46,-52,-46,-52,-43,-52,-48,-52,-39,-48,-46,-50,-48,-46,-48,-50,-46,-48,-43,-48,-52,-46,-50,-43,-48,-43,-50,-41,-50,-41,-48,-41,-52,-34,-55,-34,-52,-27,-52,-34,-48,-25,-55,-27,-55,-23,-46,-20,-46,-16,-50,-13,-46,-6,-43,-9,-46,-4,-41,-2,-41,0,-41,0,0,0,0,0,0,0,0,0,0]"""
1782173641377,2026-06-23T09:14:01.377,warning,breathing,lmh,lying_fast_breath,t001,"CSI_DATA,18203,1a:00:00:00:00:00,-61,11,-98,13,45,11,127204805,47,2,256,0,""[0,0,0,0,0,0,0,0,0,0,0,0,36,-18,39,-18,39,-16,50,-11,48,-16,50,-13,50,-13,48,-9,59,-13,57,-6,62,-9,64,-11,69,-9,71,-6,73,0,69,-4,76,-9,73,-2,73,0,78,4,80,2,80,4,78,4,80,4,85,6,78,0,80,4,82,4,78,6,80,2,76,4,87,2,82,2,80,2,85,-2,80,-6,73,-6,80,-11,80,-6,80,-13,85,-9,78,-20,82,-18,85,-18,85,-18,82,-20,85,-20,80,-20,85,-18,89,-18,89,-20,87,-23,96,-18,94,-16,96,-20,96,-20,92,-23,0,0,0,0,0,0,-9,-96,-6,-87,-13,-92,-13,-87,-13,-85,-13,-82,-11,-80,-6,-89,-11,-76,-6,-76,-13,-76,-11,-69,-18,-73,-6,-71,-11,-71,-16,-66,-18,-73,-13,-69,-9,-69,-20,-59,-25,-64,-18,-66,-18,-62,-16,-64,-16,-64,-18,-66,-18,-59,-23,-62,-16,-66,-27,-62,-18,-59,-18,-66,-16,-64,-20,-66,-16,-62,-11,-73,-13,-71,-13,-66,-9,-71,-11,-62,-9,-57,-9,-66,0,-69,-2,-64,0,-62,-4,-59,2,-55,4,-59,6,-52,6,-48,11,-50,6,-43,11,-46,18,-43,18,-43,18,-39,23,-36,0,0,0,0,0,0,0,0,0,0]"""
1782173641387,2026-06-23T09:14:01.387,warning,breathing,lmh,lying_fast_breath,t001,"CSI_DATA,18204,1a:00:00:00:00:00,-61,11,-98,13,45,11,127218859,47,2,256,0,""[0,0,0,0,0,0,0,0,0,0,0,0,25,34,20,39,20,41,18,46,16,48,13,50,9,50,9,55,16,62,2,59,4,62,4,66,2,69,0,69,-11,69,-9,73,-4,73,-13,80,-13,71,-25,73,-27,73,-23,76,-25,76,-27,78,-34,78,-25,76,-34,73,-36,76,-34,71,-32,76,-36,73,-39,76,-39,71,-39,69,-39,73,-34,76,-34,71,-32,76,-36,73,-34,76,-39,71,-27,80,-39,78,-36,80,-39,73,-36,76,-41,76,-39,78,-41,73,-50,78,-43,78,-48,80,-57,78,-57,71,-52,82,-55,78,-62,73,0,0,0,0,0,0,62,71,62,66,62,59,59,71,55,64,48,62,50,62,48,69,46,62,41,64,43,59,36,62,48,64,34,62,36,64,41,59,43,59,36,59,27,62,39,57,43,59,34,62,27,55,32,57,23,62,27,62,29,59,32,57,25,62,36,59,27,64,25,64,20,62,20,62,23,62,13,66,11,69,11,59,6,66,4,69,2,64,4,66,-4,66,-4,57,-9,57,-6,57,-11,57,-13,52,-16,48,-18,48,-25,48,-23,41,-25,36,-29,36,-27,32,-27,29,-36,27,0,0,0,0,0,0,0,0,0,0]"""
1782173641399,2026-06-23T09:14:01.399,warning,breathing,lmh,lying_fast_breath,t001,"CSI_DATA,18205,1a:00:00:00:00:00,-61,11,-98,18,44,11,127227558,47,2,256,0,""[0,0,0,0,0,0,0,0,0,0,0,0,33,26,33,26,33,29,35,38,35,35,33,40,38,38,40,35,44,42,38,44,49,44,47,47,51,51,49,49,47,53,51,51,55,49,55,53,51,51,51,62,49,62,55,49,58,51,64,51,64,58,62,42,62,51,67,51,64,49,69,44,64,40,76,47,73,40,69,38,78,35,76,29,71,24,80,22,78,24,82,13,82,15,80,6,85,6,87,4,82,8,85,-2,89,-2,87,-4,82,-6,87,-6,94,-11,89,-11,94,-13,98,-11,98,-20,91,-20,87,-22,0,0,0,0,0,0,-22,-91,-20,-89,-35,-89,-22,-85,-26,-82,-22,-80,-33,-73,-26,-82,-31,-69,-26,-76,-31,-69,-29,-67,-33,-64,-33,-62,-35,-64,-38,-55,-47,-60,-42,-55,-40,-55,-44,-53,-55,-44,-47,-51,-42,-42,-47,-49,-44,-51,-49,-44,-53,-35,-58,-38,-55,-44,-58,-33,-53,-35,-64,-42,-60,-40,-60,-35,-58,-29,-62,-47,-58,-40,-53,-33,-58,-38,-53,-33,-53,-31,-60,-33,-55,-35,-55,-35,-49,-38,-49,-29,-49,-33,-47,-31,-44,-35,-38,-29,-38,-33,-33,-26,-35,-26,-31,-40,-31,-33,-29,-26,-29,-33,0,0,0,0,0,0,0,0,0,0]"""
1782173641409,2026-06-23T09:14:01.409,warning,breathing,lmh,lying_fast_breath,t001,"CSI_DATA,18206,1a:00:00:00:00:00,-61,11,-98,20,44,11,127237481,47,2,256,0,""[0,0,0,0,0,0,0,0,0,0,0,0,40,10,42,10,42,16,46,21,42,23,46,27,46,21,48,25,52,29,52,38,50,33,54,33,54,40,59,42,54,48,57,44,63,42,57,52,57,48,54,52,59,59,57,52,57,59,59,54,59,65,61,52,50,61,59,59,57,57,63,59,52,52,63,57,59,57,59,54,63,59,63,48,57,46,63,48,65,54,73,46,69,50,78,38,69,46,76,46,69,44,71,42,73,42,78,35,80,44,78,50,80,48,80,44,76,54,78,50,82,48,80,52,84,44,0,0,0,0,0,0,59,-71,61,-78,48,-78,46,-69,50,-69,50,-69,48,-69,57,-71,46,-59,46,-59,38,-63,42,-59,42,-63,44,-59,42,-59,33,-61,35,-65,40,-63,40,-59,29,-59,29,-63,38,-59,25,-57,33,-59,33,-61,33,-61,31,-59,27,-59,38,-63,25,-63,33,-57,35,-63,35,-59,31,-61,31,-54,42,-61,38,-57,35,-57,38,-59,40,-54,35,-48,42,-52,46,-54,46,-48,44,-44,38,-46,46,-38,44,-38,40,-35,38,-33,40,-25,42,-27,40,-23,46,-19,42,-14,40,-16,38,-6,0,0,0,0,0,0,0,0,0,0]"""
1782173641419,2026-06-23T09:14:01.419,warning,breathing,lmh,lying_fast_breath,t001,"CSI_DATA,18207,1a:00:00:00:00:00,-61,11,-98,19,44,11,127248481,47,2,256,0,""[0,0,0,0,0,0,0,0,0,0,0,0,19,43,19,39,19,45,19,47,17,43,17,50,19,50,17,52,21,56,17,54,23,60,26,60,23,67,23,67,17,69,19,69,28,73,21,76,23,73,19,71,19,71,28,78,26,76,30,78,32,82,39,71,30,73,32,76,32,73,39,76,34,67,41,78,43,73,43,67,50,73,52,65,47,58,56,58,54,63,60,54,63,58,69,47,65,58,73,56,69,50,65,47,73,47,78,45,78,45,82,50,84,43,82,39,84,47,80,45,91,43,93,32,87,41,0,0,0,0,0,0,34,-84,36,-82,21,-93,32,-80,26,-80,28,-76,23,-78,32,-82,21,-76,23,-78,19,-76,17,-67,10,-76,13,-69,10,-73,4,-67,0,-73,4,-69,4,-69,-4,-69,-10,-71,-2,-67,-6,-67,-10,-65,-6,-65,-10,-67,-8,-63,-19,-67,-15,-71,-26,-63,-15,-63,-17,-69,-21,-67,-21,-63,-19,-60,-19,-73,-17,-69,-19,-63,-19,-67,-13,-60,-17,-58,-17,-65,-13,-65,-17,-63,-13,-63,-17,-56,-8,-54,-10,-54,-6,-56,-6,-47,-4,-50,-4,-47,-4,-45,-2,-45,4,-50,2,-43,6,-43,0,0,0,0,0,0,0,0,0,0]"""
1782173641430,2026-06-23T09:14:01.430,warning,breathing,lmh,lying_fast_breath,t001,"CSI_DATA,18208,1a:00:00:00:00:00,-59,11,-98,13,43,11,127259481,47,2,256,0,""[0,0,0,0,0,0,0,0,0,0,0,0,14,-37,17,-40,20,-40,26,-43,23,-43,29,-40,31,-43,31,-40,40,-49,43,-43,46,-43,46,-43,49,-49,55,-49,60,-37,60,-40,60,-46,63,-37,63,-37,66,-37,66,-29,72,-40,72,-29,75,-34,81,-29,75,-37,78,-29,75,-31,84,-23,81,-29,72,-20,81,-26,81,-26,78,-17,78,-29,84,-29,69,-26,78,-23,78,-26,78,-34,87,-31,72,-17,66,-14,118,-31,37,-55,113,-14,43,-52,46,-78,75,2,113,-69,69,8,142,-63,162,-40,121,-31,26,-52,78,-60,26,-37,0,0,0,0,0,0,2,-23,37,-89,11,-26,-37,-66,-26,-37,-43,-31,-40,-89,34,-110,-5,-63,-20,-116,-5,-101,14,-46,-8,-116,17,-95,17,-84,17,-78,8,-89,8,-72,14,-69,14,-60,8,-69,8,-69,8,-60,8,-72,20,-63,11,-63,11,-63,11,-75,14,-69,2,-72,11,-66,17,-69,26,-69,20,-69,20,-58,31,-66,29,-60,29,-63,34,-60,34,-58,34,-52,34,-52,46,-55,43,-52,46,-46,37,-43,43,-37,43,-37,43,-31,46,-31,46,-26,43,-20,43,-14,46,-17,40,-14,40,-5,43,-5,0,0,0,0,0,0,0,0,0,0]"""
1782173641441,2026-06-23T09:14:01.441,warning,breathing,lmh,lying_fast_breath,t001,"CSI_DATA,18209,1a:00:00:00:00:00,-61,11,-98,16,44,11,127273498,47,2,256,0,""[0,0,0,0,0,0,0,0,0,0,0,0,26,30,26,33,30,33,28,42,26,40,28,40,30,42,28,45,35,47,33,52,35,52,37,49,45,56,40,59,37,64,40,61,45,54,45,71,40,56,37,66,40,71,45,66,49,66,49,64,47,71,54,56,47,66,49,61,47,66,54,59,52,56,56,59,56,56,59,54,66,47,68,52,64,47,68,42,71,42,78,40,73,40,78,33,75,33,82,35,71,28,75,23,82,28,82,21,87,23,92,26,90,14,90,14,94,26,92,23,97,21,94,21,92,14,0,0,0,0,0,0,18,-92,18,-94,4,-87,11,-90,9,-85,4,-75,9,-85,4,-85,4,-80,0,-73,-2,-71,0,-68,-9,-75,-4,-73,-4,-71,-14,-66,-18,-73,-16,-71,-9,-66,-18,-71,-23,-64,-16,-68,-21,-56,-23,-64,-21,-64,-28,-66,-28,-64,-33,-56,-33,-64,-37,-56,-35,-61,-33,-59,-33,-64,-33,-61,-30,-59,-30,-64,-37,-61,-30,-56,-33,-59,-35,-61,-30,-54,-30,-56,-28,-56,-33,-59,-21,-59,-28,-56,-21,-52,-26,-52,-14,-45,-21,-47,-16,-42,-21,-42,-14,-45,-9,-52,-9,-42,-4,-37,-4,-40,0,0,0,0,0,0,0,0,0,0]"""
1782173641454,2026-06-23T09:14:01.454,warning,breathing,lmh,lying_fast_breath,t001,"CSI_DATA,18211,1a:00:00:00:00:00,-61,11,-98,16,44,11,127293645,47,2,256,0,""[0,0,0,0,0,0,0,0,0,0,0,0,-40,14,-37,9,-47,14,-47,7,-52,7,-47,4,-52,2,-54,0,-61,2,-59,0,-66,0,-64,4,-68,2,-73,2,-64,-11,-75,-4,-73,2,-80,-2,-68,-4,-82,-11,-82,-16,-78,-11,-80,-11,-78,-11,-82,-14,-78,-4,-80,-14,-80,-14,-80,-14,-80,-7,-78,-7,-82,-7,-82,-9,-75,-11,-82,-7,-80,0,-75,2,-82,7,-78,4,-85,7,-78,7,-85,16,-82,9,-90,16,-73,11,-85,16,-80,16,-82,14,-87,14,-97,14,-87,18,-94,28,-94,16,-92,16,-97,21,-90,23,-92,18,0,0,0,0,0,0,9,92,11,99,16,87,9,90,18,87,11,82,14,87,11,80,16,78,11,78,16,75,11,75,16,75,18,73,14,68,23,68,26,73,21,68,14,64,21,64,28,61,26,68,23,59,23,61,21,66,21,64,23,66,30,61,26,66,33,56,26,61,23,61,26,68,26,64,30,64,23,66,23,68,23,64,16,66,16,64,18,61,14,64,14,66,14,61,9,61,11,61,9,56,4,61,2,52,2,47,0,52,-2,49,-4,40,-9,47,-14,42,-9,45,-16,40,0,0,0,0,0,0,0,0,0,0]"""
1782173641465,2026-06-23T09:14:01.465,warning,breathing,lmh,lying_fast_breath,t001,"CSI_DATA,18212,1a:00:00:00:00:00,-61,11,-98,17,44,11,127303480,47,2,256,0,""[0,0,0,0,0,0,0,0,0,0,0,0,11,-39,13,-39,18,-46,23,-43,27,-39,25,-39,29,-43,32,-43,34,-46,41,-46,43,-43,48,-46,55,-50,50,-48,62,-39,64,-41,57,-46,69,-39,59,-34,66,-36,64,-32,71,-32,71,-32,71,-29,80,-27,71,-29,78,-20,80,-25,82,-20,76,-23,76,-18,80,-20,76,-23,78,-20,85,-20,85,-25,73,-20,82,-23,82,-18,82,-23,80,-20,80,-20,82,-20,89,-27,78,-18,80,-20,82,-23,82,-18,87,-18,99,-16,89,-11,92,-9,94,-6,96,0,101,-2,103,-4,99,4,0,0,0,0,0,0,18,-96,20,-96,13,-85,16,-87,16,-92,23,-78,20,-85,25,-82,23,-76,25,-73,18,-71,20,-69,20,-73,23,-69,25,-69,20,-66,20,-69,25,-64,27,-62,25,-66,18,-71,29,-64,23,-57,25,-57,32,-57,32,-59,32,-59,27,-59,34,-62,27,-59,36,-55,36,-59,43,-52,39,-55,39,-48,46,-52,46,-55,43,-48,50,-50,48,-39,48,-41,52,-36,62,-32,57,-34,55,-27,52,-29,55,-16,55,-20,46,-13,48,-16,52,-6,43,-4,46,-2,46,2,48,4,43,6,36,16,0,0,0,0,0,0,0,0,0,0]"""
1782173641477,2026-06-23T09:14:01.477,warning,breathing,lmh,lying_fast_breath,t001,"CSI_DATA,18213,1a:00:00:00:00:00,-61,11,-98,17,44,11,127314480,47,2,256,0,""[0,0,0,0,0,0,0,0,0,0,0,0,27,27,27,34,29,36,32,41,29,43,27,41,32,41,29,43,36,48,39,52,39,50,36,48,46,52,46,55,36,55,43,64,50,57,46,62,43,55,43,57,48,52,50,59,57,57,57,57,57,66,62,55,55,57,62,55,59,57,66,50,62,50,64,48,66,43,66,43,78,36,76,34,76,29,76,27,76,32,82,23,78,20,80,13,80,16,87,9,82,11,85,2,92,2,85,-6,89,0,96,0,89,-4,89,-9,99,-2,101,-6,99,-11,94,-18,89,-16,0,0,0,0,0,0,-16,-92,-20,-96,-27,-85,-25,-87,-27,-82,-23,-76,-27,-78,-25,-80,-29,-78,-29,-69,-36,-64,-32,-64,-39,-64,-41,-64,-39,-62,-43,-52,-50,-57,-48,-55,-36,-48,-46,-48,-50,-46,-48,-52,-50,-39,-46,-48,-50,-43,-55,-43,-57,-39,-59,-32,-62,-39,-64,-25,-59,-29,-57,-32,-59,-36,-57,-29,-55,-27,-62,-32,-62,-27,-59,-29,-62,-27,-59,-29,-55,-25,-62,-29,-59,-29,-59,-29,-55,-25,-57,-25,-50,-27,-52,-23,-46,-23,-46,-25,-43,-27,-43,-25,-36,-25,-39,-25,-32,-25,-32,-23,-32,-29,0,0,0,0,0,0,0,0,0,0]"""
1782173641494,2026-06-23T09:14:01.494,warning,breathing,lmh,lying_fast_breath,t001,"CSI_DATA,18214,1a:00:00:00:00:00,-61,11,-98,17,44,11,127333119,47,2,256,0,""[0,0,0,0,0,0,0,0,0,0,0,0,-4,43,-6,41,-11,41,-16,46,-16,50,-20,48,-20,50,-25,48,-27,57,-27,52,-34,55,-34,55,-32,62,-41,57,-46,48,-46,55,-43,62,-50,57,-50,52,-50,57,-57,52,-62,55,-59,55,-57,55,-66,55,-57,55,-64,48,-66,46,-64,43,-62,52,-57,46,-66,50,-66,52,-59,48,-64,55,-62,55,-57,48,-59,55,-66,52,-57,59,-57,55,-57,62,-66,57,-59,64,-62,52,-62,59,-64,57,-59,64,-59,57,-64,62,-69,62,-71,62,-78,62,-76,57,-73,59,-71,59,-80,62,0,0,0,0,0,0,48,80,43,80,50,71,46,73,41,73,39,76,41,71,41,82,36,73,32,69,34,69,32,64,34,64,29,66,32,64,36,62,36,64,34,62,29,64,29,59,41,59,27,62,32,55,32,57,27,62,32,62,32,62,34,57,27,64,41,59,29,59,29,64,25,62,29,59,23,62,18,69,16,69,23,64,16,69,13,66,13,59,11,69,6,69,4,66,0,59,4,62,-2,57,-2,59,-11,52,-9,55,-9,48,-13,52,-16,46,-20,43,-20,43,-18,39,-27,34,0,0,0,0,0,0,0,0,0,0]"""
1782173641504,2026-06-23T09:14:01.504,warning,breathing,lmh,lying_fast_breath,t001,"CSI_DATA,18215,1a:00:00:00:00:00,-61,11,-98,18,44,11,127336906,47,2,256,0,""[0,0,0,0,0,0,0,0,0,0,0,0,6,44,0,42,0,51,0,49,-2,53,0,49,-2,51,-2,55,-6,58,-4,64,-4,62,-2,62,-4,71,-2,69,-11,69,-11,73,-4,76,-11,76,-6,71,-15,78,-8,80,-13,80,-8,78,-4,82,-8,85,0,80,-8,80,-2,80,-4,91,4,82,2,78,4,82,6,85,2,80,8,85,15,80,17,73,22,82,26,80,29,82,29,78,38,78,31,78,38,80,31,71,42,71,38,80,44,71,47,78,47,82,51,76,55,76,49,80,49,82,58,80,51,76,55,78,0,0,0,0,0,0,82,-51,76,-55,67,-58,69,-49,64,-58,62,-47,64,-58,62,-53,62,-51,60,-47,51,-51,49,-49,51,-55,47,-58,44,-51,35,-55,40,-62,42,-58,40,-53,38,-60,31,-60,35,-60,26,-55,33,-58,35,-60,31,-60,26,-62,24,-64,26,-64,17,-69,22,-62,20,-60,24,-67,20,-67,20,-60,26,-67,24,-67,22,-64,26,-62,29,-60,24,-62,26,-62,24,-62,20,-62,29,-58,26,-53,29,-47,26,-51,24,-44,26,-42,29,-40,20,-35,29,-38,29,-33,29,-35,26,-31,33,-24,0,0,0,0,0,0,0,0,0,0]"""
1782173641515,2026-06-23T09:14:01.515,warning,breathing,lmh,lying_fast_breath,t001,"CSI_DATA,18216,1a:00:00:00:00:00,-61,11,-98,17,44,11,127347733,47,2,256,0,""[0,0,0,0,0,0,0,0,0,0,0,0,32,27,29,25,34,32,36,29,39,34,36,36,43,34,39,39,48,41,50,39,48,41,50,34,59,39,55,43,50,46,59,43,64,36,62,50,59,46,57,36,57,39,71,41,69,46,71,39,76,41,76,29,78,36,76,34,76,32,73,23,73,25,78,18,80,18,76,13,85,6,82,0,76,0,82,-4,80,-9,82,-16,78,-13,82,-20,82,-23,82,-29,78,-27,78,-36,78,-39,71,-46,76,-43,78,-48,78,-50,76,-52,80,-46,82,-50,82,-62,73,-64,64,-66,0,0,0,0,0,0,-69,-73,-71,-69,-66,-59,-64,-55,-73,-57,-62,-55,-69,-46,-71,-48,-66,-43,-64,-39,-64,-29,-66,-32,-73,-29,-71,-27,-66,-29,-64,-16,-73,-16,-69,-13,-64,-16,-71,-9,-69,2,-66,-6,-57,2,-66,4,-66,4,-64,6,-66,6,-66,13,-66,11,-66,23,-64,13,-66,23,-69,20,-64,25,-59,23,-66,18,-64,27,-59,23,-62,27,-62,25,-59,25,-64,23,-62,23,-57,25,-57,20,-55,23,-50,20,-55,25,-46,20,-48,20,-46,18,-43,20,-46,18,-52,13,-41,11,-43,11,-46,6,0,0,0,0,0,0,0,0,0,0]"""
1782173641527,2026-06-23T09:14:01.527,warning,breathing,lmh,lying_fast_breath,t001,"CSI_DATA,18217,1a:00:00:00:00:00,-61,11,-98,13,45,11,127358480,47,2,256,0,""[0,0,0,0,0,0,0,0,0,0,0,0,-2,-41,2,-46,6,-43,6,-50,9,-48,11,-52,13,-52,18,-50,18,-62,23,-52,25,-62,23,-59,25,-66,25,-62,34,-62,29,-62,32,-71,39,-64,36,-62,43,-64,48,-62,46,-64,46,-64,48,-64,50,-66,43,-66,50,-62,55,-66,48,-59,48,-64,46,-59,55,-71,52,-62,48,-62,50,-69,46,-71,43,-64,41,-71,46,-66,39,-71,43,-69,32,-73,43,-76,41,-80,46,-73,39,-76,43,-76,41,-76,41,-76,48,-78,43,-80,43,-80,52,-85,55,-78,48,-85,50,-82,50,-78,0,0,0,0,0,0,-71,-62,-71,-57,-73,-55,-69,-57,-64,-50,-64,-55,-59,-50,-64,-55,-59,-48,-59,-55,-57,-50,-52,-43,-59,-48,-50,-46,-57,-48,-55,-41,-59,-43,-52,-41,-48,-48,-55,-39,-62,-39,-52,-41,-50,-34,-50,-41,-48,-41,-50,-43,-52,-41,-57,-34,-55,-43,-59,-34,-50,-39,-55,-46,-50,-41,-52,-43,-50,-41,-50,-52,-46,-50,-46,-46,-43,-52,-41,-50,-39,-46,-41,-52,-36,-52,-32,-48,-27,-52,-32,-48,-27,-50,-25,-48,-20,-48,-16,-46,-16,-48,-13,-43,-6,-39,-6,-43,-2,-46,-2,-39,4,-39,0,0,0,0,0,0,0,0,0,0]"""
1782173641535,2026-06-23T09:14:01.535,warning,breathing,lmh,lying_fast_breath,t001,"CSI_DATA,18218,1a:00:00:00:00:00,-61,11,-98,17,44,11,127372221,47,2,256,0,""[0,0,0,0,0,0,0,0,0,0,0,0,16,36,16,41,16,43,13,48,13,48,9,50,11,50,6,55,9,57,6,62,9,62,4,62,6,69,4,71,-4,71,0,76,4,73,-6,76,0,69,-9,73,-16,78,-2,82,-11,82,-4,78,-11,89,-2,80,-13,82,-11,85,-11,80,-6,85,-9,73,-9,82,-9,78,-9,80,-2,82,-2,82,0,78,0,80,0,82,9,89,2,87,9,82,6,87,11,89,9,80,11,82,6,82,9,82,13,87,9,94,11,87,13,94,2,99,0,94,13,99,11,99,13,99,0,0,0,0,0,0,94,2,96,4,89,-9,89,2,87,2,82,4,80,-2,87,-2,80,2,76,4,71,-2,73,2,76,-2,71,-2,73,-2,69,-6,76,-9,73,-4,73,2,71,-6,66,-13,69,-2,62,-6,64,-6,66,-4,69,-4,71,-2,66,-16,69,-6,69,-13,69,-6,69,-2,69,-4,71,-9,62,-4,71,0,69,-2,64,0,71,2,66,6,62,4,64,9,66,11,64,6,62,16,57,13,52,20,57,11,52,23,48,18,43,25,43,18,46,20,43,25,32,27,34,25,29,32,0,0,0,0,0,0,0,0,0,0]"""
1782173641546,2026-06-23T09:14:01.546,warning,breathing,lmh,lying_fast_breath,t001,"CSI_DATA,18219,1a:00:00:00:00:00,-61,11,-98,18,44,11,127381839,47,2,256,0,""[0,0,0,0,0,0,0,0,0,0,0,0,-22,38,-20,38,-22,42,-24,40,-29,40,-29,40,-29,40,-26,44,-33,53,-31,51,-31,53,-33,53,-35,60,-35,60,-38,60,-42,64,-35,67,-47,67,-38,62,-33,62,-33,60,-42,71,-38,71,-35,69,-42,78,-31,76,-35,71,-33,78,-33,76,-22,78,-24,76,-26,80,-22,80,-15,76,-11,85,-11,82,-6,78,0,80,0,82,8,87,4,85,11,80,11,82,22,91,17,78,22,76,22,82,29,78,33,85,31,91,38,85,40,85,33,89,35,87,47,85,47,87,47,85,0,0,0,0,0,0,91,-44,87,-49,71,-58,71,-49,78,-53,62,-47,69,-51,62,-53,62,-51,58,-49,53,-51,51,-51,51,-62,51,-58,44,-53,42,-60,38,-64,38,-60,40,-55,33,-60,26,-62,29,-58,22,-58,26,-60,26,-64,22,-67,20,-69,15,-67,15,-69,11,-69,17,-64,13,-69,15,-67,8,-69,11,-62,13,-69,8,-67,6,-67,11,-67,8,-64,8,-64,8,-62,13,-64,11,-67,11,-60,6,-55,13,-51,8,-62,13,-49,11,-47,15,-51,8,-47,13,-44,15,-47,15,-40,15,-38,20,-40,0,0,0,0,0,0,0,0,0,0]"""
1782173641557,2026-06-23T09:14:01.557,warning,breathing,lmh,lying_fast_breath,t001,"CSI_DATA,18220,1a:00:00:00:00:00,-61,11,-98,18,44,11,127391480,47,2,256,0,""[0,0,0,0,0,0,0,0,0,0,0,0,-15,-40,-13,-38,-15,-42,-13,-49,-8,-47,-6,-49,-11,-53,-6,-55,-8,-62,-6,-60,-6,-62,-8,-64,-4,-71,-4,-67,2,-71,6,-67,-2,-76,8,-73,6,-73,2,-71,6,-69,6,-82,13,-73,4,-78,11,-87,2,-80,13,-78,15,-82,13,-78,8,-82,15,-73,11,-91,11,-80,6,-78,4,-87,6,-82,2,-76,0,-80,0,-85,-4,-82,0,-87,-4,-80,-2,-87,-8,-89,-4,-80,-6,-82,-6,-85,-8,-85,-11,-82,-4,-94,-13,-96,-11,-94,-2,-96,2,-94,-6,-102,-8,-105,-6,-94,0,0,0,0,0,0,-96,-6,-91,-2,-96,2,-89,-4,-82,0,-82,-6,-80,0,-87,-4,-80,-4,-76,-6,-76,-2,-71,-2,-76,2,-73,-2,-67,-4,-69,6,-71,6,-69,2,-69,-2,-67,2,-67,11,-69,-2,-62,6,-69,2,-69,4,-62,8,-62,4,-64,8,-71,6,-67,11,-67,4,-71,4,-69,2,-73,6,-64,0,-71,2,-69,-4,-67,0,-71,0,-64,-4,-62,-4,-67,-8,-67,-11,-60,-4,-60,-15,-58,-15,-58,-20,-55,-15,-49,-20,-49,-17,-49,-22,-42,-22,-40,-26,-40,-29,-38,-22,-33,-24,-31,-33,0,0,0,0,0,0,0,0,0,0]"""
1782173641573,2026-06-23T09:14:01.573,warning,breathing,lmh,lying_fast_breath,t001,"CSI_DATA,18221,1a:00:00:00:00:00,-61,11,-98,18,44,11,127409841,47,2,256,0,""[0,0,0,0,0,0,0,0,0,0,0,0,-24,-35,-17,-38,-24,-38,-22,-47,-24,-44,-22,-47,-20,-47,-22,-49,-26,-55,-24,-58,-22,-60,-26,-53,-29,-62,-29,-69,-22,-67,-20,-67,-29,-62,-24,-73,-24,-64,-22,-76,-22,-78,-20,-76,-26,-76,-29,-78,-26,-80,-35,-69,-24,-73,-29,-76,-29,-80,-33,-73,-26,-71,-33,-78,-38,-71,-33,-71,-40,-73,-44,-69,-47,-62,-51,-62,-53,-67,-58,-64,-55,-64,-62,-60,-53,-62,-69,-58,-58,-55,-62,-58,-60,-58,-64,-51,-67,-55,-78,-62,-73,-55,-73,-53,-71,-58,-71,-58,-85,-58,-80,-58,-80,-53,0,0,0,0,0,0,-60,73,-60,76,-49,76,-51,67,-49,80,-49,67,-49,73,-49,67,-44,69,-42,67,-33,64,-33,62,-31,73,-33,71,-31,67,-24,67,-24,73,-24,67,-26,60,-17,64,-15,71,-20,64,-13,60,-17,60,-17,69,-15,69,-13,64,-6,71,-11,71,-2,67,-8,67,-4,69,-13,73,-6,71,-8,69,-13,69,-11,67,-8,67,-11,69,-15,69,-11,62,-15,64,-15,69,-13,64,-20,58,-13,58,-20,53,-17,58,-20,49,-20,47,-17,44,-17,44,-22,38,-29,44,-24,40,-20,38,-31,31,0,0,0,0,0,0,0,0,0,0]"""
1782173641584,2026-06-23T09:14:01.584,warning,breathing,lmh,lying_fast_breath,t001,"CSI_DATA,18222,1a:00:00:00:00:00,-61,11,-98,18,44,11,127414995,47,2,256,0,""[0,0,0,0,0,0,0,0,0,0,0,0,-42,-13,-38,-13,-42,-17,-44,-22,-44,-17,-42,-24,-47,-24,-47,-29,-53,-33,-51,-31,-51,-35,-53,-31,-60,-35,-58,-38,-53,-47,-58,-40,-60,-42,-58,-49,-53,-49,-58,-47,-55,-44,-58,-55,-58,-49,-62,-53,-64,-60,-60,-49,-60,-58,-62,-55,-62,-55,-64,-49,-60,-47,-64,-53,-67,-53,-62,-49,-69,-47,-69,-47,-62,-42,-69,-33,-76,-42,-76,-35,-71,-40,-76,-26,-73,-35,-82,-35,-71,-31,-78,-26,-78,-29,-80,-29,-80,-31,-85,-40,-85,-33,-89,-24,-87,-40,-87,-35,-96,-33,-91,-26,-98,-35,0,0,0,0,0,0,-42,87,-38,82,-33,82,-29,82,-31,80,-33,76,-31,78,-33,80,-33,71,-29,69,-22,73,-26,67,-26,73,-26,69,-26,67,-15,69,-15,71,-17,69,-22,69,-15,64,-6,69,-17,69,-11,62,-11,62,-17,67,-11,67,-15,64,-6,64,-11,69,-6,67,-13,67,-11,71,-13,71,-6,71,-8,64,-20,71,-15,67,-15,64,-20,69,-22,62,-15,62,-17,62,-22,64,-20,62,-24,58,-17,53,-26,53,-24,55,-22,42,-24,42,-31,42,-26,40,-24,38,-31,35,-33,33,-31,26,-33,29,0,0,0,0,0,0,0,0,0,0]"""
1782173641594,2026-06-23T09:14:01.594,warning,breathing,lmh,lying_fast_breath,t001,"CSI_DATA,18223,1a:00:00:00:00:00,-61,11,-98,21,43,11,127427514,47,2,256,0,""[0,0,0,0,0,0,0,0,0,0,0,0,-43,2,-41,0,-48,-2,-48,0,-52,-6,-50,-6,-55,-4,-52,-4,-64,-4,-62,-9,-62,-4,-64,-9,-69,-6,-71,-9,-69,-13,-71,-13,-73,-4,-80,-13,-64,-16,-71,-9,-76,-9,-80,-16,-78,-16,-78,-9,-87,-16,-82,-9,-80,-11,-85,-9,-80,-13,-76,0,-80,2,-82,-4,-78,2,-78,4,-85,6,-87,11,-82,9,-80,18,-80,20,-80,32,-82,20,-78,36,-78,23,-82,39,-78,27,-71,39,-76,36,-66,43,-73,43,-82,46,-78,48,-76,48,-87,48,-82,46,-87,57,-78,52,-80,62,0,0,0,0,0,0,48,76,55,78,55,66,55,71,55,69,50,62,55,62,52,64,52,59,46,57,50,50,52,52,59,52,62,52,57,46,52,41,64,41,59,39,57,39,62,39,59,32,66,36,57,27,57,29,64,32,64,32,62,27,66,18,62,27,69,18,64,20,66,23,64,25,62,20,62,16,59,27,59,20,64,23,69,23,64,25,64,20,64,25,59,27,64,23,57,27,62,20,48,27,55,25,48,27,46,23,43,23,46,23,39,27,39,25,36,25,32,23,34,27,0,0,0,0,0,0,0,0,0,0]"""
1782173641616,2026-06-23T09:14:01.616,warning,breathing,lmh,lying_fast_breath,t001,"CSI_DATA,18225,1a:00:00:00:00:00,-61,11,-98,17,44,11,127452948,47,2,256,0,""[0,0,0,0,0,0,0,0,0,0,0,0,-36,-20,-36,-23,-36,-29,-36,-32,-39,-34,-32,-34,-36,-34,-34,-41,-39,-43,-39,-46,-36,-48,-41,-48,-43,-55,-43,-55,-34,-57,-39,-64,-46,-64,-34,-66,-34,-62,-34,-64,-32,-64,-39,-73,-34,-71,-34,-73,-34,-80,-39,-71,-32,-76,-32,-76,-32,-76,-36,-71,-27,-73,-34,-78,-34,-73,-32,-73,-39,-78,-39,-69,-39,-69,-43,-66,-43,-73,-48,-73,-41,-78,-50,-62,-43,-71,-57,-73,-41,-64,-43,-69,-48,-69,-50,-69,-52,-71,-55,-80,-52,-78,-55,-73,-48,-82,-46,-80,-57,-82,-50,-80,-55,-85,0,0,0,0,0,0,-89,39,-87,43,-80,43,-73,39,-80,39,-76,34,-73,36,-78,39,-73,34,-64,29,-66,34,-64,32,-66,36,-71,32,-64,29,-59,36,-66,36,-62,34,-66,29,-59,34,-55,36,-59,32,-55,36,-59,34,-59,34,-59,32,-57,32,-55,36,-62,36,-55,39,-57,34,-57,34,-62,34,-59,36,-59,29,-66,29,-66,32,-62,25,-69,23,-64,23,-59,25,-62,16,-64,16,-66,16,-57,11,-62,13,-57,6,-59,9,-55,-2,-50,-2,-50,-4,-46,-2,-50,-4,-43,-11,-43,-11,-32,-11,-34,-18,0,0,0,0,0,0,0,0,0,0]"""
1782173641625,2026-06-23T09:14:01.625,warning,breathing,lmh,lying_fast_breath,t001,"CSI_DATA,18226,1a:00:00:00:00:00,-61,11,-98,16,44,11,127459521,47,2,256,0,""[0,0,0,0,0,0,0,0,0,0,0,0,28,-33,28,-26,33,-28,37,-30,42,-26,42,-21,45,-28,45,-16,54,-30,56,-23,59,-21,59,-23,64,-21,66,-18,68,-9,71,-14,71,-18,78,-9,75,-7,78,2,78,7,80,-2,78,2,82,7,87,9,78,2,78,14,78,14,80,11,80,7,73,11,85,16,82,14,80,16,87,16,80,16,73,14,82,11,80,16,82,11,82,18,82,7,78,11,87,16,80,21,78,18,87,26,80,16,85,23,94,26,92,26,87,28,82,37,87,37,94,30,92,40,94,40,0,0,0,0,0,0,54,-80,61,-75,45,-78,47,-68,52,-73,52,-68,52,-66,59,-64,54,-61,56,-56,47,-56,45,-49,47,-59,52,-54,52,-54,42,-54,49,-54,52,-52,52,-42,49,-49,49,-54,56,-47,47,-47,52,-45,54,-40,52,-49,49,-42,52,-42,56,-45,47,-45,52,-33,56,-37,61,-35,56,-35,54,-33,68,-30,68,-28,61,-30,64,-23,64,-18,59,-16,64,-14,68,-9,59,-9,59,-4,59,-4,59,4,59,2,52,4,52,9,54,18,49,11,45,16,37,23,40,18,33,21,30,26,0,0,0,0,0,0,0,0,0,0]"""
1782173641637,2026-06-23T09:14:01.637,warning,breathing,lmh,lying_fast_breath,t001,"CSI_DATA,18227,1a:00:00:00:00:00,-61,11,-98,18,44,11,127468479,47,2,256,0,""[0,0,0,0,0,0,0,0,0,0,0,0,-15,-38,-13,-42,-13,-44,-15,-44,-13,-47,-13,-51,-13,-51,-11,-55,-17,-60,-13,-58,-22,-60,-20,-60,-24,-64,-22,-67,-13,-64,-22,-71,-29,-71,-17,-71,-17,-73,-22,-67,-15,-69,-26,-78,-26,-73,-26,-76,-31,-85,-40,-69,-31,-73,-33,-78,-33,-71,-42,-71,-42,-67,-44,-71,-44,-71,-44,-62,-55,-64,-55,-60,-53,-53,-64,-51,-60,-53,-69,-51,-64,-55,-73,-40,-69,-44,-80,-40,-73,-40,-78,-42,-78,-38,-78,-33,-78,-33,-89,-31,-91,-31,-89,-24,-94,-35,-89,-31,-94,-24,-98,-17,-91,-15,0,0,0,0,0,0,-29,98,-20,94,-8,89,-13,87,-11,87,-11,82,-6,80,-8,87,-4,76,-2,80,0,76,0,69,4,80,8,76,13,73,15,67,22,69,22,67,13,69,24,62,33,62,24,67,26,58,26,60,29,62,31,64,33,58,42,55,38,62,44,51,42,53,42,55,40,51,44,55,40,51,44,60,42,55,40,53,44,55,42,55,42,47,42,51,44,53,42,47,33,49,38,44,35,49,35,49,29,42,26,40,26,42,24,42,24,42,20,42,22,38,20,35,15,38,0,0,0,0,0,0,0,0,0,0]"""
1782173641648,2026-06-23T09:14:01.648,warning,breathing,lmh,lying_fast_breath,t001,"CSI_DATA,18228,1a:00:00:00:00:00,-61,11,-98,13,45,11,127479578,47,2,256,0,""[0,0,0,0,0,0,0,0,0,0,0,0,18,-39,18,-36,23,-41,29,-41,29,-41,29,-39,34,-43,34,-41,41,-48,48,-39,48,-48,46,-43,50,-46,55,-46,59,-39,59,-41,59,-48,64,-39,64,-36,66,-36,66,-32,73,-36,69,-34,76,-36,80,-32,69,-36,76,-29,78,-32,76,-25,73,-32,71,-27,80,-32,80,-29,73,-29,78,-34,73,-39,69,-34,73,-39,76,-32,71,-39,76,-36,71,-43,78,-43,76,-43,76,-39,71,-46,78,-43,73,-46,73,-41,82,-36,82,-41,80,-41,87,-39,89,-39,92,-39,89,-39,87,-36,0,0,0,0,0,0,-23,-94,-20,-89,-25,-85,-25,-87,-23,-82,-16,-80,-20,-80,-16,-82,-18,-71,-16,-76,-20,-71,-20,-69,-20,-76,-16,-73,-13,-73,-23,-66,-20,-73,-18,-66,-11,-66,-18,-66,-27,-69,-18,-66,-18,-62,-13,-62,-13,-64,-13,-64,-18,-64,-18,-62,-13,-69,-18,-64,-13,-64,-13,-66,-6,-69,-9,-66,-9,-66,-2,-73,-2,-66,-2,-69,2,-69,-2,-66,0,-62,4,-66,13,-64,6,-62,13,-62,11,-55,13,-55,18,-55,18,-48,18,-46,25,-46,23,-43,25,-36,29,-36,32,-29,25,-29,29,-25,0,0,0,0,0,0,0,0,0,0]"""
1782173641658,2026-06-23T09:14:01.658,warning,breathing,lmh,lying_fast_breath,t001,"CSI_DATA,18229,1a:00:00:00:00:00,-61,11,-98,16,44,11,127491136,47,2,256,0,""[0,0,0,0,0,0,0,0,0,0,0,0,30,30,28,28,30,33,30,37,30,35,28,42,30,45,30,45,40,45,35,47,40,52,42,52,45,56,42,56,35,59,40,59,49,59,42,59,40,61,45,61,37,59,49,66,49,61,49,64,52,68,52,59,49,66,54,61,52,64,59,59,52,54,59,66,64,61,56,54,66,52,68,49,64,42,73,45,71,42,78,35,73,37,78,30,78,28,82,28,85,30,82,26,80,28,87,21,85,21,87,28,97,18,87,16,94,21,92,21,97,18,99,16,90,9,0,0,0,0,0,0,23,-92,11,-94,7,-94,14,-92,4,-85,7,-85,0,-82,2,-87,2,-73,2,-80,-4,-78,-4,-71,-11,-75,-2,-73,-9,-75,-14,-68,-18,-80,-16,-66,-11,-64,-21,-61,-26,-66,-23,-66,-26,-56,-21,-64,-23,-61,-23,-66,-28,-59,-35,-59,-30,-64,-37,-54,-30,-59,-35,-61,-30,-59,-37,-56,-33,-52,-33,-64,-35,-64,-33,-56,-33,-61,-28,-56,-30,-54,-33,-56,-28,-59,-28,-54,-23,-56,-33,-52,-21,-47,-26,-56,-21,-49,-18,-49,-14,-49,-16,-47,-14,-45,-9,-45,-7,-45,-9,-37,-9,-42,0,0,0,0,0,0,0,0,0,0]"""
1782173641668,2026-06-23T09:14:01.668,warning,breathing,lmh,lying_fast_breath,t001,"CSI_DATA,18230,1a:00:00:00:00:00,-61,11,-98,16,44,11,127505714,47,2,256,0,""[0,0,0,0,0,0,0,0,0,0,0,0,35,16,35,21,42,23,45,28,37,30,37,26,40,33,37,33,47,37,47,37,49,40,49,37,56,42,56,47,47,52,54,52,56,47,52,56,52,54,49,61,52,66,56,59,54,59,54,59,59,61,61,52,52,56,59,64,54,59,61,56,54,54,61,59,59,56,61,54,66,56,68,49,59,42,68,40,68,45,73,45,71,45,78,30,68,42,80,42,73,37,75,37,78,35,75,35,80,45,85,42,85,35,87,30,87,40,85,40,94,42,94,40,90,40,0,0,0,0,0,0,47,-82,45,-87,26,-85,35,-78,33,-80,30,-78,30,-78,35,-80,30,-73,30,-66,23,-66,28,-66,21,-71,23,-71,23,-66,11,-66,16,-73,16,-66,18,-68,14,-68,4,-68,14,-64,7,-66,11,-64,14,-66,14,-68,7,-66,2,-66,9,-71,0,-66,7,-61,9,-71,11,-73,4,-71,9,-61,14,-73,11,-66,9,-64,16,-68,16,-66,14,-61,14,-64,18,-61,18,-64,18,-61,18,-59,21,-52,21,-56,18,-47,21,-47,21,-45,23,-40,28,-42,30,-37,28,-35,26,-33,28,-30,0,0,0,0,0,0,0,0,0,0]"""
1782173641678,2026-06-23T09:14:01.678,warning,breathing,lmh,lying_fast_breath,t001,"CSI_DATA,18231,1a:00:00:00:00:00,-61,11,-98,21,43,11,127512479,47,2,256,0,""[0,0,0,0,0,0,0,0,0,0,0,0,-23,39,-20,36,-27,39,-29,36,-29,39,-36,39,-32,36,-39,34,-41,41,-43,41,-48,43,-48,43,-50,43,-52,43,-59,34,-62,39,-59,46,-66,39,-66,34,-71,29,-76,27,-71,36,-69,34,-73,36,-80,32,-69,36,-76,27,-78,29,-73,29,-73,36,-71,32,-80,34,-73,34,-73,32,-78,34,-76,36,-69,34,-71,41,-73,41,-71,48,-76,36,-69,48,-71,41,-76,46,-73,41,-73,43,-76,43,-69,43,-73,46,-82,46,-78,50,-80,48,-87,48,-85,41,-87,50,-85,43,-80,39,0,0,0,0,0,0,34,89,29,92,39,80,27,82,29,87,25,80,27,78,29,80,25,78,20,73,25,71,23,66,29,73,18,69,23,71,29,64,27,69,27,69,20,66,25,64,32,64,25,71,25,59,25,59,18,66,25,64,25,66,29,62,25,64,29,62,20,64,25,64,23,69,23,64,20,64,13,69,16,69,9,66,11,66,6,69,6,64,9,66,4,66,2,59,-2,64,0,59,-4,57,-2,57,-9,48,-11,46,-16,50,-9,43,-18,41,-23,46,-20,39,-20,36,-27,39,0,0,0,0,0,0,0,0,0,0]"""
1782173641688,2026-06-23T09:14:01.688,warning,breathing,lmh,lying_fast_breath,t001,"CSI_DATA,18232,1a:00:00:00:00:00,-61,11,-98,21,43,11,127523479,47,2,256,0,""[0,0,0,0,0,0,0,0,0,0,0,0,-41,9,-41,6,-46,4,-50,4,-50,6,-48,0,-46,4,-52,0,-62,4,-62,2,-64,2,-64,4,-69,2,-71,2,-69,-9,-73,-4,-73,2,-80,-6,-69,0,-69,-9,-76,-13,-80,0,-87,-6,-76,2,-89,-2,-82,2,-82,0,-82,2,-85,0,-80,4,-80,2,-80,6,-78,9,-76,6,-82,11,-82,16,-76,20,-76,20,-78,20,-80,29,-78,27,-78,34,-76,29,-82,36,-69,32,-78,41,-78,41,-73,41,-80,46,-87,48,-73,50,-80,50,-87,48,-80,50,-80,57,-78,50,-85,50,0,0,0,0,0,0,46,87,48,80,55,71,48,73,52,76,43,69,50,66,48,69,48,66,43,55,46,57,46,59,55,57,50,52,48,50,52,48,57,48,50,46,50,46,55,48,57,39,55,43,48,32,55,34,55,36,52,41,57,34,59,34,59,41,66,27,59,32,59,34,59,36,62,32,59,27,59,36,59,34,59,36,59,36,55,39,57,34,55,36,52,39,55,39,46,39,52,36,41,36,43,36,41,34,36,32,34,36,36,34,32,34,25,34,23,36,25,36,16,36,0,0,0,0,0,0,0,0,0,0]"""
1782173641705,2026-06-23T09:14:01.705,warning,breathing,lmh,lying_fast_breath,t001,"CSI_DATA,18233,1a:00:00:00:00:00,-61,11,-98,17,44,11,127542048,47,2,256,0,""[0,0,0,0,0,0,0,0,0,0,0,0,29,-34,32,-32,32,-32,41,-27,39,-29,41,-29,46,-29,46,-27,52,-29,55,-29,52,-34,55,-32,59,-34,59,-34,66,-27,66,-27,66,-36,73,-27,69,-23,69,-25,66,-23,78,-25,73,-25,80,-27,80,-29,71,-32,76,-25,82,-27,76,-25,76,-29,73,-29,78,-25,80,-32,73,-29,78,-34,73,-41,69,-36,66,-46,71,-39,69,-46,73,-43,64,-57,69,-50,71,-57,69,-48,66,-50,71,-50,66,-55,66,-52,73,-57,64,-62,71,-59,78,-55,76,-57,80,-64,73,-57,73,-59,0,0,0,0,0,0,-48,-82,-48,-78,-57,-73,-52,-71,-52,-69,-48,-62,-48,-62,-50,-71,-43,-62,-41,-66,-43,-59,-41,-55,-52,-59,-46,-57,-48,-55,-48,-50,-55,-50,-50,-52,-46,-50,-50,-50,-55,-41,-50,-50,-46,-41,-50,-46,-46,-46,-50,-50,-50,-46,-52,-43,-52,-48,-52,-36,-48,-43,-52,-48,-52,-46,-50,-41,-50,-43,-50,-52,-48,-50,-43,-48,-43,-52,-43,-52,-43,-46,-46,-48,-36,-57,-39,-50,-34,-48,-34,-46,-25,-50,-29,-48,-20,-48,-27,-43,-18,-46,-18,-43,-13,-46,-9,-46,-9,-41,-11,-41,-2,-39,0,0,0,0,0,0,0,0,0,0]"""
1782173641714,2026-06-23T09:14:01.714,warning,breathing,lmh,lying_fast_breath,t001,"CSI_DATA,18234,1a:00:00:00:00:00,-61,11,-98,17,44,11,127545479,47,2,256,0,""[0,0,0,0,0,0,0,0,0,0,0,0,2,41,0,43,-2,43,-9,48,-4,52,-11,50,-11,52,-13,52,-13,57,-18,57,-18,64,-20,62,-23,64,-23,69,-29,64,-34,62,-27,73,-36,66,-32,64,-36,73,-41,73,-43,71,-41,66,-39,69,-46,73,-36,71,-46,69,-48,71,-43,66,-43,73,-41,64,-48,76,-39,71,-39,71,-41,76,-39,76,-32,66,-32,76,-36,71,-29,78,-34,80,-29,78,-34,78,-29,85,-32,78,-27,76,-32,80,-27,82,-29,82,-29,87,-29,87,-29,89,-39,92,-43,87,-34,96,-34,96,-36,89,0,0,0,0,0,0,85,46,80,43,82,36,80,46,73,39,71,43,71,39,76,41,64,39,69,41,69,36,62,34,76,34,66,34,66,32,64,27,71,27,66,27,62,34,62,25,66,20,62,27,62,25,64,23,59,25,64,27,62,25,66,20,66,27,62,18,59,27,64,32,62,27,62,25,62,25,59,34,59,34,59,34,59,34,55,39,52,34,50,39,48,39,52,39,41,43,43,34,39,46,41,41,34,41,29,39,25,41,27,39,23,41,23,39,16,41,16,41,11,46,0,0,0,0,0,0,0,0,0,0]"""
1782173641725,2026-06-23T09:14:01.725,warning,breathing,lmh,lying_fast_breath,t001,"CSI_DATA,18235,1a:00:00:00:00:00,-61,11,-98,21,43,11,127559551,47,2,256,0,""[0,0,0,0,0,0,0,0,0,0,0,0,-27,-34,-23,-34,-23,-39,-25,-43,-27,-43,-23,-43,-27,-41,-29,-43,-34,-50,-32,-52,-36,-57,-39,-50,-41,-52,-39,-57,-36,-59,-46,-57,-50,-55,-52,-64,-48,-52,-43,-59,-50,-66,-55,-57,-55,-57,-59,-55,-62,-62,-59,-50,-62,-57,-64,-52,-64,-55,-69,-43,-64,-41,-71,-46,-71,-34,-69,-32,-78,-29,-80,-25,-76,-23,-82,-18,-78,-16,-82,-9,-80,-11,-87,2,-87,0,-92,6,-82,4,-85,16,-87,9,-80,18,-85,16,-94,23,-89,27,-89,32,-87,27,-92,27,-87,41,-82,36,-89,39,0,0,0,0,0,0,34,87,43,87,52,80,46,69,48,73,41,64,50,64,50,64,55,62,52,57,55,50,57,50,62,50,62,50,57,48,62,39,64,43,64,34,59,39,64,27,64,16,69,29,59,18,64,18,66,23,66,11,66,13,69,2,69,13,66,0,64,4,69,2,71,2,69,-2,69,-4,71,0,69,0,66,-2,66,-2,66,0,64,-6,69,-2,69,2,64,-4,59,0,62,-6,55,-2,57,-2,50,-2,52,0,48,0,48,-2,48,-2,48,4,46,4,39,0,46,9,0,0,0,0,0,0,0,0,0,0]"""
1782173641734,2026-06-23T09:14:01.734,warning,breathing,lmh,lying_fast_breath,t001,"CSI_DATA,18236,1a:00:00:00:00:00,-61,11,-98,19,44,11,127567479,47,2,256,0,""[0,0,0,0,0,0,0,0,0,0,0,0,-21,41,-21,39,-23,36,-21,43,-28,43,-32,41,-30,43,-32,47,-39,50,-39,50,-39,47,-39,50,-41,58,-45,56,-52,52,-50,52,-52,60,-58,56,-50,56,-58,52,-58,50,-56,56,-56,56,-56,58,-60,63,-52,63,-60,58,-60,63,-58,56,-58,67,-54,58,-58,65,-50,65,-47,60,-52,71,-50,69,-41,60,-39,67,-36,73,-54,76,-50,76,-28,69,-10,106,-36,84,-39,87,-34,6,-26,76,-39,91,8,19,-41,54,-45,82,-56,134,-60,13,4,108,30,95,-89,145,-23,84,0,0,0,0,0,0,93,36,2,58,108,4,80,54,34,-50,110,23,73,43,117,63,121,30,87,21,60,13,28,-15,89,21,67,15,73,52,71,19,82,15,67,21,73,8,65,8,69,2,67,8,63,-2,69,0,65,6,69,2,67,4,67,-6,73,-4,71,-6,69,-4,78,-4,69,0,67,-4,65,-6,69,0,67,0,63,0,73,0,69,4,58,2,67,2,63,6,60,6,63,10,60,2,56,10,56,4,52,15,47,15,47,15,47,13,45,15,45,17,43,21,39,21,34,21,0,0,0,0,0,0,0,0,0,0]"""
1782173641745,2026-06-23T09:14:01.745,warning,breathing,lmh,lying_fast_breath,t001,"CSI_DATA,18237,1a:00:00:00:00:00,-61,11,-98,18,44,11,127580849,47,2,256,0,""[0,0,0,0,0,0,0,0,0,0,0,0,-40,-2,-42,-2,-44,-4,-49,-6,-49,-8,-51,-11,-51,-13,-47,-15,-60,-15,-55,-17,-58,-17,-62,-17,-67,-20,-71,-20,-64,-29,-67,-22,-73,-15,-71,-29,-71,-26,-69,-31,-71,-40,-71,-29,-69,-33,-73,-31,-78,-35,-76,-29,-71,-33,-78,-33,-73,-29,-76,-26,-73,-26,-78,-29,-78,-24,-73,-20,-78,-22,-80,-13,-71,-17,-82,-13,-82,-15,-82,-6,-82,-13,-85,0,-87,-4,-91,-2,-87,-2,-80,0,-87,0,-80,4,-82,2,-91,0,-94,0,-91,4,-98,0,-94,0,-98,4,-96,4,-89,6,0,0,0,0,0,0,0,91,-4,91,6,94,4,91,6,85,-2,87,6,82,4,89,4,78,4,80,4,78,2,69,15,73,6,73,4,71,13,69,17,73,11,71,6,69,20,69,22,64,17,67,22,62,17,67,17,69,17,67,20,64,29,67,17,67,26,62,20,60,22,67,20,62,24,64,22,60,17,71,17,62,17,64,17,64,15,64,13,58,15,64,8,69,11,60,6,64,11,53,8,58,4,55,4,53,4,53,-2,49,2,49,-6,47,-6,42,-11,47,-11,42,-11,40,0,0,0,0,0,0,0,0,0,0]"""
1782173641756,2026-06-23T09:14:01.756,warning,breathing,lmh,lying_fast_breath,t001,"CSI_DATA,18238,1a:00:00:00:00:00,-59,11,-98,-4,41,11,127589478,47,2,256,0,""[0,0,0,0,0,0,0,0,0,0,0,0,-244,-202,-250,375,131,-23,-5,262,-5,160,-113,17,107,-5,-35,77,-35,17,-53,89,11,23,-53,71,-83,11,-5,71,-196,65,0,-5,-35,137,47,89,-41,47,-5,5,-53,53,-65,35,0,107,-11,59,-23,77,-23,65,-41,53,-53,65,-23,77,-23,71,-41,77,-35,95,-35,65,-11,83,-35,83,-11,77,-11,77,-17,89,-11,95,5,89,0,89,0,89,-5,95,0,77,-11,83,17,89,5,107,17,71,5,83,-5,89,11,89,29,77,0,89,17,101,5,101,29,107,53,107,0,0,0,0,0,0,107,0,89,-17,89,-53,77,-29,71,-17,95,-23,65,-35,83,-41,77,-35,77,-29,59,-29,59,-41,65,-35,65,-41,53,-35,53,-35,59,-41,53,-47,65,-35,41,-47,47,-53,53,-41,41,-53,47,-47,41,-59,41,-53,41,-47,35,-53,41,-53,29,-53,41,-53,41,-59,35,-59,35,-53,35,-53,41,-59,35,-53,35,-59,41,-59,35,-53,29,-53,29,-47,35,-53,35,-47,35,-47,35,-53,35,-47,35,-47,41,-41,29,-35,29,-35,35,-35,29,-41,35,-35,35,-23,35,-17,41,-29,0,0,0,0,0,0,0,0,0,0]"""
1782173641768,2026-06-23T09:14:01.768,warning,breathing,lmh,lying_fast_breath,t001,"CSI_DATA,18239,1a:00:00:00:00:00,-61,11,-98,18,44,11,127603340,47,2,256,0,""[0,0,0,0,0,0,0,0,0,0,0,0,-42,-4,-44,-11,-40,-8,-49,-8,-47,-13,-47,-17,-49,-22,-47,-22,-55,-22,-55,-24,-53,-29,-58,-29,-62,-29,-62,-33,-62,-42,-58,-35,-64,-33,-62,-40,-60,-42,-62,-49,-62,-51,-67,-44,-62,-51,-64,-49,-67,-55,-67,-44,-60,-53,-64,-53,-60,-49,-64,-47,-60,-47,-67,-53,-64,-49,-62,-47,-73,-49,-67,-44,-62,-42,-73,-38,-64,-42,-78,-38,-71,-44,-78,-33,-78,-38,-82,-40,-71,-38,-69,-33,-73,-40,-76,-35,-80,-38,-82,-47,-82,-42,-85,-38,-85,-49,-78,-47,-87,-42,-91,-49,-85,-38,0,0,0,0,0,0,-58,78,-49,80,-49,82,-44,73,-47,76,-49,73,-44,73,-49,78,-42,64,-49,60,-40,64,-33,58,-38,71,-42,64,-38,62,-31,60,-33,64,-33,60,-38,60,-29,55,-22,64,-35,62,-26,58,-31,58,-33,53,-33,64,-26,58,-24,60,-33,62,-24,58,-31,55,-31,62,-33,62,-31,64,-31,58,-42,60,-38,60,-33,58,-40,58,-38,53,-35,47,-42,47,-40,51,-40,47,-47,44,-35,44,-42,40,-40,40,-42,31,-40,26,-42,26,-42,26,-42,22,-42,22,-38,15,-40,11,-40,6,0,0,0,0,0,0,0,0,0,0]"""
1782173641778,2026-06-23T09:14:01.778,warning,breathing,lmh,lying_fast_breath,t001,"CSI_DATA,18240,1a:00:00:00:00:00,-61,11,-98,19,44,11,127611478,47,2,256,0,""[0,0,0,0,0,0,0,0,0,0,0,0,36,23,30,28,36,32,34,36,34,36,32,41,32,36,34,43,39,47,34,54,39,52,39,52,43,58,41,56,32,65,41,65,47,60,39,69,32,67,32,60,32,65,43,76,34,69,41,67,36,78,41,63,34,71,41,76,36,76,43,73,36,67,41,73,43,73,41,69,47,73,52,67,43,63,52,56,52,69,60,63,54,67,63,58,58,58,65,63,52,58,63,54,60,60,65,56,67,67,71,63,71,63,69,63,69,71,71,60,78,69,76,67,69,67,0,0,0,0,0,0,71,-67,71,-67,58,-65,58,-63,65,-65,56,-54,60,-65,65,-63,54,-60,54,-50,45,-56,47,-54,47,-58,47,-60,43,-56,39,-54,39,-63,45,-60,43,-54,34,-58,34,-60,39,-58,30,-54,34,-56,36,-56,34,-60,34,-60,28,-60,36,-60,32,-65,32,-58,36,-63,39,-58,34,-63,32,-54,41,-56,41,-60,39,-56,39,-60,39,-54,32,-54,41,-50,45,-50,41,-50,45,-47,39,-45,36,-39,39,-41,39,-30,39,-34,39,-30,39,-23,43,-30,43,-19,39,-17,39,-19,36,-10,0,0,0,0,0,0,0,0,0,0]"""
1782173641788,2026-06-23T09:14:01.788,warning,breathing,lmh,lying_fast_breath,t001,"CSI_DATA,18241,1a:00:00:00:00:00,-61,11,-98,17,44,11,127622478,47,2,256,0,""[0,0,0,0,0,0,0,0,0,0,0,0,41,-9,39,-9,46,-9,50,0,50,-2,55,0,52,0,52,4,59,2,66,4,64,4,62,6,69,6,71,11,69,20,66,16,76,9,76,23,73,20,69,25,69,34,76,25,76,29,80,27,80,32,76,20,73,32,80,32,73,34,78,29,71,27,78,32,80,27,73,25,80,27,80,27,69,23,80,18,87,25,82,18,80,20,82,9,85,13,89,13,85,16,87,13,85,16,87,11,85,13,94,18,92,16,92,11,94,20,92,23,94,18,99,25,94,20,0,0,0,0,0,0,29,-94,36,-89,27,-89,29,-85,27,-80,27,-73,25,-76,32,-80,25,-73,27,-73,23,-71,20,-66,23,-73,25,-69,23,-66,16,-66,16,-73,20,-71,23,-69,18,-64,11,-66,18,-69,13,-66,16,-66,20,-64,20,-64,13,-64,11,-64,18,-69,9,-69,16,-64,18,-69,23,-66,18,-69,18,-62,29,-71,23,-64,25,-59,29,-64,27,-57,27,-57,29,-59,32,-55,29,-55,36,-52,27,-46,34,-46,34,-48,34,-39,36,-36,34,-32,36,-29,36,-27,39,-29,41,-20,34,-20,39,-13,0,0,0,0,0,0,0,0,0,0]"""
1782173641798,2026-06-23T09:14:01.798,warning,breathing,lmh,lying_fast_breath,t001,"CSI_DATA,18242,1a:00:00:00:00:00,-61,11,-98,19,44,11,127633478,47,2,256,0,""[0,0,0,0,0,0,0,0,0,0,0,0,28,-32,32,-30,32,-28,41,-30,39,-28,47,-23,45,-26,45,-26,54,-28,56,-23,58,-23,60,-23,60,-28,67,-21,67,-13,71,-13,73,-23,76,-15,76,-6,73,-13,71,-2,82,-8,80,-2,80,-6,84,-4,82,-8,84,0,87,0,80,4,82,0,76,0,89,2,87,2,80,0,84,4,80,-4,76,-2,84,-8,84,0,82,-8,80,-4,82,-10,89,-8,95,-13,87,-4,87,-8,91,-2,87,-8,89,-6,95,-2,97,-8,93,-8,100,2,95,4,100,-2,93,0,97,4,0,0,0,0,0,0,23,-95,17,-95,13,-95,13,-89,17,-84,21,-78,15,-84,23,-84,19,-80,21,-80,13,-73,17,-67,19,-78,21,-67,21,-71,10,-71,17,-76,17,-76,21,-69,13,-69,8,-71,17,-65,13,-60,17,-63,21,-60,21,-63,19,-65,13,-65,19,-71,10,-69,15,-63,21,-65,28,-63,23,-65,26,-60,32,-60,32,-63,34,-56,36,-60,32,-54,30,-54,34,-52,41,-54,41,-50,41,-43,36,-45,41,-39,41,-39,43,-32,39,-34,41,-23,39,-23,41,-21,47,-15,45,-13,39,-13,41,-6,0,0,0,0,0,0,0,0,0,0]"""
1782173641810,2026-06-23T09:14:01.810,warning,breathing,lmh,lying_fast_breath,t001,"CSI_DATA,18243,1a:00:00:00:00:00,-61,11,-98,13,45,11,127644478,47,2,256,0,""[0,0,0,0,0,0,0,0,0,0,0,0,-13,-39,-9,-41,-4,-46,-2,-52,0,-48,4,-50,4,-52,6,-52,9,-59,16,-57,13,-62,16,-64,20,-69,25,-66,34,-62,32,-64,29,-73,36,-69,39,-62,39,-62,43,-59,48,-64,48,-64,50,-64,57,-64,48,-64,59,-57,59,-59,59,-52,59,-57,57,-55,66,-59,62,-55,62,-52,62,-57,57,-57,52,-50,59,-59,62,-55,57,-57,64,-57,55,-62,62,-62,64,-59,66,-59,62,-59,64,-59,64,-57,66,-55,76,-55,73,-55,71,-59,82,-57,80,-50,85,-55,82,-52,82,-50,0,0,0,0,0,0,-32,-92,-27,-89,-36,-85,-29,-78,-29,-80,-25,-80,-23,-76,-18,-85,-18,-76,-18,-76,-18,-73,-11,-69,-20,-76,-11,-71,-13,-71,-20,-66,-16,-71,-11,-69,-6,-71,-9,-62,-18,-69,-6,-69,-9,-64,-6,-64,-2,-62,-4,-64,-6,-64,-9,-64,-2,-69,-11,-64,-2,-64,0,-71,6,-66,2,-69,6,-64,13,-71,11,-64,16,-64,18,-64,18,-62,18,-57,20,-62,27,-57,29,-50,34,-50,25,-50,32,-43,36,-43,36,-39,32,-36,39,-34,34,-29,39,-20,39,-20,41,-18,39,-16,39,-13,0,0,0,0,0,0,0,0,0,0]"""
1782173641820,2026-06-23T09:14:01.820,warning,breathing,lmh,lying_fast_breath,t001,"CSI_DATA,18244,1a:00:00:00:00:00,-61,11,-98,17,44,11,127655478,47,2,256,0,""[0,0,0,0,0,0,0,0,0,0,0,0,36,18,34,23,39,23,41,29,41,27,39,29,43,29,43,32,46,32,48,34,57,36,55,34,57,39,57,36,55,43,62,43,71,34,64,41,62,39,62,46,59,48,69,39,69,36,76,34,73,39,78,29,73,34,78,32,76,32,78,20,76,23,80,25,82,20,76,16,80,9,82,6,76,4,85,-2,82,0,82,-11,82,-4,85,-20,82,-16,82,-25,78,-16,80,-27,85,-27,80,-36,78,-34,85,-39,82,-41,82,-46,89,-43,85,-41,87,-57,82,-52,80,-52,0,0,0,0,0,0,-46,-76,-57,-82,-59,-71,-55,-66,-57,-71,-52,-62,-57,-62,-59,-62,-55,-57,-50,-55,-57,-48,-55,-48,-66,-41,-62,-43,-64,-46,-57,-32,-66,-29,-66,-29,-64,-29,-64,-23,-66,-18,-64,-25,-57,-13,-62,-18,-64,-20,-64,-16,-69,-13,-69,-2,-69,-9,-71,2,-66,-2,-71,-2,-73,-6,-66,2,-62,-2,-69,-4,-71,0,-64,0,-69,-2,-69,2,-66,2,-66,-2,-64,-4,-64,0,-57,-2,-62,2,-57,-6,-57,2,-50,-4,-55,0,-48,-9,-48,-2,-41,-6,-43,-6,-43,-9,-39,-6,-41,-9,0,0,0,0,0,0,0,0,0,0]"""
1782173641832,2026-06-23T09:14:01.832,warning,breathing,lmh,lying_fast_breath,t001,"CSI_DATA,18245,1a:00:00:00:00:00,-61,11,-98,17,44,11,127666478,47,2,256,0,""[0,0,0,0,0,0,0,0,0,0,0,0,-9,-41,-4,-41,-2,-46,0,-50,-2,-50,2,-52,6,-55,9,-52,11,-59,13,-59,13,-62,13,-59,13,-66,16,-66,23,-64,27,-69,18,-73,25,-73,32,-69,34,-64,39,-59,32,-71,41,-66,39,-71,41,-73,34,-71,41,-64,43,-73,39,-66,39,-73,39,-62,46,-73,41,-76,41,-66,41,-73,39,-76,36,-71,36,-73,36,-78,34,-73,34,-71,34,-78,36,-76,32,-85,36,-76,34,-78,36,-80,32,-80,34,-80,39,-85,36,-85,39,-80,43,-80,50,-82,41,-87,34,-85,39,-82,0,0,0,0,0,0,-82,-57,-80,-57,-80,-46,-73,-52,-76,-48,-64,-50,-71,-50,-69,-52,-64,-50,-59,-46,-62,-46,-55,-46,-59,-41,-62,-46,-57,-46,-55,-39,-62,-39,-55,-43,-50,-39,-57,-39,-62,-36,-57,-46,-52,-32,-59,-34,-50,-39,-50,-39,-52,-36,-59,-36,-55,-39,-55,-34,-52,-39,-50,-39,-50,-43,-57,-39,-50,-39,-55,-50,-52,-48,-46,-41,-48,-50,-41,-50,-39,-48,-43,-55,-32,-55,-36,-48,-32,-50,-29,-52,-27,-52,-23,-50,-20,-48,-16,-48,-11,-48,-13,-48,-9,-46,-6,-46,-2,-48,-2,-48,6,-43,0,0,0,0,0,0,0,0,0,0]"""
1782173641842,2026-06-23T09:14:01.842,warning,breathing,lmh,lying_fast_breath,t001,"CSI_DATA,18246,1a:00:00:00:00:00,-61,11,-98,18,44,11,127677806,47,2,256,0,""[0,0,0,0,0,0,0,0,0,0,0,0,-22,-38,-17,-38,-17,-47,-20,-47,-20,-44,-15,-49,-17,-47,-17,-49,-17,-58,-20,-55,-20,-60,-22,-60,-24,-64,-22,-69,-17,-67,-24,-73,-26,-71,-17,-78,-17,-67,-22,-76,-22,-80,-22,-82,-24,-73,-24,-78,-29,-82,-31,-67,-24,-78,-24,-80,-26,-76,-31,-71,-29,-69,-31,-71,-38,-76,-35,-69,-40,-73,-47,-69,-47,-62,-49,-64,-53,-64,-62,-67,-53,-60,-62,-58,-60,-55,-64,-58,-58,-51,-67,-55,-67,-51,-69,-49,-69,-53,-76,-58,-73,-51,-78,-47,-76,-60,-80,-55,-82,-53,-87,-47,-82,-47,0,0,0,0,0,0,-53,76,-51,82,-42,80,-40,76,-40,82,-38,71,-40,73,-40,80,-31,76,-31,64,-29,64,-26,69,-24,73,-26,69,-20,69,-11,64,-11,73,-15,67,-17,64,-11,69,0,69,-8,69,-4,60,-4,62,-6,71,-4,67,0,67,6,69,0,71,8,64,4,67,2,69,0,76,4,71,6,64,0,69,4,73,4,67,2,71,0,67,6,62,0,64,0,67,0,64,-4,60,2,60,-6,55,-4,58,-8,49,-6,49,-6,49,-4,44,-8,44,-8,49,-13,38,-11,42,-17,40,0,0,0,0,0,0,0,0,0,0]"""
1782173641853,2026-06-23T09:14:01.853,warning,breathing,lmh,lying_fast_breath,t001,"CSI_DATA,18247,1a:00:00:00:00:00,-61,11,-98,18,44,11,127688478,47,2,256,0,""[0,0,0,0,0,0,0,0,0,0,0,0,-2,-42,-2,-40,0,-51,4,-49,2,-49,6,-47,6,-51,6,-51,8,-60,8,-58,13,-62,11,-64,11,-67,11,-67,15,-67,24,-71,20,-76,22,-69,24,-64,15,-73,22,-76,29,-78,29,-76,20,-76,31,-78,24,-78,33,-78,33,-76,26,-76,26,-80,24,-73,22,-82,20,-80,22,-78,17,-78,20,-85,15,-73,13,-85,11,-82,6,-82,8,-85,0,-85,8,-85,-4,-91,6,-85,2,-85,4,-91,-4,-87,-4,-89,0,-94,-6,-94,0,-91,4,-98,4,-94,-6,-98,-4,-100,2,-100,0,0,0,0,0,0,-98,0,-91,-8,-91,6,-87,-2,-87,-4,-85,-2,-80,2,-87,-2,-78,0,-82,-6,-73,2,-73,0,-78,2,-76,0,-71,4,-69,6,-76,8,-71,11,-69,4,-67,8,-69,15,-69,8,-62,11,-67,13,-67,13,-69,13,-69,8,-64,22,-69,15,-64,22,-64,13,-69,13,-69,11,-67,17,-64,11,-71,11,-69,8,-64,8,-67,6,-64,0,-64,8,-64,6,-62,2,-64,4,-64,-2,-55,-2,-55,-6,-58,-6,-51,-11,-51,-6,-47,-15,-44,-8,-47,-13,-49,-13,-38,-15,-42,-20,-31,-26,0,0,0,0,0,0,0,0,0,0]"""
1782173641864,2026-06-23T09:14:01.864,warning,breathing,lmh,lying_fast_breath,t001,"CSI_DATA,18248,1a:00:00:00:00:00,-61,11,-98,17,44,11,127699664,47,2,256,0,""[0,0,0,0,0,0,0,0,0,0,0,0,29,-27,32,-23,36,-29,41,-32,39,-29,43,-29,43,-32,48,-25,48,-36,50,-36,50,-36,48,-39,48,-46,50,-43,57,-41,55,-43,57,-52,62,-41,59,-46,55,-46,59,-39,57,-55,62,-52,62,-57,64,-59,50,-59,59,-52,59,-59,52,-59,48,-69,48,-59,50,-73,43,-69,43,-69,41,-73,34,-69,29,-64,27,-73,27,-80,23,-78,18,-80,11,-82,16,-85,4,-94,16,-87,6,-80,2,-85,-2,-82,-6,-87,-2,-92,-2,-96,-9,-89,-4,-99,-2,-96,-16,-96,-18,-99,-18,-94,0,0,0,0,0,0,-96,11,-92,16,-89,29,-85,23,-73,23,-80,23,-76,32,-80,29,-71,27,-78,23,-66,32,-59,29,-64,39,-64,34,-64,39,-55,43,-55,48,-52,43,-55,41,-46,43,-46,52,-46,48,-39,52,-43,52,-43,55,-41,50,-39,48,-29,59,-36,59,-29,57,-32,55,-36,64,-34,62,-25,64,-27,57,-36,66,-32,62,-27,59,-27,62,-29,55,-25,55,-29,57,-29,57,-27,57,-29,52,-23,50,-29,50,-27,55,-29,48,-25,39,-34,39,-23,36,-20,41,-25,41,-27,36,-25,32,-29,32,0,0,0,0,0,0,0,0,0,0]"""
1782173641876,2026-06-23T09:14:01.876,warning,breathing,lmh,lying_fast_breath,t001,"CSI_DATA,18249,1a:00:00:00:00:00,-61,11,-98,18,44,11,127710478,47,2,256,0,""[0,0,0,0,0,0,0,0,0,0,0,0,-38,8,-40,6,-47,4,-53,4,-49,2,-49,-4,-53,-2,-51,-11,-62,-6,-62,-11,-62,-15,-62,-13,-69,-17,-67,-17,-62,-29,-64,-22,-69,-22,-71,-33,-69,-29,-71,-42,-71,-40,-69,-40,-69,-40,-73,-42,-71,-51,-69,-38,-64,-49,-62,-51,-64,-44,-73,-44,-62,-47,-69,-51,-67,-51,-62,-47,-69,-49,-67,-40,-64,-42,-71,-42,-69,-44,-76,-38,-71,-47,-71,-40,-71,-42,-82,-44,-71,-47,-69,-44,-73,-47,-78,-42,-76,-51,-78,-53,-80,-49,-76,-49,-76,-58,-71,-62,-80,-55,-71,-58,-78,-53,0,0,0,0,0,0,-71,64,-67,67,-58,69,-64,58,-62,60,-62,51,-58,58,-67,58,-64,47,-58,47,-60,49,-53,42,-53,49,-62,49,-55,47,-49,47,-55,51,-55,44,-53,38,-51,44,-47,49,-51,44,-51,44,-49,42,-53,38,-53,42,-51,40,-51,49,-58,40,-49,42,-51,40,-55,38,-58,42,-58,40,-53,33,-64,33,-62,31,-60,26,-64,26,-58,17,-58,20,-60,24,-64,15,-60,15,-58,11,-58,11,-58,4,-60,6,-51,-4,-51,-2,-49,-4,-47,-4,-42,-6,-44,-13,-44,-13,-40,-15,-38,-20,0,0,0,0,0,0,0,0,0,0]"""
1782173641887,2026-06-23T09:14:01.887,warning,breathing,lmh,lying_fast_breath,t001,"CSI_DATA,18250,1a:00:00:00:00:00,-61,11,-98,17,44,11,127721478,47,2,256,0,""[0,0,0,0,0,0,0,0,0,0,0,0,-29,-29,-29,-34,-29,-34,-29,-43,-29,-39,-25,-41,-32,-39,-27,-46,-29,-50,-32,-48,-34,-52,-34,-52,-39,-62,-34,-64,-29,-64,-32,-66,-39,-64,-29,-71,-29,-69,-25,-64,-20,-69,-29,-76,-29,-76,-32,-73,-32,-82,-36,-71,-32,-76,-36,-78,-32,-82,-39,-73,-32,-69,-36,-76,-41,-71,-39,-73,-46,-71,-46,-66,-46,-64,-50,-64,-50,-62,-55,-66,-52,-69,-57,-59,-57,-64,-64,-62,-55,-57,-64,-57,-59,-55,-64,-55,-64,-59,-71,-64,-69,-62,-73,-57,-73,-66,-69,-62,-78,-66,-80,-59,-73,-59,0,0,0,0,0,0,-73,69,-69,69,-55,69,-59,59,-55,69,-59,59,-55,64,-57,66,-50,64,-50,57,-46,57,-43,59,-41,62,-39,62,-43,57,-32,59,-36,66,-34,64,-34,57,-32,62,-25,62,-32,62,-23,57,-27,59,-29,62,-32,64,-25,62,-25,64,-27,62,-20,66,-25,62,-25,64,-32,64,-25,66,-23,57,-32,64,-29,64,-29,59,-27,59,-32,57,-23,57,-29,52,-34,57,-32,55,-34,50,-32,48,-36,41,-34,48,-32,41,-34,39,-32,34,-27,36,-36,32,-34,27,-39,18,-34,25,-34,23,0,0,0,0,0,0,0,0,0,0]"""
1782173641898,2026-06-23T09:14:01.898,warning,breathing,lmh,lying_fast_breath,t001,"CSI_DATA,18251,1a:00:00:00:00:00,-61,11,-98,18,44,11,127734618,47,2,256,0,""[0,0,0,0,0,0,0,0,0,0,0,0,-22,-33,-20,-38,-22,-40,-22,-42,-20,-42,-22,-44,-24,-47,-20,-47,-31,-55,-29,-55,-29,-58,-31,-55,-38,-58,-35,-62,-31,-64,-35,-60,-47,-60,-38,-62,-38,-62,-40,-69,-44,-67,-42,-64,-44,-60,-49,-62,-49,-67,-51,-60,-49,-62,-53,-60,-51,-58,-62,-55,-55,-53,-62,-51,-62,-51,-64,-47,-71,-47,-73,-40,-69,-35,-76,-29,-76,-29,-80,-24,-85,-26,-82,-11,-80,-17,-89,-11,-85,-11,-82,0,-82,-8,-82,0,-89,0,-96,-6,-91,4,-91,11,-96,8,-94,8,-100,13,-98,17,-94,24,0,0,0,0,0,0,11,94,22,94,31,85,22,87,35,80,33,78,29,73,33,80,29,71,38,67,35,62,35,62,44,62,40,58,44,60,51,51,51,55,51,49,44,47,51,44,62,42,55,42,53,35,49,33,55,33,55,38,58,31,64,26,62,29,64,20,64,26,64,24,67,24,69,17,62,17,64,29,60,17,64,17,67,17,60,20,62,11,64,15,60,22,62,17,58,20,58,15,53,15,49,13,47,17,42,13,44,13,44,11,44,20,44,17,42,22,40,20,38,24,0,0,0,0,0,0,0,0,0,0]"""
1782173641910,2026-06-23T09:14:01.910,warning,breathing,lmh,lying_fast_breath,t001,"CSI_DATA,18252,1a:00:00:00:00:00,-61,11,-98,17,44,11,127746359,47,2,256,0,""[0,0,0,0,0,0,0,0,0,0,0,0,27,-27,27,-27,36,-32,36,-32,41,-34,39,-32,41,-32,41,-34,46,-36,48,-43,48,-39,46,-46,48,-48,46,-52,48,-43,52,-48,48,-55,57,-52,48,-52,48,-55,48,-52,52,-62,50,-62,48,-71,55,-69,39,-66,46,-66,43,-71,43,-71,32,-71,32,-64,32,-80,27,-78,25,-76,20,-82,16,-80,13,-73,6,-78,9,-82,-4,-85,-2,-82,-6,-80,-6,-85,-20,-89,-13,-80,-23,-80,-23,-82,-25,-80,-32,-85,-32,-92,-39,-82,-39,-80,-34,-87,-36,-87,-48,-85,-50,-85,-48,-82,0,0,0,0,0,0,-85,57,-76,55,-69,59,-64,55,-62,57,-66,52,-62,62,-59,59,-52,62,-50,57,-46,57,-41,59,-36,64,-41,66,-36,62,-27,62,-32,73,-27,62,-23,59,-20,64,-11,69,-16,66,-6,62,-13,66,-6,69,-6,69,-6,69,2,71,-2,71,6,66,2,64,2,71,6,71,13,66,6,64,9,73,11,73,11,69,11,71,13,64,11,62,11,64,11,66,13,59,9,62,13,59,9,55,18,57,6,48,13,50,9,48,11,46,4,46,2,50,2,46,2,41,-2,39,0,0,0,0,0,0,0,0,0,0]"""
1782173641919,2026-06-23T09:14:01.919,warning,breathing,lmh,lying_fast_breath,t001,"CSI_DATA,18253,1a:00:00:00:00:00,-61,11,-98,17,44,11,127758090,47,2,256,0,""[0,0,0,0,0,0,0,0,0,0,0,0,41,-4,41,0,48,0,48,2,50,6,48,9,48,6,52,11,59,9,59,11,62,11,59,13,64,9,71,11,62,23,71,20,76,16,76,27,66,20,64,25,69,32,73,20,78,25,73,23,82,25,78,18,80,25,82,23,80,27,80,18,73,16,80,20,80,20,76,18,82,11,82,9,76,9,78,4,82,6,85,0,87,2,85,-2,82,-4,89,-11,80,-4,82,-16,85,-6,85,-18,85,-9,92,-11,85,-11,92,-20,96,-11,94,-6,103,-16,96,-16,99,-18,0,0,0,0,0,0,-2,-92,-9,-99,-16,-85,-11,-89,-16,-92,-6,-80,-13,-82,-11,-85,-16,-80,-11,-76,-18,-71,-13,-69,-23,-73,-18,-71,-20,-71,-25,-66,-29,-76,-23,-69,-16,-64,-23,-64,-32,-62,-25,-66,-27,-57,-29,-59,-25,-64,-27,-59,-29,-62,-34,-55,-29,-62,-36,-57,-32,-57,-32,-59,-27,-62,-34,-57,-29,-55,-27,-62,-29,-62,-25,-62,-29,-62,-27,-62,-27,-55,-23,-62,-20,-66,-23,-62,-18,-59,-18,-57,-13,-52,-13,-55,-9,-48,-9,-48,-2,-50,-9,-43,-2,-48,4,-48,0,-41,2,-39,9,-43,0,0,0,0,0,0,0,0,0,0]"""
1782173641930,2026-06-23T09:14:01.930,warning,breathing,lmh,lying_fast_breath,t001,"CSI_DATA,18254,1a:00:00:00:00:00,-61,11,-98,21,43,11,127765477,47,2,256,0,""[0,0,0,0,0,0,0,0,0,0,0,0,-39,-16,-41,-18,-41,-20,-43,-20,-43,-20,-46,-23,-46,-23,-46,-25,-57,-23,-55,-27,-57,-27,-59,-20,-66,-23,-64,-25,-64,-32,-66,-29,-73,-25,-71,-29,-64,-25,-71,-25,-71,-25,-73,-29,-78,-23,-76,-16,-82,-23,-76,-9,-80,-20,-82,-16,-78,-13,-82,-6,-80,-6,-82,-4,-78,2,-80,2,-82,11,-82,13,-76,13,-78,23,-78,20,-76,27,-78,29,-76,39,-80,39,-80,46,-73,43,-73,43,-76,52,-66,52,-64,55,-71,55,-66,64,-59,66,-73,69,-76,66,-69,73,-62,71,-59,69,0,0,0,0,0,0,71,64,71,59,80,48,73,46,76,46,69,41,73,36,78,36,66,34,71,34,69,27,69,23,76,20,69,18,69,16,64,6,76,6,71,6,69,9,71,2,71,-6,73,2,62,-6,66,-6,71,-11,66,-9,64,-6,64,-25,69,-20,64,-27,62,-18,64,-18,64,-18,62,-27,59,-29,69,-23,64,-25,57,-29,64,-25,59,-25,55,-27,59,-27,64,-25,57,-29,52,-20,50,-25,50,-23,50,-20,48,-18,48,-18,50,-16,48,-16,43,-18,48,-13,43,-9,41,-11,43,-9,0,0,0,0,0,0,0,0,0,0]"""
1782173641941,2026-06-23T09:14:01.941,warning,breathing,lmh,lying_fast_breath,t001,"CSI_DATA,18255,1a:00:00:00:00:00,-61,11,-98,16,44,11,127776477,47,2,256,0,""[0,0,0,0,0,0,0,0,0,0,0,0,-37,14,-40,11,-45,9,-49,9,-47,14,-52,7,-54,9,-54,11,-59,14,-59,14,-61,14,-61,18,-64,21,-66,18,-68,11,-71,11,-73,26,-71,18,-68,18,-75,16,-85,4,-78,18,-80,21,-73,33,-78,28,-75,35,-78,28,-78,28,-75,28,-71,40,-68,33,-75,40,-71,35,-66,37,-68,47,-66,42,-59,47,-64,56,-59,61,-52,61,-56,56,-52,71,-54,68,-49,71,-49,71,-47,71,-47,71,-42,73,-42,75,-45,82,-35,82,-37,87,-49,82,-37,80,-35,90,-35,90,-35,92,0,0,0,0,0,0,85,35,85,35,85,26,82,28,87,21,75,26,80,18,80,21,78,16,73,18,73,11,71,4,78,9,71,4,73,2,73,-4,75,-11,68,-7,68,-2,68,-7,68,-16,71,-7,64,-14,61,-16,61,-18,61,-16,64,-18,61,-28,61,-28,59,-35,59,-28,61,-33,64,-26,61,-33,59,-28,64,-30,61,-26,61,-30,61,-28,59,-23,59,-26,59,-30,61,-26,56,-30,54,-23,56,-23,54,-21,47,-23,52,-16,45,-16,47,-14,45,-18,42,-11,42,-11,42,-11,45,-7,40,-9,0,0,0,0,0,0,0,0,0,0]"""
1782173641951,2026-06-23T09:14:01.951,warning,breathing,lmh,lying_fast_breath,t001,"CSI_DATA,18256,1a:00:00:00:00:00,-61,11,-98,21,43,11,127789233,47,2,256,0,""[0,0,0,0,0,0,0,0,0,0,0,0,-29,29,-27,27,-39,27,-39,27,-39,25,-43,25,-43,25,-48,29,-52,32,-50,32,-55,29,-57,36,-55,34,-59,32,-59,32,-66,32,-64,41,-71,29,-64,32,-59,34,-66,29,-71,36,-73,34,-71,39,-76,41,-64,43,-76,36,-71,41,-76,39,-66,46,-69,39,-66,43,-66,50,-62,46,-64,52,-64,52,-55,52,-57,55,-57,59,-50,66,-55,62,-50,69,-52,66,-48,76,-46,59,-43,69,-48,71,-39,76,-43,78,-48,80,-43,76,-48,80,-48,82,-52,78,-48,89,-43,89,-41,82,0,0,0,0,0,0,78,50,82,48,78,39,73,41,82,39,69,36,73,36,78,34,76,34,66,34,69,27,66,25,73,25,73,18,66,20,69,23,73,11,66,11,66,11,69,11,69,2,69,13,62,4,62,6,64,11,66,4,69,4,69,-2,71,0,69,-4,66,4,69,4,69,4,69,-2,64,0,66,4,71,0,64,0,69,2,66,4,59,4,66,6,66,9,64,6,59,6,57,4,52,13,57,11,48,11,50,13,46,16,46,11,46,16,48,18,36,16,34,18,34,23,0,0,0,0,0,0,0,0,0,0]"""
1782173641961,2026-06-23T09:14:01.961,warning,breathing,lmh,lying_fast_breath,t001,"CSI_DATA,18257,1a:00:00:00:00:00,-61,11,-98,17,44,11,127798477,47,2,256,0,""[0,0,0,0,0,0,0,0,0,0,0,0,6,41,2,39,0,41,2,48,-2,48,-4,55,-4,50,-9,55,-6,59,-6,57,-9,57,-11,57,-4,69,-9,69,-13,64,-23,71,-13,76,-18,76,-16,71,-23,71,-27,78,-23,76,-20,78,-16,73,-27,80,-18,78,-27,76,-20,78,-25,78,-16,76,-18,71,-20,80,-13,82,-16,78,-11,80,-9,80,-6,78,-4,82,-9,80,2,85,0,85,4,85,-2,80,9,89,6,78,11,80,9,89,13,82,11,82,13,94,9,87,13,89,6,92,2,89,18,94,18,96,13,87,0,0,0,0,0,0,99,-9,92,-9,85,-18,87,-11,85,-11,78,-9,82,-13,87,-9,78,-13,73,-9,69,-11,71,-13,78,-18,76,-18,69,-13,64,-20,69,-27,71,-20,69,-18,59,-23,62,-27,66,-20,59,-25,59,-27,62,-25,62,-27,66,-25,62,-34,64,-29,57,-32,62,-27,59,-32,64,-25,59,-32,57,-27,62,-27,66,-29,59,-27,62,-25,62,-18,57,-20,64,-23,62,-18,59,-18,59,-13,57,-13,57,-9,55,-13,50,-6,48,-4,50,-2,46,2,46,0,48,4,41,2,39,2,39,9,0,0,0,0,0,0,0,0,0,0]"""
1782173641971,2026-06-23T09:14:01.971,warning,breathing,lmh,lying_fast_breath,t001,"CSI_DATA,18258,1a:00:00:00:00:00,-61,11,-98,20,44,11,127809477,47,2,256,0,""[0,0,0,0,0,0,0,0,0,0,0,0,35,27,33,23,35,31,31,31,31,40,29,38,33,40,33,46,40,46,38,50,35,52,42,44,44,57,40,61,33,59,33,65,38,63,31,67,33,63,31,76,31,76,31,73,31,73,38,73,31,76,33,69,25,73,29,73,27,76,33,69,31,73,33,80,35,76,33,76,35,76,42,73,38,69,44,67,42,69,44,69,44,69,50,69,42,71,54,73,42,65,50,65,44,67,50,67,52,69,54,80,57,73,54,73,50,80,52,86,57,80,59,80,57,84,0,0,0,0,0,0,86,-46,86,-46,76,-48,73,-42,78,-44,67,-40,76,-44,73,-42,73,-44,69,-31,61,-40,63,-38,63,-40,65,-40,63,-40,54,-38,61,-44,54,-44,57,-38,57,-42,50,-46,59,-42,48,-40,54,-40,59,-42,52,-40,50,-42,50,-44,50,-44,46,-48,52,-38,52,-40,59,-44,50,-40,59,-42,59,-35,59,-35,54,-38,61,-33,54,-31,52,-29,54,-27,59,-29,59,-27,57,-21,57,-21,52,-12,57,-16,46,-8,48,-12,50,-4,42,-8,50,-2,46,0,40,-2,38,0,40,10,0,0,0,0,0,0,0,0,0,0]"""
1782173641981,2026-06-23T09:14:01.981,warning,breathing,lmh,lying_fast_breath,t001,"CSI_DATA,18259,1a:00:00:00:00:00,-61,11,-98,16,44,11,127820477,47,2,256,0,""[0,0,0,0,0,0,0,0,0,0,0,0,37,-16,40,-11,42,-16,49,-9,52,-11,49,-7,54,-4,52,-7,56,-4,56,0,61,0,64,-2,68,-2,71,7,66,9,68,11,73,7,78,9,71,11,75,16,80,18,73,21,78,21,80,21,80,26,80,16,71,26,78,28,75,28,78,21,73,23,82,30,80,26,78,21,78,23,78,18,73,18,78,18,78,23,80,16,80,21,80,9,75,21,85,16,80,16,82,18,82,16,82,16,85,18,94,21,94,21,87,23,90,28,87,33,97,26,94,28,94,23,0,0,0,0,0,0,40,-85,37,-82,30,-87,30,-80,33,-78,37,-71,33,-75,40,-75,33,-71,35,-68,35,-68,33,-61,28,-66,33,-66,33,-66,28,-64,30,-71,30,-64,30,-61,28,-61,23,-61,30,-59,26,-59,28,-61,30,-59,30,-59,26,-61,26,-61,30,-61,23,-61,30,-56,33,-59,33,-59,33,-61,33,-56,42,-59,42,-59,37,-52,45,-49,40,-49,35,-49,45,-49,47,-42,45,-40,47,-33,49,-37,42,-30,49,-33,47,-21,42,-23,45,-23,45,-16,45,-16,40,-9,47,-9,40,-4,40,-2,0,0,0,0,0,0,0,0,0,0]"""
1782173641993,2026-06-23T09:14:01.993,warning,breathing,lmh,lying_fast_breath,t001,"CSI_DATA,18260,1a:00:00:00:00:00,-61,11,-98,17,44,11,127831477,47,2,256,0,""[0,0,0,0,0,0,0,0,0,0,0,0,13,-39,16,-36,20,-41,27,-41,25,-41,27,-41,34,-46,32,-41,39,-43,39,-43,46,-48,43,-43,52,-48,52,-46,59,-36,59,-41,57,-46,62,-36,59,-36,69,-39,69,-34,71,-32,69,-32,71,-36,76,-34,71,-34,73,-25,73,-27,76,-20,73,-25,73,-18,80,-25,80,-23,76,-20,80,-25,76,-29,73,-25,78,-29,80,-23,73,-32,80,-25,69,-29,80,-29,78,-25,80,-25,78,-25,82,-25,82,-25,80,-27,89,-25,92,-29,89,-27,92,-20,99,-16,96,-23,92,-18,96,-9,0,0,0,0,0,0,0,-99,9,-87,0,-89,0,-89,2,-85,6,-82,6,-80,13,-82,9,-76,13,-78,9,-73,6,-69,9,-71,9,-71,11,-73,4,-66,4,-76,9,-69,16,-66,9,-66,4,-69,13,-66,9,-64,16,-66,13,-64,11,-59,11,-62,9,-66,16,-64,11,-64,13,-64,20,-64,23,-62,23,-64,23,-62,32,-66,34,-62,32,-57,32,-59,34,-57,32,-48,36,-55,41,-48,39,-50,43,-41,39,-39,41,-34,48,-36,41,-29,43,-25,43,-23,43,-20,41,-16,46,-16,43,-9,43,-6,43,0,0,0,0,0,0,0,0,0,0,0]"""
1782173642005,2026-06-23T09:14:02.005,warning,breathing,lmh,lying_fast_breath,t001,"CSI_DATA,18261,1a:00:00:00:00:00,-61,11,-98,13,45,11,127842477,47,2,256,0,""[0,0,0,0,0,0,0,0,0,0,0,0,34,-27,36,-20,36,-23,46,-20,46,-23,43,-23,43,-23,46,-16,57,-25,59,-16,59,-23,59,-20,64,-23,66,-23,66,-13,69,-20,73,-23,76,-18,69,-16,76,-9,78,-9,80,-13,80,-18,78,-11,87,-11,76,-20,78,-11,82,-13,78,-11,78,-13,76,-13,82,-18,80,-13,78,-16,80,-20,78,-23,76,-20,73,-27,78,-20,76,-32,78,-29,71,-36,78,-36,82,-36,76,-32,73,-39,80,-36,73,-41,78,-39,85,-39,82,-41,80,-43,87,-43,87,-41,85,-46,82,-46,80,-41,0,0,0,0,0,0,-32,-87,-29,-85,-39,-80,-34,-82,-36,-78,-36,-76,-34,-73,-29,-78,-27,-71,-29,-66,-34,-66,-32,-66,-36,-66,-29,-64,-34,-64,-36,-59,-36,-64,-34,-59,-29,-59,-41,-52,-43,-55,-36,-59,-34,-50,-36,-52,-32,-50,-36,-52,-39,-52,-39,-52,-36,-55,-43,-48,-36,-52,-41,-55,-39,-55,-39,-55,-39,-50,-29,-62,-36,-57,-34,-57,-32,-59,-32,-59,-29,-50,-29,-57,-23,-57,-25,-55,-18,-55,-23,-52,-16,-50,-16,-50,-11,-52,-11,-46,-9,-48,-6,-46,-6,-43,0,-46,4,-43,6,-41,4,-39,0,0,0,0,0,0,0,0,0,0]"""
1782173642016,2026-06-23T09:14:02.016,warning,breathing,lmh,lying_fast_breath,t001,"CSI_DATA,18262,1a:00:00:00:00:00,-61,11,-98,13,45,11,127853477,47,2,256,0,""[0,0,0,0,0,0,0,0,0,0,0,0,16,-41,16,-36,23,-39,27,-39,29,-39,29,-39,29,-41,36,-39,41,-48,41,-41,46,-46,43,-48,46,-50,48,-46,55,-39,59,-48,57,-50,64,-43,57,-41,64,-36,69,-41,69,-41,73,-41,66,-43,71,-41,64,-41,73,-36,71,-39,73,-34,69,-43,69,-39,73,-34,69,-39,69,-39,73,-43,73,-48,66,-43,64,-46,71,-46,69,-50,66,-46,62,-57,66,-52,66,-55,66,-48,66,-55,71,-50,66,-59,69,-55,73,-52,71,-52,76,-59,78,-52,78,-50,78,-55,76,-57,78,-55,0,0,0,0,0,0,-43,-80,-43,-82,-43,-73,-43,-78,-43,-73,-36,-76,-39,-71,-32,-71,-34,-69,-29,-66,-34,-64,-32,-64,-39,-69,-34,-64,-29,-66,-36,-59,-39,-62,-34,-59,-29,-57,-36,-57,-39,-52,-34,-62,-32,-48,-29,-52,-32,-55,-29,-55,-34,-59,-36,-55,-34,-57,-39,-55,-32,-57,-34,-59,-27,-62,-32,-57,-29,-57,-25,-59,-20,-59,-23,-57,-23,-64,-20,-62,-20,-59,-16,-62,-11,-62,-11,-59,-6,-57,-13,-57,-2,-55,-2,-50,0,-50,0,-48,6,-50,2,-46,6,-43,16,-48,13,-36,13,-41,20,-39,0,0,0,0,0,0,0,0,0,0]"""
1782173642029,2026-06-23T09:14:02.029,warning,breathing,lmh,lying_fast_breath,t001,"CSI_DATA,18263,1a:00:00:00:00:00,-61,11,-98,19,44,11,127866690,47,2,256,0,""[0,0,0,0,0,0,0,0,0,0,0,0,-36,13,-39,6,-45,8,-50,4,-47,4,-50,2,-52,-2,-54,-6,-58,0,-60,-6,-65,-8,-60,-6,-67,-8,-67,-10,-67,-19,-65,-15,-76,-17,-69,-21,-69,-23,-71,-23,-65,-23,-73,-34,-69,-30,-73,-32,-78,-36,-71,-30,-69,-34,-73,-41,-69,-41,-73,-32,-67,-30,-78,-41,-73,-34,-67,-36,-78,-34,-76,-32,-69,-28,-78,-26,-73,-34,-80,-26,-76,-28,-78,-21,-73,-28,-84,-28,-73,-28,-80,-23,-78,-26,-78,-26,-84,-28,-89,-34,-89,-32,-82,-30,-87,-39,-82,-41,-87,-41,-89,-36,-89,-36,0,0,0,0,0,0,-54,87,-47,80,-43,80,-45,69,-41,69,-50,71,-39,71,-52,67,-47,67,-50,63,-41,63,-39,56,-41,60,-45,60,-39,58,-34,63,-36,67,-36,56,-39,56,-32,54,-28,63,-39,56,-34,56,-39,54,-39,54,-41,58,-36,54,-34,60,-41,56,-34,58,-36,54,-41,54,-45,54,-41,56,-36,52,-50,54,-47,50,-45,47,-50,47,-47,39,-45,39,-47,45,-56,39,-50,39,-54,32,-43,30,-47,26,-50,23,-50,17,-47,17,-47,13,-43,10,-45,6,-54,8,-45,4,-39,2,-39,-6,0,0,0,0,0,0,0,0,0,0]"""
1782173642041,2026-06-23T09:14:02.041,warning,breathing,lmh,lying_fast_breath,t001,"CSI_DATA,18264,1a:00:00:00:00:00,-62,11,-98,13,44,11,127875477,47,2,256,0,""[0,0,0,0,0,0,0,0,0,0,0,0,-38,-20,-33,-23,-38,-25,-36,-31,-33,-33,-36,-36,-36,-36,-31,-41,-38,-46,-33,-46,-33,-51,-33,-54,-41,-56,-31,-59,-28,-62,-28,-67,-31,-67,-15,-72,-15,-64,-23,-67,-12,-67,-12,-82,-12,-74,-12,-80,-12,-87,-12,-74,-2,-85,-2,-85,0,-80,-10,-82,0,-77,0,-85,0,-80,2,-80,0,-82,0,-82,2,-74,-7,-74,2,-82,-2,-90,5,-82,-23,-77,-12,-85,18,-62,-12,-118,18,-54,-18,-124,-12,-144,-7,-62,36,-126,-18,-51,59,-129,85,-124,41,-113,-69,-93,-15,-111,-43,-85,0,0,0,0,0,0,-28,5,-59,-62,-12,-25,-64,0,-25,-12,-20,-2,-69,5,-98,-59,-56,-33,-87,10,-77,-18,-46,-54,-87,0,-80,-28,-69,-36,-72,-41,-74,-36,-69,-33,-59,-43,-62,-46,-59,-33,-51,-43,-46,-36,-54,-36,-49,-49,-46,-43,-51,-43,-54,-41,-49,-41,-51,-36,-43,-46,-43,-49,-43,-51,-46,-46,-38,-54,-41,-56,-33,-56,-36,-54,-33,-56,-28,-64,-23,-59,-25,-59,-23,-62,-18,-64,-12,-56,-12,-59,-5,-56,-7,-56,0,-49,2,-46,5,-51,7,-43,10,-46,15,-43,12,-41,18,-36,23,-36,0,0,0,0,0,0,0,0,0,0]"""
1782173642051,2026-06-23T09:14:02.051,warning,breathing,lmh,lying_fast_breath,t001,"CSI_DATA,18265,1a:00:00:00:00:00,-61,11,-98,14,45,11,127888041,47,2,256,0,""[0,0,0,0,0,0,0,0,0,0,0,0,33,-26,33,-24,33,-26,42,-29,38,-26,44,-29,44,-31,44,-26,51,-38,49,-31,51,-33,55,-38,55,-40,55,-38,58,-38,55,-38,58,-44,64,-40,55,-40,60,-44,62,-42,64,-44,64,-42,62,-47,69,-51,62,-49,67,-44,69,-51,60,-44,60,-58,55,-51,58,-64,55,-60,49,-58,49,-62,49,-67,42,-62,47,-71,40,-67,35,-73,33,-71,26,-78,31,-78,26,-80,29,-76,22,-78,24,-80,20,-82,15,-82,20,-89,13,-89,15,-87,22,-94,20,-94,8,-96,2,-96,8,-94,0,0,0,0,0,0,-98,-11,-89,-8,-91,2,-87,-4,-85,-4,-85,-2,-78,2,-82,4,-73,2,-76,0,-76,6,-69,6,-76,13,-69,13,-71,11,-67,17,-67,24,-67,22,-64,17,-62,24,-62,31,-62,26,-51,29,-53,31,-55,26,-58,33,-58,29,-51,38,-55,35,-51,40,-53,35,-60,42,-53,40,-49,42,-53,40,-55,40,-53,38,-49,38,-53,38,-55,33,-49,35,-51,35,-51,33,-44,33,-51,31,-47,35,-44,29,-47,26,-44,22,-42,22,-47,20,-44,17,-40,17,-44,15,-40,15,-35,15,-40,8,0,0,0,0,0,0,0,0,0,0]"""
1782173642062,2026-06-23T09:14:02.062,warning,breathing,lmh,lying_fast_breath,t001,"CSI_DATA,18266,1a:00:00:00:00:00,-61,11,-98,18,44,11,127897476,47,2,256,0,""[0,0,0,0,0,0,0,0,0,0,0,0,-6,-40,0,-44,-2,-44,2,-51,0,-51,4,-47,2,-49,0,-55,2,-60,6,-60,0,-60,4,-62,2,-69,4,-67,6,-69,4,-69,2,-71,6,-71,8,-71,6,-71,2,-76,8,-78,2,-80,0,-76,8,-85,-4,-82,4,-78,-2,-78,6,-85,-6,-82,-6,-73,-6,-82,-13,-80,-13,-76,-17,-80,-17,-78,-17,-73,-26,-71,-24,-76,-35,-76,-29,-76,-33,-71,-35,-73,-47,-73,-35,-71,-47,-69,-44,-71,-47,-64,-53,-73,-53,-76,-49,-69,-60,-69,-58,-80,-49,-78,-67,-73,-62,-73,-64,-67,0,0,0,0,0,0,-73,64,-73,58,-62,64,-64,55,-60,55,-53,53,-55,64,-60,62,-53,62,-51,58,-40,58,-44,58,-47,60,-44,60,-35,58,-29,62,-35,67,-33,62,-33,58,-26,62,-20,64,-24,60,-17,53,-17,62,-24,62,-24,62,-17,60,-11,64,-20,67,-8,67,-13,64,-13,64,-15,69,-13,64,-11,58,-17,64,-13,62,-13,64,-13,67,-13,62,-13,55,-13,60,-17,62,-17,62,-15,58,-11,55,-13,51,-15,58,-13,47,-20,44,-20,44,-17,44,-20,42,-24,38,-22,38,-26,38,-26,29,0,0,0,0,0,0,0,0,0,0]"""
1782173642073,2026-06-23T09:14:02.073,warning,breathing,lmh,lying_fast_breath,t001,"CSI_DATA,18267,1a:00:00:00:00:00,-61,11,-98,18,44,11,127908476,47,2,256,0,""[0,0,0,0,0,0,0,0,0,0,0,0,-17,35,-22,33,-26,33,-33,35,-31,38,-33,35,-38,35,-42,31,-49,38,-49,33,-53,33,-51,38,-55,35,-58,33,-67,26,-60,29,-64,33,-69,24,-71,24,-62,17,-71,11,-76,17,-73,17,-78,20,-87,13,-73,17,-76,6,-80,6,-76,6,-78,6,-71,6,-82,4,-80,4,-78,6,-82,6,-80,8,-71,11,-82,11,-80,8,-80,11,-87,6,-80,13,-82,13,-85,15,-80,6,-76,8,-80,6,-80,8,-85,8,-91,4,-87,2,-91,6,-94,-4,-91,-6,-98,-4,-98,-8,-89,-8,0,0,0,0,0,0,-22,94,-24,91,-20,89,-24,85,-15,82,-26,76,-22,76,-26,80,-29,73,-24,71,-26,69,-26,69,-26,71,-24,71,-29,64,-22,64,-24,69,-29,64,-31,60,-22,60,-20,64,-33,60,-22,60,-24,60,-31,60,-33,60,-26,58,-26,60,-31,62,-24,55,-31,53,-38,58,-35,53,-33,53,-33,53,-44,55,-44,53,-40,51,-51,49,-47,47,-42,40,-53,38,-53,35,-53,38,-51,33,-47,33,-51,22,-51,20,-49,20,-49,15,-44,17,-44,11,-49,4,-51,2,-42,0,-38,2,-40,-11,0,0,0,0,0,0,0,0,0,0]"""
1782173642082,2026-06-23T09:14:02.082,warning,breathing,lmh,lying_fast_breath,t001,"CSI_DATA,18268,1a:00:00:00:00:00,-61,11,-98,14,45,11,127919928,47,2,256,0,""[0,0,0,0,0,0,0,0,0,0,0,0,40,13,40,15,42,13,42,22,42,24,40,31,44,31,42,38,47,35,42,40,47,47,44,47,49,49,42,51,38,60,42,62,42,60,38,67,33,62,31,69,29,73,29,71,31,73,29,73,26,78,29,73,17,78,22,80,17,76,24,78,13,73,22,80,22,78,22,76,22,80,20,80,17,71,22,76,20,80,24,78,22,80,26,80,20,80,24,85,15,80,17,78,13,87,20,82,20,82,15,94,15,89,13,87,6,94,4,96,13,94,11,96,6,96,0,0,0,0,0,0,89,8,91,11,91,8,85,13,82,15,78,20,78,15,85,15,76,15,71,24,71,22,67,20,73,17,69,22,67,24,64,20,69,15,67,17,62,22,64,22,67,20,60,24,55,15,58,22,55,24,62,24,60,26,60,22,60,26,62,24,58,29,62,31,58,31,58,29,53,35,55,42,51,40,51,38,49,44,42,47,42,44,42,51,38,49,40,47,33,47,29,49,22,51,24,47,15,49,15,44,13,49,8,44,6,42,4,47,2,42,-2,40,-8,42,0,0,0,0,0,0,0,0,0,0]"""
1782173642092,2026-06-23T09:14:02.092,warning,breathing,lmh,lying_fast_breath,t001,"CSI_DATA,18269,1a:00:00:00:00:00,-61,11,-98,14,45,11,127930476,47,2,256,0,""[0,0,0,0,0,0,0,0,0,0,0,0,-4,42,-4,42,-6,44,-13,47,-15,47,-20,47,-20,51,-20,47,-24,58,-29,51,-29,58,-31,58,-31,62,-33,62,-40,53,-40,62,-38,67,-47,64,-44,55,-53,55,-55,53,-53,55,-55,55,-51,60,-55,62,-49,62,-55,58,-58,60,-58,53,-49,55,-55,55,-60,58,-55,58,-53,55,-55,60,-58,62,-51,58,-51,67,-51,62,-44,67,-51,60,-42,71,-51,67,-49,73,-51,67,-47,71,-55,71,-47,69,-51,69,-55,73,-51,73,-53,78,-62,78,-60,71,-55,78,-58,73,-58,69,0,0,0,0,0,0,60,67,60,67,64,58,58,62,62,64,58,60,55,55,55,58,53,58,49,58,51,53,47,53,53,51,47,55,49,51,47,49,51,49,49,47,44,51,49,47,55,42,51,53,42,40,44,44,44,49,44,47,49,49,51,44,47,49,53,42,49,44,47,49,47,51,44,47,44,44,42,55,38,53,35,51,35,55,35,55,33,51,33,58,29,58,29,53,20,51,26,51,17,55,17,49,13,53,11,47,8,49,4,44,2,44,-2,42,-2,42,-4,40,-11,40,0,0,0,0,0,0,0,0,0,0]"""
1782173642103,2026-06-23T09:14:02.103,warning,breathing,lmh,lying_fast_breath,t001,"CSI_DATA,18270,1a:00:00:00:00:00,-61,11,-98,14,45,11,127941476,47,2,256,0,""[0,0,0,0,0,0,0,0,0,0,0,0,-17,38,-22,35,-26,35,-26,40,-26,40,-33,40,-33,42,-38,40,-38,49,-38,42,-44,49,-40,49,-42,53,-42,53,-49,49,-49,51,-47,60,-55,55,-49,58,-53,49,-58,49,-53,58,-58,53,-55,60,-58,60,-49,62,-53,58,-58,62,-53,58,-49,62,-49,58,-51,69,-42,64,-42,64,-42,69,-42,69,-33,64,-35,78,-35,76,-29,76,-31,76,-17,80,-22,78,-22,85,-26,82,-17,82,-24,82,-17,82,-15,85,-17,89,-11,89,-13,91,-20,96,-17,94,-6,96,-6,96,-6,91,0,0,0,0,0,0,91,11,87,15,91,4,87,11,82,8,85,13,80,2,85,6,73,2,78,4,76,0,71,2,76,-2,69,-8,71,0,67,-11,69,-17,67,-11,64,-6,67,-13,67,-17,64,-13,60,-17,60,-20,64,-15,62,-20,62,-13,60,-29,67,-22,62,-26,60,-22,64,-24,60,-24,58,-26,60,-22,67,-22,62,-22,60,-24,60,-22,62,-17,53,-20,60,-17,58,-17,55,-17,60,-11,53,-15,55,-11,51,-13,53,-6,49,-4,51,-4,44,-4,42,-4,47,0,42,2,38,2,40,8,0,0,0,0,0,0,0,0,0,0]"""
1782173642114,2026-06-23T09:14:02.114,warning,breathing,lmh,lying_fast_breath,t001,"CSI_DATA,18271,1a:00:00:00:00:00,-61,11,-98,20,44,11,127952476,47,2,256,0,""[0,0,0,0,0,0,0,0,0,0,0,0,-35,25,-35,23,-35,25,-38,27,-40,27,-40,21,-44,31,-44,27,-50,31,-48,33,-50,38,-48,38,-50,42,-50,44,-52,38,-54,42,-54,50,-59,42,-52,46,-57,42,-57,46,-59,54,-59,54,-52,57,-54,65,-48,61,-50,61,-48,65,-48,65,-42,67,-38,63,-40,73,-35,73,-38,73,-27,78,-23,80,-21,73,-14,80,-12,78,-4,84,-10,86,4,82,2,80,8,90,4,82,10,82,10,84,16,82,21,86,25,92,35,88,33,82,25,92,31,90,46,86,44,88,46,88,0,0,0,0,0,0,88,-46,86,-46,73,-52,69,-44,69,-50,65,-46,65,-52,67,-57,59,-57,50,-52,48,-54,44,-50,48,-59,44,-57,38,-59,31,-57,29,-69,29,-67,33,-59,23,-65,14,-67,23,-67,12,-63,12,-63,14,-65,12,-67,10,-61,4,-67,2,-67,-2,-67,-2,-65,2,-67,-4,-69,-6,-67,-4,-65,-2,-69,-4,-67,-8,-69,-6,-69,-2,-61,-10,-63,-10,-67,-6,-63,-10,-61,-6,-61,-8,-59,-8,-54,-10,-61,-4,-50,-2,-48,0,-48,-8,-44,0,-44,-2,-52,0,-42,-2,-42,4,-40,0,0,0,0,0,0,0,0,0,0]"""
1782173642137,2026-06-23T09:14:02.137,warning,breathing,lmh,lying_fast_breath,t001,"CSI_DATA,18272,1a:00:00:00:00:00,-61,11,-98,19,44,11,127974695,47,2,256,0,""[0,0,0,0,0,0,0,0,0,0,0,0,-23,-36,-19,-39,-21,-39,-21,-45,-17,-45,-17,-45,-19,-43,-21,-50,-23,-58,-26,-56,-23,-56,-28,-58,-28,-63,-26,-60,-23,-65,-26,-67,-39,-65,-28,-69,-23,-63,-32,-67,-34,-67,-30,-71,-36,-71,-32,-69,-34,-76,-41,-65,-36,-73,-43,-73,-39,-71,-43,-65,-43,-65,-45,-67,-52,-63,-45,-60,-54,-63,-58,-58,-52,-52,-63,-52,-58,-56,-71,-47,-67,-52,-76,-41,-69,-43,-78,-36,-71,-39,-76,-34,-76,-34,-78,-28,-80,-36,-84,-36,-87,-28,-84,-26,-89,-30,-91,-39,-89,-30,-97,-26,-95,-30,0,0,0,0,0,0,-30,93,-23,89,-15,91,-17,84,-13,87,-17,80,-13,82,-15,82,-13,73,-8,78,-4,73,-2,67,2,76,2,73,-2,69,8,65,10,78,13,69,8,69,10,67,21,65,15,65,19,60,21,58,15,63,19,65,28,60,28,60,23,67,34,58,28,56,28,63,30,63,32,58,28,52,26,65,30,63,32,56,32,60,28,60,30,54,28,56,28,58,32,56,23,56,28,52,17,52,23,52,19,45,17,45,17,50,15,43,13,45,10,45,8,43,8,41,2,41,0,0,0,0,0,0,0,0,0,0]"""
1782173642147,2026-06-23T09:14:02.147,warning,breathing,lmh,lying_fast_breath,t001,"CSI_DATA,18273,1a:00:00:00:00:00,-61,11,-98,18,44,11,127974807,47,2,256,0,""[0,0,0,0,0,0,0,0,0,0,0,0,29,-26,33,-22,38,-24,42,-26,44,-24,38,-24,40,-31,49,-26,51,-31,53,-31,51,-31,51,-31,55,-40,55,-40,55,-29,64,-33,58,-42,64,-38,58,-29,58,-40,62,-38,64,-44,64,-44,62,-44,69,-44,55,-51,69,-44,62,-49,64,-51,58,-51,55,-53,53,-55,55,-58,53,-55,47,-64,47,-64,42,-62,40,-69,40,-71,35,-76,38,-76,29,-78,31,-73,24,-85,24,-71,20,-78,22,-80,15,-80,17,-85,15,-94,13,-89,13,-89,15,-94,22,-91,8,-98,2,-96,2,-94,0,0,0,0,0,0,-91,-11,-94,-8,-87,2,-85,2,-87,2,-78,0,-82,4,-80,6,-76,11,-71,8,-69,11,-71,11,-71,15,-71,20,-67,15,-60,17,-71,26,-62,29,-58,22,-62,29,-58,33,-62,31,-49,31,-53,31,-55,33,-58,33,-55,40,-53,40,-53,44,-49,49,-51,44,-53,42,-53,44,-47,44,-49,44,-49,42,-53,47,-47,44,-49,44,-51,42,-42,42,-47,38,-47,44,-44,42,-49,38,-49,38,-44,31,-44,35,-42,29,-40,26,-38,26,-38,29,-38,22,-44,22,-38,20,-35,17,-38,13,0,0,0,0,0,0,0,0,0,0]"""
1782173642158,2026-06-23T09:14:02.158,warning,breathing,lmh,lying_fast_breath,t001,"CSI_DATA,18274,1a:00:00:00:00:00,-61,11,-98,19,44,11,127986680,47,2,256,0,""[0,0,0,0,0,0,0,0,0,0,0,0,36,-17,34,-17,45,-17,45,-19,43,-17,45,-17,52,-17,47,-21,52,-19,54,-23,54,-23,56,-26,60,-32,58,-28,69,-19,63,-28,63,-34,65,-26,63,-23,63,-32,63,-34,71,-36,69,-32,71,-39,73,-41,65,-43,69,-39,76,-45,69,-43,67,-47,56,-45,63,-58,60,-54,56,-58,54,-63,50,-63,45,-63,45,-65,39,-67,34,-71,36,-73,28,-73,36,-76,32,-82,30,-71,23,-78,28,-78,13,-80,17,-87,17,-91,10,-91,13,-89,21,-95,15,-91,4,-97,4,-95,2,-93,0,0,0,0,0,0,-93,-6,-91,0,-89,8,-87,0,-89,6,-82,6,-78,13,-87,13,-73,17,-73,13,-69,17,-71,19,-69,26,-73,26,-63,23,-58,30,-65,34,-60,32,-60,30,-60,39,-54,45,-54,36,-47,43,-52,41,-52,47,-50,43,-45,43,-41,52,-47,45,-39,52,-43,45,-47,54,-43,52,-41,56,-39,52,-43,56,-43,52,-41,56,-39,56,-39,54,-36,50,-34,50,-43,50,-34,52,-36,50,-34,47,-34,43,-34,50,-32,36,-32,36,-34,36,-28,34,-30,32,-32,32,-30,32,-28,23,-34,23,0,0,0,0,0,0,0,0,0,0]"""
1782173642170,2026-06-23T09:14:02.170,warning,breathing,lmh,lying_fast_breath,t001,"CSI_DATA,18275,1a:00:00:00:00:00,-61,11,-98,14,45,11,127996476,47,2,256,0,""[0,0,0,0,0,0,0,0,0,0,0,0,8,-42,13,-40,11,-42,15,-42,20,-44,26,-42,26,-47,24,-47,31,-53,31,-53,31,-55,29,-55,33,-55,35,-58,40,-53,47,-60,42,-62,49,-55,44,-51,47,-58,49,-58,53,-55,55,-58,49,-60,58,-60,51,-62,53,-60,55,-60,53,-58,51,-60,53,-58,53,-62,51,-62,51,-58,49,-64,51,-64,42,-64,42,-69,42,-67,38,-71,40,-69,38,-76,40,-71,31,-78,40,-69,38,-76,42,-76,35,-78,35,-78,40,-82,33,-82,38,-82,44,-82,47,-85,40,-91,38,-87,42,-85,0,0,0,0,0,0,-78,-51,-78,-44,-76,-38,-76,-40,-76,-42,-69,-42,-71,-35,-73,-40,-69,-33,-64,-38,-67,-35,-60,-33,-67,-35,-64,-31,-62,-31,-62,-26,-69,-22,-62,-24,-60,-26,-62,-26,-64,-20,-60,-26,-55,-17,-58,-20,-58,-24,-60,-22,-62,-22,-64,-13,-62,-22,-64,-13,-62,-22,-67,-22,-60,-22,-62,-20,-62,-22,-60,-26,-60,-26,-55,-24,-55,-26,-58,-33,-55,-26,-58,-33,-53,-31,-51,-31,-44,-31,-51,-33,-42,-35,-42,-31,-35,-35,-38,-33,-31,-35,-31,-35,-29,-33,-22,-38,-24,-33,-22,-38,-17,-38,0,0,0,0,0,0,0,0,0,0]"""
1782173642181,2026-06-23T09:14:02.181,warning,breathing,lmh,lying_fast_breath,t001,"CSI_DATA,18276,1a:00:00:00:00:00,-61,11,-98,14,45,11,128007483,47,2,256,0,""[0,0,0,0,0,0,0,0,0,0,0,0,-40,2,-40,0,-44,0,-51,-2,-51,-6,-49,-6,-51,-8,-51,-13,-58,-11,-55,-15,-60,-20,-60,-15,-67,-17,-64,-22,-62,-29,-62,-31,-67,-29,-64,-33,-64,-33,-69,-38,-69,-40,-67,-42,-62,-40,-69,-42,-71,-49,-67,-35,-62,-44,-62,-47,-60,-47,-69,-40,-58,-42,-71,-51,-69,-47,-69,-44,-73,-42,-69,-38,-64,-38,-71,-35,-71,-40,-76,-35,-73,-40,-71,-29,-71,-35,-80,-35,-73,-35,-69,-33,-73,-35,-73,-29,-78,-38,-80,-40,-85,-38,-78,-38,-78,-47,-78,-49,-89,-44,-87,-47,-85,-51,0,0,0,0,0,0,-55,78,-53,76,-51,80,-49,67,-47,67,-51,62,-47,67,-51,69,-44,62,-47,55,-44,60,-42,49,-42,58,-44,58,-44,55,-38,53,-40,62,-40,58,-40,53,-38,49,-31,55,-40,51,-31,53,-38,53,-38,55,-38,55,-38,49,-35,58,-42,55,-31,53,-38,47,-40,53,-44,55,-40,53,-38,47,-49,51,-47,53,-47,47,-47,49,-42,40,-42,38,-47,38,-53,38,-47,35,-53,31,-44,33,-47,24,-51,31,-47,20,-44,20,-49,15,-42,15,-44,11,-42,6,-42,8,-40,2,-40,-4,0,0,0,0,0,0,0,0,0,0]"""
1782173642192,2026-06-23T09:14:02.192,warning,breathing,lmh,lying_fast_breath,t001,"CSI_DATA,18277,1a:00:00:00:00:00,-61,11,-98,18,44,11,128020678,47,2,256,0,""[0,0,0,0,0,0,0,0,0,0,0,0,-13,-42,-11,-40,-15,-44,-11,-49,-8,-51,-11,-49,-15,-49,-4,-51,-15,-55,-11,-53,-8,-60,-11,-60,-13,-62,-11,-69,-8,-67,-11,-71,-17,-67,-8,-76,-11,-67,-4,-69,-4,-80,-13,-76,-17,-82,-15,-78,-17,-87,-20,-73,-11,-78,-22,-78,-13,-80,-24,-76,-22,-69,-22,-80,-31,-73,-29,-73,-38,-73,-40,-69,-35,-62,-38,-64,-47,-71,-47,-69,-49,-69,-58,-64,-49,-62,-62,-60,-53,-58,-60,-58,-55,-64,-67,-51,-64,-55,-64,-60,-69,-55,-73,-55,-69,-62,-69,-58,-80,-64,-78,-51,-73,-55,0,0,0,0,0,0,-58,76,-53,73,-44,80,-51,71,-44,71,-42,64,-40,71,-47,71,-40,69,-35,60,-31,60,-26,64,-26,69,-29,69,-29,62,-15,64,-20,71,-15,69,-22,67,-13,62,-6,69,-15,67,-6,60,-8,64,-11,67,-6,69,-4,64,0,69,-8,67,6,67,-2,64,2,69,-6,69,2,67,2,60,-4,67,0,69,0,64,2,69,-2,64,-2,60,-4,62,-4,67,0,62,-6,60,-4,58,-8,53,-6,58,-6,51,-8,47,-11,47,-6,44,-11,44,-20,47,-15,40,-13,33,-20,35,0,0,0,0,0,0,0,0,0,0]"""
1782173642202,2026-06-23T09:14:02.202,warning,breathing,lmh,lying_fast_breath,t001,"CSI_DATA,18278,1a:00:00:00:00:00,-61,11,-98,14,45,11,128029739,47,2,256,0,""[0,0,0,0,0,0,0,0,0,0,0,0,26,33,24,35,22,40,22,42,20,47,17,47,17,47,15,51,15,60,8,58,8,62,11,64,8,67,4,69,-2,69,-2,73,2,78,-11,76,-8,69,-11,76,-11,78,-15,78,-15,76,-20,76,-24,80,-15,78,-26,76,-26,80,-31,71,-24,76,-29,69,-31,76,-24,73,-24,69,-26,76,-26,78,-24,71,-26,76,-29,76,-26,78,-26,76,-22,80,-31,78,-29,78,-31,76,-29,80,-33,80,-26,80,-33,78,-40,80,-35,80,-40,82,-49,85,-47,78,-51,80,-42,82,-49,80,0,0,0,0,0,0,71,60,69,60,67,53,62,60,62,62,55,60,58,55,53,62,49,58,47,55,51,53,47,53,51,58,44,53,42,58,47,51,51,53,44,51,38,55,42,53,47,51,38,58,40,47,38,49,35,53,35,53,38,53,42,49,35,55,40,51,33,58,33,60,26,60,31,58,24,60,22,64,24,60,20,58,17,62,15,64,13,60,8,64,8,60,4,60,-2,60,2,58,-4,55,-6,53,-8,49,-8,49,-13,49,-13,44,-15,40,-24,42,-20,35,-26,31,-31,29,0,0,0,0,0,0,0,0,0,0]"""
1782173642213,2026-06-23T09:14:02.213,warning,breathing,lmh,lying_fast_breath,t001,"CSI_DATA,18279,1a:00:00:00:00:00,-61,11,-98,18,44,11,128041713,47,2,256,0,""[0,0,0,0,0,0,0,0,0,0,0,0,26,-35,26,-35,29,-35,29,-33,33,-38,38,-33,40,-38,40,-35,40,-42,42,-42,47,-40,42,-44,49,-47,47,-51,53,-42,53,-49,47,-51,55,-44,51,-44,49,-51,51,-47,60,-53,58,-49,55,-53,58,-55,51,-55,53,-53,58,-58,53,-51,51,-60,53,-55,55,-62,53,-62,44,-60,44,-71,38,-71,31,-64,38,-71,35,-71,33,-73,31,-76,29,-78,31,-73,24,-82,22,-76,24,-80,22,-78,15,-80,13,-85,20,-91,11,-89,13,-94,20,-94,20,-87,13,-96,15,-96,20,-89,0,0,0,0,0,0,-94,-22,-89,-4,-89,-4,-87,-13,-85,-6,-76,-13,-80,-2,-85,-6,-76,-6,-73,-6,-76,2,-71,2,-73,4,-71,6,-69,2,-69,13,-73,13,-67,11,-69,11,-67,15,-64,22,-69,15,-58,22,-60,17,-62,17,-62,20,-60,24,-55,26,-64,22,-60,31,-60,26,-62,26,-62,26,-60,31,-60,26,-64,26,-62,24,-60,24,-64,26,-62,24,-55,26,-60,26,-58,20,-58,22,-58,17,-53,24,-55,15,-53,22,-51,11,-51,11,-51,2,-44,8,-47,8,-49,8,-42,6,-42,2,-38,-4,0,0,0,0,0,0,0,0,0,0]"""
1782173642223,2026-06-23T09:14:02.223,warning,breathing,lmh,lying_fast_breath,t001,"CSI_DATA,18280,1a:00:00:00:00:00,-61,11,-98,19,44,11,128052658,47,2,256,0,""[0,0,0,0,0,0,0,0,0,0,0,0,4,-39,4,-39,6,-43,6,-50,6,-50,8,-47,6,-52,8,-50,6,-58,8,-58,6,-60,4,-60,2,-69,2,-67,10,-69,6,-69,-2,-73,4,-73,0,-67,4,-78,4,-76,-4,-76,-6,-76,-8,-78,-6,-84,-17,-78,-8,-80,-17,-82,-17,-80,-23,-78,-23,-71,-28,-76,-30,-80,-32,-69,-41,-71,-43,-67,-47,-63,-54,-65,-47,-65,-60,-60,-58,-58,-65,-47,-63,-54,-71,-47,-63,-43,-73,-39,-71,-43,-73,-36,-73,-36,-82,-39,-82,-32,-87,-28,-89,-36,-87,-30,-102,-21,-93,-21,-95,-21,0,0,0,0,0,0,-23,91,-15,89,-8,89,-6,84,-2,87,-4,80,2,82,0,84,2,78,4,71,10,73,8,67,21,76,17,69,21,63,23,63,28,67,30,65,26,65,36,56,43,52,34,58,36,50,41,50,39,54,41,52,47,50,52,45,52,50,54,39,45,39,54,43,54,39,54,36,52,32,56,41,52,34,54,36,58,34,50,32,54,28,54,34,56,36,56,28,50,32,52,30,47,28,52,28,45,26,43,23,39,28,41,26,36,28,39,30,34,30,34,30,34,28,0,0,0,0,0,0,0,0,0,0]"""
1782173642234,2026-06-23T09:14:02.234,warning,breathing,lmh,lying_fast_breath,t001,"CSI_DATA,18281,1a:00:00:00:00:00,-61,11,-98,17,44,11,128063417,47,2,256,0,""[0,0,0,0,0,0,0,0,0,0,0,0,-27,27,-32,23,-34,32,-39,29,-39,27,-41,23,-39,29,-46,25,-50,34,-50,32,-50,32,-48,32,-50,39,-52,39,-59,32,-59,41,-52,43,-66,39,-62,39,-55,39,-59,43,-66,50,-62,46,-55,48,-64,52,-55,46,-59,43,-69,55,-57,57,-48,57,-55,55,-55,69,-48,57,-39,64,-52,66,-39,62,-41,71,-36,76,-23,89,-20,87,-20,64,-23,99,-32,99,0,99,-29,41,-27,87,34,85,18,99,29,71,-82,99,18,117,-9,25,39,46,29,87,-2,32,62,76,39,59,0,0,0,0,0,0,154,-6,122,-41,135,20,48,20,39,13,27,-43,92,-43,55,27,101,-48,66,11,52,23,73,-36,55,-41,64,-43,78,-27,69,-20,73,-34,57,-36,55,-36,59,-34,64,-39,52,-29,50,-34,52,-41,55,-32,52,-41,55,-41,48,-46,50,-48,43,-50,46,-43,48,-46,50,-48,41,-50,46,-43,48,-48,48,-50,41,-50,46,-43,48,-50,43,-43,46,-41,41,-41,43,-46,46,-43,39,-43,39,-34,36,-43,39,-32,39,-34,36,-29,34,-32,36,-34,39,-23,34,-27,32,-23,39,-18,0,0,0,0,0,0,0,0,0,0]"""
1782173642244,2026-06-23T09:14:02.244,warning,breathing,lmh,lying_fast_breath,t001,"CSI_DATA,18282,1a:00:00:00:00:00,-61,11,-98,13,45,11,128073475,47,2,256,0,""[0,0,0,0,0,0,0,0,0,0,0,0,-23,34,-25,32,-27,39,-25,39,-29,36,-32,34,-32,39,-34,41,-36,43,-34,48,-36,46,-39,48,-36,55,-39,59,-41,50,-46,57,-39,62,-48,62,-39,59,-41,55,-46,57,-41,69,-43,62,-39,69,-43,71,-32,69,-39,69,-36,73,-34,73,-25,73,-25,73,-25,78,-23,78,-20,78,-11,87,-11,78,-9,76,4,76,2,87,16,87,20,80,18,94,23,87,-2,110,-18,50,43,55,39,122,87,59,39,94,18,87,133,92,48,80,34,82,110,29,34,105,36,101,80,-9,0,0,0,0,0,0,6,-59,101,-57,105,-64,140,-82,57,-43,52,-43,29,20,71,-52,55,-50,73,-89,32,-66,64,-55,57,-23,62,-76,39,-71,23,-66,23,-57,29,-55,34,-52,27,-66,18,-64,29,-59,16,-62,16,-62,18,-69,13,-64,11,-64,2,-66,9,-66,2,-64,9,-59,6,-62,2,-69,-2,-64,2,-62,2,-69,-2,-66,-2,-64,0,-69,2,-59,2,-62,2,-62,0,-64,-2,-59,0,-59,2,-57,4,-52,0,-55,6,-43,2,-48,9,-46,0,-43,4,-43,4,-46,6,-43,11,-36,16,-36,0,0,0,0,0,0,0,0,0,0]"""
1782173642255,2026-06-23T09:14:02.255,warning,breathing,lmh,lying_fast_breath,t001,"CSI_DATA,18283,1a:00:00:00:00:00,-61,11,-98,20,44,11,128084475,47,2,256,0,""[0,0,0,0,0,0,0,0,0,0,0,0,16,38,14,38,14,42,14,46,12,48,10,46,16,48,12,50,19,52,14,57,14,57,16,63,19,65,19,65,12,67,16,67,23,69,19,71,21,65,16,73,16,76,23,73,23,76,25,76,23,78,33,73,23,73,27,71,27,73,38,73,29,69,33,78,42,73,38,67,42,71,48,65,46,54,52,61,54,61,63,57,59,61,63,50,61,52,69,50,65,46,69,42,71,46,76,38,73,42,80,50,82,44,82,42,78,50,86,46,90,38,88,35,88,33,0,0,0,0,0,0,44,-86,35,-86,31,-88,25,-78,25,-80,29,-76,21,-76,25,-84,21,-76,19,-73,12,-71,12,-69,8,-71,10,-73,10,-69,-2,-67,-4,-71,2,-67,4,-67,-8,-69,-10,-67,-6,-65,-12,-59,-12,-63,-10,-65,-12,-67,-14,-63,-23,-65,-19,-71,-25,-61,-16,-59,-23,-65,-19,-67,-27,-65,-23,-57,-21,-69,-25,-67,-23,-61,-25,-63,-21,-59,-23,-54,-19,-59,-14,-61,-23,-59,-16,-57,-19,-57,-10,-50,-14,-54,-8,-50,-8,-48,-8,-48,-10,-46,-4,-46,-6,-44,-4,-46,0,-42,4,-42,0,0,0,0,0,0,0,0,0,0]"""
1782173642267,2026-06-23T09:14:02.267,warning,breathing,lmh,lying_fast_breath,t001,"CSI_DATA,18284,1a:00:00:00:00:00,-61,11,-98,19,44,11,128096442,47,2,256,0,""[0,0,0,0,0,0,0,0,0,0,0,0,-39,-15,-36,-19,-39,-21,-41,-21,-45,-23,-41,-32,-39,-28,-41,-32,-43,-36,-45,-41,-45,-41,-47,-39,-52,-43,-45,-50,-45,-50,-50,-52,-54,-47,-52,-56,-50,-54,-39,-63,-36,-69,-50,-65,-43,-58,-52,-67,-50,-71,-52,-56,-41,-65,-45,-67,-47,-67,-54,-63,-50,-60,-50,-69,-54,-56,-50,-58,-54,-60,-58,-54,-52,-54,-58,-54,-56,-60,-69,-50,-58,-56,-67,-50,-56,-54,-73,-50,-60,-50,-67,-54,-60,-52,-65,-50,-67,-54,-67,-58,-73,-56,-73,-54,-69,-58,-67,-65,-78,-60,-78,-63,-69,-56,0,0,0,0,0,0,-65,60,-67,71,-58,71,-56,63,-56,60,-56,56,-50,63,-56,60,-54,54,-56,52,-47,54,-47,52,-47,56,-50,52,-47,54,-41,50,-45,60,-43,54,-41,47,-39,52,-36,56,-43,52,-36,52,-36,50,-47,50,-36,52,-39,54,-36,56,-43,56,-36,56,-39,50,-41,56,-45,56,-34,56,-36,52,-47,50,-47,52,-45,47,-47,50,-47,41,-43,41,-45,41,-52,43,-45,41,-45,32,-43,39,-45,30,-47,34,-43,23,-43,26,-43,19,-41,19,-47,19,-43,10,-47,10,-39,10,-36,4,0,0,0,0,0,0,0,0,0,0]"""
1782173642277,2026-06-23T09:14:02.277,warning,breathing,lmh,lying_fast_breath,t001,"CSI_DATA,18285,1a:00:00:00:00:00,-61,11,-98,14,45,11,128106475,47,2,256,0,""[0,0,0,0,0,0,0,0,0,0,0,0,31,29,29,35,31,33,29,38,33,35,33,38,33,35,38,40,42,47,42,44,47,47,44,47,49,44,49,49,44,51,51,51,58,47,60,53,53,49,55,51,58,51,62,47,60,49,64,44,67,51,69,38,67,44,71,40,71,42,69,35,69,33,73,35,73,29,76,24,80,17,80,11,76,13,85,6,78,8,80,-2,80,-2,80,-11,82,-8,85,-15,80,-15,78,-24,82,-20,78,-33,78,-29,87,-29,85,-31,82,-38,89,-38,89,-40,87,-49,82,-49,73,-53,0,0,0,0,0,0,-47,-73,-51,-76,-55,-62,-53,-67,-60,-62,-51,-62,-55,-58,-53,-58,-55,-53,-53,-53,-58,-42,-58,-40,-64,-40,-62,-38,-60,-40,-64,-29,-64,-29,-62,-26,-58,-26,-64,-20,-69,-13,-67,-17,-55,-11,-60,-8,-62,-11,-62,-8,-67,-4,-64,2,-69,-4,-64,6,-64,4,-67,4,-67,2,-64,6,-64,11,-69,2,-64,8,-60,11,-62,11,-67,11,-62,11,-62,8,-62,6,-58,11,-60,4,-55,13,-58,8,-55,8,-51,6,-51,8,-47,4,-44,8,-44,4,-44,-2,-44,4,-42,2,-42,-4,0,0,0,0,0,0,0,0,0,0]"""
1782173642289,2026-06-23T09:14:02.289,warning,breathing,lmh,lying_fast_breath,t001,"CSI_DATA,18286,1a:00:00:00:00:00,-61,11,-98,14,45,11,128117475,47,2,256,0,""[0,0,0,0,0,0,0,0,0,0,0,0,-4,-42,0,-42,2,-42,4,-47,6,-49,8,-49,8,-51,11,-51,13,-62,15,-55,17,-58,15,-60,15,-67,20,-64,29,-64,26,-69,26,-69,31,-69,29,-60,29,-71,33,-60,40,-69,44,-64,38,-64,38,-73,38,-69,40,-69,42,-71,49,-71,35,-67,40,-73,35,-69,38,-67,35,-69,38,-76,31,-78,35,-71,31,-76,31,-73,24,-76,31,-76,22,-78,29,-76,24,-82,29,-73,22,-80,31,-80,24,-80,22,-80,29,-89,26,-82,29,-87,33,-89,38,-87,31,-89,26,-87,33,-87,0,0,0,0,0,0,-80,-42,-82,-40,-78,-31,-78,-40,-80,-35,-69,-35,-73,-33,-69,-33,-71,-33,-64,-35,-64,-35,-64,-31,-71,-29,-64,-29,-64,-31,-64,-24,-69,-24,-62,-24,-58,-31,-62,-24,-64,-17,-64,-29,-58,-17,-58,-22,-55,-24,-58,-22,-62,-24,-62,-17,-62,-24,-62,-17,-62,-22,-64,-26,-62,-26,-58,-24,-60,-24,-60,-29,-60,-29,-58,-26,-58,-31,-55,-38,-51,-35,-53,-35,-51,-38,-51,-35,-42,-38,-47,-38,-38,-40,-42,-35,-33,-40,-35,-38,-26,-42,-29,-35,-24,-35,-22,-42,-15,-35,-15,-40,-11,-42,0,0,0,0,0,0,0,0,0,0]"""
1782173642297,2026-06-23T09:14:02.297,warning,breathing,lmh,lying_fast_breath,t001,"CSI_DATA,18287,1a:00:00:00:00:00,-61,11,-98,17,44,11,128129764,47,2,256,0,""[0,0,0,0,0,0,0,0,0,0,0,0,43,2,39,6,46,6,43,13,46,18,46,13,48,20,50,25,52,29,55,29,52,34,50,32,57,36,57,39,50,46,55,48,57,46,48,57,46,48,43,59,50,64,46,64,46,66,46,64,48,69,48,59,39,69,36,69,36,73,43,69,36,71,39,71,32,69,34,69,39,76,39,71,36,69,36,73,34,73,41,71,39,76,41,71,34,73,46,78,34,69,39,71,32,76,39,73,36,80,36,85,36,82,34,85,29,92,25,96,29,87,29,85,27,89,0,0,0,0,0,0,92,-4,96,-6,87,-13,85,0,87,-11,78,2,89,-4,85,2,80,4,73,6,73,2,76,4,76,2,76,4,66,4,71,2,71,2,73,4,66,6,69,6,64,2,71,11,59,4,62,9,66,13,66,11,64,16,69,6,66,16,66,9,62,20,66,18,66,20,62,20,59,23,62,27,62,27,57,27,59,36,52,39,50,32,46,41,46,39,46,36,43,43,41,46,32,46,39,46,27,41,25,46,20,46,23,41,20,43,13,46,4,41,6,41,-4,43,0,0,0,0,0,0,0,0,0,0]"""
1782173642310,2026-06-23T09:14:02.310,warning,breathing,lmh,lying_fast_breath,t001,"CSI_DATA,18288,1a:00:00:00:00:00,-61,11,-98,14,45,11,128139475,47,2,256,0,""[0,0,0,0,0,0,0,0,0,0,0,0,-42,17,-40,15,-44,13,-47,11,-49,6,-49,2,-51,4,-51,-2,-58,0,-60,-4,-60,-8,-62,-8,-64,-6,-67,-13,-67,-22,-69,-20,-71,-17,-71,-26,-69,-29,-62,-33,-62,-38,-71,-38,-64,-38,-71,-38,-76,-47,-69,-38,-62,-47,-62,-51,-64,-44,-69,-42,-55,-44,-71,-51,-64,-49,-62,-49,-67,-53,-67,-47,-60,-47,-67,-44,-64,-47,-69,-44,-67,-51,-64,-44,-67,-51,-73,-51,-64,-49,-64,-51,-67,-53,-60,-49,-67,-53,-69,-62,-73,-58,-69,-60,-67,-67,-60,-64,-73,-67,-67,-69,-67,-67,0,0,0,0,0,0,-82,53,-80,47,-71,53,-76,42,-67,40,-71,38,-64,40,-71,42,-69,29,-69,29,-64,31,-64,24,-64,29,-67,31,-64,26,-60,29,-64,29,-62,26,-62,22,-58,22,-55,31,-60,20,-55,26,-62,20,-69,17,-62,20,-60,15,-62,24,-69,17,-60,22,-60,11,-67,11,-64,11,-67,15,-64,6,-71,4,-69,2,-67,4,-67,-2,-60,-6,-58,-6,-62,-8,-64,-11,-62,-8,-58,-15,-55,-15,-51,-20,-53,-20,-47,-29,-38,-29,-40,-31,-38,-26,-35,-31,-33,-38,-31,-31,-24,-31,-20,-38,0,0,0,0,0,0,0,0,0,0]"""
1782173642321,2026-06-23T09:14:02.321,warning,breathing,lmh,lying_fast_breath,t001,"CSI_DATA,18289,1a:00:00:00:00:00,-61,11,-98,14,45,11,128150475,47,2,256,0,""[0,0,0,0,0,0,0,0,0,0,0,0,-35,-11,-38,-13,-42,-15,-42,-17,-42,-22,-42,-24,-42,-22,-47,-26,-51,-26,-51,-35,-51,-35,-49,-33,-58,-40,-55,-42,-51,-47,-51,-44,-58,-44,-53,-51,-53,-49,-53,-53,-55,-55,-55,-55,-55,-55,-58,-55,-55,-64,-55,-51,-53,-55,-58,-58,-58,-60,-60,-58,-53,-53,-60,-58,-60,-53,-60,-51,-62,-53,-64,-47,-58,-44,-60,-44,-67,-47,-73,-44,-69,-47,-69,-38,-67,-42,-76,-42,-64,-40,-73,-38,-73,-42,-76,-35,-76,-44,-80,-47,-80,-47,-80,-44,-78,-51,-73,-49,-82,-51,-87,-47,-82,-49,0,0,0,0,0,0,-55,76,-55,76,-47,76,-47,69,-47,76,-47,60,-47,69,-49,71,-44,67,-42,58,-35,62,-35,62,-35,62,-40,62,-38,58,-29,58,-35,64,-33,60,-38,55,-29,58,-24,62,-33,62,-22,55,-26,60,-24,60,-31,62,-22,55,-22,64,-31,62,-20,58,-26,60,-26,60,-33,62,-26,60,-26,55,-35,60,-33,62,-31,58,-33,58,-35,53,-31,51,-35,51,-42,51,-40,51,-38,42,-35,47,-38,40,-38,44,-33,31,-35,33,-38,29,-38,29,-40,26,-44,26,-38,20,-35,20,-40,8,0,0,0,0,0,0,0,0,0,0]"""
1782173642332,2026-06-23T09:14:02.332,warning,breathing,lmh,lying_fast_breath,t001,"CSI_DATA,18290,1a:00:00:00:00:00,-61,11,-98,19,44,11,128161475,47,2,256,0,""[0,0,0,0,0,0,0,0,0,0,0,0,-36,-21,-36,-21,-39,-26,-39,-30,-39,-26,-41,-30,-39,-32,-39,-32,-50,-36,-47,-36,-47,-36,-54,-34,-54,-36,-56,-43,-52,-47,-56,-43,-60,-39,-58,-45,-58,-43,-63,-47,-65,-50,-60,-47,-63,-43,-67,-43,-67,-43,-67,-39,-65,-41,-69,-41,-65,-39,-69,-39,-65,-32,-76,-34,-71,-36,-73,-32,-76,-26,-76,-21,-73,-17,-80,-15,-80,-17,-84,-8,-82,-8,-80,-2,-84,-4,-87,2,-80,0,-80,4,-87,2,-84,10,-82,4,-91,8,-89,10,-91,19,-91,10,-91,15,-95,23,-93,21,-87,19,0,0,0,0,0,0,23,93,15,89,34,78,21,80,28,84,26,82,26,76,21,82,26,71,28,65,28,60,28,58,39,63,34,65,39,60,43,56,45,58,43,56,41,56,43,52,47,43,50,50,43,41,45,45,50,45,50,50,52,45,56,34,54,45,58,32,52,39,58,43,54,39,56,36,52,30,56,41,56,41,54,39,56,36,47,39,50,32,50,39,52,39,50,39,47,41,50,30,41,36,45,36,41,36,41,32,39,34,32,32,32,36,30,39,26,32,26,23,19,34,0,0,0,0,0,0,0,0,0,0]"""
1782173642342,2026-06-23T09:14:02.342,warning,breathing,lmh,lying_fast_breath,t001,"CSI_DATA,18291,1a:00:00:00:00:00,-61,11,-98,16,44,11,128177617,47,2,256,0,""[0,0,0,0,0,0,0,0,0,0,0,0,-42,2,-40,-4,-47,-7,-45,-9,-47,-9,-49,-11,-49,-11,-49,-14,-54,-14,-54,-18,-59,-21,-61,-18,-66,-18,-64,-23,-56,-33,-64,-26,-68,-21,-66,-30,-66,-33,-59,-40,-64,-47,-73,-35,-66,-37,-73,-35,-75,-45,-68,-30,-68,-35,-73,-35,-68,-40,-73,-33,-66,-30,-73,-33,-75,-35,-71,-35,-73,-35,-78,-26,-66,-26,-78,-23,-75,-23,-80,-18,-80,-18,-75,-11,-80,-16,-85,-14,-78,-11,-80,-11,-85,-14,-82,-11,-85,-11,-87,-11,-90,-14,-92,-9,-92,-18,-94,-14,-94,-14,-99,-9,-92,-11,0,0,0,0,0,0,-26,94,-21,92,-11,90,-14,85,-14,87,-14,80,-14,78,-14,85,-16,78,-11,71,-9,73,-9,68,-9,78,-14,73,-9,66,0,68,-4,71,0,71,-9,68,4,64,7,68,0,66,0,64,4,66,-4,68,0,66,2,64,4,66,0,71,14,64,4,66,7,68,0,68,7,68,4,64,-7,73,-2,66,0,66,-4,71,-4,66,-2,66,-7,64,-9,68,-9,64,-11,56,-4,56,-9,54,-14,54,-16,49,-14,47,-16,47,-14,42,-16,42,-21,40,-26,35,-21,37,-30,28,0,0,0,0,0,0,0,0,0,0]"""
1782173642352,2026-06-23T09:14:02.352,warning,breathing,lmh,lying_fast_breath,t001,"CSI_DATA,18292,1a:00:00:00:00:00,-61,11,-98,18,44,11,128183480,47,2,256,0,""[0,0,0,0,0,0,0,0,0,0,0,0,17,38,13,42,11,44,8,44,8,47,4,47,4,53,2,51,6,60,4,60,2,60,6,60,6,67,6,67,0,69,0,69,2,73,-6,76,0,71,-8,76,-17,80,-4,78,-6,78,-4,80,-6,85,0,76,-8,78,-6,80,-4,78,2,82,-6,71,0,85,0,82,0,80,4,82,6,80,6,71,13,78,11,80,20,80,11,80,22,76,17,78,22,80,20,78,17,80,17,87,26,78,24,80,26,87,26,87,31,80,24,87,22,89,35,91,31,91,33,89,0,0,0,0,0,0,100,-24,87,-22,82,-26,80,-20,80,-24,82,-17,76,-20,82,-29,73,-20,73,-20,69,-17,69,-17,73,-24,67,-24,67,-24,62,-24,64,-35,62,-31,64,-22,60,-29,53,-33,64,-26,55,-31,55,-26,60,-26,58,-31,58,-29,55,-38,55,-33,53,-38,60,-31,60,-33,55,-31,53,-35,55,-29,62,-33,60,-31,55,-31,62,-31,60,-22,55,-24,58,-22,58,-24,58,-22,60,-17,51,-17,58,-11,55,-17,53,-11,49,-8,51,-2,49,-6,47,-2,47,0,44,2,40,4,42,11,0,0,0,0,0,0,0,0,0,0]"""
1782173642365,2026-06-23T09:14:02.365,warning,breathing,lmh,lying_fast_breath,t001,"CSI_DATA,18293,1a:00:00:00:00:00,-61,11,-98,19,44,11,128195073,47,2,256,0,""[0,0,0,0,0,0,0,0,0,0,0,0,-41,4,-43,4,-45,0,-50,-6,-50,-4,-47,-13,-47,-13,-45,-15,-54,-19,-56,-23,-56,-23,-56,-21,-58,-30,-60,-36,-52,-39,-58,-41,-60,-39,-56,-54,-52,-45,-54,-47,-45,-52,-56,-58,-50,-58,-52,-58,-50,-67,-54,-58,-45,-63,-47,-60,-43,-69,-45,-65,-39,-67,-43,-69,-43,-65,-36,-69,-41,-69,-43,-69,-41,-63,-45,-67,-43,-67,-47,-69,-39,-71,-43,-69,-36,-73,-50,-76,-34,-67,-41,-71,-34,-71,-43,-71,-39,-80,-39,-87,-34,-78,-39,-84,-30,-87,-26,-89,-30,-95,-23,-95,-28,-89,0,0,0,0,0,0,-93,8,-100,8,-87,15,-87,4,-84,8,-78,0,-84,6,-87,-2,-76,-6,-71,-6,-73,-4,-69,-8,-73,-4,-76,-6,-67,-4,-67,-6,-73,-4,-69,-6,-65,-13,-65,-13,-69,-4,-69,-13,-65,-10,-63,-10,-65,-15,-67,-15,-67,-15,-65,-10,-67,-17,-67,-10,-65,-21,-60,-21,-65,-28,-63,-23,-56,-26,-63,-34,-63,-34,-56,-32,-60,-36,-47,-43,-45,-36,-47,-43,-47,-45,-45,-47,-39,-43,-39,-50,-32,-45,-32,-47,-26,-47,-19,-43,-17,-50,-15,-43,-15,-45,-8,-50,-6,-41,-2,-41,4,-43,0,0,0,0,0,0,0,0,0,0]"""
1782173642373,2026-06-23T09:14:02.373,warning,breathing,lmh,lying_fast_breath,t001,"CSI_DATA,18294,1a:00:00:00:00:00,-61,11,-98,17,44,11,128205474,47,2,256,0,""[0,0,0,0,0,0,0,0,0,0,0,0,20,39,16,39,13,41,13,48,13,46,13,48,16,48,9,52,16,57,13,62,16,59,18,64,18,69,16,69,11,71,13,66,18,76,9,73,11,73,20,76,18,69,16,82,13,73,18,78,18,80,25,73,18,76,20,80,20,76,27,76,27,66,32,82,29,73,32,71,36,76,46,71,36,64,43,66,43,66,52,64,50,66,57,57,55,62,62,62,57,62,62,55,62,52,59,50,69,57,69,59,69,55,73,52,71,62,71,55,82,55,78,55,76,55,0,0,0,0,0,0,64,-78,52,-69,48,-82,50,-73,39,-69,43,-66,41,-64,43,-73,39,-64,36,-69,32,-64,32,-64,27,-66,25,-69,23,-69,18,-62,23,-66,16,-69,18,-62,11,-59,9,-69,13,-64,9,-62,9,-69,13,-66,2,-66,6,-62,0,-69,9,-69,-4,-66,2,-64,6,-69,0,-64,-4,-71,0,-59,4,-71,2,-71,0,-69,4,-69,2,-66,-2,-59,2,-62,6,-64,2,-59,4,-62,4,-57,9,-57,4,-59,6,-52,9,-46,11,-50,9,-46,9,-48,16,-43,18,-48,16,-39,20,-39,0,0,0,0,0,0,0,0,0,0]"""
1782173642385,2026-06-23T09:14:02.385,warning,breathing,lmh,lying_fast_breath,t001,"CSI_DATA,18295,1a:00:00:00:00:00,-61,11,-98,18,44,11,128216474,47,2,256,0,""[0,0,0,0,0,0,0,0,0,0,0,0,20,-35,22,-40,24,-38,31,-42,31,-35,31,-38,35,-38,38,-42,40,-40,49,-33,49,-38,49,-38,53,-40,53,-38,60,-31,60,-29,67,-38,69,-29,67,-26,73,-20,71,-15,73,-22,76,-20,78,-22,82,-17,73,-26,78,-13,78,-15,80,-8,78,-11,71,-11,89,-11,82,-11,80,-8,80,-11,76,-13,78,-8,78,-11,85,-11,80,-15,80,-11,78,-15,85,-11,85,-15,80,-11,85,-8,87,-6,82,-15,85,-6,87,-2,89,-2,87,-4,89,2,96,6,96,4,98,0,91,11,0,0,0,0,0,0,22,-100,20,-87,17,-91,20,-76,20,-80,22,-78,24,-73,29,-78,20,-73,29,-73,24,-69,20,-62,24,-71,26,-71,29,-64,24,-69,22,-69,22,-64,33,-60,26,-62,20,-64,29,-60,24,-60,31,-55,38,-55,33,-55,29,-58,29,-60,33,-60,29,-60,33,-51,35,-60,40,-53,42,-58,38,-47,51,-53,51,-55,47,-51,49,-47,51,-40,44,-40,53,-40,55,-35,51,-35,55,-29,49,-29,55,-20,53,-22,53,-13,49,-15,51,-8,44,-6,44,-4,51,0,47,8,42,6,42,11,0,0,0,0,0,0,0,0,0,0]"""
1782173642395,2026-06-23T09:14:02.395,warning,breathing,lmh,lying_fast_breath,t001,"CSI_DATA,18296,1a:00:00:00:00:00,-61,11,-98,18,44,11,128227474,47,2,256,0,""[0,0,0,0,0,0,0,0,0,0,0,0,33,26,31,26,38,29,35,35,38,33,35,31,38,31,42,33,44,40,44,42,47,40,47,38,53,38,55,44,49,47,53,51,58,44,58,49,49,40,60,42,62,44,62,49,64,42,62,42,67,47,69,35,69,44,71,38,67,42,71,33,69,38,73,31,76,24,73,22,82,20,80,15,76,13,78,4,82,8,89,-4,82,-2,82,-11,82,-4,85,-15,73,-6,78,-17,85,-17,80,-29,80,-24,91,-29,80,-31,85,-33,91,-31,94,-29,85,-40,82,-42,87,-42,0,0,0,0,0,0,-35,-87,-44,-82,-49,-69,-47,-73,-49,-71,-44,-67,-49,-67,-49,-64,-49,-60,-49,-55,-51,-51,-51,-51,-55,-49,-60,-49,-53,-49,-55,-33,-64,-35,-60,-38,-58,-33,-62,-31,-62,-22,-62,-31,-55,-15,-58,-22,-60,-26,-64,-17,-67,-15,-67,-13,-69,-15,-67,-4,-67,-6,-71,-4,-71,-13,-67,-6,-64,-6,-67,-8,-67,-6,-64,-4,-71,-4,-67,-6,-60,-6,-62,-6,-64,-6,-62,-4,-60,-6,-60,-4,-55,-8,-58,-4,-51,-6,-49,-11,-51,-8,-51,-6,-40,-11,-47,-13,-40,-11,-38,-11,-44,-11,0,0,0,0,0,0,0,0,0,0]"""
1782173642406,2026-06-23T09:14:02.406,warning,breathing,lmh,lying_fast_breath,t001,"CSI_DATA,18297,1a:00:00:00:00:00,-61,11,-98,14,45,11,128238946,47,2,256,0,""[0,0,0,0,0,0,0,0,0,0,0,0,-40,8,-42,6,-42,6,-47,4,-47,2,-49,2,-53,4,-51,4,-60,4,-60,4,-62,4,-62,8,-67,13,-67,11,-71,4,-71,8,-76,15,-73,6,-69,11,-73,13,-76,11,-80,13,-78,11,-76,17,-80,20,-76,24,-78,20,-78,22,-73,22,-71,31,-73,29,-76,35,-71,35,-67,40,-73,44,-67,44,-60,44,-62,51,-62,55,-55,58,-58,58,-53,64,-53,62,-49,71,-49,64,-47,71,-47,71,-44,71,-42,73,-44,80,-38,82,-35,85,-42,87,-42,80,-31,89,-29,91,-31,87,0,0,0,0,0,0,87,33,87,26,87,15,85,24,85,17,80,20,80,11,82,11,76,8,76,11,73,6,69,4,78,-2,71,-4,71,-4,69,-11,69,-15,67,-17,64,-8,67,-17,64,-24,69,-15,53,-22,58,-22,62,-22,60,-24,62,-31,58,-35,60,-33,53,-40,58,-33,58,-35,55,-35,51,-40,53,-40,55,-38,55,-40,51,-38,55,-38,55,-35,51,-35,55,-35,51,-35,47,-38,51,-33,47,-38,49,-29,44,-33,47,-26,42,-29,44,-22,42,-22,38,-22,44,-20,42,-17,40,-17,40,-13,0,0,0,0,0,0,0,0,0,0]"""
1782173642415,2026-06-23T09:14:02.415,warning,breathing,lmh,lying_fast_breath,t001,"CSI_DATA,18298,1a:00:00:00:00:00,-61,11,-98,16,44,11,128253027,47,2,256,0,""[0,0,0,0,0,0,0,0,0,0,0,0,40,-11,42,-7,45,-7,47,-4,52,-2,49,2,49,4,54,2,56,9,59,9,61,9,59,11,61,14,64,21,61,28,64,28,68,23,64,35,61,33,59,37,56,47,66,42,66,45,68,49,66,49,66,42,59,49,61,49,56,54,59,54,52,52,59,56,59,54,54,54,59,56,59,52,56,49,59,52,59,56,66,49,59,54,61,52,59,56,68,61,54,54,61,56,56,64,66,56,56,61,59,71,64,66,64,66,56,75,52,75,61,78,56,73,52,82,0,0,0,0,0,0,85,-40,85,-40,80,-45,75,-30,75,-35,75,-28,71,-26,82,-28,73,-23,71,-18,68,-21,68,-21,71,-23,71,-18,66,-16,64,-23,71,-26,71,-18,68,-14,64,-16,64,-23,71,-14,59,-16,64,-14,64,-11,64,-9,66,-11,66,-16,73,-7,64,-14,64,-7,66,-7,71,-4,73,-2,66,-2,68,7,71,4,71,7,68,14,66,14,64,14,61,16,64,26,61,18,56,28,54,26,52,28,49,26,42,30,37,28,35,35,30,30,33,40,28,37,26,40,21,37,11,40,0,0,0,0,0,0,0,0,0,0]"""
1782173642426,2026-06-23T09:14:02.426,warning,breathing,lmh,lying_fast_breath,t001,"CSI_DATA,18299,1a:00:00:00:00:00,-61,11,-98,19,44,11,128260544,47,2,256,0,""[0,0,0,0,0,0,0,0,0,0,0,0,-43,10,-39,6,-45,6,-47,-2,-45,-2,-52,0,-54,-2,-50,-4,-58,0,-58,-4,-60,-6,-63,-4,-67,-2,-65,-4,-71,-17,-67,-13,-78,-4,-69,-15,-76,-15,-71,-23,-73,-23,-73,-17,-73,-17,-80,-10,-80,-21,-78,-8,-73,-17,-82,-19,-76,-19,-80,-10,-69,-15,-84,-17,-80,-10,-78,-13,-80,-6,-80,-6,-73,0,-82,4,-82,-2,-80,4,-82,4,-78,15,-87,4,-87,13,-87,6,-80,15,-82,15,-82,13,-82,15,-87,15,-91,15,-87,21,-95,19,-89,10,-102,17,-95,17,-87,17,0,0,0,0,0,0,4,91,15,91,15,91,15,89,17,84,15,87,15,78,13,87,15,76,13,82,15,76,13,67,15,76,13,69,19,71,21,65,23,67,21,65,21,69,21,60,34,65,21,65,23,63,26,67,21,65,28,63,26,58,34,58,28,60,32,58,26,58,32,67,26,63,32,63,28,58,23,69,21,67,26,60,26,65,17,60,17,60,23,67,15,63,17,56,10,63,15,58,8,58,8,58,4,56,6,52,0,47,0,50,-2,45,-6,47,-8,45,-6,45,-10,39,0,0,0,0,0,0,0,0,0,0]"""
1782173642437,2026-06-23T09:14:02.437,warning,breathing,lmh,lying_fast_breath,t001,"CSI_DATA,18300,1a:00:00:00:00:00,-61,11,-98,17,44,11,128271575,47,2,256,0,""[0,0,0,0,0,0,0,0,0,0,0,0,41,13,39,18,41,18,46,20,43,23,41,23,48,18,48,20,55,25,52,25,55,29,57,27,64,23,62,25,62,29,66,27,69,25,69,32,66,27,57,29,64,32,73,25,71,27,76,25,78,27,78,20,73,23,78,23,76,18,80,11,73,9,85,11,78,6,76,6,78,-2,82,-4,76,-4,78,-4,82,-6,82,-18,78,-18,76,-29,80,-23,80,-32,73,-29,71,-34,80,-36,71,-41,78,-46,82,-41,76,-46,78,-48,80,-48,78,-46,78,-57,73,-57,76,-57,0,0,0,0,0,0,-55,-71,-59,-71,-62,-66,-59,-57,-62,-62,-57,-59,-59,-52,-59,-59,-59,-48,-55,-48,-59,-46,-55,-41,-64,-41,-62,-32,-55,-39,-62,-29,-66,-32,-64,-27,-59,-27,-64,-25,-66,-11,-69,-27,-59,-16,-59,-11,-62,-13,-66,-11,-66,-11,-69,-4,-69,-6,-69,0,-66,-2,-73,-2,-69,-4,-69,2,-64,4,-71,-4,-69,0,-66,-2,-69,4,-64,2,-62,2,-66,2,-66,-2,-64,-2,-64,-2,-57,0,-57,0,-57,2,-55,-6,-52,-4,-50,-2,-52,2,-48,-6,-46,-2,-46,-13,-41,-4,-41,-16,0,0,0,0,0,0,0,0,0,0]"""
1782173642447,2026-06-23T09:14:02.447,warning,breathing,lmh,lying_fast_breath,t001,"CSI_DATA,18301,1a:00:00:00:00:00,-62,11,-98,15,44,11,128283363,47,2,256,0,""[0,0,0,0,0,0,0,0,0,0,0,0,-19,39,-21,36,-21,41,-24,39,-24,43,-26,39,-29,41,-29,43,-29,53,-34,48,-36,51,-34,53,-34,61,-31,63,-39,58,-34,63,-29,68,-36,68,-34,63,-31,63,-41,56,-24,75,-41,68,-31,75,-41,82,-24,75,-29,75,-21,80,-29,78,-17,78,-17,73,-12,75,-7,80,-9,73,4,85,2,82,0,70,7,75,9,68,17,85,4,75,29,82,24,56,4,78,9,102,24,95,107,68,26,122,56,97,114,100,63,95,4,122,112,92,63,36,114,29,4,58,7,107,0,0,0,0,0,0,41,17,85,-34,92,-136,21,-17,63,-26,82,-109,41,-53,36,-119,21,-61,78,-61,34,-7,56,-78,56,-78,46,-43,17,-61,31,-61,26,-56,19,-65,34,-65,12,-61,0,-65,17,-68,7,-68,9,-63,9,-73,7,-70,2,-65,-2,-63,0,-68,-4,-63,2,-68,2,-70,-12,-70,-14,-68,-12,-68,-9,-68,-9,-65,-19,-63,-7,-70,-9,-63,-14,-68,-12,-68,-9,-63,-17,-61,-12,-56,-9,-63,-9,-58,-12,-58,-2,-53,-7,-51,-4,-53,-4,-46,-2,-48,2,-48,0,-43,2,-41,9,-48,0,0,0,0,0,0,0,0,0,0]"""
1782173642457,2026-06-23T09:14:02.457,warning,breathing,lmh,lying_fast_breath,t001,"CSI_DATA,18302,1a:00:00:00:00:00,-61,11,-98,14,45,11,128293474,47,2,256,0,""[0,0,0,0,0,0,0,0,0,0,0,0,2,44,-6,42,-4,44,-6,47,-8,51,-8,49,-11,49,-15,51,-13,60,-13,60,-17,60,-15,60,-15,67,-15,69,-22,64,-22,69,-20,73,-31,71,-22,64,-24,62,-29,64,-26,73,-33,73,-26,73,-31,78,-24,76,-31,76,-29,76,-29,76,-22,78,-26,71,-22,78,-20,80,-17,76,-17,82,-17,80,-13,73,-8,82,-11,80,-2,85,-4,80,0,87,-4,82,6,89,0,78,2,82,2,87,4,85,11,82,6,91,11,89,8,91,2,96,2,94,11,96,13,94,11,91,0,0,0,0,0,0,94,-2,94,-2,85,-15,89,-2,89,-8,82,-2,82,-11,80,-8,80,-8,71,-2,69,-6,69,-8,76,-13,71,-13,69,-11,64,-13,71,-24,62,-20,67,-15,64,-20,64,-26,67,-17,55,-24,58,-22,62,-20,60,-24,64,-24,55,-33,64,-31,60,-33,62,-24,64,-29,62,-29,60,-29,60,-24,62,-24,62,-24,60,-24,64,-24,64,-20,60,-17,62,-20,62,-17,58,-20,58,-13,58,-13,53,-6,55,-13,51,-2,53,-2,51,2,47,-2,47,2,44,0,42,2,42,4,38,8,0,0,0,0,0,0,0,0,0,0]"""
1782173642467,2026-06-23T09:14:02.467,warning,breathing,lmh,lying_fast_breath,t001,"CSI_DATA,18303,1a:00:00:00:00:00,-61,11,-98,18,44,11,128304668,47,2,256,0,""[0,0,0,0,0,0,0,0,0,0,0,0,40,-2,42,0,47,2,49,2,49,2,49,8,49,8,58,13,58,8,58,13,60,11,62,13,67,15,64,15,64,29,64,24,71,20,69,26,73,26,64,26,62,35,73,35,71,33,76,31,76,35,73,26,71,31,78,31,73,33,78,24,67,24,78,26,76,31,73,31,76,24,78,24,71,20,82,20,78,17,80,11,80,15,80,6,82,8,89,4,78,6,85,8,85,11,80,2,85,2,91,8,87,8,91,0,94,6,91,13,96,4,94,4,91,8,0,0,0,0,0,0,20,-89,15,-91,4,-87,11,-87,6,-82,6,-78,8,-80,11,-82,8,-78,6,-78,2,-73,6,-69,4,-73,6,-71,4,-71,-4,-71,-2,-76,-4,-69,4,-69,-6,-67,-11,-67,-4,-62,-8,-62,-4,-67,-4,-69,-2,-64,-8,-64,-15,-64,-6,-69,-13,-62,-8,-62,-6,-69,-4,-67,-11,-71,-8,-62,0,-76,-2,-67,0,-62,2,-73,2,-62,0,-58,4,-64,6,-64,2,-62,6,-60,2,-58,13,-55,11,-60,15,-55,17,-49,20,-42,17,-49,17,-44,20,-40,20,-40,20,-35,26,-33,0,0,0,0,0,0,0,0,0,0]"""
1782173642479,2026-06-23T09:14:02.479,warning,breathing,lmh,lying_fast_breath,t001,"CSI_DATA,18304,1a:00:00:00:00:00,-61,11,-98,18,44,11,128317669,47,2,256,0,""[0,0,0,0,0,0,0,0,0,0,0,0,15,40,6,42,8,44,11,44,8,47,6,49,11,51,11,53,13,62,8,62,8,58,15,62,15,69,15,67,8,69,8,71,22,73,11,76,13,64,15,71,15,76,17,80,20,71,26,78,22,82,33,73,22,78,24,78,22,76,40,71,33,69,38,73,38,71,35,69,42,69,44,64,47,60,53,58,53,64,62,60,55,58,62,47,67,51,69,51,62,49,69,42,73,44,73,38,82,38,82,42,76,38,82,35,85,38,85,35,89,33,89,33,89,24,0,0,0,0,0,0,33,-87,33,-91,20,-82,20,-85,17,-80,20,-76,13,-78,15,-82,15,-76,11,-71,6,-69,6,-73,2,-76,6,-69,0,-71,-4,-64,-8,-73,-8,-71,-2,-71,-11,-64,-20,-62,-11,-60,-15,-58,-22,-62,-15,-67,-20,-64,-22,-60,-31,-60,-22,-64,-33,-60,-31,-60,-33,-60,-29,-62,-33,-58,-33,-55,-29,-60,-33,-62,-35,-60,-29,-60,-29,-55,-33,-51,-31,-53,-29,-60,-33,-60,-26,-55,-29,-51,-22,-49,-26,-55,-20,-47,-24,-47,-17,-44,-17,-44,-17,-44,-15,-44,-13,-44,-11,-42,-6,-40,0,0,0,0,0,0,0,0,0,0]"""
1782173642491,2026-06-23T09:14:02.491,warning,breathing,lmh,lying_fast_breath,t001,"CSI_DATA,18305,1a:00:00:00:00:00,-61,11,-98,19,44,11,128326474,47,2,256,0,""[0,0,0,0,0,0,0,0,0,0,0,0,36,-15,41,-17,43,-13,50,-13,47,-10,50,-8,50,-8,54,-6,58,-10,56,-8,65,-13,63,-13,67,-15,69,-15,71,-6,71,-8,73,-10,73,-4,69,-4,76,-8,78,-15,78,-6,78,-15,80,-8,84,-10,78,-19,80,-10,80,-10,80,-6,82,-13,73,-13,84,-19,73,-21,71,-17,78,-23,73,-23,71,-28,78,-34,76,-34,71,-39,73,-36,65,-45,78,-45,71,-47,69,-45,67,-47,69,-45,67,-52,69,-56,73,-52,67,-58,71,-63,78,-60,73,-54,76,-63,71,-63,71,-63,0,0,0,0,0,0,-60,-76,-54,-78,-65,-60,-54,-65,-60,-60,-54,-63,-54,-56,-58,-60,-52,-54,-52,-56,-54,-52,-52,-50,-60,-47,-60,-43,-60,-45,-60,-39,-63,-34,-54,-36,-56,-41,-58,-34,-63,-28,-56,-39,-52,-28,-58,-28,-56,-32,-60,-30,-58,-28,-63,-21,-69,-28,-67,-19,-63,-23,-63,-23,-60,-30,-63,-21,-60,-23,-65,-30,-60,-26,-60,-28,-65,-28,-56,-32,-58,-26,-56,-28,-58,-28,-54,-28,-56,-32,-54,-30,-52,-34,-50,-28,-45,-36,-39,-26,-36,-32,-41,-30,-36,-28,-36,-30,-32,-32,-28,-32,-26,-36,0,0,0,0,0,0,0,0,0,0]"""
1782173642502,2026-06-23T09:14:02.502,warning,breathing,lmh,lying_fast_breath,t001,"CSI_DATA,18306,1a:00:00:00:00:00,-61,11,-98,19,44,11,128338738,47,2,256,0,""[0,0,0,0,0,0,0,0,0,0,0,0,-39,-17,-36,-17,-41,-21,-41,-28,-39,-28,-41,-28,-41,-28,-43,-32,-45,-34,-50,-39,-45,-41,-43,-39,-50,-39,-47,-50,-45,-52,-47,-52,-50,-52,-52,-58,-43,-56,-41,-60,-43,-63,-45,-63,-45,-65,-47,-65,-47,-71,-50,-63,-41,-65,-45,-69,-41,-71,-47,-63,-43,-63,-47,-71,-50,-65,-45,-67,-52,-67,-50,-65,-45,-58,-50,-60,-52,-65,-58,-58,-54,-60,-58,-60,-54,-63,-67,-60,-52,-60,-60,-56,-56,-65,-58,-56,-58,-63,-63,-67,-63,-67,-63,-65,-60,-73,-56,-73,-63,-78,-60,-73,-67,-78,0,0,0,0,0,0,-80,54,-78,52,-73,56,-73,47,-71,52,-69,43,-69,47,-76,45,-69,45,-63,32,-58,41,-60,41,-60,43,-63,43,-56,36,-52,39,-58,45,-60,41,-56,34,-56,39,-50,47,-60,41,-52,41,-52,39,-54,41,-58,39,-52,41,-52,47,-56,41,-50,43,-54,39,-56,41,-58,36,-54,39,-52,36,-65,34,-60,36,-58,32,-63,30,-58,26,-56,28,-58,23,-65,21,-58,23,-56,17,-56,17,-54,8,-58,13,-52,6,-50,4,-52,0,-47,4,-47,0,-47,-4,-43,-6,-41,-10,-41,-17,0,0,0,0,0,0,0,0,0,0]"""
1782173642514,2026-06-23T09:14:02.514,warning,breathing,lmh,lying_fast_breath,t001,"CSI_DATA,18307,1a:00:00:00:00:00,-61,11,-98,18,44,11,128348474,47,2,256,0,""[0,0,0,0,0,0,0,0,0,0,0,0,-35,-20,-35,-22,-35,-24,-42,-29,-40,-31,-40,-33,-35,-33,-38,-35,-42,-40,-38,-42,-42,-44,-42,-44,-51,-47,-49,-51,-38,-53,-38,-55,-44,-58,-44,-60,-40,-55,-42,-64,-40,-64,-40,-69,-38,-67,-42,-67,-47,-73,-40,-62,-38,-69,-40,-69,-38,-67,-40,-67,-35,-64,-42,-76,-42,-64,-40,-69,-49,-64,-44,-64,-42,-58,-47,-60,-49,-64,-53,-64,-49,-67,-53,-60,-49,-60,-62,-62,-51,-62,-53,-58,-51,-60,-55,-55,-62,-67,-60,-71,-60,-69,-64,-64,-58,-73,-53,-73,-67,-73,-60,-76,-58,-71,0,0,0,0,0,0,-85,53,-76,49,-69,53,-73,49,-73,47,-67,40,-67,42,-73,47,-67,44,-64,33,-62,42,-55,35,-62,42,-62,35,-55,40,-53,42,-58,49,-60,47,-58,38,-49,38,-49,47,-55,38,-49,38,-51,40,-53,40,-55,42,-53,40,-47,47,-53,40,-49,44,-51,42,-60,40,-55,40,-51,44,-49,38,-67,35,-58,33,-58,35,-62,33,-58,26,-58,29,-58,29,-62,24,-58,24,-62,20,-53,20,-58,13,-55,15,-55,8,-49,6,-49,2,-47,2,-44,2,-49,-2,-44,-4,-42,-4,-35,-13,0,0,0,0,0,0,0,0,0,0]"""
1782173642524,2026-06-23T09:14:02.524,warning,breathing,lmh,lying_fast_breath,t001,"CSI_DATA,18308,1a:00:00:00:00:00,-61,11,-98,13,45,11,128359473,47,2,256,0,""[0,0,0,0,0,0,0,0,0,0,0,0,-27,-27,-27,-32,-32,-32,-32,-39,-29,-39,-32,-39,-32,-39,-29,-43,-36,-46,-34,-48,-36,-50,-39,-48,-41,-55,-39,-57,-34,-59,-39,-57,-48,-57,-39,-62,-41,-62,-39,-62,-36,-64,-43,-71,-41,-62,-48,-66,-46,-73,-48,-57,-43,-62,-50,-66,-48,-66,-55,-59,-48,-57,-59,-64,-55,-59,-55,-55,-62,-55,-64,-48,-57,-43,-66,-43,-66,-48,-73,-41,-71,-46,-73,-34,-76,-36,-78,-36,-76,-34,-76,-29,-78,-34,-76,-23,-80,-29,-89,-34,-87,-32,-85,-23,-87,-32,-85,-29,-96,-27,-94,-25,-89,-23,0,0,0,0,0,0,-29,89,-25,87,-13,89,-18,82,-16,80,-18,80,-13,78,-18,85,-16,80,-11,76,-6,69,-4,69,-2,73,-6,73,-4,71,4,66,6,73,4,73,0,69,6,64,16,66,6,64,13,64,11,66,9,66,11,69,13,62,20,64,16,71,25,62,16,62,18,64,18,64,23,66,18,57,18,71,20,69,18,66,18,69,18,62,18,57,16,62,13,66,16,64,9,64,13,57,11,52,13,55,6,52,9,50,6,48,2,46,2,46,-2,46,-4,48,-4,41,-6,43,0,0,0,0,0,0,0,0,0,0]"""
1782173642534,2026-06-23T09:14:02.534,warning,breathing,lmh,lying_fast_breath,t001,"CSI_DATA,18309,1a:00:00:00:00:00,-61,11,-98,17,44,11,128370473,47,2,256,0,""[0,0,0,0,0,0,0,0,0,0,0,0,-39,9,-41,9,-43,11,-50,6,-48,2,-48,4,-50,2,-55,2,-59,2,-59,-2,-64,-2,-62,2,-66,2,-69,-2,-66,-9,-71,-4,-69,0,-78,-4,-69,-6,-73,-16,-76,-16,-76,-6,-82,-9,-76,-6,-82,-9,-78,-2,-78,-9,-78,-6,-82,-6,-80,-4,-80,-4,-78,0,-78,2,-78,-2,-80,4,-85,6,-78,6,-80,11,-82,9,-80,20,-78,18,-82,25,-78,18,-82,25,-78,20,-80,27,-78,18,-76,25,-80,27,-87,25,-80,32,-85,36,-89,32,-92,29,-87,36,-87,32,-87,36,0,0,0,0,0,0,27,87,34,87,36,76,34,82,36,85,27,78,34,80,29,76,27,73,27,71,29,66,25,66,32,66,34,66,29,64,36,64,43,62,39,59,27,62,41,59,48,52,34,57,34,48,39,50,34,50,36,59,41,55,43,48,43,57,52,50,43,52,43,52,39,52,46,50,48,50,43,55,46,52,36,50,41,55,39,57,36,55,36,55,32,55,36,55,29,52,34,50,27,50,32,50,20,50,23,48,18,46,16,46,11,43,9,48,6,46,9,43,4,43,0,0,0,0,0,0,0,0,0,0]"""
1782173642546,2026-06-23T09:14:02.546,warning,breathing,lmh,lying_fast_breath,t001,"CSI_DATA,18310,1a:00:00:00:00:00,-61,11,-98,18,44,11,128384002,47,2,256,0,""[0,0,0,0,0,0,0,0,0,0,0,0,13,-38,22,-38,22,-40,29,-44,31,-40,31,-35,35,-40,35,-38,40,-44,44,-38,47,-35,49,-40,55,-42,60,-40,62,-29,62,-31,64,-40,67,-29,62,-26,69,-31,73,-26,76,-24,71,-22,76,-22,85,-20,71,-24,78,-13,82,-20,78,-13,82,-20,71,-11,82,-11,82,-11,76,-13,82,-13,80,-17,73,-13,80,-17,80,-13,85,-15,87,-13,80,-24,80,-13,87,-15,76,-11,76,-13,82,-8,80,-13,87,-15,96,-6,89,-11,91,-13,98,-6,89,2,98,0,96,-4,91,4,0,0,0,0,0,0,15,-94,15,-94,11,-87,15,-87,17,-87,22,-80,22,-80,26,-80,24,-73,24,-73,22,-71,24,-60,24,-71,22,-69,29,-67,15,-64,22,-73,26,-67,29,-64,22,-60,17,-67,29,-62,22,-60,26,-62,31,-60,29,-62,26,-60,22,-58,33,-64,22,-64,29,-55,40,-60,40,-58,35,-60,35,-49,44,-53,44,-53,42,-53,47,-49,47,-44,44,-42,49,-42,55,-40,51,-35,58,-31,49,-35,51,-24,53,-22,51,-17,51,-17,47,-11,49,-11,51,-6,47,-4,47,0,42,4,42,11,0,0,0,0,0,0,0,0,0,0]"""
1782173642556,2026-06-23T09:14:02.556,warning,breathing,lmh,lying_fast_breath,t001,"CSI_DATA,18311,1a:00:00:00:00:00,-61,11,-98,17,44,11,128395386,47,2,256,0,""[0,0,0,0,0,0,0,0,0,0,0,0,36,20,36,20,39,20,43,20,43,23,43,25,43,25,50,27,52,27,50,29,55,27,57,25,64,20,66,27,62,29,66,29,66,27,71,25,64,25,73,23,71,20,73,25,78,23,78,16,82,23,78,11,82,16,82,11,78,11,76,-2,73,4,82,0,80,-6,76,-6,80,-13,80,-20,69,-20,71,-25,76,-29,76,-36,76,-34,73,-41,73,-39,71,-50,64,-43,64,-50,64,-50,59,-64,55,-62,62,-69,57,-64,59,-69,64,-78,62,-66,59,-80,52,-80,50,-78,0,0,0,0,0,0,-82,-48,-85,-43,-76,-34,-78,-36,-85,-39,-71,-34,-78,-27,-78,-25,-76,-25,-71,-23,-73,-16,-71,-9,-73,-6,-76,-6,-69,-9,-69,4,-73,9,-69,6,-69,2,-69,6,-66,23,-71,11,-57,18,-62,20,-66,20,-62,20,-64,25,-59,32,-59,32,-55,41,-55,32,-57,41,-57,39,-57,41,-55,39,-55,39,-59,41,-46,43,-50,43,-55,39,-48,39,-52,39,-50,43,-50,43,-48,39,-46,41,-46,34,-41,43,-39,32,-41,32,-43,27,-34,32,-39,29,-43,27,-36,25,-36,27,-41,20,0,0,0,0,0,0,0,0,0,0]"""
1782173642566,2026-06-23T09:14:02.566,warning,breathing,lmh,lying_fast_breath,t001,"CSI_DATA,18312,1a:00:00:00:00:00,-61,11,-98,16,44,11,128403654,47,2,256,0,""[0,0,0,0,0,0,0,0,0,0,0,0,40,14,37,18,42,18,40,26,42,26,40,33,42,28,40,35,42,37,42,40,47,47,42,42,49,47,49,49,40,54,45,61,49,59,42,59,35,61,42,64,35,61,35,73,35,68,37,71,35,75,37,68,28,73,30,71,30,75,33,71,26,68,28,78,33,75,28,73,37,78,35,73,30,71,35,73,30,73,42,71,35,73,40,68,33,73,45,75,33,73,35,73,35,80,40,73,40,78,37,87,40,87,33,82,30,90,33,92,35,87,33,87,30,90,0,0,0,0,0,0,87,-16,92,-16,90,-23,87,-14,82,-14,75,-11,85,-9,87,-11,80,-7,73,2,71,-7,66,-7,75,-11,75,-9,68,-2,66,-9,75,-9,71,-9,68,-4,66,-7,68,-11,71,0,64,-7,64,-7,68,0,66,0,68,0,66,-4,73,-2,68,-7,66,0,71,0,73,7,71,2,66,2,73,7,68,11,66,7,73,11,61,14,61,16,64,21,61,26,61,18,56,26,59,21,52,30,52,28,40,35,40,33,40,35,37,33,37,33,28,37,28,37,23,37,14,42,0,0,0,0,0,0,0,0,0,0]"""
1782173642579,2026-06-23T09:14:02.579,warning,breathing,lmh,lying_fast_breath,t001,"CSI_DATA,18313,1a:00:00:00:00:00,-61,11,-98,13,45,11,128416240,47,2,256,0,""[0,0,0,0,0,0,0,0,0,0,0,0,6,-41,9,-41,11,-46,13,-46,11,-46,16,-48,16,-50,20,-50,20,-59,23,-57,25,-57,25,-59,23,-64,27,-64,34,-57,34,-64,34,-69,39,-64,34,-62,41,-64,43,-66,43,-64,46,-69,41,-66,48,-69,41,-69,50,-64,50,-66,43,-64,41,-69,41,-66,43,-71,39,-64,39,-66,36,-71,36,-73,32,-64,32,-73,36,-71,27,-76,29,-76,25,-78,32,-78,23,-85,32,-73,25,-82,29,-80,23,-80,20,-82,25,-89,25,-82,27,-87,34,-92,32,-87,29,-94,25,-92,23,-92,0,0,0,0,0,0,-89,-32,-85,-34,-87,-25,-80,-34,-82,-29,-73,-34,-76,-27,-80,-29,-69,-25,-69,-27,-71,-25,-66,-27,-76,-23,-66,-23,-66,-25,-64,-20,-71,-16,-66,-16,-64,-20,-64,-18,-66,-9,-66,-18,-57,-11,-62,-11,-62,-13,-64,-13,-66,-13,-66,-4,-66,-11,-66,-4,-66,-13,-69,-16,-66,-13,-64,-9,-62,-13,-64,-18,-66,-13,-64,-11,-64,-18,-64,-23,-59,-20,-62,-23,-59,-25,-57,-23,-55,-25,-55,-25,-48,-29,-48,-25,-46,-29,-41,-29,-39,-32,-36,-27,-34,-27,-34,-32,-27,-29,-25,-32,-23,-36,0,0,0,0,0,0,0,0,0,0]"""
1782173642588,2026-06-23T09:14:02.588,warning,breathing,lmh,lying_fast_breath,t001,"CSI_DATA,18314,1a:00:00:00:00:00,-61,11,-98,22,43,11,128427444,47,2,256,0,""[0,0,0,0,0,0,0,0,0,0,0,0,-20,38,-20,40,-24,38,-29,38,-31,40,-31,40,-31,38,-35,42,-38,44,-42,42,-44,42,-44,44,-49,44,-51,47,-53,40,-60,42,-55,49,-67,44,-58,38,-69,42,-69,44,-69,40,-67,42,-64,42,-71,47,-67,42,-73,38,-69,40,-69,38,-67,38,-67,38,-73,44,-67,42,-64,44,-64,47,-67,47,-62,44,-67,53,-62,49,-62,58,-67,49,-60,60,-67,51,-64,58,-60,51,-60,58,-64,58,-60,60,-62,62,-73,62,-71,60,-69,64,-76,60,-73,55,-76,62,-67,62,-73,55,0,0,0,0,0,0,51,73,53,78,55,73,49,73,51,69,47,69,47,73,47,69,44,64,40,67,47,58,40,55,47,60,40,60,35,62,47,53,44,60,44,55,38,55,47,58,47,49,44,58,40,51,42,51,44,55,44,53,42,49,47,49,44,51,47,47,40,53,40,51,44,58,40,53,40,53,38,60,42,55,35,55,38,60,33,62,33,53,29,62,26,60,24,55,22,55,24,60,15,53,20,58,8,51,6,53,4,49,11,49,6,51,2,47,-4,42,-6,42,-11,40,0,0,0,0,0,0,0,0,0,0]"""
1782173642600,2026-06-23T09:14:02.600,warning,breathing,lmh,lying_fast_breath,t001,"CSI_DATA,18315,1a:00:00:00:00:00,-61,11,-98,22,43,11,128439189,47,2,256,0,""[0,0,0,0,0,0,0,0,0,0,0,0,-26,35,-22,35,-29,35,-29,35,-33,35,-38,33,-38,38,-40,38,-44,40,-49,38,-44,40,-44,42,-53,42,-53,40,-58,35,-60,44,-62,44,-67,40,-62,33,-60,35,-60,29,-71,42,-67,38,-71,40,-73,38,-67,44,-71,33,-73,35,-67,33,-69,42,-64,40,-71,38,-69,38,-69,38,-67,42,-67,47,-60,40,-62,49,-64,44,-62,51,-64,49,-62,55,-62,53,-67,58,-64,55,-60,53,-67,55,-58,58,-67,60,-69,64,-71,62,-64,64,-73,62,-69,55,-71,64,-67,67,-69,58,0,0,0,0,0,0,58,78,58,76,55,67,49,69,58,71,51,67,47,67,53,71,47,62,44,62,44,55,42,60,51,55,49,60,44,55,47,51,51,51,44,55,42,51,49,47,53,51,47,55,44,40,49,44,44,51,47,44,47,44,55,42,53,49,53,42,47,47,49,49,49,51,51,47,44,47,44,55,47,53,42,53,42,55,35,55,40,53,42,55,33,58,33,55,29,55,33,55,26,53,24,51,17,51,22,51,13,51,17,51,11,47,6,51,6,40,2,42,-4,42,0,0,0,0,0,0,0,0,0,0]"""
1782173642611,2026-06-23T09:14:02.611,warning,breathing,lmh,lying_fast_breath,t001,"CSI_DATA,18316,1a:00:00:00:00:00,-61,11,-98,19,44,11,128447473,47,2,256,0,""[0,0,0,0,0,0,0,0,0,0,0,0,-43,0,-41,-8,-43,-8,-50,-8,-50,-10,-45,-15,-47,-15,-50,-17,-60,-19,-56,-21,-58,-17,-60,-19,-69,-21,-65,-23,-65,-30,-67,-26,-71,-23,-67,-32,-65,-30,-69,-30,-65,-30,-67,-41,-67,-32,-73,-34,-76,-36,-73,-26,-73,-36,-80,-34,-67,-36,-76,-30,-73,-28,-80,-28,-76,-32,-76,-23,-80,-28,-80,-23,-71,-13,-82,-15,-84,-17,-84,-8,-78,-13,-84,0,-84,-6,-87,-4,-84,-4,-80,0,-87,-2,-84,0,-87,-2,-91,2,-91,2,-91,6,-97,0,-91,0,-100,4,-97,6,-91,8,0,0,0,0,0,0,-4,91,-2,95,8,93,-2,95,4,84,6,82,6,80,4,87,6,80,0,78,4,76,0,69,8,78,8,73,10,73,17,67,15,71,17,69,13,69,23,65,28,65,19,63,19,63,15,65,17,63,19,65,21,63,26,63,19,69,30,60,26,60,23,65,23,65,28,63,21,60,19,67,21,65,19,65,19,67,17,60,17,58,21,65,15,67,15,60,8,63,17,58,10,56,8,58,4,56,2,52,-2,52,4,50,-4,52,-2,45,-6,45,-4,43,-10,41,0,0,0,0,0,0,0,0,0,0]"""
1782173642621,2026-06-23T09:14:02.621,warning,breathing,lmh,lying_fast_breath,t001,"CSI_DATA,18317,1a:00:00:00:00:00,-61,11,-98,19,44,11,128459173,47,2,256,0,""[0,0,0,0,0,0,0,0,0,0,0,0,4,43,2,43,-2,45,-2,52,-6,52,-6,50,-6,52,-8,50,-6,60,-4,58,-10,63,-8,63,-8,67,-10,65,-17,69,-15,73,-10,76,-17,71,-19,69,-10,71,-21,73,-21,78,-21,76,-17,78,-19,84,-13,76,-23,76,-21,80,-19,80,-10,80,-17,73,-15,82,-10,84,-10,78,-4,87,0,82,2,76,6,80,0,82,10,82,10,82,15,87,15,82,17,87,13,73,19,80,19,84,23,82,23,87,26,91,30,89,26,89,28,91,19,89,34,97,34,95,30,91,0,0,0,0,0,0,93,-15,89,-26,82,-32,80,-23,82,-28,80,-21,80,-26,82,-28,76,-26,69,-21,67,-28,69,-23,76,-32,69,-32,67,-28,60,-30,65,-36,63,-36,65,-34,58,-34,54,-41,60,-34,47,-41,52,-43,56,-39,56,-39,56,-41,50,-45,56,-45,50,-45,54,-43,54,-45,56,-45,52,-47,50,-41,56,-45,54,-43,50,-43,56,-43,56,-34,54,-36,52,-39,56,-39,52,-36,56,-32,54,-34,47,-26,54,-32,52,-21,43,-23,52,-21,45,-19,47,-21,45,-10,47,-8,39,-13,45,-2,0,0,0,0,0,0,0,0,0,0]"""
1782173642631,2026-06-23T09:14:02.631,warning,breathing,lmh,lying_fast_breath,t001,"CSI_DATA,18318,1a:00:00:00:00:00,-61,11,-98,19,44,11,128469539,47,2,256,0,""[0,0,0,0,0,0,0,0,0,0,0,0,36,4,41,10,45,10,50,13,47,17,45,21,45,17,50,26,54,26,50,32,54,32,52,34,63,36,60,39,58,47,54,43,60,43,63,52,56,52,54,60,52,56,58,50,52,54,58,58,60,60,56,54,50,63,52,63,52,60,58,58,47,54,58,67,58,65,56,56,63,60,58,56,54,52,58,56,56,54,65,52,58,58,67,50,63,54,73,56,63,56,63,54,71,54,67,54,71,56,71,63,76,56,71,54,67,65,67,73,78,65,71,65,67,69,0,0,0,0,0,0,69,-58,71,-58,67,-63,67,-56,65,-52,60,-50,67,-50,69,-54,65,-52,58,-45,54,-45,54,-43,56,-47,56,-47,54,-45,52,-43,60,-52,56,-45,56,-43,50,-45,47,-52,54,-45,47,-47,54,-43,52,-47,54,-45,54,-43,52,-52,58,-45,50,-47,52,-39,56,-43,54,-45,56,-47,54,-39,63,-36,58,-36,58,-41,58,-34,58,-26,56,-30,60,-26,63,-28,58,-19,60,-17,58,-21,58,-17,60,-17,52,-8,52,-8,50,-2,52,-4,47,0,54,4,45,6,41,10,43,15,0,0,0,0,0,0,0,0,0,0]"""
1782173642640,2026-06-23T09:14:02.640,warning,breathing,lmh,lying_fast_breath,t001,"CSI_DATA,18319,1a:00:00:00:00:00,-61,11,-98,18,44,11,128481090,47,2,256,0,""[0,0,0,0,0,0,0,0,0,0,0,0,29,31,22,33,29,42,24,42,24,47,22,42,20,44,20,49,22,53,20,58,20,58,17,60,24,67,17,67,13,67,11,71,17,73,6,78,6,69,11,76,6,76,11,78,4,78,8,82,2,87,4,76,-2,80,-2,80,-8,82,2,78,-2,76,0,85,0,85,4,80,6,82,6,82,4,73,6,85,6,85,15,82,6,80,11,82,8,82,17,89,11,76,17,80,8,85,20,80,15,82,15,100,15,91,11,91,4,91,4,96,11,105,11,100,11,94,0,0,0,0,0,0,96,4,94,4,89,-4,82,0,89,-2,69,4,80,2,87,2,82,2,73,4,73,4,67,4,76,0,78,6,76,6,71,0,78,0,69,4,71,2,69,2,69,-4,69,2,64,-2,64,-4,67,4,67,0,69,0,69,-8,71,2,69,-2,67,6,69,4,73,4,69,2,67,8,71,8,69,8,64,8,69,8,62,15,60,15,62,20,67,24,58,22,58,26,55,22,53,29,55,22,42,26,42,26,42,35,38,31,38,31,35,38,26,33,24,35,22,38,0,0,0,0,0,0,0,0,0,0]"""
1782173642652,2026-06-23T09:14:02.652,warning,breathing,lmh,lying_fast_breath,t001,"CSI_DATA,18320,1a:00:00:00:00:00,-61,11,-98,17,44,11,128491473,47,2,256,0,""[0,0,0,0,0,0,0,0,0,0,0,0,32,27,29,29,34,32,29,36,34,36,34,36,39,36,39,36,43,41,43,43,41,46,48,43,50,46,50,43,48,50,52,46,64,46,55,52,52,48,52,43,52,50,66,46,62,50,64,48,69,50,69,39,66,46,76,41,71,41,73,29,69,29,76,29,76,25,73,20,80,18,87,6,76,6,80,2,80,2,85,-4,78,0,82,-11,89,-11,85,-20,76,-16,82,-25,85,-23,78,-34,78,-34,87,-34,80,-39,85,-43,89,-36,80,-41,80,-46,78,-52,85,-50,0,0,0,0,0,0,-48,-89,-50,-78,-59,-64,-57,-64,-55,-66,-59,-62,-59,-52,-59,-66,-57,-57,-57,-50,-57,-41,-57,-39,-69,-36,-62,-41,-64,-34,-66,-23,-73,-25,-69,-25,-59,-29,-64,-20,-73,-13,-66,-20,-62,-4,-62,-11,-66,-13,-71,-9,-73,-6,-66,0,-71,-2,-71,6,-66,2,-76,2,-73,2,-69,9,-64,9,-71,6,-69,6,-64,11,-71,9,-64,11,-59,13,-64,9,-66,9,-62,13,-62,6,-62,16,-57,9,-59,6,-52,9,-48,6,-52,9,-46,9,-48,4,-50,6,-41,-2,-46,0,-43,-2,0,0,0,0,0,0,0,0,0,0]"""
1782173642665,2026-06-23T09:14:02.665,warning,breathing,lmh,lying_fast_breath,t001,"CSI_DATA,18321,1a:00:00:00:00:00,-61,11,-98,18,44,11,128502472,47,2,256,0,""[0,0,0,0,0,0,0,0,0,0,0,0,-13,-40,-11,-40,-8,-47,-8,-49,-8,-51,-2,-49,-2,-51,2,-55,-2,-60,-2,-62,2,-62,-2,-64,-4,-69,2,-71,8,-69,13,-71,4,-71,11,-73,15,-67,11,-71,13,-69,20,-80,17,-76,17,-76,22,-80,15,-80,20,-76,26,-78,26,-78,17,-78,22,-73,22,-80,17,-78,22,-82,15,-82,15,-80,15,-76,11,-80,13,-82,4,-85,4,-82,6,-85,8,-82,6,-89,13,-78,6,-78,11,-85,0,-82,2,-89,6,-96,2,-91,2,-89,17,-96,17,-98,2,-100,2,-96,11,-96,0,0,0,0,0,0,-89,-17,-91,-15,-85,-15,-80,-24,-85,-15,-78,-15,-82,-20,-82,-17,-80,-17,-71,-17,-69,-20,-69,-17,-76,-13,-73,-13,-69,-13,-69,-8,-73,-8,-73,-13,-67,-13,-67,-8,-69,-4,-67,-11,-60,-4,-64,-8,-69,-11,-67,-8,-71,-6,-69,-4,-69,-8,-69,0,-64,-11,-73,-11,-69,-13,-69,-8,-67,-8,-69,-17,-67,-17,-64,-15,-67,-22,-64,-24,-60,-15,-62,-22,-62,-26,-58,-24,-53,-29,-58,-29,-47,-29,-51,-26,-42,-31,-42,-35,-38,-33,-38,-31,-33,-33,-31,-38,-26,-33,-31,-35,-22,-35,0,0,0,0,0,0,0,0,0,0]"""
1782173642675,2026-06-23T09:14:02.675,warning,breathing,lmh,lying_fast_breath,t001,"CSI_DATA,18322,1a:00:00:00:00:00,-61,11,-98,19,44,11,128513575,47,2,256,0,""[0,0,0,0,0,0,0,0,0,0,0,0,43,19,34,19,39,23,41,26,45,28,41,30,43,28,45,30,50,36,47,36,50,36,54,34,58,36,56,43,54,41,58,43,65,39,60,47,52,41,54,45,47,52,67,47,67,47,67,41,73,45,71,41,69,47,69,43,67,47,69,34,65,41,71,39,73,39,71,32,76,32,80,26,71,23,78,19,82,21,80,10,80,17,80,8,82,13,93,2,78,4,82,0,89,4,82,-4,87,2,97,-4,93,-10,93,-15,100,-4,97,-2,100,-13,97,-10,89,-19,0,0,0,0,0,0,-6,-87,-10,-95,-13,-84,-15,-87,-17,-87,-13,-80,-19,-82,-19,-82,-19,-82,-17,-76,-19,-69,-21,-69,-26,-73,-28,-67,-26,-69,-32,-63,-36,-67,-34,-60,-26,-60,-34,-60,-43,-54,-34,-60,-34,-52,-36,-56,-36,-58,-39,-54,-45,-54,-52,-47,-45,-54,-54,-45,-47,-47,-50,-47,-45,-52,-52,-52,-45,-45,-45,-54,-47,-54,-43,-52,-47,-52,-45,-50,-45,-45,-47,-50,-43,-52,-43,-50,-39,-50,-39,-47,-34,-45,-36,-50,-30,-45,-30,-43,-26,-45,-26,-41,-19,-41,-28,-43,-19,-43,-15,-39,-13,-43,0,0,0,0,0,0,0,0,0,0]"""
1782173642687,2026-06-23T09:14:02.687,warning,breathing,lmh,lying_fast_breath,t001,"CSI_DATA,18323,1a:00:00:00:00:00,-61,11,-98,17,44,11,128525201,47,2,256,0,""[0,0,0,0,0,0,0,0,0,0,0,0,36,-18,41,-16,39,-20,43,-18,43,-16,48,-16,50,-16,52,-16,57,-18,59,-16,59,-20,59,-18,59,-23,64,-23,66,-16,71,-23,71,-27,76,-23,71,-20,66,-13,71,-16,73,-25,78,-23,78,-29,80,-25,71,-34,73,-27,82,-32,73,-32,69,-39,71,-32,76,-39,71,-39,66,-41,71,-46,69,-50,62,-48,57,-57,64,-52,57,-62,59,-57,52,-62,55,-59,52,-73,50,-69,48,-71,50,-69,43,-71,46,-73,46,-80,48,-80,43,-78,52,-82,48,-82,41,-87,41,-89,41,-92,0,0,0,0,0,0,-87,-43,-82,-43,-85,-34,-78,-32,-85,-32,-73,-34,-78,-32,-82,-32,-73,-23,-71,-25,-71,-18,-69,-18,-76,-13,-73,-16,-71,-13,-69,-6,-76,-9,-66,-6,-66,-6,-69,0,-69,6,-69,0,-62,4,-62,6,-66,0,-64,9,-69,2,-66,13,-71,13,-66,23,-66,11,-69,16,-64,11,-66,18,-59,18,-71,16,-73,16,-62,13,-66,9,-69,9,-62,16,-64,13,-66,11,-62,9,-59,9,-59,11,-59,11,-59,4,-57,4,-52,6,-48,2,-46,4,-48,0,-48,-4,-48,-2,-43,-4,-46,-11,0,0,0,0,0,0,0,0,0,0]"""
1782173642697,2026-06-23T09:14:02.697,warning,breathing,lmh,lying_fast_breath,t001,"CSI_DATA,18324,1a:00:00:00:00:00,-61,11,-98,21,43,11,128535472,47,2,256,0,""[0,0,0,0,0,0,0,0,0,0,0,0,-41,13,-43,11,-39,11,-50,9,-48,9,-50,4,-52,6,-52,4,-59,11,-64,6,-64,9,-59,9,-64,16,-66,16,-71,6,-71,11,-69,18,-76,13,-69,16,-78,23,-71,18,-80,18,-76,18,-76,23,-78,27,-73,29,-76,23,-76,29,-69,32,-71,39,-69,34,-76,41,-69,43,-66,43,-66,48,-62,50,-57,50,-59,59,-57,57,-48,64,-52,59,-41,69,-46,66,-43,73,-48,71,-36,76,-41,76,-34,78,-34,82,-36,85,-29,92,-25,92,-32,94,-32,85,-20,96,-25,99,-20,94,0,0,0,0,0,0,94,18,94,18,92,4,87,6,80,4,82,11,82,2,85,0,80,0,78,2,76,-2,73,0,78,-13,73,-13,71,-11,66,-18,71,-25,69,-20,69,-18,62,-27,59,-29,66,-27,55,-34,59,-32,57,-34,62,-36,57,-39,48,-43,55,-46,50,-46,48,-46,52,-43,52,-46,48,-48,48,-43,55,-48,52,-50,43,-48,50,-50,52,-43,46,-46,46,-48,48,-48,41,-46,43,-43,39,-46,43,-39,39,-43,41,-34,41,-27,39,-34,39,-27,34,-25,41,-29,36,-29,34,-23,43,-20,0,0,0,0,0,0,0,0,0,0]"""
1782173642709,2026-06-23T09:14:02.709,warning,breathing,lmh,lying_fast_breath,t001,"CSI_DATA,18325,1a:00:00:00:00:00,-61,11,-98,17,44,11,128546928,47,2,256,0,""[0,0,0,0,0,0,0,0,0,0,0,0,27,-34,27,-27,34,-34,36,-32,39,-34,39,-27,41,-34,46,-32,50,-36,50,-34,52,-36,50,-36,57,-41,59,-39,64,-32,66,-32,64,-39,66,-32,62,-29,73,-32,73,-34,76,-29,76,-29,76,-36,78,-27,71,-36,73,-25,76,-27,78,-27,73,-32,73,-27,78,-27,73,-32,76,-29,78,-39,78,-39,69,-34,69,-41,73,-39,71,-46,69,-41,69,-52,69,-46,71,-52,69,-39,69,-50,73,-48,64,-52,69,-52,78,-52,71,-48,76,-57,78,-48,80,-50,78,-55,80,-55,85,-50,0,0,0,0,0,0,-41,-85,-46,-78,-52,-76,-41,-71,-46,-80,-36,-73,-36,-76,-41,-73,-39,-71,-29,-71,-39,-64,-36,-64,-43,-66,-36,-71,-36,-62,-36,-59,-46,-62,-41,-59,-36,-57,-39,-59,-48,-55,-39,-62,-34,-46,-36,-52,-41,-57,-39,-52,-39,-59,-43,-50,-39,-62,-48,-50,-39,-55,-43,-55,-39,-64,-41,-52,-43,-55,-36,-62,-39,-57,-32,-57,-34,-62,-34,-59,-29,-59,-27,-55,-27,-62,-25,-59,-16,-59,-20,-59,-18,-55,-18,-57,-9,-50,-11,-52,-2,-50,-4,-48,-2,-48,0,-48,4,-46,4,-41,9,-43,0,0,0,0,0,0,0,0,0,0]"""
1782173642721,2026-06-23T09:14:02.721,warning,breathing,lmh,lying_fast_breath,t001,"CSI_DATA,18326,1a:00:00:00:00:00,-61,11,-98,18,44,11,128557490,47,2,256,0,""[0,0,0,0,0,0,0,0,0,0,0,0,-40,-13,-38,-15,-42,-17,-42,-22,-44,-26,-38,-26,-40,-29,-42,-35,-49,-38,-47,-38,-44,-40,-40,-44,-51,-47,-49,-55,-40,-51,-47,-60,-47,-55,-42,-67,-38,-60,-35,-60,-31,-67,-38,-69,-33,-76,-38,-73,-31,-76,-33,-71,-29,-71,-26,-76,-26,-78,-31,-73,-24,-71,-31,-73,-29,-78,-31,-76,-33,-78,-29,-76,-26,-67,-33,-73,-31,-76,-38,-80,-29,-76,-35,-80,-29,-73,-38,-80,-29,-71,-35,-76,-33,-82,-33,-76,-38,-80,-33,-87,-31,-85,-31,-82,-24,-94,-26,-94,-29,-96,-26,-89,-24,-89,0,0,0,0,0,0,-91,6,-94,6,-87,15,-91,0,-87,4,-80,0,-87,4,-82,0,-82,-2,-71,-4,-73,2,-69,0,-76,0,-78,2,-71,-4,-67,-2,-73,6,-73,-2,-64,-8,-67,-4,-64,4,-71,-8,-60,0,-64,-2,-67,-4,-69,-8,-67,-4,-67,0,-71,-4,-71,-2,-71,-8,-69,-13,-67,-17,-69,-11,-62,-15,-69,-20,-64,-22,-62,-20,-69,-24,-60,-26,-58,-26,-58,-29,-60,-38,-58,-33,-51,-33,-51,-38,-42,-38,-44,-40,-31,-40,-38,-38,-29,-38,-29,-38,-29,-38,-24,-44,-17,-38,-13,-42,-8,-42,0,0,0,0,0,0,0,0,0,0]"""
1782173642732,2026-06-23T09:14:02.732,warning,breathing,lmh,lying_fast_breath,t001,"CSI_DATA,18327,1a:00:00:00:00:00,-61,11,-98,19,44,11,128569719,47,2,256,0,""[0,0,0,0,0,0,0,0,0,0,0,0,30,26,32,28,34,30,34,36,32,36,39,36,36,39,36,43,43,39,39,47,45,47,47,45,50,50,50,47,43,54,50,50,58,50,52,58,54,54,47,54,43,50,60,56,56,54,60,56,63,58,63,47,58,52,63,54,60,50,71,43,63,41,76,47,71,43,73,39,73,41,76,28,71,28,80,23,76,26,80,17,73,23,82,6,89,13,89,8,89,13,80,2,87,8,82,-2,87,2,93,-4,91,-8,87,-8,97,-6,100,0,95,-10,100,-10,95,-13,0,0,0,0,0,0,-8,-93,-15,-91,-26,-91,-26,-87,-21,-82,-19,-80,-21,-78,-23,-87,-19,-76,-21,-76,-26,-76,-23,-67,-32,-71,-32,-67,-30,-65,-39,-56,-41,-60,-36,-54,-34,-58,-41,-54,-47,-54,-41,-58,-41,-47,-41,-52,-45,-52,-47,-52,-47,-45,-52,-43,-52,-45,-54,-36,-50,-41,-58,-43,-52,-45,-56,-36,-56,-41,-58,-47,-56,-43,-56,-43,-58,-45,-54,-43,-52,-34,-50,-39,-47,-41,-50,-36,-45,-43,-50,-34,-45,-39,-45,-36,-39,-41,-41,-36,-36,-34,-34,-30,-30,-32,-34,-39,-28,-39,-26,-34,-19,-34,0,0,0,0,0,0,0,0,0,0]"""
1782173642744,2026-06-23T09:14:02.744,warning,breathing,lmh,lying_fast_breath,t001,"CSI_DATA,18328,1a:00:00:00:00:00,-61,11,-98,17,44,11,128579472,47,2,256,0,""[0,0,0,0,0,0,0,0,0,0,0,0,-32,-29,-29,-27,-32,-34,-32,-39,-29,-41,-25,-41,-29,-46,-27,-46,-29,-50,-27,-55,-23,-57,-25,-57,-29,-64,-23,-66,-18,-62,-25,-66,-32,-62,-20,-71,-13,-73,-18,-69,-13,-73,-18,-73,-16,-76,-13,-80,-18,-85,-18,-73,-13,-78,-18,-82,-9,-82,-27,-82,-16,-73,-18,-87,-13,-80,-16,-78,-25,-78,-20,-78,-18,-73,-29,-71,-25,-76,-32,-80,-29,-76,-29,-76,-25,-76,-39,-78,-27,-76,-41,-76,-32,-80,-39,-76,-32,-80,-36,-87,-39,-85,-34,-76,-34,-89,-29,-89,-36,-94,-32,-92,-34,-89,0,0,0,0,0,0,-99,27,-87,27,-89,27,-82,27,-80,23,-78,16,-76,18,-87,18,-78,23,-76,16,-73,20,-66,18,-71,25,-73,23,-69,20,-62,20,-76,25,-64,23,-64,23,-64,23,-64,29,-64,18,-62,20,-64,23,-66,20,-69,23,-66,18,-62,27,-71,20,-62,27,-62,16,-66,20,-66,20,-69,25,-64,18,-76,16,-71,16,-62,18,-66,11,-62,9,-62,6,-64,4,-64,4,-62,6,-57,2,-62,2,-59,-6,-59,0,-55,-9,-50,-11,-48,-11,-48,-9,-46,-16,-46,-16,-41,-18,-39,-20,-36,-25,0,0,0,0,0,0,0,0,0,0]"""
1782173642754,2026-06-23T09:14:02.754,warning,breathing,lmh,lying_fast_breath,t001,"CSI_DATA,18329,1a:00:00:00:00:00,-61,11,-98,14,44,11,128590634,47,2,256,0,""[0,0,0,0,0,0,0,0,0,0,0,0,42,10,42,12,45,15,45,20,45,17,47,15,50,17,47,20,60,20,55,22,55,20,62,27,67,20,67,25,67,27,70,25,75,27,70,27,62,25,70,32,67,25,75,22,80,32,77,32,72,30,82,25,77,30,82,27,75,35,77,17,72,22,77,15,87,12,75,12,87,2,87,7,70,0,67,-2,70,12,75,0,92,0,60,-7,57,-20,80,0,113,-35,67,-32,85,30,65,2,110,10,65,-97,67,-5,145,-62,153,2,105,5,155,-67,128,10,128,-22,0,0,0,0,0,0,-7,-35,10,-80,-57,-15,-82,-108,-85,-118,-27,-138,-12,-75,-90,-77,2,-67,-55,-52,-87,-55,-17,-65,-45,-85,-30,-75,-37,-47,-50,-42,-55,-45,-47,-55,-40,-62,-52,-40,-57,-32,-55,-52,-52,-32,-47,-42,-50,-40,-60,-42,-57,-40,-60,-30,-60,-40,-65,-27,-57,-35,-62,-40,-60,-35,-60,-30,-60,-27,-62,-35,-65,-37,-60,-30,-62,-35,-57,-35,-57,-30,-57,-27,-55,-35,-55,-30,-50,-32,-57,-27,-47,-32,-52,-35,-45,-32,-40,-27,-40,-37,-35,-25,-40,-30,-37,-40,-32,-32,-30,-30,-27,-35,0,0,0,0,0,0,0,0,0,0]"""
1782173642767,2026-06-23T09:14:02.767,warning,breathing,lmh,lying_fast_breath,t001,"CSI_DATA,18330,1a:00:00:00:00:00,-61,11,-98,22,43,11,128601472,47,2,256,0,""[0,0,0,0,0,0,0,0,0,0,0,0,-33,22,-40,20,-35,20,-44,20,-47,17,-42,20,-49,17,-51,17,-53,29,-58,20,-60,26,-60,20,-64,26,-67,22,-71,17,-67,24,-73,26,-73,22,-64,13,-76,20,-82,24,-71,15,-76,22,-78,24,-76,22,-80,26,-80,22,-73,24,-73,22,-76,26,-76,22,-73,29,-73,29,-71,26,-71,40,-76,35,-69,35,-73,44,-71,38,-67,49,-71,47,-64,49,-71,49,-67,53,-67,49,-69,55,-69,53,-64,53,-62,55,-71,58,-64,64,-69,62,-78,62,-73,58,-76,62,-71,69,-73,67,0,0,0,0,0,0,58,82,60,73,58,71,60,69,62,64,49,67,58,62,58,58,47,53,53,60,53,51,51,47,58,51,53,53,51,49,53,42,60,44,55,44,53,47,58,38,64,38,60,44,53,35,55,35,60,38,55,40,58,35,60,31,64,40,64,31,55,31,64,33,58,38,60,31,58,33,60,42,58,35,60,35,60,35,55,38,55,38,58,44,51,47,53,38,51,44,51,38,44,42,44,42,35,38,40,35,35,40,31,35,29,40,22,42,24,38,24,35,20,40,0,0,0,0,0,0,0,0,0,0]"""
1782173642778,2026-06-23T09:14:02.778,warning,breathing,lmh,lying_fast_breath,t001,"CSI_DATA,18331,1a:00:00:00:00:00,-61,11,-98,16,44,11,128613079,47,2,256,0,""[0,0,0,0,0,0,0,0,0,0,0,0,-37,-23,-33,-21,-35,-28,-40,-33,-37,-33,-37,-35,-40,-33,-37,-37,-45,-37,-42,-40,-45,-47,-47,-40,-49,-47,-49,-49,-42,-54,-45,-52,-52,-56,-47,-56,-42,-56,-42,-61,-52,-68,-47,-61,-49,-59,-52,-59,-54,-68,-56,-54,-52,-64,-54,-61,-49,-64,-56,-59,-47,-59,-56,-59,-56,-61,-56,-56,-64,-56,-68,-49,-59,-45,-66,-42,-71,-49,-71,-42,-73,-45,-68,-40,-75,-40,-75,-40,-68,-37,-73,-37,-73,-42,-73,-28,-75,-42,-78,-42,-82,-37,-87,-30,-82,-42,-85,-40,-92,-35,-90,-35,-87,-30,0,0,0,0,0,0,-40,85,-35,85,-40,85,-35,78,-33,82,-30,80,-28,73,-33,82,-28,68,-30,71,-23,68,-21,71,-23,73,-16,75,-18,68,-9,71,-11,75,-16,73,-18,68,-9,68,-2,73,-9,64,-7,66,-7,66,-11,68,-11,68,-4,66,7,68,-4,73,4,68,0,71,0,73,-4,68,0,71,0,66,-9,68,-4,71,-4,64,-4,71,-7,71,-4,59,-9,68,-11,68,-14,68,-11,64,-7,61,-16,54,-9,56,-14,49,-16,49,-18,45,-14,45,-23,42,-18,42,-21,37,-23,40,-28,37,0,0,0,0,0,0,0,0,0,0]"""
1782173642786,2026-06-23T09:14:02.786,warning,breathing,lmh,lying_fast_breath,t001,"CSI_DATA,18332,1a:00:00:00:00:00,-61,11,-98,16,44,11,128624856,47,2,256,0,""[0,0,0,0,0,0,0,0,0,0,0,0,23,-37,23,-33,26,-35,33,-35,35,-33,37,-33,40,-35,40,-35,47,-42,52,-33,52,-35,49,-37,59,-37,59,-30,64,-26,64,-28,64,-37,71,-26,68,-23,68,-16,73,-14,73,-23,75,-16,75,-21,82,-16,75,-23,78,-11,80,-11,85,-9,80,-11,73,-11,87,-7,80,-14,78,-11,80,-16,78,-11,73,-11,80,-18,78,-9,78,-18,78,-14,78,-23,82,-14,85,-23,82,-14,80,-16,82,-16,85,-16,87,-14,94,-7,94,-14,87,-9,92,-2,97,-4,99,-7,97,-4,97,-4,0,0,0,0,0,0,14,-94,11,-92,4,-92,9,-87,14,-82,16,-80,16,-82,16,-82,16,-75,18,-73,18,-75,18,-64,16,-71,21,-71,21,-73,11,-66,16,-71,16,-66,21,-66,16,-66,11,-71,21,-68,14,-61,21,-64,26,-64,21,-64,21,-66,16,-68,26,-68,18,-68,23,-64,26,-64,28,-64,26,-66,26,-59,37,-64,35,-59,35,-59,40,-59,37,-49,37,-52,42,-54,52,-47,42,-45,47,-40,45,-45,42,-35,49,-37,45,-28,45,-26,47,-18,47,-21,45,-16,52,-14,47,-9,47,-2,47,0,0,0,0,0,0,0,0,0,0,0]"""
1782173642799,2026-06-23T09:14:02.799,warning,breathing,lmh,lying_fast_breath,t001,"CSI_DATA,18333,1a:00:00:00:00:00,-61,11,-98,16,44,11,128637604,47,2,256,0,""[0,0,0,0,0,0,0,0,0,0,0,0,16,37,11,42,14,42,14,49,14,47,7,47,16,49,16,49,18,56,16,56,21,61,23,59,26,64,26,64,21,66,26,66,30,66,26,71,28,71,28,68,18,68,33,73,30,71,37,73,40,78,45,66,37,68,42,68,42,75,49,61,47,61,54,66,56,59,52,54,61,59,64,54,64,47,73,42,68,45,71,37,73,42,78,28,75,33,85,28,82,23,80,23,85,21,82,14,82,16,92,18,87,14,87,7,92,11,92,11,97,2,99,2,94,2,0,0,0,0,0,0,4,-101,0,-94,-14,-90,-4,-85,-21,-82,-9,-80,-14,-82,-16,-90,-18,-78,-16,-78,-23,-73,-21,-68,-33,-68,-26,-78,-28,-64,-35,-61,-37,-61,-40,-59,-33,-61,-42,-54,-49,-49,-42,-52,-45,-47,-45,-52,-47,-49,-49,-47,-49,-47,-56,-37,-59,-37,-59,-33,-54,-37,-54,-40,-59,-40,-64,-35,-59,-35,-61,-42,-61,-40,-59,-30,-61,-35,-54,-33,-56,-30,-59,-28,-59,-35,-61,-28,-54,-30,-56,-23,-49,-26,-56,-28,-47,-26,-47,-23,-45,-28,-37,-26,-35,-28,-40,-33,-40,-26,-28,-28,-28,-30,0,0,0,0,0,0,0,0,0,0]"""
1782173642810,2026-06-23T09:14:02.810,warning,breathing,lmh,lying_fast_breath,t001,"CSI_DATA,18334,1a:00:00:00:00:00,-61,11,-98,17,44,11,128645472,47,2,256,0,""[0,0,0,0,0,0,0,0,0,0,0,0,39,-9,41,-6,46,-6,50,-9,50,-4,52,-6,48,-4,55,-4,59,-9,55,-11,64,-9,57,-16,69,-20,69,-16,69,-11,71,-13,71,-18,76,-16,71,-16,73,-16,80,-13,78,-25,73,-23,78,-29,78,-32,69,-34,73,-27,73,-36,71,-34,66,-46,66,-39,69,-48,66,-48,59,-48,59,-59,57,-59,48,-55,50,-62,48,-66,48,-73,41,-71,36,-71,36,-73,29,-82,34,-76,23,-78,27,-80,20,-80,18,-87,20,-92,13,-94,16,-89,16,-94,11,-92,13,-99,6,-96,2,-89,0,0,0,0,0,0,-94,-2,-94,-2,-92,13,-85,4,-87,13,-82,4,-85,16,-87,18,-76,18,-76,11,-73,23,-64,20,-71,27,-69,27,-66,27,-62,34,-66,43,-57,39,-59,39,-57,43,-52,50,-55,46,-43,48,-48,52,-50,46,-43,52,-46,55,-39,62,-43,55,-36,59,-36,55,-36,59,-36,57,-32,66,-32,59,-39,64,-34,64,-27,66,-27,64,-32,59,-27,59,-27,59,-29,62,-27,59,-27,59,-25,57,-25,52,-20,52,-25,50,-25,48,-25,46,-23,46,-23,39,-20,41,-25,41,-27,36,-27,34,0,0,0,0,0,0,0,0,0,0]"""
1782173642821,2026-06-23T09:14:02.821,warning,breathing,lmh,lying_fast_breath,t001,"CSI_DATA,18335,1a:00:00:00:00:00,-61,11,-98,18,44,11,128656471,47,2,256,0,""[0,0,0,0,0,0,0,0,0,0,0,0,-13,-38,-13,-42,-13,-44,-13,-49,-11,-47,-11,-44,-13,-49,-8,-49,-13,-60,-11,-58,-13,-58,-15,-58,-22,-64,-15,-64,-11,-69,-15,-67,-26,-73,-17,-76,-17,-67,-17,-80,-20,-78,-20,-76,-20,-76,-26,-76,-26,-78,-29,-71,-24,-76,-26,-80,-29,-76,-35,-73,-35,-67,-35,-73,-40,-69,-40,-67,-47,-67,-53,-64,-47,-58,-51,-58,-58,-60,-64,-53,-67,-58,-69,-47,-67,-47,-76,-47,-67,-42,-71,-38,-76,-42,-78,-33,-80,-35,-82,-44,-85,-33,-89,-35,-87,-38,-80,-38,-89,-38,-94,-26,-87,-26,0,0,0,0,0,0,-33,91,-24,91,-17,89,-17,80,-15,87,-17,76,-15,87,-15,85,-8,78,-6,73,-6,73,-4,73,4,71,-2,76,-2,71,11,64,15,73,15,69,6,69,15,64,22,64,17,69,22,62,22,60,20,64,26,67,29,64,35,60,31,67,38,55,29,60,31,64,35,62,40,58,38,58,40,64,35,60,33,55,35,62,40,58,31,49,31,60,33,60,38,58,29,58,33,53,31,47,29,51,24,49,24,53,20,44,20,42,22,47,15,49,15,44,11,40,11,40,0,0,0,0,0,0,0,0,0,0]"""
1782173642831,2026-06-23T09:14:02.831,warning,breathing,lmh,lying_fast_breath,t001,"CSI_DATA,18336,1a:00:00:00:00:00,-61,11,-98,17,44,11,128668035,47,2,256,0,""[0,0,0,0,0,0,0,0,0,0,0,0,-43,-6,-43,-9,-43,-11,-48,-13,-46,-13,-48,-18,-50,-13,-50,-18,-57,-16,-55,-18,-62,-16,-59,-16,-62,-13,-66,-18,-64,-27,-69,-20,-76,-13,-73,-20,-71,-20,-66,-20,-66,-23,-80,-16,-76,-18,-78,-13,-85,-20,-80,-4,-80,-11,-82,-13,-78,-11,-82,-2,-76,-4,-87,-2,-78,2,-76,4,-85,9,-80,13,-73,11,-78,25,-80,18,-76,27,-78,25,-76,36,-78,36,-78,39,-78,36,-71,43,-73,41,-69,48,-71,50,-73,48,-73,57,-71,59,-76,59,-78,57,-73,66,-76,69,-66,66,0,0,0,0,0,0,62,69,64,69,69,59,69,64,62,55,62,57,64,48,69,55,62,48,62,46,66,41,59,39,71,32,64,36,69,32,66,25,73,27,69,23,66,27,69,16,76,11,69,20,64,11,66,6,69,16,64,6,66,6,71,-4,71,4,66,-9,66,0,73,0,71,0,71,-6,69,-4,73,0,71,-2,66,-2,69,-2,69,-4,62,-4,69,-4,66,-2,62,-2,66,2,57,-6,59,0,64,-2,55,2,52,2,52,-2,48,0,48,4,52,6,41,6,46,6,41,13,0,0,0,0,0,0,0,0,0,0]"""
1782173642844,2026-06-23T09:14:02.844,warning,breathing,lmh,lying_fast_breath,t001,"CSI_DATA,18337,1a:00:00:00:00:00,-61,11,-98,16,44,11,128683205,47,2,256,0,""[0,0,0,0,0,0,0,0,0,0,0,0,45,-11,40,-4,47,-7,47,-2,52,-2,49,2,54,-4,54,0,61,-4,61,-2,61,-2,64,-2,68,-4,71,2,68,7,75,0,71,-9,73,2,71,0,66,-4,71,0,82,-9,80,0,82,-2,87,-2,80,-11,78,0,85,-7,82,-11,75,-18,80,-16,75,-21,75,-23,73,-23,82,-30,78,-35,68,-28,71,-37,73,-35,73,-49,71,-45,68,-52,66,-47,68,-59,64,-47,59,-61,66,-54,54,-59,59,-71,64,-68,61,-68,59,-68,64,-66,66,-71,61,-73,56,-73,54,-80,0,0,0,0,0,0,-80,-59,-82,-59,-73,-47,-73,-45,-75,-42,-66,-47,-75,-40,-71,-42,-66,-40,-64,-33,-73,-30,-68,-35,-78,-26,-71,-26,-66,-26,-66,-16,-71,-16,-68,-16,-66,-18,-73,-9,-71,-4,-71,-14,-56,-2,-64,-2,-66,-4,-68,0,-71,2,-66,4,-68,2,-73,9,-66,4,-71,7,-71,4,-73,9,-68,11,-71,4,-71,9,-66,9,-68,9,-68,7,-61,4,-64,4,-66,2,-66,9,-61,0,-61,7,-54,0,-56,4,-52,-2,-52,4,-52,0,-47,0,-54,0,-45,-4,-42,-9,-45,-7,-40,-11,0,0,0,0,0,0,0,0,0,0]"""
1782173642855,2026-06-23T09:14:02.855,warning,breathing,lmh,lying_fast_breath,t001,"CSI_DATA,18338,1a:00:00:00:00:00,-61,11,-98,17,44,11,128689507,47,2,256,0,""[0,0,0,0,0,0,0,0,0,0,0,0,-13,-39,-11,-39,-11,-43,-11,-46,-9,-48,-6,-50,-13,-52,-9,-52,-18,-57,-16,-62,-18,-57,-18,-59,-23,-64,-23,-64,-16,-69,-23,-66,-32,-64,-23,-73,-25,-71,-16,-64,-18,-73,-32,-73,-27,-76,-32,-73,-34,-78,-39,-69,-32,-76,-39,-71,-39,-76,-46,-69,-41,-62,-46,-66,-52,-59,-50,-62,-55,-62,-62,-55,-59,-52,-66,-52,-62,-48,-76,-43,-71,-46,-71,-39,-71,-39,-80,-34,-73,-32,-82,-34,-85,-29,-82,-23,-82,-25,-89,-25,-87,-18,-92,-13,-94,-23,-89,-18,-96,-11,-101,-6,-94,-2,0,0,0,0,0,0,-9,101,-6,101,4,92,4,85,9,89,2,87,6,87,9,87,6,76,9,76,20,76,16,69,23,76,25,71,23,71,29,64,34,69,34,62,27,66,36,59,46,52,41,59,39,55,43,50,41,55,43,55,46,52,50,43,52,50,57,41,52,43,55,43,55,50,55,41,52,39,52,46,59,43,59,41,57,39,55,43,55,34,55,39,57,39,55,39,50,39,50,34,50,34,46,32,41,34,41,32,46,34,36,34,39,32,36,39,29,32,29,32,29,34,0,0,0,0,0,0,0,0,0,0]"""
1782173642866,2026-06-23T09:14:02.866,warning,breathing,lmh,lying_fast_breath,t001,"CSI_DATA,18339,1a:00:00:00:00:00,-61,11,-98,18,44,11,128700874,47,2,256,0,""[0,0,0,0,0,0,0,0,0,0,0,0,-31,-31,-24,-26,-31,-35,-31,-40,-31,-40,-31,-40,-29,-40,-29,-42,-38,-49,-33,-47,-35,-51,-38,-51,-44,-51,-42,-51,-35,-58,-44,-55,-53,-55,-44,-58,-44,-55,-47,-53,-42,-55,-53,-60,-53,-58,-58,-58,-58,-62,-58,-49,-55,-60,-60,-58,-58,-55,-62,-51,-62,-47,-67,-49,-69,-49,-67,-42,-71,-40,-78,-35,-67,-31,-73,-29,-73,-29,-82,-17,-80,-22,-85,-11,-82,-15,-87,-11,-82,-6,-80,-4,-82,-2,-85,0,-87,2,-94,0,-89,4,-94,15,-98,11,-91,8,-100,13,-94,13,-96,20,0,0,0,0,0,0,15,94,11,91,31,89,24,85,33,78,26,80,31,78,24,80,29,73,26,71,35,67,29,67,38,67,35,67,40,62,40,58,51,60,44,60,44,58,49,51,55,42,49,51,51,42,51,42,51,44,55,44,55,40,55,35,60,40,62,26,58,33,62,35,58,31,58,29,62,26,64,38,62,31,64,31,62,31,62,26,58,29,62,31,60,31,60,31,55,31,62,24,53,24,51,29,49,31,49,22,44,29,42,24,44,26,38,29,35,31,35,26,31,26,0,0,0,0,0,0,0,0,0,0]"""
1782173642876,2026-06-23T09:14:02.876,warning,breathing,lmh,lying_fast_breath,t001,"CSI_DATA,18340,1a:00:00:00:00:00,-61,11,-98,17,44,11,128713144,47,2,256,0,""[0,0,0,0,0,0,0,0,0,0,0,0,27,32,27,34,25,41,27,41,25,46,23,41,25,43,27,50,32,50,25,55,29,52,29,57,32,59,32,69,25,69,29,64,32,66,23,73,25,69,32,71,29,69,29,78,29,73,29,73,29,80,36,73,29,78,32,76,29,78,34,71,32,69,36,78,39,76,34,71,43,73,48,69,41,64,50,62,50,71,55,64,57,64,62,59,52,64,64,62,50,57,62,52,62,64,64,50,69,64,69,64,69,62,71,57,69,64,66,64,78,66,73,64,78,57,0,0,0,0,0,0,66,-71,66,-69,57,-66,55,-66,57,-73,55,-62,52,-69,55,-66,52,-59,43,-55,43,-64,43,-55,46,-64,41,-66,41,-55,29,-59,36,-66,36,-66,39,-57,27,-59,27,-66,34,-62,25,-57,29,-64,29,-64,27,-66,25,-59,20,-62,29,-69,18,-66,18,-62,25,-64,29,-71,23,-66,23,-62,29,-66,27,-69,27,-66,29,-62,27,-57,23,-57,27,-57,34,-59,27,-57,29,-52,25,-55,34,-48,29,-55,29,-43,27,-39,36,-39,29,-39,34,-39,36,-39,36,-29,32,-29,36,-25,0,0,0,0,0,0,0,0,0,0]"""
1782173642887,2026-06-23T09:14:02.887,warning,breathing,lmh,lying_fast_breath,t001,"CSI_DATA,18341,1a:00:00:00:00:00,-61,11,-98,16,44,11,128722496,47,2,256,0,""[0,0,0,0,0,0,0,0,0,0,0,0,-30,28,-33,23,-37,33,-37,30,-40,28,-42,28,-37,30,-45,30,-45,35,-47,40,-49,42,-47,40,-49,49,-52,49,-54,47,-54,45,-49,56,-52,47,-56,47,-56,56,-49,49,-56,56,-52,59,-49,61,-56,68,-42,66,-52,61,-47,64,-45,61,-37,75,-35,66,-35,75,-33,75,-30,75,-26,85,-23,78,-14,75,-11,78,-9,78,-2,85,-4,80,7,82,2,85,9,90,4,78,14,82,14,80,23,82,23,85,28,90,30,90,30,78,30,97,30,92,45,92,45,85,45,82,0,0,0,0,0,0,85,-47,78,-54,75,-59,75,-49,68,-52,66,-47,66,-54,64,-54,61,-52,54,-52,52,-56,47,-54,47,-59,49,-61,42,-61,33,-59,35,-66,30,-66,33,-64,26,-66,16,-68,23,-64,21,-66,16,-66,16,-64,16,-71,9,-66,0,-71,9,-71,-2,-68,4,-71,0,-68,0,-68,-4,-71,-2,-68,-4,-73,-2,-68,-7,-68,-4,-71,-4,-68,-7,-64,-2,-68,-7,-71,-9,-66,-7,-66,-7,-61,-4,-56,-11,-59,2,-52,-2,-49,-2,-56,-7,-47,-2,-47,2,-47,0,-45,-4,-42,11,-45,0,0,0,0,0,0,0,0,0,0]"""
1782173642897,2026-06-23T09:14:02.897,warning,breathing,lmh,lying_fast_breath,t001,"CSI_DATA,18342,1a:00:00:00:00:00,-60,11,-98,18,44,11,128733471,47,2,256,0,""[0,0,0,0,0,0,0,0,0,0,0,0,-35,-11,-40,-17,-40,-15,-44,-20,-42,-20,-49,-24,-47,-24,-47,-22,-51,-22,-51,-24,-55,-26,-58,-26,-60,-22,-62,-29,-58,-38,-64,-31,-69,-24,-69,-31,-69,-33,-60,-33,-60,-40,-69,-29,-71,-33,-71,-26,-80,-33,-76,-20,-73,-26,-76,-26,-73,-22,-82,-15,-76,-17,-87,-15,-80,-15,-78,-8,-85,-6,-82,0,-76,-2,-85,11,-85,4,-78,11,-82,11,-78,22,-78,24,-85,29,-82,26,-78,26,-82,26,-78,38,-78,33,-82,38,-78,42,-76,44,-89,47,-82,42,-85,53,-82,55,-73,53,0,0,0,0,0,0,49,78,49,76,58,76,55,69,55,64,53,69,51,62,58,64,53,58,58,58,58,49,51,51,60,44,53,47,60,51,60,40,64,38,58,35,55,42,62,29,69,22,64,31,64,20,62,24,62,26,64,22,60,20,69,13,71,17,69,8,67,15,71,15,64,8,73,8,64,6,76,13,71,8,69,11,71,13,62,6,62,4,69,8,64,8,60,8,60,11,60,8,58,8,60,8,58,15,49,8,51,15,51,13,49,15,44,22,44,15,40,15,40,20,0,0,0,0,0,0,0,0,0,0]"""
1782173642907,2026-06-23T09:14:02.907,warning,breathing,lmh,lying_fast_breath,t001,"CSI_DATA,18343,1a:00:00:00:00:00,-61,11,-98,19,44,11,128744471,47,2,256,0,""[0,0,0,0,0,0,0,0,0,0,0,0,-34,28,-32,30,-39,26,-43,28,-43,26,-45,28,-41,23,-50,23,-50,32,-54,28,-56,28,-56,32,-60,39,-56,34,-63,30,-65,32,-63,39,-71,32,-65,32,-67,34,-78,36,-69,34,-69,39,-69,39,-71,36,-67,41,-69,41,-73,43,-69,39,-67,52,-60,43,-65,50,-65,54,-60,47,-60,56,-58,58,-52,47,-56,63,-56,63,-47,69,-50,67,-47,76,-50,69,-43,76,-45,65,-41,76,-45,73,-34,78,-39,80,-39,89,-39,82,-36,87,-43,89,-52,84,-32,97,-34,95,-26,95,0,0,0,0,0,0,84,32,89,30,87,19,82,23,87,23,84,26,78,17,84,19,76,19,73,21,73,15,71,17,80,10,76,8,76,13,71,4,76,2,71,0,71,8,71,2,69,-6,67,2,63,-6,71,-6,69,-4,69,-8,69,-6,69,-17,73,-10,69,-21,65,-13,71,-19,69,-15,69,-21,63,-19,71,-15,71,-17,67,-15,67,-13,67,-10,63,-15,69,-10,69,-8,67,-13,65,-6,63,-13,60,-8,56,-6,52,-2,56,-4,54,2,47,-2,50,2,45,2,47,4,45,8,43,10,0,0,0,0,0,0,0,0,0,0]"""
1782173642917,2026-06-23T09:14:02.917,warning,breathing,lmh,lying_fast_breath,t001,"CSI_DATA,18344,1a:00:00:00:00:00,-61,11,-98,17,44,11,128755973,47,2,256,0,""[0,0,0,0,0,0,0,0,0,0,0,0,11,39,11,41,9,46,11,50,9,46,6,50,9,55,4,52,11,59,6,57,6,64,6,62,11,66,9,71,0,73,6,71,6,73,4,76,6,76,4,80,6,80,6,80,2,76,9,78,9,85,16,76,6,76,9,82,11,76,18,82,16,71,20,85,23,76,23,80,29,76,29,76,29,69,39,71,36,71,46,73,41,80,46,66,50,69,52,71,46,64,52,62,50,66,52,62,59,62,59,71,66,71,62,64,59,76,59,71,73,64,78,69,71,66,0,0,0,0,0,0,78,-64,71,-64,62,-69,59,-64,57,-69,55,-64,55,-62,55,-66,50,-57,50,-59,41,-64,41,-62,39,-66,46,-64,41,-57,32,-59,34,-73,32,-64,32,-64,23,-64,23,-64,27,-66,18,-62,16,-64,25,-64,20,-71,18,-64,13,-69,18,-69,11,-71,16,-64,16,-66,13,-71,9,-69,13,-64,16,-73,13,-66,9,-66,13,-69,16,-59,13,-59,13,-64,18,-66,18,-64,20,-62,18,-57,18,-52,18,-57,20,-52,20,-48,20,-48,18,-43,20,-43,25,-41,27,-41,25,-39,27,-34,0,0,0,0,0,0,0,0,0,0]"""
1782173642929,2026-06-23T09:14:02.929,warning,breathing,lmh,lying_fast_breath,t001,"CSI_DATA,18345,1a:00:00:00:00:00,-61,11,-98,17,44,11,128766471,47,2,256,0,""[0,0,0,0,0,0,0,0,0,0,0,0,32,-20,39,-23,39,-16,46,-18,46,-16,48,-13,52,-18,52,-13,57,-18,59,-13,64,-16,62,-16,66,-13,66,-13,73,-6,66,-6,76,-16,78,-11,71,-9,76,-2,80,2,80,-2,78,0,82,-6,85,-4,78,-9,82,-2,85,0,80,2,82,-6,76,-4,82,-4,78,-6,78,-2,80,-9,82,-11,76,-13,80,-20,82,-11,78,-20,80,-16,78,-25,80,-20,87,-27,80,-20,80,-23,80,-23,80,-29,82,-27,89,-29,87,-29,87,-34,94,-25,92,-23,94,-27,94,-29,92,-23,0,0,0,0,0,0,-11,-96,-16,-87,-27,-85,-18,-85,-23,-87,-11,-82,-20,-76,-18,-85,-16,-78,-13,-76,-16,-71,-18,-69,-25,-76,-18,-71,-18,-66,-20,-64,-25,-71,-25,-71,-16,-69,-25,-64,-27,-64,-25,-66,-23,-57,-18,-62,-18,-64,-25,-69,-25,-62,-34,-59,-27,-69,-32,-59,-29,-64,-27,-69,-23,-64,-29,-66,-25,-59,-20,-69,-20,-66,-18,-66,-18,-69,-13,-64,-16,-62,-18,-64,-16,-66,-13,-66,-6,-66,-13,-62,-2,-59,-6,-59,2,-55,0,-50,6,-52,6,-46,11,-50,13,-46,9,-46,11,-43,18,-39,0,0,0,0,0,0,0,0,0,0]"""
1782173642940,2026-06-23T09:14:02.940,warning,breathing,lmh,lying_fast_breath,t001,"CSI_DATA,18346,1a:00:00:00:00:00,-61,11,-98,16,44,11,128777471,47,2,256,0,""[0,0,0,0,0,0,0,0,0,0,0,0,42,-18,37,-14,45,-14,49,-14,52,-11,49,-11,52,-9,49,-7,61,-14,59,-14,66,-11,61,-16,66,-16,68,-18,66,-9,68,-16,75,-21,73,-16,71,-14,68,-11,75,-7,71,-21,75,-16,78,-26,85,-21,73,-26,80,-21,82,-28,73,-26,73,-33,73,-28,75,-35,71,-35,66,-37,68,-37,71,-47,64,-45,64,-49,66,-49,61,-59,61,-56,54,-61,56,-64,56,-73,52,-61,49,-66,52,-71,47,-66,45,-75,54,-80,42,-80,49,-82,49,-80,52,-80,45,-87,40,-85,37,-87,0,0,0,0,0,0,-85,-42,-85,-42,-85,-33,-82,-33,-78,-28,-75,-30,-80,-23,-80,-28,-73,-23,-71,-26,-71,-16,-66,-16,-78,-14,-78,-14,-71,-14,-68,-4,-71,-4,-68,-4,-73,-7,-68,2,-71,7,-71,-4,-61,7,-66,9,-66,11,-71,11,-66,7,-66,18,-71,9,-66,21,-66,14,-68,16,-66,16,-66,23,-66,18,-68,21,-68,18,-66,21,-68,16,-68,14,-61,18,-66,18,-64,14,-61,16,-59,11,-54,16,-56,9,-54,14,-54,4,-47,7,-54,2,-47,9,-49,2,-47,2,-47,2,-47,2,-42,-9,0,0,0,0,0,0,0,0,0,0]"""
1782173642952,2026-06-23T09:14:02.952,warning,breathing,lmh,lying_fast_breath,t001,"CSI_DATA,18347,1a:00:00:00:00:00,-61,11,-98,17,44,11,128788471,47,2,256,0,""[0,0,0,0,0,0,0,0,0,0,0,0,-41,4,-41,0,-43,-2,-48,-2,-50,-4,-52,-13,-55,-13,-52,-16,-57,-16,-55,-20,-57,-25,-57,-23,-62,-23,-64,-29,-59,-34,-59,-39,-64,-36,-62,-43,-57,-41,-69,-46,-64,-46,-62,-52,-55,-46,-59,-55,-62,-57,-57,-52,-52,-59,-57,-59,-52,-57,-59,-57,-52,-59,-64,-64,-59,-55,-57,-57,-59,-62,-55,-55,-48,-50,-57,-55,-57,-62,-62,-50,-57,-59,-64,-52,-57,-59,-66,-59,-59,-64,-64,-62,-57,-62,-64,-52,-57,-64,-66,-71,-66,-71,-59,-62,-57,-76,-50,-73,-64,-78,-59,-80,-59,-82,0,0,0,0,0,0,-89,48,-82,46,-82,52,-80,41,-73,43,-76,27,-78,34,-82,36,-76,34,-76,23,-71,32,-64,27,-71,32,-73,27,-71,25,-66,25,-73,32,-64,20,-69,18,-66,23,-64,34,-66,23,-62,23,-69,27,-66,20,-64,18,-69,20,-66,27,-69,18,-62,23,-66,16,-69,16,-71,11,-69,11,-64,6,-76,6,-73,6,-66,6,-73,2,-62,-2,-59,-2,-64,-6,-69,-6,-62,-9,-62,-16,-57,-11,-55,-23,-59,-16,-50,-23,-46,-18,-43,-20,-39,-20,-39,-27,-36,-29,-32,-29,-27,-32,-25,-34,0,0,0,0,0,0,0,0,0,0]"""
1782173642962,2026-06-23T09:14:02.962,warning,breathing,lmh,lying_fast_breath,t001,"CSI_DATA,18348,1a:00:00:00:00:00,-61,11,-98,17,44,11,128801451,47,2,256,0,""[0,0,0,0,0,0,0,0,0,0,0,0,41,-6,41,-2,48,-2,50,4,48,0,52,4,52,6,52,9,57,9,57,13,59,11,64,9,69,11,69,11,69,18,69,20,76,13,71,23,69,23,71,20,62,25,76,27,73,29,76,25,80,25,78,18,76,27,78,27,78,27,78,18,73,18,80,25,80,18,76,18,82,16,82,11,73,11,87,2,82,6,85,2,85,4,80,-4,85,2,89,-6,87,0,82,-4,82,0,87,-4,89,2,94,-9,94,-13,87,-13,96,-11,89,-4,94,-13,96,-6,99,-6,0,0,0,0,0,0,0,-96,2,-92,-6,-92,0,-87,-6,-89,-2,-89,-4,-80,-4,-87,-2,-78,-2,-80,-4,-78,-2,-69,-11,-78,-6,-73,-13,-69,-20,-66,-20,-76,-16,-69,-9,-66,-18,-62,-25,-64,-18,-71,-18,-62,-16,-69,-11,-64,-18,-66,-23,-62,-32,-64,-20,-66,-29,-62,-23,-59,-23,-69,-23,-64,-25,-64,-23,-62,-20,-76,-18,-69,-18,-66,-13,-71,-13,-66,-16,-62,-13,-66,-11,-66,-11,-66,-6,-62,-11,-59,-4,-57,-6,-59,2,-57,0,-50,2,-52,0,-48,11,-48,13,-48,9,-46,16,-39,18,-41,0,0,0,0,0,0,0,0,0,0]"""
1782173642973,2026-06-23T09:14:02.973,warning,breathing,lmh,lying_fast_breath,t001,"CSI_DATA,18349,1a:00:00:00:00:00,-61,11,-98,15,44,11,128810545,47,2,256,0,""[0,0,0,0,0,0,0,0,0,0,0,0,-29,31,-34,26,-31,31,-36,31,-36,34,-41,31,-41,34,-41,34,-46,36,-46,36,-48,41,-46,43,-48,43,-53,43,-53,41,-56,46,-56,53,-58,43,-58,48,-51,51,-51,48,-56,56,-58,56,-56,58,-61,65,-51,58,-56,56,-53,65,-51,58,-43,73,-46,63,-46,75,-43,73,-41,70,-39,78,-29,78,-26,75,-21,78,-26,78,-14,80,-17,78,-7,80,-9,85,-2,92,-7,82,0,82,0,90,4,85,7,87,7,100,9,100,12,92,4,97,7,97,17,100,17,95,24,102,0,0,0,0,0,0,100,-17,87,-19,90,-34,85,-24,80,-26,82,-24,80,-36,85,-34,73,-31,70,-29,65,-34,61,-31,63,-41,65,-41,63,-43,58,-41,56,-51,56,-48,56,-39,48,-46,46,-58,51,-48,39,-48,41,-56,48,-56,39,-53,43,-56,34,-63,39,-63,34,-63,36,-58,34,-61,34,-65,31,-63,29,-58,39,-65,29,-63,29,-63,34,-63,31,-58,26,-56,34,-61,31,-58,26,-56,34,-58,29,-51,31,-51,29,-53,31,-51,26,-46,26,-46,26,-39,24,-41,31,-41,29,-39,26,-31,34,-31,0,0,0,0,0,0,0,0,0,0]"""
1782173642984,2026-06-23T09:14:02.984,warning,breathing,lmh,lying_fast_breath,t001,"CSI_DATA,18350,1a:00:00:00:00:00,-60,11,-98,17,44,11,128821579,47,2,256,0,""[0,0,0,0,0,0,0,0,0,0,0,0,-23,-36,-18,-36,-18,-41,-23,-48,-16,-46,-18,-50,-23,-48,-20,-50,-20,-57,-23,-55,-25,-55,-27,-55,-27,-59,-23,-64,-20,-66,-25,-66,-32,-69,-23,-73,-25,-64,-25,-69,-34,-76,-23,-78,-27,-71,-29,-69,-32,-80,-36,-71,-32,-73,-34,-73,-32,-73,-39,-73,-39,-69,-39,-76,-43,-71,-43,-62,-52,-66,-52,-57,-57,-55,-59,-52,-57,-59,-62,-57,-64,-52,-66,-46,-64,-57,-73,-50,-64,-46,-78,-41,-78,-48,-76,-39,-76,-46,-85,-46,-82,-41,-82,-43,-92,-48,-78,-46,-89,-43,-94,-41,-87,-39,0,0,0,0,0,0,-41,80,-39,87,-29,89,-34,82,-29,85,-34,80,-27,82,-32,85,-25,76,-23,71,-18,71,-16,73,-13,78,-13,76,-11,71,-4,73,-4,76,0,76,-6,71,2,69,11,71,-2,71,6,66,6,66,6,71,6,71,13,69,16,69,16,71,23,64,18,69,18,69,11,73,20,69,16,64,11,69,13,66,18,69,16,69,11,66,16,59,16,69,13,69,13,64,11,66,11,62,9,59,13,57,4,50,6,52,4,50,2,48,0,50,-4,46,-4,46,-6,48,-9,43,0,0,0,0,0,0,0,0,0,0]"""
1782173642994,2026-06-23T09:14:02.994,warning,breathing,lmh,lying_fast_breath,t001,"CSI_DATA,18351,1a:00:00:00:00:00,-61,11,-98,18,44,11,128832534,47,2,256,0,""[0,0,0,0,0,0,0,0,0,0,0,0,31,29,31,33,29,35,29,40,29,42,26,44,29,40,29,47,31,49,29,55,31,58,33,51,38,58,35,58,26,62,33,64,38,67,31,64,31,64,38,69,33,67,33,71,33,64,35,71,38,78,35,67,29,76,38,73,38,73,42,73,35,69,47,73,44,71,40,71,49,69,53,67,47,58,58,60,55,64,60,58,58,60,64,51,64,60,67,62,64,55,64,51,67,53,67,44,73,51,73,60,78,58,76,51,78,60,69,60,82,58,82,55,87,55,0,0,0,0,0,0,62,-80,60,-67,49,-80,49,-69,44,-73,53,-67,49,-71,53,-76,47,-69,42,-62,38,-62,40,-58,35,-67,38,-64,35,-64,33,-62,31,-71,26,-67,33,-62,24,-64,17,-69,26,-69,22,-64,20,-69,24,-67,20,-67,20,-62,13,-69,17,-73,8,-69,15,-60,20,-71,20,-69,15,-69,15,-62,24,-69,22,-69,17,-67,20,-71,20,-62,20,-58,22,-62,26,-64,24,-60,24,-58,20,-55,26,-53,29,-55,26,-47,26,-42,31,-44,24,-40,24,-44,31,-40,31,-31,26,-31,29,-31,0,0,0,0,0,0,0,0,0,0]"""
1782173643007,2026-06-23T09:14:03.007,warning,breathing,lmh,lying_fast_breath,t001,"CSI_DATA,18352,1a:00:00:00:00:00,-60,11,-98,16,44,11,128844291,47,2,256,0,""[0,0,0,0,0,0,0,0,0,0,0,0,4,-42,2,-37,7,-45,14,-49,14,-49,16,-49,18,-49,18,-49,21,-54,28,-52,30,-56,33,-54,35,-61,35,-56,47,-52,47,-61,42,-64,52,-56,52,-56,56,-47,56,-45,59,-52,61,-54,59,-52,68,-54,59,-54,66,-49,68,-49,68,-45,64,-49,66,-45,71,-49,71,-47,68,-42,68,-49,68,-49,64,-47,66,-54,64,-47,64,-52,66,-49,66,-56,68,-49,71,-56,71,-49,68,-52,73,-54,68,-52,71,-49,75,-52,78,-49,78,-52,90,-47,85,-40,92,-54,87,-47,87,-47,0,0,0,0,0,0,-35,-87,-33,-87,-30,-87,-23,-85,-28,-80,-21,-80,-28,-82,-21,-85,-21,-80,-14,-80,-16,-75,-18,-71,-21,-75,-14,-75,-18,-73,-21,-68,-23,-73,-18,-68,-7,-68,-16,-66,-23,-71,-11,-71,-16,-64,-11,-66,-9,-68,-9,-68,-11,-73,-18,-68,-9,-71,-14,-68,-9,-68,-7,-71,-2,-64,-4,-73,-4,-66,4,-75,4,-68,4,-68,9,-71,14,-66,9,-66,14,-64,14,-66,21,-61,21,-64,18,-56,28,-54,23,-54,33,-47,26,-47,35,-40,30,-40,37,-33,35,-35,37,-30,37,-26,37,-18,0,0,0,0,0,0,0,0,0,0]"""
1782173643016,2026-06-23T09:14:03.016,warning,breathing,lmh,lying_fast_breath,t001,"CSI_DATA,18353,1a:00:00:00:00:00,-60,11,-98,21,43,11,128855064,47,2,256,0,""[0,0,0,0,0,0,0,0,0,0,0,0,-34,29,-32,27,-36,23,-41,27,-46,27,-48,23,-43,23,-48,27,-55,29,-57,25,-57,25,-57,25,-62,27,-64,20,-69,11,-71,20,-71,27,-82,23,-69,20,-69,11,-76,11,-76,18,-80,18,-80,20,-80,16,-78,20,-80,13,-82,16,-82,13,-80,23,-76,16,-80,18,-78,20,-78,23,-80,27,-82,29,-73,27,-78,29,-78,29,-73,36,-76,34,-76,36,-76,34,-78,39,-73,34,-78,41,-78,36,-78,43,-78,46,-85,46,-80,43,-85,48,-87,43,-92,39,-89,48,-87,46,-80,46,0,0,0,0,0,0,34,89,39,87,41,80,36,82,39,85,34,76,39,76,32,80,29,69,32,69,36,62,32,69,39,66,32,69,29,66,36,62,39,69,39,62,36,62,36,59,43,55,39,66,36,52,39,52,36,59,36,57,39,55,41,52,39,59,46,55,36,64,41,59,43,64,39,62,36,57,32,59,36,59,34,62,34,64,29,59,34,55,32,62,25,64,25,59,23,59,25,57,11,55,18,59,9,55,11,52,11,55,4,48,2,50,-2,50,-2,48,0,41,-9,46,0,0,0,0,0,0,0,0,0,0]"""
1782173643027,2026-06-23T09:14:03.027,warning,breathing,lmh,lying_fast_breath,t001,"CSI_DATA,18354,1a:00:00:00:00:00,-60,11,-98,21,43,11,128866311,47,2,256,0,""[0,0,0,0,0,0,0,0,0,0,0,0,-46,-4,-39,-4,-43,-9,-46,-11,-48,-9,-48,-13,-46,-9,-55,-11,-59,-13,-59,-11,-62,-16,-59,-16,-69,-11,-73,-13,-66,-18,-71,-18,-78,-11,-76,-20,-71,-11,-71,-6,-73,-16,-82,-11,-80,-16,-78,-9,-85,-9,-78,-2,-85,-6,-85,-6,-85,-9,-80,0,-76,2,-87,4,-85,9,-80,6,-85,18,-82,16,-78,20,-80,29,-78,27,-80,39,-73,32,-78,41,-78,36,-76,48,-71,41,-69,52,-76,46,-66,55,-64,59,-76,64,-69,62,-71,71,-78,62,-73,62,-71,71,-64,76,-64,71,0,0,0,0,0,0,73,64,71,66,76,50,71,59,73,50,71,52,76,48,69,48,73,43,64,43,66,39,69,36,73,34,73,32,69,32,66,20,76,23,71,20,66,23,69,16,71,6,71,13,62,2,66,4,73,9,71,4,71,4,71,-9,71,-2,69,-13,73,-6,73,-11,76,-4,71,-11,69,-9,71,-6,73,-9,71,-11,71,-11,69,-6,64,-9,69,-4,64,-4,66,-11,66,-4,64,-9,57,-4,55,-6,52,-4,48,0,55,4,50,-4,48,-2,46,4,43,4,43,6,41,11,0,0,0,0,0,0,0,0,0,0]"""
1782173643038,2026-06-23T09:14:03.038,warning,breathing,lmh,lying_fast_breath,t001,"CSI_DATA,18355,1a:00:00:00:00:00,-59,11,-98,13,43,11,128876511,47,2,256,0,""[0,0,0,0,0,0,0,0,0,0,0,0,29,31,29,34,31,37,31,40,29,43,29,40,31,43,29,40,34,49,34,46,37,49,43,52,46,52,46,52,43,58,49,55,58,52,52,63,46,55,49,52,46,58,58,55,55,58,60,52,66,58,63,43,63,52,72,55,66,49,69,37,69,37,78,43,72,34,72,34,81,29,84,23,78,20,81,11,84,14,84,5,84,5,84,-5,84,-5,89,-11,87,-5,81,-14,89,-11,78,-26,84,-26,92,-26,89,-29,89,-34,95,-31,89,-34,92,-43,87,-46,89,-49,0,0,0,0,0,0,-49,-89,-49,-81,-52,-78,-52,-75,-52,-78,-52,-66,-55,-58,-55,-66,-58,-58,-55,-58,-55,-46,-49,-49,-66,-46,-60,-46,-58,-43,-63,-34,-69,-31,-66,-31,-66,-31,-66,-26,-72,-14,-66,-29,-60,-17,-60,-17,-63,-17,-66,-17,-69,-11,-69,-2,-75,-5,-72,5,-69,0,-75,2,-72,2,-69,8,-66,2,-75,0,-72,2,-66,5,-75,2,-69,5,-69,8,-63,8,-69,2,-63,8,-63,11,-63,8,-63,5,-60,8,-55,0,-49,5,-49,5,-52,5,-52,-2,-43,0,-49,0,-43,0,-40,-2,0,0,0,0,0,0,0,0,0,0]"""
1782173643049,2026-06-23T09:14:03.049,warning,breathing,lmh,lying_fast_breath,t001,"CSI_DATA,18356,1a:00:00:00:00:00,-60,11,-98,17,44,11,128887470,47,2,256,0,""[0,0,0,0,0,0,0,0,0,0,0,0,-34,-25,-29,-25,-36,-29,-34,-34,-39,-34,-34,-34,-34,-34,-39,-34,-50,-36,-46,-41,-43,-41,-50,-41,-52,-43,-52,-43,-46,-52,-55,-48,-62,-43,-57,-52,-50,-43,-57,-57,-59,-55,-62,-52,-64,-55,-66,-46,-69,-52,-66,-39,-66,-50,-69,-48,-66,-48,-73,-36,-73,-39,-76,-39,-71,-34,-73,-32,-80,-29,-80,-20,-78,-20,-82,-13,-80,-13,-85,-11,-85,-9,-87,2,-80,-4,-94,2,-85,0,-82,9,-92,4,-85,13,-89,11,-96,18,-87,18,-89,23,-99,13,-92,18,-96,27,-92,27,-94,25,0,0,0,0,0,0,25,92,27,96,34,80,29,82,36,82,29,76,34,80,36,82,36,76,32,69,39,62,41,62,48,66,46,64,43,59,52,48,55,55,55,50,48,52,52,43,55,39,57,50,52,36,55,41,55,41,59,39,62,39,62,29,66,36,69,23,62,27,64,32,66,32,62,29,64,29,64,29,64,25,64,23,64,27,62,29,64,23,62,27,62,29,62,25,57,29,57,25,52,27,55,29,48,27,48,25,43,23,48,25,39,25,41,29,39,27,36,25,32,32,0,0,0,0,0,0,0,0,0,0]"""
1782173643059,2026-06-23T09:14:03.059,warning,breathing,lmh,lying_fast_breath,t001,"CSI_DATA,18357,1a:00:00:00:00:00,-61,11,-98,16,44,11,128898470,47,2,256,0,""[0,0,0,0,0,0,0,0,0,0,0,0,2,-42,4,-42,9,-45,18,-45,18,-47,26,-42,30,-45,33,-42,37,-42,45,-37,49,-37,54,-37,56,-40,66,-33,66,-18,71,-18,71,-21,80,-9,71,-4,75,4,80,14,75,11,85,16,78,18,82,26,75,21,73,40,68,42,73,47,68,45,59,54,61,56,59,52,54,64,52,68,59,61,45,71,47,66,52,75,52,66,33,66,35,73,23,90,9,42,30,45,54,82,7,142,64,64,35,99,-21,128,14,11,0,99,-9,99,-125,139,-23,85,-30,82,30,135,0,0,0,0,0,0,-14,78,82,49,66,26,7,-7,73,85,61,75,54,7,26,97,9,59,49,94,40,40,30,97,9,101,40,54,-2,52,-4,64,0,73,-9,73,-23,68,-7,68,-7,64,-23,75,-16,66,-26,64,-30,64,-40,64,-40,56,-37,59,-47,54,-42,56,-49,52,-54,49,-59,40,-54,40,-56,37,-64,28,-68,26,-61,16,-68,14,-68,2,-66,4,-68,-2,-68,-11,-64,-14,-61,-21,-61,-18,-49,-30,-54,-30,-37,-35,-37,-40,-33,-37,-33,-42,-18,-42,-18,-47,-11,-45,-9,-45,7,-40,0,0,0,0,0,0,0,0,0,0]"""
1782173643075,2026-06-23T09:14:03.075,warning,breathing,lmh,lying_fast_breath,t001,"CSI_DATA,18358,1a:00:00:00:00:00,-60,11,-98,17,44,11,128912147,47,2,256,0,""[0,0,0,0,0,0,0,0,0,0,0,0,-41,4,-43,0,-41,2,-52,-4,-50,-6,-43,-9,-50,-9,-52,-11,-64,-11,-59,-18,-62,-20,-64,-18,-66,-20,-64,-20,-62,-27,-66,-23,-69,-27,-71,-34,-64,-32,-69,-41,-71,-43,-71,-32,-66,-41,-71,-43,-71,-50,-71,-36,-66,-48,-69,-46,-69,-46,-69,-36,-64,-46,-71,-48,-71,-46,-66,-41,-71,-48,-73,-39,-66,-41,-71,-39,-71,-43,-76,-34,-73,-39,-80,-34,-73,-36,-85,-41,-69,-41,-78,-36,-76,-43,-78,-36,-85,-39,-85,-50,-85,-43,-80,-41,-87,-55,-78,-50,-92,-55,-85,-52,-85,-48,0,0,0,0,0,0,-69,78,-57,78,-52,78,-52,69,-55,71,-57,64,-52,62,-59,71,-52,59,-52,59,-52,57,-48,55,-48,62,-52,57,-48,57,-46,55,-48,57,-50,52,-50,55,-46,59,-36,59,-55,55,-39,50,-43,55,-43,55,-46,55,-48,50,-43,55,-50,52,-41,55,-46,50,-50,52,-46,52,-46,57,-48,48,-55,48,-52,50,-48,43,-57,43,-55,39,-57,36,-57,34,-64,34,-62,29,-57,27,-55,32,-57,23,-59,25,-52,16,-50,13,-48,11,-48,6,-50,9,-48,0,-50,0,-46,-4,-41,-9,0,0,0,0,0,0,0,0,0,0]"""
1782173643085,2026-06-23T09:14:03.085,warning,breathing,lmh,lying_fast_breath,t001,"CSI_DATA,18359,1a:00:00:00:00:00,-59,11,-98,-6,42,11,128920470,47,2,256,0,""[0,0,0,0,0,0,0,0,0,0,0,0,-326,-174,-39,-337,168,-56,-281,95,174,16,-56,123,-112,84,22,50,-61,56,44,73,-22,33,-84,-28,-123,5,-39,44,78,112,39,56,-112,95,73,-22,-16,89,-50,168,-28,5,-28,78,-11,50,-28,89,-50,84,-22,106,-28,95,-16,89,-28,73,-22,84,5,78,5,78,0,95,-5,73,11,89,0,78,16,67,28,73,11,67,22,67,16,73,39,73,44,73,33,89,33,95,44,67,44,78,28,67,39,61,78,84,50,73,78,101,56,106,33,84,89,106,67,106,73,89,0,0,0,0,0,0,73,-50,84,-56,50,-50,39,-78,44,-78,61,-89,50,-67,44,-61,44,-78,39,-61,44,-73,33,-56,33,-78,39,-56,33,-67,22,-73,16,-78,16,-78,33,-73,11,-61,11,-67,5,-67,0,-67,5,-78,5,-61,0,-73,-5,-67,0,-73,0,-73,-11,-73,-16,-67,-16,-78,-5,-73,-11,-73,-11,-56,-11,-73,-16,-78,-11,-67,-22,-67,-11,-67,-16,-56,-16,-61,-11,-61,-11,-61,-5,-67,-16,-56,-5,-56,-11,-61,-16,-56,-5,-50,-5,-39,-5,-50,0,-39,-5,-61,-5,-44,-5,-50,5,-33,0,0,0,0,0,0,0,0,0,0]"""
1782173643097,2026-06-23T09:14:03.097,warning,breathing,lmh,lying_fast_breath,t001,"CSI_DATA,18360,1a:00:00:00:00:00,-60,11,-98,17,44,11,128932054,47,2,256,0,""[0,0,0,0,0,0,0,0,0,0,0,0,-32,-32,-27,-32,-32,-34,-27,-36,-32,-43,-27,-41,-27,-43,-27,-48,-34,-52,-29,-57,-29,-50,-32,-57,-34,-59,-32,-69,-25,-64,-27,-69,-34,-69,-25,-76,-25,-64,-18,-76,-23,-78,-23,-78,-23,-73,-27,-76,-27,-82,-32,-73,-23,-78,-20,-80,-25,-82,-27,-78,-25,-73,-27,-82,-27,-80,-27,-76,-29,-78,-36,-78,-34,-71,-34,-73,-41,-76,-48,-76,-41,-73,-48,-71,-41,-76,-48,-78,-43,-66,-48,-71,-46,-71,-50,-71,-50,-73,-52,-78,-50,-82,-55,-78,-52,-85,-46,-80,-57,-82,-52,-82,-55,-76,0,0,0,0,0,0,-89,48,-87,46,-82,50,-76,41,-76,48,-73,36,-76,48,-80,46,-78,41,-66,32,-64,39,-62,39,-64,48,-64,41,-64,36,-57,41,-57,46,-59,43,-59,36,-57,43,-52,50,-59,43,-48,41,-50,41,-57,46,-55,46,-55,41,-52,48,-55,46,-46,48,-52,43,-57,48,-62,46,-50,48,-55,41,-59,43,-59,41,-57,39,-64,41,-57,32,-57,36,-59,34,-62,34,-59,29,-55,25,-59,27,-52,20,-57,25,-50,16,-50,11,-48,9,-46,11,-48,6,-46,6,-48,4,-43,2,-41,0,0,0,0,0,0,0,0,0,0,0]"""
1782173643107,2026-06-23T09:14:03.107,warning,breathing,lmh,lying_fast_breath,t001,"CSI_DATA,18361,1a:00:00:00:00:00,-60,11,-98,16,44,11,128943780,47,2,256,0,""[0,0,0,0,0,0,0,0,0,0,0,0,30,30,30,33,30,35,30,40,30,45,30,40,33,42,30,45,37,49,35,45,42,49,42,47,49,49,49,54,37,54,49,54,54,52,49,59,49,59,45,61,42,56,56,52,59,56,61,56,64,59,64,47,64,56,66,52,66,45,71,45,64,45,78,45,73,37,75,33,80,30,80,23,73,21,87,11,80,16,82,4,85,9,82,-2,87,-2,90,-7,90,-7,85,-11,90,-11,82,-18,87,-18,92,-18,90,-26,87,-35,99,-30,99,-30,97,-40,87,-37,90,-35,0,0,0,0,0,0,-45,-87,-45,-82,-47,-78,-45,-78,-49,-73,-45,-73,-49,-66,-52,-73,-49,-61,-49,-61,-49,-59,-47,-59,-59,-49,-54,-49,-59,-47,-64,-37,-66,-37,-61,-37,-56,-37,-66,-28,-68,-26,-64,-30,-64,-23,-61,-23,-64,-23,-66,-21,-66,-16,-71,-9,-71,-11,-71,-4,-66,-7,-68,-11,-64,-4,-73,-4,-66,0,-73,-9,-73,-4,-68,-2,-71,-4,-64,-2,-64,0,-71,0,-68,-4,-64,0,-64,-2,-61,0,-61,0,-56,2,-56,0,-52,0,-52,-2,-47,-4,-42,-7,-47,-7,-42,-7,-45,-7,-40,-7,0,0,0,0,0,0,0,0,0,0]"""
1782173643118,2026-06-23T09:14:03.118,warning,breathing,lmh,lying_fast_breath,t001,"CSI_DATA,18362,1a:00:00:00:00:00,-60,11,-98,17,44,11,128953470,47,2,256,0,""[0,0,0,0,0,0,0,0,0,0,0,0,34,-29,32,-23,32,-29,43,-27,41,-32,43,-25,43,-34,48,-32,50,-39,50,-39,50,-39,48,-36,50,-46,52,-48,52,-43,57,-46,52,-52,59,-52,55,-52,57,-48,59,-50,52,-57,57,-59,57,-64,57,-66,46,-66,50,-66,46,-66,48,-71,39,-73,43,-66,36,-73,36,-82,36,-76,27,-82,25,-82,18,-80,9,-78,13,-85,2,-87,6,-82,-2,-85,-4,-82,-13,-94,-6,-78,-16,-78,-13,-87,-23,-85,-25,-89,-27,-94,-32,-87,-32,-85,-27,-89,-32,-96,-43,-96,-41,-92,-43,-89,0,0,0,0,0,0,-94,46,-87,50,-76,52,-73,50,-76,57,-66,46,-69,55,-69,55,-64,52,-57,52,-52,55,-48,59,-48,57,-46,62,-48,59,-36,59,-34,71,-34,64,-34,59,-32,64,-20,69,-25,66,-20,66,-20,69,-16,69,-16,69,-13,69,-4,69,-9,73,4,64,-4,69,0,69,-4,78,4,76,4,69,0,76,4,73,4,69,2,73,2,64,4,62,6,66,0,69,9,66,4,64,4,64,2,52,4,64,2,52,4,55,0,55,2,48,0,46,0,50,-2,41,0,39,-6,39,0,0,0,0,0,0,0,0,0,0]"""
1782173643129,2026-06-23T09:14:03.129,warning,breathing,lmh,lying_fast_breath,t001,"CSI_DATA,18363,1a:00:00:00:00:00,-61,11,-98,16,44,11,128964520,47,2,256,0,""[0,0,0,0,0,0,0,0,0,0,0,0,28,-30,23,-33,28,-35,33,-40,33,-37,33,-35,37,-37,42,-37,40,-45,42,-45,45,-47,45,-49,45,-56,47,-54,52,-52,52,-54,42,-61,52,-56,47,-54,54,-64,52,-64,49,-64,52,-56,45,-64,52,-68,45,-68,49,-64,47,-71,40,-71,37,-75,37,-68,37,-80,35,-78,30,-78,26,-82,21,-80,21,-73,14,-78,16,-82,9,-82,9,-82,-2,-82,-2,-85,-7,-90,0,-87,-11,-82,-9,-87,-16,-85,-16,-90,-18,-94,-21,-94,-21,-92,-23,-99,-18,-92,-33,-94,-35,-94,-28,-90,0,0,0,0,0,0,-94,28,-97,35,-87,42,-80,35,-78,40,-75,33,-71,42,-80,45,-71,42,-71,40,-66,40,-61,37,-59,47,-56,45,-56,45,-52,47,-49,54,-49,52,-52,49,-40,52,-37,64,-45,56,-33,54,-37,59,-37,56,-35,61,-33,61,-26,64,-33,66,-23,66,-28,61,-30,68,-23,66,-21,68,-23,64,-28,71,-26,64,-16,68,-21,68,-23,66,-21,59,-23,64,-26,61,-21,64,-26,59,-16,59,-26,54,-16,56,-23,47,-21,47,-21,47,-21,42,-23,45,-23,40,-23,42,-21,35,-28,33,0,0,0,0,0,0,0,0,0,0]"""
1782173643139,2026-06-23T09:14:03.139,warning,breathing,lmh,lying_fast_breath,t001,"CSI_DATA,18364,1a:00:00:00:00:00,-60,11,-98,17,44,11,128976181,47,2,256,0,""[0,0,0,0,0,0,0,0,0,0,0,0,41,-4,46,0,46,-2,55,4,48,4,52,6,52,11,48,13,62,6,57,16,62,16,62,16,66,20,66,18,66,29,69,25,76,23,69,32,69,32,73,32,66,32,76,36,71,36,78,36,76,41,73,32,66,39,76,46,71,41,76,39,69,36,78,39,78,36,73,34,80,34,80,25,71,27,82,20,80,29,82,23,78,27,85,16,82,23,87,23,80,18,80,18,87,25,85,16,87,20,96,25,92,23,94,18,92,27,94,32,94,23,101,23,99,27,0,0,0,0,0,0,36,-94,34,-87,27,-94,25,-85,29,-85,29,-82,27,-82,29,-85,27,-73,27,-73,20,-73,25,-69,20,-73,20,-73,25,-71,11,-69,16,-78,20,-71,23,-69,16,-69,11,-71,18,-66,13,-64,16,-66,20,-64,13,-73,13,-66,6,-69,18,-71,4,-69,13,-64,18,-69,16,-71,16,-69,11,-64,23,-71,20,-66,20,-64,25,-66,25,-62,20,-57,23,-64,29,-59,27,-59,34,-57,27,-55,34,-50,32,-48,32,-46,32,-41,34,-34,29,-36,36,-32,34,-32,36,-29,34,-20,43,-23,0,0,0,0,0,0,0,0,0,0]"""
1782173643150,2026-06-23T09:14:03.150,warning,breathing,lmh,lying_fast_breath,t001,"CSI_DATA,18365,1a:00:00:00:00:00,-60,11,-98,20,43,11,128989859,47,2,256,0,""[0,0,0,0,0,0,0,0,0,0,0,0,0,47,-2,45,-2,47,-7,49,-9,52,-11,45,-9,54,-14,54,-16,64,-18,64,-23,59,-21,61,-21,71,-23,66,-28,64,-35,68,-28,71,-35,71,-33,64,-33,73,-35,73,-35,71,-37,73,-35,73,-42,78,-35,73,-45,71,-42,73,-45,71,-35,75,-35,71,-37,78,-33,75,-33,75,-26,80,-28,80,-26,73,-26,80,-28,82,-21,85,-26,82,-21,87,-23,85,-11,90,-18,75,-16,85,-21,90,-11,87,-16,90,-16,97,-14,97,-18,94,-26,94,-23,94,-21,101,-21,99,-14,94,0,0,0,0,0,0,92,23,92,30,94,18,94,23,85,16,80,21,87,18,90,23,82,21,75,18,75,16,75,16,78,14,75,11,68,16,71,9,80,7,71,9,71,14,71,9,73,-2,75,7,66,2,66,7,68,7,68,4,71,4,71,-4,78,4,71,2,68,4,73,0,75,9,71,2,71,2,71,14,73,4,68,9,68,7,66,11,68,16,61,14,66,18,61,18,59,16,61,26,59,21,56,18,49,23,52,26,47,28,45,23,45,23,42,28,33,30,35,33,28,30,0,0,0,0,0,0,0,0,0,0]"""
1782173643162,2026-06-23T09:14:03.162,warning,breathing,lmh,lying_fast_breath,t001,"CSI_DATA,18366,1a:00:00:00:00:00,-61,11,-98,16,44,11,128999062,47,2,256,0,""[0,0,0,0,0,0,0,0,0,0,0,0,30,-30,33,-26,35,-30,40,-30,37,-28,42,-30,45,-30,49,-26,49,-33,49,-35,52,-37,49,-37,56,-47,56,-49,59,-40,56,-42,59,-52,61,-42,56,-49,66,-42,64,-40,61,-52,61,-49,59,-56,66,-61,56,-61,56,-59,64,-59,56,-54,54,-68,54,-52,54,-68,54,-66,45,-66,47,-73,42,-71,30,-66,35,-80,28,-73,26,-85,28,-82,18,-80,26,-82,11,-87,21,-90,16,-85,14,-90,4,-85,9,-87,7,-97,-2,-90,-2,-97,2,-97,4,-94,-9,-104,-9,-101,-4,-97,0,0,0,0,0,0,-99,4,-97,11,-92,16,-87,11,-87,16,-85,11,-82,21,-87,21,-73,18,-80,23,-75,21,-71,21,-71,28,-68,28,-68,26,-59,35,-61,42,-61,42,-64,33,-54,40,-56,47,-61,40,-49,47,-54,49,-52,45,-52,49,-49,45,-42,56,-52,52,-40,56,-45,49,-47,56,-40,49,-40,56,-40,54,-47,61,-45,61,-40,54,-42,59,-40,52,-35,49,-42,56,-40,52,-40,49,-42,49,-35,49,-37,45,-37,45,-37,40,-37,35,-40,40,-33,33,-33,28,-37,35,-30,30,-33,23,-35,23,0,0,0,0,0,0,0,0,0,0]"""
1782173643173,2026-06-23T09:14:03.173,warning,breathing,lmh,lying_fast_breath,t001,"CSI_DATA,18367,1a:00:00:00:00:00,-60,11,-98,16,44,11,129008469,47,2,256,0,""[0,0,0,0,0,0,0,0,0,0,0,0,26,-35,23,-30,30,-35,37,-35,35,-33,40,-33,40,-37,47,-33,52,-35,56,-33,52,-30,54,-35,59,-40,61,-35,66,-23,66,-28,64,-35,75,-28,73,-28,71,-21,71,-16,78,-26,78,-26,78,-26,85,-23,75,-23,80,-18,82,-21,85,-18,82,-21,80,-21,85,-18,82,-18,78,-18,80,-23,75,-21,73,-21,80,-26,85,-23,78,-33,78,-23,78,-35,82,-28,85,-40,80,-28,78,-30,82,-30,78,-37,82,-30,92,-35,87,-37,85,-33,92,-33,97,-26,97,-37,92,-33,87,-30,0,0,0,0,0,0,-16,-94,-16,-97,-26,-90,-18,-87,-16,-87,-11,-82,-16,-82,-14,-92,-18,-82,-7,-78,-11,-78,-7,-73,-11,-80,-9,-75,-14,-75,-16,-71,-21,-78,-11,-71,-9,-75,-14,-68,-18,-66,-11,-71,-14,-64,-9,-68,-14,-68,-14,-68,-16,-66,-21,-66,-14,-68,-21,-68,-14,-68,-11,-73,-9,-68,-11,-68,-9,-71,0,-75,0,-71,0,-68,2,-75,4,-68,2,-59,4,-68,11,-71,7,-64,16,-61,9,-64,14,-56,18,-56,16,-52,18,-52,23,-47,18,-45,26,-37,28,-37,30,-40,28,-33,30,-26,0,0,0,0,0,0,0,0,0,0]"""
1782173643182,2026-06-23T09:14:03.182,warning,breathing,lmh,lying_fast_breath,t001,"CSI_DATA,18368,1a:00:00:00:00:00,-60,11,-98,18,44,11,129020121,47,2,256,0,""[0,0,0,0,0,0,0,0,0,0,0,0,-29,35,-29,33,-38,33,-40,33,-40,31,-40,31,-40,31,-44,31,-51,35,-55,29,-55,29,-55,29,-60,33,-67,29,-64,22,-71,26,-69,31,-78,24,-69,20,-69,17,-73,13,-78,22,-80,17,-78,22,-87,15,-80,22,-82,11,-85,15,-87,11,-78,15,-80,17,-78,15,-80,15,-80,15,-78,22,-85,20,-78,22,-80,26,-82,26,-80,31,-80,24,-85,38,-80,26,-85,38,-76,31,-82,33,-87,33,-76,33,-87,33,-96,33,-87,31,-89,35,-89,29,-98,24,-94,33,-96,29,-94,31,0,0,0,0,0,0,11,91,17,98,22,85,11,87,20,91,13,80,20,87,11,89,8,78,6,76,15,73,11,78,15,80,11,78,13,71,13,71,20,76,13,71,8,69,17,69,22,69,13,69,22,62,15,64,13,71,13,67,17,71,20,64,13,71,22,69,13,64,15,69,11,73,11,69,11,69,6,71,6,71,6,69,6,71,2,71,0,67,-2,69,-6,67,-8,64,-13,60,-6,64,-11,58,-13,58,-13,51,-17,49,-17,49,-22,44,-22,40,-26,47,-26,38,-26,35,-26,33,0,0,0,0,0,0,0,0,0,0]"""
1782173643197,2026-06-23T09:14:03.197,warning,breathing,lmh,lying_fast_breath,t001,"CSI_DATA,18369,1a:00:00:00:00:00,-60,11,-98,16,44,11,129034542,47,2,256,0,""[0,0,0,0,0,0,0,0,0,0,0,0,-35,-26,-33,-26,-28,-28,-33,-37,-33,-37,-30,-45,-28,-42,-30,-49,-35,-52,-26,-56,-26,-59,-28,-61,-26,-61,-26,-66,-16,-71,-21,-78,-23,-75,-11,-80,-11,-73,-7,-73,2,-73,-11,-82,2,-82,0,-82,0,-90,-2,-80,4,-80,7,-90,9,-80,0,-85,9,-78,11,-85,14,-85,7,-80,9,-80,7,-85,9,-80,4,-85,7,-82,4,-87,11,-90,4,-90,11,-87,7,-94,14,-90,11,-87,14,-87,14,-87,11,-87,18,-97,16,-94,18,-92,28,-94,33,-90,21,-99,23,-94,28,-92,0,0,0,0,0,0,-92,-49,-85,-49,-87,-40,-80,-47,-73,-42,-71,-47,-75,-42,-75,-49,-68,-45,-59,-49,-64,-45,-61,-45,-68,-45,-64,-47,-56,-49,-59,-45,-66,-42,-59,-42,-54,-49,-61,-37,-59,-45,-52,-47,-49,-42,-49,-45,-47,-49,-49,-49,-49,-49,-54,-42,-52,-49,-54,-45,-45,-47,-49,-59,-45,-54,-47,-54,-42,-54,-40,-64,-37,-59,-35,-56,-33,-66,-28,-61,-23,-59,-23,-66,-21,-68,-18,-61,-11,-64,-16,-59,-7,-56,-7,-59,0,-52,2,-52,11,-52,2,-49,14,-47,14,-47,18,-42,18,-37,18,-35,0,0,0,0,0,0,0,0,0,0]"""
1782173643206,2026-06-23T09:14:03.206,warning,breathing,lmh,lying_fast_breath,t001,"CSI_DATA,18370,1a:00:00:00:00:00,-60,11,-98,16,44,11,129044626,47,2,256,0,""[0,0,0,0,0,0,0,0,0,0,0,0,28,30,26,35,26,45,23,47,23,45,21,49,26,47,21,52,16,59,18,61,14,64,18,64,18,68,14,68,9,73,7,75,9,75,0,78,-2,75,9,78,-2,73,-2,85,-7,82,-4,80,-9,85,-7,82,-16,82,-11,80,-18,82,-11,82,-14,80,-11,82,-9,87,-11,80,-11,82,-9,82,-11,80,-9,85,-11,85,-4,87,-9,82,-4,85,-9,85,0,92,-9,82,-4,90,-11,90,-9,87,-11,92,-14,94,-11,94,-16,94,-21,99,-26,97,-23,97,-18,97,-18,94,0,0,0,0,0,0,87,40,92,35,87,28,80,37,80,33,75,40,78,33,82,37,73,33,66,42,71,33,61,35,73,35,75,30,66,37,71,30,71,28,64,30,59,30,61,35,68,28,66,35,61,28,61,30,59,35,61,33,61,35,66,28,64,37,61,30,56,35,59,40,56,40,59,42,54,40,52,45,54,47,56,42,56,49,45,49,45,45,42,49,45,52,40,52,35,54,30,54,23,52,30,54,16,47,21,52,14,52,11,42,7,47,9,49,-2,49,0,42,-4,42,0,0,0,0,0,0,0,0,0,0]"""
1782173643216,2026-06-23T09:14:03.216,warning,breathing,lmh,lying_fast_breath,t001,"CSI_DATA,18371,1a:00:00:00:00:00,-60,11,-98,20,43,11,129052469,47,2,256,0,""[0,0,0,0,0,0,0,0,0,0,0,0,-37,18,-40,21,-42,16,-47,16,-47,14,-49,14,-54,14,-52,14,-56,21,-59,14,-64,14,-66,21,-66,21,-68,16,-71,9,-71,18,-75,28,-75,14,-75,11,-73,18,-73,14,-80,18,-80,16,-80,23,-87,16,-80,26,-80,21,-85,23,-75,23,-78,30,-73,26,-87,37,-80,35,-75,37,-73,45,-73,45,-66,40,-71,52,-68,47,-66,56,-68,52,-61,64,-68,61,-64,66,-59,61,-54,68,-61,68,-59,68,-56,71,-59,73,-61,78,-56,78,-59,73,-64,78,-59,85,-54,85,-52,87,0,0,0,0,0,0,80,64,78,54,85,52,78,49,73,45,78,47,73,40,82,45,73,35,73,42,71,33,68,33,80,28,71,30,71,28,73,21,75,18,73,21,71,21,71,16,78,7,73,18,68,9,71,4,71,11,68,4,68,4,71,2,75,4,71,-2,68,0,75,0,71,4,68,-7,68,-2,80,4,71,-2,68,-2,73,4,64,4,64,-2,68,4,66,4,64,0,66,7,59,-2,59,4,59,7,56,11,54,9,52,14,47,7,42,11,42,18,42,14,42,16,37,18,0,0,0,0,0,0,0,0,0,0]"""
1782173643226,2026-06-23T09:14:03.226,warning,breathing,lmh,lying_fast_breath,t001,"CSI_DATA,18372,1a:00:00:00:00:00,-60,11,-98,16,44,11,129065724,47,2,256,0,""[0,0,0,0,0,0,0,0,0,0,0,0,26,37,18,37,21,45,16,47,14,49,9,49,11,52,7,49,9,64,4,64,4,64,2,68,4,73,0,68,-9,71,-9,75,-2,78,-11,82,-11,73,-18,73,-23,80,-18,80,-18,78,-18,78,-26,85,-18,80,-28,75,-33,85,-30,80,-23,78,-30,78,-30,82,-26,80,-28,75,-33,85,-28,82,-30,80,-26,78,-30,82,-26,85,-28,80,-21,90,-28,85,-23,92,-26,78,-23,85,-28,87,-26,85,-26,85,-37,94,-33,87,-33,92,-47,92,-45,82,-37,94,-37,90,-45,97,0,0,0,0,0,0,80,54,90,56,78,42,73,56,75,54,66,59,71,47,73,52,64,52,59,54,59,47,54,47,64,47,56,52,56,52,54,47,61,45,59,40,52,49,56,49,61,42,54,47,49,35,49,45,47,49,49,49,52,47,59,47,56,52,56,45,49,52,52,52,45,56,49,49,45,52,40,59,45,56,37,56,37,61,33,64,30,56,30,61,23,64,23,61,14,59,21,61,9,54,14,61,7,52,4,56,2,52,2,47,-4,47,-9,47,-9,40,-14,45,-16,40,0,0,0,0,0,0,0,0,0,0]"""
1782173643236,2026-06-23T09:14:03.236,warning,breathing,lmh,lying_fast_breath,t001,"CSI_DATA,18373,1a:00:00:00:00:00,-60,11,-98,15,44,11,129074847,47,2,256,0,""[0,0,0,0,0,0,0,0,0,0,0,0,43,9,39,14,43,21,43,24,48,29,41,26,46,26,51,31,53,31,56,34,53,34,56,36,61,36,61,43,58,43,58,48,65,43,58,53,53,51,56,41,56,48,65,56,61,56,63,51,63,61,65,51,61,56,68,53,65,61,68,53,63,51,68,51,70,46,65,46,73,46,75,43,70,41,73,46,75,43,82,41,80,39,85,34,75,36,85,31,75,31,85,26,82,26,85,19,87,29,92,31,92,31,87,29,92,36,100,34,104,36,92,34,95,26,0,0,0,0,0,0,31,-87,34,-97,29,-85,29,-85,29,-90,26,-82,26,-87,29,-85,26,-82,29,-73,17,-73,17,-75,14,-73,17,-80,19,-70,9,-68,14,-78,9,-78,14,-73,9,-70,0,-70,7,-68,2,-65,2,-70,7,-70,4,-73,0,-73,-2,-70,2,-78,-4,-68,4,-70,0,-73,2,-73,2,-75,0,-68,9,-70,4,-75,4,-68,7,-73,4,-68,9,-65,9,-65,17,-65,14,-65,17,-63,12,-61,17,-53,14,-58,17,-46,17,-51,21,-41,17,-46,19,-43,19,-43,26,-39,29,-34,31,-34,0,0,0,0,0,0,0,0,0,0]"""
1782173643247,2026-06-23T09:14:03.247,warning,breathing,lmh,lying_fast_breath,t001,"CSI_DATA,18374,1a:00:00:00:00:00,-60,11,-98,20,43,11,129086130,47,2,256,0,""[0,0,0,0,0,0,0,0,0,0,0,0,-21,40,-26,35,-30,37,-33,35,-40,37,-35,35,-37,35,-40,37,-47,37,-45,40,-52,42,-49,42,-54,47,-59,47,-61,35,-61,47,-66,47,-71,42,-64,37,-66,37,-66,30,-71,40,-75,42,-71,42,-80,47,-66,47,-73,37,-73,40,-80,37,-71,47,-66,45,-68,42,-71,49,-68,45,-71,52,-71,52,-66,47,-66,54,-64,56,-64,64,-66,59,-61,66,-71,56,-61,66,-61,61,-61,64,-61,64,-59,66,-64,68,-66,68,-59,68,-66,75,-75,78,-75,71,-73,78,-61,78,-61,75,0,0,0,0,0,0,73,75,68,66,68,68,64,66,68,64,56,61,64,64,64,64,56,61,52,56,56,54,59,49,59,52,59,54,56,54,59,45,61,45,59,47,54,49,56,42,64,37,56,47,52,35,49,37,54,42,54,37,59,42,64,28,64,42,64,33,56,37,59,37,59,45,59,40,61,35,56,47,59,45,56,42,59,45,49,49,54,42,49,49,49,49,47,42,40,47,45,40,40,47,40,47,28,49,35,42,26,49,28,45,23,45,18,47,18,40,11,40,7,40,0,0,0,0,0,0,0,0,0,0]"""
1782173643259,2026-06-23T09:14:03.259,warning,breathing,lmh,lying_fast_breath,t001,"CSI_DATA,18375,1a:00:00:00:00:00,-60,11,-98,16,44,11,129097469,47,2,256,0,""[0,0,0,0,0,0,0,0,0,0,0,0,40,-14,42,-9,45,-11,49,-9,49,-11,52,-9,54,-14,56,-9,61,-14,64,-14,66,-11,66,-16,71,-16,71,-21,68,-11,68,-18,75,-21,75,-11,71,-18,71,-18,73,-11,80,-28,78,-21,78,-26,82,-26,75,-35,80,-28,82,-28,75,-33,75,-40,73,-33,73,-47,73,-45,64,-47,68,-52,61,-59,56,-52,54,-64,56,-61,52,-71,52,-66,45,-71,47,-71,42,-78,47,-75,40,-78,37,-80,33,-82,28,-82,35,-92,28,-92,28,-92,37,-92,30,-92,28,-106,18,-97,21,-97,0,0,0,0,0,0,-97,-21,-97,-14,-97,-9,-87,-11,-94,-4,-85,-9,-85,0,-87,0,-82,-2,-73,-2,-80,7,-75,4,-78,16,-73,14,-73,11,-68,21,-73,23,-66,21,-71,21,-64,28,-64,35,-66,26,-54,33,-59,40,-61,35,-61,40,-59,37,-52,47,-59,42,-49,49,-54,45,-59,47,-54,47,-47,56,-52,49,-59,54,-49,49,-42,49,-52,52,-52,49,-42,47,-47,47,-49,49,-47,47,-47,40,-45,49,-45,40,-45,40,-40,35,-37,33,-40,35,-40,30,-37,33,-42,30,-42,28,-37,21,-40,18,0,0,0,0,0,0,0,0,0,0]"""
1782173643271,2026-06-23T09:14:03.271,warning,breathing,lmh,lying_fast_breath,t001,"CSI_DATA,18376,1a:00:00:00:00:00,-60,11,-98,16,44,11,129108771,47,2,256,0,""[0,0,0,0,0,0,0,0,0,0,0,0,42,-14,45,-11,42,-11,54,-9,45,-14,49,-11,54,-14,54,-11,61,-16,61,-11,66,-14,66,-16,66,-23,68,-18,68,-14,71,-18,75,-23,78,-16,73,-16,73,-23,68,-16,80,-21,80,-18,80,-26,85,-28,73,-30,78,-23,85,-30,73,-30,73,-37,71,-35,78,-45,71,-40,66,-40,68,-49,73,-52,59,-52,61,-56,64,-61,56,-61,56,-61,49,-71,56,-68,52,-78,54,-71,42,-73,47,-75,42,-75,40,-80,47,-87,40,-87,37,-90,45,-85,45,-85,28,-99,30,-94,28,-97,0,0,0,0,0,0,-99,-30,-92,-28,-94,-23,-90,-23,-90,-23,-82,-18,-80,-14,-94,-16,-85,-14,-82,-16,-80,-7,-78,-9,-82,0,-73,0,-75,0,-73,9,-73,9,-71,9,-71,7,-68,18,-71,23,-73,14,-66,23,-66,23,-68,18,-66,21,-61,23,-61,33,-66,28,-59,37,-66,26,-66,33,-66,33,-61,40,-59,35,-66,35,-64,37,-56,33,-61,33,-61,33,-56,33,-61,35,-59,33,-54,33,-54,23,-54,30,-54,28,-49,30,-52,26,-47,21,-49,18,-45,18,-42,16,-45,16,-52,11,-40,14,-45,4,0,0,0,0,0,0,0,0,0,0]"""
1782173643281,2026-06-23T09:14:03.281,warning,breathing,lmh,lying_fast_breath,t001,"CSI_DATA,18377,1a:00:00:00:00:00,-60,11,-98,20,43,11,129118468,47,2,256,0,""[0,0,0,0,0,0,0,0,0,0,0,0,-40,-7,-45,-11,-47,-9,-49,-9,-52,-11,-49,-11,-52,-11,-54,-14,-59,-9,-56,-16,-66,-14,-66,-11,-68,-16,-68,-16,-68,-23,-71,-14,-80,-14,-75,-16,-73,-18,-71,-18,-71,-28,-82,-11,-80,-16,-80,-11,-87,-14,-80,-7,-78,-9,-87,-9,-78,-4,-85,0,-80,-2,-85,4,-85,4,-80,9,-87,11,-85,18,-78,16,-82,26,-82,28,-80,35,-82,30,-73,42,-78,40,-75,47,-75,45,-73,49,-75,52,-73,54,-68,56,-78,59,-68,64,-68,66,-78,66,-78,64,-73,75,-71,68,-64,68,0,0,0,0,0,0,73,71,66,61,75,56,71,59,68,56,71,52,73,47,75,49,68,47,68,45,68,37,66,40,73,28,68,35,68,33,68,21,75,23,73,18,68,23,71,11,75,9,75,18,66,11,68,4,71,9,71,2,71,2,71,-4,75,0,68,-9,68,-2,75,-4,71,-4,68,-9,68,-4,78,-4,73,-9,71,-9,73,-9,71,-4,68,-9,73,-7,68,-4,66,-7,61,0,61,-9,61,-7,64,-4,52,2,49,-4,52,-2,52,0,47,2,49,4,45,7,45,0,42,9,0,0,0,0,0,0,0,0,0,0]"""
1782173643301,2026-06-23T09:14:03.301,warning,breathing,lmh,lying_fast_breath,t001,"CSI_DATA,18378,1a:00:00:00:00:00,-60,11,-98,16,44,11,129139543,47,2,256,0,""[0,0,0,0,0,0,0,0,0,0,0,0,-23,-40,-21,-40,-21,-40,-21,-47,-16,-47,-11,-49,-14,-49,-9,-56,-14,-59,-11,-59,-14,-64,-14,-64,-11,-66,-11,-68,0,-71,-4,-73,-11,-78,0,-75,4,-78,4,-71,9,-73,-2,-85,7,-75,4,-82,7,-87,0,-80,11,-80,7,-82,7,-82,2,-85,9,-78,7,-90,4,-85,4,-82,0,-87,0,-80,2,-75,-4,-82,-2,-80,-9,-85,-4,-87,-14,-87,-4,-85,-9,-94,-7,-82,-9,-87,-7,-90,-9,-85,-7,-90,-9,-92,-14,-92,-7,-92,-2,-99,2,-92,-11,-104,-14,-104,-7,-99,0,0,0,0,0,0,-94,-7,-97,-7,-97,-2,-87,0,-92,-7,-87,-9,-80,0,-90,-7,-80,-2,-80,-9,-78,-4,-73,-4,-85,0,-75,-2,-78,-9,-68,2,-80,4,-68,2,-73,-4,-66,-2,-71,7,-71,0,-68,7,-68,2,-71,0,-71,2,-71,-2,-71,9,-75,2,-66,7,-68,0,-78,-2,-73,-4,-73,2,-64,-2,-75,-4,-71,-7,-68,-4,-71,-11,-66,-14,-64,-11,-64,-21,-64,-21,-64,-16,-59,-21,-54,-21,-56,-21,-52,-18,-49,-26,-47,-26,-40,-28,-40,-28,-37,-28,-37,-35,-35,-35,-30,-33,-23,-40,0,0,0,0,0,0,0,0,0,0]"""
1782173643313,2026-06-23T09:14:03.313,warning,breathing,lmh,lying_fast_breath,t001,"CSI_DATA,18379,1a:00:00:00:00:00,-60,11,-98,16,44,11,129143868,47,2,256,0,""[0,0,0,0,0,0,0,0,0,0,0,0,21,-40,23,-37,28,-37,33,-37,30,-40,37,-37,37,-42,40,-37,45,-47,42,-40,47,-45,49,-45,49,-47,52,-49,56,-45,56,-45,59,-56,64,-47,56,-45,66,-45,66,-47,71,-45,68,-47,66,-49,73,-45,64,-47,71,-42,73,-49,68,-40,68,-49,64,-45,73,-52,66,-49,66,-49,68,-52,64,-56,56,-52,59,-56,61,-56,56,-64,59,-61,52,-64,64,-68,54,-71,59,-66,54,-68,59,-68,54,-68,56,-71,61,-75,56,-78,56,-78,68,-78,59,-68,64,-82,66,-85,59,-80,0,0,0,0,0,0,-80,-73,-68,-59,-73,-54,-66,-56,-68,-59,-66,-56,-68,-52,-66,-59,-59,-52,-61,-56,-56,-52,-54,-49,-64,-47,-56,-47,-61,-47,-59,-42,-66,-47,-59,-42,-56,-40,-54,-35,-68,-33,-59,-40,-56,-35,-59,-35,-56,-37,-61,-37,-59,-35,-64,-30,-61,-37,-61,-26,-64,-33,-64,-37,-56,-33,-64,-33,-59,-30,-61,-42,-56,-40,-59,-35,-59,-42,-52,-42,-49,-40,-52,-42,-49,-45,-47,-42,-45,-45,-47,-37,-40,-47,-37,-42,-35,-45,-35,-42,-28,-45,-28,-42,-23,-40,-21,-42,-16,-42,-18,-42,-11,-45,0,0,0,0,0,0,0,0,0,0]"""
1782173643323,2026-06-23T09:14:03.323,warning,breathing,lmh,lying_fast_breath,t001,"CSI_DATA,18380,1a:00:00:00:00:00,-60,11,-98,16,44,11,129153669,47,2,256,0,""[0,0,0,0,0,0,0,0,0,0,0,0,40,11,40,11,47,11,49,16,49,16,47,18,52,14,52,16,64,18,59,16,59,18,59,18,71,14,71,16,68,21,73,18,78,11,75,18,71,16,68,11,73,14,82,11,75,11,80,9,90,9,82,-2,80,2,82,2,85,2,82,-9,78,-7,85,-14,85,-11,78,-16,80,-23,82,-28,71,-30,75,-33,75,-37,73,-45,71,-45,68,-54,68,-49,66,-59,61,-52,56,-64,66,-61,56,-66,59,-68,64,-73,54,-78,54,-80,56,-82,56,-75,52,-82,45,-87,45,-87,0,0,0,0,0,0,-90,-45,-82,-37,-92,-23,-85,-28,-85,-33,-78,-30,-87,-21,-87,-23,-82,-16,-73,-16,-78,-11,-73,-9,-82,2,-78,0,-75,-2,-66,4,-75,11,-73,14,-73,7,-71,18,-66,23,-66,23,-59,26,-61,26,-64,23,-68,33,-61,30,-59,37,-61,35,-56,37,-59,37,-61,40,-61,40,-59,42,-54,42,-56,42,-56,47,-52,42,-59,47,-52,42,-45,42,-49,42,-49,40,-49,45,-52,40,-42,42,-47,35,-47,42,-45,35,-40,33,-42,28,-37,33,-37,30,-40,28,-35,28,-35,26,-37,18,0,0,0,0,0,0,0,0,0,0]"""
1782173643334,2026-06-23T09:14:03.334,warning,breathing,lmh,lying_fast_breath,t001,"CSI_DATA,18381,1a:00:00:00:00:00,-61,11,-98,16,44,11,129163281,47,2,256,0,""[0,0,0,0,0,0,0,0,0,0,0,0,45,-7,42,-4,45,-2,49,-4,49,-2,52,0,52,-2,54,-2,61,-4,61,-4,64,-7,61,-7,68,-14,71,-16,71,-4,75,-4,78,-16,73,-7,73,-9,78,-16,78,-16,82,-16,78,-16,78,-23,82,-26,75,-28,78,-28,85,-30,73,-33,75,-40,73,-33,75,-40,71,-47,68,-42,66,-54,68,-49,56,-54,54,-61,54,-64,54,-71,49,-68,42,-66,47,-75,37,-85,45,-73,35,-80,35,-82,26,-82,28,-85,30,-90,21,-94,21,-90,26,-94,18,-92,16,-104,16,-99,11,-97,0,0,0,0,0,0,-101,-9,-97,-11,-97,2,-87,-2,-90,7,-85,2,-90,14,-87,14,-78,16,-85,11,-73,21,-71,14,-75,21,-66,28,-71,28,-64,33,-66,42,-66,37,-66,33,-56,42,-56,49,-56,47,-47,45,-54,47,-52,45,-52,47,-49,52,-37,56,-47,59,-37,59,-40,56,-40,61,-37,59,-35,61,-33,59,-40,66,-35,64,-35,64,-33,64,-35,59,-33,56,-35,61,-33,59,-26,61,-30,59,-26,56,-30,49,-21,56,-30,49,-26,45,-33,45,-21,42,-21,42,-28,40,-26,33,-26,40,-30,35,0,0,0,0,0,0,0,0,0,0]"""
1782173643345,2026-06-23T09:14:03.345,warning,breathing,lmh,lying_fast_breath,t001,"CSI_DATA,18382,1a:00:00:00:00:00,-60,11,-98,17,44,11,129173526,47,2,256,0,""[0,0,0,0,0,0,0,0,0,0,0,0,-36,23,-41,20,-41,20,-48,18,-50,13,-48,11,-50,9,-55,9,-59,9,-59,4,-66,6,-62,4,-71,2,-69,0,-71,-9,-71,-4,-76,-2,-78,-11,-73,-11,-76,-23,-80,-29,-73,-20,-76,-23,-82,-23,-87,-29,-76,-16,-76,-27,-76,-27,-76,-32,-78,-23,-73,-25,-78,-34,-82,-34,-76,-29,-78,-32,-76,-29,-76,-25,-80,-20,-78,-29,-85,-23,-80,-27,-85,-16,-82,-23,-85,-23,-78,-25,-85,-20,-80,-29,-85,-23,-78,-29,-87,-39,-87,-34,-89,-29,-92,-41,-85,-39,-96,-39,-92,-41,-85,-34,0,0,0,0,0,0,-62,82,-50,78,-52,85,-55,80,-48,73,-55,64,-48,76,-59,69,-50,66,-55,57,-50,59,-48,55,-50,64,-50,57,-52,55,-43,55,-48,64,-46,59,-50,52,-43,55,-39,57,-46,52,-41,55,-46,52,-48,52,-50,57,-46,52,-46,57,-55,55,-43,52,-48,48,-52,48,-55,48,-50,52,-48,43,-62,46,-55,43,-55,41,-64,34,-59,34,-52,32,-59,32,-62,27,-55,29,-59,16,-55,23,-50,16,-57,18,-52,9,-52,0,-52,0,-50,0,-48,-4,-48,-6,-46,-11,-41,-9,-39,-20,0,0,0,0,0,0,0,0,0,0]"""
1782173643356,2026-06-23T09:14:03.356,warning,breathing,lmh,lying_fast_breath,t001,"CSI_DATA,18383,1a:00:00:00:00:00,-60,11,-98,16,44,11,129184498,47,2,256,0,""[0,0,0,0,0,0,0,0,0,0,0,0,33,18,37,18,37,26,40,26,45,28,40,28,42,30,47,28,54,33,49,35,54,33,54,33,61,33,61,35,56,37,66,35,71,28,71,35,64,33,61,35,66,40,71,28,73,33,75,30,82,30,80,21,80,28,82,23,82,26,80,16,78,18,85,9,82,4,78,0,85,-4,82,-9,78,-9,82,-14,80,-14,87,-21,80,-26,78,-33,78,-33,78,-45,75,-35,73,-49,80,-45,68,-54,66,-56,80,-61,71,-61,75,-61,82,-64,75,-64,73,-68,64,-73,64,-78,0,0,0,0,0,0,-73,-61,-80,-61,-73,-47,-78,-49,-78,-49,-73,-52,-78,-40,-75,-42,-78,-35,-68,-33,-73,-30,-73,-26,-75,-21,-73,-18,-73,-23,-73,-11,-78,-7,-71,-4,-68,-4,-71,-2,-71,4,-73,4,-61,7,-66,9,-66,9,-66,16,-73,16,-64,26,-71,16,-66,28,-68,23,-68,28,-66,28,-64,33,-61,28,-64,28,-66,33,-59,30,-61,33,-61,28,-56,33,-61,28,-61,30,-61,33,-56,33,-54,30,-56,23,-52,30,-49,23,-45,23,-47,23,-45,26,-47,21,-47,16,-42,14,-45,16,-42,11,0,0,0,0,0,0,0,0,0,0]"""
1782173643366,2026-06-23T09:14:03.366,warning,breathing,lmh,lying_fast_breath,t001,"CSI_DATA,18384,1a:00:00:00:00:00,-60,11,-98,15,44,11,129198672,47,2,256,0,""[0,0,0,0,0,0,0,0,0,0,0,0,41,2,43,9,48,9,51,17,46,17,51,19,51,19,51,21,53,24,56,29,56,29,56,31,63,34,63,36,53,43,56,48,61,46,58,53,58,53,58,48,56,53,56,61,51,53,58,58,56,70,56,56,48,63,56,65,46,65,58,70,46,61,56,70,51,65,51,63,58,63,56,63,51,58,56,61,53,63,58,61,58,68,61,61,58,68,65,61,56,63,56,63,56,65,61,63,56,68,63,73,65,73,58,68,61,80,53,80,61,78,61,85,61,90,0,0,0,0,0,0,90,-46,90,-43,85,-48,78,-41,75,-39,82,-39,78,-39,87,-36,70,-26,75,-26,75,-29,70,-26,70,-34,70,-31,73,-29,61,-31,65,-41,68,-31,63,-29,65,-24,68,-34,68,-24,65,-26,65,-29,70,-26,65,-21,61,-24,63,-29,73,-29,63,-34,63,-26,70,-21,70,-19,75,-21,63,-17,78,-12,73,-14,65,-14,70,-12,65,-2,65,-4,68,0,70,0,65,0,63,4,61,7,58,14,58,12,51,17,51,17,48,17,46,17,43,21,43,21,41,26,36,24,31,29,0,0,0,0,0,0,0,0,0,0]"""
1782173643377,2026-06-23T09:14:03.377,warning,breathing,lmh,lying_fast_breath,t001,"CSI_DATA,18385,1a:00:00:00:00:00,-60,11,-98,15,44,11,129211426,47,2,256,0,""[0,0,0,0,0,0,0,0,0,0,0,0,4,-41,12,-41,17,-46,17,-48,21,-48,24,-43,24,-43,29,-48,31,-51,39,-48,39,-51,34,-51,43,-56,51,-53,58,-41,53,-48,56,-53,63,-46,63,-41,68,-34,75,-31,73,-36,73,-36,70,-34,78,-34,73,-36,78,-31,80,-29,82,-24,80,-31,75,-19,80,-21,82,-21,80,-21,82,-24,78,-24,75,-21,75,-31,82,-26,82,-29,82,-21,80,-26,80,-24,90,-24,82,-21,78,-21,87,-17,82,-26,90,-17,97,-19,92,-14,97,-14,100,-9,95,-7,104,-12,100,-4,97,-4,0,0,0,0,0,0,17,-95,17,-97,9,-92,19,-85,12,-90,19,-82,17,-78,29,-87,21,-78,26,-68,29,-70,26,-68,26,-75,26,-73,24,-68,19,-70,26,-78,31,-73,31,-61,29,-65,17,-70,29,-65,21,-61,31,-61,36,-58,34,-58,34,-65,26,-63,39,-65,31,-61,39,-58,36,-61,46,-58,46,-56,43,-53,53,-51,51,-51,48,-48,56,-46,53,-43,48,-41,56,-36,63,-34,56,-39,58,-29,53,-26,53,-24,58,-19,48,-9,48,-9,53,-4,51,-2,46,2,53,4,43,7,46,9,39,17,0,0,0,0,0,0,0,0,0,0]"""
1782173643387,2026-06-23T09:14:03.387,warning,breathing,lmh,lying_fast_breath,t001,"CSI_DATA,18386,1a:00:00:00:00:00,-61,11,-98,16,44,11,129219228,47,2,256,0,""[0,0,0,0,0,0,0,0,0,0,0,0,7,-42,7,-42,11,-45,16,-45,14,-49,16,-45,21,-49,21,-49,21,-56,21,-56,28,-56,28,-56,26,-64,33,-61,35,-64,35,-66,33,-71,42,-68,35,-59,35,-68,37,-68,45,-71,40,-71,42,-73,45,-71,35,-71,42,-66,42,-73,42,-71,33,-75,37,-66,37,-68,40,-73,33,-71,33,-80,26,-75,23,-73,26,-78,23,-78,21,-87,23,-82,16,-85,18,-78,14,-87,18,-82,16,-82,16,-85,7,-85,11,-92,14,-94,9,-94,14,-92,18,-94,18,-97,11,-99,7,-101,9,-99,0,0,0,0,0,0,-101,-14,-97,-16,-87,-9,-85,-16,-94,-9,-78,-14,-90,-7,-90,-14,-78,-7,-73,-9,-78,-7,-75,-7,-85,-2,-78,0,-73,-4,-73,2,-80,4,-75,7,-71,4,-71,4,-68,14,-71,4,-59,9,-71,11,-66,7,-68,14,-66,9,-71,16,-71,9,-66,21,-66,14,-73,11,-71,14,-68,18,-71,9,-71,9,-73,14,-71,9,-71,11,-68,7,-61,9,-64,0,-68,4,-68,2,-64,-4,-66,0,-56,-9,-56,-2,-52,-7,-54,-4,-52,-9,-47,-7,-47,-14,-45,-11,-42,-14,-42,-18,-35,-26,0,0,0,0,0,0,0,0,0,0]"""
1782173643402,2026-06-23T09:14:03.402,warning,breathing,lmh,lying_fast_breath,t001,"CSI_DATA,18387,1a:00:00:00:00:00,-60,11,-98,16,44,11,129239268,47,2,256,0,""[0,0,0,0,0,0,0,0,0,0,0,0,-42,-4,-45,-7,-45,-7,-49,-14,-47,-16,-45,-14,-52,-14,-49,-21,-59,-21,-54,-26,-56,-33,-56,-28,-64,-33,-59,-35,-56,-37,-59,-37,-64,-37,-61,-49,-59,-45,-54,-49,-52,-56,-59,-54,-54,-56,-56,-56,-61,-64,-59,-52,-54,-64,-56,-59,-54,-66,-52,-59,-54,-59,-56,-61,-59,-59,-52,-56,-66,-59,-61,-54,-56,-56,-59,-56,-64,-61,-68,-56,-61,-59,-64,-54,-59,-56,-71,-56,-56,-54,-64,-52,-64,-54,-71,-49,-71,-64,-71,-68,-68,-66,-73,-64,-68,-73,-61,-71,-73,-73,-71,-68,-68,-75,0,0,0,0,0,0,-80,52,-78,59,-71,56,-75,54,-75,54,-71,42,-73,52,-75,49,-73,45,-64,40,-61,40,-64,45,-64,47,-68,42,-64,37,-52,42,-59,49,-59,45,-59,35,-61,40,-52,45,-66,35,-52,35,-56,40,-59,40,-61,42,-56,40,-56,42,-66,37,-54,42,-59,35,-61,37,-61,35,-64,37,-61,33,-64,30,-64,30,-61,30,-68,30,-66,23,-64,21,-66,16,-68,16,-68,11,-61,7,-61,14,-56,2,-61,4,-52,-2,-52,0,-52,-2,-49,-2,-45,-9,-47,-14,-45,-14,-40,-14,-35,-23,0,0,0,0,0,0,0,0,0,0]"""
1782173643411,2026-06-23T09:14:03.411,warning,breathing,lmh,lying_fast_breath,t001,"CSI_DATA,18388,1a:00:00:00:00:00,-60,11,-98,16,44,11,129239548,47,2,256,0,""[0,0,0,0,0,0,0,0,0,0,0,0,37,26,35,26,37,33,35,30,35,35,28,40,35,35,35,42,40,42,37,52,33,54,33,49,37,56,40,59,30,59,35,66,37,66,35,71,26,64,35,68,30,71,33,75,26,73,26,78,26,85,30,75,21,78,23,78,26,80,28,78,21,73,26,78,26,80,33,75,33,78,30,80,28,71,30,78,30,78,40,78,35,75,42,73,37,71,45,78,33,73,45,80,37,80,49,73,45,78,40,90,45,85,42,82,42,90,35,92,45,92,40,90,45,92,0,0,0,0,0,0,92,-35,94,-26,85,-33,82,-28,85,-33,80,-21,85,-26,80,-21,82,-26,71,-18,73,-23,71,-18,73,-28,73,-23,73,-26,64,-26,73,-28,71,-28,68,-16,68,-28,64,-30,66,-26,59,-28,64,-23,66,-26,66,-26,68,-21,66,-30,71,-21,61,-28,66,-21,64,-23,71,-23,64,-23,66,-18,68,-11,68,-18,66,-21,68,-14,66,-9,64,-11,68,-7,71,-4,68,-2,66,0,61,-2,59,7,64,2,54,9,54,9,49,11,47,11,49,14,47,23,42,23,35,18,35,30,0,0,0,0,0,0,0,0,0,0]"""
1782173643420,2026-06-23T09:14:03.420,warning,breathing,lmh,lying_fast_breath,t001,"CSI_DATA,18389,1a:00:00:00:00:00,-60,11,-98,16,44,11,129250468,47,2,256,0,""[0,0,0,0,0,0,0,0,0,0,0,0,37,21,33,26,35,28,40,37,37,35,33,37,35,40,33,40,40,49,35,52,33,54,33,56,35,59,33,61,26,68,28,66,33,71,23,73,26,66,21,75,16,82,18,75,16,78,14,82,14,82,18,75,7,82,7,85,7,82,16,82,7,78,9,85,11,85,11,85,11,85,11,80,9,75,14,82,11,80,18,87,14,85,21,80,9,87,14,90,9,82,16,80,14,90,14,82,14,94,9,94,9,92,9,94,2,99,2,99,7,99,0,97,7,94,0,0,0,0,0,0,99,14,94,14,94,7,87,11,90,11,78,18,85,11,85,16,80,18,78,18,75,14,71,16,80,18,75,16,71,26,68,11,75,14,71,16,71,21,68,18,73,14,68,21,64,14,68,14,68,18,71,18,66,21,71,16,71,18,71,11,66,28,68,26,64,30,64,23,59,26,61,35,64,30,61,26,61,33,56,40,54,40,52,42,49,45,47,42,42,47,47,45,35,45,35,45,26,42,28,45,26,47,21,40,18,47,18,45,7,45,9,42,0,42,0,0,0,0,0,0,0,0,0,0]"""
1782173643431,2026-06-23T09:14:03.431,warning,breathing,lmh,lying_fast_breath,t001,"CSI_DATA,18390,1a:00:00:00:00:00,-60,11,-98,15,44,11,129261650,47,2,256,0,""[0,0,0,0,0,0,0,0,0,0,0,0,9,43,9,41,9,48,7,51,2,51,2,53,0,56,2,53,7,61,2,63,-2,65,0,65,4,70,9,73,-2,70,-4,73,0,78,-7,75,-2,75,-7,75,-7,70,-2,82,-14,82,-4,85,-7,87,-2,78,-12,80,-4,85,-7,82,2,82,-2,80,0,90,2,85,2,80,2,82,7,82,9,78,14,85,9,87,21,85,17,82,21,80,19,85,29,87,21,82,24,80,21,87,29,80,29,85,34,92,39,92,31,85,31,92,29,92,46,95,41,95,39,90,0,0,0,0,0,0,95,-26,97,-34,92,-43,78,-29,75,-31,78,-29,82,-36,82,-31,75,-31,73,-31,73,-29,68,-26,73,-34,68,-31,63,-31,63,-39,70,-41,65,-39,65,-31,58,-39,53,-43,58,-43,51,-41,58,-43,56,-39,61,-46,56,-41,51,-53,56,-46,51,-48,53,-43,53,-43,56,-51,56,-51,48,-46,61,-46,56,-43,53,-43,58,-46,58,-39,51,-36,58,-39,58,-39,51,-39,56,-31,56,-31,56,-26,53,-26,53,-24,48,-19,51,-14,43,-14,46,-12,53,-9,51,-9,41,-4,43,-2,0,0,0,0,0,0,0,0,0,0]"""
1782173643443,2026-06-23T09:14:03.443,warning,breathing,lmh,lying_fast_breath,t001,"CSI_DATA,18391,1a:00:00:00:00:00,-60,11,-98,19,44,11,129282875,47,2,256,0,""[0,0,0,0,0,0,0,0,0,0,0,0,15,39,13,45,10,47,13,50,8,50,6,54,8,54,6,58,4,58,4,63,4,63,6,65,8,69,6,69,-2,71,2,73,6,76,4,78,2,71,-2,80,-4,84,-8,82,-2,80,0,82,-4,87,4,80,-4,80,-2,82,0,82,8,82,2,78,2,91,6,82,6,82,8,84,15,82,13,78,19,80,19,82,28,80,26,84,30,78,23,80,36,84,28,80,32,78,32,82,39,78,39,80,43,89,47,84,43,80,41,95,36,87,50,91,43,91,45,89,0,0,0,0,0,0,95,-41,91,-36,84,-45,82,-39,78,-39,76,-36,76,-41,80,-39,73,-34,71,-34,67,-39,65,-30,67,-43,67,-39,63,-43,58,-43,63,-47,58,-47,58,-43,54,-43,52,-54,56,-47,52,-47,50,-47,52,-45,52,-47,50,-43,43,-60,52,-52,45,-56,45,-50,50,-52,50,-52,45,-56,43,-50,54,-52,52,-50,50,-47,52,-50,52,-41,50,-45,50,-47,54,-43,50,-41,52,-36,47,-36,45,-36,50,-36,45,-23,45,-23,45,-26,47,-23,45,-19,47,-21,45,-15,41,-13,43,-2,0,0,0,0,0,0,0,0,0,0]"""
1782173643454,2026-06-23T09:14:03.454,warning,breathing,lmh,lying_fast_breath,t001,"CSI_DATA,18392,1a:00:00:00:00:00,-61,11,-98,20,43,11,129288137,47,2,256,0,""[0,0,0,0,0,0,0,0,0,0,0,0,-42,-18,-37,-23,-42,-23,-42,-26,-45,-28,-40,-28,-45,-26,-47,-28,-52,-30,-52,-33,-54,-33,-54,-33,-64,-33,-61,-33,-56,-37,-66,-45,-68,-33,-68,-45,-64,-35,-68,-28,-68,-28,-75,-35,-75,-35,-75,-30,-78,-30,-78,-26,-75,-33,-80,-28,-78,-30,-78,-21,-75,-16,-80,-14,-85,-7,-80,-4,-85,-2,-87,-2,-80,4,-85,11,-82,7,-82,16,-78,18,-87,23,-82,14,-87,30,-80,26,-78,37,-82,35,-80,45,-80,45,-87,47,-78,47,-78,49,-90,47,-85,47,-82,59,-73,56,-82,64,0,0,0,0,0,0,71,73,66,78,66,61,64,64,68,66,59,59,66,56,71,54,64,54,61,49,66,42,59,37,73,35,66,35,64,35,66,26,73,23,66,26,68,26,71,23,73,14,71,16,59,9,68,7,66,7,68,2,71,2,68,-4,75,0,68,-11,66,-2,73,-9,75,-2,73,-7,66,-9,68,-7,71,-14,68,-14,68,-14,68,-9,66,-14,68,-7,66,-7,64,-11,61,-7,59,-7,56,-4,61,-9,49,-4,49,-7,49,-4,47,-4,47,-2,49,-2,49,2,42,2,40,7,0,0,0,0,0,0,0,0,0,0]"""
1782173643465,2026-06-23T09:14:03.465,warning,breathing,lmh,lying_fast_breath,t001,"CSI_DATA,18393,1a:00:00:00:00:00,-61,11,-98,16,44,11,129296138,47,2,256,0,""[0,0,0,0,0,0,0,0,0,0,0,0,-2,-42,0,-42,4,-47,11,-47,11,-47,11,-49,16,-52,18,-49,21,-54,26,-54,33,-59,30,-54,33,-61,40,-59,49,-49,47,-56,40,-59,56,-59,52,-52,59,-42,64,-45,61,-49,66,-52,64,-49,71,-47,64,-52,71,-40,73,-42,73,-37,68,-42,66,-37,73,-37,73,-40,73,-37,75,-40,73,-42,71,-35,73,-40,75,-35,73,-45,75,-35,75,-45,75,-37,80,-45,78,-37,73,-40,80,-37,80,-40,82,-35,87,-37,87,-30,87,-35,92,-26,97,-18,97,-30,94,-26,94,-23,0,0,0,0,0,0,-7,-92,-2,-99,-11,-90,-2,-90,0,-92,0,-87,0,-90,4,-90,7,-80,9,-80,4,-78,9,-73,7,-80,9,-75,9,-73,4,-68,9,-75,14,-71,16,-66,11,-71,4,-71,14,-71,11,-61,18,-66,18,-66,18,-64,18,-68,11,-68,23,-71,14,-68,21,-66,26,-66,30,-68,28,-64,28,-59,37,-59,35,-61,37,-56,42,-59,40,-52,40,-52,45,-49,52,-47,47,-40,47,-37,49,-40,49,-33,47,-30,49,-23,49,-26,49,-18,42,-14,49,-9,42,-7,47,-2,42,2,47,7,0,0,0,0,0,0,0,0,0,0]"""
1782173643475,2026-06-23T09:14:03.475,warning,breathing,lmh,lying_fast_breath,t001,"CSI_DATA,18394,1a:00:00:00:00:00,-61,11,-98,16,44,11,129305473,47,2,256,0,""[0,0,0,0,0,0,0,0,0,0,0,0,-2,42,-9,40,-7,45,-14,45,-11,49,-14,49,-18,45,-21,52,-21,61,-23,59,-26,56,-26,61,-23,66,-28,64,-35,59,-35,66,-33,66,-42,68,-37,66,-42,56,-49,56,-45,68,-47,66,-42,68,-45,71,-40,71,-49,68,-49,68,-52,66,-45,66,-45,64,-42,68,-42,71,-40,64,-37,75,-40,73,-40,71,-33,73,-40,78,-28,87,-35,78,-23,80,-30,78,-23,87,-28,75,-28,82,-28,82,-21,82,-26,87,-26,92,-23,87,-23,92,-33,99,-33,92,-26,99,-28,94,-28,90,0,0,0,0,0,0,90,40,92,35,87,28,85,37,87,35,78,35,78,30,82,33,78,26,68,30,73,26,68,30,73,23,73,26,68,26,71,16,78,11,73,16,68,23,66,18,71,14,68,18,61,9,64,14,71,18,71,9,71,11,68,7,75,11,71,2,71,14,73,14,73,16,68,9,66,14,71,16,68,14,66,18,68,21,66,26,64,21,64,21,66,26,61,23,54,28,59,23,47,30,52,23,47,30,45,30,42,33,37,28,35,33,35,35,30,33,26,35,18,37,0,0,0,0,0,0,0,0,0,0]"""
1782173643485,2026-06-23T09:14:03.485,warning,breathing,lmh,lying_fast_breath,t001,"CSI_DATA,18395,1a:00:00:00:00:00,-61,11,-98,21,43,11,129316467,47,2,256,0,""[0,0,0,0,0,0,0,0,0,0,0,0,36,27,29,25,34,34,34,36,29,39,27,41,27,43,27,48,29,52,29,55,32,55,29,57,34,64,34,64,23,69,23,69,32,66,23,78,18,71,16,69,16,69,23,80,16,80,20,82,18,87,20,78,13,78,16,80,11,80,18,82,13,73,18,87,18,82,16,78,18,85,18,85,20,76,25,80,23,82,29,80,23,82,32,76,25,82,34,89,23,76,29,85,25,85,29,80,29,85,27,89,32,92,27,89,23,96,18,92,29,99,29,96,29,96,0,0,0,0,0,0,103,-9,96,-16,94,-23,89,-13,92,-18,85,-9,85,-16,89,-11,85,-9,76,-6,78,-11,71,-6,78,-16,76,-16,71,-11,69,-11,78,-16,73,-11,71,-4,71,-16,69,-23,71,-9,64,-18,66,-13,69,-9,66,-9,71,-9,71,-23,73,-13,66,-20,66,-6,69,-9,71,-6,69,-11,66,-6,73,-2,69,-9,69,-4,69,0,66,6,64,2,66,9,62,9,64,9,64,11,59,11,55,16,57,16,50,20,48,18,46,25,43,23,41,25,39,29,39,29,32,25,32,32,0,0,0,0,0,0,0,0,0,0]"""
1782173643495,2026-06-23T09:14:03.495,warning,breathing,lmh,lying_fast_breath,t001,"CSI_DATA,18396,1a:00:00:00:00:00,-61,11,-98,16,44,11,129328199,47,2,256,0,""[0,0,0,0,0,0,0,0,0,0,0,0,-7,45,-7,42,-11,45,-16,49,-18,47,-21,49,-16,49,-18,49,-28,56,-28,54,-30,56,-33,54,-30,56,-37,56,-42,54,-45,61,-40,68,-52,61,-45,54,-49,59,-54,61,-52,56,-52,56,-54,59,-61,61,-49,64,-59,54,-61,61,-56,54,-52,59,-52,59,-61,59,-56,61,-54,64,-52,61,-54,66,-49,61,-49,66,-52,64,-47,71,-49,66,-42,75,-52,71,-47,78,-49,68,-47,71,-52,73,-40,73,-47,75,-56,78,-54,78,-47,80,-56,78,-56,78,-54,85,-49,80,-56,75,0,0,0,0,0,0,75,64,78,64,73,54,66,61,68,59,59,59,64,56,68,59,64,59,59,52,56,54,52,49,64,52,59,52,59,52,59,42,61,49,59,45,56,49,56,42,64,37,56,47,54,40,52,40,52,47,56,40,54,40,56,37,54,45,59,37,56,42,59,45,54,47,54,42,54,45,52,52,49,47,47,47,52,52,45,52,45,45,42,54,45,54,37,52,33,54,35,49,30,52,33,49,21,49,21,47,18,52,16,47,14,45,11,47,2,45,2,42,-2,47,0,0,0,0,0,0,0,0,0,0]"""
1782173643507,2026-06-23T09:14:03.507,warning,breathing,lmh,lying_fast_breath,t001,"CSI_DATA,18397,1a:00:00:00:00:00,-61,11,-98,17,44,11,129338467,47,2,256,0,""[0,0,0,0,0,0,0,0,0,0,0,0,25,-34,34,-27,36,-32,39,-29,39,-32,41,-27,46,-29,50,-29,52,-34,50,-34,57,-36,52,-36,55,-39,57,-36,62,-29,69,-34,62,-34,73,-34,64,-32,71,-27,78,-32,73,-27,76,-32,73,-34,76,-36,69,-39,76,-34,76,-34,78,-29,71,-39,69,-36,73,-41,78,-34,69,-36,69,-41,71,-46,64,-41,66,-52,69,-48,64,-57,59,-50,62,-57,64,-52,64,-62,62,-55,62,-64,64,-64,59,-66,62,-64,69,-71,64,-71,64,-69,71,-71,69,-64,66,-73,69,-76,69,-76,0,0,0,0,0,0,-64,-69,-62,-69,-69,-64,-62,-66,-66,-62,-57,-57,-62,-62,-64,-59,-62,-50,-57,-57,-57,-52,-55,-48,-59,-48,-62,-48,-59,-50,-62,-39,-66,-43,-64,-43,-57,-39,-57,-43,-62,-34,-59,-41,-55,-29,-57,-32,-59,-34,-59,-36,-62,-34,-64,-29,-64,-36,-69,-27,-62,-32,-64,-34,-64,-36,-66,-32,-59,-29,-59,-43,-62,-36,-55,-36,-59,-41,-57,-36,-50,-32,-57,-39,-52,-39,-50,-36,-48,-43,-48,-39,-39,-39,-48,-43,-36,-41,-34,-39,-32,-41,-32,-39,-27,-36,-25,-39,-23,-41,-18,-41,-18,-36,0,0,0,0,0,0,0,0,0,0]"""
1782173643517,2026-06-23T09:14:03.517,warning,breathing,lmh,lying_fast_breath,t001,"CSI_DATA,18398,1a:00:00:00:00:00,-61,11,-98,13,45,11,129349545,47,2,256,0,""[0,0,0,0,0,0,0,0,0,0,0,0,-32,27,-29,27,-34,27,-43,27,-43,25,-43,27,-43,27,-46,23,-52,29,-57,23,-57,27,-59,29,-64,29,-66,25,-69,18,-71,23,-71,29,-73,20,-73,13,-73,18,-73,13,-80,13,-76,16,-78,16,-85,13,-78,20,-78,11,-85,16,-80,9,-80,16,-73,11,-87,16,-78,16,-80,13,-82,20,-78,25,-76,25,-80,29,-80,23,-78,32,-78,25,-78,39,-78,32,-82,36,-80,32,-80,34,-82,36,-76,39,-80,32,-89,36,-87,36,-85,41,-94,34,-92,32,-92,41,-92,36,-87,36,0,0,0,0,0,0,25,94,25,89,29,85,27,89,29,87,25,80,23,80,23,82,20,76,20,80,25,66,23,71,25,73,20,71,25,73,27,66,29,73,27,64,23,66,32,64,34,62,27,66,27,59,25,64,25,66,23,64,29,62,34,59,25,64,36,59,29,62,32,64,23,66,27,64,29,59,20,69,23,66,18,62,18,69,18,64,20,62,16,66,9,64,11,62,4,62,11,59,4,57,4,62,-2,52,-2,52,-4,48,-4,48,-11,46,-16,46,-13,43,-16,41,-20,36,0,0,0,0,0,0,0,0,0,0]"""
1782173643527,2026-06-23T09:14:03.527,warning,breathing,lmh,lying_fast_breath,t001,"CSI_DATA,18399,1a:00:00:00:00:00,-61,11,-98,16,44,11,129363269,47,2,256,0,""[0,0,0,0,0,0,0,0,0,0,0,0,37,18,37,21,40,26,45,28,47,28,45,28,45,28,49,33,52,33,52,33,56,33,56,30,59,33,64,35,56,37,61,33,66,30,68,37,64,35,64,42,68,40,73,33,78,33,75,26,75,30,78,18,75,28,80,26,78,26,80,16,80,18,82,11,82,9,75,7,87,2,85,-4,78,-4,85,-11,80,-11,85,-21,85,-18,80,-30,82,-26,80,-40,80,-33,80,-33,80,-37,73,-45,73,-45,78,-47,75,-49,80,-59,87,-54,85,-54,80,-71,78,-64,71,-64,0,0,0,0,0,0,-66,-73,-66,-71,-71,-59,-66,-61,-71,-56,-61,-59,-68,-49,-68,-52,-68,-45,-66,-47,-66,-37,-66,-35,-71,-35,-64,-30,-68,-28,-66,-18,-71,-21,-68,-16,-66,-21,-68,-11,-68,-2,-73,-16,-66,-2,-66,-4,-68,-7,-68,0,-71,2,-68,11,-73,7,-66,16,-66,9,-71,11,-68,14,-66,14,-66,14,-66,14,-71,18,-64,16,-66,18,-66,11,-59,18,-66,16,-64,14,-64,18,-64,11,-61,18,-61,11,-61,16,-52,14,-49,11,-54,4,-52,7,-45,4,-49,4,-42,4,-40,4,-45,0,0,0,0,0,0,0,0,0,0,0]"""
1782173643540,2026-06-23T09:14:03.540,warning,breathing,lmh,lying_fast_breath,t001,"CSI_DATA,18400,1a:00:00:00:00:00,-60,11,-98,16,44,11,129376203,47,2,256,0,""[0,0,0,0,0,0,0,0,0,0,0,0,11,-37,16,-37,16,-42,23,-42,28,-42,26,-42,30,-47,30,-47,33,-54,35,-49,45,-49,40,-49,42,-52,47,-52,47,-47,52,-54,54,-59,61,-47,54,-47,54,-45,56,-45,64,-52,66,-47,68,-45,68,-49,64,-52,68,-45,68,-49,71,-47,71,-49,66,-45,71,-49,64,-49,61,-47,66,-56,64,-54,64,-49,61,-56,64,-54,61,-59,66,-54,59,-61,64,-56,66,-64,59,-54,56,-61,61,-59,54,-64,64,-61,73,-64,68,-66,68,-64,75,-61,78,-64,75,-66,73,-66,75,-61,0,0,0,0,0,0,-54,-80,-56,-78,-56,-66,-49,-71,-52,-75,-45,-71,-47,-73,-52,-80,-42,-66,-37,-64,-47,-59,-40,-59,-45,-68,-42,-64,-42,-64,-45,-59,-47,-56,-45,-56,-37,-61,-45,-54,-47,-52,-40,-61,-40,-49,-42,-52,-45,-54,-47,-52,-42,-54,-49,-54,-42,-61,-45,-49,-40,-54,-47,-64,-40,-59,-40,-56,-37,-56,-37,-61,-37,-61,-35,-54,-33,-64,-30,-61,-23,-59,-23,-61,-26,-61,-21,-61,-16,-64,-18,-59,-14,-56,-14,-56,-7,-52,-7,-49,-4,-54,-4,-49,0,-52,4,-45,4,-45,11,-40,11,-40,0,0,0,0,0,0,0,0,0,0]"""
1782173643550,2026-06-23T09:14:03.550,warning,breathing,lmh,lying_fast_breath,t001,"CSI_DATA,18401,1a:00:00:00:00:00,-61,11,-98,16,44,11,129384313,47,2,256,0,""[0,0,0,0,0,0,0,0,0,0,0,0,26,-33,26,-33,30,-37,30,-37,33,-37,33,-37,37,-37,37,-37,37,-49,37,-47,40,-45,37,-52,42,-56,42,-54,47,-52,47,-54,40,-64,47,-59,45,-56,47,-59,52,-54,45,-64,47,-66,40,-71,45,-73,35,-71,45,-68,40,-71,35,-73,30,-75,30,-71,30,-80,26,-80,23,-75,21,-87,16,-82,11,-78,7,-85,2,-80,-4,-82,2,-82,-9,-82,-11,-87,-18,-92,-14,-85,-18,-82,-18,-85,-26,-82,-28,-87,-28,-99,-35,-87,-35,-85,-30,-92,-28,-90,-47,-92,-47,-94,-47,-85,0,0,0,0,0,0,-92,47,-82,52,-73,54,-73,45,-71,52,-66,47,-66,54,-71,59,-61,52,-61,49,-52,52,-49,54,-47,61,-52,61,-45,59,-37,54,-37,71,-40,66,-40,61,-30,61,-21,71,-30,68,-21,66,-21,64,-23,64,-21,68,-14,68,-9,68,-11,73,-4,68,-9,66,-7,68,-7,71,0,71,-2,66,-7,75,-7,68,0,68,-4,73,-4,66,-2,66,-2,66,-2,68,-2,66,-4,61,2,59,-4,59,-4,64,-7,54,-4,52,-7,49,-4,45,-4,47,-11,47,-14,47,-7,40,-16,37,0,0,0,0,0,0,0,0,0,0]"""
1782173643561,2026-06-23T09:14:03.561,warning,breathing,lmh,lying_fast_breath,t001,"CSI_DATA,18402,1a:00:00:00:00:00,-60,11,-98,18,44,11,129395107,47,2,256,0,""[0,0,0,0,0,0,0,0,0,0,0,0,26,-31,26,-29,33,-31,31,-31,35,-33,44,-33,44,-33,47,-31,47,-40,49,-38,49,-35,51,-42,51,-44,55,-44,58,-35,58,-44,53,-47,64,-47,53,-44,64,-40,64,-35,62,-47,67,-47,60,-53,71,-55,58,-53,60,-49,64,-53,62,-58,55,-58,58,-51,55,-62,55,-64,49,-64,51,-64,51,-69,44,-64,44,-71,42,-71,38,-82,35,-71,29,-80,31,-78,29,-89,31,-73,26,-85,31,-82,17,-82,15,-89,29,-96,15,-91,17,-98,24,-91,24,-96,15,-102,15,-94,13,-100,0,0,0,0,0,0,-96,-20,-94,-17,-89,-4,-85,-11,-94,-13,-82,-13,-85,0,-87,-4,-85,2,-78,-4,-80,-2,-71,0,-78,8,-80,2,-71,6,-71,8,-76,20,-71,20,-67,11,-71,22,-64,26,-71,17,-58,17,-62,17,-62,20,-60,24,-67,29,-58,35,-62,22,-60,33,-62,26,-60,29,-60,29,-62,35,-62,33,-67,31,-64,35,-55,31,-60,29,-62,29,-58,31,-62,26,-62,26,-58,26,-55,20,-55,31,-58,20,-58,24,-51,13,-49,15,-51,13,-49,11,-47,13,-44,8,-47,6,-47,4,-40,2,0,0,0,0,0,0,0,0,0,0]"""
1782173643571,2026-06-23T09:14:03.571,warning,breathing,lmh,lying_fast_breath,t001,"CSI_DATA,18403,1a:00:00:00:00:00,-61,11,-98,16,44,11,129406630,47,2,256,0,""[0,0,0,0,0,0,0,0,0,0,0,0,-28,30,-33,26,-35,30,-40,26,-42,33,-42,28,-42,30,-47,30,-47,30,-54,28,-54,30,-56,37,-54,40,-59,35,-61,35,-66,37,-59,40,-68,35,-61,35,-56,37,-61,33,-66,40,-71,40,-66,45,-71,45,-66,49,-68,42,-68,45,-73,47,-64,52,-61,49,-64,54,-59,56,-54,56,-59,61,-54,66,-49,59,-49,66,-54,66,-47,73,-49,71,-45,80,-42,73,-37,82,-35,71,-33,78,-40,80,-23,80,-30,85,-35,90,-33,85,-30,90,-37,92,-33,90,-33,97,-26,99,-23,101,0,0,0,0,0,0,94,33,97,26,90,21,85,21,87,21,80,18,82,11,90,9,85,14,78,14,78,7,75,9,80,4,78,4,73,4,73,-2,73,-9,75,-4,71,0,71,-9,73,-14,73,-7,61,-18,66,-11,64,-16,68,-18,66,-14,61,-26,68,-18,66,-23,64,-23,68,-23,71,-23,66,-26,64,-23,66,-21,68,-28,68,-26,64,-26,64,-21,59,-23,64,-16,64,-18,61,-18,59,-14,59,-16,59,-11,54,-14,49,-9,49,-9,52,-7,45,-11,47,-4,49,-7,42,2,49,2,45,4,0,0,0,0,0,0,0,0,0,0]"""
1782173643581,2026-06-23T09:14:03.581,warning,breathing,lmh,lying_fast_breath,t001,"CSI_DATA,18404,1a:00:00:00:00:00,-61,11,-98,18,44,11,129415467,47,2,256,0,""[0,0,0,0,0,0,0,0,0,0,0,0,2,-44,4,-42,2,-47,4,-49,0,-47,6,-49,6,-51,6,-53,0,-64,4,-62,0,-64,2,-62,0,-71,-2,-71,4,-73,0,-73,-6,-76,0,-71,-2,-71,-4,-80,-4,-80,-8,-82,-8,-76,-11,-78,-8,-85,-17,-76,-15,-80,-20,-82,-20,-78,-29,-76,-31,-73,-33,-78,-35,-78,-38,-69,-42,-71,-51,-69,-42,-62,-55,-60,-55,-64,-67,-60,-60,-60,-71,-51,-69,-55,-78,-47,-64,-47,-76,-40,-80,-40,-73,-35,-78,-42,-82,-35,-87,-35,-87,-29,-98,-35,-87,-31,-98,-26,-105,-17,-91,-17,0,0,0,0,0,0,-20,98,-15,98,-2,91,-4,94,2,87,-2,85,0,82,2,89,4,80,4,78,11,76,17,73,22,78,17,71,20,73,31,64,33,69,29,64,29,64,38,60,47,51,38,60,35,51,42,53,40,55,47,53,49,47,53,44,53,53,55,38,53,47,55,42,55,47,62,40,55,35,62,44,58,35,60,35,60,35,58,38,58,26,55,31,55,42,55,31,53,40,55,31,49,26,53,26,42,31,42,24,42,26,38,26,38,31,40,29,38,29,31,26,33,26,0,0,0,0,0,0,0,0,0,0]"""
1782173643594,2026-06-23T09:14:03.594,warning,breathing,lmh,lying_fast_breath,t001,"CSI_DATA,18405,1a:00:00:00:00:00,-61,11,-98,15,44,11,129427695,47,2,256,0,""[0,0,0,0,0,0,0,0,0,0,0,0,-39,-26,-34,-24,-39,-31,-36,-39,-31,-36,-31,-36,-31,-41,-24,-43,-36,-51,-34,-53,-31,-56,-29,-56,-36,-61,-34,-68,-19,-63,-31,-73,-29,-68,-17,-75,-17,-65,-19,-73,-12,-65,-19,-82,-12,-80,-14,-80,-12,-85,-17,-82,-7,-82,-7,-85,-9,-82,-14,-78,-7,-80,-9,-85,-4,-82,-4,-78,-12,-90,-12,-82,-12,-75,-19,-80,-12,-85,-19,-87,-14,-85,-19,-85,-9,-82,-19,-92,-12,-80,-19,-80,-12,-87,-19,-87,-17,-87,-14,-95,-17,-97,-14,-95,-7,-97,-2,-95,-14,-104,-12,-95,-9,-95,0,0,0,0,0,0,-100,-9,-102,-9,-90,2,-92,-7,-92,-7,-80,-12,-87,-7,-85,-9,-85,-12,-73,-12,-75,-12,-75,-17,-82,-9,-75,-12,-68,-14,-70,-9,-75,-4,-75,-12,-70,-14,-68,-12,-68,-4,-75,-12,-65,-7,-68,-9,-68,-14,-73,-14,-68,-14,-70,-7,-68,-17,-68,-7,-63,-17,-68,-17,-68,-19,-65,-12,-68,-19,-68,-24,-68,-21,-68,-21,-65,-29,-58,-34,-56,-31,-58,-31,-58,-36,-58,-34,-51,-36,-51,-36,-41,-36,-48,-39,-31,-39,-34,-41,-29,-39,-26,-36,-26,-41,-24,-43,-21,-41,-17,-41,-7,-46,0,0,0,0,0,0,0,0,0,0]"""
1782173643603,2026-06-23T09:14:03.603,warning,breathing,lmh,lying_fast_breath,t001,"CSI_DATA,18406,1a:00:00:00:00:00,-61,11,-98,15,44,11,129437589,47,2,256,0,""[0,0,0,0,0,0,0,0,0,0,0,0,41,9,41,12,46,14,46,17,46,24,46,26,46,26,48,29,56,31,53,39,56,36,53,36,58,43,56,43,48,46,56,53,58,48,53,56,48,58,51,53,41,56,51,65,46,61,53,65,53,70,53,61,46,68,48,68,48,68,53,63,43,70,51,68,51,68,46,65,51,70,53,68,48,58,53,58,58,63,61,63,56,65,61,56,58,63,63,68,58,61,58,61,58,65,61,63,61,65,65,73,65,73,65,68,63,80,61,78,73,78,61,78,63,85,0,0,0,0,0,0,87,-53,85,-56,78,-56,78,-46,80,-48,73,-41,75,-43,78,-41,75,-41,68,-34,70,-34,61,-31,68,-39,73,-39,63,-36,58,-39,65,-43,65,-39,63,-36,61,-39,56,-41,63,-34,56,-36,63,-34,63,-36,63,-34,58,-34,58,-39,65,-39,53,-41,58,-34,65,-31,63,-36,61,-34,61,-29,68,-29,68,-26,68,-24,70,-26,68,-17,63,-19,63,-17,68,-14,68,-12,61,-7,63,-9,58,-2,63,-4,53,4,51,2,51,9,48,4,46,7,48,17,43,17,43,17,41,24,0,0,0,0,0,0,0,0,0,0]"""
1782173643614,2026-06-23T09:14:03.614,warning,breathing,lmh,lying_fast_breath,t001,"CSI_DATA,18407,1a:00:00:00:00:00,-61,11,-98,16,44,11,129449598,47,2,256,0,""[0,0,0,0,0,0,0,0,0,0,0,0,42,14,37,16,45,14,45,21,45,26,42,21,47,21,49,21,59,23,59,26,61,18,59,26,68,23,68,21,61,28,66,30,73,21,73,30,66,28,66,23,66,26,78,26,75,28,78,23,85,26,80,18,82,23,80,16,78,21,78,9,78,9,80,11,80,4,80,4,85,0,87,-4,78,-7,80,-14,85,-11,85,-23,78,-18,82,-30,82,-28,82,-37,78,-30,78,-40,80,-37,73,-47,75,-49,85,-52,75,-52,82,-56,82,-52,80,-52,80,-66,71,-68,66,-68,0,0,0,0,0,0,-61,-75,-68,-73,-61,-59,-64,-66,-71,-64,-61,-54,-66,-54,-68,-56,-66,-47,-59,-52,-61,-40,-64,-40,-71,-37,-66,-37,-66,-33,-66,-26,-73,-26,-68,-26,-64,-26,-68,-23,-71,-14,-71,-18,-59,-9,-66,-7,-68,-9,-66,-9,-73,-4,-73,2,-71,-2,-73,4,-68,0,-71,4,-71,0,-71,7,-68,7,-71,2,-71,2,-64,4,-68,4,-71,4,-66,4,-64,7,-66,2,-64,7,-59,0,-61,4,-59,0,-59,4,-52,0,-52,2,-52,0,-49,-2,-45,-4,-52,0,-42,-2,-45,-7,-42,-9,0,0,0,0,0,0,0,0,0,0]"""
1782173643633,2026-06-23T09:14:03.633,warning,breathing,lmh,lying_fast_breath,t001,"CSI_DATA,18408,1a:00:00:00:00:00,-61,11,-98,16,44,11,129470818,47,2,256,0,""[0,0,0,0,0,0,0,0,0,0,0,0,14,-40,21,-37,18,-42,26,-40,23,-42,28,-45,30,-42,35,-45,40,-54,37,-47,37,-49,35,-49,42,-54,42,-54,54,-45,52,-54,52,-56,56,-52,49,-52,59,-47,64,-52,54,-52,64,-52,64,-52,66,-54,59,-56,64,-49,66,-54,68,-49,59,-54,64,-49,66,-54,64,-56,54,-54,61,-59,56,-64,56,-59,56,-61,59,-59,52,-66,54,-66,49,-73,54,-64,49,-75,49,-59,45,-66,49,-66,45,-71,52,-75,54,-80,49,-75,54,-78,61,-80,64,-73,54,-82,56,-85,56,-82,0,0,0,0,0,0,-75,-66,-75,-66,-78,-59,-66,-59,-68,-56,-59,-54,-66,-54,-66,-59,-61,-54,-49,-59,-56,-49,-56,-49,-64,-47,-59,-47,-59,-52,-54,-37,-66,-42,-56,-37,-54,-42,-61,-40,-64,-33,-59,-42,-52,-28,-56,-33,-56,-40,-59,-40,-61,-35,-59,-30,-61,-42,-64,-33,-56,-40,-61,-40,-54,-42,-59,-35,-54,-35,-56,-42,-56,-40,-54,-37,-59,-45,-52,-45,-49,-40,-52,-45,-45,-47,-45,-45,-37,-45,-45,-45,-35,-45,-33,-45,-28,-45,-28,-42,-26,-45,-26,-45,-23,-42,-18,-49,-11,-42,-9,-40,-4,-42,0,0,0,0,0,0,0,0,0,0]"""
1782173643643,2026-06-23T09:14:03.643,warning,breathing,lmh,lying_fast_breath,t001,"CSI_DATA,18409,1a:00:00:00:00:00,-61,11,-98,19,44,11,129470926,47,2,256,0,""[0,0,0,0,0,0,0,0,0,0,0,0,39,17,36,17,41,23,41,26,39,30,41,28,43,32,43,39,52,34,43,41,45,41,47,39,52,50,52,45,43,58,47,58,54,54,45,58,45,56,50,63,52,60,47,67,50,60,50,63,54,73,52,60,45,69,50,69,47,71,50,60,45,63,52,69,52,65,52,63,58,65,56,60,52,56,56,60,65,58,69,56,58,60,67,50,63,54,73,56,60,50,67,50,65,56,71,50,76,56,71,60,76,60,76,54,76,63,69,60,80,63,76,63,80,60,0,0,0,0,0,0,69,-67,71,-73,58,-73,60,-65,60,-65,56,-56,56,-65,58,-69,58,-63,50,-56,45,-56,50,-54,50,-60,54,-58,43,-54,34,-58,43,-67,39,-60,47,-58,39,-60,36,-63,41,-56,30,-56,36,-58,39,-60,36,-56,39,-63,30,-58,36,-65,30,-63,34,-60,41,-60,39,-60,34,-63,34,-56,41,-58,43,-58,41,-54,41,-60,45,-54,39,-50,43,-52,47,-52,47,-43,50,-41,41,-45,47,-30,45,-41,41,-26,43,-26,45,-26,41,-26,41,-23,43,-21,41,-15,39,-15,45,-10,0,0,0,0,0,0,0,0,0,0]"""
1782173643653,2026-06-23T09:14:03.653,warning,breathing,lmh,lying_fast_breath,t001,"CSI_DATA,18410,1a:00:00:00:00:00,-61,11,-98,15,44,11,129483359,47,2,256,0,""[0,0,0,0,0,0,0,0,0,0,0,0,36,26,31,31,36,29,36,36,36,36,31,41,36,36,26,43,41,46,34,46,41,51,41,46,48,48,46,53,36,58,46,56,48,56,46,61,46,63,41,63,34,70,51,65,43,63,51,65,53,70,53,61,48,63,53,65,48,63,61,61,48,58,65,68,61,58,56,56,63,56,63,51,63,46,73,43,70,51,75,41,75,46,78,31,82,41,82,39,80,36,82,26,78,31,87,29,82,26,90,34,92,29,90,24,92,36,95,34,97,29,100,24,100,31,0,0,0,0,0,0,36,-100,26,-87,17,-92,24,-87,17,-82,19,-85,19,-78,19,-90,17,-82,17,-75,9,-78,12,-70,4,-80,9,-75,7,-73,-4,-73,-4,-78,-4,-73,2,-73,-4,-70,-12,-70,-4,-70,-12,-68,-9,-70,-9,-70,-9,-70,-7,-65,-17,-68,-12,-70,-24,-68,-17,-63,-17,-70,-19,-70,-21,-70,-17,-63,-14,-75,-17,-70,-17,-68,-14,-73,-9,-63,-12,-61,-12,-65,-7,-68,-9,-63,-7,-65,-9,-58,-7,-56,-2,-61,0,-56,-4,-48,-2,-56,2,-46,0,-46,4,-46,9,-48,9,-41,9,-41,0,0,0,0,0,0,0,0,0,0]"""
1782173643664,2026-06-23T09:14:03.664,warning,breathing,lmh,lying_fast_breath,t001,"CSI_DATA,18411,1a:00:00:00:00:00,-61,11,-98,17,44,11,129492821,47,2,256,0,""[0,0,0,0,0,0,0,0,0,0,0,0,-34,23,-39,20,-39,18,-43,20,-48,20,-46,16,-46,23,-50,23,-50,20,-55,20,-62,18,-59,23,-64,25,-69,23,-69,11,-71,18,-69,25,-73,18,-66,16,-76,23,-69,20,-82,20,-76,20,-80,25,-78,20,-76,25,-78,18,-80,20,-80,23,-73,29,-71,25,-78,29,-71,36,-71,34,-78,36,-76,39,-66,39,-71,43,-71,48,-71,55,-66,48,-64,57,-66,48,-66,55,-64,52,-59,57,-64,62,-57,62,-57,64,-64,66,-64,69,-64,73,-69,69,-71,66,-66,73,-64,80,-62,76,0,0,0,0,0,0,66,69,69,66,71,55,69,55,69,59,59,52,69,57,69,55,62,50,59,50,62,43,66,43,66,41,64,41,59,41,62,34,71,34,64,29,59,36,66,29,66,23,62,32,62,20,62,23,69,23,69,23,66,23,66,16,66,20,66,11,66,18,69,18,66,25,64,18,64,20,69,23,66,20,64,16,69,18,64,23,64,18,64,27,59,25,59,23,55,25,59,23,50,27,52,25,43,27,46,25,43,29,43,23,41,25,36,32,32,27,32,27,25,34,0,0,0,0,0,0,0,0,0,0]"""
1782173643675,2026-06-23T09:14:03.675,warning,breathing,lmh,lying_fast_breath,t001,"CSI_DATA,18412,1a:00:00:00:00:00,-61,11,-98,16,44,11,129503466,47,2,256,0,""[0,0,0,0,0,0,0,0,0,0,0,0,37,-23,42,-21,42,-18,45,-21,47,-18,47,-18,49,-23,52,-18,56,-26,54,-21,59,-23,59,-23,59,-30,64,-30,66,-23,64,-26,66,-40,71,-33,66,-30,73,-33,78,-35,66,-33,73,-33,71,-45,75,-45,66,-47,68,-42,73,-47,66,-45,66,-52,64,-47,64,-56,61,-56,56,-59,59,-61,52,-64,47,-59,42,-71,40,-68,37,-73,37,-75,30,-78,35,-80,23,-85,28,-80,26,-80,26,-80,14,-80,18,-85,16,-90,18,-97,11,-97,18,-99,18,-94,7,-97,2,-101,2,-99,0,0,0,0,0,0,-97,2,-90,0,-99,7,-87,0,-82,9,-85,4,-80,9,-92,11,-78,16,-80,11,-73,18,-68,23,-71,28,-71,26,-68,23,-61,30,-71,40,-61,37,-64,30,-61,33,-59,49,-56,37,-47,40,-54,42,-52,45,-52,42,-52,47,-45,49,-52,47,-45,56,-45,49,-45,54,-42,52,-37,56,-42,54,-45,59,-45,56,-40,59,-37,56,-42,52,-35,47,-42,52,-37,52,-37,49,-40,45,-35,47,-40,45,-33,42,-37,37,-37,40,-35,35,-30,33,-30,35,-40,28,-33,33,-30,30,-35,26,0,0,0,0,0,0,0,0,0,0]"""
1782173643686,2026-06-23T09:14:03.686,warning,breathing,lmh,lying_fast_breath,t001,"CSI_DATA,18413,1a:00:00:00:00:00,-61,11,-98,17,44,11,129514536,47,2,256,0,""[0,0,0,0,0,0,0,0,0,0,0,0,-41,-9,-41,-13,-43,-13,-43,-18,-46,-20,-46,-23,-46,-23,-48,-25,-52,-23,-55,-29,-57,-27,-59,-25,-62,-25,-64,-27,-62,-34,-64,-36,-73,-29,-66,-32,-62,-34,-71,-29,-73,-34,-69,-39,-76,-36,-73,-29,-78,-36,-76,-25,-73,-32,-78,-29,-76,-29,-78,-20,-76,-23,-80,-23,-78,-18,-78,-20,-85,-11,-82,-11,-78,-4,-80,0,-80,-2,-85,4,-82,4,-85,11,-82,11,-85,18,-82,13,-78,18,-87,16,-85,25,-85,27,-92,23,-87,29,-89,34,-96,29,-92,27,-92,36,-92,34,-92,41,0,0,0,0,0,0,34,87,39,92,41,78,32,85,41,82,34,71,39,73,48,76,41,69,39,66,46,62,39,66,50,62,46,59,43,52,48,52,55,55,50,52,46,52,52,50,57,39,50,50,48,39,48,41,55,48,55,41,59,39,59,27,62,36,62,23,59,34,62,34,66,34,66,29,55,29,59,34,59,32,57,29,62,32,55,36,57,27,57,32,55,34,57,29,52,34,52,32,50,29,52,29,43,27,43,27,39,29,39,29,39,32,39,29,32,29,32,29,32,36,0,0,0,0,0,0,0,0,0,0]"""
1782173643696,2026-06-23T09:14:03.696,warning,breathing,lmh,lying_fast_breath,t001,"CSI_DATA,18414,1a:00:00:00:00:00,-61,11,-98,16,44,11,129526429,47,2,256,0,""[0,0,0,0,0,0,0,0,0,0,0,0,21,37,21,35,26,42,21,40,23,45,23,45,23,47,26,49,26,56,26,54,28,52,33,54,37,56,35,64,30,61,30,68,37,64,35,68,35,64,33,61,28,64,42,71,40,68,45,61,47,71,49,64,49,68,52,66,47,71,52,61,52,56,54,59,59,59,56,59,68,56,68,52,64,42,71,42,73,45,80,40,75,37,78,30,82,30,85,28,75,28,80,23,85,26,87,11,87,18,92,21,90,14,99,14,97,18,94,14,101,9,101,7,92,9,0,0,0,0,0,0,7,-97,4,-94,-9,-87,-4,-87,-9,-97,-7,-90,-9,-82,-9,-90,-9,-82,-9,-71,-14,-71,-14,-68,-26,-75,-18,-73,-18,-68,-28,-64,-33,-71,-33,-68,-26,-66,-33,-64,-40,-56,-37,-64,-37,-45,-33,-54,-37,-56,-42,-54,-42,-52,-49,-45,-47,-54,-52,-45,-49,-49,-49,-49,-47,-54,-52,-45,-49,-45,-49,-49,-49,-47,-49,-47,-52,-47,-47,-45,-47,-40,-49,-42,-45,-47,-49,-45,-42,-45,-42,-37,-37,-40,-42,-40,-33,-33,-35,-35,-35,-37,-33,-33,-28,-37,-28,-37,-26,-35,-28,-33,-21,-37,0,0,0,0,0,0,0,0,0,0]"""
1782173643707,2026-06-23T09:14:03.707,warning,breathing,lmh,lying_fast_breath,t001,"CSI_DATA,18415,1a:00:00:00:00:00,-61,11,-98,16,44,11,129536489,47,2,256,0,""[0,0,0,0,0,0,0,0,0,0,0,0,30,-23,40,-23,42,-28,45,-28,45,-21,45,-26,49,-26,42,-21,54,-33,54,-33,54,-33,52,-35,56,-42,56,-40,61,-35,61,-37,61,-45,64,-40,59,-42,61,-42,64,-42,59,-54,64,-49,61,-56,61,-56,54,-54,54,-52,61,-61,54,-56,49,-64,47,-56,52,-73,45,-68,40,-71,40,-78,30,-75,30,-71,26,-78,28,-80,16,-78,18,-85,7,-78,11,-85,2,-92,9,-85,-2,-82,-2,-87,-14,-82,-9,-82,-11,-92,-11,-90,-18,-90,-9,-92,-16,-94,-21,-99,-26,-92,-26,-92,0,0,0,0,0,0,-92,28,-92,26,-85,40,-80,35,-78,33,-78,33,-71,40,-80,42,-71,40,-68,40,-64,45,-56,40,-59,49,-54,49,-56,49,-49,49,-47,59,-42,54,-47,54,-40,56,-33,59,-42,56,-28,61,-28,59,-33,61,-28,64,-21,64,-18,71,-23,71,-11,66,-18,61,-18,71,-14,66,-14,71,-16,66,-14,73,-16,71,-7,68,-11,73,-11,64,-7,64,-9,66,-7,66,-9,64,-9,59,-7,59,-14,56,-9,59,-14,56,-9,49,-9,52,-9,47,-11,45,-11,45,-11,37,-11,40,-18,40,0,0,0,0,0,0,0,0,0,0]"""
1782173643719,2026-06-23T09:14:03.719,warning,breathing,lmh,lying_fast_breath,t001,"CSI_DATA,18416,1a:00:00:00:00:00,-61,11,-98,17,44,11,129547466,47,2,256,0,""[0,0,0,0,0,0,0,0,0,0,0,0,4,-43,6,-41,11,-46,13,-48,11,-46,20,-46,18,-52,20,-52,25,-55,27,-57,27,-57,29,-57,29,-59,34,-62,43,-52,41,-57,43,-66,46,-57,43,-57,46,-55,43,-55,50,-62,52,-55,57,-59,59,-62,50,-62,57,-57,59,-59,59,-57,52,-62,55,-57,62,-69,55,-62,52,-59,57,-64,55,-62,48,-59,46,-71,52,-66,48,-71,55,-69,41,-73,50,-73,48,-76,52,-69,43,-69,52,-76,48,-71,52,-78,55,-76,50,-80,50,-78,62,-80,62,-73,55,-82,55,-82,57,-78,0,0,0,0,0,0,-71,-66,-69,-59,-76,-57,-66,-59,-64,-59,-62,-59,-59,-52,-62,-62,-59,-52,-55,-57,-55,-52,-50,-50,-62,-48,-50,-48,-55,-50,-55,-46,-59,-46,-52,-43,-48,-46,-57,-43,-59,-39,-52,-50,-52,-39,-50,-41,-50,-43,-55,-41,-52,-43,-59,-41,-52,-46,-57,-39,-50,-46,-55,-48,-50,-43,-55,-41,-50,-43,-50,-50,-46,-50,-46,-43,-43,-55,-41,-52,-39,-50,-43,-55,-36,-52,-36,-50,-29,-59,-29,-50,-25,-55,-27,-50,-20,-52,-18,-48,-13,-50,-13,-48,-9,-46,-9,-43,-4,-52,0,-46,2,-41,0,0,0,0,0,0,0,0,0,0]"""
1782173643729,2026-06-23T09:14:03.729,warning,breathing,lmh,lying_fast_breath,t001,"CSI_DATA,18417,1a:00:00:00:00:00,-61,11,-98,12,45,11,129559829,47,2,256,0,""[0,0,0,0,0,0,0,0,0,0,0,0,-4,-42,2,-40,7,-47,11,-49,9,-49,14,-49,11,-49,16,-54,23,-56,26,-56,28,-56,30,-56,33,-61,40,-59,42,-52,49,-54,45,-61,54,-56,52,-47,56,-52,61,-54,64,-49,61,-54,61,-49,68,-47,61,-52,66,-42,71,-47,75,-37,68,-42,68,-37,73,-40,73,-40,71,-37,71,-45,71,-42,68,-40,68,-45,73,-40,73,-45,73,-40,73,-45,73,-40,78,-42,73,-37,73,-42,80,-40,73,-42,78,-35,85,-35,85,-33,85,-35,90,-33,92,-28,94,-28,90,-26,92,-21,0,0,0,0,0,0,-4,-94,-7,-97,-11,-82,-7,-87,-4,-92,2,-82,4,-85,4,-85,7,-78,4,-73,0,-73,0,-71,2,-78,7,-75,9,-73,2,-71,4,-78,9,-71,14,-64,7,-71,2,-68,14,-71,9,-61,11,-64,14,-64,14,-68,9,-66,11,-66,18,-71,9,-66,18,-64,18,-66,28,-66,23,-61,23,-59,35,-59,35,-61,30,-56,35,-56,35,-54,33,-54,40,-52,45,-47,47,-42,49,-37,45,-37,47,-30,47,-30,42,-26,45,-23,47,-21,42,-21,45,-11,45,-4,42,-4,37,-4,37,0,0,0,0,0,0,0,0,0,0,0]"""
1782173643740,2026-06-23T09:14:03.740,warning,breathing,lmh,lying_fast_breath,t001,"CSI_DATA,18418,1a:00:00:00:00:00,-61,11,-98,17,44,11,129570624,47,2,256,0,""[0,0,0,0,0,0,0,0,0,0,0,0,34,-27,29,-27,36,-23,41,-25,41,-23,43,-25,46,-27,50,-20,52,-25,59,-20,59,-18,59,-23,69,-25,64,-20,71,-9,69,-13,71,-23,78,-13,73,-11,73,-6,71,-2,78,-13,76,-9,80,-6,89,-6,78,-11,80,-4,85,-4,78,-2,85,-11,78,-6,85,-9,85,-11,76,-11,85,-16,85,-16,76,-13,85,-20,80,-16,85,-18,82,-18,78,-27,82,-25,89,-27,85,-20,80,-25,80,-27,78,-27,82,-27,92,-25,89,-20,89,-25,94,-23,89,-13,99,-25,96,-25,92,-23,0,0,0,0,0,0,-9,-94,-9,-94,-18,-89,-13,-89,-13,-82,-4,-82,-9,-85,-9,-89,-6,-82,-4,-78,-11,-76,-11,-69,-16,-78,-9,-76,-6,-73,-11,-71,-13,-76,-9,-66,-6,-69,-11,-69,-20,-66,-13,-64,-13,-59,-16,-66,-11,-66,-13,-69,-16,-69,-18,-66,-13,-66,-18,-64,-11,-66,-13,-71,-11,-69,-16,-66,-11,-66,-6,-71,-4,-64,-6,-69,-2,-71,-2,-66,-2,-62,2,-66,9,-66,4,-64,13,-59,4,-57,13,-55,13,-55,13,-52,16,-48,23,-50,18,-43,23,-43,23,-39,27,-39,25,-36,27,-32,0,0,0,0,0,0,0,0,0,0]"""
1782173643752,2026-06-23T09:14:03.752,warning,breathing,lmh,lying_fast_breath,t001,"CSI_DATA,18419,1a:00:00:00:00:00,-61,11,-98,17,44,11,129581761,47,2,256,0,""[0,0,0,0,0,0,0,0,0,0,0,0,-41,9,-39,9,-46,4,-48,2,-50,-2,-46,-2,-50,0,-50,-4,-64,-6,-57,-6,-66,-11,-59,-11,-66,-9,-69,-18,-69,-23,-64,-23,-73,-20,-71,-34,-62,-32,-66,-29,-66,-32,-73,-36,-71,-39,-71,-39,-73,-48,-69,-32,-64,-43,-69,-46,-66,-48,-71,-41,-59,-39,-69,-43,-71,-41,-66,-41,-76,-41,-76,-36,-69,-39,-73,-39,-76,-43,-78,-39,-73,-36,-78,-32,-76,-34,-80,-39,-69,-32,-80,-36,-80,-29,-78,-36,-82,-41,-82,-46,-80,-43,-82,-39,-78,-52,-80,-50,-89,-52,-85,-50,-82,-48,0,0,0,0,0,0,-62,76,-62,76,-55,76,-50,71,-57,73,-52,62,-52,64,-62,66,-52,62,-52,57,-43,57,-46,52,-50,62,-50,57,-50,55,-43,55,-46,59,-46,55,-50,52,-41,52,-36,57,-46,52,-39,50,-43,50,-50,50,-46,52,-43,52,-41,52,-50,55,-39,55,-46,50,-50,48,-55,50,-46,48,-46,46,-55,46,-52,46,-52,39,-59,41,-57,39,-55,34,-57,32,-64,29,-57,29,-57,25,-55,27,-55,20,-57,20,-48,9,-50,13,-52,6,-48,9,-52,2,-48,0,-43,-2,-41,-9,-34,-11,0,0,0,0,0,0,0,0,0,0]"""
1782173643763,2026-06-23T09:14:03.763,warning,breathing,lmh,lying_fast_breath,t001,"CSI_DATA,18420,1a:00:00:00:00:00,-61,11,-98,18,44,11,129591555,47,2,256,0,""[0,0,0,0,0,0,0,0,0,0,0,0,-40,11,-42,2,-47,6,-53,0,-49,-2,-49,-2,-53,-8,-51,-8,-60,-4,-58,-11,-62,-13,-58,-11,-67,-13,-69,-22,-64,-26,-64,-22,-71,-22,-67,-31,-69,-26,-64,-38,-69,-42,-71,-31,-67,-38,-73,-35,-71,-44,-71,-33,-67,-40,-69,-40,-69,-44,-71,-35,-62,-33,-73,-44,-71,-44,-69,-40,-71,-42,-73,-38,-64,-33,-78,-33,-73,-35,-76,-31,-73,-42,-76,-24,-76,-38,-85,-31,-80,-33,-76,-29,-78,-33,-78,-31,-82,-31,-87,-42,-89,-29,-87,-31,-85,-49,-82,-40,-91,-38,-96,-44,-82,-38,0,0,0,0,0,0,-55,85,-53,80,-44,85,-44,76,-44,76,-44,71,-44,71,-49,76,-44,67,-49,62,-44,64,-44,58,-44,67,-42,58,-42,62,-33,58,-38,71,-38,55,-44,62,-35,58,-29,62,-42,60,-31,58,-38,55,-35,55,-42,55,-35,53,-33,62,-38,60,-33,64,-35,55,-42,60,-42,53,-42,60,-38,51,-53,58,-47,53,-47,51,-51,51,-49,44,-44,42,-49,47,-55,42,-53,42,-51,31,-47,33,-47,31,-53,29,-49,24,-49,17,-47,17,-40,17,-44,8,-44,13,-47,8,-38,4,-42,-2,0,0,0,0,0,0,0,0,0,0]"""
1782173643774,2026-06-23T09:14:03.774,warning,breathing,lmh,lying_fast_breath,t001,"CSI_DATA,18421,1a:00:00:00:00:00,-61,11,-98,17,44,11,129610437,47,2,256,0,""[0,0,0,0,0,0,0,0,0,0,0,0,29,-32,29,-27,32,-32,39,-27,41,-29,41,-29,43,-29,46,-27,50,-36,48,-34,50,-32,46,-39,55,-39,57,-41,64,-34,59,-41,55,-46,69,-36,62,-36,64,-34,66,-34,66,-43,69,-41,66,-46,69,-50,62,-50,69,-43,69,-48,66,-48,62,-50,59,-43,64,-50,62,-55,57,-55,59,-62,57,-59,50,-57,48,-64,50,-64,46,-73,48,-71,41,-76,46,-71,41,-76,43,-73,39,-78,39,-80,32,-78,34,-82,32,-87,32,-92,29,-94,41,-89,36,-85,32,-99,25,-94,23,-92,0,0,0,0,0,0,-94,-36,-89,-32,-89,-20,-85,-27,-87,-20,-80,-25,-85,-16,-82,-20,-78,-18,-76,-13,-73,-16,-71,-16,-80,-11,-78,-6,-76,-4,-69,0,-76,6,-73,2,-73,-4,-71,2,-64,11,-69,-2,-62,11,-62,9,-64,6,-69,13,-66,11,-69,20,-69,16,-62,23,-64,13,-71,13,-66,18,-69,18,-62,13,-71,18,-69,18,-64,18,-66,16,-69,13,-64,13,-66,9,-69,9,-66,13,-57,9,-59,9,-57,4,-52,6,-55,0,-52,6,-52,0,-50,2,-48,2,-46,-6,-43,-4,-41,-4,-43,-11,0,0,0,0,0,0,0,0,0,0]"""
1782173643785,2026-06-23T09:14:03.785,warning,breathing,lmh,lying_fast_breath,t001,"CSI_DATA,18422,1a:00:00:00:00:00,-61,11,-98,16,44,11,129613700,47,2,256,0,""[0,0,0,0,0,0,0,0,0,0,0,0,11,-37,18,-37,18,-37,23,-45,21,-42,23,-42,28,-45,35,-42,35,-47,35,-47,42,-47,35,-52,40,-56,45,-54,47,-47,47,-54,47,-64,49,-52,52,-54,45,-49,54,-47,52,-56,56,-52,56,-56,61,-64,49,-61,56,-54,59,-61,54,-56,56,-66,52,-56,56,-66,52,-61,47,-61,52,-68,47,-66,40,-61,40,-73,40,-71,37,-78,40,-73,30,-73,37,-78,35,-85,35,-78,30,-80,37,-80,26,-78,30,-82,33,-85,28,-87,26,-94,35,-90,35,-90,28,-99,28,-99,28,-90,0,0,0,0,0,0,-90,-40,-80,-35,-90,-28,-82,-33,-75,-28,-80,-28,-75,-23,-85,-28,-78,-26,-78,-28,-73,-21,-68,-21,-73,-21,-71,-21,-73,-16,-68,-14,-78,-11,-73,-9,-66,-16,-68,-11,-68,-2,-68,-9,-64,-4,-68,-4,-66,-9,-66,-7,-66,-4,-68,2,-71,-2,-68,4,-66,-2,-75,-4,-68,-2,-71,-2,-66,-2,-75,-9,-71,-9,-66,-7,-68,-7,-66,-14,-64,-7,-66,-11,-64,-14,-61,-11,-59,-18,-61,-9,-59,-16,-56,-14,-52,-21,-49,-21,-42,-23,-42,-21,-40,-21,-45,-26,-37,-21,-37,-26,-30,-30,0,0,0,0,0,0,0,0,0,0]"""
1782173643795,2026-06-23T09:14:03.795,warning,breathing,lmh,lying_fast_breath,t001,"CSI_DATA,18423,1a:00:00:00:00:00,-61,11,-98,16,44,11,129624465,47,2,256,0,""[0,0,0,0,0,0,0,0,0,0,0,0,-4,42,-4,40,-11,47,-14,47,-14,47,-14,47,-16,47,-21,49,-18,54,-23,56,-33,56,-28,56,-28,64,-33,64,-40,54,-42,61,-40,66,-52,61,-45,54,-45,61,-45,54,-56,59,-54,61,-49,66,-59,61,-47,61,-56,61,-59,61,-56,56,-52,59,-54,56,-56,64,-52,56,-49,61,-52,68,-52,66,-47,56,-45,68,-47,68,-45,68,-52,68,-40,75,-49,75,-47,80,-45,71,-42,73,-45,71,-40,73,-52,78,-52,80,-42,78,-42,82,-59,80,-61,75,-52,85,-52,87,-59,82,0,0,0,0,0,0,71,66,68,59,71,49,68,59,71,59,61,61,64,56,61,54,61,52,52,56,54,45,54,49,66,49,59,49,56,47,59,40,59,47,59,40,52,45,56,37,64,35,56,47,54,37,54,40,52,45,54,42,59,37,61,33,56,42,59,37,54,40,59,45,56,45,54,42,52,40,52,47,52,47,47,42,49,47,45,49,45,49,40,52,42,52,37,49,37,54,40,47,30,52,28,49,21,45,21,47,16,49,16,45,11,47,7,47,7,45,2,40,-2,45,0,0,0,0,0,0,0,0,0,0]"""
1782173643805,2026-06-23T09:14:03.805,warning,breathing,lmh,lying_fast_breath,t001,"CSI_DATA,18424,1a:00:00:00:00:00,-61,11,-98,17,44,11,129636161,47,2,256,0,""[0,0,0,0,0,0,0,0,0,0,0,0,43,0,39,2,43,4,50,9,48,4,48,13,48,11,50,20,57,16,59,18,59,20,62,18,69,23,66,25,64,32,64,29,69,29,64,41,62,34,64,34,59,39,69,41,66,39,69,41,71,50,69,36,64,43,69,46,66,48,73,41,62,41,71,50,73,43,69,46,73,43,73,36,69,32,76,34,78,41,78,32,78,34,78,27,78,32,85,29,73,29,78,27,85,29,78,25,85,32,94,29,89,32,89,32,89,39,89,43,92,36,94,34,99,29,0,0,0,0,0,0,41,-82,46,-87,34,-87,43,-76,39,-78,39,-76,36,-73,41,-78,39,-71,39,-64,32,-66,32,-64,32,-73,32,-69,34,-64,25,-64,23,-71,23,-66,32,-62,27,-64,16,-66,27,-64,20,-64,23,-59,29,-66,25,-64,23,-62,18,-66,23,-66,16,-69,23,-62,27,-69,25,-66,20,-64,23,-57,29,-59,32,-66,32,-62,32,-62,34,-55,29,-55,34,-55,41,-55,39,-52,39,-48,36,-46,39,-43,39,-48,36,-32,43,-34,39,-29,34,-32,39,-23,43,-25,39,-16,39,-16,41,-13,0,0,0,0,0,0,0,0,0,0]"""
1782173643817,2026-06-23T09:14:03.817,warning,breathing,lmh,lying_fast_breath,t001,"CSI_DATA,18425,1a:00:00:00:00:00,-61,11,-98,16,44,11,129646465,47,2,256,0,""[0,0,0,0,0,0,0,0,0,0,0,0,-9,-40,-7,-42,-4,-42,-7,-49,0,-52,4,-52,4,-49,9,-54,11,-59,14,-56,18,-64,16,-59,16,-64,21,-68,30,-61,28,-61,30,-71,35,-64,40,-56,40,-66,40,-64,47,-61,47,-61,49,-64,56,-61,45,-64,59,-54,59,-56,61,-59,56,-59,54,-52,61,-59,56,-56,59,-56,61,-56,59,-56,59,-52,56,-59,59,-54,61,-59,61,-59,52,-66,64,-61,66,-66,64,-54,59,-61,64,-61,61,-59,66,-56,73,-59,75,-59,71,-59,82,-54,80,-52,85,-59,85,-49,80,-49,0,0,0,0,0,0,-37,-87,-30,-85,-42,-85,-35,-80,-23,-82,-23,-82,-26,-78,-26,-85,-18,-78,-14,-78,-18,-73,-14,-68,-21,-75,-14,-71,-11,-73,-16,-68,-16,-73,-11,-68,-9,-71,-11,-66,-21,-73,-7,-73,-14,-64,-9,-66,-7,-66,-4,-66,-2,-66,-11,-66,-2,-68,-9,-68,-2,-68,0,-71,2,-68,0,-71,7,-61,11,-71,14,-71,14,-64,16,-73,18,-61,21,-61,21,-61,30,-61,26,-56,35,-52,30,-49,35,-49,35,-52,37,-37,33,-40,37,-35,40,-33,37,-28,45,-23,40,-16,40,-18,42,-9,0,0,0,0,0,0,0,0,0,0]"""
1782173643828,2026-06-23T09:14:03.828,warning,breathing,lmh,lying_fast_breath,t001,"CSI_DATA,18426,1a:00:00:00:00:00,-61,11,-98,17,44,11,129658472,47,2,256,0,""[0,0,0,0,0,0,0,0,0,0,0,0,-36,11,-41,16,-41,6,-50,9,-48,4,-50,4,-52,-2,-55,-2,-57,-2,-57,-4,-62,-6,-62,-9,-66,-4,-71,-9,-69,-23,-64,-18,-73,-16,-69,-25,-66,-25,-73,-34,-71,-39,-66,-34,-64,-34,-76,-29,-73,-41,-76,-29,-66,-41,-73,-41,-66,-43,-76,-36,-64,-39,-78,-43,-71,-43,-64,-46,-73,-43,-73,-43,-64,-36,-73,-32,-73,-43,-78,-36,-78,-43,-71,-32,-78,-39,-82,-39,-76,-43,-78,-39,-78,-41,-73,-34,-76,-46,-82,-48,-85,-41,-78,-41,-82,-57,-73,-55,-89,-52,-85,-62,-78,-57,0,0,0,0,0,0,-71,71,-66,71,-62,71,-59,66,-55,62,-62,59,-59,55,-71,59,-59,59,-59,52,-55,48,-52,43,-57,52,-62,46,-55,43,-52,50,-55,55,-52,50,-55,41,-48,46,-48,55,-52,43,-48,50,-52,46,-57,43,-57,43,-50,39,-50,46,-57,46,-48,43,-55,41,-59,41,-57,39,-59,43,-52,32,-66,36,-66,36,-57,29,-66,29,-59,23,-59,20,-62,20,-64,18,-59,18,-66,6,-57,11,-57,6,-59,9,-55,-4,-50,-4,-50,-6,-46,-2,-46,-11,-43,-16,-48,-13,-39,-16,-36,-18,0,0,0,0,0,0,0,0,0,0]"""
1782173643838,2026-06-23T09:14:03.838,warning,breathing,lmh,lying_fast_breath,t001,"CSI_DATA,18427,1a:00:00:00:00:00,-61,11,-98,18,44,11,129668678,47,2,256,0,""[0,0,0,0,0,0,0,0,0,0,0,0,44,-4,42,-2,44,0,47,4,49,4,51,6,55,6,53,13,60,11,60,13,60,15,67,11,69,13,64,20,62,26,67,26,73,22,67,40,62,31,64,31,60,40,71,40,71,38,73,42,76,49,73,33,64,42,71,42,71,47,73,38,69,40,73,44,71,44,67,42,73,40,73,40,67,33,78,31,78,38,80,31,78,33,80,24,76,31,87,33,73,31,80,26,78,33,78,26,89,33,91,35,85,31,87,29,82,40,87,40,98,35,94,42,96,35,0,0,0,0,0,0,55,-80,49,-82,44,-80,42,-80,44,-73,42,-69,40,-71,47,-76,47,-69,42,-64,38,-64,40,-60,38,-64,44,-64,38,-62,29,-62,31,-69,33,-62,40,-60,29,-60,24,-64,35,-62,24,-60,29,-58,35,-64,31,-62,29,-58,24,-64,31,-64,24,-67,31,-60,31,-62,33,-64,31,-62,33,-58,40,-62,42,-55,40,-55,40,-53,42,-51,40,-49,42,-51,47,-51,42,-44,49,-38,40,-42,44,-33,42,-35,44,-26,42,-26,47,-24,42,-24,38,-17,49,-20,44,-15,40,-8,40,-6,0,0,0,0,0,0,0,0,0,0]"""
1782173643848,2026-06-23T09:14:03.848,warning,breathing,lmh,lying_fast_breath,t001,"CSI_DATA,18428,1a:00:00:00:00:00,-61,11,-98,16,44,11,129681402,47,2,256,0,""[0,0,0,0,0,0,0,0,0,0,0,0,26,37,18,37,21,37,21,45,18,45,14,47,16,49,9,49,14,59,11,56,11,64,9,64,11,66,9,68,-4,66,0,71,2,75,-7,78,-9,73,-9,68,-14,68,-14,82,-18,78,-16,80,-21,82,-16,78,-23,78,-28,80,-23,78,-21,78,-23,75,-30,80,-26,75,-26,73,-28,82,-23,78,-23,73,-18,85,-18,80,-14,82,-23,80,-16,85,-23,85,-21,85,-23,85,-26,80,-28,82,-26,82,-28,85,-30,90,-28,92,-23,90,-35,92,-45,87,-37,92,-37,92,-35,92,0,0,0,0,0,0,85,59,78,52,82,49,68,52,71,47,66,52,68,47,66,52,64,49,59,52,61,49,56,49,59,47,52,52,56,52,59,40,59,42,56,47,47,52,52,45,56,40,52,52,52,42,45,45,47,47,47,45,52,47,54,45,49,54,54,42,40,47,45,52,45,54,47,49,42,49,42,61,35,61,35,54,33,59,30,59,30,56,30,61,23,61,21,56,16,56,16,59,9,59,9,54,7,54,2,52,0,49,-4,47,-4,42,-9,45,-9,47,-14,40,-16,42,0,0,0,0,0,0,0,0,0,0]"""
1782173643859,2026-06-23T09:14:03.859,warning,breathing,lmh,lying_fast_breath,t001,"CSI_DATA,18429,1a:00:00:00:00:00,-61,11,-98,17,44,11,129690465,47,2,256,0,""[0,0,0,0,0,0,0,0,0,0,0,0,41,-11,39,-9,46,-6,46,-6,52,-4,50,-4,52,-2,55,0,62,0,62,0,64,0,64,2,64,-4,71,0,69,9,73,11,78,0,76,13,66,6,76,13,73,13,78,13,78,11,78,13,85,16,80,6,78,18,82,13,80,16,82,6,76,11,80,11,80,11,80,11,85,2,82,0,76,4,82,-2,85,2,85,-4,82,-4,82,-11,85,-9,89,-16,78,-9,85,-16,89,-13,80,-18,92,-13,89,-16,89,-20,92,-18,99,-16,99,-11,99,-18,96,-16,96,-16,0,0,0,0,0,0,-11,-96,-18,-101,-16,-89,-13,-87,-16,-92,-9,-85,-9,-78,-11,-87,-13,-80,-11,-78,-13,-76,-13,-69,-18,-76,-13,-71,-11,-71,-18,-71,-25,-73,-23,-69,-13,-69,-23,-62,-25,-62,-23,-64,-23,-57,-20,-59,-20,-64,-25,-64,-27,-64,-32,-57,-25,-66,-34,-62,-25,-62,-27,-64,-25,-64,-27,-66,-23,-57,-20,-66,-25,-64,-20,-64,-20,-69,-18,-62,-18,-62,-11,-64,-11,-66,-13,-64,-6,-59,-13,-57,-6,-57,-4,-57,0,-52,-2,-52,2,-55,0,-48,4,-46,9,-46,9,-46,9,-43,18,-41,0,0,0,0,0,0,0,0,0,0]"""
1782173643870,2026-06-23T09:14:03.870,warning,breathing,lmh,lying_fast_breath,t001,"CSI_DATA,18430,1a:00:00:00:00:00,-61,11,-98,16,44,11,129701465,47,2,256,0,""[0,0,0,0,0,0,0,0,0,0,0,0,30,-30,30,-26,30,-30,37,-35,37,-30,37,-26,37,-33,37,-35,42,-42,47,-40,47,-37,47,-40,47,-45,49,-49,56,-42,56,-47,52,-49,59,-49,49,-45,64,-49,64,-54,59,-52,64,-56,52,-56,59,-59,52,-59,56,-54,54,-59,56,-64,49,-66,47,-61,47,-71,45,-66,40,-68,40,-75,35,-75,33,-66,28,-75,30,-75,23,-85,23,-80,14,-80,16,-82,14,-90,9,-82,4,-80,4,-82,0,-82,-4,-87,-2,-97,-4,-94,-7,-92,0,-92,0,-92,-14,-104,-9,-97,-16,-92,0,0,0,0,0,0,-90,14,-99,14,-85,23,-90,18,-85,23,-80,16,-80,26,-85,23,-78,23,-78,23,-68,26,-68,30,-68,33,-71,30,-66,33,-56,35,-64,47,-56,42,-59,37,-52,45,-49,49,-54,45,-42,47,-49,47,-52,49,-42,45,-45,52,-37,56,-47,59,-37,59,-42,54,-37,56,-40,54,-33,56,-37,56,-42,61,-37,61,-33,59,-40,56,-35,49,-35,56,-37,54,-42,59,-35,59,-37,52,-28,52,-30,45,-30,49,-37,40,-28,40,-33,35,-28,35,-35,35,-33,30,-35,35,-30,30,-33,26,0,0,0,0,0,0,0,0,0,0]"""
1782173643880,2026-06-23T09:14:03.880,warning,breathing,lmh,lying_fast_breath,t001,"CSI_DATA,18431,1a:00:00:00:00:00,-61,11,-98,16,44,11,129712465,47,2,256,0,""[0,0,0,0,0,0,0,0,0,0,0,0,-21,33,-28,33,-30,30,-40,35,-40,28,-40,30,-42,30,-45,26,-49,33,-49,30,-56,30,-54,30,-59,30,-61,26,-68,18,-68,21,-68,28,-73,18,-75,14,-71,11,-75,4,-80,11,-75,14,-80,14,-87,11,-75,16,-78,7,-82,7,-78,0,-82,9,-78,7,-82,7,-82,4,-80,4,-85,11,-78,14,-80,11,-82,14,-82,7,-82,18,-82,9,-85,16,-85,14,-87,21,-85,11,-80,11,-87,9,-85,16,-87,14,-94,9,-92,18,-90,18,-97,7,-99,2,-99,14,-97,4,-94,9,0,0,0,0,0,0,-11,94,-4,92,-2,85,-7,90,-7,85,-11,82,-7,87,-9,82,-11,75,-11,75,-9,75,-11,71,-9,80,-11,73,-11,68,-9,68,-7,73,-7,78,-11,68,-7,71,0,71,-11,68,-7,61,-11,64,-16,68,-16,66,-14,66,-7,68,-11,71,-4,64,-14,68,-14,68,-21,64,-16,66,-14,64,-26,68,-28,66,-26,64,-26,68,-26,59,-30,56,-30,61,-35,56,-33,54,-40,49,-33,49,-37,45,-35,45,-40,37,-37,33,-42,30,-37,30,-40,23,-45,18,-37,18,-37,18,-40,11,0,0,0,0,0,0,0,0,0,0]"""
1782173643890,2026-06-23T09:14:03.890,warning,breathing,lmh,lying_fast_breath,t001,"CSI_DATA,18432,1a:00:00:00:00:00,-61,11,-98,17,44,11,129723465,47,2,256,0,""[0,0,0,0,0,0,0,0,0,0,0,0,4,41,0,43,0,46,-4,48,-2,48,-2,52,-6,50,-9,52,-9,59,-11,57,-9,62,-6,62,-11,69,-11,69,-20,69,-13,71,-13,76,-20,71,-18,73,-20,64,-27,66,-18,80,-23,76,-18,78,-23,82,-16,78,-23,76,-23,85,-20,73,-13,85,-18,71,-18,87,-11,85,-11,80,-11,87,-9,85,-4,73,-2,82,-2,85,9,82,2,87,4,78,2,87,16,87,6,82,11,80,11,87,13,85,13,87,18,89,23,92,23,89,16,94,13,92,20,96,25,101,18,92,0,0,0,0,0,0,99,-9,92,-13,92,-18,87,-11,82,-18,80,-11,80,-18,94,-13,80,-13,78,-11,71,-20,66,-16,76,-23,69,-25,69,-18,66,-27,66,-34,66,-32,66,-27,62,-27,57,-36,69,-25,59,-36,57,-34,59,-27,62,-32,57,-25,57,-39,59,-39,55,-39,52,-32,62,-34,62,-34,59,-36,57,-34,69,-39,62,-29,62,-32,66,-32,64,-27,55,-25,62,-25,64,-25,57,-27,59,-23,52,-20,55,-18,57,-18,55,-13,48,-13,50,-6,50,-6,50,-4,50,-2,48,0,41,-2,43,4,0,0,0,0,0,0,0,0,0,0]"""
1782173643902,2026-06-23T09:14:03.902,warning,breathing,lmh,lying_fast_breath,t001,"CSI_DATA,18433,1a:00:00:00:00:00,-61,11,-98,19,44,11,129734864,47,2,256,0,""[0,0,0,0,0,0,0,0,0,0,0,0,-34,-28,-28,-32,-32,-32,-32,-39,-32,-36,-30,-41,-30,-45,-26,-41,-34,-50,-34,-52,-32,-52,-36,-52,-39,-58,-39,-60,-30,-65,-28,-60,-39,-65,-34,-71,-34,-69,-28,-76,-32,-73,-30,-71,-32,-71,-36,-73,-39,-80,-39,-65,-34,-71,-34,-76,-36,-69,-41,-71,-34,-69,-39,-80,-43,-73,-39,-71,-47,-71,-45,-63,-45,-60,-50,-60,-50,-65,-56,-63,-54,-65,-60,-56,-60,-63,-63,-65,-58,-60,-63,-56,-67,-65,-67,-58,-65,-58,-67,-65,-73,-65,-71,-56,-71,-63,-67,-67,-78,-63,-76,-67,-73,-60,0,0,0,0,0,0,-69,63,-60,67,-54,76,-58,67,-54,60,-56,63,-54,60,-56,69,-52,60,-54,58,-50,58,-45,56,-43,65,-45,58,-43,60,-41,58,-39,65,-39,60,-41,56,-32,56,-26,67,-36,63,-32,63,-34,60,-32,58,-36,63,-32,63,-28,69,-30,65,-19,60,-30,58,-30,63,-32,63,-30,65,-30,63,-32,69,-30,63,-34,60,-36,60,-34,54,-30,52,-34,56,-34,58,-36,54,-39,52,-32,50,-36,41,-34,45,-39,39,-34,39,-34,32,-36,28,-39,28,-39,28,-41,23,-36,21,-39,17,0,0,0,0,0,0,0,0,0,0]"""
1782173643913,2026-06-23T09:14:03.913,warning,breathing,lmh,lying_fast_breath,t001,"CSI_DATA,18434,1a:00:00:00:00:00,-61,11,-98,16,44,11,129745645,47,2,256,0,""[0,0,0,0,0,0,0,0,0,0,0,0,40,7,42,7,47,9,47,11,47,11,45,11,52,11,54,18,56,16,61,14,61,16,61,9,68,14,66,14,64,21,71,16,75,11,68,23,71,16,66,16,71,18,75,14,78,16,78,14,80,14,75,4,82,9,80,14,82,9,82,0,75,2,80,4,78,0,80,-2,80,-9,82,-14,75,-14,78,-21,78,-16,78,-28,78,-28,75,-35,73,-33,80,-45,66,-35,73,-42,80,-42,71,-47,73,-52,78,-49,73,-54,73,-54,80,-54,78,-56,75,-64,64,-64,71,-66,0,0,0,0,0,0,-71,-71,-66,-78,-64,-54,-64,-56,-73,-64,-64,-59,-64,-52,-56,-56,-66,-47,-59,-49,-64,-42,-64,-42,-66,-37,-61,-40,-59,-37,-66,-33,-71,-28,-66,-26,-66,-28,-66,-23,-66,-14,-64,-21,-64,-9,-64,-16,-66,-18,-66,-14,-66,-9,-71,-2,-68,-7,-68,2,-66,-4,-73,-4,-73,-4,-68,0,-61,-2,-73,-7,-68,0,-64,2,-68,0,-71,-2,-66,0,-64,-2,-66,-2,-66,-7,-59,-7,-61,0,-59,-7,-56,-4,-52,-7,-54,-9,-52,-7,-49,-4,-40,-7,-49,-14,-40,-16,-42,-14,-40,-14,0,0,0,0,0,0,0,0,0,0]"""
1782173643923,2026-06-23T09:14:03.923,warning,breathing,lmh,lying_fast_breath,t001,"CSI_DATA,18435,1a:00:00:00:00:00,-61,11,-98,19,44,11,129757120,47,2,256,0,""[0,0,0,0,0,0,0,0,0,0,0,0,17,39,10,39,15,41,13,47,13,45,8,47,13,50,13,52,17,58,13,58,19,60,19,63,21,65,21,65,13,69,19,71,26,69,17,73,17,69,13,78,15,82,21,73,26,73,28,78,23,84,34,71,23,73,28,76,28,76,36,76,34,69,41,78,41,73,36,69,50,73,47,67,50,58,54,60,54,65,63,56,60,63,67,50,60,56,71,50,71,54,71,45,76,52,73,43,73,47,80,47,80,43,82,41,82,45,87,43,93,43,91,39,91,36,0,0,0,0,0,0,41,-93,34,-82,26,-93,28,-84,26,-82,23,-80,19,-80,21,-82,17,-76,19,-76,13,-76,10,-71,4,-78,10,-73,4,-73,0,-67,-6,-78,-4,-71,-2,-71,-8,-71,-15,-69,-10,-73,-15,-65,-10,-65,-10,-65,-17,-69,-21,-63,-28,-63,-21,-63,-30,-60,-19,-60,-26,-67,-23,-67,-30,-69,-28,-58,-26,-67,-23,-65,-28,-60,-26,-65,-23,-63,-26,-58,-26,-63,-23,-67,-23,-60,-17,-60,-26,-54,-15,-56,-19,-52,-8,-50,-15,-45,-8,-50,-10,-47,-13,-47,-4,-47,-10,-47,-4,-39,4,-41,0,0,0,0,0,0,0,0,0,0]"""
1782173643935,2026-06-23T09:14:03.935,warning,breathing,lmh,lying_fast_breath,t001,"CSI_DATA,18436,1a:00:00:00:00:00,-61,11,-98,17,44,11,129767796,47,2,256,0,""[0,0,0,0,0,0,0,0,0,0,0,0,36,-16,39,-11,43,-13,48,-9,48,-11,50,-6,52,-6,50,-6,59,-6,57,-4,62,-6,64,-9,69,-6,71,-9,69,-2,73,-6,73,-11,73,0,69,-2,78,4,82,4,78,0,82,-2,82,-2,82,0,80,-4,82,-2,82,0,80,0,76,-9,73,-4,87,-9,82,-6,78,-6,82,-13,80,-20,76,-16,78,-27,78,-20,76,-27,78,-23,76,-29,78,-34,78,-39,76,-34,76,-34,78,-34,71,-43,78,-39,87,-41,82,-43,80,-48,85,-43,85,-41,87,-52,80,-48,85,-39,0,0,0,0,0,0,-39,-89,-41,-82,-43,-71,-46,-73,-43,-73,-39,-76,-41,-71,-43,-73,-43,-64,-43,-64,-39,-64,-41,-59,-48,-64,-39,-64,-46,-62,-48,-52,-50,-55,-46,-50,-41,-55,-48,-48,-55,-41,-50,-52,-43,-46,-50,-48,-41,-43,-48,-43,-50,-46,-59,-39,-55,-48,-52,-39,-55,-46,-57,-46,-55,-41,-55,-39,-50,-41,-52,-48,-52,-50,-50,-43,-52,-48,-52,-48,-48,-43,-48,-48,-43,-48,-41,-46,-41,-50,-43,-41,-36,-43,-41,-43,-29,-41,-32,-41,-27,-48,-23,-41,-20,-43,-23,-43,-13,-39,-13,-41,-11,-39,0,0,0,0,0,0,0,0,0,0]"""
1782173643946,2026-06-23T09:14:03.946,warning,breathing,lmh,lying_fast_breath,t001,"CSI_DATA,18437,1a:00:00:00:00:00,-61,11,-98,17,44,11,129779289,47,2,256,0,""[0,0,0,0,0,0,0,0,0,0,0,0,-16,-34,-13,-41,-13,-46,-13,-43,-6,-46,-2,-50,-4,-52,-4,-52,2,-57,0,-59,6,-62,4,-64,4,-66,9,-66,13,-69,18,-69,18,-78,23,-71,20,-62,29,-71,29,-73,36,-71,34,-69,32,-73,41,-69,34,-69,46,-69,43,-73,46,-66,41,-71,43,-66,46,-69,46,-69,46,-62,48,-69,48,-69,41,-62,43,-69,46,-66,41,-71,48,-71,41,-73,52,-66,48,-76,48,-66,48,-71,50,-71,48,-71,52,-69,57,-76,52,-76,59,-76,69,-64,71,-66,62,-71,66,-71,66,-64,0,0,0,0,0,0,-55,-78,-50,-78,-57,-71,-43,-73,-52,-73,-41,-71,-43,-71,-43,-73,-36,-71,-34,-71,-36,-66,-34,-66,-36,-69,-36,-66,-32,-62,-32,-59,-32,-64,-34,-62,-32,-62,-27,-64,-34,-57,-23,-64,-29,-52,-27,-59,-23,-62,-20,-66,-20,-62,-27,-64,-20,-64,-29,-62,-23,-66,-16,-69,-11,-69,-16,-69,-13,-62,-6,-71,-11,-69,-2,-62,0,-66,2,-69,4,-62,6,-66,9,-64,11,-66,13,-59,13,-59,16,-52,18,-52,25,-46,25,-46,32,-43,25,-41,29,-39,34,-34,29,-29,32,-27,36,-20,0,0,0,0,0,0,0,0,0,0]"""
1782173643955,2026-06-23T09:14:03.955,warning,breathing,lmh,lying_fast_breath,t001,"CSI_DATA,18438,1a:00:00:00:00:00,-61,11,-98,19,44,11,129790235,47,2,256,0,""[0,0,0,0,0,0,0,0,0,0,0,0,-41,17,-39,19,-43,17,-47,15,-47,10,-52,8,-50,6,-56,8,-56,13,-56,8,-60,6,-60,8,-69,8,-71,4,-71,-2,-73,0,-73,10,-76,0,-73,0,-76,-8,-80,-10,-76,-8,-80,-4,-82,-4,-82,-8,-76,2,-82,-6,-82,-8,-82,-13,-82,-4,-76,-4,-84,-6,-82,-6,-80,-4,-82,-2,-84,0,-78,2,-84,6,-84,4,-82,10,-84,4,-80,19,-84,13,-89,21,-82,10,-82,19,-87,15,-82,17,-89,10,-91,15,-87,13,-91,19,-95,15,-93,8,-95,17,-100,13,-97,15,0,0,0,0,0,0,8,89,8,95,13,93,8,89,13,84,4,84,8,82,6,87,4,73,8,78,6,78,6,73,10,73,8,73,8,76,13,69,13,76,13,69,6,67,15,65,23,69,13,69,15,65,17,63,13,65,10,69,13,67,26,65,19,69,26,65,17,63,15,67,13,69,19,69,13,63,6,73,10,69,8,67,6,69,4,67,6,65,6,65,0,63,0,63,-6,60,-2,63,-6,56,-4,58,-13,50,-10,50,-13,50,-13,47,-15,45,-21,43,-21,39,-21,39,-26,36,0,0,0,0,0,0,0,0,0,0]"""
1782173643967,2026-06-23T09:14:03.967,warning,breathing,lmh,lying_fast_breath,t001,"CSI_DATA,18439,1a:00:00:00:00:00,-61,11,-98,18,44,11,129800496,47,2,256,0,""[0,0,0,0,0,0,0,0,0,0,0,0,13,-42,17,-35,22,-40,24,-40,29,-42,29,-38,33,-40,38,-40,40,-42,47,-42,47,-38,49,-40,51,-47,60,-40,60,-33,62,-33,60,-40,71,-31,62,-24,76,-31,71,-29,76,-24,73,-22,73,-24,78,-20,76,-26,78,-17,80,-20,82,-15,80,-15,78,-13,82,-15,78,-11,80,-13,82,-13,80,-15,76,-15,80,-20,82,-13,80,-20,80,-15,80,-22,80,-15,87,-24,82,-13,82,-15,87,-13,80,-13,87,-11,98,-8,89,-13,91,-13,94,-4,94,-2,100,-8,96,-4,96,-4,0,0,0,0,0,0,17,-91,15,-91,4,-89,13,-87,20,-82,15,-78,17,-76,24,-80,20,-78,24,-71,20,-76,22,-69,24,-76,24,-71,22,-69,17,-69,17,-69,22,-71,31,-62,20,-62,13,-69,24,-67,17,-58,29,-64,29,-58,31,-60,26,-62,24,-62,29,-64,24,-67,31,-60,33,-60,38,-62,33,-62,38,-58,44,-62,42,-53,42,-53,47,-47,49,-44,49,-44,47,-47,51,-42,51,-40,49,-33,51,-35,49,-26,53,-26,49,-15,42,-17,49,-11,44,-11,47,-6,49,2,40,-2,40,2,42,4,0,0,0,0,0,0,0,0,0,0]"""
1782173643978,2026-06-23T09:14:03.978,warning,breathing,lmh,lying_fast_breath,t001,"CSI_DATA,18440,1a:00:00:00:00:00,-61,11,-98,19,44,11,129812383,47,2,256,0,""[0,0,0,0,0,0,0,0,0,0,0,0,-23,-34,-23,-32,-23,-41,-23,-45,-21,-45,-21,-45,-23,-47,-21,-50,-28,-56,-23,-54,-19,-54,-26,-58,-30,-63,-28,-65,-21,-67,-28,-65,-30,-63,-26,-73,-28,-69,-26,-76,-26,-76,-28,-76,-28,-73,-34,-73,-30,-80,-32,-69,-28,-73,-30,-76,-32,-71,-36,-73,-34,-69,-43,-76,-41,-73,-39,-67,-45,-71,-50,-67,-43,-63,-54,-63,-50,-65,-65,-63,-56,-60,-65,-52,-56,-58,-69,-58,-60,-56,-67,-47,-63,-54,-69,-47,-71,-54,-76,-56,-80,-50,-76,-52,-78,-56,-76,-54,-87,-50,-89,-45,-80,-47,0,0,0,0,0,0,-60,78,-52,78,-43,87,-47,73,-34,80,-39,71,-39,76,-39,82,-36,73,-36,65,-30,71,-23,58,-23,71,-28,71,-26,69,-15,69,-19,73,-17,67,-17,65,-10,67,-6,67,-13,71,-8,65,-6,69,-10,69,-8,71,-6,65,0,69,-4,73,0,65,2,65,-2,71,0,71,4,67,0,69,-2,76,-2,71,-2,67,-4,76,-6,65,-2,63,-4,63,-6,67,0,69,-8,65,-6,58,-13,56,-10,60,-13,50,-13,52,-13,47,-13,43,-13,43,-19,43,-15,39,-17,34,-23,36,0,0,0,0,0,0,0,0,0,0]"""
1782173643988,2026-06-23T09:14:03.988,warning,breathing,lmh,lying_fast_breath,t001,"CSI_DATA,18441,1a:00:00:00:00:00,-61,11,-98,16,44,11,129822464,47,2,256,0,""[0,0,0,0,0,0,0,0,0,0,0,0,33,26,30,30,35,35,33,35,33,35,30,35,35,40,33,40,40,45,35,45,45,47,45,45,49,47,49,49,42,54,45,52,49,52,49,56,47,54,49,61,47,64,52,56,54,56,59,56,56,61,59,52,52,56,61,59,56,56,64,47,59,49,71,52,66,49,66,45,68,47,71,37,64,33,78,28,78,35,78,21,75,33,82,14,80,21,90,14,78,21,78,11,85,14,85,7,87,9,92,9,94,2,94,-2,97,4,97,2,104,-2,99,-7,97,-9,0,0,0,0,0,0,0,-97,0,-97,-7,-92,-7,-87,-14,-87,-9,-82,-18,-80,-16,-82,-14,-80,-11,-73,-18,-75,-14,-68,-21,-73,-21,-73,-26,-68,-30,-61,-35,-64,-33,-59,-28,-64,-35,-59,-45,-54,-40,-56,-37,-52,-35,-59,-35,-59,-37,-54,-42,-54,-47,-47,-47,-49,-49,-45,-42,-49,-49,-47,-49,-52,-49,-47,-45,-45,-47,-54,-47,-49,-47,-45,-45,-49,-42,-47,-40,-45,-49,-45,-42,-49,-42,-45,-40,-47,-45,-45,-35,-45,-37,-42,-30,-42,-30,-40,-30,-40,-26,-37,-21,-40,-18,-42,-21,-42,-21,-37,-14,-37,0,0,0,0,0,0,0,0,0,0]"""
1782173643998,2026-06-23T09:14:03.998,warning,breathing,lmh,lying_fast_breath,t001,"CSI_DATA,18442,1a:00:00:00:00:00,-61,11,-98,22,43,11,129833675,47,2,256,0,""[0,0,0,0,0,0,0,0,0,0,0,0,-40,8,-40,11,-44,6,-49,4,-49,2,-51,4,-53,4,-53,2,-64,6,-58,2,-62,2,-64,6,-69,8,-67,6,-67,-4,-69,2,-78,6,-78,-4,-73,-2,-67,4,-71,-4,-80,2,-80,-2,-78,6,-87,4,-82,8,-80,2,-82,2,-76,4,-80,13,-76,8,-85,13,-80,15,-73,15,-78,22,-78,24,-76,24,-71,33,-76,33,-73,42,-76,38,-69,47,-76,40,-76,44,-73,44,-67,47,-71,49,-67,53,-64,53,-73,55,-69,60,-69,69,-76,60,-73,58,-71,69,-67,69,-71,69,0,0,0,0,0,0,62,67,58,69,67,67,60,60,62,58,53,58,60,55,69,60,58,55,60,51,60,49,55,47,64,42,60,44,64,40,62,33,67,35,60,33,58,38,62,31,64,26,67,31,62,20,60,22,60,26,64,22,62,24,69,11,67,24,64,8,62,15,69,15,69,20,67,17,67,13,69,22,67,17,67,15,69,17,62,22,62,17,64,17,60,20,62,15,55,24,58,15,55,24,55,17,49,24,47,17,49,24,44,22,38,26,40,26,35,24,31,24,35,31,0,0,0,0,0,0,0,0,0,0]"""
1782173644017,2026-06-23T09:14:04.017,warning,breathing,lmh,lying_fast_breath,t001,"CSI_DATA,18444,1a:00:00:00:00:00,-61,11,-98,16,44,11,129856155,47,2,256,0,""[0,0,0,0,0,0,0,0,0,0,0,0,7,42,0,40,0,47,-4,49,-7,52,-7,49,-7,52,-9,52,-9,61,-14,59,-11,59,-11,64,-7,71,-11,68,-23,66,-21,71,-14,75,-21,73,-18,68,-18,73,-21,71,-23,78,-21,73,-23,75,-23,82,-18,73,-26,75,-23,75,-21,75,-16,80,-21,71,-21,82,-11,80,-11,78,-14,82,-7,85,-7,73,-4,82,-4,80,2,85,-2,82,4,78,4,80,11,90,2,82,9,82,7,87,14,82,11,85,9,92,9,94,14,92,9,97,9,92,16,99,18,97,18,97,0,0,0,0,0,0,97,-4,90,-7,87,-16,85,-9,87,-14,78,-7,75,-11,82,-14,80,-14,75,-9,73,-11,68,-11,75,-16,75,-16,66,-16,64,-23,71,-26,66,-26,66,-18,66,-23,64,-30,66,-18,59,-26,61,-26,61,-23,66,-23,66,-26,61,-33,64,-28,56,-37,59,-28,61,-28,64,-28,59,-35,56,-28,64,-28,66,-28,61,-28,61,-30,61,-21,54,-23,66,-21,61,-16,64,-21,56,-16,56,-16,59,-7,56,-14,52,-4,47,-4,47,-2,45,-4,52,-2,52,2,45,2,45,2,42,11,0,0,0,0,0,0,0,0,0,0]"""
1782173644029,2026-06-23T09:14:04.029,warning,breathing,lmh,lying_fast_breath,t001,"CSI_DATA,18445,1a:00:00:00:00:00,-61,11,-98,13,45,11,129866970,47,2,256,0,""[0,0,0,0,0,0,0,0,0,0,0,0,29,-32,29,-27,39,-27,41,-25,43,-25,43,-23,46,-29,48,-25,50,-27,50,-23,59,-25,57,-25,62,-25,66,-23,69,-13,71,-20,69,-25,78,-18,69,-18,76,-11,78,-9,78,-13,80,-16,78,-11,82,-11,76,-16,80,-9,85,-11,80,-4,78,-13,78,-9,80,-11,80,-13,78,-13,80,-18,82,-20,76,-18,80,-25,80,-18,82,-25,82,-20,80,-29,80,-23,82,-29,76,-25,80,-32,80,-29,78,-34,82,-32,87,-29,85,-27,87,-27,94,-29,92,-23,94,-27,92,-27,92,-27,0,0,0,0,0,0,-16,-94,-16,-94,-23,-82,-18,-85,-20,-89,-13,-82,-13,-80,-13,-85,-11,-76,-11,-73,-16,-71,-16,-71,-20,-76,-11,-73,-13,-71,-18,-66,-20,-71,-18,-66,-9,-64,-16,-64,-23,-64,-16,-66,-18,-57,-16,-57,-18,-64,-20,-66,-18,-66,-23,-62,-16,-64,-27,-62,-20,-62,-20,-66,-13,-66,-16,-66,-16,-62,-6,-69,-11,-69,-9,-66,-11,-69,-6,-66,-6,-62,-2,-64,2,-64,2,-64,4,-62,2,-59,6,-57,6,-50,11,-48,9,-46,13,-46,11,-46,18,-43,23,-39,20,-34,23,-39,27,-36,0,0,0,0,0,0,0,0,0,0]"""
1782173644039,2026-06-23T09:14:04.039,warning,breathing,lmh,lying_fast_breath,t001,"CSI_DATA,18446,1a:00:00:00:00:00,-61,11,-98,14,45,11,129877615,47,2,256,0,""[0,0,0,0,0,0,0,0,0,0,0,0,29,31,24,35,22,40,24,42,20,42,15,47,20,49,15,53,17,58,13,58,13,60,11,62,15,67,11,69,4,69,2,73,6,78,-2,78,-4,71,-2,73,-6,73,-11,78,-15,80,-11,78,-13,82,-11,80,-22,78,-20,82,-24,76,-15,78,-22,76,-20,80,-20,76,-22,73,-20,80,-15,82,-22,71,-17,78,-24,78,-15,80,-20,80,-15,82,-22,82,-15,85,-20,76,-20,85,-26,85,-20,80,-22,82,-26,91,-22,87,-29,87,-35,91,-40,85,-31,96,-35,89,-31,91,0,0,0,0,0,0,80,51,78,51,78,40,73,53,73,51,62,51,67,47,67,51,60,47,60,49,58,49,58,47,60,49,58,44,53,51,51,44,55,44,53,42,47,49,51,44,58,42,51,49,49,38,49,42,47,47,44,47,49,49,51,42,47,51,51,42,47,49,44,53,42,51,44,51,40,51,38,58,38,55,33,55,35,60,29,62,24,55,22,60,20,60,22,58,11,58,17,58,8,55,6,53,0,53,0,51,-4,49,-4,49,-4,47,-15,47,-8,38,-15,44,-17,38,0,0,0,0,0,0,0,0,0,0]"""
1782173644051,2026-06-23T09:14:04.051,warning,breathing,lmh,lying_fast_breath,t001,"CSI_DATA,18447,1a:00:00:00:00:00,-61,11,-98,16,44,11,129889923,47,2,256,0,""[0,0,0,0,0,0,0,0,0,0,0,0,33,23,35,26,37,23,33,35,37,33,33,37,35,40,30,42,42,45,35,47,37,52,37,49,40,56,37,56,28,64,37,64,37,61,30,71,35,64,23,71,18,73,30,75,28,75,30,73,33,82,30,71,23,78,26,78,28,73,30,73,26,73,30,80,28,75,26,75,30,80,37,75,28,73,37,71,40,73,42,71,37,73,45,73,40,73,47,78,33,75,40,71,40,75,40,73,47,78,47,85,47,78,45,75,40,87,40,82,49,82,47,82,45,87,0,0,0,0,0,0,90,-33,94,-33,85,-40,82,-30,80,-33,71,-23,78,-26,82,-28,78,-28,71,-21,71,-28,68,-21,71,-30,73,-26,66,-21,66,-23,66,-30,66,-26,68,-26,59,-30,64,-33,61,-26,59,-28,56,-26,61,-23,61,-30,64,-23,64,-33,68,-30,61,-28,59,-26,64,-26,61,-28,68,-26,59,-21,66,-21,64,-18,66,-18,66,-16,66,-11,61,-11,66,-9,66,-4,64,-4,61,-2,61,-4,56,0,59,0,52,4,52,4,52,14,47,11,49,14,40,11,42,14,40,18,33,26,0,0,0,0,0,0,0,0,0,0]"""
1782173644062,2026-06-23T09:14:04.062,warning,breathing,lmh,lying_fast_breath,t001,"CSI_DATA,18448,1a:00:00:00:00:00,-61,11,-98,17,44,11,129899634,47,2,256,0,""[0,0,0,0,0,0,0,0,0,0,0,0,-27,-32,-20,-36,-25,-39,-29,-43,-27,-39,-27,-41,-27,-43,-27,-43,-32,-50,-29,-43,-34,-52,-36,-52,-39,-57,-39,-57,-32,-62,-41,-59,-46,-59,-39,-64,-36,-62,-41,-59,-36,-57,-43,-66,-41,-69,-50,-62,-48,-71,-50,-57,-50,-59,-52,-62,-52,-64,-59,-57,-55,-55,-59,-52,-59,-59,-62,-50,-66,-48,-69,-43,-64,-39,-71,-32,-73,-39,-76,-29,-78,-32,-82,-20,-78,-25,-87,-16,-80,-18,-78,-18,-80,-13,-85,-11,-87,-11,-92,-11,-92,-9,-94,0,-92,-11,-92,-6,-105,-4,-101,-4,-99,4,0,0,0,0,0,0,-6,94,2,96,9,94,4,87,13,87,11,80,16,80,13,85,16,78,13,76,23,73,20,69,29,76,23,69,25,69,32,59,32,66,32,62,25,64,36,62,46,55,41,57,41,50,41,52,41,55,43,50,46,48,50,43,46,50,55,41,46,46,52,43,50,48,55,41,50,41,52,48,48,46,48,46,55,43,48,41,50,36,52,43,48,48,48,41,48,41,46,36,41,36,46,39,36,39,34,36,36,36,39,36,32,36,27,39,25,39,25,34,20,39,0,0,0,0,0,0,0,0,0,0]"""
1782173644073,2026-06-23T09:14:04.073,warning,breathing,lmh,lying_fast_breath,t001,"CSI_DATA,18449,1a:00:00:00:00:00,-61,11,-98,16,44,11,129910463,47,2,256,0,""[0,0,0,0,0,0,0,0,0,0,0,0,42,4,42,4,49,9,47,14,47,11,49,14,52,11,54,16,59,18,59,18,59,18,61,14,61,11,68,21,66,28,66,26,75,16,71,23,68,23,68,33,71,37,71,28,68,26,78,26,80,30,78,16,75,26,80,26,75,26,80,14,71,16,85,18,78,16,75,14,80,14,82,7,71,2,82,0,82,4,85,-7,82,-2,80,-11,85,-7,85,-16,80,-9,80,-11,82,-11,78,-21,85,-16,87,-21,87,-26,87,-28,94,-26,90,-23,101,-30,92,-30,87,-26,0,0,0,0,0,0,-23,-92,-21,-87,-33,-82,-26,-82,-30,-80,-23,-78,-28,-75,-26,-80,-26,-71,-26,-68,-28,-66,-28,-68,-33,-66,-33,-61,-35,-64,-40,-59,-42,-61,-37,-56,-35,-59,-42,-52,-49,-49,-42,-54,-42,-47,-40,-47,-37,-52,-45,-52,-42,-47,-52,-42,-49,-45,-54,-42,-47,-45,-49,-49,-45,-49,-49,-45,-47,-42,-52,-54,-49,-52,-45,-47,-49,-47,-45,-49,-45,-45,-47,-47,-42,-52,-42,-47,-37,-49,-40,-45,-35,-45,-37,-42,-33,-47,-28,-42,-26,-45,-23,-37,-18,-37,-18,-45,-18,-42,-16,-40,-11,-42,0,0,0,0,0,0,0,0,0,0]"""
1782173644083,2026-06-23T09:14:04.083,warning,breathing,lmh,lying_fast_breath,t001,"CSI_DATA,18450,1a:00:00:00:00:00,-61,11,-98,18,44,11,129921463,47,2,256,0,""[0,0,0,0,0,0,0,0,0,0,0,0,-6,-40,-4,-42,-6,-42,-4,-49,-2,-49,-2,-51,0,-49,2,-51,0,-58,2,-62,6,-60,2,-60,2,-67,2,-69,15,-71,8,-69,4,-71,8,-73,8,-69,15,-71,20,-80,13,-78,13,-76,13,-80,17,-82,8,-76,20,-80,17,-80,15,-80,11,-82,13,-73,8,-85,8,-76,6,-71,0,-82,2,-82,0,-76,0,-80,0,-80,-11,-80,-8,-85,-11,-80,-6,-80,-15,-85,-13,-76,-11,-80,-13,-87,-20,-82,-17,-89,-17,-94,-17,-87,-26,-89,-13,-94,-15,-91,-22,-94,-22,-94,-20,-91,0,0,0,0,0,0,-98,11,-94,13,-87,22,-87,11,-89,20,-82,11,-80,17,-80,15,-78,13,-76,15,-73,15,-67,15,-73,24,-71,20,-69,20,-60,26,-67,29,-64,24,-67,17,-64,26,-60,29,-62,24,-55,24,-60,26,-62,26,-60,26,-60,31,-55,33,-64,31,-53,38,-58,31,-62,33,-62,31,-62,33,-60,29,-67,31,-64,29,-58,29,-67,31,-64,24,-60,22,-60,20,-64,17,-67,22,-62,17,-60,20,-55,6,-58,13,-51,4,-49,6,-47,2,-49,2,-49,2,-49,0,-42,-2,-42,-4,-40,-11,0,0,0,0,0,0,0,0,0,0]"""
1782173644093,2026-06-23T09:14:04.093,warning,breathing,lmh,lying_fast_breath,t001,"CSI_DATA,18451,1a:00:00:00:00:00,-61,11,-98,18,44,11,129932852,47,2,256,0,""[0,0,0,0,0,0,0,0,0,0,0,0,2,40,-2,44,0,44,-4,49,-4,49,-6,49,-8,51,-11,55,-8,58,-11,62,-13,55,-11,60,-15,67,-17,64,-22,64,-24,69,-17,69,-24,71,-24,67,-17,69,-26,69,-29,76,-29,73,-26,71,-29,76,-26,76,-33,71,-31,76,-26,73,-24,78,-26,71,-24,76,-22,78,-24,73,-22,85,-20,76,-17,76,-11,80,-17,82,-8,82,-11,80,-2,82,-8,80,0,91,-11,76,-4,78,-4,85,-2,82,-2,87,-4,94,2,91,-4,91,-8,96,-11,91,-2,102,0,100,2,98,0,0,0,0,0,0,98,13,96,8,89,0,89,8,85,6,85,8,78,2,87,4,82,2,76,6,76,4,71,4,78,-2,78,-2,73,2,69,-2,71,-8,69,-6,71,0,67,-8,67,-13,71,0,64,-13,67,-8,69,-2,64,-6,69,-11,67,-11,69,-13,69,-15,69,-6,71,-4,69,-6,67,-11,67,-8,76,-6,67,-11,62,-8,69,-6,71,-2,62,0,64,4,69,4,62,0,64,6,60,4,55,8,60,6,51,11,49,13,49,17,47,11,44,11,47,17,38,20,38,20,35,26,0,0,0,0,0,0,0,0,0,0]"""
1782173644106,2026-06-23T09:14:04.106,warning,breathing,lmh,lying_fast_breath,t001,"CSI_DATA,18452,1a:00:00:00:00:00,-61,11,-98,13,45,11,129943799,47,2,256,0,""[0,0,0,0,0,0,0,0,0,0,0,0,0,-43,2,-41,6,-43,11,-48,13,-46,16,-48,16,-46,18,-50,20,-62,20,-55,25,-57,23,-59,25,-59,29,-59,36,-57,34,-62,34,-69,41,-62,43,-57,46,-55,48,-55,46,-64,50,-64,50,-64,55,-62,46,-66,55,-59,55,-64,55,-55,50,-62,50,-59,52,-62,50,-59,46,-59,52,-64,48,-69,48,-62,48,-66,48,-64,39,-71,50,-69,36,-73,46,-71,43,-73,41,-69,39,-73,43,-73,41,-78,43,-73,48,-78,48,-76,48,-80,57,-78,52,-73,50,-82,52,-82,48,-78,0,0,0,0,0,0,-71,-57,-69,-59,-71,-52,-66,-55,-69,-55,-59,-55,-59,-50,-64,-55,-52,-50,-55,-50,-57,-46,-52,-48,-64,-48,-55,-46,-52,-50,-57,-43,-59,-43,-52,-41,-50,-46,-55,-39,-59,-39,-55,-43,-48,-34,-50,-39,-50,-43,-50,-41,-52,-41,-57,-36,-55,-41,-57,-34,-52,-41,-57,-43,-50,-46,-48,-43,-50,-43,-48,-46,-46,-48,-46,-46,-46,-50,-46,-52,-39,-48,-41,-52,-39,-55,-34,-50,-32,-52,-32,-50,-25,-52,-25,-52,-23,-50,-20,-48,-13,-48,-16,-43,-11,-46,-6,-48,-4,-41,-4,-43,2,-43,0,0,0,0,0,0,0,0,0,0]"""
1782173644117,2026-06-23T09:14:04.117,warning,breathing,lmh,lying_fast_breath,t001,"CSI_DATA,18453,1a:00:00:00:00:00,-61,11,-98,18,44,11,129956316,47,2,256,0,""[0,0,0,0,0,0,0,0,0,0,0,0,-40,6,-42,2,-42,4,-49,-4,-47,-2,-47,-4,-49,-4,-51,-4,-62,-4,-60,-8,-62,-8,-62,-6,-69,-4,-69,-8,-69,-17,-69,-11,-78,-11,-69,-15,-69,-17,-73,-15,-76,-13,-80,-17,-76,-17,-76,-15,-80,-20,-76,-11,-76,-17,-82,-17,-73,-17,-78,-8,-78,-8,-82,-11,-80,-11,-80,-4,-85,-8,-82,0,-73,-2,-82,4,-82,0,-82,8,-80,0,-73,15,-85,13,-87,17,-82,13,-78,17,-85,15,-82,22,-85,20,-89,17,-89,26,-91,26,-98,20,-87,17,-96,29,-89,24,-91,29,0,0,0,0,0,0,20,100,20,91,29,85,22,87,26,82,20,82,22,73,26,87,24,76,22,76,24,67,22,64,29,73,22,64,26,64,29,60,33,64,38,64,26,69,29,60,40,53,33,60,33,49,33,53,31,60,35,60,33,53,44,53,38,58,47,49,40,51,40,58,40,58,42,58,40,51,40,62,38,58,35,58,38,58,35,55,33,51,33,55,31,58,31,58,26,58,31,53,24,51,20,55,17,51,17,49,13,49,13,44,11,44,6,51,6,47,6,40,2,44,0,0,0,0,0,0,0,0,0,0]"""
1782173644130,2026-06-23T09:14:04.130,warning,breathing,lmh,lying_fast_breath,t001,"CSI_DATA,18454,1a:00:00:00:00:00,-61,11,-98,16,44,11,129967037,47,2,256,0,""[0,0,0,0,0,0,0,0,0,0,0,0,-37,-21,-35,-26,-35,-26,-37,-35,-35,-33,-35,-37,-33,-37,-33,-40,-37,-42,-37,-42,-35,-47,-40,-52,-45,-54,-40,-56,-33,-61,-33,-59,-42,-66,-35,-66,-35,-64,-33,-71,-30,-68,-33,-71,-30,-68,-37,-68,-35,-78,-37,-64,-28,-73,-30,-73,-30,-73,-37,-68,-28,-68,-37,-78,-35,-73,-30,-73,-40,-71,-37,-68,-37,-66,-42,-68,-45,-68,-49,-68,-42,-71,-49,-61,-45,-68,-52,-71,-47,-68,-49,-66,-49,-71,-47,-66,-49,-73,-49,-78,-56,-73,-52,-68,-56,-78,-47,-75,-54,-78,-56,-78,-54,-78,0,0,0,0,0,0,-80,45,-87,42,-78,49,-75,35,-73,42,-73,35,-68,40,-75,37,-68,35,-68,28,-66,33,-61,30,-68,37,-66,37,-61,33,-59,37,-64,42,-61,40,-59,33,-54,37,-52,45,-61,37,-54,40,-52,40,-61,30,-59,37,-54,35,-54,45,-59,42,-52,47,-54,37,-59,37,-59,33,-56,40,-52,30,-66,33,-64,30,-59,30,-66,28,-61,21,-56,23,-61,26,-66,23,-61,23,-61,16,-56,16,-56,14,-59,14,-56,7,-52,4,-49,2,-45,0,-47,0,-45,-4,-47,-4,-42,-4,-37,-16,0,0,0,0,0,0,0,0,0,0]"""
1782173644140,2026-06-23T09:14:04.140,warning,breathing,lmh,lying_fast_breath,t001,"CSI_DATA,18455,1a:00:00:00:00:00,-61,11,-98,16,44,11,129976493,47,2,256,0,""[0,0,0,0,0,0,0,0,0,0,0,0,23,33,23,33,26,37,23,42,26,40,23,42,30,42,26,45,33,49,28,52,28,52,33,52,37,54,35,56,30,59,37,61,45,64,33,61,35,61,42,64,42,59,42,66,40,66,45,66,47,71,54,56,45,64,54,68,49,59,56,56,49,52,64,56,59,56,61,54,68,52,66,45,61,45,66,40,68,45,73,33,73,37,75,26,78,26,82,26,78,30,80,18,82,18,82,14,87,18,92,18,90,16,90,14,97,14,90,14,97,9,99,11,94,7,0,0,0,0,0,0,9,-94,4,-94,-2,-92,-2,-82,-2,-80,-9,-80,-4,-82,-4,-85,-7,-78,-9,-73,-14,-68,-14,-68,-18,-68,-14,-66,-18,-71,-21,-66,-23,-73,-26,-64,-18,-71,-26,-56,-35,-59,-30,-61,-35,-54,-30,-56,-33,-56,-37,-56,-35,-54,-42,-49,-40,-59,-47,-49,-40,-52,-45,-54,-42,-56,-49,-49,-42,-47,-47,-56,-45,-54,-42,-49,-47,-54,-45,-49,-42,-42,-45,-47,-45,-54,-45,-49,-35,-52,-42,-45,-35,-47,-35,-47,-33,-45,-30,-42,-30,-40,-23,-37,-28,-40,-23,-40,-18,-42,-18,-37,-14,-40,0,0,0,0,0,0,0,0,0,0]"""
1782173644151,2026-06-23T09:14:04.151,warning,breathing,lmh,lying_fast_breath,t001,"CSI_DATA,18456,1a:00:00:00:00:00,-61,11,-98,18,44,11,129988607,47,2,256,0,""[0,0,0,0,0,0,0,0,0,0,0,0,2,42,-2,42,-2,47,-4,47,-4,49,-4,49,-2,47,-6,53,-2,60,-8,62,-4,62,-4,60,-4,67,-4,67,-6,64,-2,71,4,71,-2,76,0,71,-2,73,-8,80,6,78,4,80,6,78,4,80,17,76,6,78,15,76,11,85,24,80,22,71,26,80,26,71,29,73,38,73,40,69,40,64,49,69,44,67,53,62,53,62,60,55,60,53,73,55,60,49,64,49,69,51,71,40,73,44,82,49,78,44,78,40,87,44,85,40,87,40,89,31,89,22,0,0,0,0,0,0,35,-89,33,-87,17,-87,15,-87,15,-89,17,-76,11,-80,15,-85,6,-76,8,-69,-6,-73,-2,-67,-6,-76,-2,-76,-8,-73,-11,-69,-17,-73,-15,-67,-13,-64,-22,-67,-29,-62,-17,-67,-26,-58,-29,-55,-26,-58,-33,-58,-38,-60,-42,-55,-40,-58,-47,-49,-40,-51,-44,-51,-44,-55,-53,-51,-44,-49,-42,-53,-49,-49,-44,-49,-47,-51,-42,-49,-44,-44,-47,-44,-44,-51,-42,-47,-44,-47,-44,-40,-38,-40,-42,-42,-35,-38,-38,-38,-33,-38,-33,-31,-31,-35,-26,-44,-29,-35,-26,-35,-17,-38,0,0,0,0,0,0,0,0,0,0]"""
1782173644161,2026-06-23T09:14:04.161,warning,breathing,lmh,lying_fast_breath,t001,"CSI_DATA,18457,1a:00:00:00:00:00,-61,11,-98,16,44,11,129998483,47,2,256,0,""[0,0,0,0,0,0,0,0,0,0,0,0,-4,-45,2,-37,-2,-42,2,-47,0,-47,4,-49,7,-52,7,-54,4,-56,7,-56,9,-59,9,-61,7,-66,11,-68,16,-66,18,-71,11,-73,18,-68,18,-66,14,-71,16,-64,23,-78,23,-75,21,-78,26,-80,16,-73,21,-78,21,-80,18,-75,16,-78,21,-71,11,-82,14,-80,14,-78,4,-82,7,-78,7,-73,0,-78,4,-78,-4,-80,-2,-75,-9,-80,-7,-80,-11,-90,-4,-80,-9,-80,-9,-85,-14,-78,-14,-82,-11,-92,-16,-92,-14,-87,-11,-94,-9,-97,-18,-92,-18,-87,-11,-97,0,0,0,0,0,0,-90,9,-92,14,-92,14,-87,9,-85,11,-80,11,-82,16,-85,14,-82,16,-73,7,-75,14,-71,16,-71,18,-71,14,-71,14,-64,21,-73,26,-68,18,-61,18,-61,28,-64,28,-66,21,-59,30,-59,23,-61,26,-64,23,-64,21,-59,33,-61,33,-56,33,-59,30,-68,26,-61,28,-59,30,-59,28,-68,26,-66,28,-66,30,-64,26,-59,23,-56,23,-61,18,-66,16,-59,23,-61,11,-54,18,-56,11,-54,16,-56,7,-49,9,-52,2,-47,0,-49,0,-52,-2,-45,-4,-45,-4,-40,-11,0,0,0,0,0,0,0,0,0,0]"""
1782173644173,2026-06-23T09:14:04.173,warning,breathing,lmh,lying_fast_breath,t001,"CSI_DATA,18458,1a:00:00:00:00:00,-61,11,-98,16,44,11,130009463,47,2,256,0,""[0,0,0,0,0,0,0,0,0,0,0,0,7,-40,14,-40,14,-42,21,-45,18,-45,23,-49,23,-45,23,-45,28,-54,30,-49,33,-49,30,-52,37,-56,37,-54,42,-49,49,-52,45,-61,49,-49,45,-54,49,-59,47,-61,52,-52,52,-54,54,-59,61,-54,47,-56,59,-52,59,-61,54,-54,54,-61,52,-52,59,-61,54,-61,52,-59,52,-61,49,-64,45,-56,47,-64,52,-61,45,-71,47,-66,45,-71,45,-71,45,-78,47,-66,42,-71,42,-71,42,-73,42,-73,45,-78,45,-80,47,-75,54,-78,56,-75,47,-90,47,-82,52,-82,0,0,0,0,0,0,-73,-59,-73,-59,-73,-49,-68,-52,-71,-54,-61,-52,-66,-47,-68,-52,-56,-45,-61,-47,-61,-45,-56,-40,-59,-45,-56,-40,-54,-47,-56,-40,-66,-40,-54,-35,-54,-42,-56,-33,-64,-33,-56,-37,-54,-33,-59,-28,-56,-35,-61,-35,-56,-35,-61,-35,-59,-37,-61,-30,-59,-33,-66,-37,-56,-37,-64,-33,-54,-37,-56,-45,-59,-37,-52,-35,-56,-42,-52,-45,-47,-35,-47,-47,-45,-47,-42,-42,-42,-49,-45,-45,-35,-49,-37,-42,-30,-45,-26,-42,-21,-47,-23,-42,-23,-45,-21,-45,-11,-42,-9,-40,-9,-42,0,0,0,0,0,0,0,0,0,0]"""
1782173644184,2026-06-23T09:14:04.184,warning,breathing,lmh,lying_fast_breath,t001,"CSI_DATA,18459,1a:00:00:00:00:00,-61,11,-98,16,44,11,130020463,47,2,256,0,""[0,0,0,0,0,0,0,0,0,0,0,0,-26,-33,-21,-35,-23,-35,-21,-42,-21,-45,-26,-40,-26,-47,-21,-45,-33,-49,-28,-49,-28,-56,-35,-54,-30,-61,-30,-61,-28,-61,-28,-59,-40,-64,-33,-64,-30,-64,-37,-68,-35,-68,-40,-71,-33,-68,-40,-64,-40,-75,-45,-61,-40,-68,-42,-68,-40,-66,-47,-66,-40,-61,-49,-68,-54,-61,-52,-59,-56,-59,-56,-54,-54,-45,-64,-52,-64,-49,-68,-42,-68,-47,-73,-35,-71,-45,-75,-37,-73,-40,-71,-35,-75,-35,-75,-30,-75,-35,-85,-35,-87,-30,-87,-23,-92,-33,-90,-33,-92,-28,-90,-28,-87,-23,0,0,0,0,0,0,-33,92,-23,92,-16,90,-21,87,-16,85,-21,80,-14,82,-18,85,-14,78,-11,75,-7,71,-11,68,-2,73,-2,71,0,71,9,71,7,75,4,73,0,71,11,68,16,66,7,66,14,64,14,68,16,64,16,68,18,64,28,64,23,68,30,56,21,59,23,64,18,64,26,64,26,56,23,71,26,66,26,66,23,68,21,61,23,56,21,66,18,66,21,59,18,61,21,56,14,54,18,56,9,54,11,56,9,49,7,47,7,49,4,52,4,49,0,42,0,45,0,0,0,0,0,0,0,0,0,0]"""
1782173644193,2026-06-23T09:14:04.193,warning,breathing,lmh,lying_fast_breath,t001,"CSI_DATA,18460,1a:00:00:00:00:00,-61,11,-98,14,45,11,130031463,47,2,256,0,""[0,0,0,0,0,0,0,0,0,0,0,0,35,24,31,29,31,31,31,35,31,35,29,42,26,42,24,49,31,51,24,51,26,55,26,58,29,58,22,62,15,69,20,67,26,73,13,76,11,76,6,71,0,73,8,78,2,76,6,78,2,85,6,82,-4,80,-4,85,-6,78,0,80,-6,78,-2,85,-4,80,-6,76,-6,82,-4,80,-6,73,2,80,-2,78,0,80,-8,82,2,80,-2,87,0,85,-6,82,-4,85,-8,87,-4,85,-4,85,-11,89,-6,89,-8,91,-20,94,-22,89,-15,98,-20,96,-17,87,0,0,0,0,0,0,87,38,82,35,87,29,80,35,78,33,76,42,69,33,78,38,67,35,67,42,67,40,62,35,67,35,60,33,60,40,64,35,64,31,62,33,55,40,55,35,64,31,55,40,51,33,53,35,51,40,51,35,53,40,58,31,58,44,58,35,53,44,53,44,51,44,51,42,47,44,49,53,44,51,42,51,40,55,38,55,33,53,33,60,29,55,26,55,24,58,26,53,15,55,15,53,6,53,6,51,4,51,2,47,0,49,-2,47,-11,42,-8,42,-17,40,0,0,0,0,0,0,0,0,0,0]"""
1782173644203,2026-06-23T09:14:04.203,warning,breathing,lmh,lying_fast_breath,t001,"CSI_DATA,18461,1a:00:00:00:00:00,-61,11,-98,16,44,11,130042462,47,2,256,0,""[0,0,0,0,0,0,0,0,0,0,0,0,40,7,40,9,42,7,45,16,42,18,47,21,45,21,47,26,54,26,49,28,52,33,54,30,61,33,59,33,56,40,59,40,64,35,59,42,56,42,64,45,61,45,64,47,59,47,61,45,66,54,64,45,59,54,61,52,59,52,66,42,61,42,68,49,66,49,66,42,71,45,68,40,64,35,73,35,73,40,73,33,75,37,78,28,73,35,80,33,75,30,75,26,78,30,78,26,82,26,90,33,90,30,85,23,85,33,85,33,90,28,92,35,90,28,0,0,0,0,0,0,40,-90,37,-78,28,-87,33,-75,28,-75,33,-75,30,-73,40,-80,30,-71,28,-75,26,-68,26,-71,18,-75,23,-68,23,-71,18,-66,18,-73,18,-66,21,-64,14,-66,11,-66,14,-66,11,-64,11,-68,14,-66,11,-68,11,-66,9,-73,11,-68,4,-64,14,-59,14,-68,14,-68,11,-68,9,-66,18,-73,16,-71,16,-66,18,-68,18,-61,16,-56,18,-64,26,-61,23,-59,28,-56,23,-52,28,-49,30,-52,28,-45,28,-45,33,-42,28,-37,30,-40,35,-35,30,-33,30,-28,35,-26,0,0,0,0,0,0,0,0,0,0]"""
1782173644215,2026-06-23T09:14:04.215,warning,breathing,lmh,lying_fast_breath,t001,"CSI_DATA,18462,1a:00:00:00:00:00,-61,11,-98,17,44,11,130053462,47,2,256,0,""[0,0,0,0,0,0,0,0,0,0,0,0,36,-16,36,-13,39,-18,48,-16,50,-16,48,-13,48,-13,52,-11,59,-16,55,-13,59,-13,62,-16,69,-23,64,-18,66,-16,69,-18,69,-25,76,-16,69,-20,71,-27,69,-23,78,-27,71,-20,71,-23,76,-27,69,-36,73,-29,76,-29,71,-32,71,-39,71,-36,69,-41,64,-43,64,-43,66,-48,64,-50,57,-50,57,-52,57,-52,50,-62,57,-64,46,-66,48,-66,48,-73,48,-66,41,-69,39,-76,36,-73,39,-80,46,-85,34,-82,34,-85,39,-87,43,-82,34,-89,29,-92,32,-87,0,0,0,0,0,0,-94,-39,-92,-29,-85,-20,-82,-23,-87,-20,-85,-23,-78,-9,-85,-16,-78,-13,-73,-13,-76,-9,-69,-9,-80,-4,-69,-2,-69,0,-71,6,-76,6,-66,9,-69,2,-71,13,-62,18,-69,9,-57,16,-57,20,-64,16,-66,23,-62,20,-64,32,-69,23,-55,34,-64,25,-66,25,-64,29,-59,34,-64,32,-66,32,-62,32,-57,32,-64,29,-59,29,-55,29,-59,29,-62,29,-57,29,-52,25,-57,29,-55,23,-55,27,-50,18,-46,20,-48,16,-46,16,-43,16,-41,13,-43,9,-43,11,-48,2,0,0,0,0,0,0,0,0,0,0]"""
1782173644228,2026-06-23T09:14:04.228,warning,breathing,lmh,lying_fast_breath,t001,"CSI_DATA,18463,1a:00:00:00:00:00,-61,11,-98,18,44,11,130066096,47,2,256,0,""[0,0,0,0,0,0,0,0,0,0,0,0,-29,31,-26,26,-33,31,-40,29,-42,26,-40,26,-44,29,-44,24,-55,26,-55,26,-58,26,-55,24,-64,22,-67,22,-67,11,-71,13,-69,20,-71,8,-67,6,-71,8,-71,2,-85,2,-76,0,-80,0,-87,-4,-76,2,-78,-6,-78,-6,-80,-8,-80,-4,-73,-8,-85,-8,-82,-6,-73,-8,-80,-8,-78,-6,-69,-6,-76,0,-80,-8,-80,-2,-80,-8,-85,0,-80,-4,-85,0,-78,-11,-78,-4,-85,-11,-80,-8,-87,-13,-91,-13,-85,-15,-91,-11,-94,-22,-89,-22,-94,-22,-96,-22,-91,-24,0,0,0,0,0,0,-35,85,-35,82,-31,80,-40,76,-35,82,-38,71,-38,73,-44,76,-38,67,-42,64,-42,62,-40,62,-35,69,-38,62,-38,62,-31,58,-35,67,-38,58,-40,53,-35,60,-35,62,-42,53,-33,53,-38,53,-40,53,-42,58,-38,53,-38,58,-44,55,-35,55,-42,51,-44,51,-51,49,-47,53,-47,44,-55,47,-55,51,-53,40,-53,40,-53,35,-53,35,-55,33,-64,31,-60,29,-60,22,-58,24,-53,17,-60,17,-53,8,-53,8,-51,0,-49,4,-49,-6,-47,-8,-47,-6,-47,-11,-42,-13,0,0,0,0,0,0,0,0,0,0]"""
1782173644241,2026-06-23T09:14:04.241,warning,breathing,lmh,lying_fast_breath,t001,"CSI_DATA,18464,1a:00:00:00:00:00,-61,11,-98,18,44,11,130078522,47,2,256,0,""[0,0,0,0,0,0,0,0,0,0,0,0,-42,6,-40,2,-44,0,-47,0,-51,-6,-47,-4,-53,-4,-49,-11,-60,-8,-60,-13,-58,-13,-58,-15,-64,-13,-67,-22,-67,-29,-67,-20,-67,-17,-69,-29,-64,-22,-64,-35,-64,-40,-73,-31,-73,-35,-69,-33,-76,-44,-73,-33,-67,-40,-69,-38,-69,-40,-73,-29,-64,-38,-73,-38,-73,-35,-67,-35,-73,-35,-73,-29,-67,-29,-78,-29,-73,-31,-76,-26,-73,-29,-78,-17,-76,-24,-82,-24,-76,-24,-76,-20,-78,-20,-76,-20,-80,-22,-89,-29,-89,-31,-89,-24,-87,-31,-87,-35,-96,-33,-96,-29,-89,-35,0,0,0,0,0,0,-44,82,-42,85,-33,78,-35,80,-35,80,-35,67,-35,76,-42,73,-33,71,-35,64,-33,64,-31,60,-33,69,-35,69,-33,64,-22,64,-24,73,-26,64,-35,64,-24,60,-17,64,-29,62,-20,60,-24,62,-31,62,-26,64,-24,62,-20,67,-31,64,-17,64,-24,62,-26,67,-26,69,-24,62,-29,60,-33,64,-33,62,-33,58,-40,58,-35,55,-35,51,-40,53,-40,51,-40,53,-42,49,-35,51,-40,38,-47,40,-40,35,-42,33,-42,29,-47,31,-44,26,-44,20,-40,20,-40,15,-40,8,0,0,0,0,0,0,0,0,0,0]"""
1782173644251,2026-06-23T09:14:04.251,warning,breathing,lmh,lying_fast_breath,t001,"CSI_DATA,18465,1a:00:00:00:00:00,-61,11,-98,19,44,11,130086462,47,2,256,0,""[0,0,0,0,0,0,0,0,0,0,0,0,-2,41,-4,39,-4,45,-8,54,-10,47,-10,50,-10,52,-15,50,-10,60,-10,56,-6,60,-4,58,-8,65,-6,69,-15,71,-8,67,-4,73,-10,71,-8,73,-13,69,-19,76,-6,82,-4,76,0,82,-2,87,8,76,0,76,6,80,2,80,10,84,8,71,15,87,17,80,19,78,23,80,28,76,26,69,34,69,36,73,43,71,43,76,47,65,47,69,54,71,50,60,56,60,56,60,63,58,67,60,67,63,73,56,69,54,69,60,71,60,82,52,84,58,76,54,0,0,0,0,0,0,54,-78,50,-80,39,-84,43,-78,36,-69,41,-69,39,-71,39,-78,30,-71,30,-67,23,-69,23,-67,13,-71,21,-69,13,-69,8,-65,4,-73,4,-71,4,-71,-4,-65,-4,-65,-2,-69,-8,-65,-6,-69,-10,-63,-8,-67,-13,-65,-17,-65,-15,-73,-28,-65,-19,-63,-21,-69,-19,-63,-26,-65,-26,-56,-17,-76,-28,-67,-23,-63,-26,-67,-19,-65,-30,-56,-23,-58,-23,-65,-26,-65,-21,-60,-23,-54,-17,-54,-26,-58,-15,-52,-15,-47,-10,-50,-15,-50,-13,-47,-8,-47,-10,-43,-13,-45,0,-45,0,0,0,0,0,0,0,0,0,0]"""
1782173644261,2026-06-23T09:14:04.261,warning,breathing,lmh,lying_fast_breath,t001,"CSI_DATA,18466,1a:00:00:00:00:00,-61,11,-98,22,43,11,130097805,47,2,256,0,""[0,0,0,0,0,0,0,0,0,0,0,0,-15,40,-17,35,-15,40,-22,40,-24,42,-29,42,-31,44,-33,40,-38,49,-38,42,-38,44,-40,51,-44,53,-47,53,-53,47,-53,49,-53,58,-58,49,-55,42,-62,53,-60,49,-67,47,-62,44,-60,47,-71,44,-60,47,-67,42,-67,44,-67,40,-67,51,-62,44,-69,49,-64,47,-62,49,-67,51,-58,55,-58,49,-60,53,-62,55,-58,55,-62,53,-53,62,-60,64,-62,64,-62,55,-55,64,-60,62,-55,62,-53,64,-71,67,-64,67,-60,67,-73,67,-67,62,-67,62,-67,69,-69,69,0,0,0,0,0,0,55,71,53,71,60,64,51,69,58,67,49,69,51,67,49,67,42,62,47,67,51,60,42,53,51,55,44,55,42,62,47,55,49,55,44,55,42,58,44,51,51,49,47,51,44,49,47,51,42,49,44,47,42,49,53,47,49,53,51,47,44,51,44,58,47,53,49,51,44,53,44,60,40,55,40,51,40,60,35,58,35,51,35,62,31,62,29,58,20,58,29,55,17,58,17,58,15,58,17,49,11,55,8,49,4,49,0,47,-4,44,2,44,-8,42,0,0,0,0,0,0,0,0,0,0]"""
1782173644273,2026-06-23T09:14:04.273,warning,breathing,lmh,lying_fast_breath,t001,"CSI_DATA,18467,1a:00:00:00:00:00,-61,11,-98,17,44,11,130108462,47,2,256,0,""[0,0,0,0,0,0,0,0,0,0,0,0,-41,9,-41,0,-48,0,-46,-2,-50,-4,-48,-4,-46,-4,-52,-9,-55,-11,-62,-16,-59,-13,-59,-23,-66,-20,-64,-23,-59,-32,-64,-32,-66,-32,-64,-43,-59,-36,-57,-39,-57,-48,-62,-46,-62,-48,-62,-50,-69,-57,-62,-43,-57,-55,-59,-50,-55,-59,-59,-50,-50,-57,-55,-57,-57,-55,-52,-55,-62,-55,-59,-55,-55,-48,-59,-50,-55,-57,-64,-52,-62,-57,-64,-55,-59,-59,-69,-55,-55,-55,-57,-55,-59,-55,-59,-52,-64,-62,-62,-69,-59,-66,-59,-64,-59,-71,-55,-71,-64,-78,-59,-76,-55,-73,0,0,0,0,0,0,-85,43,-85,41,-76,46,-78,39,-80,39,-73,27,-71,39,-80,34,-73,34,-73,25,-66,25,-66,27,-76,29,-71,29,-64,27,-57,32,-71,29,-66,27,-64,23,-59,23,-64,27,-69,20,-59,23,-62,20,-66,20,-69,20,-64,20,-64,23,-71,16,-62,27,-66,13,-66,16,-73,6,-66,6,-64,9,-69,4,-66,4,-69,6,-73,2,-64,-4,-62,-4,-62,-9,-64,-9,-66,-11,-62,-13,-57,-16,-50,-20,-59,-20,-43,-23,-43,-23,-41,-23,-39,-25,-39,-29,-39,-29,-29,-29,-27,-32,-23,-39,0,0,0,0,0,0,0,0,0,0]"""
1782173644284,2026-06-23T09:14:04.284,warning,breathing,lmh,lying_fast_breath,t001,"CSI_DATA,18468,1a:00:00:00:00:00,-61,11,-98,13,45,11,130122384,47,2,256,0,""[0,0,0,0,0,0,0,0,0,0,0,0,41,0,41,2,46,4,48,9,48,6,48,6,52,9,55,9,59,9,59,9,59,11,62,9,66,11,69,11,64,18,71,16,71,9,76,18,66,16,66,20,73,20,78,16,80,16,80,13,85,16,78,6,76,13,85,11,82,16,78,2,80,6,80,4,80,0,76,0,82,-6,82,-11,78,-9,80,-16,80,-9,80,-20,78,-18,78,-27,80,-20,82,-32,73,-25,73,-34,78,-34,76,-43,76,-39,85,-41,78,-41,80,-46,85,-39,85,-43,85,-48,80,-50,78,-48,0,0,0,0,0,0,-43,-82,-48,-82,-50,-69,-48,-69,-52,-71,-48,-69,-46,-64,-48,-66,-48,-66,-46,-59,-48,-55,-48,-50,-57,-52,-50,-55,-55,-50,-55,-43,-62,-43,-52,-43,-48,-46,-62,-39,-62,-32,-57,-41,-50,-32,-55,-32,-57,-32,-59,-32,-64,-29,-64,-25,-62,-32,-64,-20,-62,-27,-64,-25,-62,-29,-59,-27,-62,-20,-62,-29,-62,-25,-59,-25,-62,-29,-62,-25,-59,-27,-59,-25,-57,-32,-57,-27,-52,-29,-57,-25,-48,-29,-50,-29,-46,-27,-43,-27,-41,-29,-43,-27,-36,-29,-36,-29,-29,-34,-32,-29,-29,-32,0,0,0,0,0,0,0,0,0,0]"""
1782173644294,2026-06-23T09:14:04.294,warning,breathing,lmh,lying_fast_breath,t001,"CSI_DATA,18469,1a:00:00:00:00:00,-61,11,-98,16,44,11,130130462,47,2,256,0,""[0,0,0,0,0,0,0,0,0,0,0,0,-26,35,-23,35,-23,35,-33,37,-30,37,-28,37,-30,40,-35,37,-40,45,-35,42,-37,47,-40,45,-40,56,-37,54,-47,49,-42,52,-45,61,-49,52,-45,54,-42,56,-45,49,-47,66,-52,61,-45,61,-49,71,-42,66,-42,64,-47,66,-40,66,-35,75,-37,66,-35,80,-30,75,-30,73,-28,80,-21,78,-16,68,-16,80,-11,78,-7,80,-9,85,2,80,0,85,4,90,2,82,7,78,4,87,9,82,9,87,14,90,21,90,21,87,16,94,14,92,30,94,26,94,26,92,0,0,0,0,0,0,101,-23,90,-26,90,-35,80,-28,73,-30,75,-30,78,-37,82,-37,71,-33,73,-33,61,-33,64,-35,61,-42,61,-37,61,-40,52,-45,52,-54,54,-49,56,-45,45,-52,40,-56,47,-47,40,-54,42,-49,42,-49,40,-54,40,-56,35,-61,40,-61,30,-61,35,-59,37,-64,30,-61,30,-66,28,-52,35,-68,30,-61,28,-61,35,-61,30,-54,26,-54,30,-64,28,-59,28,-56,33,-54,28,-56,28,-52,28,-54,33,-49,28,-37,30,-42,28,-42,26,-37,30,-35,30,-35,26,-30,30,-28,0,0,0,0,0,0,0,0,0,0]"""
1782173644306,2026-06-23T09:14:04.306,warning,breathing,lmh,lying_fast_breath,t001,"CSI_DATA,18470,1a:00:00:00:00:00,-61,11,-98,16,44,11,130141462,47,2,256,0,""[0,0,0,0,0,0,0,0,0,0,0,0,18,-40,16,-35,23,-40,30,-37,28,-37,33,-35,35,-35,37,-35,40,-40,47,-35,52,-42,45,-40,52,-45,54,-37,61,-33,61,-35,64,-40,68,-33,64,-30,68,-23,73,-18,73,-28,73,-26,75,-28,80,-28,71,-33,73,-21,78,-26,78,-18,73,-28,71,-18,82,-23,75,-23,75,-18,78,-23,73,-28,71,-26,75,-30,80,-26,73,-30,73,-28,75,-35,80,-28,82,-30,78,-26,75,-28,80,-26,75,-35,80,-30,90,-33,87,-30,85,-28,92,-23,94,-21,97,-28,92,-18,92,-28,0,0,0,0,0,0,-7,-94,-7,-92,-14,-87,0,-87,-7,-85,-9,-82,-4,-82,-2,-85,0,-78,-2,-78,-2,-75,0,-71,-7,-73,0,-71,0,-75,-7,-71,-7,-73,-7,-71,2,-71,-2,-66,-9,-66,-2,-71,-4,-66,0,-68,4,-68,0,-68,0,-68,-4,-71,0,-71,-4,-71,2,-64,2,-73,9,-71,2,-71,7,-66,18,-75,16,-71,16,-64,18,-68,16,-61,16,-61,21,-61,26,-61,26,-61,30,-52,30,-61,28,-52,33,-49,33,-42,30,-42,33,-37,35,-37,35,-30,40,-28,40,-28,37,-23,35,-18,0,0,0,0,0,0,0,0,0,0]"""
1782173644316,2026-06-23T09:14:04.316,warning,breathing,lmh,lying_fast_breath,t001,"CSI_DATA,18471,1a:00:00:00:00:00,-61,11,-98,21,43,11,130153740,47,2,256,0,""[0,0,0,0,0,0,0,0,0,0,0,0,-41,-9,-41,-11,-43,-9,-46,-13,-43,-13,-50,-13,-50,-18,-50,-18,-55,-18,-55,-18,-59,-20,-62,-18,-66,-16,-64,-18,-64,-29,-66,-20,-76,-18,-69,-25,-73,-18,-69,-16,-64,-20,-82,-20,-76,-18,-78,-13,-80,-20,-76,-9,-76,-13,-85,-6,-73,-9,-82,-2,-76,-2,-87,0,-76,2,-76,0,-76,11,-85,13,-76,11,-78,25,-78,20,-76,29,-80,27,-73,41,-76,36,-73,41,-73,41,-73,46,-71,48,-66,52,-71,52,-73,52,-76,57,-69,64,-80,62,-71,55,-69,69,-71,64,-59,69,0,0,0,0,0,0,69,69,66,64,71,57,66,57,69,52,62,52,64,48,76,50,66,39,66,48,69,36,64,34,73,27,66,27,66,27,66,25,71,20,71,20,66,23,69,11,73,4,71,11,66,4,69,4,66,4,71,2,64,2,66,-6,71,-2,64,-6,66,-2,73,-4,69,-6,66,-13,66,-11,73,-6,66,-9,66,-11,69,-11,69,-11,64,-11,66,-9,66,-6,66,-6,59,-6,62,-11,59,-9,59,-9,55,-4,52,-6,50,-4,50,-2,50,-2,50,6,48,2,41,2,43,6,0,0,0,0,0,0,0,0,0,0]"""
1782173644326,2026-06-23T09:14:04.326,warning,breathing,lmh,lying_fast_breath,t001,"CSI_DATA,18472,1a:00:00:00:00:00,-61,11,-98,13,45,11,130163496,47,2,256,0,""[0,0,0,0,0,0,0,0,0,0,0,0,39,-9,39,-9,48,-9,50,-4,52,-2,48,-4,48,-4,50,-2,59,-4,62,2,62,4,64,2,69,2,69,6,66,13,71,13,71,6,78,13,64,13,73,18,78,16,78,20,76,16,78,23,82,25,76,18,76,23,78,20,80,25,76,18,76,18,78,20,78,18,80,16,82,13,82,9,78,9,78,6,80,13,85,4,80,9,82,0,80,4,89,0,78,2,82,-2,85,-4,82,-6,87,-2,94,2,92,0,92,-2,96,2,96,4,101,2,94,2,96,0,0,0,0,0,0,0,11,-89,13,-99,4,-85,6,-87,4,-89,11,-78,9,-87,11,-87,6,-80,9,-71,2,-71,2,-71,0,-76,6,-76,6,-71,-2,-69,-2,-73,0,-71,6,-69,-2,-69,-9,-66,0,-71,-4,-59,-2,-64,0,-66,-4,-66,-4,-66,-9,-66,0,-73,-11,-66,-2,-66,-6,-66,2,-73,-2,-66,-2,-64,4,-69,0,-71,4,-64,6,-73,2,-66,2,-64,9,-64,13,-69,13,-66,13,-59,11,-59,13,-48,18,-59,18,-46,16,-48,20,-48,20,-43,23,-43,29,-39,27,-36,29,-34,29,-32,0,0,0,0,0,0,0,0,0,0]"""
1782173644335,2026-06-23T09:14:04.335,warning,breathing,lmh,lying_fast_breath,t001,"CSI_DATA,18473,1a:00:00:00:00:00,-61,11,-98,17,44,11,130174462,47,2,256,0,""[0,0,0,0,0,0,0,0,0,0,0,0,18,36,16,39,13,41,13,46,13,46,6,50,6,50,6,52,6,57,2,57,4,64,4,62,2,66,0,69,-6,69,-6,71,0,76,-13,73,-11,73,-16,66,-18,71,-11,78,-16,76,-16,80,-20,85,-16,78,-25,80,-23,78,-23,73,-18,76,-20,71,-25,80,-18,78,-20,73,-18,82,-18,82,-16,73,-13,80,-20,85,-11,82,-11,85,-9,82,-16,87,-6,89,-18,76,-11,85,-16,80,-16,82,-13,87,-16,92,-11,87,-13,92,-25,94,-25,92,-18,94,-20,96,-18,96,0,0,0,0,0,0,89,29,87,34,89,23,85,29,85,32,76,29,78,32,78,34,73,29,73,36,66,27,69,27,71,27,73,25,66,27,64,23,73,23,64,23,66,27,64,23,66,20,66,25,62,18,62,25,59,25,64,27,62,25,64,18,66,27,71,18,59,25,66,29,62,32,62,27,62,32,62,36,59,36,62,34,59,39,55,41,50,36,50,39,52,46,50,41,43,46,43,46,39,43,41,46,32,43,29,43,25,48,25,41,20,46,18,50,16,43,9,41,4,46,0,0,0,0,0,0,0,0,0,0]"""
1782173644349,2026-06-23T09:14:04.349,warning,breathing,lmh,lying_fast_breath,t001,"CSI_DATA,18474,1a:00:00:00:00:00,-61,11,-98,18,44,11,130186057,47,2,256,0,""[0,0,0,0,0,0,0,0,0,0,0,0,-35,13,-40,6,-42,8,-47,8,-49,4,-53,2,-53,4,-53,0,-58,4,-60,-2,-60,-2,-62,-4,-64,-6,-64,-6,-69,-15,-71,-13,-69,-8,-71,-15,-69,-15,-73,-26,-73,-24,-76,-24,-73,-24,-73,-24,-78,-31,-78,-22,-71,-33,-73,-33,-73,-29,-80,-29,-69,-26,-80,-33,-78,-29,-73,-29,-78,-29,-78,-20,-67,-20,-76,-20,-76,-22,-82,-17,-80,-22,-78,-15,-80,-17,-89,-17,-80,-24,-82,-17,-82,-17,-85,-17,-82,-22,-91,-24,-89,-24,-87,-15,-89,-29,-87,-33,-94,-29,-94,-29,-91,-31,0,0,0,0,0,0,-42,82,-40,85,-35,87,-35,80,-35,73,-38,76,-31,76,-40,80,-33,71,-42,71,-33,69,-29,64,-26,73,-35,64,-35,64,-29,64,-29,69,-26,67,-35,64,-22,62,-20,67,-31,64,-26,62,-26,62,-29,60,-29,64,-26,62,-22,67,-31,64,-22,67,-31,62,-33,67,-33,62,-29,62,-29,58,-40,62,-38,62,-35,60,-40,58,-40,53,-35,51,-42,49,-49,49,-42,47,-47,42,-40,42,-44,38,-49,40,-47,33,-47,22,-44,24,-42,20,-49,17,-44,11,-44,17,-42,15,-47,4,0,0,0,0,0,0,0,0,0,0]"""
1782173644361,2026-06-23T09:14:04.361,warning,breathing,lmh,lying_fast_breath,t001,"CSI_DATA,18475,1a:00:00:00:00:00,-61,11,-98,18,44,11,130197157,47,2,256,0,""[0,0,0,0,0,0,0,0,0,0,0,0,-35,-24,-31,-26,-35,-31,-33,-38,-29,-35,-31,-42,-26,-42,-29,-47,-31,-51,-31,-51,-31,-53,-26,-53,-33,-60,-29,-60,-24,-62,-22,-69,-31,-67,-17,-67,-15,-71,-13,-67,-6,-73,-20,-78,-6,-76,-13,-78,-6,-85,-11,-80,-2,-82,-8,-80,-2,-80,-8,-80,-4,-76,-2,-78,-4,-78,-4,-76,-8,-87,-6,-80,-8,-76,-8,-76,-2,-80,-13,-82,-13,-85,-15,-82,-8,-85,-13,-82,-8,-76,-15,-78,-8,-89,-11,-78,-11,-85,-4,-94,-11,-89,-6,-89,0,-96,4,-91,4,-107,2,-96,-4,-96,0,0,0,0,0,0,-94,-4,-91,-11,-89,-6,-87,-13,-87,-13,-76,-22,-82,-15,-82,-15,-78,-20,-76,-22,-71,-17,-71,-22,-73,-20,-73,-13,-64,-24,-67,-15,-78,-17,-69,-15,-62,-22,-69,-15,-73,-8,-64,-22,-60,-11,-64,-17,-64,-20,-64,-20,-67,-20,-69,-15,-69,-24,-67,-20,-64,-24,-69,-24,-64,-26,-64,-22,-62,-26,-62,-35,-62,-33,-60,-33,-55,-35,-53,-40,-53,-40,-51,-40,-49,-42,-51,-47,-44,-49,-42,-47,-35,-42,-40,-42,-26,-47,-29,-44,-22,-51,-24,-44,-17,-44,-15,-47,-11,-44,-8,-44,-2,-44,0,0,0,0,0,0,0,0,0,0]"""
1782173644372,2026-06-23T09:14:04.372,warning,breathing,lmh,lying_fast_breath,t001,"CSI_DATA,18476,1a:00:00:00:00:00,-61,11,-98,17,44,11,130207461,47,2,256,0,""[0,0,0,0,0,0,0,0,0,0,0,0,-43,-9,-41,-11,-41,-11,-43,-13,-46,-20,-43,-23,-46,-23,-43,-23,-52,-27,-50,-29,-55,-34,-50,-34,-59,-32,-50,-39,-52,-46,-52,-43,-57,-41,-55,-50,-55,-46,-55,-52,-57,-52,-55,-55,-57,-52,-57,-57,-55,-62,-55,-52,-50,-57,-52,-62,-50,-62,-57,-52,-48,-55,-57,-59,-57,-57,-57,-55,-64,-57,-64,-52,-59,-48,-59,-50,-62,-55,-66,-48,-64,-55,-66,-50,-64,-50,-71,-48,-64,-48,-69,-46,-69,-50,-73,-46,-73,-52,-78,-55,-71,-55,-80,-52,-76,-59,-71,-59,-80,-62,-78,-59,-80,-62,0,0,0,0,0,0,-71,73,-66,71,-55,69,-59,64,-55,64,-57,52,-55,59,-59,62,-59,55,-52,50,-50,52,-48,50,-48,57,-55,55,-55,52,-43,55,-50,55,-50,52,-50,55,-43,52,-36,59,-46,48,-36,52,-43,52,-43,52,-46,55,-43,50,-41,59,-48,57,-39,59,-46,52,-48,55,-50,50,-43,55,-43,48,-52,52,-52,50,-48,48,-50,50,-52,41,-48,41,-55,41,-57,36,-52,39,-55,29,-52,32,-50,25,-52,27,-50,23,-46,18,-48,18,-48,20,-46,9,-50,4,-48,2,-46,0,-46,-4,0,0,0,0,0,0,0,0,0,0]"""
1782173644382,2026-06-23T09:14:04.382,warning,breathing,lmh,lying_fast_breath,t001,"CSI_DATA,18477,1a:00:00:00:00:00,-61,11,-98,13,45,11,130218461,47,2,256,0,""[0,0,0,0,0,0,0,0,0,0,0,0,-4,43,-6,41,-11,41,-16,48,-18,46,-16,46,-20,48,-25,43,-25,55,-32,50,-32,57,-29,52,-36,57,-39,57,-48,48,-50,52,-43,59,-52,55,-48,48,-59,48,-64,46,-62,46,-62,52,-59,52,-66,50,-57,52,-64,48,-66,46,-69,43,-64,46,-66,46,-71,43,-66,46,-66,41,-66,46,-66,52,-64,43,-64,50,-66,48,-59,55,-66,50,-62,55,-64,50,-66,57,-64,52,-71,57,-69,52,-64,55,-69,52,-76,50,-73,57,-73,57,-78,50,-80,52,-80,55,-78,48,-80,52,0,0,0,0,0,0,29,85,34,87,39,80,29,82,36,80,27,80,29,78,27,80,25,76,20,73,25,71,25,71,29,73,20,69,23,69,25,64,29,66,25,64,16,64,25,71,29,62,20,69,18,62,18,62,16,62,18,64,20,66,23,62,20,69,27,62,20,64,18,66,13,69,13,64,16,66,6,71,6,69,4,66,2,73,-2,66,2,64,-2,69,-9,66,-6,62,-13,57,-6,59,-16,55,-16,57,-18,50,-16,52,-23,46,-23,43,-23,39,-25,39,-25,36,-29,32,-32,29,0,0,0,0,0,0,0,0,0,0]"""
1782173644391,2026-06-23T09:14:04.391,warning,breathing,lmh,lying_fast_breath,t001,"CSI_DATA,18478,1a:00:00:00:00:00,-61,11,-98,18,44,11,130229461,47,2,256,0,""[0,0,0,0,0,0,0,0,0,0,0,0,38,-20,40,-15,40,-17,44,-15,51,-13,47,-11,51,-8,51,-4,60,-8,58,0,62,2,62,2,67,2,73,4,69,13,67,15,71,11,71,15,67,13,80,24,69,22,80,24,69,31,73,38,78,35,71,29,71,38,73,35,67,40,71,35,62,38,73,40,71,40,67,38,73,33,71,40,60,26,67,40,76,40,67,47,80,38,62,20,71,51,123,49,105,17,76,33,33,-8,114,47,96,26,114,8,105,62,67,120,141,60,85,17,147,40,49,13,29,31,0,0,0,0,0,0,51,-134,64,-89,35,-2,109,-60,89,-96,4,-62,87,-26,31,-35,42,-17,71,-58,91,2,64,-38,91,-58,58,2,62,-29,69,-17,67,-35,69,-33,64,-29,58,-31,62,-29,62,-33,55,-33,64,-31,62,-22,64,-31,64,-20,69,-29,71,-24,67,-33,62,-22,69,-22,64,-20,67,-22,62,-13,73,-13,69,-13,69,-8,71,-6,67,-2,62,4,67,6,67,11,62,8,62,15,62,11,55,15,58,15,51,22,47,26,49,26,44,24,38,31,38,31,31,33,24,33,26,40,0,0,0,0,0,0,0,0,0,0]"""
1782173644408,2026-06-23T09:14:04.408,warning,breathing,lmh,lying_fast_breath,t001,"CSI_DATA,18479,1a:00:00:00:00:00,-61,11,-98,17,44,11,130247275,47,2,256,0,""[0,0,0,0,0,0,0,0,0,0,0,0,-4,43,-6,43,-16,41,-18,46,-18,43,-18,46,-20,46,-25,41,-27,50,-29,50,-34,50,-32,57,-39,59,-41,55,-46,50,-46,52,-46,57,-52,55,-52,46,-57,43,-59,41,-62,50,-64,46,-64,50,-69,48,-64,52,-71,41,-69,43,-69,41,-66,48,-66,46,-69,43,-64,46,-62,43,-66,41,-66,48,-62,43,-62,50,-64,46,-57,48,-66,50,-62,57,-62,55,-66,52,-69,48,-69,52,-71,52,-71,50,-73,52,-80,50,-73,52,-73,57,-82,55,-82,46,-85,59,-82,55,-85,48,0,0,0,0,0,0,39,92,36,89,39,82,34,78,29,80,29,76,27,73,29,80,25,73,27,76,20,71,18,71,27,69,20,66,18,71,25,64,23,73,20,66,20,66,23,66,27,64,20,66,25,59,20,64,13,64,16,71,16,66,20,66,16,66,23,59,13,66,18,71,16,66,11,73,16,69,4,73,2,71,4,69,0,69,-4,69,-2,64,-2,69,-11,69,-9,62,-13,64,-11,62,-16,57,-18,64,-23,52,-20,46,-23,43,-23,43,-25,43,-29,36,-29,36,-27,36,-32,25,0,0,0,0,0,0,0,0,0,0]"""
1782173644420,2026-06-23T09:14:04.420,warning,breathing,lmh,lying_fast_breath,t001,"CSI_DATA,18480,1a:00:00:00:00:00,-60,11,-98,-12,41,11,130251461,47,2,256,0,""[0,0,0,0,0,0,0,0,0,0,0,0,209,292,134,352,-14,164,-89,-224,224,0,-37,14,97,59,29,14,59,-37,29,-52,74,-22,157,-52,74,-119,82,-29,209,-22,74,-59,134,74,-74,-7,37,-44,37,-89,127,-7,74,-59,119,-22,119,-29,89,-22,89,-59,74,-44,74,-37,89,-22,82,-37,59,-14,74,-29,67,-52,89,-22,59,-44,82,-52,52,-44,59,-37,67,-44,67,-59,67,-59,44,-59,52,-44,52,-82,37,-67,52,-67,52,-82,37,-82,29,-59,59,-119,44,-74,37,-112,37,-112,52,-89,37,-52,29,-59,52,-59,0,0,0,0,0,0,-97,-52,-112,-44,-119,-44,-74,-52,-97,-37,-89,-37,-89,-44,-74,-22,-74,-14,-59,-29,-82,-14,-59,-22,-67,0,-74,-14,-82,-7,-74,0,-74,14,-74,7,-67,7,-82,-7,-74,7,-59,7,-59,0,-67,14,-67,0,-59,14,-74,14,-67,22,-67,22,-59,29,-59,22,-59,14,-74,22,-67,29,-59,7,-74,7,-59,29,-67,22,-59,14,-67,22,-59,7,-67,7,-67,7,-67,22,-59,22,-59,14,-59,0,-52,14,-44,7,-59,14,-44,0,-52,14,-44,7,-37,7,-37,0,-37,0,-37,-7,0,0,0,0,0,0,0,0,0,0]"""
1782173644430,2026-06-23T09:14:04.430,warning,breathing,lmh,lying_fast_breath,t001,"CSI_DATA,18481,1a:00:00:00:00:00,-61,11,-98,16,44,11,130265851,47,2,256,0,""[0,0,0,0,0,0,0,0,0,0,0,0,16,-37,14,-35,18,-42,21,-45,21,-47,18,-45,23,-45,26,-49,21,-56,23,-59,26,-56,21,-59,23,-64,23,-66,28,-61,23,-66,16,-66,21,-75,16,-66,28,-68,28,-78,21,-78,16,-80,11,-78,16,-85,7,-73,9,-78,9,-78,9,-82,0,-75,-2,-73,0,-85,-11,-82,-11,-78,-21,-82,-21,-82,-21,-71,-30,-73,-28,-75,-42,-73,-40,-73,-47,-68,-45,-66,-54,-71,-45,-64,-56,-64,-54,-61,-56,-56,-64,-59,-73,-64,-71,-59,-71,-56,-78,-59,-73,-61,-78,-59,-82,-49,-85,-49,0,0,0,0,0,0,-47,82,-42,85,-33,82,-33,80,-30,80,-28,75,-23,82,-28,80,-23,80,-18,73,-11,68,-9,73,-4,80,-9,75,-4,75,4,71,9,78,7,66,4,66,14,71,21,66,16,68,18,61,18,68,18,68,23,64,28,64,35,61,33,66,37,56,35,59,35,61,37,64,40,54,40,52,35,59,42,59,42,52,45,56,42,52,37,52,40,52,45,54,42,54,42,52,40,45,33,47,40,45,33,40,35,42,28,40,30,37,30,40,26,42,28,40,23,33,21,35,0,0,0,0,0,0,0,0,0,0]"""
1782173644441,2026-06-23T09:14:04.441,warning,breathing,lmh,lying_fast_breath,t001,"CSI_DATA,18482,1a:00:00:00:00:00,-61,11,-98,22,43,11,130273461,47,2,256,0,""[0,0,0,0,0,0,0,0,0,0,0,0,-38,-20,-33,-22,-35,-24,-38,-24,-42,-24,-42,-29,-44,-29,-47,-31,-51,-31,-49,-35,-58,-33,-58,-31,-58,-31,-60,-33,-58,-33,-60,-33,-71,-33,-71,-35,-64,-33,-69,-24,-69,-29,-71,-33,-71,-33,-73,-26,-76,-29,-76,-17,-78,-26,-82,-22,-76,-22,-76,-13,-76,-8,-87,-11,-82,-6,-78,-6,-82,0,-82,6,-76,4,-78,11,-82,15,-80,24,-80,26,-78,33,-80,31,-80,42,-73,35,-73,40,-73,42,-71,47,-71,53,-80,55,-76,58,-71,62,-76,60,-80,62,-73,69,-67,71,-62,67,0,0,0,0,0,0,73,62,76,64,76,53,71,55,71,47,69,49,69,38,73,40,67,40,71,38,67,33,67,31,76,22,71,24,71,24,67,15,73,13,71,8,69,11,76,6,69,-4,73,2,62,-4,67,-8,69,-6,69,-6,76,-11,67,-17,71,-17,64,-24,67,-15,69,-22,71,-22,60,-26,64,-26,71,-22,67,-29,62,-26,64,-24,64,-22,60,-26,62,-26,62,-24,58,-26,58,-20,58,-29,53,-24,53,-26,49,-17,51,-22,51,-17,49,-17,47,-17,44,-15,44,-17,42,-17,44,-4,0,0,0,0,0,0,0,0,0,0]"""
1782173644451,2026-06-23T09:14:04.451,warning,breathing,lmh,lying_fast_breath,t001,"CSI_DATA,18483,1a:00:00:00:00:00,-61,11,-98,18,44,11,130284461,47,2,256,0,""[0,0,0,0,0,0,0,0,0,0,0,0,40,15,40,17,38,20,44,24,42,24,42,29,40,33,42,35,49,38,44,40,44,47,47,40,53,42,51,44,47,55,44,55,51,53,47,58,44,53,51,53,44,55,51,60,44,62,47,67,44,71,47,62,38,67,40,73,42,67,51,64,42,62,51,71,47,62,49,64,51,67,53,64,51,60,51,60,53,60,58,53,58,62,62,51,60,58,67,62,60,60,55,58,60,60,64,60,67,60,71,67,73,67,67,64,62,71,58,67,71,69,71,67,69,69,0,0,0,0,0,0,76,-53,73,-58,71,-60,69,-55,62,-51,64,-47,69,-55,71,-53,67,-49,60,-42,58,-47,58,-35,53,-51,60,-47,60,-47,53,-49,55,-53,51,-47,53,-44,49,-49,42,-49,51,-44,49,-44,51,-44,51,-44,51,-49,49,-47,49,-55,55,-49,47,-47,49,-42,53,-44,51,-49,53,-47,51,-44,62,-44,55,-44,55,-40,60,-40,55,-33,55,-33,62,-31,62,-31,60,-29,58,-22,55,-29,53,-20,55,-22,55,-15,51,-11,53,-8,47,-6,47,-6,53,0,47,2,44,0,42,8,0,0,0,0,0,0,0,0,0,0]"""
1782173644462,2026-06-23T09:14:04.462,warning,breathing,lmh,lying_fast_breath,t001,"CSI_DATA,18484,1a:00:00:00:00:00,-61,11,-98,17,44,11,130295461,47,2,256,0,""[0,0,0,0,0,0,0,0,0,0,0,0,20,-36,25,-36,27,-34,34,-36,32,-34,36,-34,36,-34,41,-32,46,-39,48,-32,52,-39,52,-36,55,-41,57,-39,59,-27,64,-32,66,-39,71,-27,71,-25,66,-20,71,-18,76,-23,78,-27,80,-27,80,-20,73,-27,78,-16,78,-20,78,-13,80,-20,73,-18,82,-18,80,-13,73,-16,76,-18,78,-18,73,-20,78,-25,78,-20,82,-29,80,-23,78,-32,82,-25,87,-29,80,-20,80,-23,82,-25,80,-29,80,-27,92,-27,85,-29,85,-25,94,-23,96,-20,96,-18,96,-18,94,-18,0,0,0,0,0,0,-4,-94,-6,-94,-13,-94,-6,-87,-4,-89,0,-82,-2,-89,2,-85,0,-76,2,-82,0,-78,4,-73,2,-76,4,-73,0,-78,-4,-71,-6,-80,-2,-71,2,-69,-2,-69,-4,-69,0,-69,-4,-64,0,-64,4,-66,4,-66,2,-71,-4,-66,2,-76,-2,-69,2,-69,4,-71,9,-71,6,-69,4,-71,13,-73,13,-69,16,-66,18,-71,23,-64,18,-59,23,-62,23,-64,29,-59,32,-55,25,-55,32,-46,32,-50,34,-43,36,-43,36,-39,29,-36,41,-29,41,-29,36,-25,36,-27,41,-16,0,0,0,0,0,0,0,0,0,0]"""
1782173644474,2026-06-23T09:14:04.474,warning,breathing,lmh,lying_fast_breath,t001,"CSI_DATA,18485,1a:00:00:00:00:00,-61,11,-98,17,44,11,130310234,47,2,256,0,""[0,0,0,0,0,0,0,0,0,0,0,0,-29,-27,-29,-34,-29,-29,-29,-41,-32,-39,-25,-39,-29,-43,-25,-46,-32,-50,-27,-52,-34,-55,-34,-50,-39,-55,-36,-57,-25,-64,-27,-62,-41,-62,-29,-64,-34,-69,-27,-69,-20,-73,-32,-69,-27,-71,-36,-73,-34,-78,-39,-64,-32,-71,-32,-78,-29,-71,-39,-73,-36,-66,-41,-76,-39,-71,-39,-69,-43,-73,-48,-66,-43,-62,-50,-59,-50,-64,-59,-57,-52,-64,-64,-55,-57,-59,-64,-59,-57,-62,-59,-52,-59,-62,-62,-57,-64,-57,-69,-62,-73,-57,-73,-52,-69,-62,-71,-62,-80,-62,-78,-64,-73,-64,0,0,0,0,0,0,-66,73,-62,69,-57,73,-62,66,-55,64,-57,62,-48,66,-57,66,-50,62,-48,57,-48,57,-43,52,-43,64,-39,55,-41,59,-39,57,-34,66,-32,66,-41,59,-32,62,-25,66,-32,64,-27,62,-32,59,-32,59,-32,64,-29,57,-20,71,-27,69,-20,66,-20,59,-27,62,-25,64,-20,71,-25,59,-32,66,-29,62,-27,59,-34,64,-34,57,-27,57,-29,59,-32,59,-29,59,-34,55,-27,50,-36,48,-32,48,-41,46,-34,39,-39,34,-34,34,-36,32,-39,32,-34,32,-36,25,-34,20,0,0,0,0,0,0,0,0,0,0]"""
1782173644484,2026-06-23T09:14:04.484,warning,breathing,lmh,lying_fast_breath,t001,"CSI_DATA,18486,1a:00:00:00:00:00,-61,11,-98,17,44,11,130317461,47,2,256,0,""[0,0,0,0,0,0,0,0,0,0,0,0,-11,-41,-9,-41,-11,-46,-11,-46,-11,-50,-9,-52,-13,-46,-9,-50,-13,-59,-11,-59,-13,-64,-16,-57,-20,-69,-18,-69,-11,-64,-18,-66,-23,-71,-20,-71,-18,-71,-18,-78,-25,-78,-23,-73,-25,-73,-32,-73,-27,-78,-34,-71,-27,-71,-36,-73,-36,-73,-43,-66,-36,-66,-46,-71,-48,-66,-48,-62,-55,-62,-57,-52,-52,-50,-66,-52,-64,-55,-69,-48,-64,-48,-76,-39,-71,-39,-80,-36,-76,-34,-76,-32,-78,-34,-78,-25,-82,-29,-89,-25,-89,-25,-92,-18,-92,-23,-94,-23,-92,-16,-96,-16,-94,-9,0,0,0,0,0,0,-11,94,-9,92,0,89,0,89,6,85,0,82,4,82,4,82,9,78,4,76,9,73,13,71,20,78,18,73,20,71,25,66,34,69,27,64,25,71,32,62,41,55,34,59,36,52,41,55,41,59,43,55,41,50,50,48,48,57,50,46,46,48,50,46,52,50,52,43,52,41,55,50,55,48,52,43,55,48,50,46,50,36,55,41,52,43,50,41,48,41,50,32,48,36,46,36,41,36,41,34,36,36,39,34,34,36,29,36,34,34,29,29,25,29,0,0,0,0,0,0,0,0,0,0]"""
1782173644494,2026-06-23T09:14:04.494,warning,breathing,lmh,lying_fast_breath,t001,"CSI_DATA,18487,1a:00:00:00:00:00,-61,11,-98,17,44,11,130328461,47,2,256,0,""[0,0,0,0,0,0,0,0,0,0,0,0,13,41,11,39,11,41,11,46,11,48,4,50,4,52,0,50,2,62,0,62,-2,64,-2,66,2,64,-4,71,-13,69,-13,69,-9,76,-18,73,-9,66,-18,76,-16,80,-25,76,-23,76,-18,78,-20,82,-20,73,-29,76,-29,78,-29,76,-20,80,-25,73,-27,78,-23,78,-25,73,-23,82,-23,82,-20,76,-18,80,-20,80,-16,82,-20,80,-11,80,-18,82,-11,85,-13,78,-13,80,-18,87,-13,85,-13,89,-18,94,-13,92,-20,89,-29,92,-25,92,-20,96,-23,92,-18,94,0,0,0,0,0,0,92,36,89,34,87,23,78,36,85,32,71,36,78,27,78,36,73,32,69,34,73,27,64,29,76,25,66,27,62,32,71,25,73,25,66,25,59,29,66,23,64,16,62,25,57,20,62,25,57,29,66,25,66,27,64,20,66,25,62,23,59,27,62,32,64,29,64,27,59,29,59,36,64,34,59,34,57,39,52,39,50,36,55,41,52,46,48,41,41,46,48,41,41,48,43,43,27,43,34,43,29,48,25,46,25,46,18,48,20,41,11,43,4,43,0,0,0,0,0,0,0,0,0,0]"""
1782173644503,2026-06-23T09:14:04.503,warning,breathing,lmh,lying_fast_breath,t001,"CSI_DATA,18488,1a:00:00:00:00:00,-61,11,-98,17,44,11,130339461,47,2,256,0,""[0,0,0,0,0,0,0,0,0,0,0,0,27,27,25,34,27,36,29,43,23,41,23,43,25,43,25,46,29,50,27,52,32,57,32,57,34,59,29,59,25,66,29,64,34,64,32,69,32,64,20,73,27,78,29,73,32,73,36,73,36,76,41,71,36,73,39,78,36,71,46,71,36,64,46,76,46,69,43,66,50,64,50,64,46,57,55,55,57,59,64,55,62,59,66,48,64,55,69,50,62,50,71,46,73,50,69,46,71,52,80,52,80,50,76,46,85,55,78,52,87,52,87,50,82,46,0,0,0,0,0,0,55,-80,48,-78,36,-78,43,-73,41,-73,39,-73,36,-71,41,-80,34,-73,34,-66,32,-71,29,-64,25,-76,29,-71,27,-69,16,-64,20,-73,16,-71,25,-66,13,-64,9,-71,18,-66,9,-66,13,-69,16,-71,9,-69,2,-64,2,-69,4,-71,-4,-69,2,-66,0,-71,6,-69,2,-73,4,-62,9,-71,6,-71,4,-69,6,-69,9,-66,4,-62,6,-66,9,-69,9,-64,13,-64,4,-57,13,-55,11,-59,16,-52,11,-52,18,-50,16,-41,20,-50,25,-41,23,-46,23,-36,29,-34,0,0,0,0,0,0,0,0,0,0]"""
1782173644515,2026-06-23T09:14:04.515,warning,breathing,lmh,lying_fast_breath,t001,"CSI_DATA,18489,1a:00:00:00:00:00,-61,11,-98,17,44,11,130350460,47,2,256,0,""[0,0,0,0,0,0,0,0,0,0,0,0,41,16,36,18,41,20,41,23,46,27,41,25,46,25,48,29,52,23,52,29,55,27,59,25,62,27,62,27,59,32,69,32,69,23,69,34,62,27,59,20,66,27,73,27,78,25,78,20,82,25,78,18,78,23,82,18,82,20,78,9,80,4,85,4,80,0,76,-4,80,-9,82,-11,78,-11,76,-20,78,-18,78,-29,78,-23,76,-39,76,-36,78,-46,69,-36,69,-48,71,-50,64,-52,69,-57,71,-62,66,-59,69,-66,69,-64,71,-62,59,-71,59,-69,62,-76,0,0,0,0,0,0,-73,-57,-73,-55,-78,-41,-73,-43,-80,-46,-71,-39,-76,-32,-76,-39,-73,-27,-64,-29,-71,-25,-71,-20,-80,-20,-76,-16,-69,-16,-73,-6,-71,-6,-71,-2,-66,0,-73,2,-66,9,-73,2,-59,9,-62,9,-66,9,-64,13,-66,18,-62,25,-69,23,-59,29,-64,25,-62,29,-66,25,-64,29,-62,34,-64,29,-64,29,-57,34,-62,34,-59,34,-55,29,-62,29,-64,32,-59,32,-55,27,-52,36,-52,23,-48,29,-48,23,-46,32,-48,20,-43,23,-43,23,-46,20,-36,20,-39,16,-41,13,0,0,0,0,0,0,0,0,0,0]"""
1782173644525,2026-06-23T09:14:04.525,warning,breathing,lmh,lying_fast_breath,t001,"CSI_DATA,18490,1a:00:00:00:00:00,-61,11,-98,19,44,11,130361460,47,2,256,0,""[0,0,0,0,0,0,0,0,0,0,0,0,0,-39,2,-41,0,-43,4,-50,4,-50,4,-50,4,-52,4,-52,2,-60,4,-63,6,-60,2,-60,0,-69,4,-69,8,-71,4,-69,-2,-76,6,-78,6,-71,6,-76,10,-76,0,-78,4,-78,0,-84,-2,-84,-10,-80,-4,-78,-6,-80,-6,-84,-17,-80,-13,-71,-17,-84,-19,-80,-21,-76,-28,-80,-30,-76,-30,-71,-34,-76,-36,-73,-45,-67,-41,-73,-50,-60,-47,-67,-58,-67,-54,-65,-54,-56,-60,-63,-60,-56,-71,-56,-69,-67,-71,-63,-71,-52,-71,-60,-73,-56,-84,-58,-82,-54,-80,-52,0,0,0,0,0,0,-63,78,-50,76,-39,87,-47,76,-41,76,-41,73,-34,73,-36,80,-32,73,-34,71,-26,71,-26,65,-15,78,-19,73,-19,76,-8,67,-6,76,-6,71,-8,69,2,67,4,69,-4,71,4,69,2,71,0,71,4,67,6,69,17,67,10,76,19,65,15,65,15,69,19,65,19,69,17,63,17,73,19,69,19,67,21,71,13,63,21,58,17,60,19,67,23,65,10,60,19,58,17,60,15,60,8,56,6,45,8,54,6,50,8,50,4,47,2,50,0,43,-2,43,0,0,0,0,0,0,0,0,0,0]"""
1782173644535,2026-06-23T09:14:04.535,warning,breathing,lmh,lying_fast_breath,t001,"CSI_DATA,18491,1a:00:00:00:00:00,-61,11,-98,21,43,11,130372460,47,2,256,0,""[0,0,0,0,0,0,0,0,0,0,0,0,-43,-4,-41,-4,-43,-6,-48,-9,-50,-13,-46,-13,-50,-9,-50,-13,-59,-13,-59,-16,-59,-18,-57,-16,-66,-18,-64,-13,-64,-25,-66,-18,-78,-16,-73,-23,-71,-25,-66,-23,-69,-27,-78,-23,-76,-23,-82,-20,-80,-27,-82,-13,-73,-20,-80,-16,-82,-20,-76,-11,-73,-16,-78,-11,-82,-4,-76,-9,-85,-4,-82,0,-78,2,-80,6,-80,4,-82,18,-82,11,-87,23,-82,18,-87,25,-80,18,-80,23,-82,27,-76,32,-82,29,-87,32,-85,41,-82,34,-92,34,-92,32,-92,41,-85,41,-82,43,0,0,0,0,0,0,39,94,39,89,41,76,41,78,48,78,39,71,43,73,39,73,43,66,41,62,41,62,43,55,48,59,46,62,46,52,52,48,50,55,48,50,50,52,55,46,62,43,52,48,50,36,55,39,52,43,59,41,59,41,59,29,59,36,62,25,55,32,66,39,62,39,62,29,59,27,62,39,59,29,62,32,62,36,57,39,57,34,55,34,55,41,57,34,55,36,52,32,43,34,50,32,41,32,41,36,39,34,39,32,34,29,32,36,29,36,27,39,25,36,0,0,0,0,0,0,0,0,0,0]"""
1782173644546,2026-06-23T09:14:04.546,warning,breathing,lmh,lying_fast_breath,t001,"CSI_DATA,18492,1a:00:00:00:00:00,-61,11,-98,17,44,11,130383460,47,2,256,0,""[0,0,0,0,0,0,0,0,0,0,0,0,4,39,2,43,2,48,-2,46,-4,50,-4,50,-9,48,-13,52,-2,59,-9,57,-9,59,-6,62,-6,66,-6,71,-18,71,-11,73,-9,76,-20,71,-20,66,-13,64,-23,69,-20,78,-23,80,-16,76,-18,80,-13,76,-23,78,-20,80,-20,78,-9,80,-18,73,-13,80,-11,80,-9,73,-4,82,-2,82,-4,80,4,76,0,80,9,85,4,80,11,80,9,85,18,92,9,76,16,80,16,85,18,80,18,89,18,89,25,92,25,89,16,92,18,87,29,99,25,92,27,94,0,0,0,0,0,0,96,-16,94,-18,85,-25,82,-20,89,-27,76,-18,85,-23,80,-23,80,-18,71,-16,66,-25,69,-20,71,-27,71,-27,71,-23,62,-29,71,-36,64,-39,62,-27,64,-29,57,-41,62,-34,55,-34,57,-29,62,-34,59,-34,62,-34,57,-46,62,-41,50,-46,57,-39,59,-36,59,-36,55,-43,55,-36,62,-39,59,-36,59,-39,62,-34,59,-34,57,-32,59,-27,62,-34,59,-32,57,-27,57,-29,55,-20,59,-20,52,-16,50,-18,55,-11,43,-13,48,-9,50,-4,46,-9,46,-6,41,2,0,0,0,0,0,0,0,0,0,0]"""
1782173644557,2026-06-23T09:14:04.557,warning,breathing,lmh,lying_fast_breath,t001,"CSI_DATA,18493,1a:00:00:00:00:00,-61,11,-98,17,44,11,130394460,47,2,256,0,""[0,0,0,0,0,0,0,0,0,0,0,0,13,39,11,41,13,50,9,50,13,48,11,43,11,48,11,52,16,57,11,57,18,62,16,59,20,66,16,64,16,71,20,69,27,69,20,71,16,66,23,69,25,71,23,78,25,73,32,71,27,78,34,71,29,76,36,76,36,71,41,66,39,62,48,71,46,62,48,62,57,59,57,55,57,52,62,48,57,52,76,50,64,48,73,39,71,43,78,36,69,32,80,27,80,32,85,27,85,23,85,27,92,27,87,23,89,25,92,25,94,16,101,13,96,4,0,0,0,0,0,0,11,-96,11,-92,0,-94,4,-87,0,-85,-2,-87,-2,-82,-4,-82,-11,-76,-9,-73,-13,-71,-9,-71,-20,-76,-20,-73,-18,-66,-25,-69,-34,-64,-29,-64,-23,-62,-34,-62,-41,-59,-36,-62,-39,-52,-34,-52,-39,-55,-43,-55,-46,-52,-48,-48,-48,-52,-52,-41,-48,-46,-52,-46,-52,-48,-55,-43,-52,-39,-55,-46,-55,-46,-55,-46,-59,-43,-52,-41,-50,-36,-52,-39,-52,-43,-55,-41,-50,-43,-48,-36,-43,-39,-48,-39,-41,-32,-41,-32,-39,-36,-39,-29,-32,-29,-34,-39,-29,-36,-25,-32,-27,-34,0,0,0,0,0,0,0,0,0,0]"""
1782173644568,2026-06-23T09:14:04.568,warning,breathing,lmh,lying_fast_breath,t001,"CSI_DATA,18494,1a:00:00:00:00:00,-61,11,-98,17,44,11,130405460,47,2,256,0,""[0,0,0,0,0,0,0,0,0,0,0,0,29,-25,36,-23,36,-25,46,-23,36,-25,41,-25,46,-27,46,-27,50,-32,50,-34,55,-34,55,-34,55,-36,52,-39,62,-32,55,-32,64,-41,64,-34,59,-41,64,-41,64,-46,66,-36,62,-43,62,-46,64,-43,59,-48,64,-46,64,-48,62,-46,59,-55,59,-46,62,-62,59,-59,48,-59,52,-64,46,-64,39,-59,41,-66,43,-71,34,-71,39,-71,29,-73,34,-73,29,-82,27,-78,23,-82,20,-80,20,-80,18,-85,23,-94,13,-94,16,-87,20,-92,20,-92,13,-99,13,-101,11,-92,0,0,0,0,0,0,-99,-16,-99,-13,-94,-4,-89,-4,-78,0,-82,-4,-78,0,-89,4,-78,4,-78,4,-76,6,-73,6,-76,11,-71,13,-69,13,-66,23,-69,23,-69,23,-66,18,-66,23,-64,32,-62,23,-59,29,-59,27,-57,27,-57,32,-57,29,-55,43,-62,36,-52,41,-57,34,-62,41,-55,36,-55,46,-57,41,-64,41,-59,41,-52,41,-57,43,-55,36,-48,39,-55,36,-55,34,-52,34,-52,36,-50,34,-50,32,-48,34,-52,27,-43,23,-46,18,-41,20,-43,20,-43,16,-43,16,-41,11,-43,6,0,0,0,0,0,0,0,0,0,0]"""
1782173644577,2026-06-23T09:14:04.577,warning,breathing,lmh,lying_fast_breath,t001,"CSI_DATA,18495,1a:00:00:00:00:00,-61,11,-98,17,44,11,130416922,47,2,256,0,""[0,0,0,0,0,0,0,0,0,0,0,0,36,20,32,25,34,29,39,29,41,32,34,36,36,34,36,39,39,41,41,46,36,50,36,46,41,52,41,57,34,59,36,66,41,62,32,66,32,62,39,66,29,66,32,76,29,73,27,71,29,78,32,71,27,73,27,78,20,78,32,73,23,76,27,76,29,80,29,76,32,80,29,73,27,66,36,76,32,78,41,71,29,76,39,73,32,76,46,80,32,76,41,73,36,76,43,76,39,78,39,85,43,82,34,78,32,89,32,87,41,89,41,87,41,87,0,0,0,0,0,0,89,-18,92,-25,82,-34,82,-18,89,-23,76,-16,82,-16,82,-20,78,-20,76,-16,76,-18,69,-13,71,-23,73,-16,71,-16,69,-23,73,-23,76,-18,69,-13,69,-13,62,-25,69,-11,62,-23,66,-18,71,-18,66,-13,66,-16,66,-27,69,-16,69,-27,66,-11,62,-13,69,-16,69,-13,64,-9,73,-9,69,-13,69,-6,73,-6,69,0,64,-2,66,6,69,4,66,4,57,9,64,9,55,16,57,13,50,16,50,18,52,23,46,20,43,23,41,32,39,29,34,25,29,32,0,0,0,0,0,0,0,0,0,0]"""
1782173644589,2026-06-23T09:14:04.589,warning,breathing,lmh,lying_fast_breath,t001,"CSI_DATA,18496,1a:00:00:00:00:00,-61,11,-98,22,43,11,130427460,47,2,256,0,""[0,0,0,0,0,0,0,0,0,0,0,0,-38,-11,-38,-11,-44,-13,-47,-17,-49,-15,-47,-15,-51,-17,-49,-17,-58,-20,-58,-15,-60,-15,-62,-11,-69,-8,-69,-11,-64,-20,-71,-13,-80,-8,-73,-20,-69,-13,-69,-4,-69,-13,-80,-11,-80,-8,-78,-4,-85,-4,-82,2,-80,-4,-82,2,-78,2,-80,8,-76,6,-85,15,-78,20,-76,20,-80,24,-76,33,-69,24,-69,38,-71,40,-67,47,-71,44,-64,55,-69,55,-64,60,-62,60,-53,62,-58,62,-51,64,-53,69,-55,73,-55,76,-51,78,-58,80,-53,78,-44,87,-40,89,-38,87,0,0,0,0,0,0,85,40,91,35,89,31,85,33,85,24,78,26,85,13,85,17,80,15,73,13,78,6,71,6,78,-2,76,0,76,0,67,-6,76,-11,71,-13,71,-15,67,-17,71,-33,69,-20,60,-24,60,-26,67,-24,64,-33,62,-33,58,-44,58,-40,55,-42,53,-40,62,-47,58,-42,55,-47,49,-44,58,-47,60,-51,53,-47,53,-44,51,-49,47,-42,53,-49,53,-47,44,-42,49,-42,44,-44,44,-38,40,-44,40,-35,42,-38,42,-35,33,-33,40,-29,38,-31,35,-29,35,-26,40,-22,0,0,0,0,0,0,0,0,0,0]"""
1782173644600,2026-06-23T09:14:04.600,warning,breathing,lmh,lying_fast_breath,t001,"CSI_DATA,18497,1a:00:00:00:00:00,-60,11,-98,19,44,11,130438460,47,2,256,0,""[0,0,0,0,0,0,0,0,0,0,0,0,13,39,13,41,13,45,8,45,13,47,10,47,10,50,8,50,15,56,10,63,13,58,17,60,19,65,19,67,15,69,19,69,21,73,15,76,15,73,21,73,19,71,21,80,26,73,26,78,26,82,32,69,21,73,28,78,32,73,39,73,36,67,39,76,41,71,39,65,47,71,54,65,50,56,63,58,58,56,67,52,65,56,69,45,67,50,78,50,71,45,71,39,76,43,76,36,84,36,84,43,87,34,87,34,93,39,87,32,100,26,97,32,93,21,0,0,0,0,0,0,30,-97,23,-97,15,-91,15,-87,13,-87,15,-84,13,-84,13,-95,6,-82,4,-76,0,-73,0,-73,-6,-78,-2,-76,-8,-73,-13,-71,-17,-78,-13,-69,-13,-73,-21,-69,-30,-67,-23,-67,-28,-58,-23,-63,-23,-65,-32,-63,-28,-60,-36,-58,-34,-63,-41,-56,-34,-56,-39,-65,-39,-63,-43,-58,-41,-58,-41,-60,-36,-60,-41,-54,-41,-63,-41,-56,-41,-54,-39,-52,-36,-56,-41,-54,-36,-54,-36,-45,-32,-50,-34,-54,-28,-45,-26,-45,-26,-45,-26,-41,-21,-45,-21,-43,-17,-43,-19,-36,-15,-39,0,0,0,0,0,0,0,0,0,0]"""
1782173644612,2026-06-23T09:14:04.612,warning,breathing,lmh,lying_fast_breath,t001,"CSI_DATA,18498,1a:00:00:00:00:00,-60,11,-98,17,44,11,130449460,47,2,256,0,""[0,0,0,0,0,0,0,0,0,0,0,0,-4,-36,0,-41,0,-43,6,-50,4,-48,6,-46,11,-50,16,-52,13,-59,20,-57,18,-62,20,-57,18,-64,23,-66,32,-59,34,-64,34,-69,41,-64,41,-59,36,-59,41,-59,43,-64,46,-62,50,-64,52,-66,43,-62,55,-62,52,-62,55,-62,50,-64,50,-57,55,-62,50,-62,50,-59,50,-66,52,-64,48,-62,48,-66,50,-66,48,-73,50,-69,46,-71,52,-64,43,-69,46,-64,50,-71,55,-66,43,-71,55,-71,55,-73,50,-71,52,-78,59,-78,59,-69,59,-76,62,-76,64,-69,0,0,0,0,0,0,-59,-76,-59,-73,-62,-66,-55,-69,-55,-66,-48,-59,-52,-62,-57,-71,-50,-59,-43,-64,-48,-62,-43,-59,-48,-59,-46,-57,-46,-62,-48,-55,-48,-57,-46,-55,-43,-55,-43,-57,-46,-52,-43,-57,-43,-48,-39,-50,-41,-50,-41,-55,-39,-55,-48,-50,-43,-59,-46,-50,-39,-55,-41,-59,-34,-57,-41,-59,-39,-57,-29,-64,-34,-64,-29,-62,-32,-64,-25,-66,-23,-59,-25,-62,-23,-64,-18,-62,-13,-62,-16,-62,-6,-59,-11,-59,0,-57,0,-57,4,-52,2,-52,6,-46,13,-52,13,-41,11,-43,20,-41,0,0,0,0,0,0,0,0,0,0]"""
1782173644624,2026-06-23T09:14:04.624,warning,breathing,lmh,lying_fast_breath,t001,"CSI_DATA,18499,1a:00:00:00:00:00,-61,11,-98,17,44,11,130460460,47,2,256,0,""[0,0,0,0,0,0,0,0,0,0,0,0,-39,20,-36,13,-46,13,-46,9,-48,11,-48,6,-50,9,-52,2,-59,2,-59,0,-64,-2,-62,-2,-66,-4,-69,-2,-59,-16,-69,-16,-71,-13,-71,-20,-64,-20,-73,-20,-76,-25,-73,-32,-69,-29,-71,-34,-73,-39,-73,-32,-69,-41,-69,-41,-69,-43,-69,-36,-62,-39,-71,-43,-73,-48,-64,-41,-73,-46,-66,-39,-69,-36,-69,-39,-69,-48,-73,-36,-66,-41,-76,-36,-71,-43,-78,-46,-66,-43,-71,-41,-71,-48,-71,-36,-73,-48,-78,-55,-78,-52,-71,-52,-71,-55,-71,-64,-76,-66,-76,-62,-62,-66,0,0,0,0,0,0,-78,59,-78,55,-69,64,-69,57,-71,50,-69,48,-73,52,-73,46,-69,43,-66,34,-66,41,-62,41,-59,43,-66,39,-66,36,-55,41,-66,46,-64,34,-59,27,-59,34,-57,39,-66,29,-57,29,-62,29,-66,29,-66,29,-62,29,-62,29,-66,25,-62,29,-62,23,-62,20,-71,20,-66,25,-64,20,-73,13,-71,11,-66,9,-71,6,-66,4,-66,6,-66,2,-71,-4,-66,-2,-59,-13,-62,-9,-55,-13,-59,-11,-50,-18,-55,-18,-46,-23,-43,-20,-39,-25,-39,-32,-36,-27,-32,-25,-27,-36,0,0,0,0,0,0,0,0,0,0]"""
1782173644634,2026-06-23T09:14:04.634,warning,breathing,lmh,lying_fast_breath,t001,"CSI_DATA,18500,1a:00:00:00:00:00,-61,11,-98,18,44,11,130472077,47,2,256,0,""[0,0,0,0,0,0,0,0,0,0,0,0,-38,-20,-35,-22,-35,-24,-38,-26,-40,-29,-33,-33,-38,-33,-42,-33,-47,-38,-40,-42,-42,-44,-51,-42,-47,-47,-49,-47,-44,-53,-44,-53,-49,-51,-49,-53,-47,-51,-53,-58,-51,-55,-47,-60,-53,-53,-53,-58,-58,-62,-55,-49,-49,-58,-53,-58,-55,-58,-62,-55,-55,-51,-62,-60,-62,-53,-58,-51,-69,-53,-67,-47,-62,-42,-69,-44,-71,-44,-78,-35,-73,-38,-76,-29,-73,-35,-80,-35,-76,-33,-80,-29,-76,-31,-80,-26,-82,-24,-85,-33,-87,-31,-85,-24,-89,-38,-89,-35,-91,-29,-98,-26,-91,-24,0,0,0,0,0,0,-33,87,-29,85,-26,89,-24,82,-22,80,-22,80,-22,80,-26,85,-22,73,-22,76,-17,78,-11,73,-8,73,-11,76,-13,73,-4,73,-2,73,-6,69,-11,71,-4,71,6,71,-2,69,-2,69,0,67,0,69,2,71,2,67,11,67,2,73,11,69,6,69,8,73,4,73,8,69,8,64,2,73,6,71,8,67,6,69,2,64,6,64,2,62,0,69,0,69,-4,62,-2,58,-6,58,0,64,-6,51,-6,55,-8,53,-11,51,-11,47,-15,49,-15,40,-15,42,-17,38,0,0,0,0,0,0,0,0,0,0]"""
1782173644644,2026-06-23T09:14:04.644,warning,breathing,lmh,lying_fast_breath,t001,"CSI_DATA,18501,1a:00:00:00:00:00,-61,11,-98,17,44,11,130482460,47,2,256,0,""[0,0,0,0,0,0,0,0,0,0,0,0,-9,43,-9,41,-9,46,-16,46,-13,46,-13,48,-18,50,-13,46,-18,57,-23,55,-23,57,-23,59,-20,64,-23,66,-25,64,-23,66,-18,69,-25,71,-23,66,-29,73,-27,78,-23,78,-23,71,-23,73,-25,82,-16,76,-25,73,-20,80,-13,78,-13,80,-13,73,-6,85,-4,82,-4,80,0,87,4,82,2,73,6,76,9,80,18,85,13,82,25,78,23,78,29,82,29,76,34,69,34,80,39,80,43,76,41,85,43,87,46,78,43,85,43,80,52,85,55,80,52,78,0,0,0,0,0,0,82,-50,82,-52,73,-55,73,-52,69,-57,69,-50,66,-52,71,-59,62,-50,57,-48,50,-48,52,-52,48,-62,52,-57,48,-57,41,-57,41,-64,41,-62,46,-59,34,-59,25,-66,34,-64,25,-59,25,-62,27,-62,25,-69,25,-64,18,-69,20,-69,16,-64,20,-64,25,-66,18,-71,13,-69,16,-64,18,-71,16,-69,13,-66,16,-69,16,-64,18,-64,18,-66,18,-64,13,-62,18,-62,18,-62,20,-52,16,-59,20,-48,11,-50,16,-46,18,-48,20,-46,25,-36,20,-43,20,-36,29,-36,0,0,0,0,0,0,0,0,0,0]"""
1782173644655,2026-06-23T09:14:04.655,warning,breathing,lmh,lying_fast_breath,t001,"CSI_DATA,18502,1a:00:00:00:00:00,-61,11,-98,21,43,11,130493617,47,2,256,0,""[0,0,0,0,0,0,0,0,0,0,0,0,-43,0,-39,-2,-43,0,-46,-11,-50,-11,-50,-9,-50,-6,-55,-11,-57,-11,-57,-11,-62,-11,-64,-13,-64,-9,-69,-11,-64,-18,-71,-20,-73,-13,-73,-20,-71,-18,-66,-16,-71,-18,-76,-16,-80,-20,-80,-16,-80,-20,-78,-13,-78,-20,-80,-16,-78,-18,-80,-11,-76,-11,-85,-9,-78,-4,-78,-2,-85,0,-82,2,-71,4,-82,11,-82,9,-82,11,-76,11,-80,23,-82,18,-80,25,-78,20,-80,32,-80,27,-76,34,-73,34,-82,32,-87,36,-89,39,-92,39,-87,32,-89,41,-85,39,-85,39,0,0,0,0,0,0,39,85,36,82,46,78,43,80,43,71,36,73,46,69,43,78,41,64,41,71,43,64,43,57,46,62,48,59,48,57,50,52,57,48,50,52,48,50,50,50,57,43,50,48,50,39,50,41,57,41,52,41,55,39,62,34,59,41,64,32,57,39,62,36,62,39,62,36,62,32,62,43,62,34,59,39,62,36,57,39,55,34,59,41,50,43,59,36,52,36,50,36,46,41,50,34,36,36,46,36,41,34,41,32,32,34,32,39,32,39,27,34,25,34,0,0,0,0,0,0,0,0,0,0]"""
1782173644666,2026-06-23T09:14:04.666,warning,breathing,lmh,lying_fast_breath,t001,"CSI_DATA,18503,1a:00:00:00:00:00,-61,11,-98,18,44,11,130504498,47,2,256,0,""[0,0,0,0,0,0,0,0,0,0,0,0,-4,40,-8,42,-8,42,-13,51,-11,47,-13,47,-15,49,-17,49,-13,58,-20,58,-15,60,-8,60,-11,69,-15,69,-20,67,-15,71,-8,73,-13,71,-13,71,-6,80,-6,73,-11,80,-4,73,-2,80,-4,85,6,78,2,78,6,80,4,80,11,82,11,76,17,85,17,80,22,78,24,80,33,73,31,64,44,69,40,71,47,64,49,71,58,60,53,67,64,62,60,60,62,53,64,53,69,51,69,53,76,55,78,51,76,38,80,53,82,47,89,38,91,40,87,42,0,0,0,0,0,0,35,-89,31,-89,22,-91,22,-82,17,-82,15,-85,8,-82,15,-85,6,-82,13,-78,2,-73,2,-71,-6,-80,-4,-76,-4,-69,-13,-67,-17,-73,-15,-69,-17,-69,-24,-64,-31,-64,-29,-69,-33,-55,-33,-60,-29,-62,-35,-60,-38,-58,-44,-51,-47,-60,-49,-49,-44,-51,-51,-53,-49,-53,-53,-51,-51,-42,-49,-58,-53,-49,-51,-51,-53,-49,-47,-47,-47,-40,-51,-42,-51,-47,-51,-38,-51,-44,-49,-38,-42,-35,-47,-38,-40,-38,-40,-33,-35,-33,-33,-29,-35,-33,-35,-35,-38,-35,-33,-31,-26,-35,0,0,0,0,0,0,0,0,0,0]"""
1782173644677,2026-06-23T09:14:04.677,warning,breathing,lmh,lying_fast_breath,t001,"CSI_DATA,18504,1a:00:00:00:00:00,-60,11,-98,21,43,11,130516034,47,2,256,0,""[0,0,0,0,0,0,0,0,0,0,0,0,-43,0,-43,-2,-43,-2,-48,0,-48,-2,-52,-4,-52,-4,-50,-4,-64,0,-59,2,-64,-2,-64,0,-66,4,-66,2,-66,-2,-71,2,-78,13,-78,0,-76,6,-71,0,-69,2,-80,13,-76,6,-80,13,-85,13,-78,25,-78,16,-85,20,-78,25,-76,29,-71,27,-78,34,-71,36,-66,36,-71,48,-66,48,-59,46,-57,57,-59,57,-55,62,-57,64,-43,69,-48,69,-46,78,-39,76,-34,73,-36,78,-34,80,-32,82,-29,85,-27,92,-20,85,-32,96,-27,89,-23,94,-16,99,-13,87,0,0,0,0,0,0,94,11,96,9,92,-2,92,2,85,-2,87,2,76,-9,92,-9,82,-6,80,-4,71,-16,71,-11,73,-23,66,-25,71,-25,66,-29,66,-34,64,-36,64,-32,57,-36,57,-43,57,-39,48,-41,50,-43,52,-41,48,-46,48,-48,41,-52,46,-59,39,-59,41,-55,43,-59,36,-59,34,-59,32,-55,41,-62,36,-59,34,-59,34,-59,34,-57,29,-59,34,-62,32,-57,29,-62,34,-55,23,-57,32,-52,27,-57,29,-48,23,-46,29,-46,23,-43,25,-41,27,-36,27,-41,23,-43,32,-32,0,0,0,0,0,0,0,0,0,0]"""
1782173644688,2026-06-23T09:14:04.688,warning,breathing,lmh,lying_fast_breath,t001,"CSI_DATA,18505,1a:00:00:00:00:00,-61,11,-98,16,44,11,130526459,47,2,256,0,""[0,0,0,0,0,0,0,0,0,0,0,0,-14,45,-16,37,-18,42,-21,47,-18,42,-18,45,-23,47,-28,47,-23,52,-30,52,-26,56,-26,59,-26,66,-33,61,-33,59,-33,64,-28,71,-35,64,-35,64,-33,68,-33,64,-35,73,-33,66,-35,73,-37,75,-28,73,-35,71,-37,75,-30,73,-23,80,-28,71,-26,80,-21,80,-21,75,-18,82,-11,82,-9,75,-4,80,-9,82,2,82,-2,85,9,82,4,85,11,90,9,82,9,85,9,85,16,80,18,87,21,92,26,94,23,90,21,94,16,90,33,97,30,99,35,94,0,0,0,0,0,0,97,-28,87,-30,85,-37,87,-21,80,-30,75,-26,78,-33,78,-33,71,-33,73,-33,68,-35,61,-28,66,-37,66,-40,61,-37,56,-42,59,-49,56,-42,59,-42,52,-45,47,-54,54,-45,47,-45,45,-52,47,-45,45,-52,47,-49,40,-59,45,-59,37,-54,42,-52,42,-54,40,-56,37,-59,35,-52,47,-61,45,-54,40,-56,47,-59,47,-49,40,-49,45,-54,45,-52,37,-49,45,-47,37,-49,45,-42,37,-45,45,-40,35,-35,40,-35,33,-33,40,-28,40,-26,42,-28,35,-23,42,-18,0,0,0,0,0,0,0,0,0,0]"""
1782173644699,2026-06-23T09:14:04.699,warning,breathing,lmh,lying_fast_breath,t001,"CSI_DATA,18506,1a:00:00:00:00:00,-61,11,-98,16,44,11,130537459,47,2,256,0,""[0,0,0,0,0,0,0,0,0,0,0,0,42,2,40,9,45,11,49,14,47,16,49,11,47,16,49,16,56,18,56,26,54,26,59,23,68,26,64,30,59,33,66,30,71,26,71,35,64,30,68,37,71,37,73,35,68,35,66,33,73,40,73,30,71,42,73,40,68,37,73,30,71,28,78,28,78,33,71,26,82,18,78,21,80,21,80,9,73,16,97,4,80,11,87,4,68,-35,97,11,94,2,30,49,90,0,87,7,23,-30,54,18,80,26,128,45,26,-14,128,-16,125,-40,56,78,92,-26,0,0,0,0,0,0,11,-87,-94,-123,7,-82,-26,-90,37,-154,14,-40,-35,-90,-54,-49,-18,-37,-2,-71,-2,-66,40,-75,-21,-71,-9,-82,-33,-99,-23,-68,-23,-73,-11,-73,-16,-64,-23,-73,-30,-66,-14,-68,-21,-56,-26,-61,-21,-71,-23,-64,-26,-66,-35,-59,-28,-66,-37,-61,-28,-59,-30,-64,-30,-68,-35,-61,-26,-66,-26,-68,-26,-61,-30,-61,-21,-68,-23,-64,-26,-61,-21,-64,-18,-68,-21,-64,-11,-61,-21,-61,-14,-56,-14,-61,-9,-54,-7,-49,-4,-54,-9,-52,-4,-47,0,-52,4,-49,2,-45,11,-45,0,0,0,0,0,0,0,0,0,0]"""
1782173644712,2026-06-23T09:14:04.712,warning,breathing,lmh,lying_fast_breath,t001,"CSI_DATA,18507,1a:00:00:00:00:00,-60,11,-98,19,44,11,130550439,47,2,256,0,""[0,0,0,0,0,0,0,0,0,0,0,0,-30,32,-28,28,-34,30,-36,32,-39,36,-41,32,-36,36,-41,34,-41,41,-45,36,-45,43,-45,43,-47,50,-50,50,-58,45,-50,47,-50,58,-52,54,-47,52,-52,56,-47,56,-54,63,-47,58,-50,65,-50,67,-43,65,-47,63,-47,71,-41,67,-32,73,-34,63,-34,80,-32,78,-28,80,-26,82,-19,78,-15,76,-13,76,-10,80,0,87,-4,82,8,82,4,87,13,91,10,87,13,82,19,89,17,84,26,87,26,93,34,84,36,91,30,95,28,91,41,89,43,91,47,82,0,0,0,0,0,0,87,-45,87,-47,73,-60,73,-45,67,-47,71,-47,67,-50,69,-58,60,-52,60,-52,52,-56,54,-54,47,-60,47,-60,43,-58,39,-60,39,-71,32,-63,39,-60,28,-60,21,-67,28,-63,21,-65,19,-63,21,-65,17,-69,19,-69,8,-69,13,-71,4,-67,10,-67,8,-76,8,-71,-6,-73,2,-67,6,-80,2,-71,-4,-69,2,-73,4,-65,-2,-63,0,-67,-2,-69,-4,-67,0,-69,-2,-63,4,-63,0,-63,2,-56,2,-56,2,-54,4,-52,4,-50,6,-52,8,-45,8,-41,8,-41,0,0,0,0,0,0,0,0,0,0]"""
1782173644722,2026-06-23T09:14:04.722,warning,breathing,lmh,lying_fast_breath,t001,"CSI_DATA,18508,1a:00:00:00:00:00,-61,11,-98,17,44,11,130559459,47,2,256,0,""[0,0,0,0,0,0,0,0,0,0,0,0,-32,25,-36,25,-41,23,-43,20,-46,23,-43,18,-50,20,-50,13,-59,20,-59,16,-59,13,-62,18,-66,16,-66,13,-69,2,-71,6,-69,13,-78,6,-71,2,-80,-4,-80,-9,-76,-2,-76,2,-80,-2,-82,-2,-80,2,-78,-6,-78,-4,-82,-9,-82,-2,-73,-2,-85,-4,-85,-2,-78,-4,-82,-2,-80,4,-78,2,-82,6,-82,-2,-80,9,-80,2,-80,13,-80,9,-89,13,-82,4,-82,9,-89,9,-82,11,-82,6,-92,9,-89,9,-94,9,-92,2,-94,2,-101,6,-103,11,-92,9,0,0,0,0,0,0,-9,99,-6,89,-2,94,-6,89,2,87,-6,85,-6,82,-6,89,-9,80,-6,76,-6,78,-4,69,-2,78,-9,78,-4,73,2,71,-2,80,-2,71,-9,69,0,66,6,71,-2,73,2,66,-2,66,-6,69,-4,66,-2,69,2,66,-6,73,2,69,-2,66,-4,73,-6,69,-2,69,-4,66,-13,71,-11,73,-11,66,-18,73,-18,64,-13,64,-20,64,-20,64,-25,66,-27,55,-20,59,-25,52,-25,52,-29,48,-29,43,-29,43,-32,36,-32,36,-36,36,-34,27,-32,27,-41,20,0,0,0,0,0,0,0,0,0,0]"""
1782173644732,2026-06-23T09:14:04.732,warning,breathing,lmh,lying_fast_breath,t001,"CSI_DATA,18509,1a:00:00:00:00:00,-61,11,-98,18,44,11,130571661,47,2,256,0,""[0,0,0,0,0,0,0,0,0,0,0,0,38,15,38,17,40,20,44,24,40,24,44,26,42,29,44,33,49,33,47,40,47,42,51,38,55,42,55,44,51,51,51,53,58,51,51,55,53,58,53,51,44,58,55,60,49,53,55,64,58,64,55,53,51,58,55,62,51,60,60,58,53,51,60,60,58,58,58,55,64,55,60,51,62,47,67,44,69,49,71,47,71,49,73,40,69,47,73,44,71,40,73,40,78,44,76,40,82,40,82,44,85,42,85,38,82,47,82,47,94,44,91,47,85,47,0,0,0,0,0,0,53,-78,53,-76,47,-82,42,-71,42,-76,44,-69,44,-73,42,-76,40,-67,40,-64,33,-69,38,-64,31,-73,33,-69,35,-64,24,-64,26,-71,24,-67,31,-64,22,-62,17,-67,29,-64,20,-64,22,-67,22,-64,22,-69,22,-62,13,-69,22,-69,13,-64,20,-62,20,-73,24,-69,22,-71,20,-62,26,-73,24,-67,22,-69,29,-64,26,-62,24,-55,26,-64,35,-64,33,-60,35,-55,31,-53,35,-51,29,-53,31,-47,31,-40,33,-38,33,-35,33,-35,35,-38,38,-29,38,-26,40,-20,0,0,0,0,0,0,0,0,0,0]"""
1782173644744,2026-06-23T09:14:04.744,warning,breathing,lmh,lying_fast_breath,t001,"CSI_DATA,18510,1a:00:00:00:00:00,-61,11,-98,18,44,11,130581712,47,2,256,0,""[0,0,0,0,0,0,0,0,0,0,0,0,11,-42,15,-38,20,-42,22,-42,26,-42,26,-42,31,-42,29,-42,38,-44,40,-47,44,-42,42,-42,49,-49,53,-44,60,-40,60,-40,60,-47,64,-40,64,-35,67,-24,76,-24,71,-33,73,-31,69,-33,80,-29,71,-33,76,-29,78,-29,78,-17,78,-29,76,-22,80,-22,76,-22,76,-22,78,-26,78,-29,73,-24,78,-26,78,-22,78,-31,85,-26,78,-31,85,-24,80,-29,80,-22,82,-29,85,-15,82,-24,80,-22,89,-22,85,-20,87,-22,100,-15,89,-8,96,-17,100,-15,94,-15,0,0,0,0,0,0,2,-94,8,-94,-4,-87,6,-89,8,-85,13,-80,8,-85,15,-87,11,-76,17,-73,13,-76,15,-76,15,-76,13,-71,17,-71,4,-67,13,-73,11,-69,15,-64,15,-73,6,-73,20,-67,8,-62,15,-60,24,-69,17,-62,20,-64,15,-69,22,-67,17,-67,22,-62,24,-67,31,-64,26,-69,29,-60,38,-58,38,-67,35,-60,40,-58,44,-55,33,-49,44,-51,47,-49,47,-51,51,-42,44,-40,51,-33,49,-31,47,-29,42,-24,49,-20,47,-20,42,-15,47,-11,42,-11,47,-4,44,-2,0,0,0,0,0,0,0,0,0,0]"""
1782173644756,2026-06-23T09:14:04.756,warning,breathing,lmh,lying_fast_breath,t001,"CSI_DATA,18511,1a:00:00:00:00:00,-61,11,-98,18,44,11,130592468,47,2,256,0,""[0,0,0,0,0,0,0,0,0,0,0,0,4,-40,8,-42,8,-47,13,-47,11,-51,13,-47,11,-51,13,-49,11,-58,13,-62,13,-64,13,-58,13,-69,11,-67,17,-64,13,-73,8,-69,15,-73,11,-69,13,-67,17,-69,11,-80,13,-80,8,-80,6,-85,2,-78,4,-78,0,-80,0,-78,-6,-80,-11,-76,-6,-82,-11,-78,-13,-80,-17,-82,-22,-82,-24,-73,-33,-76,-31,-78,-40,-71,-40,-76,-47,-69,-42,-69,-55,-71,-47,-67,-51,-64,-53,-64,-60,-62,-58,-64,-67,-71,-62,-64,-69,-64,-67,-69,-67,-62,-78,-58,-78,-62,-73,-53,0,0,0,0,0,0,-62,76,-58,80,-44,80,-47,71,-44,73,-42,73,-38,73,-42,80,-35,73,-38,64,-29,69,-26,67,-22,76,-22,71,-20,73,-13,67,-13,78,-8,71,-8,69,-6,71,2,69,-4,71,4,60,2,69,2,71,2,73,4,67,15,67,13,71,17,67,11,64,17,69,17,71,24,67,20,64,13,73,22,69,22,67,20,73,17,64,17,60,20,62,13,69,15,62,20,64,17,58,15,60,17,62,8,51,15,53,8,51,13,49,8,51,6,53,2,44,0,40,0,42,0,0,0,0,0,0,0,0,0,0]"""
1782173644766,2026-06-23T09:14:04.766,warning,breathing,lmh,lying_fast_breath,t001,"CSI_DATA,18512,1a:00:00:00:00:00,-60,11,-98,17,44,11,130603459,47,2,256,0,""[0,0,0,0,0,0,0,0,0,0,0,0,-34,23,-34,18,-43,23,-46,18,-46,16,-46,18,-50,16,-50,11,-57,16,-62,13,-62,11,-62,16,-69,9,-71,11,-66,0,-73,4,-71,6,-73,-2,-69,-2,-80,-4,-80,-4,-80,-11,-78,-6,-78,-6,-82,-13,-78,-4,-76,-16,-80,-11,-82,-18,-78,-16,-76,-13,-82,-16,-82,-18,-80,-13,-80,-11,-82,-11,-76,-6,-80,-4,-85,-11,-87,-2,-85,-6,-82,-2,-82,-9,-92,-4,-78,-6,-82,-6,-92,-9,-87,-2,-87,-6,-96,-11,-87,-4,-89,-6,-99,-11,-94,-16,-99,-13,-101,-18,-96,-9,0,0,0,0,0,0,-27,85,-32,92,-16,85,-23,80,-20,87,-25,78,-25,82,-32,78,-25,76,-25,73,-25,73,-25,69,-25,71,-23,73,-20,69,-18,66,-18,76,-16,71,-25,66,-18,73,-13,66,-23,66,-11,66,-25,62,-27,64,-25,64,-20,69,-18,66,-25,69,-16,71,-20,64,-25,69,-32,66,-25,66,-25,59,-32,64,-34,62,-34,59,-39,62,-39,52,-34,55,-34,52,-46,55,-43,57,-41,50,-43,50,-46,41,-46,39,-41,34,-41,32,-48,29,-41,25,-48,20,-46,18,-46,13,-41,13,-46,9,0,0,0,0,0,0,0,0,0,0]"""
1782173644776,2026-06-23T09:14:04.776,warning,breathing,lmh,lying_fast_breath,t001,"CSI_DATA,18513,1a:00:00:00:00:00,-60,11,-98,17,44,11,130614517,47,2,256,0,""[0,0,0,0,0,0,0,0,0,0,0,0,-34,29,-34,23,-39,27,-41,23,-43,25,-43,20,-43,23,-48,20,-57,27,-55,23,-57,27,-57,29,-62,32,-62,29,-66,20,-69,27,-71,32,-76,23,-66,23,-66,27,-66,20,-80,29,-73,27,-71,29,-78,27,-71,34,-78,23,-78,29,-76,29,-71,36,-71,29,-76,36,-73,36,-69,39,-71,43,-69,48,-66,41,-62,50,-62,46,-62,55,-66,52,-57,62,-62,59,-62,64,-57,57,-55,66,-57,62,-57,69,-55,64,-59,71,-57,73,-55,78,-66,73,-59,69,-57,82,-59,78,-57,82,0,0,0,0,0,0,71,66,73,64,78,50,64,55,69,52,59,50,64,50,71,52,62,46,64,48,62,43,62,43,69,36,69,34,66,34,66,29,69,27,66,29,64,27,69,20,66,18,69,29,59,20,62,23,66,23,69,20,69,23,69,9,71,18,69,6,66,16,69,16,71,16,66,11,69,11,71,20,69,20,64,16,69,18,71,23,64,20,66,20,64,18,62,18,57,25,62,18,52,20,52,20,50,23,48,20,46,29,41,20,41,27,43,29,36,27,39,29,29,36,0,0,0,0,0,0,0,0,0,0]"""
1782173644790,2026-06-23T09:14:04.790,warning,breathing,lmh,lying_fast_breath,t001,"CSI_DATA,18514,1a:00:00:00:00:00,-60,11,-98,18,44,11,130626274,47,2,256,0,""[0,0,0,0,0,0,0,0,0,0,0,0,33,24,35,26,35,31,38,35,35,35,33,35,40,33,35,38,47,42,40,42,42,47,44,44,51,47,49,51,42,55,47,53,53,53,49,53,47,51,53,58,51,62,53,60,51,55,51,58,60,62,58,53,58,62,58,60,53,58,67,51,53,51,62,53,62,51,62,47,69,51,69,47,62,44,71,40,73,38,78,35,76,38,82,22,80,29,82,29,78,26,80,20,85,24,78,17,87,17,91,24,89,20,91,17,96,24,91,20,98,17,96,15,98,13,0,0,0,0,0,0,20,-98,17,-94,11,-91,11,-85,8,-91,13,-80,6,-82,15,-85,6,-78,8,-78,2,-76,6,-71,-6,-78,2,-76,-2,-73,-6,-71,-11,-78,-6,-71,-2,-73,-13,-67,-22,-67,-11,-69,-15,-62,-13,-62,-11,-71,-20,-71,-17,-64,-24,-64,-20,-71,-26,-64,-22,-64,-24,-73,-24,-69,-26,-67,-24,-58,-22,-69,-22,-69,-26,-67,-22,-69,-20,-64,-20,-60,-20,-64,-15,-67,-17,-62,-13,-64,-15,-53,-13,-55,-13,-55,-8,-53,-11,-51,-6,-53,-6,-51,-6,-51,0,-53,0,-47,4,-47,8,-47,0,0,0,0,0,0,0,0,0,0]"""
1782173644798,2026-06-23T09:14:04.798,warning,breathing,lmh,lying_fast_breath,t001,"CSI_DATA,18515,1a:00:00:00:00:00,-60,11,-98,17,44,11,130637572,47,2,256,0,""[0,0,0,0,0,0,0,0,0,0,0,0,39,9,36,11,43,18,48,20,43,18,43,27,48,23,46,23,52,25,57,29,55,29,59,29,59,34,57,34,57,46,62,39,66,36,62,43,64,41,57,43,57,50,69,43,64,46,69,41,71,46,69,36,66,41,71,41,71,41,76,36,64,39,80,39,73,36,73,32,80,32,78,27,71,25,80,23,82,25,80,20,80,23,78,9,80,13,85,13,85,11,82,9,89,9,87,2,87,6,96,6,92,4,87,2,99,9,96,6,101,0,99,0,94,4,0,0,0,0,0,0,6,-99,6,-94,0,-92,-2,-85,-2,-82,2,-87,0,-82,2,-87,-4,-78,2,-80,-4,-73,-4,-76,-13,-78,-4,-76,-6,-76,-16,-69,-16,-71,-11,-71,-9,-73,-18,-69,-25,-64,-16,-69,-23,-62,-20,-64,-18,-69,-25,-66,-25,-64,-29,-62,-23,-69,-32,-59,-25,-62,-27,-64,-25,-66,-29,-66,-27,-62,-23,-73,-25,-66,-25,-64,-18,-69,-23,-62,-20,-62,-20,-64,-18,-69,-20,-64,-11,-64,-20,-57,-9,-57,-13,-59,-11,-55,-9,-50,-2,-57,-4,-48,-2,-46,0,-52,2,-46,4,-43,6,-41,0,0,0,0,0,0,0,0,0,0]"""
1782173644811,2026-06-23T09:14:04.811,warning,breathing,lmh,lying_fast_breath,t001,"CSI_DATA,18516,1a:00:00:00:00:00,-60,11,-98,17,44,11,130648248,47,2,256,0,""[0,0,0,0,0,0,0,0,0,0,0,0,34,-27,34,-25,39,-29,46,-29,39,-23,46,-25,46,-25,48,-25,57,-27,57,-27,57,-25,62,-23,59,-27,69,-27,69,-18,69,-25,66,-29,73,-20,73,-20,64,-11,69,-6,80,-20,78,-9,80,-16,85,-16,78,-20,80,-16,87,-16,76,-11,78,-16,78,-16,82,-13,80,-13,76,-13,85,-18,78,-25,71,-20,71,-29,80,-23,78,-29,76,-27,76,-36,76,-29,85,-39,73,-29,73,-34,80,-36,76,-39,82,-34,85,-39,80,-39,85,-36,89,-36,92,-29,94,-46,87,-39,87,-36,0,0,0,0,0,0,-25,-99,-32,-94,-32,-82,-29,-80,-25,-80,-25,-82,-25,-78,-23,-80,-23,-78,-20,-73,-25,-69,-20,-69,-27,-69,-23,-71,-25,-69,-32,-64,-29,-71,-27,-62,-20,-66,-25,-62,-34,-64,-27,-64,-29,-52,-25,-59,-25,-66,-27,-64,-27,-62,-34,-59,-29,-66,-39,-59,-27,-62,-29,-64,-29,-66,-34,-66,-25,-62,-25,-71,-23,-64,-20,-62,-18,-73,-16,-66,-20,-62,-13,-69,-13,-66,-11,-66,-9,-64,-11,-57,-6,-62,-4,-62,2,-55,-2,-52,4,-52,2,-52,6,-50,9,-48,13,-46,13,-43,20,-36,0,0,0,0,0,0,0,0,0,0]"""
1782173644821,2026-06-23T09:14:04.821,warning,breathing,lmh,lying_fast_breath,t001,"CSI_DATA,18517,1a:00:00:00:00:00,-61,11,-98,17,44,11,130660335,47,2,256,0,""[0,0,0,0,0,0,0,0,0,0,0,0,-25,34,-29,32,-29,34,-36,39,-39,32,-39,32,-39,34,-41,32,-48,39,-46,34,-52,39,-50,34,-57,39,-55,36,-64,34,-62,36,-62,43,-69,39,-66,39,-66,36,-71,29,-69,39,-69,41,-71,43,-76,39,-66,39,-69,34,-73,39,-71,39,-69,43,-66,39,-71,43,-64,43,-64,46,-66,52,-64,50,-57,46,-59,59,-62,55,-55,59,-59,57,-52,64,-59,59,-57,71,-57,66,-55,64,-55,71,-50,66,-52,69,-57,71,-57,76,-57,76,-59,80,-62,73,-59,82,-55,78,-59,78,0,0,0,0,0,0,71,62,71,66,76,55,71,59,69,52,66,57,66,52,69,52,59,46,59,52,59,46,59,43,66,43,62,43,62,46,59,34,64,36,64,32,55,36,62,34,64,25,64,34,55,29,64,25,59,29,64,29,62,27,69,18,66,29,64,20,64,25,69,27,66,29,69,23,64,23,66,36,66,27,64,27,69,29,59,29,59,29,62,36,57,34,57,32,50,34,50,29,48,32,50,34,43,39,41,34,43,39,39,34,34,32,29,39,27,39,25,36,23,39,0,0,0,0,0,0,0,0,0,0]"""
1782173644833,2026-06-23T09:14:04.833,warning,breathing,lmh,lying_fast_breath,t001,"CSI_DATA,18518,1a:00:00:00:00:00,-61,11,-98,16,44,11,130670723,47,2,256,0,""[0,0,0,0,0,0,0,0,0,0,0,0,42,-2,40,-2,47,0,47,4,47,4,49,9,54,7,54,7,61,9,59,7,64,7,66,7,68,4,68,7,68,14,73,14,75,4,75,14,71,7,71,21,75,23,78,14,80,14,78,9,80,11,80,4,78,11,82,7,82,9,80,0,80,4,85,2,82,-2,75,-2,85,-9,80,-14,75,-14,82,-18,80,-18,78,-26,80,-23,75,-35,82,-26,80,-37,73,-28,75,-37,75,-37,75,-45,75,-40,82,-45,80,-49,78,-49,85,-42,85,-52,80,-56,80,-59,80,-59,0,0,0,0,0,0,-54,-80,-54,-75,-59,-73,-52,-68,-54,-68,-52,-66,-52,-59,-59,-68,-52,-61,-47,-59,-52,-54,-49,-49,-59,-47,-59,-49,-54,-47,-56,-42,-64,-45,-59,-42,-52,-40,-59,-37,-66,-30,-61,-37,-56,-30,-64,-30,-56,-35,-59,-28,-61,-30,-68,-23,-64,-28,-71,-18,-64,-23,-66,-26,-66,-26,-66,-21,-64,-18,-64,-26,-68,-26,-61,-21,-64,-23,-59,-23,-61,-21,-64,-23,-59,-28,-59,-23,-56,-28,-59,-26,-49,-26,-52,-23,-47,-26,-47,-26,-45,-28,-45,-26,-37,-28,-37,-26,-40,-28,-35,-23,-30,-33,0,0,0,0,0,0,0,0,0,0]"""
1782173644844,2026-06-23T09:14:04.844,warning,breathing,lmh,lying_fast_breath,t001,"CSI_DATA,18519,1a:00:00:00:00:00,-61,11,-98,17,44,11,130680458,47,2,256,0,""[0,0,0,0,0,0,0,0,0,0,0,0,36,-23,36,-20,43,-23,43,-20,48,-18,46,-20,48,-18,50,-20,55,-25,57,-23,57,-23,57,-20,62,-27,66,-27,64,-18,69,-25,69,-32,73,-18,66,-23,64,-32,66,-27,73,-29,73,-27,73,-32,78,-36,71,-34,73,-32,76,-36,71,-34,71,-41,66,-39,69,-46,64,-50,64,-46,64,-52,64,-52,55,-52,55,-57,62,-57,52,-66,52,-59,48,-66,57,-66,48,-73,46,-64,41,-73,43,-73,32,-76,39,-78,46,-85,39,-78,36,-82,43,-82,48,-82,43,-89,32,-92,32,-87,0,0,0,0,0,0,-87,-39,-87,-34,-87,-27,-78,-25,-87,-25,-78,-27,-82,-23,-85,-23,-78,-18,-71,-18,-71,-13,-69,-13,-78,-13,-73,-6,-71,-11,-69,-4,-78,2,-76,2,-69,0,-73,0,-69,9,-76,6,-59,9,-66,11,-66,6,-66,11,-66,11,-64,23,-69,16,-62,23,-66,18,-69,23,-69,18,-64,20,-59,20,-69,20,-66,23,-64,23,-66,20,-66,18,-62,18,-64,13,-66,13,-66,16,-64,13,-59,16,-59,11,-57,18,-52,6,-52,11,-52,9,-50,9,-48,4,-50,-2,-46,2,-46,0,-43,-2,0,0,0,0,0,0,0,0,0,0]"""
1782173644853,2026-06-23T09:14:04.853,warning,breathing,lmh,lying_fast_breath,t001,"CSI_DATA,18520,1a:00:00:00:00:00,-61,11,-98,17,44,11,130691794,47,2,256,0,""[0,0,0,0,0,0,0,0,0,0,0,0,6,43,0,41,0,46,-2,50,-2,48,-6,48,-4,52,-6,55,-9,59,-11,59,-9,64,-9,62,-9,66,-4,71,-13,66,-13,71,-9,73,-9,73,-11,71,-13,78,-11,80,-6,80,-11,76,-6,80,-13,85,-4,82,-9,78,-11,82,-6,80,0,80,-2,78,-2,92,-2,82,6,78,9,82,11,82,9,76,20,78,18,80,27,85,23,78,29,73,27,80,36,85,27,76,32,73,36,73,34,76,39,80,43,85,48,80,43,76,43,85,41,80,50,85,50,80,48,80,0,0,0,0,0,0,80,-55,82,-48,73,-57,73,-46,71,-50,71,-43,66,-50,71,-55,59,-48,59,-46,50,-48,55,-43,52,-57,52,-48,55,-52,46,-52,48,-57,46,-59,46,-55,39,-52,36,-62,41,-59,32,-59,34,-57,39,-57,32,-59,34,-59,29,-64,32,-66,25,-62,29,-57,32,-69,29,-62,25,-62,27,-62,32,-69,29,-66,25,-64,27,-64,29,-57,25,-57,32,-59,32,-62,27,-55,34,-57,32,-55,29,-50,29,-52,34,-43,32,-41,36,-39,29,-41,34,-36,34,-32,32,-34,34,-29,36,-23,0,0,0,0,0,0,0,0,0,0]"""
1782173644866,2026-06-23T09:14:04.866,warning,breathing,lmh,lying_fast_breath,t001,"CSI_DATA,18521,1a:00:00:00:00:00,-61,11,-98,17,44,11,130704123,47,2,256,0,""[0,0,0,0,0,0,0,0,0,0,0,0,36,-18,41,-18,41,-13,46,-13,46,-16,50,-18,52,-16,50,-13,57,-20,57,-18,59,-18,59,-23,64,-27,59,-27,66,-23,64,-27,71,-32,69,-23,69,-25,69,-23,71,-23,73,-32,71,-32,71,-36,73,-36,69,-46,69,-39,73,-41,66,-39,66,-48,59,-43,66,-52,64,-52,62,-50,57,-59,52,-62,46,-55,46,-66,48,-66,36,-71,41,-69,29,-80,39,-78,29,-78,29,-76,29,-80,27,-85,25,-80,23,-82,18,-89,13,-92,11,-92,18,-92,13,-94,6,-96,6,-103,4,-92,0,0,0,0,0,0,-103,-11,-92,-6,-94,4,-92,-4,-80,2,-89,4,-76,9,-87,9,-76,11,-80,6,-76,13,-69,13,-73,25,-71,20,-71,20,-66,29,-69,27,-62,32,-64,27,-55,34,-55,43,-59,34,-55,43,-52,41,-52,41,-50,39,-52,46,-48,50,-52,52,-41,50,-48,48,-50,52,-43,48,-43,57,-39,50,-48,59,-43,57,-46,55,-50,52,-43,48,-34,52,-41,52,-41,52,-39,50,-43,50,-34,52,-34,46,-36,46,-39,41,-34,41,-36,34,-32,34,-34,34,-39,36,-39,32,-34,32,-36,27,0,0,0,0,0,0,0,0,0,0]"""
1782173644877,2026-06-23T09:14:04.877,warning,breathing,lmh,lying_fast_breath,t001,"CSI_DATA,18522,1a:00:00:00:00:00,-61,11,-98,17,44,11,130713532,47,2,256,0,""[0,0,0,0,0,0,0,0,0,0,0,0,39,23,34,20,41,20,41,29,46,29,39,29,41,29,43,29,48,39,48,34,55,34,52,34,57,34,55,39,52,43,62,41,64,36,62,41,57,34,69,46,66,46,66,39,71,41,71,36,73,46,71,29,69,39,71,32,73,36,71,23,73,25,76,27,76,23,78,20,82,16,82,11,78,9,82,2,80,6,82,-2,80,-2,82,-11,85,-6,89,-11,78,-11,85,-20,85,-16,82,-25,82,-27,92,-25,85,-27,82,-29,94,-29,89,-29,92,-41,82,-34,89,-39,0,0,0,0,0,0,-34,-89,-36,-85,-48,-71,-43,-76,-46,-78,-43,-71,-46,-71,-43,-71,-48,-71,-46,-62,-43,-59,-43,-57,-52,-52,-52,-52,-52,-55,-50,-43,-59,-48,-57,-43,-48,-46,-59,-39,-64,-32,-59,-39,-57,-27,-57,-34,-59,-34,-59,-32,-64,-27,-64,-25,-66,-29,-66,-20,-66,-25,-64,-16,-69,-27,-64,-16,-66,-18,-66,-23,-69,-18,-64,-18,-69,-18,-64,-20,-62,-18,-62,-18,-66,-23,-62,-16,-55,-18,-57,-16,-55,-23,-57,-18,-46,-23,-48,-16,-50,-18,-46,-13,-41,-20,-48,-20,-41,-27,-36,-23,-32,-25,0,0,0,0,0,0,0,0,0,0]"""
1782173644886,2026-06-23T09:14:04.886,warning,breathing,lmh,lying_fast_breath,t001,"CSI_DATA,18523,1a:00:00:00:00:00,-61,11,-98,18,44,11,130725307,47,2,256,0,""[0,0,0,0,0,0,0,0,0,0,0,0,6,44,2,44,2,42,2,49,-2,49,-6,49,-6,51,-11,51,-6,58,-11,58,-11,62,-11,60,-13,64,-15,64,-24,64,-20,67,-17,69,-29,71,-22,67,-29,62,-40,67,-24,71,-35,71,-26,76,-31,78,-26,73,-38,73,-33,76,-33,78,-24,76,-31,71,-31,76,-26,78,-24,73,-24,82,-24,71,-26,71,-17,80,-20,76,-15,80,-17,80,-11,82,-15,82,-11,87,-13,78,-15,82,-17,87,-8,82,-8,89,-15,91,-6,91,-11,89,-20,96,-17,91,-8,100,-11,98,-11,94,0,0,0,0,0,0,89,24,91,26,89,8,85,26,82,15,78,24,78,15,85,20,78,17,76,26,71,15,67,17,73,13,73,15,73,20,67,8,71,6,69,8,64,15,69,4,69,2,67,11,62,2,69,8,69,13,69,6,71,8,69,-2,71,4,67,2,67,8,71,8,71,8,69,8,67,11,73,11,64,13,64,11,71,15,64,15,62,17,64,17,62,15,64,17,58,22,62,15,51,26,53,22,49,24,44,22,42,31,38,29,35,24,33,29,35,26,26,33,24,38,0,0,0,0,0,0,0,0,0,0]"""
1782173644900,2026-06-23T09:14:04.900,warning,breathing,lmh,lying_fast_breath,t001,"CSI_DATA,18524,1a:00:00:00:00:00,-61,11,-98,19,44,11,130737338,47,2,256,0,""[0,0,0,0,0,0,0,0,0,0,0,0,-23,-32,-23,-34,-23,-39,-26,-43,-23,-41,-21,-47,-23,-45,-21,-47,-28,-54,-23,-58,-26,-58,-26,-56,-34,-60,-26,-63,-26,-65,-21,-65,-34,-69,-28,-69,-28,-69,-21,-80,-21,-82,-26,-71,-19,-73,-28,-76,-23,-82,-30,-69,-21,-73,-23,-76,-23,-71,-32,-73,-26,-69,-32,-82,-30,-78,-32,-76,-34,-78,-36,-67,-36,-65,-43,-69,-41,-71,-52,-67,-45,-65,-50,-58,-52,-67,-56,-69,-50,-71,-50,-60,-56,-65,-54,-58,-58,-65,-60,-71,-63,-67,-60,-63,-63,-73,-60,-71,-67,-73,-69,-73,-69,-65,0,0,0,0,0,0,-73,58,-71,56,-71,71,-67,54,-58,58,-69,56,-58,60,-65,63,-56,54,-65,50,-50,56,-50,50,-47,58,-50,54,-45,56,-41,54,-43,58,-43,56,-45,50,-39,54,-32,63,-41,54,-36,56,-36,56,-39,54,-36,58,-34,56,-28,60,-36,60,-28,63,-34,56,-39,60,-36,56,-32,67,-34,56,-45,67,-36,63,-36,60,-36,60,-39,56,-34,52,-45,56,-41,54,-36,52,-43,50,-36,50,-43,45,-43,45,-39,34,-39,36,-41,32,-39,30,-39,26,-43,26,-41,23,-41,21,-41,15,0,0,0,0,0,0,0,0,0,0]"""
1782173644909,2026-06-23T09:14:04.909,warning,breathing,lmh,lying_fast_breath,t001,"CSI_DATA,18525,1a:00:00:00:00:00,-61,11,-98,13,45,11,130747592,47,2,256,0,""[0,0,0,0,0,0,0,0,0,0,0,0,25,34,20,39,20,39,20,43,16,46,13,50,13,50,13,50,13,59,13,59,11,59,11,62,11,66,11,66,0,66,0,73,4,73,-4,78,-2,66,-6,78,-9,78,-9,78,-11,80,-9,80,-16,82,-11,78,-18,78,-18,80,-23,78,-11,78,-20,78,-16,78,-18,78,-18,73,-16,82,-16,78,-16,76,-11,78,-13,80,-6,80,-11,80,-11,85,-13,82,-6,87,-16,78,-11,82,-18,85,-11,85,-11,82,-18,89,-13,85,-20,87,-25,94,-27,89,-20,96,-25,92,-23,94,0,0,0,0,0,0,82,36,85,36,82,29,76,36,78,36,71,39,73,34,73,39,71,34,64,39,66,36,62,36,66,36,66,29,64,39,62,29,66,29,64,29,59,34,59,32,62,27,62,34,55,25,55,32,57,34,57,32,59,36,62,29,62,32,59,32,57,36,57,36,55,39,55,36,55,39,52,43,52,43,48,43,50,48,43,50,41,50,41,52,39,52,39,48,32,50,34,52,25,50,29,48,16,48,20,50,13,48,13,43,9,43,6,48,4,43,-2,41,-4,43,0,0,0,0,0,0,0,0,0,0]"""
1782173644923,2026-06-23T09:14:04.923,warning,breathing,lmh,lying_fast_breath,t001,"CSI_DATA,18526,1a:00:00:00:00:00,-61,11,-98,17,44,11,130762351,47,2,256,0,""[0,0,0,0,0,0,0,0,0,0,0,0,16,36,13,39,16,43,13,48,9,48,11,46,11,50,9,50,13,59,13,62,9,57,11,57,18,66,11,69,0,69,6,73,13,73,4,76,9,69,2,78,2,80,9,78,6,78,6,80,2,85,13,73,2,73,4,78,2,85,11,80,4,78,11,82,13,80,16,80,20,82,18,78,18,73,25,78,25,76,29,78,27,78,32,73,29,78,36,80,29,73,36,76,39,78,43,73,39,78,43,85,46,82,48,76,41,89,41,85,46,92,52,80,50,85,0,0,0,0,0,0,92,-41,92,-46,78,-50,76,-39,73,-36,71,-34,76,-41,76,-39,69,-36,64,-39,59,-39,62,-36,62,-46,62,-41,62,-41,52,-39,59,-50,57,-46,55,-41,50,-46,50,-43,55,-41,43,-46,46,-46,55,-46,52,-48,50,-48,43,-52,48,-50,43,-57,46,-46,48,-46,50,-50,46,-52,46,-46,55,-48,48,-52,50,-50,55,-52,55,-43,48,-43,52,-43,55,-41,46,-43,52,-36,48,-36,46,-27,50,-32,46,-27,48,-23,48,-23,43,-20,46,-18,50,-16,43,-11,43,-9,43,-6,0,0,0,0,0,0,0,0,0,0]"""
1782173644935,2026-06-23T09:14:04.935,warning,breathing,lmh,lying_fast_breath,t001,"CSI_DATA,18527,1a:00:00:00:00:00,-61,11,-98,13,45,11,130768458,47,2,256,0,""[0,0,0,0,0,0,0,0,0,0,0,0,-18,-39,-11,-39,-6,-46,-6,-46,-6,-50,-4,-48,0,-55,2,-55,0,-62,4,-57,6,-62,6,-62,9,-66,11,-66,18,-64,23,-71,18,-73,27,-71,27,-62,27,-66,29,-64,39,-69,39,-69,36,-73,41,-73,34,-71,41,-66,46,-66,46,-64,41,-66,46,-66,48,-66,46,-66,46,-59,46,-66,46,-71,43,-64,39,-73,43,-66,39,-71,43,-66,39,-76,48,-69,43,-73,46,-66,41,-73,50,-71,46,-71,48,-71,55,-76,52,-73,52,-73,66,-71,66,-73,62,-76,59,-76,62,-73,0,0,0,0,0,0,-55,-71,-59,-73,-59,-64,-52,-71,-57,-69,-46,-69,-46,-64,-46,-69,-43,-66,-39,-66,-41,-66,-34,-59,-41,-62,-39,-62,-39,-62,-39,-59,-41,-57,-36,-59,-32,-57,-39,-59,-39,-57,-34,-62,-34,-50,-32,-57,-27,-62,-29,-57,-34,-62,-36,-57,-29,-64,-36,-55,-29,-62,-29,-64,-25,-66,-25,-62,-25,-64,-18,-66,-18,-64,-11,-64,-11,-69,-6,-66,-9,-66,-6,-66,-2,-64,-4,-62,4,-59,2,-62,6,-59,6,-55,16,-52,13,-50,18,-48,20,-48,20,-41,23,-41,25,-39,27,-34,27,-32,0,0,0,0,0,0,0,0,0,0]"""
1782173644944,2026-06-23T09:14:04.944,warning,breathing,lmh,lying_fast_breath,t001,"CSI_DATA,18528,1a:00:00:00:00:00,-61,11,-98,21,43,11,130780161,47,2,256,0,""[0,0,0,0,0,0,0,0,0,0,0,0,-41,11,-39,4,-43,4,-46,2,-50,0,-50,2,-52,-2,-55,-2,-62,2,-62,-2,-62,2,-62,2,-69,0,-71,0,-69,-9,-78,-2,-76,2,-80,-6,-71,-2,-66,-2,-64,-6,-82,-9,-82,-9,-78,-2,-80,-4,-80,6,-82,-4,-85,-2,-80,0,-78,9,-76,2,-80,6,-78,6,-78,6,-85,16,-80,16,-73,16,-73,25,-73,23,-76,34,-76,23,-76,46,-73,36,-78,43,-78,34,-71,41,-73,39,-78,41,-73,46,-82,48,-78,55,-76,57,-85,50,-78,50,-73,62,-80,52,-73,59,0,0,0,0,0,0,52,80,52,78,52,73,52,76,55,71,50,64,52,64,57,64,48,62,50,62,50,55,46,52,57,57,50,52,52,48,55,41,57,46,57,43,52,43,62,39,64,32,59,39,55,29,59,34,55,39,62,39,59,34,64,23,66,29,64,18,64,27,66,29,64,27,62,25,59,25,66,36,62,32,62,29,59,34,59,27,55,27,62,34,57,32,57,29,55,34,57,27,48,29,52,32,46,29,46,27,41,29,39,34,39,29,34,36,32,32,34,29,23,36,0,0,0,0,0,0,0,0,0,0]"""
1782173644955,2026-06-23T09:14:04.955,warning,breathing,lmh,lying_fast_breath,t001,"CSI_DATA,18529,1a:00:00:00:00:00,-61,11,-98,17,44,11,130790458,47,2,256,0,""[0,0,0,0,0,0,0,0,0,0,0,0,-6,43,-9,39,-13,46,-18,46,-20,43,-20,41,-23,46,-27,48,-29,55,-34,50,-32,50,-32,50,-36,57,-41,57,-41,52,-46,55,-43,59,-52,52,-46,52,-48,57,-48,52,-57,57,-55,55,-55,50,-59,57,-55,57,-57,52,-59,55,-59,52,-52,57,-55,48,-62,55,-57,57,-55,59,-57,59,-55,64,-52,52,-52,66,-50,59,-52,69,-50,62,-46,69,-55,64,-50,71,-50,64,-50,71,-52,71,-46,69,-50,76,-57,80,-59,76,-55,76,-66,76,-57,69,-59,76,-59,73,-64,76,0,0,0,0,0,0,64,69,66,73,69,57,59,64,64,59,59,64,57,57,64,57,55,55,50,57,55,52,52,52,57,52,55,46,55,55,52,48,57,50,57,46,48,48,55,46,57,41,52,50,50,39,50,43,52,43,50,43,55,41,55,39,57,43,57,41,50,46,55,43,50,50,50,43,50,41,50,52,50,52,48,50,48,50,41,52,36,50,41,57,39,55,36,50,32,55,39,50,27,55,29,50,23,50,20,48,18,52,16,48,11,43,9,50,4,43,4,46,-2,43,0,0,0,0,0,0,0,0,0,0]"""
1782173644966,2026-06-23T09:14:04.966,warning,breathing,lmh,lying_fast_breath,t001,"CSI_DATA,18530,1a:00:00:00:00:00,-61,11,-98,19,44,11,130801718,47,2,256,0,""[0,0,0,0,0,0,0,0,0,0,0,0,34,23,30,30,32,32,32,36,36,39,30,36,30,41,36,43,41,43,41,50,43,45,45,45,47,50,47,54,43,56,43,56,50,54,43,56,47,52,47,63,54,63,47,60,54,56,58,52,56,54,60,50,56,60,60,58,54,58,60,54,58,47,65,54,65,47,65,43,67,45,71,43,65,34,76,30,76,32,80,28,76,30,82,21,80,26,84,19,78,19,78,17,91,19,84,8,87,10,91,13,91,4,95,6,97,10,97,10,106,-4,93,2,97,-2,0,0,0,0,0,0,13,-95,0,-93,-10,-84,-2,-87,-8,-87,-4,-87,-8,-82,-8,-89,-10,-80,-10,-80,-15,-73,-15,-73,-19,-73,-17,-73,-17,-71,-26,-65,-36,-69,-23,-65,-21,-65,-30,-65,-36,-58,-28,-65,-36,-52,-28,-58,-28,-56,-36,-56,-39,-56,-47,-52,-43,-56,-52,-50,-47,-56,-47,-54,-41,-54,-47,-52,-45,-50,-43,-58,-45,-54,-41,-52,-47,-54,-45,-56,-43,-45,-43,-54,-41,-56,-41,-50,-39,-52,-36,-45,-34,-47,-39,-45,-23,-43,-26,-45,-30,-45,-28,-43,-23,-43,-23,-45,-19,-39,-21,-39,-13,-43,0,0,0,0,0,0,0,0,0,0]"""
1782173644977,2026-06-23T09:14:04.977,warning,breathing,lmh,lying_fast_breath,t001,"CSI_DATA,18531,1a:00:00:00:00:00,-61,11,-98,13,45,11,130812457,47,2,256,0,""[0,0,0,0,0,0,0,0,0,0,0,0,-18,-39,-13,-39,-13,-43,-9,-48,-6,-48,-4,-50,-6,-50,-2,-55,0,-62,4,-57,4,-62,4,-59,6,-64,11,-66,18,-66,20,-71,13,-73,29,-73,27,-62,29,-62,36,-64,36,-73,39,-71,39,-69,46,-73,34,-69,46,-66,48,-71,46,-64,41,-66,46,-64,46,-66,48,-66,46,-57,46,-69,50,-71,46,-62,46,-66,50,-64,46,-69,48,-66,43,-73,52,-69,50,-71,48,-62,50,-69,52,-66,48,-71,55,-69,59,-71,57,-69,62,-69,71,-71,69,-62,69,-69,69,-66,69,-62,0,0,0,0,0,0,-50,-78,-50,-80,-48,-66,-43,-78,-43,-78,-36,-73,-36,-69,-34,-71,-29,-71,-27,-71,-32,-66,-32,-66,-32,-69,-27,-69,-27,-66,-29,-62,-29,-64,-25,-66,-18,-64,-27,-66,-32,-62,-20,-69,-20,-55,-20,-59,-18,-64,-20,-66,-20,-66,-23,-62,-16,-66,-23,-64,-13,-69,-16,-71,-9,-69,-11,-66,-9,-64,0,-71,-4,-69,2,-66,2,-69,4,-69,9,-64,9,-66,13,-62,16,-64,20,-59,18,-59,23,-52,23,-52,25,-46,25,-43,29,-43,29,-39,34,-34,39,-29,34,-27,36,-23,39,-20,0,0,0,0,0,0,0,0,0,0]"""
1782173644987,2026-06-23T09:14:04.987,warning,breathing,lmh,lying_fast_breath,t001,"CSI_DATA,18532,1a:00:00:00:00:00,-61,11,-98,17,44,11,130823782,47,2,256,0,""[0,0,0,0,0,0,0,0,0,0,0,0,-13,-41,-11,-36,-11,-46,-9,-46,-11,-48,-6,-50,-11,-46,-13,-52,-18,-57,-16,-59,-16,-57,-18,-59,-25,-64,-23,-66,-18,-64,-23,-69,-32,-69,-27,-71,-23,-66,-27,-71,-32,-69,-29,-76,-32,-69,-34,-71,-39,-71,-43,-64,-39,-73,-46,-66,-41,-66,-48,-55,-46,-59,-57,-59,-55,-57,-55,-55,-62,-55,-66,-48,-66,-41,-69,-36,-69,-41,-73,-34,-73,-32,-82,-29,-76,-27,-87,-25,-73,-18,-80,-11,-87,-16,-85,-9,-85,-11,-96,-6,-85,-2,-89,0,-94,-2,-94,-4,-99,9,-89,6,-89,9,0,0,0,0,0,0,9,96,11,96,25,82,20,89,25,89,23,78,25,82,27,82,27,78,29,71,39,66,34,64,39,62,36,66,39,59,48,52,52,52,48,52,46,52,52,46,57,36,55,50,52,32,55,39,59,41,64,36,62,32,64,27,66,29,66,18,66,25,66,23,66,27,64,20,64,13,69,23,69,16,64,18,69,16,64,18,64,13,64,16,66,20,66,13,62,16,62,16,55,18,64,11,46,16,52,11,48,16,52,9,46,16,48,16,43,20,41,11,41,18,0,0,0,0,0,0,0,0,0,0]"""
1782173644999,2026-06-23T09:14:04.999,warning,breathing,lmh,lying_fast_breath,t001,"CSI_DATA,18533,1a:00:00:00:00:00,-61,11,-98,13,45,11,130836309,47,2,256,0,""[0,0,0,0,0,0,0,0,0,0,0,0,6,-43,13,-39,18,-43,20,-43,23,-43,23,-41,25,-46,29,-46,32,-52,34,-48,39,-52,36,-52,39,-52,43,-50,50,-46,52,-52,50,-57,57,-50,52,-43,52,-43,57,-41,59,-48,64,-48,66,-48,69,-48,62,-50,66,-46,69,-46,71,-46,66,-46,64,-43,69,-43,66,-43,64,-41,69,-46,66,-52,64,-46,64,-48,66,-46,64,-55,64,-50,59,-57,69,-52,66,-59,62,-48,59,-57,66,-55,64,-62,64,-55,76,-59,69,-55,69,-59,80,-57,80,-55,80,-59,78,-57,73,-55,0,0,0,0,0,0,-41,-82,-41,-85,-43,-76,-46,-78,-46,-76,-34,-73,-39,-76,-34,-73,-34,-71,-32,-71,-39,-64,-32,-66,-39,-69,-29,-66,-32,-66,-34,-62,-34,-66,-32,-59,-25,-62,-34,-62,-41,-57,-29,-64,-29,-52,-29,-59,-27,-62,-27,-59,-32,-64,-34,-55,-29,-62,-36,-55,-29,-59,-32,-64,-27,-66,-27,-64,-27,-62,-18,-69,-20,-69,-18,-64,-18,-64,-16,-66,-16,-64,-13,-66,-6,-69,-6,-62,-4,-62,-4,-59,0,-57,2,-57,4,-52,4,-46,11,-55,11,-48,13,-43,18,-48,18,-41,20,-39,25,-39,0,0,0,0,0,0,0,0,0,0]"""
1782173645009,2026-06-23T09:14:05.009,warning,breathing,lmh,lying_fast_breath,t001,"CSI_DATA,18534,1a:00:00:00:00:00,-60,11,-98,15,44,11,130845457,47,2,256,0,""[0,0,0,0,0,0,0,0,0,0,0,0,21,36,19,39,19,39,19,46,21,46,19,43,17,51,19,51,21,56,19,56,21,61,19,58,26,61,26,65,14,68,21,68,24,68,21,70,21,68,17,80,17,78,24,75,17,78,21,73,26,80,34,70,21,75,26,80,26,80,34,73,29,68,34,80,31,78,34,80,41,73,39,70,34,63,46,63,46,63,56,75,48,75,53,43,73,39,85,51,58,41,43,34,24,73,65,26,112,24,24,21,29,61,14,100,100,9,70,85,92,87,-14,4,109,39,0,0,0,0,0,0,58,-90,141,-136,58,-58,48,-82,97,-14,9,-85,78,-75,80,-122,-2,-78,46,-34,2,-75,36,-26,34,-53,24,-75,53,-53,29,-58,36,-68,24,-61,29,-68,26,-61,17,-68,21,-68,21,-61,21,-65,21,-65,19,-70,17,-68,9,-68,17,-73,9,-70,12,-63,14,-70,12,-70,7,-68,9,-63,12,-75,14,-75,14,-68,12,-70,19,-65,12,-61,14,-65,17,-63,17,-63,21,-58,14,-61,21,-56,17,-58,24,-48,21,-48,21,-43,24,-46,21,-43,26,-46,24,-39,24,-36,29,-36,0,0,0,0,0,0,0,0,0,0]"""
1782173645020,2026-06-23T09:14:05.020,warning,breathing,lmh,lying_fast_breath,t001,"CSI_DATA,18535,1a:00:00:00:00:00,-61,11,-98,17,44,11,130857653,47,2,256,0,""[0,0,0,0,0,0,0,0,0,0,0,0,39,9,41,9,50,11,48,13,48,11,46,13,48,13,52,13,57,16,57,20,57,16,62,13,69,13,69,18,62,20,69,23,71,20,73,27,62,18,69,18,73,16,80,23,78,18,73,16,78,16,76,11,80,18,82,13,80,13,73,4,76,11,78,2,78,0,78,0,82,-6,80,-11,78,-11,78,-18,80,-13,78,-27,76,-23,82,-27,80,-27,85,-36,71,-29,76,-36,80,-34,71,-43,80,-43,80,-48,76,-46,80,-50,80,-52,82,-48,78,-57,73,-52,78,-59,0,0,0,0,0,0,-57,-71,-59,-76,-62,-64,-52,-64,-64,-69,-57,-59,-59,-57,-59,-62,-62,-57,-55,-50,-55,-43,-52,-46,-62,-43,-64,-43,-57,-43,-62,-34,-66,-34,-62,-34,-57,-29,-62,-27,-69,-20,-69,-27,-62,-20,-59,-20,-66,-18,-64,-16,-71,-18,-71,-6,-71,-11,-71,-2,-71,-11,-69,-11,-71,-11,-66,-6,-66,-9,-66,-16,-69,-9,-66,-6,-69,-4,-64,-6,-64,-4,-64,-6,-66,-6,-66,-11,-62,-11,-64,-6,-55,-11,-55,-4,-50,-9,-52,-11,-48,-11,-46,-11,-43,-11,-43,-18,-41,-13,-41,-13,-39,-18,0,0,0,0,0,0,0,0,0,0]"""
1782173645032,2026-06-23T09:14:05.032,warning,breathing,lmh,lying_fast_breath,t001,"CSI_DATA,18536,1a:00:00:00:00:00,-61,11,-98,18,44,11,130867457,47,2,256,0,""[0,0,0,0,0,0,0,0,0,0,0,0,-33,-20,-35,-24,-33,-26,-38,-26,-38,-31,-33,-35,-35,-35,-31,-38,-40,-42,-40,-44,-40,-47,-38,-47,-44,-53,-44,-51,-33,-55,-35,-55,-47,-58,-40,-62,-33,-58,-40,-62,-35,-60,-38,-69,-38,-67,-42,-69,-35,-76,-40,-64,-31,-73,-35,-73,-31,-76,-40,-71,-31,-67,-38,-71,-35,-71,-38,-69,-40,-71,-44,-67,-35,-62,-47,-62,-47,-69,-51,-67,-47,-71,-55,-67,-47,-67,-60,-71,-44,-64,-55,-62,-51,-69,-53,-62,-55,-67,-55,-78,-60,-67,-58,-67,-55,-76,-53,-78,-58,-76,-58,-71,-55,-69,0,0,0,0,0,0,-82,49,-80,51,-73,53,-76,44,-73,47,-73,42,-71,42,-76,40,-71,42,-67,35,-60,38,-58,38,-62,42,-67,42,-60,35,-55,42,-60,49,-55,40,-58,33,-55,40,-51,49,-55,42,-49,42,-51,38,-53,38,-55,40,-53,40,-49,49,-58,42,-49,44,-55,42,-58,42,-55,42,-55,42,-55,35,-64,40,-60,38,-55,33,-64,35,-60,29,-58,29,-60,29,-62,26,-58,24,-62,17,-55,20,-55,8,-60,17,-55,4,-49,4,-53,4,-49,6,-47,0,-51,-4,-44,-2,-40,-6,-38,-13,0,0,0,0,0,0,0,0,0,0]"""
1782173645043,2026-06-23T09:14:05.043,warning,breathing,lmh,lying_fast_breath,t001,"CSI_DATA,18537,1a:00:00:00:00:00,-61,11,-98,17,44,11,130878824,47,2,256,0,""[0,0,0,0,0,0,0,0,0,0,0,0,-39,11,-41,4,-46,4,-48,2,-50,2,-50,-2,-50,-2,-52,-9,-62,-4,-59,-9,-62,-11,-62,-11,-66,-11,-64,-13,-64,-25,-64,-16,-76,-16,-66,-23,-66,-25,-73,-23,-69,-27,-71,-32,-73,-27,-71,-32,-73,-34,-76,-29,-69,-34,-73,-36,-66,-39,-76,-29,-69,-32,-73,-39,-71,-32,-69,-34,-78,-34,-78,-32,-69,-25,-76,-23,-76,-29,-82,-25,-76,-25,-80,-18,-80,-27,-87,-25,-78,-18,-82,-18,-80,-25,-82,-18,-85,-27,-89,-32,-85,-23,-85,-25,-89,-29,-87,-34,-94,-32,-94,-32,-87,-39,0,0,0,0,0,0,-46,87,-46,85,-34,82,-41,82,-34,76,-39,69,-41,71,-46,78,-39,73,-34,69,-32,66,-32,59,-34,73,-32,64,-34,66,-25,62,-27,71,-27,69,-32,62,-27,64,-20,64,-29,62,-20,59,-20,59,-29,64,-27,66,-23,62,-23,64,-32,66,-20,62,-25,64,-29,66,-34,66,-25,62,-27,57,-39,62,-36,57,-34,57,-36,57,-41,55,-29,55,-41,52,-46,48,-43,55,-46,43,-39,46,-43,36,-43,41,-43,32,-39,32,-41,27,-43,25,-41,16,-46,18,-43,18,-41,16,-46,9,0,0,0,0,0,0,0,0,0,0]"""
1782173645053,2026-06-23T09:14:05.053,warning,breathing,lmh,lying_fast_breath,t001,"CSI_DATA,18538,1a:00:00:00:00:00,-61,11,-98,18,44,11,130889457,47,2,256,0,""[0,0,0,0,0,0,0,0,0,0,0,0,11,38,2,40,8,47,4,49,2,51,2,44,-2,47,-2,53,-2,58,-4,58,-2,64,-2,60,0,67,-2,69,-11,67,-8,71,-4,73,-8,78,-8,71,-13,73,-17,80,-6,71,-13,76,-11,78,-13,82,-8,78,-13,76,-11,80,-8,80,-6,76,-6,73,-6,85,-2,80,2,78,2,82,4,78,4,73,13,80,8,78,15,85,13,80,24,80,15,80,24,87,17,78,26,78,24,82,29,73,26,85,31,89,29,87,31,85,24,89,26,91,38,91,33,91,35,91,0,0,0,0,0,0,89,-31,89,-26,82,-35,82,-24,78,-33,76,-24,76,-33,82,-26,76,-31,69,-24,67,-31,62,-24,69,-35,67,-35,67,-33,58,-35,62,-42,60,-40,60,-33,58,-40,53,-42,60,-40,49,-40,51,-40,55,-40,53,-40,51,-42,49,-49,53,-47,44,-47,51,-40,51,-47,53,-42,49,-47,47,-42,55,-44,55,-44,53,-44,55,-44,53,-33,47,-42,53,-38,55,-35,53,-38,55,-35,51,-35,55,-26,51,-33,47,-20,49,-26,47,-17,47,-20,47,-17,49,-17,42,-13,40,-6,42,-4,0,0,0,0,0,0,0,0,0,0]"""
1782173645064,2026-06-23T09:14:05.064,warning,breathing,lmh,lying_fast_breath,t001,"CSI_DATA,18539,1a:00:00:00:00:00,-61,11,-98,17,44,11,130900461,47,2,256,0,""[0,0,0,0,0,0,0,0,0,0,0,0,39,6,36,16,43,13,46,16,46,23,46,18,48,20,48,20,52,20,57,23,57,23,59,18,66,18,64,23,59,25,69,23,69,18,69,27,69,23,64,23,66,23,78,18,76,25,76,13,80,18,82,9,76,16,80,11,80,11,80,4,76,4,80,2,78,-2,76,-2,80,-11,82,-13,73,-18,76,-25,78,-23,76,-32,80,-32,73,-39,76,-36,73,-46,69,-36,66,-48,73,-46,64,-55,64,-57,71,-62,66,-59,71,-62,71,-64,71,-64,64,-76,62,-73,59,-73,0,0,0,0,0,0,-71,-62,-73,-57,-73,-48,-69,-52,-76,-50,-69,-46,-73,-39,-73,-41,-71,-32,-71,-34,-69,-27,-66,-25,-73,-20,-73,-20,-69,-20,-71,-16,-73,-11,-71,-11,-64,-6,-71,-4,-76,2,-71,-4,-62,4,-64,2,-66,2,-66,9,-69,9,-66,18,-71,11,-64,25,-64,16,-69,20,-69,16,-66,23,-62,23,-66,20,-69,23,-59,23,-66,25,-64,20,-62,23,-62,20,-64,20,-62,20,-57,18,-59,25,-55,16,-55,23,-50,16,-48,16,-50,9,-50,16,-48,9,-48,11,-46,13,-48,4,-43,4,0,0,0,0,0,0,0,0,0,0]"""
1782173645075,2026-06-23T09:14:05.075,warning,breathing,lmh,lying_fast_breath,t001,"CSI_DATA,18540,1a:00:00:00:00:00,-61,11,-98,17,44,11,130911457,47,2,256,0,""[0,0,0,0,0,0,0,0,0,0,0,0,13,-39,16,-39,18,-39,25,-46,25,-46,20,-43,23,-43,25,-46,29,-55,27,-52,29,-52,27,-52,25,-64,27,-64,32,-55,29,-64,27,-66,36,-69,29,-64,36,-69,34,-73,36,-69,29,-69,29,-71,32,-78,23,-71,29,-73,29,-78,27,-76,20,-76,18,-71,25,-80,16,-78,13,-78,11,-85,9,-78,2,-78,-4,-80,-2,-82,-11,-85,-6,-78,-11,-80,-9,-82,-18,-82,-13,-78,-18,-78,-18,-78,-27,-76,-27,-85,-32,-85,-34,-85,-36,-82,-34,-89,-32,-87,-43,-89,-43,-85,-41,-89,0,0,0,0,0,0,-87,39,-89,41,-78,43,-73,36,-73,50,-71,41,-71,46,-73,46,-69,43,-66,39,-57,46,-57,43,-52,50,-57,50,-50,50,-43,48,-50,57,-48,55,-46,50,-41,55,-36,62,-41,57,-32,50,-34,57,-39,57,-32,64,-32,62,-23,66,-29,66,-18,64,-27,59,-27,69,-27,64,-23,71,-23,62,-27,64,-25,66,-23,64,-23,66,-29,57,-23,62,-25,62,-25,59,-23,62,-29,55,-20,57,-23,52,-25,57,-25,46,-23,46,-25,46,-20,41,-23,41,-23,39,-29,34,-29,34,-32,29,0,0,0,0,0,0,0,0,0,0]"""
1782173645086,2026-06-23T09:14:05.086,warning,breathing,lmh,lying_fast_breath,t001,"CSI_DATA,18541,1a:00:00:00:00:00,-61,11,-98,18,44,11,130923270,47,2,256,0,""[0,0,0,0,0,0,0,0,0,0,0,0,-31,-31,-26,-31,-29,-33,-29,-40,-31,-38,-33,-38,-31,-38,-31,-42,-35,-44,-38,-47,-40,-44,-40,-47,-47,-51,-44,-47,-38,-53,-51,-55,-51,-51,-51,-51,-42,-51,-49,-62,-51,-60,-51,-58,-53,-60,-55,-55,-60,-55,-62,-49,-60,-51,-60,-53,-53,-55,-67,-49,-64,-42,-69,-44,-67,-40,-69,-38,-71,-38,-76,-33,-69,-26,-76,-22,-73,-22,-80,-17,-80,-22,-87,-6,-82,-15,-91,-4,-78,-6,-78,0,-85,-4,-85,4,-85,4,-91,-2,-91,8,-91,15,-94,8,-98,6,-89,15,-98,15,-89,24,0,0,0,0,0,0,15,87,22,96,29,85,22,85,29,80,24,80,29,80,29,76,26,73,29,73,33,64,29,67,35,64,35,67,35,60,44,55,49,58,44,51,38,53,44,49,53,42,49,51,47,40,47,42,49,47,51,44,53,40,58,33,58,38,60,29,55,31,60,33,62,35,58,31,62,29,64,38,60,33,60,31,62,33,58,33,53,31,62,29,58,31,55,31,53,31,53,26,53,31,49,29,44,31,47,26,47,26,40,26,38,20,35,26,33,31,31,26,29,35,0,0,0,0,0,0,0,0,0,0]"""
1782173645096,2026-06-23T09:14:05.096,warning,breathing,lmh,lying_fast_breath,t001,"CSI_DATA,18542,1a:00:00:00:00:00,-61,11,-98,17,44,11,130933720,47,2,256,0,""[0,0,0,0,0,0,0,0,0,0,0,0,6,-39,6,-39,11,-46,13,-48,13,-46,20,-43,23,-48,27,-48,27,-48,32,-50,36,-50,32,-52,39,-55,43,-55,48,-46,46,-48,48,-55,57,-52,55,-46,62,-43,66,-39,64,-46,66,-46,64,-41,71,-41,64,-46,69,-36,73,-36,71,-34,71,-34,66,-36,76,-39,73,-29,71,-32,73,-36,73,-36,66,-32,71,-41,73,-34,66,-43,71,-34,66,-43,73,-34,80,-43,76,-34,71,-39,78,-36,73,-36,76,-34,87,-39,89,-41,80,-34,92,-27,89,-23,92,-29,87,-25,92,-25,0,0,0,0,0,0,-9,-92,-6,-96,-16,-89,-6,-82,-11,-87,-2,-80,0,-82,0,-85,2,-80,4,-76,-2,-76,2,-71,-4,-76,2,-73,2,-71,-2,-69,0,-76,2,-69,6,-66,2,-69,-4,-64,4,-69,2,-59,6,-64,11,-64,9,-69,9,-66,4,-69,11,-69,2,-69,11,-64,11,-71,20,-66,16,-64,20,-62,25,-71,27,-64,27,-62,34,-59,32,-57,29,-57,32,-55,39,-50,39,-50,41,-46,36,-50,41,-36,43,-39,39,-32,41,-29,43,-32,41,-25,43,-20,43,-16,43,-11,39,-9,43,-2,0,0,0,0,0,0,0,0,0,0]"""
1782173645106,2026-06-23T09:14:05.106,warning,breathing,lmh,lying_fast_breath,t001,"CSI_DATA,18543,1a:00:00:00:00:00,-59,11,-98,18,42,11,130945767,47,2,256,0,""[0,0,0,0,0,0,0,0,0,0,0,0,11,42,2,39,8,47,2,53,0,47,0,47,2,47,-2,50,2,59,0,62,2,62,2,64,8,67,5,70,-5,70,0,70,5,76,-5,73,0,67,0,78,-2,76,-2,78,2,76,5,81,0,84,11,76,2,76,2,78,2,81,11,84,8,73,8,78,14,84,11,78,16,78,19,78,22,70,33,70,33,78,22,90,33,78,42,62,-2,95,50,73,47,64,0,121,39,78,45,67,73,14,53,22,39,33,8,8,95,124,42,56,47,33,124,152,45,62,0,0,0,0,0,0,70,-59,171,-93,50,-59,78,-62,-11,-47,98,-73,28,-42,25,-11,50,-16,59,-47,36,-39,62,-8,33,-73,53,-62,64,-31,42,-62,33,-70,28,-78,36,-62,33,-56,31,-62,31,-59,22,-56,28,-62,31,-62,25,-64,19,-62,19,-70,22,-70,11,-70,14,-67,14,-70,22,-67,19,-70,11,-62,19,-64,16,-70,19,-67,19,-70,19,-62,16,-56,16,-59,25,-64,22,-67,22,-59,16,-53,25,-45,19,-53,22,-50,22,-47,25,-42,16,-47,25,-39,25,-39,25,-33,25,-31,31,-31,0,0,0,0,0,0,0,0,0,0]"""
1782173645120,2026-06-23T09:14:05.120,warning,breathing,lmh,lying_fast_breath,t001,"CSI_DATA,18544,1a:00:00:00:00:00,-61,11,-98,18,44,11,130956524,47,2,256,0,""[0,0,0,0,0,0,0,0,0,0,0,0,-24,-35,-22,-38,-22,-40,-17,-40,-22,-44,-17,-44,-20,-51,-15,-47,-20,-55,-15,-55,-15,-55,-20,-58,-24,-67,-22,-67,-13,-69,-17,-67,-20,-69,-13,-69,-15,-69,-15,-76,-13,-73,-13,-80,-8,-71,-15,-69,-11,-82,-17,-73,-8,-78,-11,-80,-15,-76,-22,-76,-11,-76,-22,-85,-17,-78,-20,-78,-22,-82,-24,-76,-26,-67,-35,-71,-35,-71,-38,-71,-35,-76,-40,-69,-38,-73,-47,-78,-40,-73,-42,-67,-42,-76,-44,-69,-44,-73,-44,-80,-49,-76,-53,-76,-47,-82,-42,-78,-58,-80,-53,-87,-49,-73,0,0,0,0,0,0,-89,40,-80,44,-76,49,-78,40,-76,44,-69,38,-67,44,-78,44,-64,40,-67,38,-60,40,-58,33,-60,42,-62,42,-58,40,-53,44,-53,49,-53,44,-55,42,-49,42,-47,53,-55,49,-44,47,-49,44,-47,47,-49,47,-49,42,-40,51,-47,51,-42,51,-42,49,-49,51,-49,51,-47,51,-47,44,-53,51,-51,44,-51,49,-51,47,-51,42,-44,42,-49,42,-51,40,-51,40,-53,33,-47,38,-49,31,-47,31,-47,24,-44,17,-44,20,-44,15,-44,17,-47,11,-42,15,-38,8,-40,4,0,0,0,0,0,0,0,0,0,0]"""
1782173645145,2026-06-23T09:14:05.145,warning,breathing,lmh,lying_fast_breath,t001,"CSI_DATA,18546,1a:00:00:00:00:00,-61,11,-98,13,45,11,130981562,47,2,256,0,""[0,0,0,0,0,0,0,0,0,0,0,0,18,-36,20,-34,27,-36,29,-34,32,-36,34,-36,36,-41,34,-36,41,-46,41,-43,46,-43,43,-46,48,-48,50,-48,50,-41,57,-46,52,-50,64,-46,55,-41,55,-39,59,-36,62,-48,64,-48,59,-48,66,-48,59,-55,66,-46,69,-48,64,-43,59,-48,66,-46,62,-50,64,-50,59,-50,59,-55,62,-59,52,-52,55,-62,50,-62,48,-66,50,-59,46,-71,50,-64,43,-73,43,-64,48,-66,48,-71,43,-73,43,-73,50,-80,43,-76,43,-80,52,-80,57,-78,46,-82,46,-80,46,-78,0,0,0,0,0,0,-76,-52,-73,-52,-76,-46,-69,-48,-73,-46,-64,-46,-64,-43,-69,-46,-64,-39,-64,-41,-64,-39,-59,-36,-69,-36,-62,-32,-62,-36,-64,-27,-66,-25,-62,-25,-59,-29,-64,-25,-66,-20,-64,-29,-55,-18,-59,-20,-59,-23,-59,-23,-62,-23,-64,-16,-62,-20,-66,-13,-66,-20,-64,-20,-62,-23,-62,-18,-64,-20,-64,-25,-62,-25,-57,-23,-62,-25,-62,-27,-59,-23,-59,-29,-57,-27,-55,-29,-52,-32,-52,-27,-48,-29,-48,-29,-41,-29,-39,-29,-36,-34,-36,-29,-29,-29,-27,-34,-29,-34,-29,-32,-20,-36,0,0,0,0,0,0,0,0,0,0]"""
1782173645155,2026-06-23T09:14:05.155,warning,breathing,lmh,lying_fast_breath,t001,"CSI_DATA,18547,1a:00:00:00:00:00,-61,11,-98,13,45,11,130988586,47,2,256,0,""[0,0,0,0,0,0,0,0,0,0,0,0,32,25,32,27,36,29,34,34,34,34,36,34,36,36,36,41,46,41,41,43,46,41,48,41,50,46,50,48,43,52,50,48,59,46,52,55,50,50,48,50,50,57,55,52,62,52,62,50,64,55,64,46,59,50,64,46,64,48,66,41,66,39,69,41,73,41,69,36,78,32,76,27,73,23,78,18,76,20,78,13,80,16,82,6,85,6,87,2,80,2,82,-2,85,0,80,-11,82,-4,92,-6,89,-9,89,-18,94,-13,96,-11,94,-18,92,-18,92,-18,0,0,0,0,0,0,-16,-94,-20,-87,-27,-82,-25,-82,-27,-80,-25,-76,-27,-76,-27,-80,-29,-73,-29,-71,-32,-64,-32,-62,-36,-64,-36,-62,-39,-62,-43,-52,-46,-57,-43,-52,-36,-52,-48,-50,-52,-41,-48,-50,-46,-39,-48,-43,-46,-46,-48,-43,-55,-39,-57,-34,-55,-41,-59,-29,-55,-32,-57,-34,-55,-39,-59,-34,-55,-27,-57,-39,-57,-36,-55,-34,-59,-34,-55,-32,-52,-27,-57,-29,-55,-36,-50,-29,-48,-34,-52,-27,-46,-29,-48,-32,-43,-27,-41,-25,-43,-27,-34,-27,-32,-29,-36,-29,-29,-34,-29,-27,-27,-32,0,0,0,0,0,0,0,0,0,0]"""
1782173645167,2026-06-23T09:14:05.167,warning,breathing,lmh,lying_fast_breath,t001,"CSI_DATA,18548,1a:00:00:00:00:00,-61,11,-98,14,45,11,131000454,47,2,256,0,""[0,0,0,0,0,0,0,0,0,0,0,0,26,-29,26,-29,35,-33,38,-29,40,-31,40,-31,42,-31,47,-24,53,-31,53,-26,53,-29,58,-33,60,-33,62,-31,62,-24,67,-29,69,-33,71,-26,62,-22,71,-26,71,-24,76,-22,76,-24,71,-24,78,-24,73,-29,76,-24,80,-22,78,-22,73,-24,73,-22,76,-24,76,-24,71,-22,76,-29,76,-35,73,-31,73,-40,73,-35,71,-42,73,-35,67,-47,71,-40,73,-49,69,-42,71,-44,73,-42,69,-47,73,-47,82,-49,73,-49,76,-51,82,-51,80,-47,78,-51,80,-49,80,-51,0,0,0,0,0,0,-38,-85,-42,-85,-49,-71,-40,-76,-42,-78,-35,-71,-38,-73,-33,-73,-33,-71,-31,-64,-38,-64,-33,-62,-38,-69,-35,-64,-38,-60,-40,-58,-38,-62,-38,-55,-33,-60,-40,-51,-44,-49,-38,-60,-35,-47,-33,-53,-35,-58,-38,-53,-42,-53,-42,-47,-38,-53,-47,-49,-42,-53,-42,-58,-40,-55,-38,-53,-38,-51,-31,-58,-35,-55,-33,-53,-33,-58,-31,-60,-33,-53,-31,-58,-26,-60,-26,-58,-20,-60,-24,-53,-15,-53,-15,-58,-13,-51,-8,-49,-8,-49,-11,-47,-4,-42,0,-49,4,-44,4,-40,8,-42,0,0,0,0,0,0,0,0,0,0]"""
1782173645177,2026-06-23T09:14:05.177,warning,breathing,lmh,lying_fast_breath,t001,"CSI_DATA,18549,1a:00:00:00:00:00,-61,11,-98,13,45,11,131013077,47,2,256,0,""[0,0,0,0,0,0,0,0,0,0,0,0,32,-25,34,-23,36,-23,43,-23,41,-25,46,-25,48,-27,48,-23,52,-27,50,-27,57,-29,55,-29,57,-34,57,-29,62,-25,64,-29,66,-41,71,-32,69,-27,66,-25,66,-20,64,-32,71,-32,69,-36,73,-36,69,-43,71,-34,73,-39,69,-36,64,-43,64,-36,71,-48,66,-48,62,-43,66,-52,62,-55,55,-52,55,-62,55,-57,50,-62,50,-59,43,-69,50,-66,46,-71,48,-71,46,-71,43,-73,39,-73,39,-73,43,-80,39,-80,39,-80,46,-85,46,-82,36,-89,34,-89,34,-87,0,0,0,0,0,0,-80,-36,-80,-36,-85,-29,-82,-34,-78,-29,-78,-32,-76,-25,-73,-27,-71,-25,-76,-29,-73,-23,-69,-18,-76,-16,-71,-13,-71,-16,-69,-6,-69,-6,-71,-6,-64,-11,-64,-4,-69,4,-66,-2,-59,2,-64,4,-62,2,-66,4,-66,4,-66,13,-64,4,-64,16,-64,11,-66,9,-66,9,-62,13,-64,11,-69,11,-66,11,-62,9,-64,9,-66,4,-59,6,-69,6,-62,4,-59,4,-57,0,-57,9,-57,2,-55,0,-55,-4,-50,-2,-52,-9,-46,-2,-41,-6,-43,-6,-46,-6,-41,-11,-41,-16,0,0,0,0,0,0,0,0,0,0]"""
1782173645187,2026-06-23T09:14:05.187,warning,breathing,lmh,lying_fast_breath,t001,"CSI_DATA,18550,1a:00:00:00:00:00,-61,11,-98,14,45,11,131021456,47,2,256,0,""[0,0,0,0,0,0,0,0,0,0,0,0,-15,40,-15,38,-22,40,-24,42,-24,40,-29,40,-26,42,-33,42,-38,47,-40,44,-38,49,-42,47,-42,51,-44,51,-49,44,-55,51,-53,55,-60,53,-53,44,-53,44,-58,42,-64,47,-64,49,-62,49,-67,44,-60,51,-67,49,-67,47,-67,44,-62,47,-60,47,-64,47,-62,51,-60,47,-60,53,-62,58,-58,51,-58,58,-60,55,-53,62,-53,58,-55,64,-58,58,-55,64,-51,53,-53,67,-60,64,-51,67,-53,62,-60,69,-58,69,-58,69,-69,71,-67,64,-67,71,-60,69,-64,71,0,0,0,0,0,0,58,71,62,69,64,58,60,67,58,64,51,62,55,60,53,64,55,58,47,55,53,58,53,51,55,55,49,49,51,53,51,47,53,49,51,42,44,47,49,47,58,47,51,51,44,35,49,42,44,47,47,42,53,47,53,35,49,42,55,40,51,44,49,44,47,49,47,40,49,44,44,51,47,49,42,47,44,53,40,53,42,51,38,53,33,55,35,51,29,51,31,49,22,51,26,49,17,47,20,47,13,49,20,44,6,44,6,44,4,42,4,40,-4,40,0,0,0,0,0,0,0,0,0,0]"""
1782173645197,2026-06-23T09:14:05.197,warning,breathing,lmh,lying_fast_breath,t001,"CSI_DATA,18551,1a:00:00:00:00:00,-61,11,-98,20,44,11,131032456,47,2,256,0,""[0,0,0,0,0,0,0,0,0,0,0,0,38,-4,42,-6,44,-2,44,2,50,2,50,2,50,2,52,10,57,10,57,12,65,14,63,12,65,12,67,16,59,29,67,27,71,25,67,35,65,29,65,33,61,38,71,42,59,35,67,40,71,44,69,38,61,44,67,44,69,48,69,44,63,40,69,50,67,44,67,44,69,48,67,42,63,38,76,40,67,40,73,38,71,44,71,29,69,40,76,40,73,40,69,38,76,40,73,40,76,40,82,46,80,42,78,38,80,52,73,52,84,50,88,50,82,44,0,0,0,0,0,0,61,-73,61,-71,57,-78,61,-63,52,-69,54,-61,57,-59,59,-63,48,-52,57,-52,52,-54,50,-50,50,-59,52,-52,48,-48,40,-54,42,-57,46,-54,48,-46,46,-52,35,-50,52,-44,40,-44,46,-48,48,-46,44,-50,48,-50,42,-54,52,-50,40,-54,48,-42,52,-44,48,-52,50,-52,48,-44,59,-44,52,-42,52,-40,59,-38,54,-35,48,-31,59,-33,59,-29,57,-31,59,-25,57,-23,54,-19,54,-16,54,-12,48,-6,52,-2,46,-4,50,-2,48,0,48,2,44,8,40,12,0,0,0,0,0,0,0,0,0,0]"""
1782173645209,2026-06-23T09:14:05.209,warning,breathing,lmh,lying_fast_breath,t001,"CSI_DATA,18552,1a:00:00:00:00:00,-61,11,-98,14,45,11,131043456,47,2,256,0,""[0,0,0,0,0,0,0,0,0,0,0,0,-20,-35,-15,-38,-15,-42,-11,-47,-11,-47,-6,-49,-8,-51,0,-53,-4,-60,2,-60,2,-60,2,-60,0,-67,8,-67,17,-64,15,-69,11,-73,24,-73,22,-64,24,-64,33,-62,29,-71,31,-71,31,-71,40,-73,31,-71,42,-69,42,-73,42,-67,38,-69,38,-64,40,-69,40,-64,40,-64,40,-71,40,-73,38,-64,38,-71,40,-67,38,-71,42,-71,35,-76,42,-71,42,-73,42,-71,38,-71,44,-73,42,-76,44,-71,49,-76,47,-71,51,-76,58,-78,58,-69,55,-76,60,-76,58,-71,0,0,0,0,0,0,-58,-69,-58,-69,-60,-62,-58,-67,-53,-69,-44,-64,-44,-62,-44,-69,-42,-62,-40,-67,-42,-60,-33,-58,-44,-64,-35,-60,-35,-62,-38,-58,-38,-55,-33,-58,-29,-58,-35,-55,-40,-55,-31,-60,-29,-51,-31,-55,-26,-58,-31,-55,-29,-62,-31,-58,-26,-62,-31,-58,-26,-60,-24,-67,-20,-60,-22,-60,-22,-60,-13,-67,-13,-64,-13,-62,-8,-67,-6,-64,-6,-64,-2,-62,2,-62,4,-60,8,-58,4,-58,13,-55,11,-53,13,-49,13,-47,22,-44,17,-42,22,-38,31,-38,26,-29,26,-29,31,-26,0,0,0,0,0,0,0,0,0,0]"""
1782173645219,2026-06-23T09:14:05.219,warning,breathing,lmh,lying_fast_breath,t001,"CSI_DATA,18553,1a:00:00:00:00:00,-61,11,-98,20,44,11,131054456,47,2,256,0,""[0,0,0,0,0,0,0,0,0,0,0,0,12,-38,16,-38,14,-40,21,-42,19,-40,21,-44,25,-46,21,-46,23,-54,23,-54,25,-59,23,-54,19,-61,23,-63,25,-63,23,-63,23,-69,25,-69,21,-71,29,-67,29,-71,19,-73,19,-73,14,-78,16,-82,8,-76,19,-73,12,-80,8,-80,0,-78,2,-73,0,-86,-4,-82,-6,-78,-10,-86,-16,-80,-19,-71,-23,-71,-23,-78,-33,-78,-33,-76,-44,-67,-46,-71,-48,-71,-42,-63,-50,-63,-50,-67,-52,-61,-54,-57,-61,-69,-61,-65,-69,-61,-65,-67,-63,-59,-71,-67,-78,-59,-73,-61,0,0,0,0,0,0,-54,76,-52,69,-44,82,-48,67,-38,71,-42,73,-33,73,-38,80,-29,67,-33,67,-23,69,-19,65,-14,73,-14,69,-12,67,-10,67,-4,76,-4,67,-4,69,2,65,6,67,2,69,8,65,6,67,10,67,12,63,14,65,21,65,21,69,27,65,19,63,21,69,25,65,29,61,23,57,27,69,25,67,25,61,27,61,23,59,27,59,27,59,27,57,27,54,21,57,31,50,16,52,25,52,21,50,19,42,16,46,19,44,14,44,10,46,12,48,10,38,4,44,0,0,0,0,0,0,0,0,0,0]"""
1782173645230,2026-06-23T09:14:05.230,warning,breathing,lmh,lying_fast_breath,t001,"CSI_DATA,18554,1a:00:00:00:00:00,-61,11,-98,22,43,11,131066082,47,2,256,0,""[0,0,0,0,0,0,0,0,0,0,0,0,-31,29,-33,26,-35,26,-42,26,-38,26,-42,26,-42,26,-44,20,-53,29,-55,29,-55,24,-58,29,-55,29,-64,31,-62,17,-67,24,-67,31,-67,26,-69,20,-69,26,-62,20,-78,24,-76,24,-73,20,-80,17,-69,26,-73,20,-76,17,-73,17,-76,24,-71,20,-78,29,-73,31,-71,26,-71,31,-69,35,-67,33,-71,35,-67,40,-67,44,-71,40,-69,44,-71,47,-71,49,-67,44,-62,49,-69,51,-69,49,-67,49,-76,53,-69,58,-69,58,-78,49,-78,47,-78,58,-71,58,-73,53,0,0,0,0,0,0,49,76,42,71,53,76,47,71,51,64,42,69,49,67,44,71,40,60,44,67,44,55,44,55,49,62,40,58,47,53,47,49,49,51,47,53,42,51,47,47,55,49,47,51,47,42,44,44,49,51,44,42,49,42,53,40,51,51,53,40,49,44,49,47,51,44,53,44,47,44,49,53,44,49,49,47,47,53,40,51,40,47,40,51,38,51,38,51,31,53,35,47,31,47,29,49,22,51,20,44,24,47,17,47,17,44,13,47,6,42,8,40,4,44,0,0,0,0,0,0,0,0,0,0]"""
1782173645240,2026-06-23T09:14:05.240,warning,breathing,lmh,lying_fast_breath,t001,"CSI_DATA,18555,1a:00:00:00:00:00,-61,11,-98,19,44,11,131076456,47,2,256,0,""[0,0,0,0,0,0,0,0,0,0,0,0,17,41,13,39,15,45,17,50,15,50,13,47,13,50,13,52,15,58,13,58,15,60,15,60,17,65,19,67,4,65,10,69,17,69,13,71,15,71,6,73,4,82,15,76,13,76,17,76,17,82,23,71,15,76,19,80,15,78,26,80,19,73,28,80,26,76,26,71,34,80,39,73,34,63,45,65,41,71,47,65,45,71,50,60,47,69,60,63,50,63,56,63,56,65,56,56,60,56,65,65,69,58,67,63,67,69,63,65,73,60,71,58,65,67,0,0,0,0,0,0,65,-71,65,-67,56,-76,52,-63,56,-69,52,-60,52,-63,50,-65,50,-65,45,-56,39,-56,39,-58,36,-63,36,-63,36,-60,23,-58,28,-67,26,-65,30,-60,23,-63,17,-67,21,-63,17,-63,17,-63,21,-65,19,-67,15,-63,10,-65,10,-71,4,-67,8,-67,13,-67,13,-67,6,-71,10,-63,17,-69,15,-69,10,-69,19,-71,19,-63,13,-58,13,-63,15,-63,15,-63,23,-56,17,-56,15,-50,19,-52,21,-50,23,-50,23,-50,21,-41,23,-45,26,-45,28,-39,23,-32,32,-36,0,0,0,0,0,0,0,0,0,0]"""
1782173645251,2026-06-23T09:14:05.251,warning,breathing,lmh,lying_fast_breath,t001,"CSI_DATA,18556,1a:00:00:00:00:00,-61,11,-98,14,45,11,131088463,47,2,256,0,""[0,0,0,0,0,0,0,0,0,0,0,0,40,-6,44,-2,44,-6,47,-4,47,-2,51,-2,51,-2,53,0,58,-2,58,-2,62,-2,60,-2,67,-4,69,-4,67,2,73,-2,73,-6,73,-2,67,0,69,-4,73,-2,80,-4,78,-4,76,-6,82,-6,78,-13,80,-6,82,-8,78,-11,78,-20,76,-15,80,-20,76,-22,71,-20,76,-29,76,-33,69,-31,71,-38,71,-35,67,-49,69,-40,67,-53,69,-49,64,-58,64,-47,62,-55,67,-55,58,-60,58,-60,62,-67,55,-67,58,-69,67,-69,64,-64,60,-80,55,-78,55,-73,0,0,0,0,0,0,-69,-58,-71,-55,-71,-42,-71,-51,-71,-49,-67,-47,-69,-35,-69,-42,-64,-35,-64,-35,-67,-31,-62,-33,-71,-29,-67,-24,-69,-26,-67,-17,-69,-15,-64,-15,-64,-15,-64,-11,-67,-2,-69,-11,-58,-4,-60,-4,-64,-6,-67,-2,-67,0,-64,8,-67,2,-67,13,-64,4,-69,4,-69,4,-62,6,-64,8,-67,4,-64,8,-64,4,-69,6,-67,2,-62,6,-64,6,-64,2,-60,4,-58,-2,-58,6,-58,0,-53,0,-51,-2,-51,-2,-49,-2,-47,0,-44,-4,-49,-4,-40,-8,-42,-6,-40,-11,0,0,0,0,0,0,0,0,0,0]"""
1782173645264,2026-06-23T09:14:05.264,warning,breathing,lmh,lying_fast_breath,t001,"CSI_DATA,18557,1a:00:00:00:00:00,-61,11,-98,14,45,11,131104878,47,2,256,0,""[0,0,0,0,0,0,0,0,0,0,0,0,38,15,38,20,38,22,40,26,35,29,35,33,38,35,35,40,42,44,38,44,40,51,40,51,40,53,35,53,31,60,31,64,38,67,26,69,26,62,29,67,22,67,22,73,20,73,17,76,15,82,20,76,13,78,11,82,6,76,13,78,8,73,13,85,11,78,11,76,11,80,11,80,8,73,13,80,8,80,13,78,11,78,15,80,8,80,15,85,4,85,8,80,6,87,6,82,6,85,2,91,2,89,2,91,-8,98,-8,91,-4,98,-6,94,-4,91,0,0,0,0,0,0,87,24,87,22,87,15,85,29,80,26,73,31,76,20,78,29,69,26,67,35,69,29,62,26,71,29,62,29,60,33,62,29,64,29,62,26,60,31,58,29,64,26,60,35,58,26,55,29,55,35,55,31,58,38,60,31,60,35,60,33,53,38,55,42,51,42,53,38,47,44,51,51,47,49,44,47,44,51,38,53,35,51,33,58,31,55,26,51,22,55,24,51,17,53,20,51,6,53,11,51,4,47,2,49,0,49,-6,44,-4,44,-11,40,-13,44,0,0,0,0,0,0,0,0,0,0]"""
1782173645275,2026-06-23T09:14:05.275,warning,breathing,lmh,lying_fast_breath,t001,"CSI_DATA,18558,1a:00:00:00:00:00,-61,11,-98,20,44,11,131109476,47,2,256,0,""[0,0,0,0,0,0,0,0,0,0,0,0,35,-19,35,-14,42,-14,44,-12,48,-10,46,-12,50,-10,52,-10,57,-8,63,-2,59,-6,61,-6,67,-6,67,0,69,2,69,4,71,-2,71,10,69,6,76,14,78,16,76,12,80,14,78,12,80,23,76,10,73,19,80,19,80,21,78,16,71,16,76,19,80,19,73,19,78,12,78,10,73,12,80,10,82,14,82,8,82,12,82,6,82,12,88,6,73,8,82,8,82,4,82,-2,88,8,95,10,84,12,92,10,95,21,90,14,95,14,95,21,92,16,0,0,0,0,0,0,35,-86,29,-90,23,-78,27,-76,27,-88,33,-76,25,-80,29,-71,29,-73,25,-69,23,-69,23,-63,25,-71,27,-67,25,-65,21,-63,21,-69,25,-67,27,-63,21,-65,16,-67,21,-63,19,-54,23,-61,25,-63,27,-63,21,-65,21,-65,27,-67,16,-67,25,-65,23,-61,31,-67,27,-63,25,-59,31,-61,33,-61,31,-57,35,-61,38,-52,33,-52,35,-50,40,-50,42,-50,46,-42,40,-44,40,-35,44,-38,35,-33,40,-27,40,-27,38,-23,42,-21,44,-16,46,-16,40,-12,40,-4,0,0,0,0,0,0,0,0,0,0]"""
1782173645286,2026-06-23T09:14:05.286,warning,breathing,lmh,lying_fast_breath,t001,"CSI_DATA,18559,1a:00:00:00:00:00,-61,11,-98,14,45,11,131123541,47,2,256,0,""[0,0,0,0,0,0,0,0,0,0,0,0,24,31,22,33,24,38,22,42,22,42,22,42,26,42,31,42,33,49,29,51,33,51,35,51,40,55,38,55,31,60,35,60,44,58,44,64,38,58,38,62,42,67,44,62,49,64,49,60,49,67,53,55,49,60,53,58,53,60,58,53,58,49,60,53,62,49,60,44,67,44,69,38,64,35,73,31,71,33,78,20,73,26,78,15,78,17,85,13,78,13,85,8,87,6,82,0,85,4,89,4,91,0,89,-4,96,0,89,-2,94,-8,94,-8,96,-15,0,0,0,0,0,0,-8,-89,-13,-89,-20,-85,-17,-78,-22,-82,-20,-76,-20,-78,-24,-78,-24,-71,-26,-71,-33,-64,-29,-58,-35,-64,-33,-62,-35,-58,-40,-53,-42,-55,-42,-55,-38,-53,-44,-47,-53,-42,-47,-47,-42,-40,-47,-44,-49,-44,-49,-40,-55,-38,-55,-33,-53,-38,-60,-26,-55,-31,-60,-31,-58,-33,-60,-31,-55,-26,-58,-33,-60,-31,-58,-33,-60,-29,-58,-26,-55,-26,-55,-29,-55,-33,-51,-29,-51,-29,-51,-24,-47,-26,-49,-26,-42,-26,-42,-22,-40,-24,-40,-24,-33,-22,-40,-29,-31,-24,-31,-29,-29,-26,0,0,0,0,0,0,0,0,0,0]"""
1782173645296,2026-06-23T09:14:05.296,warning,breathing,lmh,lying_fast_breath,t001,"CSI_DATA,18560,1a:00:00:00:00:00,-61,11,-98,15,45,11,131132798,47,2,256,0,""[0,0,0,0,0,0,0,0,0,0,0,0,-28,32,-30,30,-32,30,-36,30,-36,28,-41,30,-39,30,-45,28,-50,32,-54,28,-56,28,-56,30,-60,32,-63,30,-67,21,-65,26,-65,32,-71,23,-69,21,-71,17,-76,17,-76,19,-71,19,-76,19,-82,17,-73,23,-78,13,-80,15,-78,13,-80,17,-71,13,-82,15,-80,17,-76,17,-82,21,-76,28,-69,21,-76,28,-76,21,-76,28,-78,23,-71,34,-80,30,-80,32,-76,28,-73,30,-78,32,-73,36,-80,32,-84,30,-82,30,-80,36,-91,30,-87,26,-93,32,-91,30,-87,26,0,0,0,0,0,0,13,93,15,89,21,87,19,84,17,76,13,80,15,78,15,87,10,76,10,76,15,73,15,69,21,76,13,71,10,69,15,65,19,69,13,67,8,65,17,60,23,67,17,65,15,60,15,63,13,63,13,65,17,65,19,63,13,67,23,60,15,60,19,69,8,65,13,65,10,65,6,71,6,67,6,67,4,67,4,60,4,58,0,65,-4,65,-8,63,-10,60,-4,54,-8,52,-10,56,-13,52,-15,47,-15,47,-13,41,-21,41,-28,41,-26,34,-26,32,-26,30,0,0,0,0,0,0,0,0,0,0]"""
1782173645306,2026-06-23T09:14:05.306,warning,breathing,lmh,lying_fast_breath,t001,"CSI_DATA,18561,1a:00:00:00:00:00,-61,11,-98,18,44,11,131143491,47,2,256,0,""[0,0,0,0,0,0,0,0,0,0,0,0,33,-26,31,-24,40,-22,42,-22,42,-20,44,-17,47,-17,49,-15,53,-17,55,-11,55,-11,58,-11,67,-15,64,-11,67,0,71,-4,71,-8,73,4,71,6,71,0,67,8,80,11,73,8,76,15,82,20,73,13,76,17,80,20,76,22,73,15,73,22,78,22,73,20,71,20,80,22,80,17,69,24,78,15,73,22,82,17,78,22,80,8,76,20,89,20,78,22,73,22,82,24,80,24,85,29,87,29,82,26,85,26,87,35,85,40,89,35,89,38,82,40,0,0,0,0,0,0,53,-80,55,-78,49,-78,51,-71,49,-64,51,-58,49,-60,53,-64,53,-60,49,-55,49,-58,51,-49,47,-62,51,-49,49,-49,40,-53,44,-55,49,-53,51,-47,42,-47,42,-55,47,-49,44,-44,44,-47,51,-42,53,-49,49,-42,44,-47,55,-44,47,-49,47,-40,58,-40,53,-42,51,-42,51,-35,62,-35,60,-35,60,-33,60,-31,60,-24,58,-20,60,-22,60,-17,62,-17,62,-6,58,-13,55,-8,60,-6,53,2,47,0,49,6,44,8,49,13,44,15,44,17,40,13,35,24,0,0,0,0,0,0,0,0,0,0]"""
1782173645316,2026-06-23T09:14:05.316,warning,breathing,lmh,lying_fast_breath,t001,"CSI_DATA,18562,1a:00:00:00:00:00,-61,11,-98,14,45,11,131153455,47,2,256,0,""[0,0,0,0,0,0,0,0,0,0,0,0,-33,22,-35,20,-40,22,-42,22,-44,20,-44,20,-47,22,-51,17,-55,24,-55,20,-58,24,-55,24,-60,26,-60,24,-64,20,-69,24,-69,31,-73,24,-64,24,-67,22,-67,17,-73,24,-76,26,-73,29,-76,26,-71,33,-78,31,-78,31,-71,29,-69,35,-69,33,-71,35,-69,35,-67,35,-69,42,-67,47,-62,42,-60,49,-62,49,-55,58,-60,55,-51,62,-55,58,-51,64,-51,55,-49,62,-53,67,-51,67,-51,69,-53,76,-47,71,-51,78,-58,80,-55,73,-47,85,-47,80,-44,78,0,0,0,0,0,0,78,49,80,51,73,38,78,44,78,42,71,40,69,31,71,33,69,33,64,33,67,33,62,31,76,31,62,29,64,22,64,17,73,15,67,13,64,17,67,11,67,6,69,13,55,8,60,8,64,13,67,8,67,4,64,-4,67,2,67,-4,67,0,71,0,67,4,64,-2,69,0,69,4,67,4,64,0,67,2,67,4,64,4,64,2,64,6,62,4,58,8,58,6,55,8,55,8,51,11,49,13,47,13,42,13,42,15,38,15,40,17,35,15,35,22,0,0,0,0,0,0,0,0,0,0]"""
1782173645328,2026-06-23T09:14:05.328,warning,breathing,lmh,lying_fast_breath,t001,"CSI_DATA,18563,1a:00:00:00:00:00,-61,11,-98,18,44,11,131164902,47,2,256,0,""[0,0,0,0,0,0,0,0,0,0,0,0,42,11,38,11,47,17,42,20,47,20,44,22,47,20,47,24,53,24,53,29,51,26,58,26,62,24,62,29,58,33,62,35,64,29,64,35,58,29,67,38,64,35,64,40,69,35,67,40,71,38,71,33,69,40,71,38,71,38,73,29,71,31,78,29,78,29,71,26,80,22,80,17,76,17,76,13,78,20,80,8,78,11,85,2,82,4,87,0,78,2,82,-2,87,-2,85,-11,85,-6,94,-8,85,-11,85,-13,98,-8,94,-8,91,-13,94,-13,94,-13,0,0,0,0,0,0,-11,-94,-6,-94,-17,-80,-13,-85,-17,-87,-11,-82,-20,-85,-13,-80,-20,-76,-17,-71,-20,-71,-20,-67,-24,-73,-22,-67,-20,-64,-29,-62,-31,-69,-29,-62,-24,-60,-31,-55,-38,-58,-33,-64,-31,-51,-31,-55,-31,-58,-35,-55,-42,-58,-44,-49,-40,-62,-49,-49,-38,-49,-42,-51,-42,-58,-40,-49,-42,-49,-38,-55,-40,-55,-40,-49,-42,-53,-38,-53,-35,-49,-38,-53,-33,-55,-35,-51,-29,-53,-33,-49,-26,-49,-31,-49,-24,-44,-20,-44,-17,-47,-22,-40,-17,-44,-13,-47,-13,-40,-11,-38,-6,-44,0,0,0,0,0,0,0,0,0,0]"""
1782173645340,2026-06-23T09:14:05.340,warning,breathing,lmh,lying_fast_breath,t001,"CSI_DATA,18564,1a:00:00:00:00:00,-61,11,-98,14,45,11,131175972,47,2,256,0,""[0,0,0,0,0,0,0,0,0,0,0,0,-35,-17,-38,-22,-38,-22,-40,-26,-40,-26,-40,-29,-40,-31,-35,-31,-44,-35,-44,-40,-47,-42,-47,-35,-51,-42,-51,-47,-47,-51,-47,-44,-55,-51,-47,-53,-47,-55,-49,-53,-49,-58,-51,-60,-47,-55,-53,-60,-53,-64,-53,-53,-47,-58,-53,-62,-53,-58,-60,-55,-49,-51,-60,-62,-60,-58,-53,-55,-62,-53,-62,-51,-55,-44,-64,-42,-67,-49,-69,-42,-69,-47,-69,-33,-71,-42,-76,-40,-69,-38,-76,-35,-73,-38,-73,-31,-78,-38,-82,-42,-89,-33,-87,-29,-82,-44,-78,-38,-89,-35,-94,-40,-87,-40,0,0,0,0,0,0,-47,87,-42,78,-35,85,-35,78,-33,69,-35,73,-33,71,-33,80,-33,71,-33,67,-26,67,-24,62,-24,71,-26,67,-22,69,-17,64,-13,71,-17,67,-22,67,-11,60,-8,67,-15,62,-8,62,-15,64,-15,67,-11,69,-11,60,-6,67,-13,69,-2,62,-8,62,-8,67,-11,67,-6,69,-11,60,-13,71,-13,69,-13,64,-13,69,-15,58,-13,55,-15,60,-17,64,-17,60,-22,55,-13,51,-17,51,-20,53,-22,47,-20,40,-22,42,-24,38,-26,40,-29,38,-29,33,-26,29,-29,26,0,0,0,0,0,0,0,0,0,0]"""
1782173645349,2026-06-23T09:14:05.349,warning,breathing,lmh,lying_fast_breath,t001,"CSI_DATA,18565,1a:00:00:00:00:00,-61,11,-98,19,44,11,131186658,47,2,256,0,""[0,0,0,0,0,0,0,0,0,0,0,0,8,41,8,41,4,43,2,50,0,50,-4,50,-4,50,-6,54,-4,60,-13,54,-13,63,-13,58,-8,67,-15,67,-21,65,-17,65,-17,73,-26,71,-21,65,-28,65,-32,71,-30,71,-30,69,-32,69,-34,73,-28,71,-36,69,-39,73,-39,67,-28,73,-32,67,-39,73,-34,69,-32,69,-34,78,-32,76,-30,65,-26,73,-28,76,-19,82,-28,76,-17,82,-26,82,-19,82,-26,80,-21,78,-28,78,-21,78,-21,84,-23,87,-23,84,-19,87,-36,91,-34,87,-28,91,-30,87,-26,93,0,0,0,0,0,0,89,39,78,43,80,30,78,36,78,34,76,39,71,36,82,36,69,30,67,34,65,30,60,32,73,30,65,28,60,32,65,28,67,32,65,26,63,30,60,21,65,19,63,28,58,21,58,21,58,30,60,28,63,28,67,21,65,26,65,17,60,28,67,28,63,28,58,28,56,28,60,36,58,32,58,32,60,34,54,39,50,36,54,41,47,41,52,43,45,45,45,36,36,45,39,39,34,41,30,43,23,45,28,39,21,39,21,41,17,41,13,43,6,43,0,0,0,0,0,0,0,0,0,0]"""
1782173645359,2026-06-23T09:14:05.359,warning,breathing,lmh,lying_fast_breath,t001,"CSI_DATA,18566,1a:00:00:00:00:00,-61,11,-98,17,44,11,131197455,47,2,256,0,""[0,0,0,0,0,0,0,0,0,0,0,0,-25,32,-27,29,-32,32,-32,34,-39,32,-34,34,-36,32,-39,34,-43,36,-41,36,-50,39,-46,41,-46,46,-52,43,-55,39,-57,46,-52,43,-62,43,-52,39,-64,46,-66,43,-64,43,-64,43,-57,46,-62,50,-57,50,-59,46,-64,48,-62,48,-55,57,-57,46,-57,52,-57,52,-50,50,-52,62,-48,57,-46,57,-46,64,-50,66,-43,71,-46,66,-39,71,-46,69,-34,76,-39,66,-36,76,-34,76,-29,78,-34,78,-36,82,-32,85,-29,80,-39,85,-41,82,-29,94,-32,92,-25,87,0,0,0,0,0,0,82,32,89,32,80,23,78,32,78,27,76,27,76,25,82,25,76,20,69,27,69,16,69,20,73,9,71,11,73,13,66,9,73,9,71,4,64,6,69,4,69,-4,69,6,62,0,64,2,66,4,64,0,66,0,66,-11,69,-4,69,-13,66,-2,66,-4,71,-4,66,-9,64,-4,69,-4,66,-2,64,-2,66,-2,64,2,64,-4,66,2,66,0,62,-2,57,6,66,0,57,6,57,2,50,6,50,6,46,13,46,11,48,11,48,13,39,13,34,13,36,18,0,0,0,0,0,0,0,0,0,0]"""
1782173645371,2026-06-23T09:14:05.371,warning,breathing,lmh,lying_fast_breath,t001,"CSI_DATA,18567,1a:00:00:00:00:00,-61,11,-98,14,45,11,131209147,47,2,256,0,""[0,0,0,0,0,0,0,0,0,0,0,0,8,-38,11,-40,15,-42,22,-42,22,-42,24,-40,29,-42,31,-40,33,-49,40,-42,42,-44,44,-44,47,-49,49,-47,58,-42,51,-42,55,-49,58,-40,58,-38,67,-38,67,-33,69,-33,67,-35,67,-38,78,-35,67,-35,71,-29,76,-31,71,-26,73,-33,67,-26,80,-33,78,-31,71,-26,73,-31,71,-33,67,-29,69,-35,73,-31,73,-35,73,-33,67,-44,73,-33,71,-40,76,-33,71,-38,76,-40,73,-35,76,-33,82,-33,82,-33,82,-35,94,-33,85,-24,89,-38,94,-29,87,-26,0,0,0,0,0,0,-11,-94,-8,-87,-20,-87,-11,-85,-11,-82,-4,-80,-8,-78,-4,-89,-4,-76,-2,-78,-6,-73,-2,-69,-8,-71,-2,-71,-2,-69,-8,-67,-6,-73,-2,-69,2,-67,-6,-64,-13,-69,-4,-67,-4,-64,0,-64,6,-62,0,-67,0,-62,-4,-64,4,-69,-2,-64,2,-64,6,-69,11,-62,4,-69,4,-62,15,-71,15,-67,17,-62,20,-67,20,-60,17,-55,22,-60,29,-62,29,-53,31,-55,26,-49,29,-49,31,-44,35,-42,33,-38,35,-35,35,-31,35,-31,35,-24,40,-22,38,-20,35,-17,0,0,0,0,0,0,0,0,0,0]"""
1782173645381,2026-06-23T09:14:05.381,warning,breathing,lmh,lying_fast_breath,t001,"CSI_DATA,18568,1a:00:00:00:00:00,-61,11,-98,19,44,11,131219559,47,2,256,0,""[0,0,0,0,0,0,0,0,0,0,0,0,41,4,39,8,45,8,45,15,45,17,47,17,47,19,45,23,52,23,54,30,56,30,58,30,58,32,60,30,56,41,58,41,58,41,58,47,58,45,52,52,52,56,58,47,56,50,60,54,65,52,63,47,56,52,58,52,56,58,58,47,56,45,65,56,65,54,54,54,63,56,63,50,56,43,67,39,67,45,71,41,69,43,76,34,69,43,76,43,67,43,71,32,69,45,71,32,78,43,80,41,78,36,82,39,80,52,73,50,84,43,82,47,80,47,0,0,0,0,0,0,60,-76,58,-71,47,-71,50,-67,52,-69,45,-60,54,-65,50,-63,50,-63,45,-56,43,-58,39,-58,39,-63,45,-63,43,-56,32,-60,39,-63,32,-63,34,-52,32,-56,26,-60,34,-56,28,-56,34,-58,36,-58,32,-58,34,-56,30,-60,34,-60,23,-63,32,-54,34,-60,39,-58,32,-63,36,-54,43,-56,41,-54,39,-54,41,-54,41,-50,41,-52,45,-45,45,-50,45,-45,45,-41,43,-41,43,-36,45,-34,43,-32,43,-23,43,-26,41,-23,43,-17,45,-19,43,-13,41,-8,41,-8,0,0,0,0,0,0,0,0,0,0]"""
1782173645392,2026-06-23T09:14:05.392,warning,breathing,lmh,lying_fast_breath,t001,"CSI_DATA,18569,1a:00:00:00:00:00,-61,11,-98,20,44,11,131230469,47,2,256,0,""[0,0,0,0,0,0,0,0,0,0,0,0,-6,42,-8,42,-6,48,-8,46,-8,46,-12,50,-16,50,-14,46,-12,52,-12,57,-16,59,-16,59,-14,65,-16,63,-23,63,-19,67,-14,69,-21,69,-14,67,-25,71,-25,73,-25,71,-23,73,-19,76,-21,80,-14,73,-23,73,-23,78,-16,78,-12,78,-14,73,-8,82,-10,80,-8,76,-6,84,-2,78,0,76,10,78,8,78,14,80,8,82,23,76,19,80,25,84,21,84,21,78,23,82,25,76,29,80,31,86,35,86,35,82,31,88,31,86,42,86,44,88,46,84,0,0,0,0,0,0,86,-38,82,-40,71,-48,78,-38,71,-40,67,-31,69,-44,76,-44,63,-44,67,-35,59,-40,61,-38,57,-46,59,-46,59,-46,52,-46,48,-52,50,-50,50,-44,42,-48,40,-57,46,-50,35,-54,42,-54,40,-50,42,-52,40,-57,31,-59,38,-61,33,-57,38,-54,35,-57,33,-63,31,-61,33,-54,40,-61,33,-61,33,-57,40,-61,35,-52,33,-48,35,-54,38,-57,31,-50,38,-48,35,-50,33,-42,33,-48,31,-38,35,-35,35,-38,33,-35,33,-29,38,-29,33,-31,31,-31,33,-16,0,0,0,0,0,0,0,0,0,0]"""
1782173645402,2026-06-23T09:14:05.402,warning,breathing,lmh,lying_fast_breath,t001,"CSI_DATA,18570,1a:00:00:00:00:00,-61,11,-98,18,44,11,131241455,47,2,256,0,""[0,0,0,0,0,0,0,0,0,0,0,0,13,38,15,40,13,44,11,44,11,49,6,49,8,49,6,53,8,58,8,58,11,62,8,60,8,60,8,67,2,67,4,69,11,73,4,76,4,71,0,67,-4,71,4,76,0,76,2,78,4,85,6,78,-2,78,0,76,2,78,11,80,6,73,6,80,11,78,8,76,15,78,17,80,17,73,24,78,20,78,29,78,24,78,31,71,29,78,38,80,29,73,35,73,35,76,40,71,40,76,40,78,44,80,42,78,38,85,38,80,51,82,44,82,51,85,0,0,0,0,0,0,85,-42,85,-42,76,-51,73,-38,73,-47,69,-35,71,-38,76,-38,67,-42,67,-33,60,-40,64,-33,58,-44,60,-40,60,-40,51,-42,53,-51,53,-44,51,-38,53,-42,44,-51,49,-42,42,-44,47,-49,53,-51,47,-49,49,-47,42,-51,47,-51,40,-53,47,-49,47,-51,44,-53,42,-53,42,-47,51,-53,47,-51,47,-47,47,-47,49,-40,47,-44,47,-40,53,-40,47,-44,49,-38,44,-38,44,-31,44,-33,47,-24,44,-26,42,-24,44,-22,47,-22,42,-17,40,-13,42,-11,42,-8,0,0,0,0,0,0,0,0,0,0]"""
1782173645414,2026-06-23T09:14:05.414,warning,breathing,lmh,lying_fast_breath,t001,"CSI_DATA,18571,1a:00:00:00:00:00,-61,11,-98,22,43,11,131252868,47,2,256,0,""[0,0,0,0,0,0,0,0,0,0,0,0,-40,-2,-42,-4,-44,-2,-49,-8,-42,-4,-44,-4,-51,-6,-51,-8,-55,-4,-55,-4,-58,-2,-60,-4,-62,2,-64,0,-69,-8,-69,-6,-71,2,-71,0,-69,2,-78,0,-78,0,-76,6,-71,8,-78,13,-80,15,-78,20,-76,13,-82,15,-78,15,-73,26,-67,24,-76,31,-73,35,-69,35,-67,38,-69,44,-62,38,-60,53,-58,51,-55,58,-60,62,-47,62,-53,67,-44,67,-49,67,-40,69,-40,73,-42,76,-38,78,-38,80,-29,82,-29,85,-35,91,-29,82,-24,91,-20,96,-17,87,0,0,0,0,0,0,91,20,89,17,91,4,89,11,80,0,80,-2,78,0,89,-4,73,-8,76,-4,76,-8,71,-8,73,-22,67,-24,71,-20,64,-31,64,-33,62,-33,64,-29,58,-33,58,-42,55,-38,49,-42,51,-40,51,-47,51,-42,47,-44,40,-53,44,-53,38,-58,42,-51,44,-58,38,-55,35,-55,33,-51,40,-58,35,-55,35,-58,38,-62,31,-53,29,-53,35,-60,38,-55,29,-53,31,-51,26,-58,31,-51,26,-49,29,-42,26,-44,26,-44,24,-38,24,-40,24,-38,24,-40,24,-35,26,-31,0,0,0,0,0,0,0,0,0,0]"""
1782173645423,2026-06-23T09:14:05.423,warning,breathing,lmh,lying_fast_breath,t001,"CSI_DATA,18572,1a:00:00:00:00:00,-61,11,-98,17,44,11,131263478,47,2,256,0,""[0,0,0,0,0,0,0,0,0,0,0,0,29,25,27,27,34,29,29,36,29,36,29,39,27,41,27,46,32,48,29,52,32,52,27,50,34,57,34,59,25,62,25,62,29,64,23,69,23,66,13,71,13,73,18,73,20,78,23,73,20,80,16,71,13,78,16,80,11,78,20,78,16,73,16,80,16,78,13,78,18,78,23,73,20,73,25,71,23,78,34,78,23,76,27,73,27,76,32,82,25,71,23,78,27,76,29,76,29,82,32,89,36,87,32,85,20,89,20,89,29,92,32,89,25,87,0,0,0,0,0,0,92,-6,89,-11,80,-18,85,-6,82,-16,80,-6,82,-16,82,-9,78,-11,73,-4,71,-6,69,-6,73,-13,73,-13,69,-9,66,-16,71,-18,66,-16,64,-4,66,-11,66,-18,69,-11,59,-16,64,-11,69,-6,66,-9,64,-11,66,-20,66,-13,64,-16,64,-9,69,-9,66,-9,66,-11,64,-2,66,-2,69,-2,64,0,69,4,64,11,64,4,62,4,66,9,59,6,59,16,59,11,52,16,57,16,50,18,46,18,43,25,41,20,36,23,41,29,34,27,29,27,25,29,0,0,0,0,0,0,0,0,0,0]"""
1782173645434,2026-06-23T09:14:05.434,warning,breathing,lmh,lying_fast_breath,t001,"CSI_DATA,18573,1a:00:00:00:00:00,-61,11,-98,17,44,11,131274460,47,2,256,0,""[0,0,0,0,0,0,0,0,0,0,0,0,39,13,36,16,41,20,41,27,41,27,36,27,34,29,39,34,48,34,46,39,39,41,43,46,43,46,41,50,36,55,41,59,46,59,36,66,32,62,29,66,29,71,39,69,27,71,32,69,29,78,29,71,25,73,25,76,23,76,29,73,23,73,27,78,27,76,23,71,29,73,29,76,25,69,29,73,25,73,32,76,29,73,34,73,25,73,34,80,25,71,25,76,29,82,29,71,27,82,25,87,27,89,23,87,18,89,18,89,27,99,27,94,20,87,0,0,0,0,0,0,92,-2,92,-6,92,-11,87,-4,85,-2,80,0,80,0,82,-2,80,0,73,6,73,2,69,2,76,0,73,4,71,4,66,2,73,0,69,0,69,6,69,4,69,0,64,6,59,2,66,2,69,9,69,4,66,6,66,4,69,11,69,4,62,11,66,11,66,11,66,11,66,13,69,20,64,16,64,20,59,25,62,29,57,25,57,32,57,32,55,32,46,36,50,36,43,36,48,39,29,39,32,36,34,39,29,39,29,39,23,43,16,43,16,39,9,41,0,0,0,0,0,0,0,0,0,0]"""
1782173645449,2026-06-23T09:14:05.449,warning,breathing,lmh,lying_fast_breath,t001,"CSI_DATA,18574,1a:00:00:00:00:00,-61,11,-98,19,44,11,131287264,47,2,256,0,""[0,0,0,0,0,0,0,0,0,0,0,0,-34,21,-36,19,-36,21,-43,19,-43,21,-45,19,-47,21,-45,21,-50,26,-52,30,-54,28,-52,30,-54,34,-56,36,-60,30,-63,30,-63,43,-63,39,-60,36,-60,43,-58,47,-65,43,-60,41,-63,47,-65,47,-54,52,-63,47,-63,56,-56,54,-56,60,-50,56,-58,63,-47,65,-39,65,-41,69,-39,69,-34,67,-30,73,-30,76,-23,78,-21,80,-13,76,-17,82,-6,89,-6,80,-4,82,-6,89,0,82,6,87,0,89,6,91,10,91,6,100,10,91,19,95,19,95,23,95,0,0,0,0,0,0,93,-21,89,-23,84,-32,82,-28,76,-32,73,-28,71,-32,78,-36,69,-36,65,-30,63,-39,60,-36,63,-45,56,-43,52,-43,47,-45,52,-56,43,-50,45,-52,43,-52,36,-56,36,-56,32,-54,36,-54,39,-54,28,-60,30,-56,21,-65,26,-65,19,-65,23,-63,19,-65,19,-63,15,-67,17,-60,19,-69,15,-69,13,-67,15,-67,17,-63,10,-56,15,-65,15,-63,8,-63,15,-58,8,-56,15,-56,10,-60,13,-52,13,-47,19,-47,10,-45,15,-41,15,-43,17,-41,17,-39,17,-36,0,0,0,0,0,0,0,0,0,0]"""
1782173645460,2026-06-23T09:14:05.460,warning,breathing,lmh,lying_fast_breath,t001,"CSI_DATA,18575,1a:00:00:00:00:00,-61,11,-98,18,44,11,131296709,47,2,256,0,""[0,0,0,0,0,0,0,0,0,0,0,0,31,-24,35,-17,38,-26,40,-26,42,-26,44,-22,44,-24,44,-26,49,-33,51,-33,51,-40,49,-33,51,-40,51,-42,55,-35,58,-40,55,-47,60,-40,58,-40,55,-42,58,-40,55,-51,60,-44,55,-53,60,-58,49,-58,55,-53,55,-55,53,-55,44,-64,47,-58,49,-64,44,-64,40,-64,35,-73,33,-71,29,-69,22,-76,24,-76,15,-80,17,-76,8,-82,8,-78,4,-89,4,-78,0,-80,2,-85,-4,-85,-6,-87,-4,-94,-13,-89,-15,-87,-8,-94,-8,-94,-24,-96,-20,-91,-29,-94,0,0,0,0,0,0,-91,24,-85,31,-82,35,-80,26,-80,33,-76,29,-76,35,-76,35,-67,35,-64,35,-62,38,-60,35,-58,42,-55,44,-53,44,-49,47,-49,53,-49,51,-47,44,-42,51,-33,55,-44,53,-31,53,-33,53,-35,55,-35,60,-29,55,-22,67,-29,60,-22,64,-26,60,-22,64,-24,64,-17,62,-17,60,-20,67,-22,67,-17,62,-20,64,-17,60,-15,62,-17,62,-17,60,-13,62,-20,58,-11,58,-17,53,-15,55,-22,47,-15,51,-22,47,-15,42,-20,40,-24,42,-17,42,-20,38,-22,33,0,0,0,0,0,0,0,0,0,0]"""
1782173645470,2026-06-23T09:14:05.470,warning,breathing,lmh,lying_fast_breath,t001,"CSI_DATA,18576,1a:00:00:00:00:00,-61,11,-98,20,44,11,131307454,47,2,256,0,""[0,0,0,0,0,0,0,0,0,0,0,0,-19,35,-21,33,-27,33,-31,38,-29,35,-33,35,-31,33,-35,35,-44,38,-48,35,-48,38,-48,38,-54,38,-59,38,-59,33,-65,38,-63,40,-65,29,-63,33,-65,27,-67,31,-73,25,-69,29,-71,27,-80,25,-71,27,-73,19,-73,21,-71,21,-76,25,-71,19,-80,23,-78,21,-73,21,-78,23,-73,27,-67,25,-71,29,-73,25,-73,31,-80,29,-69,35,-78,31,-78,35,-78,29,-78,29,-82,33,-73,29,-76,29,-88,31,-84,35,-82,33,-92,27,-92,23,-92,29,-88,27,-88,29,0,0,0,0,0,0,12,95,8,90,14,84,14,88,12,84,8,80,10,76,8,88,6,76,6,76,8,73,0,71,8,78,4,73,6,71,10,67,8,73,6,69,0,69,8,67,12,67,6,71,6,61,2,67,2,67,2,67,6,67,10,69,4,71,10,63,4,67,2,67,2,67,2,69,4,65,-8,73,-12,69,-2,65,-10,65,-14,61,-6,61,-16,63,-23,65,-21,61,-25,57,-19,57,-25,50,-25,52,-29,44,-29,44,-29,42,-31,35,-29,33,-33,33,-33,25,-35,27,-33,19,0,0,0,0,0,0,0,0,0,0]"""
1782173645480,2026-06-23T09:14:05.480,warning,breathing,lmh,lying_fast_breath,t001,"CSI_DATA,18577,1a:00:00:00:00:00,-61,11,-98,17,44,11,131318528,47,2,256,0,""[0,0,0,0,0,0,0,0,0,0,0,0,41,9,39,11,46,18,41,20,46,18,46,20,48,23,46,27,50,25,52,34,55,29,52,29,59,29,57,34,55,36,62,39,66,29,62,41,55,41,57,36,52,46,64,43,64,43,69,43,69,46,71,39,66,46,66,39,66,46,69,36,66,34,69,39,71,36,69,36,73,32,76,27,73,29,76,20,76,27,78,18,76,18,82,11,80,16,89,6,76,11,78,6,80,11,85,4,85,11,94,11,89,0,87,2,94,9,92,13,103,4,94,2,92,4,0,0,0,0,0,0,11,-89,4,-99,0,-85,2,-85,0,-89,0,-80,0,-85,4,-80,4,-78,6,-73,-4,-71,0,-66,-6,-73,-6,-73,-9,-71,-13,-69,-18,-76,-18,-64,-4,-62,-16,-64,-25,-59,-18,-66,-18,-55,-13,-62,-13,-66,-20,-59,-25,-64,-27,-62,-23,-64,-34,-57,-23,-59,-25,-57,-23,-69,-25,-62,-25,-62,-23,-69,-20,-69,-20,-62,-18,-66,-11,-62,-16,-59,-18,-64,-13,-69,-16,-62,-11,-59,-18,-59,-9,-52,-9,-57,-4,-48,-9,-50,-2,-48,0,-46,4,-46,0,-50,4,-46,9,-39,9,-36,0,0,0,0,0,0,0,0,0,0]"""
1782173645494,2026-06-23T09:14:05.494,warning,breathing,lmh,lying_fast_breath,t001,"CSI_DATA,18578,1a:00:00:00:00:00,-61,11,-98,14,45,11,131331020,47,2,256,0,""[0,0,0,0,0,0,0,0,0,0,0,0,29,-31,29,-29,31,-29,40,-26,40,-26,40,-24,44,-24,44,-22,51,-31,53,-22,55,-26,58,-29,60,-26,67,-29,67,-15,64,-22,69,-26,71,-22,67,-20,71,-13,76,-11,76,-13,76,-15,78,-13,82,-13,73,-22,78,-13,78,-11,78,-13,78,-17,73,-13,80,-11,76,-15,73,-11,82,-17,78,-22,73,-20,76,-24,78,-20,76,-26,78,-22,73,-31,76,-29,82,-31,76,-29,73,-29,82,-31,76,-31,78,-29,87,-31,82,-31,85,-35,91,-29,87,-29,89,-31,89,-26,87,-29,0,0,0,0,0,0,-15,-94,-15,-89,-22,-85,-20,-82,-20,-85,-17,-80,-15,-80,-13,-80,-15,-76,-11,-71,-17,-69,-13,-67,-20,-73,-13,-71,-15,-69,-22,-64,-24,-71,-20,-67,-11,-69,-20,-62,-26,-62,-15,-67,-17,-60,-17,-60,-13,-64,-17,-64,-20,-62,-22,-62,-15,-67,-26,-60,-20,-62,-20,-69,-15,-64,-17,-64,-15,-62,-8,-64,-6,-67,-6,-64,-6,-67,-8,-62,-6,-60,-6,-64,4,-67,0,-60,6,-58,-4,-58,4,-53,8,-55,11,-53,11,-49,13,-47,15,-44,17,-42,24,-40,22,-38,20,-35,22,-33,0,0,0,0,0,0,0,0,0,0]"""
1782173645505,2026-06-23T09:14:05.505,warning,breathing,lmh,lying_fast_breath,t001,"CSI_DATA,18579,1a:00:00:00:00:00,-61,11,-98,14,45,11,131340454,47,2,256,0,""[0,0,0,0,0,0,0,0,0,0,0,0,-42,0,-40,-2,-44,-6,-47,-8,-47,-11,-47,-15,-44,-13,-51,-15,-55,-20,-55,-22,-53,-26,-55,-22,-64,-26,-62,-26,-60,-35,-60,-35,-62,-35,-58,-42,-60,-42,-60,-47,-62,-51,-62,-44,-60,-49,-64,-47,-64,-55,-62,-44,-58,-51,-60,-53,-60,-51,-64,-49,-53,-47,-62,-58,-62,-51,-62,-49,-64,-51,-67,-47,-58,-42,-64,-42,-67,-49,-73,-44,-67,-44,-69,-40,-67,-44,-78,-42,-69,-40,-69,-40,-69,-44,-71,-38,-73,-44,-76,-51,-76,-49,-73,-49,-73,-55,-69,-53,-82,-53,-80,-55,-76,-55,0,0,0,0,0,0,-67,69,-62,67,-55,73,-58,62,-53,62,-60,53,-53,60,-60,60,-53,58,-53,51,-47,53,-47,51,-49,55,-51,55,-47,49,-42,49,-42,58,-47,51,-47,49,-40,49,-38,53,-44,49,-42,47,-42,47,-44,51,-44,55,-40,49,-40,55,-47,51,-38,49,-44,44,-49,44,-47,49,-44,51,-49,42,-55,47,-51,44,-51,44,-53,47,-51,35,-47,31,-51,29,-58,31,-51,31,-51,24,-51,24,-51,15,-55,24,-49,13,-49,11,-49,11,-47,8,-44,6,-44,4,-44,0,-42,-4,-38,-8,0,0,0,0,0,0,0,0,0,0]"""
1782173645514,2026-06-23T09:14:05.514,warning,breathing,lmh,lying_fast_breath,t001,"CSI_DATA,18580,1a:00:00:00:00:00,-61,11,-98,22,43,11,131351454,47,2,256,0,""[0,0,0,0,0,0,0,0,0,0,0,0,-26,33,-31,31,-33,26,-38,26,-38,31,-42,29,-42,29,-42,29,-47,35,-47,31,-49,33,-51,38,-51,40,-53,38,-58,33,-62,35,-60,42,-64,38,-62,35,-60,33,-64,29,-67,44,-64,40,-67,47,-67,42,-62,44,-69,40,-71,44,-62,42,-62,51,-58,44,-64,53,-60,51,-58,47,-62,55,-60,58,-49,53,-49,62,-49,64,-42,69,-49,62,-38,69,-49,71,-42,76,-42,71,-38,76,-42,76,-38,73,-33,76,-40,80,-31,87,-33,87,-44,87,-38,85,-35,91,-35,96,-33,87,0,0,0,0,0,0,87,31,80,33,85,29,82,31,80,24,80,33,73,22,85,26,71,22,73,22,76,17,69,17,76,15,69,11,73,11,69,4,71,6,71,4,67,8,67,0,67,-2,69,4,67,-4,64,0,69,0,67,-4,64,-4,67,-13,67,-8,67,-17,67,-8,69,-8,67,-6,64,-11,67,-8,71,-2,69,-4,67,-8,69,-6,69,-2,62,-4,69,-4,67,0,60,-4,64,2,60,-4,55,-2,58,2,58,4,49,2,47,6,47,6,49,8,44,17,44,13,40,8,40,20,0,0,0,0,0,0,0,0,0,0]"""
1782173645524,2026-06-23T09:14:05.524,warning,breathing,lmh,lying_fast_breath,t001,"CSI_DATA,18581,1a:00:00:00:00:00,-61,11,-98,17,44,11,131362454,47,2,256,0,""[0,0,0,0,0,0,0,0,0,0,0,0,36,18,32,20,36,27,39,29,36,29,36,34,36,34,34,34,43,34,41,41,43,39,43,39,48,41,48,46,41,50,48,57,46,52,48,57,39,52,39,59,41,64,46,59,50,62,48,59,52,64,55,52,50,62,48,62,48,66,55,59,48,55,50,59,57,57,52,55,57,52,59,55,55,48,64,48,64,50,69,46,64,46,69,41,66,46,71,43,64,41,73,39,71,48,76,34,73,39,80,41,76,41,78,36,78,50,80,50,82,43,85,41,80,41,0,0,0,0,0,0,48,-78,52,-78,39,-78,39,-71,39,-73,43,-66,39,-71,43,-71,39,-66,34,-62,32,-64,32,-62,29,-69,34,-66,29,-59,20,-66,20,-64,23,-64,27,-59,20,-64,16,-64,25,-62,16,-59,16,-62,23,-62,16,-62,18,-64,11,-66,16,-69,9,-64,13,-62,16,-69,20,-66,18,-64,13,-64,18,-64,20,-69,18,-64,18,-64,20,-59,18,-59,20,-59,23,-59,23,-57,27,-50,27,-55,25,-46,27,-50,27,-39,25,-46,29,-39,27,-36,32,-36,32,-39,34,-27,32,-29,36,-23,0,0,0,0,0,0,0,0,0,0]"""
1782173645536,2026-06-23T09:14:05.536,warning,breathing,lmh,lying_fast_breath,t001,"CSI_DATA,18582,1a:00:00:00:00:00,-61,11,-98,14,45,11,131373454,47,2,256,0,""[0,0,0,0,0,0,0,0,0,0,0,0,38,-15,38,-13,38,-15,44,-11,49,-15,47,-11,49,-13,53,-15,53,-17,55,-17,60,-13,60,-17,62,-24,62,-22,62,-17,71,-20,69,-26,73,-17,62,-20,64,-24,69,-24,73,-26,76,-24,69,-31,76,-33,71,-35,73,-29,71,-33,69,-31,62,-42,69,-38,67,-40,62,-47,60,-47,60,-53,55,-53,53,-51,53,-55,55,-60,47,-67,44,-62,44,-71,42,-69,38,-76,38,-67,33,-76,40,-73,24,-78,29,-78,33,-87,24,-82,26,-82,33,-87,29,-85,20,-94,17,-91,13,-91,0,0,0,0,0,0,-89,-17,-87,-15,-82,-6,-85,-11,-85,-6,-78,-8,-80,-4,-78,-2,-76,-2,-73,-4,-71,2,-69,4,-73,11,-69,8,-69,11,-64,15,-69,22,-67,24,-62,17,-67,22,-58,29,-62,24,-49,29,-58,29,-53,31,-53,31,-60,31,-51,38,-55,38,-47,42,-51,38,-53,40,-53,40,-49,42,-49,40,-53,42,-51,44,-47,40,-51,42,-51,38,-49,40,-49,38,-53,38,-47,40,-44,35,-47,38,-47,31,-40,35,-42,26,-44,29,-40,24,-35,24,-35,22,-40,24,-38,20,-38,17,-38,13,0,0,0,0,0,0,0,0,0,0]"""
1782173645546,2026-06-23T09:14:05.546,warning,breathing,lmh,lying_fast_breath,t001,"CSI_DATA,18583,1a:00:00:00:00:00,-61,11,-98,19,44,11,131384454,47,2,256,0,""[0,0,0,0,0,0,0,0,0,0,0,0,-36,-17,-39,-19,-39,-23,-43,-28,-39,-23,-39,-26,-41,-26,-39,-28,-47,-30,-45,-34,-52,-34,-52,-34,-54,-36,-54,-36,-52,-41,-54,-36,-67,-30,-58,-47,-58,-43,-58,-41,-56,-39,-69,-43,-60,-41,-65,-43,-65,-47,-67,-36,-63,-41,-69,-39,-65,-41,-71,-36,-63,-34,-67,-36,-73,-32,-69,-28,-76,-30,-76,-21,-73,-19,-78,-15,-78,-17,-82,-10,-80,-13,-78,0,-84,-2,-84,0,-82,-2,-76,2,-84,4,-78,10,-89,4,-91,8,-84,10,-91,13,-97,13,-95,8,-93,15,-93,17,-93,21,0,0,0,0,0,0,17,91,15,89,21,89,21,82,23,80,17,80,21,76,21,78,21,73,17,76,26,69,26,67,28,67,30,67,30,60,32,58,39,63,36,60,32,60,36,52,45,52,39,56,41,50,36,47,36,47,45,52,45,47,50,47,47,50,52,39,47,43,52,47,47,47,56,45,50,39,50,50,50,45,50,47,50,45,45,47,45,43,43,41,41,45,43,43,43,45,43,39,39,41,36,45,32,43,30,43,32,39,30,39,26,39,26,36,17,36,19,41,19,39,0,0,0,0,0,0,0,0,0,0]"""
1782173645557,2026-06-23T09:14:05.557,warning,breathing,lmh,lying_fast_breath,t001,"CSI_DATA,18584,1a:00:00:00:00:00,-61,11,-98,17,44,11,131395454,47,2,256,0,""[0,0,0,0,0,0,0,0,0,0,0,0,2,39,6,41,2,46,-2,46,-2,48,-6,48,-2,48,-4,48,-4,57,-4,62,-6,59,-4,59,-4,64,-11,64,-11,64,-11,64,-6,71,-16,71,-11,71,-11,69,-20,69,-11,73,-18,71,-13,76,-16,80,-9,73,-16,71,-13,76,-16,78,-6,80,-11,73,-11,80,-2,82,-4,80,0,78,4,78,4,71,9,78,6,80,13,78,11,80,16,76,13,78,23,85,13,82,25,78,23,78,23,76,25,82,25,89,27,85,32,85,23,92,23,89,34,87,34,92,32,85,0,0,0,0,0,0,87,-27,82,-27,87,-36,78,-25,78,-29,73,-20,76,-32,78,-32,71,-29,69,-25,64,-32,62,-27,66,-36,64,-32,64,-29,55,-29,64,-39,59,-36,64,-32,52,-36,55,-46,57,-34,46,-41,52,-41,52,-41,48,-41,52,-41,46,-48,55,-48,43,-48,48,-46,50,-43,55,-43,48,-46,48,-43,52,-48,52,-46,48,-41,57,-46,52,-34,48,-39,50,-39,57,-36,46,-36,48,-32,48,-29,48,-27,50,-29,50,-20,43,-20,50,-18,41,-18,39,-13,46,-13,46,-11,39,-4,41,-4,0,0,0,0,0,0,0,0,0,0]"""
1782173645569,2026-06-23T09:14:05.569,warning,breathing,lmh,lying_fast_breath,t001,"CSI_DATA,18585,1a:00:00:00:00:00,-61,11,-98,20,44,11,131406454,47,2,256,0,""[0,0,0,0,0,0,0,0,0,0,0,0,33,-23,35,-29,31,-25,40,-25,44,-23,42,-19,42,-25,46,-23,46,-25,57,-21,57,-25,57,-25,57,-27,61,-27,65,-21,69,-19,67,-31,69,-16,65,-19,67,-25,71,-21,73,-16,71,-21,69,-21,80,-16,71,-23,78,-19,80,-19,80,-14,76,-27,73,-19,80,-23,73,-23,69,-23,78,-29,73,-27,69,-29,71,-33,71,-33,67,-40,73,-38,69,-40,73,-35,73,-46,69,-40,69,-44,71,-44,65,-50,65,-48,78,-46,71,-48,73,-48,84,-46,82,-44,80,-54,73,-54,84,-48,0,0,0,0,0,0,-46,-80,-46,-80,-48,-73,-42,-71,-46,-76,-38,-69,-38,-67,-38,-73,-44,-65,-35,-69,-38,-61,-35,-63,-48,-59,-40,-59,-38,-59,-40,-52,-46,-59,-40,-54,-35,-50,-44,-52,-48,-50,-40,-59,-40,-44,-40,-52,-40,-48,-40,-52,-48,-50,-48,-46,-46,-52,-48,-46,-46,-46,-48,-50,-44,-54,-46,-50,-42,-48,-40,-57,-44,-54,-38,-50,-44,-52,-40,-52,-35,-46,-33,-57,-27,-57,-31,-54,-29,-52,-31,-52,-21,-50,-27,-52,-16,-48,-19,-48,-10,-48,-12,-44,-6,-48,-8,-44,-2,-48,-4,-42,0,-40,0,0,0,0,0,0,0,0,0,0]"""
1782173645580,2026-06-23T09:14:05.580,warning,breathing,lmh,lying_fast_breath,t001,"CSI_DATA,18586,1a:00:00:00:00:00,-61,11,-98,19,44,11,131417454,47,2,256,0,""[0,0,0,0,0,0,0,0,0,0,0,0,-41,-2,-39,-6,-47,-10,-47,-13,-47,-17,-39,-17,-47,-13,-45,-15,-52,-19,-54,-28,-54,-28,-54,-23,-58,-30,-63,-30,-56,-41,-56,-39,-60,-32,-56,-43,-50,-43,-56,-41,-56,-43,-60,-50,-56,-47,-60,-47,-60,-56,-58,-47,-56,-54,-56,-56,-56,-54,-58,-45,-54,-50,-60,-52,-58,-52,-54,-50,-60,-52,-63,-47,-60,-45,-63,-45,-63,-47,-69,-43,-65,-52,-71,-39,-65,-43,-73,-47,-67,-45,-69,-43,-65,-45,-71,-41,-76,-45,-78,-50,-76,-52,-76,-50,-78,-56,-69,-56,-78,-56,-87,-50,-73,-60,0,0,0,0,0,0,-65,73,-65,69,-56,67,-60,60,-60,60,-54,60,-54,63,-58,60,-54,56,-50,50,-45,54,-45,47,-50,58,-50,54,-45,50,-39,52,-45,56,-43,54,-47,47,-43,47,-36,54,-52,50,-41,52,-43,50,-45,52,-45,52,-45,45,-41,52,-43,54,-34,54,-41,50,-45,47,-50,45,-43,50,-45,50,-52,50,-52,41,-52,43,-52,45,-52,39,-50,41,-52,36,-54,36,-56,36,-56,30,-52,30,-50,26,-52,28,-50,15,-45,15,-45,15,-43,10,-47,8,-47,2,-43,6,-39,0,-43,-4,0,0,0,0,0,0,0,0,0,0]"""
1782173645590,2026-06-23T09:14:05.590,warning,breathing,lmh,lying_fast_breath,t001,"CSI_DATA,18587,1a:00:00:00:00:00,-61,11,-98,15,45,11,131429413,47,2,256,0,""[0,0,0,0,0,0,0,0,0,0,0,0,39,2,36,4,43,8,45,10,45,13,45,15,45,13,47,19,54,17,54,23,54,21,56,21,60,23,63,26,58,36,63,34,65,30,65,36,56,34,63,45,65,43,63,45,65,43,65,43,67,47,67,34,63,43,65,43,67,50,69,43,63,43,67,47,69,43,65,43,71,41,69,36,65,34,73,28,73,36,78,32,73,34,78,28,76,32,82,26,69,26,78,26,78,30,78,23,82,28,87,32,84,28,84,28,87,32,82,34,95,32,91,30,87,28,0,0,0,0,0,0,39,-80,41,-84,32,-82,36,-80,34,-78,32,-71,34,-73,34,-73,34,-69,32,-69,26,-67,26,-63,21,-69,28,-67,26,-65,15,-67,19,-71,21,-67,23,-63,19,-65,10,-65,19,-63,13,-58,17,-60,21,-63,21,-65,17,-67,10,-65,19,-67,8,-65,15,-60,17,-63,21,-67,17,-65,15,-60,26,-65,23,-67,26,-63,26,-63,26,-56,26,-56,28,-58,34,-58,30,-54,30,-47,30,-52,30,-43,32,-50,30,-39,32,-39,36,-32,30,-34,36,-30,39,-26,32,-23,34,-21,34,-17,0,0,0,0,0,0,0,0,0,0]"""
1782173645602,2026-06-23T09:14:05.602,warning,breathing,lmh,lying_fast_breath,t001,"CSI_DATA,18588,1a:00:00:00:00:00,-61,11,-98,18,44,11,131441272,47,2,256,0,""[0,0,0,0,0,0,0,0,0,0,0,0,40,4,42,8,42,8,47,15,42,20,47,20,47,15,42,24,51,20,53,22,53,26,55,22,60,26,60,29,58,38,58,33,67,29,62,40,60,42,58,35,53,38,64,40,58,40,62,42,67,47,69,33,64,44,64,44,62,44,73,35,62,35,71,42,67,42,69,35,73,38,73,33,67,29,78,22,78,29,78,22,73,26,80,15,82,22,85,20,80,22,78,17,85,17,82,13,85,17,89,20,87,15,89,11,94,20,85,20,91,17,94,20,89,17,0,0,0,0,0,0,24,-87,22,-89,15,-87,15,-82,13,-80,17,-76,15,-76,15,-82,15,-69,17,-73,13,-71,11,-67,6,-76,11,-69,8,-69,2,-64,-4,-71,2,-69,11,-71,0,-64,-6,-71,2,-64,-4,-62,2,-64,0,-67,0,-67,0,-67,-6,-71,-2,-71,-13,-67,-2,-62,0,-67,-4,-71,-2,-69,-2,-58,4,-69,4,-71,2,-62,2,-69,2,-62,-2,-60,0,-64,6,-64,6,-64,13,-62,4,-55,15,-53,11,-58,15,-51,15,-49,15,-47,15,-44,22,-44,20,-38,24,-38,22,-35,24,-29,0,0,0,0,0,0,0,0,0,0]"""
1782173645613,2026-06-23T09:14:05.613,warning,breathing,lmh,lying_fast_breath,t001,"CSI_DATA,18589,1a:00:00:00:00:00,-61,11,-98,20,44,11,131450704,47,2,256,0,""[0,0,0,0,0,0,0,0,0,0,0,0,38,-12,40,-12,44,-6,48,-12,44,-6,48,-10,48,-8,48,-8,57,-10,54,-12,61,-12,57,-16,65,-19,67,-16,67,-14,67,-14,71,-21,69,-14,67,-16,65,-16,63,-14,69,-23,69,-23,71,-33,76,-29,69,-35,69,-31,69,-38,73,-33,67,-42,65,-40,69,-46,65,-48,61,-50,61,-54,54,-57,50,-54,48,-65,48,-63,42,-71,40,-67,35,-71,40,-71,31,-80,35,-71,31,-73,29,-73,21,-78,21,-84,21,-86,14,-88,16,-90,23,-92,23,-90,8,-95,4,-88,2,-95,0,0,0,0,0,0,-92,-4,-92,0,-80,6,-86,6,-86,4,-80,-2,-80,10,-84,8,-76,16,-73,16,-65,21,-69,21,-73,27,-67,27,-63,25,-59,33,-65,35,-61,31,-61,31,-57,35,-46,40,-57,38,-46,40,-48,44,-48,48,-46,46,-44,46,-38,50,-44,52,-35,54,-42,52,-42,50,-35,57,-40,57,-35,54,-40,59,-35,54,-33,59,-33,57,-38,54,-33,52,-31,54,-35,59,-33,57,-31,50,-29,54,-29,48,-29,50,-31,42,-29,40,-27,42,-23,42,-29,38,-31,40,-27,40,-29,33,-29,31,0,0,0,0,0,0,0,0,0,0]"""
1782173645629,2026-06-23T09:14:05.629,warning,breathing,lmh,lying_fast_breath,t001,"CSI_DATA,18590,1a:00:00:00:00:00,-61,11,-98,19,44,11,131465138,47,2,256,0,""[0,0,0,0,0,0,0,0,0,0,0,0,-30,-28,-30,-26,-30,-32,-30,-39,-32,-41,-26,-39,-26,-43,-26,-47,-28,-52,-28,-50,-28,-54,-26,-56,-30,-60,-28,-60,-19,-67,-19,-69,-23,-69,-17,-73,-13,-67,-19,-71,-15,-69,-13,-78,-10,-76,-13,-73,-8,-82,-13,-76,-4,-78,-4,-80,-4,-76,-8,-78,-2,-76,-8,-82,-6,-80,-6,-78,-10,-78,-6,-76,-8,-73,-10,-82,-10,-76,-17,-82,-13,-78,-17,-82,-10,-82,-17,-84,-10,-76,-15,-80,-10,-80,-17,-80,-10,-87,-17,-91,-15,-93,-15,-89,-2,-93,-2,-91,-6,-100,-10,-89,-2,-95,0,0,0,0,0,0,-95,-6,-91,-10,-87,-4,-87,-8,-89,-8,-78,-13,-82,-6,-84,-10,-78,-10,-71,-17,-69,-8,-69,-6,-76,-8,-73,-10,-69,-13,-63,-2,-76,-4,-71,-4,-65,-13,-65,-6,-67,-2,-69,-10,-63,-2,-60,-8,-63,-10,-65,-10,-65,-10,-60,-4,-69,-10,-65,-6,-65,-13,-67,-10,-69,-19,-63,-15,-60,-17,-63,-19,-67,-21,-60,-23,-67,-26,-58,-30,-56,-26,-54,-34,-56,-32,-54,-30,-50,-34,-47,-34,-41,-41,-43,-36,-32,-36,-36,-39,-32,-43,-30,-36,-26,-36,-21,-43,-19,-43,-17,-41,-10,-41,0,0,0,0,0,0,0,0,0,0]"""
1782173645637,2026-06-23T09:14:05.637,warning,breathing,lmh,lying_fast_breath,t001,"CSI_DATA,18591,1a:00:00:00:00:00,-61,11,-98,15,45,11,131472453,47,2,256,0,""[0,0,0,0,0,0,0,0,0,0,0,0,13,39,10,36,10,45,8,45,8,47,4,47,4,52,4,52,6,56,6,60,8,60,6,63,10,65,8,65,2,69,0,67,6,71,2,76,4,69,-4,73,-8,76,0,76,-2,78,6,78,4,87,8,76,-2,78,0,80,4,82,13,78,4,73,8,84,8,78,10,78,15,80,17,78,17,69,26,71,28,76,34,73,28,76,32,73,30,73,39,80,32,71,36,73,32,80,39,73,41,73,45,82,54,78,50,73,45,80,43,80,58,80,54,78,52,73,0,0,0,0,0,0,82,-45,80,-50,71,-54,73,-39,69,-45,67,-41,67,-47,67,-50,63,-43,58,-39,58,-43,54,-39,54,-47,58,-50,54,-47,45,-47,50,-54,45,-54,50,-45,45,-50,39,-52,45,-50,34,-50,39,-50,43,-50,41,-52,39,-50,32,-58,41,-58,30,-58,36,-54,39,-54,36,-54,32,-58,34,-52,41,-56,41,-54,39,-52,41,-56,43,-45,36,-47,43,-47,41,-52,36,-52,41,-43,39,-41,39,-34,39,-43,39,-30,39,-28,41,-28,36,-26,36,-26,41,-21,39,-23,39,-21,39,-13,0,0,0,0,0,0,0,0,0,0]"""
1782173645656,2026-06-23T09:14:05.656,warning,breathing,lmh,lying_fast_breath,t001,"CSI_DATA,18593,1a:00:00:00:00:00,-61,11,-98,20,44,11,131495281,47,2,256,0,""[0,0,0,0,0,0,0,0,0,0,0,0,-40,4,-38,2,-44,-2,-48,-6,-48,-2,-46,-6,-46,-4,-52,-6,-54,-8,-59,-10,-57,-8,-59,-8,-61,-8,-61,-12,-63,-16,-73,-19,-69,-10,-69,-21,-65,-23,-61,-16,-65,-23,-73,-19,-73,-23,-71,-19,-78,-23,-76,-14,-73,-21,-78,-21,-71,-23,-73,-16,-71,-16,-71,-14,-78,-14,-73,-14,-76,-6,-80,-10,-73,-6,-76,-6,-80,-4,-82,0,-82,-2,-84,6,-78,2,-86,8,-73,6,-80,14,-84,10,-78,12,-82,16,-92,8,-86,12,-92,19,-95,12,-90,12,-95,14,-92,19,-88,21,0,0,0,0,0,0,4,90,8,90,19,84,10,82,14,84,6,80,12,86,12,84,12,80,12,73,16,69,16,67,23,73,21,69,16,65,23,63,25,69,25,65,16,63,25,61,33,61,23,63,25,54,27,57,31,63,27,61,29,61,31,54,29,61,35,57,31,63,29,59,29,63,29,61,29,57,27,63,27,65,27,61,27,65,25,61,27,52,25,59,16,61,21,57,14,59,21,57,12,52,14,59,6,50,8,46,6,52,4,48,4,44,0,50,-4,42,-6,42,-8,42,0,0,0,0,0,0,0,0,0,0]"""
1782173645667,2026-06-23T09:14:05.667,warning,breathing,lmh,lying_fast_breath,t001,"CSI_DATA,18594,1a:00:00:00:00:00,-61,11,-98,17,44,11,131506169,47,2,256,0,""[0,0,0,0,0,0,0,0,0,0,0,0,39,-6,39,-4,46,-4,48,0,50,-2,48,0,46,2,52,6,52,4,57,6,57,2,57,9,62,9,66,9,62,16,69,16,71,13,73,20,64,20,71,27,73,29,73,29,73,23,71,27,73,27,73,18,71,29,71,27,76,32,76,25,69,25,76,25,76,27,69,25,76,20,76,25,71,20,80,16,78,18,82,13,76,18,80,9,80,16,85,4,80,13,78,6,82,9,80,2,85,13,94,11,82,11,87,9,89,13,87,13,96,13,89,11,92,11,0,0,0,0,0,0,25,-89,25,-87,16,-80,18,-82,20,-82,18,-78,16,-78,27,-80,20,-78,16,-71,18,-69,16,-66,11,-71,16,-69,16,-71,6,-66,9,-71,4,-69,16,-66,9,-64,4,-64,11,-66,4,-57,11,-62,13,-64,13,-62,9,-64,4,-69,11,-66,6,-66,9,-66,6,-66,16,-69,11,-69,11,-59,18,-69,13,-66,16,-66,18,-69,20,-59,18,-62,18,-62,27,-62,25,-57,29,-52,25,-55,29,-46,32,-50,27,-48,27,-43,32,-36,27,-39,32,-32,41,-32,34,-29,32,-25,32,-23,0,0,0,0,0,0,0,0,0,0]"""
1782173645680,2026-06-23T09:14:05.680,warning,breathing,lmh,lying_fast_breath,t001,"CSI_DATA,18595,1a:00:00:00:00:00,-61,11,-98,14,45,11,131517243,47,2,256,0,""[0,0,0,0,0,0,0,0,0,0,0,0,-35,13,-35,11,-44,11,-49,8,-49,8,-47,4,-49,2,-51,2,-58,2,-58,-2,-58,-4,-60,-4,-67,-4,-67,-8,-67,-15,-67,-13,-69,-8,-71,-15,-67,-15,-73,-22,-73,-24,-73,-26,-71,-26,-73,-24,-76,-33,-71,-26,-69,-33,-71,-33,-73,-31,-73,-26,-67,-26,-76,-35,-73,-29,-71,-29,-76,-29,-76,-24,-67,-22,-71,-24,-76,-29,-80,-20,-78,-26,-78,-17,-76,-24,-85,-20,-71,-20,-76,-15,-78,-24,-76,-15,-80,-24,-91,-26,-85,-29,-82,-24,-85,-31,-85,-31,-96,-31,-91,-35,-89,-29,0,0,0,0,0,0,-44,82,-47,78,-40,80,-38,73,-35,76,-42,69,-40,73,-44,73,-40,64,-40,62,-35,62,-35,60,-33,69,-40,62,-38,55,-31,58,-35,67,-38,58,-40,58,-31,58,-24,62,-33,55,-29,53,-31,55,-35,55,-35,58,-31,58,-31,58,-40,58,-29,55,-33,51,-35,55,-42,55,-38,58,-35,51,-47,51,-42,51,-44,51,-44,51,-47,44,-42,40,-47,40,-53,40,-51,38,-51,33,-44,31,-47,29,-49,31,-42,20,-49,22,-44,17,-40,17,-47,11,-49,8,-44,2,-44,4,-40,-6,0,0,0,0,0,0,0,0,0,0]"""
1782173645690,2026-06-23T09:14:05.690,warning,breathing,lmh,lying_fast_breath,t001,"CSI_DATA,18596,1a:00:00:00:00:00,-61,11,-98,20,44,11,131529383,47,2,256,0,""[0,0,0,0,0,0,0,0,0,0,0,0,38,16,33,16,35,21,40,25,35,25,40,27,44,31,40,31,46,35,42,35,44,42,46,38,52,40,50,44,50,52,50,50,52,48,50,57,42,57,46,52,42,57,48,61,44,59,46,59,50,69,52,54,44,65,48,67,48,61,52,59,46,57,50,63,50,59,52,59,52,61,57,52,54,50,59,52,57,54,61,52,61,57,65,42,63,50,69,50,57,52,57,48,65,50,67,46,76,46,71,54,78,52,71,52,71,61,71,57,80,57,78,54,73,52,0,0,0,0,0,0,67,-67,61,-73,57,-69,54,-57,50,-63,57,-57,52,-63,59,-65,59,-54,50,-54,48,-52,46,-52,48,-61,50,-54,44,-54,40,-54,44,-61,42,-57,44,-52,40,-52,33,-59,40,-52,33,-57,35,-52,38,-54,35,-57,33,-54,33,-59,40,-59,29,-59,35,-48,35,-54,38,-57,35,-57,35,-50,46,-54,44,-52,42,-50,46,-52,46,-46,40,-44,46,-46,48,-46,46,-44,48,-38,42,-42,46,-35,50,-35,42,-25,42,-25,42,-23,38,-23,46,-19,44,-12,42,-8,40,-12,42,-4,0,0,0,0,0,0,0,0,0,0]"""
1782173645701,2026-06-23T09:14:05.701,warning,breathing,lmh,lying_fast_breath,t001,"CSI_DATA,18597,1a:00:00:00:00:00,-61,11,-98,15,45,11,131538778,47,2,256,0,""[0,0,0,0,0,0,0,0,0,0,0,0,-36,-17,-36,-19,-32,-23,-39,-26,-39,-28,-41,-23,-43,-30,-41,-28,-50,-30,-47,-32,-52,-32,-54,-30,-56,-32,-58,-34,-54,-41,-58,-36,-65,-32,-60,-39,-60,-41,-60,-34,-54,-41,-67,-36,-65,-36,-71,-36,-73,-41,-73,-30,-69,-34,-73,-34,-67,-32,-76,-30,-69,-23,-78,-26,-73,-21,-73,-19,-76,-15,-78,-8,-71,-4,-80,-4,-78,-4,-80,4,-80,2,-78,17,-84,10,-84,15,-82,15,-78,19,-80,23,-80,23,-78,21,-87,23,-84,28,-80,34,-89,32,-89,34,-89,43,-84,43,-82,36,0,0,0,0,0,0,41,84,39,78,43,73,47,76,45,67,41,71,43,63,45,73,41,63,50,60,50,56,45,54,54,52,43,50,52,50,54,43,58,43,52,41,54,45,56,36,65,32,56,36,56,28,56,30,56,32,58,28,58,26,60,21,65,26,65,15,58,17,65,19,60,19,67,19,60,15,67,21,63,19,63,17,67,19,60,15,56,15,63,17,60,21,56,19,56,23,58,13,54,19,56,21,50,17,45,17,43,21,41,17,39,21,43,23,39,19,34,19,34,21,0,0,0,0,0,0,0,0,0,0]"""
1782173645711,2026-06-23T09:14:05.711,warning,breathing,lmh,lying_fast_breath,t001,"CSI_DATA,18598,1a:00:00:00:00:00,-61,11,-98,14,45,11,131549453,47,2,256,0,""[0,0,0,0,0,0,0,0,0,0,0,0,15,38,11,40,11,42,6,47,6,47,4,49,6,51,2,53,4,58,-4,55,-4,62,-4,60,-4,64,-8,67,-15,62,-17,69,-11,73,-24,69,-24,67,-22,64,-29,62,-33,71,-33,71,-35,71,-42,71,-31,69,-40,69,-40,69,-40,64,-38,69,-40,64,-42,69,-38,67,-40,64,-40,67,-38,71,-38,62,-38,69,-40,67,-35,69,-40,67,-35,73,-42,73,-40,71,-40,69,-40,76,-47,73,-38,76,-42,71,-49,73,-47,73,-49,78,-58,73,-58,71,-60,73,-55,73,-58,73,0,0,0,0,0,0,60,67,58,67,62,62,58,64,55,64,49,64,51,60,49,67,44,58,42,62,40,60,42,60,47,58,38,55,38,62,40,53,42,58,38,53,33,55,40,55,44,53,33,58,35,49,33,53,35,58,31,53,31,55,38,53,31,60,35,53,31,58,31,60,22,60,26,60,24,60,20,64,20,64,22,60,17,67,13,62,11,60,6,67,2,64,2,60,-2,60,0,58,-4,58,-2,51,-11,49,-11,49,-15,49,-13,42,-17,40,-24,42,-22,35,-22,33,-31,35,0,0,0,0,0,0,0,0,0,0]"""
1782173645723,2026-06-23T09:14:05.723,warning,breathing,lmh,lying_fast_breath,t001,"CSI_DATA,18599,1a:00:00:00:00:00,-59,11,-98,15,42,11,131560453,47,2,256,0,""[0,0,0,0,0,0,0,0,0,0,0,0,-36,3,-36,3,-49,3,-52,0,-46,6,-52,6,-55,6,-52,6,-55,12,-52,12,-58,15,-55,18,-61,24,-61,21,-64,21,-61,27,-58,33,-70,33,-61,39,-58,33,-61,33,-61,46,-58,46,-58,58,-58,58,-46,61,-49,55,-52,64,-43,64,-30,70,-27,67,-30,82,-24,73,-12,70,-15,86,0,76,3,76,9,79,15,86,9,73,18,76,36,73,30,119,36,70,27,70,104,15,55,70,52,52,129,82,101,46,70,27,18,24,150,33,61,79,82,95,55,-39,98,46,0,0,0,0,0,0,24,-82,70,-172,0,-64,-6,-107,73,-43,-33,-61,-9,-104,-52,-119,-55,-76,-21,-67,-15,-61,18,-27,-46,-73,-21,-67,-30,-104,-39,-61,-46,-64,-36,-61,-46,-52,-46,-46,-52,-39,-55,-36,-52,-24,-67,-33,-58,-30,-67,-24,-64,-24,-64,-12,-73,-18,-70,0,-64,-6,-70,-3,-67,-3,-67,3,-61,9,-76,6,-70,12,-61,12,-67,18,-61,15,-55,18,-61,21,-58,21,-58,24,-55,21,-52,27,-52,18,-52,24,-52,18,-43,24,-46,24,-39,18,-39,24,-43,24,-39,21,-33,21,-39,24,0,0,0,0,0,0,0,0,0,0]"""
1782173645734,2026-06-23T09:14:05.734,warning,breathing,lmh,lying_fast_breath,t001,"CSI_DATA,18600,1a:00:00:00:00:00,-61,11,-98,14,45,11,131571453,47,2,256,0,""[0,0,0,0,0,0,0,0,0,0,0,0,-4,-38,2,-44,4,-44,8,-47,6,-47,11,-49,13,-49,13,-49,13,-58,20,-53,20,-58,20,-58,22,-60,26,-60,26,-58,31,-62,29,-69,35,-64,33,-60,42,-64,40,-67,40,-60,44,-64,42,-64,44,-64,38,-67,47,-62,47,-67,47,-62,38,-64,44,-60,44,-67,42,-64,40,-62,40,-69,42,-69,35,-67,38,-73,35,-71,31,-71,35,-69,29,-78,33,-76,31,-78,35,-69,33,-73,35,-80,29,-78,31,-78,35,-80,33,-80,33,-82,44,-82,44,-82,38,-87,33,-85,40,-85,0,0,0,0,0,0,-78,-49,-78,-49,-76,-35,-73,-42,-71,-44,-64,-49,-64,-40,-67,-40,-62,-40,-62,-42,-64,-40,-58,-38,-67,-35,-58,-35,-62,-38,-58,-31,-62,-29,-62,-31,-53,-35,-60,-31,-62,-24,-58,-35,-53,-22,-55,-29,-55,-29,-55,-31,-58,-31,-60,-24,-58,-31,-62,-26,-58,-31,-58,-33,-58,-33,-60,-31,-55,-33,-53,-38,-53,-38,-51,-35,-51,-40,-51,-40,-49,-40,-47,-44,-44,-44,-44,-42,-40,-44,-42,-42,-35,-47,-33,-42,-29,-44,-26,-44,-22,-44,-22,-40,-17,-40,-13,-42,-13,-40,-13,-42,-4,-42,0,0,0,0,0,0,0,0,0,0]"""
1782173645754,2026-06-23T09:14:05.754,warning,breathing,lmh,lying_fast_breath,t001,"CSI_DATA,18602,1a:00:00:00:00:00,-61,11,-98,17,44,11,131594463,47,2,256,0,""[0,0,0,0,0,0,0,0,0,0,0,0,27,29,23,29,25,34,27,39,25,41,25,41,25,41,23,43,25,50,25,52,20,52,23,55,25,57,23,66,16,64,16,64,20,69,16,73,18,69,11,71,9,76,11,71,9,76,11,76,9,82,9,76,2,73,9,80,6,78,13,80,6,73,6,78,11,78,6,76,16,80,13,78,13,71,16,78,11,78,20,78,20,78,23,76,18,80,32,80,18,73,25,76,23,80,25,78,25,85,23,92,23,85,25,85,25,92,20,89,25,96,23,89,23,89,0,0,0,0,0,0,92,-16,89,-13,85,-18,85,-16,85,-11,76,-9,82,-13,85,-9,76,-4,71,-2,66,-9,71,-9,71,-11,69,-11,69,-4,66,-11,66,-13,73,-13,66,-6,66,-11,66,-16,66,-16,57,-13,64,-11,66,-13,64,-16,64,-11,64,-16,69,-9,64,-16,64,-6,69,-11,66,-6,66,-16,59,-6,66,-4,71,-6,64,-6,69,-4,66,0,62,0,66,2,64,11,62,6,57,9,62,6,52,11,57,11,48,13,46,16,48,18,48,20,43,18,41,25,36,23,34,25,32,29,0,0,0,0,0,0,0,0,0,0]"""
1782173645767,2026-06-23T09:14:05.767,warning,breathing,lmh,lying_fast_breath,t001,"CSI_DATA,18603,1a:00:00:00:00:00,-61,11,-98,16,45,11,131605555,47,2,256,0,""[0,0,0,0,0,0,0,0,0,0,0,0,-40,-4,-40,-6,-42,-8,-46,-12,-46,-12,-44,-12,-48,-14,-48,-16,-57,-14,-52,-19,-57,-16,-59,-14,-63,-16,-63,-21,-59,-25,-65,-23,-69,-16,-71,-25,-65,-25,-65,-25,-63,-31,-73,-27,-71,-23,-73,-23,-78,-27,-73,-12,-71,-23,-78,-19,-73,-25,-76,-16,-71,-14,-82,-19,-80,-14,-76,-10,-80,-6,-80,-4,-71,2,-78,6,-80,0,-76,8,-80,4,-78,16,-76,12,-84,16,-82,16,-76,21,-82,23,-73,25,-82,23,-86,27,-86,29,-82,31,-86,29,-86,27,-88,35,-90,35,-82,35,0,0,0,0,0,0,27,84,31,84,40,76,31,76,38,73,33,71,33,73,38,78,35,67,35,67,40,65,35,57,42,59,38,63,40,57,46,50,48,52,44,50,38,54,48,44,52,42,46,48,48,42,46,44,48,44,46,46,50,38,54,38,52,42,59,29,50,35,57,35,54,40,57,38,54,33,57,44,54,40,52,40,54,42,50,40,50,31,52,35,50,42,48,38,44,42,48,33,42,35,42,40,40,38,33,35,33,35,29,33,27,38,25,40,23,35,21,31,21,38,0,0,0,0,0,0,0,0,0,0]"""
1782173645778,2026-06-23T09:14:05.778,warning,breathing,lmh,lying_fast_breath,t001,"CSI_DATA,18604,1a:00:00:00:00:00,-61,11,-98,14,45,11,131615692,47,2,256,0,""[0,0,0,0,0,0,0,0,0,0,0,0,33,24,29,29,31,31,33,35,31,33,33,35,35,35,35,35,40,40,38,42,44,42,47,40,49,44,49,47,40,51,49,49,53,47,49,51,49,51,47,49,47,51,55,53,58,49,58,51,60,53,64,44,60,49,62,49,60,49,67,44,62,40,71,44,69,38,64,40,76,33,76,29,69,24,78,20,78,22,82,15,80,17,80,8,82,11,85,4,80,4,80,-4,85,0,82,-6,80,-4,89,-4,87,-6,89,-13,96,-8,91,-8,94,-13,94,-20,89,-20,0,0,0,0,0,0,-13,-91,-15,-89,-26,-82,-24,-80,-29,-80,-26,-76,-24,-76,-26,-82,-26,-67,-31,-67,-33,-67,-33,-62,-38,-62,-33,-62,-38,-60,-42,-53,-44,-55,-42,-53,-35,-53,-47,-49,-53,-44,-44,-47,-44,-40,-47,-42,-47,-44,-51,-44,-53,-40,-58,-38,-53,-42,-60,-31,-53,-33,-58,-33,-53,-40,-55,-35,-55,-29,-58,-40,-58,-33,-55,-35,-60,-33,-55,-33,-53,-26,-55,-33,-55,-38,-53,-35,-51,-35,-49,-29,-44,-31,-49,-31,-42,-29,-42,-29,-38,-31,-38,-26,-33,-29,-33,-35,-29,-31,-29,-29,-26,-33,0,0,0,0,0,0,0,0,0,0]"""
1782173645789,2026-06-23T09:14:05.789,warning,breathing,lmh,lying_fast_breath,t001,"CSI_DATA,18605,1a:00:00:00:00:00,-61,11,-98,14,45,11,131627060,47,2,256,0,""[0,0,0,0,0,0,0,0,0,0,0,0,38,-17,40,-15,40,-15,44,-13,44,-13,51,-11,47,-13,51,-13,53,-17,53,-13,58,-17,58,-17,60,-20,62,-17,64,-13,67,-20,69,-24,71,-17,67,-17,64,-15,69,-13,73,-24,76,-22,71,-24,76,-26,73,-33,71,-26,78,-31,69,-26,67,-35,69,-31,71,-38,69,-38,64,-38,64,-47,67,-49,55,-44,60,-53,55,-53,51,-60,58,-55,47,-64,51,-62,44,-69,49,-67,44,-67,49,-71,38,-69,40,-73,42,-76,42,-80,35,-80,47,-85,42,-76,38,-89,35,-87,29,-85,0,0,0,0,0,0,-89,-35,-82,-33,-82,-24,-80,-31,-80,-22,-78,-26,-73,-15,-78,-22,-71,-15,-73,-15,-73,-13,-71,-11,-76,-6,-67,-6,-69,-4,-64,0,-69,2,-64,4,-67,-2,-64,8,-67,13,-67,4,-64,11,-60,11,-58,8,-64,13,-62,17,-62,24,-64,17,-60,26,-60,26,-67,24,-60,20,-60,26,-62,22,-64,22,-62,22,-62,22,-62,22,-62,17,-58,20,-60,20,-62,22,-58,17,-58,15,-55,22,-55,15,-51,17,-53,11,-49,11,-49,8,-47,8,-47,6,-47,0,-42,6,-42,4,-42,-2,0,0,0,0,0,0,0,0,0,0]"""
1782173645798,2026-06-23T09:14:05.798,warning,breathing,lmh,lying_fast_breath,t001,"CSI_DATA,18606,1a:00:00:00:00:00,-61,11,-98,14,45,11,131637452,47,2,256,0,""[0,0,0,0,0,0,0,0,0,0,0,0,4,40,2,40,0,42,0,44,0,47,-4,49,-2,53,-6,53,-6,58,-6,55,-11,60,-11,62,-6,67,-8,62,-17,62,-15,67,-15,69,-15,69,-15,71,-22,67,-26,67,-20,71,-24,73,-20,76,-22,78,-20,76,-22,73,-24,78,-26,73,-13,76,-20,73,-20,78,-15,76,-13,76,-13,80,-11,78,-8,73,-8,80,-6,78,0,80,-4,78,2,80,-2,85,8,85,-2,82,4,82,0,85,4,80,6,82,6,89,11,89,8,89,0,91,2,94,13,96,8,94,6,91,0,0,0,0,0,0,89,0,87,-2,85,-11,87,-2,80,0,82,0,76,-8,82,-8,73,-6,76,0,71,-4,69,-2,73,-11,69,-6,71,-6,67,-11,69,-17,64,-15,64,-8,64,-15,67,-22,64,-13,58,-17,60,-15,60,-13,62,-17,64,-13,62,-24,64,-20,60,-24,62,-17,67,-17,60,-15,64,-22,62,-17,67,-15,67,-15,62,-13,64,-11,62,-6,60,-8,64,-6,62,-6,60,-6,60,-2,58,-6,55,0,53,-4,51,6,49,6,49,13,47,4,42,8,42,13,40,15,40,15,35,17,0,0,0,0,0,0,0,0,0,0]"""
1782173645810,2026-06-23T09:14:05.810,warning,breathing,lmh,lying_fast_breath,t001,"CSI_DATA,18607,1a:00:00:00:00:00,-61,11,-98,20,44,11,131648452,47,2,256,0,""[0,0,0,0,0,0,0,0,0,0,0,0,21,33,16,33,21,40,19,44,19,40,19,44,19,44,16,46,21,50,21,54,21,54,25,54,33,59,31,59,23,61,29,61,38,61,29,67,29,65,25,71,25,71,38,65,35,67,38,67,38,71,44,63,38,67,44,65,42,65,48,63,44,59,54,65,52,57,46,54,59,54,63,50,59,42,65,42,65,50,73,40,67,44,76,31,73,33,80,33,71,33,78,23,80,23,76,19,80,14,88,25,88,16,90,12,86,16,86,14,92,8,92,10,90,6,0,0,0,0,0,0,10,-95,4,-92,-4,-88,0,-86,-4,-86,-2,-84,-4,-78,-2,-82,-6,-73,-6,-71,-14,-73,-10,-69,-21,-73,-16,-69,-19,-71,-25,-63,-29,-69,-29,-63,-23,-65,-27,-57,-35,-59,-29,-59,-33,-50,-33,-54,-33,-57,-38,-52,-42,-54,-46,-48,-44,-52,-48,-44,-40,-48,-44,-48,-46,-48,-48,-46,-48,-46,-48,-48,-50,-48,-48,-46,-48,-52,-44,-48,-46,-42,-44,-46,-46,-50,-40,-44,-40,-42,-40,-38,-35,-40,-40,-40,-35,-35,-33,-38,-33,-42,-27,-33,-29,-35,-27,-38,-21,-35,-23,-33,-19,-40,0,0,0,0,0,0,0,0,0,0]"""
1782173645821,2026-06-23T09:14:05.821,warning,breathing,lmh,lying_fast_breath,t001,"CSI_DATA,18608,1a:00:00:00:00:00,-61,11,-98,14,45,11,131659452,47,2,256,0,""[0,0,0,0,0,0,0,0,0,0,0,0,22,-33,24,-31,24,-38,29,-35,31,-38,35,-33,31,-35,38,-38,40,-42,38,-44,42,-42,40,-47,40,-49,42,-53,47,-44,53,-47,47,-53,55,-49,49,-49,51,-49,51,-47,51,-55,53,-53,51,-58,55,-62,47,-60,53,-55,51,-60,55,-55,47,-62,47,-58,44,-64,44,-67,38,-64,38,-71,40,-69,33,-67,31,-71,29,-71,24,-78,26,-73,24,-80,26,-76,15,-85,20,-73,11,-80,17,-82,6,-78,11,-87,6,-91,6,-87,6,-85,11,-91,15,-89,6,-96,2,-91,2,-89,0,0,0,0,0,0,-91,-8,-94,-2,-82,4,-87,-4,-87,2,-76,-2,-82,4,-80,2,-78,6,-71,4,-73,8,-69,6,-73,13,-69,15,-67,13,-62,20,-67,24,-67,22,-62,22,-67,20,-60,26,-67,22,-51,26,-55,26,-58,31,-60,29,-60,33,-53,40,-55,38,-53,40,-58,33,-58,33,-60,35,-53,35,-55,31,-58,33,-58,38,-53,38,-55,35,-55,26,-53,33,-55,29,-55,31,-53,33,-53,26,-53,24,-49,20,-51,26,-51,15,-47,15,-49,13,-47,17,-44,11,-42,8,-42,11,-42,6,-40,0,0,0,0,0,0,0,0,0,0,0]"""
1782173645832,2026-06-23T09:14:05.832,warning,breathing,lmh,lying_fast_breath,t001,"CSI_DATA,18609,1a:00:00:00:00:00,-61,11,-98,18,44,11,131670452,47,2,256,0,""[0,0,0,0,0,0,0,0,0,0,0,0,-4,40,-8,42,-8,40,-13,44,-13,44,-15,44,-22,42,-24,44,-24,53,-33,49,-33,47,-31,53,-38,51,-42,53,-47,47,-49,51,-44,51,-51,53,-49,42,-60,47,-64,47,-62,44,-60,44,-60,44,-69,42,-58,44,-64,38,-67,42,-67,35,-67,40,-64,33,-69,35,-67,35,-64,31,-71,38,-67,40,-62,35,-64,42,-67,40,-67,40,-71,35,-71,44,-67,38,-73,44,-67,35,-69,42,-73,35,-69,40,-78,40,-80,33,-82,35,-82,38,-87,33,-85,31,-89,35,-89,26,-82,31,0,0,0,0,0,0,6,96,13,94,15,89,13,85,11,89,4,82,8,80,4,85,2,78,2,73,0,71,0,69,2,76,0,69,-4,69,4,67,-2,71,0,69,-6,67,2,67,11,69,-6,69,-2,62,-4,64,-6,67,-8,67,-11,64,-4,67,-11,71,-2,67,-8,64,-13,69,-17,64,-13,64,-15,64,-22,69,-24,62,-26,60,-29,62,-29,58,-29,55,-33,55,-40,53,-38,51,-42,44,-38,47,-38,40,-40,40,-40,33,-40,29,-42,24,-35,22,-38,22,-44,15,-42,17,-42,13,-40,4,0,0,0,0,0,0,0,0,0,0]"""
1782173645841,2026-06-23T09:14:05.841,warning,breathing,lmh,lying_fast_breath,t001,"CSI_DATA,18610,1a:00:00:00:00:00,-61,11,-98,19,44,11,131681452,47,2,256,0,""[0,0,0,0,0,0,0,0,0,0,0,0,10,41,8,41,6,47,6,45,8,52,0,50,2,47,-2,50,2,54,-2,58,-2,58,-4,63,-2,65,-2,65,-10,63,-10,69,-4,71,-15,73,-8,69,-15,67,-19,67,-10,73,-15,76,-13,80,-17,78,-15,78,-19,73,-15,78,-17,73,-13,76,-15,69,-15,82,-8,76,-10,78,-6,82,-6,76,-6,73,-4,76,-6,78,2,82,0,80,4,80,0,80,10,91,6,73,6,80,4,82,15,82,10,82,8,95,10,91,8,89,4,91,10,97,10,95,13,95,8,97,0,0,0,0,0,0,95,-2,93,0,84,-6,84,-2,82,0,78,6,84,-4,84,-4,80,-4,71,4,73,-2,71,-2,73,-8,76,-6,71,-2,69,-8,76,-13,69,-8,65,-4,69,-13,60,-17,71,-8,63,-10,67,-10,65,-8,65,-13,67,-13,67,-17,65,-15,67,-19,65,-13,67,-13,69,-13,65,-15,60,-13,67,-6,67,-8,69,-10,71,-8,65,-6,63,-2,63,-2,65,2,63,-2,58,6,60,4,58,10,58,4,52,15,50,13,50,13,41,15,45,15,47,21,39,21,36,21,36,26,0,0,0,0,0,0,0,0,0,0]"""
1782173645857,2026-06-23T09:14:05.857,warning,breathing,lmh,lying_fast_breath,t001,"CSI_DATA,18611,1a:00:00:00:00:00,-61,11,-98,18,44,11,131694659,47,2,256,0,""[0,0,0,0,0,0,0,0,0,0,0,0,-6,-38,-2,-38,-4,-42,-2,-47,0,-49,6,-47,4,-47,4,-49,6,-60,4,-55,8,-53,8,-60,6,-67,11,-62,15,-64,17,-67,15,-71,24,-67,24,-62,17,-64,20,-67,29,-73,26,-69,22,-71,33,-71,22,-71,31,-71,31,-69,29,-71,26,-71,31,-73,24,-71,24,-73,22,-71,24,-76,24,-76,20,-71,22,-69,17,-76,13,-80,17,-78,15,-82,17,-76,13,-85,13,-76,13,-80,13,-80,8,-80,8,-82,13,-89,11,-89,8,-89,22,-89,24,-89,15,-98,11,-94,15,-94,0,0,0,0,0,0,-94,-31,-87,-24,-82,-15,-82,-22,-80,-26,-73,-24,-78,-20,-78,-24,-73,-20,-71,-22,-69,-20,-67,-15,-71,-17,-69,-15,-64,-17,-64,-15,-73,-13,-71,-15,-62,-17,-67,-13,-67,-4,-62,-15,-58,-6,-62,-8,-64,-15,-67,-11,-64,-11,-64,-6,-64,-15,-67,-4,-64,-17,-67,-11,-69,-13,-64,-11,-62,-13,-60,-13,-67,-17,-58,-15,-67,-20,-62,-26,-55,-17,-60,-26,-58,-24,-58,-24,-49,-31,-55,-31,-49,-29,-51,-26,-35,-31,-40,-29,-40,-35,-38,-31,-35,-35,-29,-33,-24,-35,-22,-38,-17,-33,0,0,0,0,0,0,0,0,0,0]"""
1782173645868,2026-06-23T09:14:05.868,warning,breathing,lmh,lying_fast_breath,t001,"CSI_DATA,18612,1a:00:00:00:00:00,-61,11,-98,15,45,11,131704096,47,2,256,0,""[0,0,0,0,0,0,0,0,0,0,0,0,-39,-10,-39,-10,-41,-15,-45,-19,-43,-17,-45,-19,-47,-17,-47,-19,-54,-17,-52,-26,-58,-23,-58,-21,-60,-21,-60,-26,-60,-28,-63,-26,-69,-23,-67,-26,-65,-28,-65,-26,-65,-26,-71,-30,-67,-23,-73,-23,-78,-26,-73,-17,-71,-23,-78,-21,-71,-21,-78,-15,-71,-13,-84,-13,-76,-10,-73,-10,-80,-2,-78,6,-71,4,-78,10,-80,8,-78,15,-76,10,-73,23,-78,23,-82,26,-80,26,-76,26,-82,32,-73,32,-76,34,-82,36,-80,39,-78,45,-84,39,-80,39,-84,50,-80,50,-78,50,0,0,0,0,0,0,45,73,47,73,54,71,47,71,50,58,47,65,47,58,50,67,45,58,50,58,52,52,50,50,58,47,56,47,56,45,56,36,58,39,56,39,54,41,58,32,63,26,58,30,56,28,56,28,58,30,60,23,60,21,63,17,63,21,65,8,60,17,65,15,63,19,65,15,63,13,69,19,65,15,65,15,63,15,60,13,60,13,63,10,60,19,58,17,56,19,56,13,50,17,54,19,52,17,47,13,47,17,43,15,39,17,41,21,39,23,36,21,32,26,0,0,0,0,0,0,0,0,0,0]"""
1782173645877,2026-06-23T09:14:05.877,warning,breathing,lmh,lying_fast_breath,t001,"CSI_DATA,18613,1a:00:00:00:00:00,-61,11,-98,15,45,11,131714790,47,2,256,0,""[0,0,0,0,0,0,0,0,0,0,0,0,30,23,32,23,32,30,36,32,34,32,32,34,34,32,32,39,41,39,39,45,39,45,41,43,45,50,43,50,41,58,41,52,47,52,45,58,43,56,36,60,36,65,47,63,43,60,47,65,50,67,52,56,41,58,50,63,47,63,56,58,45,54,56,65,56,58,54,56,60,56,58,52,54,45,65,47,65,50,71,43,63,47,71,34,69,39,76,41,67,41,69,34,71,36,71,32,78,36,84,39,82,39,82,30,80,39,80,39,91,36,91,39,89,34,0,0,0,0,0,0,43,-84,41,-80,30,-87,32,-73,30,-76,30,-71,30,-73,32,-80,26,-69,28,-65,21,-71,19,-65,15,-69,26,-71,19,-67,10,-65,13,-71,13,-67,15,-69,8,-63,2,-65,10,-63,4,-65,6,-67,10,-69,6,-65,2,-63,-2,-65,2,-69,-4,-65,0,-63,0,-67,0,-65,-2,-69,0,-63,4,-73,2,-69,0,-67,6,-69,4,-58,2,-58,6,-63,10,-65,6,-63,10,-60,6,-56,10,-52,10,-54,15,-52,13,-47,15,-43,17,-43,15,-43,21,-43,19,-39,21,-36,26,-34,0,0,0,0,0,0,0,0,0,0]"""
1782173645888,2026-06-23T09:14:05.888,warning,breathing,lmh,lying_fast_breath,t001,"CSI_DATA,18614,1a:00:00:00:00:00,-61,11,-98,19,44,11,131725452,47,2,256,0,""[0,0,0,0,0,0,0,0,0,0,0,0,-28,30,-34,23,-32,23,-36,28,-36,26,-41,23,-39,26,-39,26,-47,30,-45,30,-45,34,-47,34,-47,45,-47,43,-56,36,-58,36,-56,45,-56,41,-56,41,-54,43,-52,36,-58,50,-60,47,-56,50,-60,56,-52,56,-58,52,-60,54,-54,54,-52,60,-50,54,-47,67,-45,67,-41,60,-43,67,-36,67,-30,63,-28,73,-32,76,-17,78,-28,78,-17,80,-19,76,-17,84,-15,80,-8,80,-8,84,-4,84,-4,87,0,93,2,97,4,89,0,95,2,91,6,97,15,93,15,89,0,0,0,0,0,0,95,-10,89,-8,87,-23,84,-10,84,-21,80,-21,78,-21,80,-23,71,-26,73,-23,67,-23,60,-28,67,-32,63,-36,63,-36,54,-39,56,-50,58,-45,54,-32,54,-41,47,-43,52,-43,43,-47,45,-47,47,-50,43,-50,43,-50,36,-58,41,-56,30,-60,36,-50,34,-56,36,-54,32,-60,32,-54,36,-58,36,-60,30,-56,34,-58,36,-56,30,-52,34,-56,34,-56,32,-58,32,-52,32,-52,34,-47,30,-50,30,-41,34,-41,28,-41,28,-41,32,-34,30,-36,30,-30,28,-30,32,-28,0,0,0,0,0,0,0,0,0,0]"""
1782173645899,2026-06-23T09:14:05.899,warning,breathing,lmh,lying_fast_breath,t001,"CSI_DATA,18615,1a:00:00:00:00:00,-61,11,-98,18,44,11,131736451,47,2,256,0,""[0,0,0,0,0,0,0,0,0,0,0,0,33,26,33,22,35,26,31,33,35,31,31,33,33,35,38,38,40,38,40,42,42,42,44,40,47,49,51,44,42,47,49,49,51,49,53,53,47,47,44,58,51,60,49,51,55,53,55,51,55,58,58,47,55,51,60,53,60,53,60,47,58,47,64,49,67,49,60,47,69,42,64,38,69,31,73,26,71,33,80,22,71,24,80,20,78,24,82,20,76,20,82,15,82,20,85,11,85,6,89,13,91,11,89,4,91,4,91,11,96,2,96,4,94,-2,0,0,0,0,0,0,6,-87,2,-96,-4,-85,2,-87,-6,-85,-2,-78,-8,-82,-4,-80,-6,-78,-6,-76,-13,-73,-11,-69,-13,-73,-13,-69,-17,-69,-22,-62,-26,-67,-20,-64,-20,-62,-26,-64,-29,-55,-26,-62,-26,-53,-24,-60,-26,-60,-26,-55,-35,-58,-38,-53,-35,-55,-42,-53,-40,-58,-38,-53,-40,-60,-42,-53,-38,-53,-40,-58,-38,-58,-38,-58,-38,-55,-33,-55,-35,-51,-38,-53,-33,-55,-35,-53,-29,-51,-33,-49,-24,-49,-26,-53,-24,-47,-17,-44,-15,-47,-17,-42,-15,-44,-11,-47,-13,-44,-15,-42,-8,-38,0,0,0,0,0,0,0,0,0,0]"""
1782173645910,2026-06-23T09:14:05.910,warning,breathing,lmh,lying_fast_breath,t001,"CSI_DATA,18616,1a:00:00:00:00:00,-61,11,-98,17,44,11,131747629,47,2,256,0,""[0,0,0,0,0,0,0,0,0,0,0,0,36,-2,39,-2,46,4,46,2,46,2,48,2,52,6,50,9,57,6,57,9,59,4,59,6,64,6,64,9,64,16,66,16,73,6,71,13,69,16,71,20,71,23,69,16,76,11,78,11,78,16,76,9,76,13,78,13,78,16,78,9,73,6,82,6,78,6,71,6,80,2,78,0,76,-2,80,-11,78,-4,80,-20,76,-13,76,-20,85,-18,80,-25,80,-18,78,-23,82,-23,78,-27,78,-29,85,-27,82,-29,82,-34,87,-29,89,-27,87,-36,85,-36,82,-34,0,0,0,0,0,0,-32,-85,-25,-82,-41,-80,-29,-76,-39,-80,-32,-76,-34,-73,-36,-78,-34,-64,-29,-69,-36,-64,-34,-62,-41,-62,-39,-59,-39,-57,-41,-50,-46,-55,-41,-50,-39,-55,-43,-50,-52,-46,-43,-52,-43,-46,-46,-48,-41,-46,-41,-43,-46,-41,-55,-43,-55,-46,-55,-36,-50,-43,-52,-39,-48,-43,-52,-43,-50,-41,-50,-50,-50,-48,-41,-41,-46,-43,-46,-43,-43,-39,-48,-43,-41,-48,-41,-43,-39,-41,-41,-43,-36,-43,-39,-43,-32,-43,-34,-41,-29,-43,-27,-39,-23,-36,-16,-41,-16,-39,-13,-36,-16,-43,0,0,0,0,0,0,0,0,0,0]"""
1782173645921,2026-06-23T09:14:05.921,warning,breathing,lmh,lying_fast_breath,t001,"CSI_DATA,18617,1a:00:00:00:00:00,-61,11,-98,17,44,11,131758451,47,2,256,0,""[0,0,0,0,0,0,0,0,0,0,0,0,-4,-36,-2,-39,0,-46,2,-46,2,-50,2,-48,0,-48,2,-50,0,-57,-2,-57,0,-59,-4,-59,-6,-62,-4,-66,2,-66,0,-66,-11,-73,-6,-71,-6,-66,-6,-73,-9,-71,-4,-76,-9,-76,-13,-71,-11,-82,-20,-71,-16,-78,-20,-76,-20,-76,-23,-71,-27,-64,-25,-73,-34,-73,-32,-64,-43,-66,-46,-64,-46,-59,-48,-57,-50,-62,-55,-57,-55,-59,-64,-52,-62,-52,-69,-46,-59,-46,-69,-36,-69,-39,-71,-34,-76,-39,-80,-39,-78,-41,-87,-34,-87,-34,-80,-39,-92,-34,-89,-25,-87,-27,0,0,0,0,0,0,-27,89,-25,92,-9,80,-16,85,-13,82,-16,78,-6,78,-9,87,-4,76,-4,71,2,73,4,69,6,78,11,73,11,66,16,69,23,69,20,69,16,69,23,59,34,59,27,62,27,50,32,57,27,59,32,62,39,52,41,50,36,57,48,48,41,50,43,50,43,50,43,48,46,39,43,52,46,50,48,48,48,46,46,48,46,43,43,48,46,50,41,46,41,46,46,39,36,41,39,43,32,41,36,36,34,39,32,29,29,39,27,39,29,36,20,36,23,39,0,0,0,0,0,0,0,0,0,0]"""
1782173645931,2026-06-23T09:14:05.931,warning,breathing,lmh,lying_fast_breath,t001,"CSI_DATA,18618,1a:00:00:00:00:00,-61,11,-98,14,45,11,131769451,47,2,256,0,""[0,0,0,0,0,0,0,0,0,0,0,0,-31,22,-35,17,-38,17,-42,17,-42,17,-44,20,-47,22,-49,22,-51,26,-49,22,-55,24,-55,26,-60,29,-60,26,-62,22,-62,26,-62,35,-71,29,-60,26,-71,33,-69,29,-67,33,-69,31,-67,35,-73,35,-67,40,-71,35,-71,40,-67,38,-64,47,-62,40,-67,49,-60,47,-58,51,-58,55,-58,55,-51,55,-51,62,-51,62,-44,67,-44,64,-38,71,-42,71,-38,73,-40,69,-33,73,-35,78,-29,73,-31,80,-33,85,-24,85,-24,85,-35,89,-33,87,-24,94,-22,94,-15,89,0,0,0,0,0,0,89,24,89,17,87,6,85,17,87,13,82,15,78,6,82,8,73,4,76,13,73,2,71,2,73,-4,71,-4,71,-2,71,-11,69,-15,64,-11,64,-8,67,-17,62,-20,64,-17,58,-20,58,-20,60,-20,60,-24,62,-26,58,-33,58,-29,55,-35,58,-31,62,-33,58,-29,55,-35,55,-33,60,-33,58,-33,53,-33,58,-31,58,-29,53,-33,55,-31,58,-26,51,-29,51,-22,53,-29,53,-22,51,-24,51,-20,47,-17,49,-15,42,-17,42,-11,44,-8,44,-11,42,-4,40,0,0,0,0,0,0,0,0,0,0,0]"""
1782173645945,2026-06-23T09:14:05.945,warning,breathing,lmh,lying_fast_breath,t001,"CSI_DATA,18619,1a:00:00:00:00:00,-61,11,-98,14,45,11,131783483,47,2,256,0,""[0,0,0,0,0,0,0,0,0,0,0,0,-8,-42,-6,-38,-2,-42,2,-47,0,-44,4,-51,4,-51,8,-49,4,-58,8,-55,11,-62,8,-60,8,-64,8,-64,17,-62,15,-67,15,-73,22,-71,17,-69,22,-64,26,-64,24,-76,26,-71,22,-76,26,-78,17,-76,29,-73,29,-76,24,-71,17,-76,22,-69,22,-80,20,-76,20,-73,15,-76,15,-78,13,-71,11,-80,13,-76,4,-78,11,-78,4,-82,6,-80,-2,-82,6,-82,2,-82,4,-82,2,-80,2,-82,0,-91,-2,-91,-2,-91,6,-96,8,-94,-2,-96,-2,-91,-4,-91,0,0,0,0,0,0,-94,-8,-91,-15,-89,0,-89,-4,-82,-6,-80,-8,-80,-2,-80,-6,-76,-4,-76,-11,-73,-4,-69,-4,-78,-2,-69,-2,-71,-2,-69,0,-71,6,-64,4,-67,0,-67,6,-67,11,-67,2,-62,11,-62,6,-62,6,-64,6,-64,4,-62,15,-64,6,-67,13,-67,8,-69,6,-62,6,-64,8,-64,6,-69,2,-67,4,-67,2,-64,0,-64,-2,-60,-2,-64,-2,-64,-6,-60,-2,-60,-8,-58,-6,-51,-15,-55,-6,-51,-17,-49,-17,-47,-22,-42,-17,-38,-15,-35,-22,-33,-20,-33,-24,-33,-24,0,0,0,0,0,0,0,0,0,0]"""
1782173645957,2026-06-23T09:14:05.957,warning,breathing,lmh,lying_fast_breath,t001,"CSI_DATA,18620,1a:00:00:00:00:00,-61,11,-98,18,44,11,131791465,47,2,256,0,""[0,0,0,0,0,0,0,0,0,0,0,0,-38,17,-38,11,-44,11,-47,13,-47,6,-51,6,-49,2,-53,-4,-58,2,-60,-4,-55,-2,-58,-6,-69,-6,-64,-11,-64,-17,-69,-17,-69,-17,-69,-24,-67,-22,-62,-33,-67,-38,-69,-33,-67,-38,-71,-35,-69,-42,-64,-33,-60,-44,-62,-42,-67,-47,-62,-44,-55,-42,-69,-49,-62,-47,-62,-49,-62,-47,-67,-47,-58,-42,-64,-47,-60,-49,-73,-47,-62,-47,-64,-44,-58,-51,-69,-51,-60,-49,-64,-51,-60,-55,-60,-49,-67,-53,-64,-60,-67,-62,-64,-60,-64,-67,-58,-67,-62,-71,-58,-71,-58,-73,0,0,0,0,0,0,-85,49,-80,44,-73,42,-80,35,-73,35,-69,29,-73,38,-78,31,-73,26,-69,20,-69,24,-64,24,-69,29,-69,22,-67,24,-62,24,-71,24,-67,20,-64,13,-67,15,-62,24,-67,11,-58,17,-62,13,-62,11,-69,13,-62,11,-67,17,-69,11,-67,11,-64,8,-71,8,-69,4,-67,4,-62,0,-71,-4,-71,-6,-64,-4,-67,-11,-60,-13,-55,-11,-58,-17,-60,-24,-58,-22,-58,-26,-49,-24,-49,-31,-49,-31,-44,-26,-40,-31,-33,-35,-33,-33,-31,-38,-26,-40,-24,-38,-20,-33,-11,-38,0,0,0,0,0,0,0,0,0,0]"""
1782173645966,2026-06-23T09:14:05.966,warning,breathing,lmh,lying_fast_breath,t001,"CSI_DATA,18621,1a:00:00:00:00:00,-61,11,-98,17,44,11,131803020,47,2,256,0,""[0,0,0,0,0,0,0,0,0,0,0,0,2,-39,6,-41,4,-43,9,-46,9,-48,6,-48,9,-50,9,-46,9,-55,9,-59,6,-62,0,-59,2,-66,2,-69,6,-64,2,-64,-4,-73,6,-73,-2,-71,-2,-78,-2,-78,0,-76,-6,-71,-9,-78,-9,-82,-16,-69,-11,-71,-13,-78,-11,-76,-27,-71,-25,-71,-29,-76,-29,-76,-34,-66,-36,-71,-41,-69,-43,-59,-48,-57,-50,-62,-59,-52,-55,-57,-66,-48,-62,-50,-69,-50,-64,-48,-73,-41,-71,-43,-73,-32,-76,-41,-82,-39,-85,-36,-82,-25,-89,-32,-82,-27,-89,-25,-92,-20,-99,-20,0,0,0,0,0,0,-23,96,-16,87,-11,92,-9,85,2,82,-6,80,-4,80,4,87,2,76,4,71,9,73,11,71,18,76,13,71,18,66,27,62,34,66,29,62,27,62,32,57,41,52,34,55,39,50,41,50,41,50,43,55,43,50,50,43,52,50,55,36,52,41,55,46,52,41,55,39,52,39,59,46,57,41,52,34,57,39,52,36,55,29,55,29,59,32,55,32,48,32,46,25,46,29,52,27,41,29,43,27,34,29,36,23,41,27,39,29,34,34,34,27,34,29,0,0,0,0,0,0,0,0,0,0]"""
1782173645977,2026-06-23T09:14:05.977,warning,breathing,lmh,lying_fast_breath,t001,"CSI_DATA,18622,1a:00:00:00:00:00,-61,11,-98,14,45,11,131813451,47,2,256,0,""[0,0,0,0,0,0,0,0,0,0,0,0,-4,42,-8,42,-13,42,-17,44,-17,44,-20,44,-22,47,-29,47,-29,53,-33,49,-33,53,-31,51,-38,58,-40,53,-44,49,-47,51,-44,60,-51,55,-49,44,-53,51,-55,49,-60,51,-58,51,-60,49,-67,47,-58,51,-64,44,-67,47,-67,44,-62,47,-60,42,-62,47,-62,44,-60,42,-64,51,-62,51,-55,47,-60,53,-62,51,-62,55,-62,51,-58,58,-60,55,-62,55,-60,51,-60,60,-64,58,-62,55,-67,55,-71,55,-67,58,-69,60,-73,55,-76,53,-73,60,-73,55,-73,53,0,0,0,0,0,0,42,82,42,78,42,71,40,71,40,78,35,76,33,69,33,76,31,71,29,69,33,64,26,64,35,67,29,64,31,64,33,62,33,62,33,60,24,60,31,62,35,58,29,64,26,53,26,55,22,60,24,62,31,60,31,55,24,60,33,55,24,60,26,62,22,64,22,58,26,60,15,67,15,64,13,62,13,69,8,64,11,62,6,64,2,64,2,60,-2,60,2,60,-4,53,-6,58,-11,49,-6,49,-15,47,-11,47,-20,44,-17,44,-22,40,-22,38,-24,33,0,0,0,0,0,0,0,0,0,0]"""
1782173645986,2026-06-23T09:14:05.986,warning,breathing,lmh,lying_fast_breath,t001,"CSI_DATA,18623,1a:00:00:00:00:00,-61,11,-98,14,45,11,131825447,47,2,256,0,""[0,0,0,0,0,0,0,0,0,0,0,0,15,35,11,40,8,42,8,47,8,47,4,49,6,51,2,51,6,60,0,58,2,62,0,62,2,62,0,69,-11,64,-4,71,2,73,-13,76,-8,69,-15,64,-22,69,-13,76,-20,76,-15,78,-20,80,-13,76,-24,76,-22,78,-24,73,-15,76,-20,76,-17,80,-15,78,-13,71,-13,80,-13,82,-15,71,-8,82,-13,78,-4,82,-8,80,-2,85,-4,82,-2,85,-6,78,-4,78,-4,85,2,82,2,87,-8,89,-2,87,-2,89,-11,96,-13,91,-4,96,0,94,-6,89,0,0,0,0,0,0,91,20,89,17,87,8,87,15,87,15,76,20,82,13,80,15,76,13,71,20,76,13,69,17,76,11,71,11,69,15,67,11,69,6,64,6,62,15,67,6,67,0,67,13,58,2,62,11,62,6,67,8,67,6,64,0,67,8,67,4,64,8,67,11,67,8,64,8,64,11,67,13,64,13,62,13,64,15,62,22,58,20,60,22,58,24,55,24,53,26,58,24,49,31,49,29,40,33,38,31,35,35,38,31,35,29,26,35,29,33,26,38,22,38,0,0,0,0,0,0,0,0,0,0]"""
1782173645997,2026-06-23T09:14:05.997,warning,breathing,lmh,lying_fast_breath,t001,"CSI_DATA,18624,1a:00:00:00:00:00,-61,11,-98,14,45,11,131835583,47,2,256,0,""[0,0,0,0,0,0,0,0,0,0,0,0,38,13,38,15,40,17,42,20,42,22,44,22,47,22,47,26,53,24,53,26,58,26,58,24,60,24,62,24,58,31,67,26,71,24,69,29,62,26,67,20,64,24,73,24,76,22,73,22,80,24,76,15,76,20,80,13,78,13,76,2,78,4,82,2,78,0,73,-2,80,-8,80,-11,71,-13,78,-20,73,-20,76,-31,73,-26,71,-38,76,-35,73,-42,69,-40,69,-49,73,-44,64,-53,64,-53,69,-58,64,-60,62,-67,71,-67,69,-69,64,-73,58,-71,58,-73,0,0,0,0,0,0,-69,-55,-73,-53,-76,-42,-69,-49,-73,-44,-64,-40,-71,-35,-73,-35,-71,-31,-67,-33,-69,-24,-64,-24,-73,-17,-71,-15,-69,-17,-67,-8,-71,-6,-67,-4,-64,-4,-67,2,-67,11,-69,2,-53,11,-58,6,-64,6,-64,11,-64,13,-62,22,-64,17,-62,26,-60,20,-67,24,-62,24,-60,26,-60,31,-62,29,-62,29,-55,29,-60,29,-60,26,-55,26,-62,29,-58,26,-55,24,-53,24,-51,29,-51,22,-47,26,-47,22,-44,22,-47,17,-42,17,-40,20,-42,13,-38,15,-40,15,-40,8,0,0,0,0,0,0,0,0,0,0]"""
1782173646008,2026-06-23T09:14:06.008,warning,breathing,lmh,lying_fast_breath,t001,"CSI_DATA,18625,1a:00:00:00:00:00,-61,11,-98,19,44,11,131846451,47,2,256,0,""[0,0,0,0,0,0,0,0,0,0,0,0,26,-30,30,-28,34,-32,34,-32,34,-32,41,-30,39,-34,41,-36,45,-41,43,-41,45,-39,43,-43,50,-45,50,-47,54,-45,54,-43,54,-50,54,-47,54,-47,47,-54,47,-56,58,-54,52,-54,52,-56,56,-60,50,-60,56,-54,54,-60,54,-58,47,-67,45,-56,45,-71,43,-71,36,-65,32,-71,36,-71,28,-69,21,-73,28,-78,23,-80,19,-80,17,-73,17,-80,6,-87,10,-78,4,-80,4,-82,0,-80,0,-89,-2,-89,-4,-89,-2,-91,0,-97,6,-87,-4,-95,-15,-95,-15,-87,0,0,0,0,0,0,-93,8,-93,19,-89,21,-84,19,-82,15,-76,15,-76,19,-82,19,-78,23,-73,21,-67,23,-65,28,-69,28,-65,34,-63,28,-56,36,-63,41,-58,41,-56,36,-54,39,-50,47,-54,39,-47,41,-47,43,-45,47,-47,47,-47,43,-41,54,-50,54,-39,54,-43,47,-43,54,-47,50,-39,54,-36,47,-47,56,-41,54,-39,52,-41,54,-43,47,-34,50,-39,47,-43,54,-39,47,-39,47,-36,43,-41,39,-36,43,-41,39,-34,34,-36,36,-32,34,-30,30,-39,28,-34,28,-34,21,-36,21,0,0,0,0,0,0,0,0,0,0]"""
1782173646018,2026-06-23T09:14:06.018,warning,breathing,lmh,lying_fast_breath,t001,"CSI_DATA,18626,1a:00:00:00:00:00,-61,11,-98,19,44,11,131857451,47,2,256,0,""[0,0,0,0,0,0,0,0,0,0,0,0,-10,34,-15,41,-19,39,-23,45,-23,41,-26,43,-30,41,-30,39,-36,45,-36,43,-36,45,-39,50,-43,47,-45,47,-54,43,-54,41,-54,50,-58,39,-56,36,-63,41,-58,39,-69,39,-63,34,-67,39,-71,34,-65,41,-69,30,-76,34,-73,28,-73,34,-69,28,-73,34,-73,28,-67,34,-73,34,-71,36,-65,34,-69,41,-69,36,-71,41,-73,34,-69,41,-73,34,-73,41,-67,36,-71,39,-76,34,-69,43,-76,39,-82,36,-82,41,-80,43,-93,32,-91,30,-84,36,-87,30,-91,34,0,0,0,0,0,0,17,91,13,84,21,84,13,84,19,82,10,80,15,78,4,87,8,76,10,73,8,71,6,65,13,76,4,69,4,69,13,71,13,73,10,67,4,71,10,67,13,67,4,69,6,63,6,65,4,69,4,67,4,65,8,63,2,71,10,65,0,69,2,67,-2,65,-4,67,-2,63,-10,69,-13,67,-10,63,-15,69,-15,63,-13,60,-19,63,-21,63,-23,58,-28,56,-21,54,-23,50,-32,47,-28,43,-32,39,-32,39,-30,39,-34,30,-32,28,-36,28,-39,26,-41,19,0,0,0,0,0,0,0,0,0,0]"""
1782173646031,2026-06-23T09:14:06.031,warning,breathing,lmh,lying_fast_breath,t001,"CSI_DATA,18627,1a:00:00:00:00:00,-61,11,-98,16,44,11,131868451,47,2,256,0,""[0,0,0,0,0,0,0,0,0,0,0,0,-21,-30,-23,-33,-28,-37,-30,-37,-28,-40,-26,-37,-33,-40,-35,-40,-40,-42,-42,-40,-42,-40,-47,-35,-56,-37,-54,-37,-52,-40,-56,-35,-61,-28,-64,-35,-64,-28,-61,-33,-61,-35,-75,-16,-73,-23,-78,-16,-82,-11,-75,-9,-78,-9,-80,0,-75,2,-80,9,-73,9,-78,16,-78,23,-73,23,-73,40,-73,40,-59,40,-56,59,-64,54,-56,64,-45,66,-40,80,-21,75,-59,116,-73,66,-30,45,26,90,-16,23,0,66,2,118,-37,9,2,75,7,80,-80,151,40,80,40,71,59,180,0,0,0,0,0,0,59,-111,116,-28,111,-45,158,-47,47,-42,47,-42,85,18,68,-75,64,-42,14,-80,18,-35,26,-80,49,-90,-2,-68,16,-52,18,-52,14,-78,9,-73,9,-61,-2,-61,-11,-64,-4,-71,-14,-61,-14,-64,-18,-64,-21,-61,-23,-61,-35,-52,-37,-56,-40,-49,-37,-54,-40,-54,-42,-54,-47,-40,-47,-42,-52,-49,-54,-45,-52,-37,-54,-42,-49,-37,-52,-33,-56,-30,-56,-35,-56,-23,-52,-26,-59,-23,-54,-21,-54,-18,-47,-23,-47,-18,-47,-18,-42,-11,-45,-11,-47,-16,-40,-9,-40,-14,-40,-11,0,0,0,0,0,0,0,0,0,0]"""
1782173646042,2026-06-23T09:14:06.042,warning,breathing,lmh,lying_fast_breath,t001,"CSI_DATA,18628,1a:00:00:00:00:00,-61,11,-98,20,44,11,131881648,47,2,256,0,""[0,0,0,0,0,0,0,0,0,0,0,0,42,-4,40,0,46,0,52,4,50,2,48,4,50,4,52,10,59,4,54,10,59,8,57,8,67,12,65,16,61,21,67,14,73,8,69,23,63,21,67,33,73,31,71,29,78,23,76,27,76,27,71,21,71,31,73,29,73,29,76,23,71,25,80,27,78,23,73,25,76,23,82,19,73,14,80,8,80,12,80,6,78,10,84,2,82,4,88,4,82,6,80,0,84,8,82,0,86,4,92,6,88,0,90,2,97,8,90,8,99,0,92,2,88,-2,0,0,0,0,0,0,10,-97,16,-92,4,-88,8,-82,2,-86,8,-78,4,-82,8,-82,4,-78,4,-76,2,-73,4,-71,-4,-76,2,-73,0,-71,-8,-71,-8,-76,-4,-71,4,-67,-8,-67,-12,-69,-4,-65,-4,-61,-8,-63,-4,-65,-6,-65,-8,-67,-10,-65,-8,-69,-16,-65,-8,-63,-6,-65,-4,-69,-10,-65,-8,-67,2,-67,-2,-65,-4,-69,-2,-67,2,-67,-2,-61,2,-65,6,-67,2,-65,10,-59,4,-59,14,-54,12,-59,12,-50,16,-50,16,-48,12,-46,23,-42,23,-40,23,-42,21,-38,29,-31,0,0,0,0,0,0,0,0,0,0]"""
1782173646053,2026-06-23T09:14:06.053,warning,breathing,lmh,lying_fast_breath,t001,"CSI_DATA,18629,1a:00:00:00:00:00,-61,11,-98,14,45,11,131891067,47,2,256,0,""[0,0,0,0,0,0,0,0,0,0,0,0,38,15,38,20,35,22,42,29,40,26,42,26,42,24,40,29,51,29,47,33,55,33,51,33,58,31,58,33,55,42,58,31,69,31,64,38,62,35,62,35,58,38,71,38,67,33,71,35,76,38,73,26,71,29,76,29,71,29,78,22,71,17,82,22,76,15,73,17,82,8,80,2,71,2,80,-4,78,-4,80,-11,80,-8,76,-20,82,-22,80,-22,82,-24,73,-29,82,-26,76,-33,73,-33,82,-35,76,-38,78,-44,85,-44,78,-44,82,-49,82,-49,73,-49,0,0,0,0,0,0,-49,-80,-49,-73,-53,-69,-51,-62,-55,-62,-51,-60,-55,-58,-55,-62,-51,-53,-51,-51,-55,-42,-49,-44,-62,-44,-55,-44,-58,-42,-60,-33,-64,-31,-60,-29,-62,-33,-58,-24,-67,-15,-62,-22,-58,-17,-58,-20,-60,-17,-62,-15,-62,-13,-64,-6,-67,-11,-64,2,-64,-8,-69,-6,-64,-4,-64,-2,-62,-2,-71,-8,-67,-4,-64,-4,-69,-6,-60,0,-60,0,-64,0,-62,-6,-60,-2,-62,-6,-55,0,-58,0,-55,-4,-55,-4,-47,-2,-49,-8,-40,-4,-42,-11,-44,-8,-42,-11,-44,-8,-40,-13,0,0,0,0,0,0,0,0,0,0]"""
1782173646063,2026-06-23T09:14:06.063,warning,breathing,lmh,lying_fast_breath,t001,"CSI_DATA,18630,1a:00:00:00:00:00,-61,11,-98,19,44,11,131901672,47,2,256,0,""[0,0,0,0,0,0,0,0,0,0,0,0,19,-36,17,-36,23,-34,30,-41,28,-39,30,-36,36,-36,36,-32,41,-41,45,-36,50,-39,50,-36,52,-41,54,-36,56,-32,58,-36,60,-43,60,-28,65,-28,67,-32,65,-23,76,-26,73,-21,73,-23,78,-19,67,-26,73,-19,80,-19,76,-19,76,-28,71,-19,84,-21,76,-19,71,-17,80,-19,71,-26,69,-17,73,-23,76,-19,76,-23,78,-21,71,-34,78,-30,82,-30,78,-26,73,-28,78,-23,78,-26,82,-26,91,-21,89,-26,87,-26,93,-19,89,-13,93,-26,93,-15,84,-17,0,0,0,0,0,0,0,-91,2,-91,-10,-91,-4,-84,-4,-87,0,-82,2,-80,8,-82,8,-73,6,-76,4,-76,6,-69,-2,-73,10,-76,4,-71,4,-67,2,-73,10,-69,6,-65,0,-67,-4,-69,6,-65,2,-63,6,-67,13,-63,8,-67,8,-63,4,-67,13,-71,6,-65,13,-63,17,-69,13,-63,13,-69,15,-60,21,-69,23,-65,23,-60,28,-58,23,-56,28,-56,28,-58,32,-52,32,-47,39,-45,32,-50,36,-43,41,-41,41,-36,36,-34,43,-28,34,-34,41,-28,43,-17,43,-17,41,-13,41,-8,0,0,0,0,0,0,0,0,0,0]"""
1782173646074,2026-06-23T09:14:06.074,warning,breathing,lmh,lying_fast_breath,t001,"CSI_DATA,18631,1a:00:00:00:00:00,-61,11,-98,22,43,11,131912450,47,2,256,0,""[0,0,0,0,0,0,0,0,0,0,0,0,-38,8,-42,6,-47,6,-47,4,-47,6,-49,2,-49,6,-49,8,-60,11,-60,6,-62,6,-62,11,-64,13,-67,13,-67,8,-67,13,-69,17,-73,6,-69,15,-69,17,-67,11,-78,22,-76,17,-71,22,-78,22,-71,31,-73,26,-73,31,-69,31,-69,40,-67,35,-67,38,-67,44,-62,42,-62,51,-62,53,-55,51,-53,55,-55,58,-44,69,-49,64,-42,71,-44,69,-35,76,-35,71,-31,73,-42,76,-31,76,-24,85,-31,89,-22,85,-24,87,-31,91,-29,89,-13,96,-13,98,-8,89,0,0,0,0,0,0,94,4,94,8,87,0,82,4,82,0,78,4,78,0,80,-4,78,-6,69,-6,73,-8,69,-11,71,-24,69,-20,67,-20,67,-26,64,-33,64,-31,60,-29,58,-31,55,-40,58,-35,47,-33,51,-40,53,-38,51,-44,51,-42,42,-51,49,-51,42,-53,44,-49,47,-51,42,-53,38,-53,38,-51,42,-55,40,-53,38,-53,40,-55,40,-53,38,-49,40,-53,42,-53,35,-55,38,-49,29,-51,31,-44,33,-51,33,-38,29,-38,35,-40,26,-38,31,-35,31,-33,29,-33,31,-33,31,-29,0,0,0,0,0,0,0,0,0,0]"""
1782173646085,2026-06-23T09:14:06.085,warning,breathing,lmh,lying_fast_breath,t001,"CSI_DATA,18632,1a:00:00:00:00:00,-61,11,-98,17,44,11,131923450,47,2,256,0,""[0,0,0,0,0,0,0,0,0,0,0,0,16,34,13,39,16,41,13,50,11,46,9,46,16,50,13,46,18,55,16,57,13,55,20,57,27,62,20,62,16,69,20,66,25,66,16,71,18,71,23,66,20,66,25,71,25,66,23,71,27,78,34,66,27,73,32,76,27,71,36,69,34,64,43,73,41,64,43,64,55,62,50,57,50,52,57,52,55,57,64,50,59,55,69,43,66,52,69,48,64,41,69,41,73,43,76,34,78,36,80,39,73,29,82,36,87,34,85,34,89,32,89,32,92,25,0,0,0,0,0,0,27,-87,34,-85,20,-87,18,-78,16,-80,20,-78,16,-78,13,-87,16,-76,11,-76,4,-71,2,-73,-2,-78,-2,-71,2,-69,-9,-64,-11,-71,-6,-71,-4,-66,-11,-64,-20,-66,-13,-62,-16,-57,-18,-62,-16,-64,-23,-64,-23,-62,-27,-62,-27,-62,-34,-62,-27,-59,-32,-62,-27,-62,-32,-59,-29,-55,-32,-66,-32,-59,-29,-59,-32,-59,-29,-59,-29,-52,-25,-55,-25,-59,-29,-57,-23,-57,-27,-50,-18,-55,-25,-52,-18,-46,-23,-46,-18,-43,-23,-46,-16,-46,-11,-43,-9,-46,-11,-43,-6,-41,0,0,0,0,0,0,0,0,0,0]"""
1782173646105,2026-06-23T09:14:06.105,warning,breathing,lmh,lying_fast_breath,t001,"CSI_DATA,18633,1a:00:00:00:00:00,-61,11,-98,19,44,11,131944541,47,2,256,0,""[0,0,0,0,0,0,0,0,0,0,0,0,39,-10,36,-10,47,-6,43,-2,54,-4,45,0,52,-2,52,0,58,-4,60,6,58,4,63,6,65,6,69,6,65,17,73,13,71,10,71,21,63,19,71,23,73,23,71,23,73,21,73,23,76,32,71,23,71,30,71,30,76,32,73,26,71,28,78,28,73,26,69,28,73,23,76,21,73,23,78,19,76,26,84,17,80,21,82,15,73,17,84,17,73,19,82,15,82,17,82,13,84,15,95,21,87,17,89,21,91,21,89,30,95,23,93,28,84,28,0,0,0,0,0,0,39,-87,36,-84,30,-82,32,-76,32,-80,32,-69,30,-76,36,-71,32,-67,32,-63,28,-67,23,-63,26,-69,32,-71,30,-60,21,-65,26,-67,26,-65,28,-60,26,-65,19,-63,28,-63,19,-56,26,-63,28,-63,26,-65,26,-60,19,-65,28,-65,19,-60,26,-60,23,-65,32,-63,26,-60,23,-60,32,-56,34,-56,34,-58,36,-56,34,-54,32,-50,36,-52,43,-52,45,-50,43,-41,39,-47,45,-36,45,-36,41,-32,39,-30,43,-26,39,-28,43,-21,43,-15,43,-15,43,-13,43,-4,0,0,0,0,0,0,0,0,0,0]"""
1782173646118,2026-06-23T09:14:06.118,warning,breathing,lmh,lying_fast_breath,t001,"CSI_DATA,18634,1a:00:00:00:00:00,-61,11,-98,14,45,11,131945450,47,2,256,0,""[0,0,0,0,0,0,0,0,0,0,0,0,-35,-20,-33,-22,-40,-26,-38,-33,-40,-31,-38,-33,-38,-31,-35,-33,-44,-35,-42,-40,-42,-42,-44,-40,-47,-47,-47,-51,-40,-53,-44,-53,-51,-51,-47,-60,-44,-55,-38,-60,-42,-67,-49,-62,-47,-60,-49,-62,-49,-69,-49,-55,-44,-58,-51,-62,-49,-67,-53,-60,-49,-55,-51,-62,-55,-60,-51,-55,-58,-60,-58,-51,-53,-49,-62,-49,-62,-53,-69,-49,-64,-51,-69,-42,-67,-44,-76,-42,-64,-42,-67,-35,-69,-42,-73,-35,-76,-42,-78,-44,-76,-44,-78,-38,-78,-42,-76,-44,-85,-47,-87,-47,-85,-44,0,0,0,0,0,0,-49,78,-47,80,-42,80,-38,71,-38,76,-38,69,-38,73,-44,71,-38,64,-35,64,-31,62,-29,64,-31,67,-31,64,-29,62,-17,62,-22,71,-20,67,-26,62,-15,62,-8,62,-20,62,-13,60,-20,60,-24,62,-15,62,-13,62,-11,67,-17,64,-6,64,-13,60,-13,64,-15,69,-11,67,-11,58,-24,64,-17,67,-17,64,-17,64,-17,58,-17,58,-22,58,-26,62,-22,58,-26,55,-20,53,-24,47,-26,51,-24,44,-24,40,-24,38,-29,40,-29,38,-26,40,-33,31,-31,26,-33,26,0,0,0,0,0,0,0,0,0,0]"""
1782173646127,2026-06-23T09:14:06.127,warning,breathing,lmh,lying_fast_breath,t001,"CSI_DATA,18635,1a:00:00:00:00:00,-61,11,-98,14,45,11,131956450,47,2,256,0,""[0,0,0,0,0,0,0,0,0,0,0,0,6,42,4,42,4,44,0,44,-2,47,-2,49,-4,51,-6,51,-6,58,-8,55,-11,62,-11,62,-8,64,-13,67,-22,62,-17,69,-15,73,-24,69,-20,67,-26,69,-29,71,-26,73,-26,73,-29,71,-33,76,-26,73,-33,71,-33,76,-33,69,-24,73,-31,73,-29,78,-24,76,-22,71,-24,80,-22,78,-20,71,-17,78,-20,78,-15,80,-20,76,-11,82,-13,80,-11,85,-17,80,-13,80,-13,85,-8,82,-6,82,-13,91,-11,89,-8,91,-17,94,-17,91,-13,94,-11,94,-11,91,0,0,0,0,0,0,89,24,87,26,85,15,85,22,82,20,76,22,73,17,78,17,76,20,73,24,71,15,67,17,76,13,67,13,69,17,67,13,69,8,64,11,62,15,64,8,67,4,67,13,60,4,62,8,62,11,67,6,64,11,64,4,64,11,67,4,64,11,69,11,64,11,64,6,64,11,69,15,64,15,60,13,62,15,62,20,55,20,64,20,58,29,55,22,53,26,55,24,49,26,49,26,44,31,42,26,38,33,38,29,38,29,31,38,26,29,29,33,22,40,0,0,0,0,0,0,0,0,0,0]"""
1782173646138,2026-06-23T09:14:06.138,warning,breathing,lmh,lying_fast_breath,t001,"CSI_DATA,18636,1a:00:00:00:00:00,-61,11,-98,19,44,11,131967450,47,2,256,0,""[0,0,0,0,0,0,0,0,0,0,0,0,28,32,21,30,26,34,26,41,26,39,23,43,28,45,23,45,32,50,26,52,30,52,36,52,32,58,36,63,28,63,30,60,39,60,32,63,32,63,30,63,26,65,39,65,39,69,41,67,43,73,45,63,43,65,45,69,43,67,47,60,45,60,52,63,50,63,54,56,58,54,58,54,56,45,63,45,67,50,71,45,67,47,73,36,69,39,82,41,73,34,76,30,78,28,76,26,80,28,87,30,87,26,87,19,87,30,87,26,91,23,95,23,91,19,0,0,0,0,0,0,26,-89,21,-89,8,-87,21,-84,13,-82,17,-76,13,-80,13,-82,8,-80,10,-73,2,-73,4,-65,0,-78,-2,-76,0,-67,-8,-69,-13,-71,-13,-69,-8,-67,-13,-63,-21,-60,-10,-67,-19,-58,-17,-63,-21,-69,-19,-65,-26,-60,-30,-60,-26,-65,-30,-56,-26,-58,-30,-65,-26,-67,-30,-63,-30,-58,-28,-65,-23,-58,-28,-60,-28,-63,-26,-60,-28,-54,-28,-54,-28,-60,-23,-56,-21,-56,-26,-54,-17,-52,-21,-54,-15,-52,-15,-47,-15,-47,-8,-45,-8,-45,-4,-47,-6,-47,-2,-41,-2,-43,0,0,0,0,0,0,0,0,0,0]"""
1782173646150,2026-06-23T09:14:06.150,warning,breathing,lmh,lying_fast_breath,t001,"CSI_DATA,18637,1a:00:00:00:00:00,-61,11,-98,14,45,11,131978450,47,2,256,0,""[0,0,0,0,0,0,0,0,0,0,0,0,-33,-24,-31,-24,-33,-26,-33,-33,-33,-35,-33,-38,-33,-42,-31,-42,-35,-51,-31,-47,-31,-55,-26,-53,-31,-58,-26,-58,-20,-64,-22,-64,-24,-67,-20,-76,-17,-64,-13,-71,-11,-76,-11,-73,-8,-76,-13,-78,-6,-80,-8,-78,-2,-78,-2,-80,-4,-76,-8,-78,-2,-76,-2,-82,0,-78,-2,-76,0,-80,-2,-80,0,-76,-4,-80,-2,-80,-8,-78,-2,-78,-8,-80,-2,-82,-11,-85,2,-82,-4,-80,0,-87,-4,-82,-2,-82,2,-91,0,-91,2,-87,11,-89,13,-91,4,-96,6,-96,8,-89,0,0,0,0,0,0,-89,-26,-85,-24,-85,-17,-82,-26,-78,-26,-73,-26,-71,-22,-76,-26,-71,-26,-67,-31,-67,-31,-64,-29,-71,-29,-64,-29,-64,-33,-64,-26,-67,-26,-62,-29,-58,-31,-60,-26,-64,-24,-60,-33,-58,-22,-55,-29,-53,-31,-53,-29,-58,-38,-60,-26,-58,-33,-60,-29,-51,-38,-60,-38,-53,-38,-55,-33,-53,-38,-51,-42,-51,-44,-44,-44,-47,-51,-38,-53,-40,-47,-38,-51,-35,-53,-33,-51,-26,-51,-29,-51,-24,-51,-24,-51,-13,-49,-13,-51,-11,-49,-8,-47,-6,-40,2,-47,0,-42,6,-40,8,-38,0,0,0,0,0,0,0,0,0,0]"""
1782173646160,2026-06-23T09:14:06.160,warning,breathing,lmh,lying_fast_breath,t001,"CSI_DATA,18638,1a:00:00:00:00:00,-61,11,-98,19,44,11,131989450,47,2,256,0,""[0,0,0,0,0,0,0,0,0,0,0,0,-2,-43,0,-43,0,-43,2,-54,2,-47,4,-50,2,-50,4,-54,0,-58,2,-56,4,-63,-4,-63,-4,-67,2,-67,4,-69,0,-69,-10,-71,0,-73,-4,-71,-2,-71,-4,-67,-6,-78,-4,-76,-8,-78,-10,-87,-19,-76,-15,-80,-17,-80,-17,-73,-26,-78,-23,-69,-30,-78,-32,-76,-34,-71,-39,-69,-45,-69,-47,-58,-52,-60,-50,-63,-58,-58,-56,-63,-60,-50,-63,-54,-67,-50,-65,-50,-65,-39,-71,-41,-76,-34,-76,-39,-76,-39,-84,-36,-87,-32,-93,-34,-82,-36,-91,-30,-95,-23,-93,-23,0,0,0,0,0,0,-21,93,-21,84,-13,89,-15,84,-8,80,-8,82,-4,76,-6,91,-2,78,-6,76,8,71,8,69,13,73,8,71,10,73,21,65,23,69,21,65,19,65,26,60,34,60,30,58,32,56,32,52,39,58,36,56,36,52,43,50,41,54,47,47,43,47,47,54,45,50,52,47,45,45,47,54,47,50,54,43,54,47,50,43,45,39,52,47,50,47,52,41,43,39,45,36,41,39,45,39,39,36,41,34,39,34,32,30,34,36,32,34,30,34,26,30,26,34,0,0,0,0,0,0,0,0,0,0]"""
1782173646180,2026-06-23T09:14:06.180,warning,breathing,lmh,lying_fast_breath,t001,"CSI_DATA,18639,1a:00:00:00:00:00,-61,11,-98,18,44,11,132017055,47,2,256,0,""[0,0,0,0,0,0,0,0,0,0,0,0,-35,-11,-38,-22,-35,-20,-40,-26,-38,-29,-35,-33,-38,-38,-33,-38,-40,-40,-38,-42,-35,-44,-40,-47,-40,-53,-40,-55,-31,-60,-35,-55,-35,-60,-31,-67,-31,-62,-29,-71,-24,-71,-24,-71,-22,-69,-31,-71,-22,-78,-24,-73,-15,-73,-13,-80,-17,-76,-20,-71,-15,-73,-22,-82,-20,-82,-20,-76,-22,-78,-22,-76,-20,-71,-26,-76,-22,-73,-26,-78,-20,-78,-31,-73,-20,-80,-31,-80,-20,-82,-20,-76,-20,-78,-22,-78,-20,-80,-24,-89,-24,-91,-22,-85,-15,-96,-8,-85,-15,-96,-22,-91,-15,-87,0,0,0,0,0,0,-96,-4,-89,-2,-91,2,-87,-2,-82,0,-76,-8,-78,0,-85,-6,-71,-4,-73,-15,-76,-6,-71,-11,-71,-4,-71,-11,-71,-11,-64,-6,-73,-4,-69,-4,-67,-15,-64,-4,-69,-2,-69,-13,-60,-6,-64,-8,-62,-13,-64,-11,-60,-13,-62,-8,-69,-13,-67,-8,-62,-15,-67,-20,-64,-17,-64,-15,-62,-20,-64,-26,-62,-26,-62,-26,-64,-31,-53,-31,-51,-29,-55,-35,-51,-33,-53,-33,-47,-40,-44,-38,-38,-38,-40,-38,-38,-40,-31,-40,-31,-44,-22,-42,-22,-40,-15,-42,-20,-40,-11,-47,-4,-44,0,0,0,0,0,0,0,0,0,0]"""
1782173646192,2026-06-23T09:14:06.192,warning,breathing,lmh,lying_fast_breath,t001,"CSI_DATA,18640,1a:00:00:00:00:00,-61,11,-98,18,44,11,132017184,47,2,256,0,""[0,0,0,0,0,0,0,0,0,0,0,0,-38,-15,-38,-13,-40,-20,-42,-24,-40,-24,-38,-29,-42,-29,-42,-33,-47,-33,-44,-35,-49,-40,-44,-38,-49,-47,-49,-47,-42,-53,-40,-53,-49,-55,-42,-60,-44,-60,-33,-67,-33,-69,-38,-67,-33,-67,-40,-64,-38,-71,-40,-64,-33,-71,-33,-71,-33,-71,-35,-73,-29,-64,-35,-76,-33,-69,-31,-71,-38,-73,-38,-69,-31,-67,-38,-67,-38,-69,-44,-71,-40,-76,-47,-67,-38,-71,-44,-71,-35,-67,-40,-71,-40,-78,-40,-67,-42,-73,-42,-82,-38,-80,-42,-76,-29,-85,-35,-82,-38,-87,-38,-87,-35,-87,0,0,0,0,0,0,-94,20,-87,15,-82,24,-80,15,-82,20,-76,15,-78,15,-85,13,-73,13,-69,11,-67,11,-69,11,-69,13,-73,8,-69,8,-67,11,-73,15,-67,8,-71,4,-64,11,-62,17,-69,6,-60,13,-67,11,-64,4,-69,6,-60,8,-67,13,-71,4,-64,11,-67,4,-69,2,-69,0,-69,4,-64,-2,-73,-4,-64,-6,-64,-4,-67,-11,-62,-13,-60,-11,-60,-13,-58,-15,-60,-17,-53,-24,-49,-22,-51,-26,-51,-24,-44,-29,-38,-29,-38,-33,-38,-29,-35,-31,-26,-33,-29,-33,-26,-33,-22,-38,0,0,0,0,0,0,0,0,0,0]"""
1782173646201,2026-06-23T09:14:06.201,warning,breathing,lmh,lying_fast_breath,t001,"CSI_DATA,18641,1a:00:00:00:00:00,-61,11,-98,19,44,11,132032157,47,2,256,0,""[0,0,0,0,0,0,0,0,0,0,0,0,39,-10,41,-6,45,-8,47,-2,50,-2,47,4,50,4,50,8,58,8,60,8,58,8,63,10,65,13,67,17,63,26,65,23,69,21,65,30,60,36,63,32,58,34,67,43,65,43,65,39,67,54,65,41,60,45,63,50,58,50,65,50,58,50,65,58,58,54,58,52,58,52,58,52,56,50,60,45,60,52,65,47,65,52,65,45,63,52,71,54,60,54,58,52,63,56,60,52,63,56,63,65,69,63,69,58,60,71,52,76,67,67,65,76,63,78,0,0,0,0,0,0,87,-45,84,-45,76,-52,76,-30,76,-39,67,-28,76,-36,76,-32,71,-26,65,-19,67,-26,67,-19,71,-26,69,-26,65,-19,60,-26,65,-26,65,-28,65,-15,67,-21,63,-19,65,-21,60,-17,63,-21,69,-10,67,-15,63,-13,67,-23,69,-15,60,-19,63,-10,65,-8,67,-10,63,-13,63,-4,71,2,71,2,67,4,69,6,63,13,60,10,63,13,65,19,60,17,60,21,54,17,54,26,54,26,43,28,43,28,41,32,34,30,34,34,30,36,30,36,23,39,17,34,0,0,0,0,0,0,0,0,0,0]"""
1782173646211,2026-06-23T09:14:06.211,warning,breathing,lmh,lying_fast_breath,t001,"CSI_DATA,18642,1a:00:00:00:00:00,-61,11,-98,14,45,11,132035314,47,2,256,0,""[0,0,0,0,0,0,0,0,0,0,0,0,42,11,38,13,42,17,42,17,47,20,47,20,44,22,49,20,53,22,55,22,60,24,58,22,60,22,64,22,58,29,67,26,71,22,69,26,64,22,67,29,71,31,73,22,76,24,76,20,78,24,76,13,78,22,80,20,78,17,78,8,76,13,82,6,78,2,73,4,80,-4,80,-6,76,-8,82,-17,78,-13,78,-24,78,-20,78,-31,78,-26,76,-35,69,-31,71,-40,76,-40,69,-49,73,-42,73,-47,71,-47,71,-49,82,-55,78,-53,73,-60,69,-62,69,-62,0,0,0,0,0,0,-58,-67,-60,-64,-64,-55,-62,-58,-64,-55,-58,-58,-60,-51,-60,-49,-58,-44,-55,-49,-60,-40,-58,-38,-67,-33,-58,-33,-64,-33,-62,-26,-69,-22,-60,-26,-58,-20,-67,-17,-67,-8,-62,-20,-60,-8,-60,-13,-62,-8,-64,-6,-69,-6,-67,2,-62,-4,-67,4,-64,-2,-67,2,-67,0,-62,4,-62,4,-67,2,-67,6,-60,4,-67,6,-64,4,-60,4,-64,4,-62,2,-58,2,-60,-2,-58,4,-60,2,-53,2,-53,0,-49,0,-49,-4,-49,2,-44,0,-49,-2,-40,-6,-40,-2,-38,-13,0,0,0,0,0,0,0,0,0,0]"""
1782173646222,2026-06-23T09:14:06.222,warning,breathing,lmh,lying_fast_breath,t001,"CSI_DATA,18643,1a:00:00:00:00:00,-61,11,-98,14,45,11,132044450,47,2,256,0,""[0,0,0,0,0,0,0,0,0,0,0,0,4,40,2,42,0,44,0,47,-4,47,-8,51,-11,51,-11,53,-13,58,-13,55,-17,60,-17,60,-17,64,-17,67,-29,60,-31,62,-24,67,-33,64,-31,60,-33,67,-38,64,-42,64,-40,64,-40,64,-44,69,-40,67,-47,64,-49,67,-49,62,-42,64,-44,60,-44,64,-44,67,-42,58,-44,67,-44,69,-40,62,-40,69,-40,69,-38,73,-40,69,-35,76,-40,71,-33,73,-40,69,-38,76,-42,71,-38,73,-40,73,-44,78,-42,76,-42,80,-53,78,-53,76,-49,82,-49,80,-47,78,0,0,0,0,0,0,71,60,64,58,69,47,64,58,64,53,58,55,58,49,58,53,55,49,51,55,51,51,49,49,55,49,51,47,49,51,53,44,53,47,51,44,44,44,51,47,53,40,49,47,47,38,47,42,47,44,49,44,51,44,49,40,51,47,51,42,49,44,49,47,42,49,44,44,47,44,42,53,40,51,38,51,38,53,35,55,33,51,33,55,29,58,29,53,20,55,26,55,15,53,17,49,13,49,11,51,8,49,8,47,0,44,2,47,-4,42,-4,40,-8,42,0,0,0,0,0,0,0,0,0,0]"""
1782173646231,2026-06-23T09:14:06.231,warning,breathing,lmh,lying_fast_breath,t001,"CSI_DATA,18644,1a:00:00:00:00:00,-61,11,-98,14,45,11,132055449,47,2,256,0,""[0,0,0,0,0,0,0,0,0,0,0,0,31,26,29,29,33,33,33,35,33,35,29,38,31,40,31,42,38,44,35,51,35,49,38,47,42,53,42,55,33,60,38,58,42,58,38,64,38,60,35,58,33,64,47,67,38,67,42,67,44,73,47,60,40,67,42,69,44,69,47,64,44,60,51,64,51,62,49,62,58,60,58,55,55,51,60,51,60,53,67,49,64,51,67,40,64,47,71,47,64,40,69,40,71,42,71,40,76,40,82,47,80,40,78,35,78,42,76,42,87,42,87,40,85,40,0,0,0,0,0,0,49,-80,44,-82,33,-80,33,-73,33,-73,35,-71,29,-73,33,-76,29,-73,29,-64,22,-64,24,-62,17,-71,24,-69,20,-67,13,-62,11,-69,15,-69,15,-64,6,-62,4,-62,8,-67,6,-62,8,-67,11,-64,8,-67,4,-64,2,-67,2,-69,-6,-60,4,-62,2,-67,4,-67,-4,-71,2,-58,4,-73,0,-64,2,-69,4,-71,4,-60,4,-64,8,-60,8,-62,6,-62,11,-62,6,-60,13,-53,13,-60,13,-47,11,-47,17,-44,13,-42,17,-49,22,-44,17,-35,20,-33,22,-31,0,0,0,0,0,0,0,0,0,0]"""
1782173646243,2026-06-23T09:14:06.243,warning,breathing,lmh,lying_fast_breath,t001,"CSI_DATA,18645,1a:00:00:00:00:00,-61,11,-98,17,44,11,132066739,47,2,256,0,""[0,0,0,0,0,0,0,0,0,0,0,0,-39,4,-41,6,-46,4,-46,4,-52,2,-46,2,-50,2,-55,2,-59,6,-57,4,-59,4,-59,4,-64,9,-66,11,-69,4,-71,9,-69,18,-73,11,-66,18,-71,13,-73,9,-69,20,-73,16,-76,23,-80,27,-69,29,-71,23,-71,32,-71,36,-69,41,-64,36,-64,43,-62,48,-55,50,-59,57,-55,62,-48,57,-50,62,-46,64,-41,69,-41,66,-32,73,-36,69,-29,80,-25,73,-18,76,-23,78,-13,82,-11,82,-13,92,-13,89,-6,92,-13,94,-11,92,2,94,4,94,6,94,0,0,0,0,0,0,87,-4,96,-11,82,-20,80,-16,80,-20,76,-16,76,-20,80,-27,73,-23,66,-23,64,-27,57,-29,64,-36,64,-41,59,-32,52,-39,55,-46,48,-48,50,-43,46,-48,39,-52,46,-50,32,-50,34,-52,39,-52,34,-59,36,-55,25,-62,29,-62,23,-62,25,-62,23,-62,23,-64,18,-66,18,-59,20,-69,13,-64,13,-62,18,-71,16,-62,13,-59,16,-64,16,-64,13,-64,16,-57,9,-57,13,-52,11,-59,11,-50,13,-46,13,-48,9,-52,13,-46,13,-43,13,-43,11,-36,16,-41,0,0,0,0,0,0,0,0,0,0]"""
1782173646254,2026-06-23T09:14:06.254,warning,breathing,lmh,lying_fast_breath,t001,"CSI_DATA,18646,1a:00:00:00:00:00,-61,11,-98,14,45,11,132080003,47,2,256,0,""[0,0,0,0,0,0,0,0,0,0,0,0,38,-17,35,-17,42,-15,47,-13,49,-13,44,-13,49,-15,53,-11,55,-13,60,-11,58,-13,62,-13,64,-11,64,-8,64,-4,73,-6,73,-13,80,0,67,-2,67,-2,69,2,78,-2,80,-2,76,-2,82,2,76,-11,78,0,82,-4,78,0,78,-6,76,-4,78,-6,78,-8,73,-6,80,-13,80,-17,73,-15,76,-20,78,-17,78,-24,76,-20,73,-29,78,-24,80,-33,71,-24,73,-31,78,-29,73,-38,80,-33,85,-35,80,-33,82,-40,87,-33,87,-33,87,-38,80,-35,80,-38,0,0,0,0,0,0,-29,-85,-31,-87,-35,-78,-31,-76,-33,-80,-26,-71,-31,-78,-29,-76,-29,-71,-24,-67,-31,-62,-26,-62,-33,-69,-31,-64,-33,-64,-35,-58,-38,-64,-33,-60,-26,-55,-35,-55,-42,-51,-38,-58,-33,-47,-33,-51,-33,-55,-33,-53,-40,-55,-40,-49,-38,-55,-47,-49,-42,-53,-42,-51,-35,-58,-40,-51,-38,-51,-33,-55,-35,-55,-33,-53,-35,-55,-33,-60,-31,-55,-31,-58,-24,-58,-26,-55,-20,-55,-26,-55,-20,-53,-20,-53,-15,-49,-13,-47,-8,-44,-8,-44,-6,-44,2,-47,-2,-40,2,-40,8,-40,0,0,0,0,0,0,0,0,0,0]"""
1782173646266,2026-06-23T09:14:06.266,warning,breathing,lmh,lying_fast_breath,t001,"CSI_DATA,18647,1a:00:00:00:00:00,-61,11,-98,19,44,11,132090124,47,2,256,0,""[0,0,0,0,0,0,0,0,0,0,0,0,-36,2,-43,4,-45,0,-45,0,-47,-6,-50,-10,-50,-13,-52,-19,-56,-15,-56,-19,-56,-23,-54,-21,-63,-19,-60,-28,-56,-36,-60,-34,-60,-30,-60,-43,-56,-41,-54,-50,-54,-54,-58,-45,-56,-50,-60,-52,-60,-56,-60,-47,-52,-56,-56,-58,-56,-58,-58,-56,-45,-54,-54,-58,-58,-56,-50,-56,-56,-56,-58,-54,-50,-52,-56,-54,-58,-58,-60,-56,-58,-56,-56,-52,-60,-56,-63,-54,-56,-54,-60,-54,-58,-56,-60,-52,-63,-58,-63,-65,-60,-63,-63,-63,-56,-73,-54,-73,-56,-73,-65,-73,-58,-73,0,0,0,0,0,0,-87,43,-82,41,-73,45,-80,34,-69,36,-73,32,-76,34,-78,32,-69,28,-71,28,-63,28,-65,26,-65,30,-67,28,-65,23,-63,26,-69,32,-63,23,-60,21,-58,23,-60,34,-65,23,-60,21,-58,21,-67,19,-63,21,-60,19,-63,23,-69,19,-60,23,-65,17,-65,17,-67,15,-69,19,-63,6,-71,4,-65,6,-67,6,-67,2,-65,-2,-60,-2,-63,-6,-58,-8,-63,-10,-60,-15,-58,-13,-56,-23,-58,-17,-50,-26,-45,-19,-47,-23,-43,-23,-36,-28,-36,-26,-30,-32,-28,-26,-21,-34,0,0,0,0,0,0,0,0,0,0]"""
1782173646277,2026-06-23T09:14:06.277,warning,breathing,lmh,lying_fast_breath,t001,"CSI_DATA,18648,1a:00:00:00:00:00,-61,11,-98,14,45,11,132099905,47,2,256,0,""[0,0,0,0,0,0,0,0,0,0,0,0,-17,-38,-13,-40,-15,-42,-11,-47,-6,-47,-6,-51,-6,-51,-2,-53,-4,-60,2,-55,0,-62,2,-62,4,-64,4,-67,15,-64,11,-71,11,-76,20,-69,17,-69,20,-67,26,-64,24,-71,29,-71,31,-71,33,-76,24,-73,33,-69,35,-73,38,-67,31,-71,33,-64,38,-73,33,-69,31,-67,35,-76,33,-73,31,-69,29,-73,31,-71,24,-71,35,-71,22,-76,31,-78,29,-78,33,-73,29,-76,31,-78,33,-78,31,-76,38,-80,38,-82,35,-82,44,-85,49,-78,47,-85,44,-80,42,-76,0,0,0,0,0,0,-71,-55,-71,-53,-71,-49,-64,-55,-62,-51,-62,-53,-58,-51,-58,-55,-53,-49,-53,-53,-55,-51,-49,-49,-55,-47,-51,-47,-51,-51,-51,-42,-53,-47,-47,-42,-42,-49,-47,-44,-55,-42,-44,-49,-47,-42,-42,-44,-42,-44,-44,-47,-42,-49,-49,-44,-44,-49,-49,-42,-42,-49,-44,-53,-38,-51,-42,-51,-40,-51,-35,-60,-35,-55,-33,-51,-31,-60,-29,-60,-24,-51,-26,-62,-20,-60,-20,-60,-13,-60,-15,-55,-11,-55,-6,-53,-4,-58,-2,-51,0,-47,0,-44,2,-42,13,-44,11,-44,8,-35,15,-42,0,0,0,0,0,0,0,0,0,0]"""
1782173646288,2026-06-23T09:14:06.288,warning,breathing,lmh,lying_fast_breath,t001,"CSI_DATA,18649,1a:00:00:00:00:00,-61,11,-98,18,44,11,132110449,47,2,256,0,""[0,0,0,0,0,0,0,0,0,0,0,0,40,11,40,13,42,13,44,15,44,15,44,20,51,20,49,20,55,17,51,20,60,22,58,17,64,20,62,17,62,22,69,22,76,15,67,22,64,22,69,22,71,20,71,22,71,17,78,15,80,17,78,4,76,13,80,8,73,8,78,0,73,2,82,2,80,-2,73,-2,80,-6,76,-15,73,-15,73,-22,78,-22,76,-31,78,-29,71,-38,78,-40,71,-40,69,-38,64,-47,69,-47,62,-51,64,-55,69,-58,67,-58,60,-62,73,-60,64,-60,62,-69,62,-69,62,-73,0,0,0,0,0,0,-67,-62,-67,-55,-76,-51,-71,-47,-64,-42,-64,-44,-67,-42,-67,-42,-67,-35,-67,-38,-64,-31,-64,-29,-71,-24,-71,-24,-67,-20,-62,-13,-73,-13,-67,-8,-64,-13,-67,-8,-69,2,-67,-8,-64,2,-62,4,-64,2,-62,6,-64,4,-67,11,-73,8,-64,17,-67,11,-69,15,-64,13,-67,17,-60,15,-71,15,-67,17,-60,20,-67,17,-64,15,-60,20,-62,24,-62,17,-58,20,-55,11,-58,20,-53,15,-55,13,-51,8,-49,13,-53,6,-47,11,-49,6,-51,2,-44,8,-40,4,-42,2,0,0,0,0,0,0,0,0,0,0]"""
1782173646298,2026-06-23T09:14:06.298,warning,breathing,lmh,lying_fast_breath,t001,"CSI_DATA,18650,1a:00:00:00:00:00,-61,11,-98,14,45,11,132123164,47,2,256,0,""[0,0,0,0,0,0,0,0,0,0,0,0,-24,33,-29,29,-29,33,-33,33,-31,33,-35,38,-35,33,-40,31,-44,42,-42,38,-47,42,-44,44,-47,49,-49,44,-53,42,-51,47,-51,53,-60,49,-53,47,-58,44,-62,42,-53,49,-62,51,-58,55,-60,58,-53,58,-58,51,-58,55,-53,55,-49,58,-53,58,-51,62,-47,62,-44,62,-47,67,-44,67,-38,64,-38,69,-35,71,-29,71,-31,73,-22,78,-24,78,-20,85,-26,78,-20,78,-20,82,-17,80,-15,82,-17,91,-11,89,-11,89,-20,91,-20,89,-4,96,-6,94,-4,96,0,0,0,0,0,0,89,11,94,8,89,-2,85,6,82,6,80,8,78,-2,82,0,78,0,73,2,71,2,69,0,76,-8,71,-8,71,-6,67,-11,67,-20,64,-17,64,-13,62,-20,60,-24,69,-15,55,-22,60,-22,60,-22,60,-26,62,-24,55,-31,62,-31,55,-38,60,-29,64,-31,55,-31,55,-38,55,-29,62,-31,55,-31,55,-33,60,-31,60,-26,58,-26,60,-29,58,-26,55,-29,55,-20,53,-29,53,-20,53,-17,51,-15,47,-11,44,-15,40,-6,44,-8,47,-8,42,-2,42,-6,44,0,0,0,0,0,0,0,0,0,0,0]"""
1782173646310,2026-06-23T09:14:06.310,warning,breathing,lmh,lying_fast_breath,t001,"CSI_DATA,18651,1a:00:00:00:00:00,-61,11,-98,14,45,11,132132602,47,2,256,0,""[0,0,0,0,0,0,0,0,0,0,0,0,40,-17,40,-15,42,-13,44,-13,44,-15,49,-13,49,-15,51,-11,60,-15,55,-11,64,-13,60,-17,64,-17,67,-13,67,-6,67,-11,76,-20,71,-11,67,-13,76,-11,73,-13,76,-13,76,-13,76,-15,82,-13,73,-20,73,-13,82,-13,73,-15,76,-22,71,-22,82,-22,76,-24,69,-26,78,-29,73,-35,67,-35,69,-40,69,-35,64,-44,69,-42,62,-51,69,-49,64,-49,64,-53,62,-53,64,-55,58,-60,58,-58,64,-60,62,-62,58,-64,69,-64,69,-62,62,-69,62,-69,62,-64,0,0,0,0,0,0,-64,-62,-62,-64,-69,-58,-64,-58,-64,-51,-60,-55,-60,-49,-62,-49,-53,-44,-55,-47,-62,-40,-55,-35,-64,-38,-58,-40,-62,-35,-62,-29,-64,-29,-58,-31,-58,-38,-60,-22,-67,-22,-62,-26,-60,-17,-58,-22,-55,-22,-62,-20,-62,-17,-67,-13,-67,-17,-67,-6,-60,-13,-67,-13,-64,-17,-67,-13,-62,-11,-67,-20,-64,-15,-62,-15,-67,-17,-62,-17,-62,-15,-62,-20,-58,-20,-60,-20,-55,-22,-58,-13,-55,-17,-51,-22,-49,-22,-44,-20,-44,-20,-40,-24,-38,-24,-35,-24,-35,-29,-35,-22,-31,-31,0,0,0,0,0,0,0,0,0,0]"""
1782173646319,2026-06-23T09:14:06.319,warning,breathing,lmh,lying_fast_breath,t001,"CSI_DATA,18652,1a:00:00:00:00:00,-61,11,-98,22,43,11,132154419,47,2,256,0,""[0,0,0,0,0,0,0,0,0,0,0,0,-42,8,-42,2,-47,4,-47,4,-51,4,-49,0,-51,2,-53,2,-62,6,-58,4,-62,2,-60,6,-64,8,-67,4,-69,2,-71,8,-71,11,-73,2,-69,8,-71,2,-76,-2,-76,11,-82,8,-73,17,-82,13,-73,22,-80,17,-78,17,-78,17,-76,26,-73,22,-73,29,-76,29,-71,31,-73,35,-71,40,-64,40,-62,44,-67,49,-62,55,-62,53,-60,58,-58,58,-53,67,-49,58,-49,64,-53,64,-49,67,-51,69,-47,76,-42,73,-44,76,-58,78,-49,78,-40,85,-40,82,-40,85,0,0,0,0,0,0,82,44,87,42,82,29,80,35,80,29,78,31,76,24,82,26,73,20,71,20,71,22,67,13,71,11,73,6,69,8,71,0,71,-4,69,-4,67,2,64,0,67,-8,67,-4,58,-11,62,-11,67,-6,64,-11,69,-15,60,-26,67,-22,64,-29,62,-20,67,-22,67,-22,60,-29,58,-26,62,-24,67,-24,62,-24,64,-24,62,-20,62,-22,60,-26,64,-26,55,-24,58,-17,58,-22,53,-15,55,-17,49,-17,49,-11,49,-13,51,-13,47,-11,47,-8,42,-4,42,-6,42,0,0,0,0,0,0,0,0,0,0,0]"""
1782173646330,2026-06-23T09:14:06.330,warning,breathing,lmh,lying_fast_breath,t001,"CSI_DATA,18653,1a:00:00:00:00:00,-61,11,-98,18,44,11,132158452,47,2,256,0,""[0,0,0,0,0,0,0,0,0,0,0,0,13,40,8,35,13,42,13,47,11,49,11,49,13,47,8,51,17,53,8,58,15,60,17,55,17,62,22,67,11,67,20,67,22,71,17,71,15,64,26,73,22,71,22,73,24,71,26,76,26,76,33,64,26,71,33,73,33,71,44,67,35,64,47,73,49,64,47,60,51,64,51,53,51,49,58,51,62,51,67,47,60,49,69,42,71,40,78,42,67,38,78,33,76,33,76,24,78,31,87,33,87,29,89,17,94,31,89,24,96,20,94,17,87,17,0,0,0,0,0,0,20,-87,20,-94,4,-89,6,-85,2,-85,8,-78,0,-78,0,-85,0,-76,2,-76,-8,-69,-2,-69,-15,-71,-8,-73,-11,-64,-17,-67,-26,-69,-20,-64,-15,-64,-29,-60,-33,-60,-26,-60,-26,-51,-31,-58,-26,-60,-29,-53,-35,-53,-38,-53,-40,-58,-44,-44,-38,-49,-42,-53,-47,-55,-49,-49,-44,-44,-49,-55,-44,-49,-49,-47,-53,-51,-42,-47,-40,-47,-44,-49,-44,-51,-44,-49,-38,-49,-40,-33,-33,-42,-38,-42,-33,-38,-33,-38,-31,-42,-31,-38,-26,-31,-26,-40,-22,-40,-24,-33,-11,-38,0,0,0,0,0,0,0,0,0,0]"""
1782173646342,2026-06-23T09:14:06.342,warning,breathing,lmh,lying_fast_breath,t001,"CSI_DATA,18654,1a:00:00:00:00:00,-61,11,-98,19,44,11,132167509,47,2,256,0,""[0,0,0,0,0,0,0,0,0,0,0,0,-36,-17,-36,-19,-39,-21,-41,-30,-36,-30,-36,-32,-36,-34,-32,-36,-41,-41,-39,-41,-39,-47,-39,-45,-43,-52,-45,-52,-30,-58,-36,-58,-43,-56,-34,-67,-36,-63,-28,-71,-28,-73,-32,-69,-32,-71,-36,-69,-34,-78,-34,-67,-28,-71,-26,-73,-28,-73,-34,-71,-26,-71,-34,-80,-28,-76,-28,-71,-34,-76,-30,-73,-28,-67,-36,-73,-36,-71,-41,-71,-39,-71,-39,-69,-39,-73,-41,-73,-32,-69,-39,-71,-43,-73,-39,-71,-41,-71,-43,-78,-43,-78,-41,-73,-41,-87,-34,-80,-41,-84,-39,-87,-34,-78,0,0,0,0,0,0,-91,26,-87,23,-87,30,-84,15,-78,17,-78,17,-76,23,-80,21,-71,19,-76,13,-69,17,-65,13,-73,19,-67,15,-67,13,-65,17,-69,21,-71,17,-65,13,-60,15,-65,26,-67,15,-60,19,-67,15,-69,15,-69,17,-63,15,-63,17,-67,15,-63,17,-65,13,-69,10,-67,10,-67,13,-65,8,-71,4,-71,6,-65,2,-71,0,-67,-2,-60,-2,-63,-6,-65,-8,-63,-6,-63,-15,-60,-8,-54,-15,-58,-13,-52,-21,-47,-17,-43,-21,-39,-21,-45,-21,-41,-26,-34,-26,-34,-28,-28,-34,0,0,0,0,0,0,0,0,0,0]"""
1782173646352,2026-06-23T09:14:06.352,warning,breathing,lmh,lying_fast_breath,t001,"CSI_DATA,18655,1a:00:00:00:00:00,-61,11,-98,14,44,11,132176449,47,2,256,0,""[0,0,0,0,0,0,0,0,0,0,0,0,-10,40,-17,37,-15,40,-15,45,-20,47,-25,42,-20,47,-27,47,-27,47,-25,55,-30,52,-27,50,-30,60,-35,57,-40,52,-37,55,-35,62,-45,62,-37,62,-45,52,-47,60,-45,62,-42,67,-40,67,-47,67,-37,60,-50,62,-50,67,-45,65,-35,65,-37,70,-40,72,-42,72,-32,67,-40,77,-35,67,-20,75,-25,80,-7,72,-7,75,-27,67,5,85,-5,97,5,62,-60,70,-10,95,5,35,25,62,-2,42,-42,155,22,80,-67,65,-27,30,2,57,-62,62,12,32,-7,45,0,0,0,0,0,0,125,-27,82,-35,148,-5,77,57,57,55,12,12,77,-30,87,55,80,-30,85,30,75,45,70,-17,50,-5,57,-20,75,-12,77,-7,77,-17,62,-7,60,-10,70,-10,70,-17,65,-2,62,-10,60,-12,70,-10,65,-12,65,-17,67,-25,65,-17,60,-20,60,-10,67,-15,67,-17,65,-22,67,-15,70,-15,65,-12,67,-15,70,-12,65,-12,62,-7,67,-10,70,-10,65,-10,60,-7,60,-7,55,-2,55,-5,52,5,50,0,50,5,47,0,47,5,42,17,47,10,40,15,40,12,0,0,0,0,0,0,0,0,0,0]"""
1782173646363,2026-06-23T09:14:06.363,warning,breathing,lmh,lying_fast_breath,t001,"CSI_DATA,18656,1a:00:00:00:00:00,-61,11,-98,19,44,11,132189339,47,2,256,0,""[0,0,0,0,0,0,0,0,0,0,0,0,36,28,32,26,34,26,36,34,36,32,32,36,39,32,39,36,45,39,43,39,47,39,47,41,56,41,54,39,50,47,54,47,63,43,56,45,50,41,58,47,67,50,63,47,65,41,65,45,65,47,71,34,65,41,67,41,69,41,67,32,67,30,76,30,73,26,73,19,78,17,80,15,76,13,78,8,76,6,84,-2,82,0,82,-2,84,-4,82,-10,76,-8,80,-19,80,-15,76,-26,87,-28,89,-28,82,-28,89,-32,93,-30,84,-34,84,-43,84,-43,80,-47,0,0,0,0,0,0,-47,-82,-43,-80,-47,-67,-41,-73,-56,-69,-50,-69,-45,-65,-47,-65,-47,-60,-41,-56,-47,-52,-47,-50,-63,-50,-56,-47,-54,-45,-56,-36,-63,-34,-60,-30,-54,-34,-60,-30,-65,-23,-60,-32,-54,-19,-56,-23,-58,-26,-63,-17,-65,-15,-65,-8,-69,-17,-69,-6,-67,-10,-71,-8,-69,-13,-69,-2,-65,-4,-71,-15,-69,-6,-67,-4,-69,-6,-67,-6,-60,-4,-65,-8,-67,-8,-67,-2,-60,-6,-58,-4,-58,-13,-60,-4,-50,-8,-50,-4,-54,-10,-43,-4,-43,-8,-47,-8,-45,-10,-41,-15,-39,-17,0,0,0,0,0,0,0,0,0,0]"""
1782173646374,2026-06-23T09:14:06.374,warning,breathing,lmh,lying_fast_breath,t001,"CSI_DATA,18657,1a:00:00:00:00:00,-61,11,-98,19,44,11,132198448,47,2,256,0,""[0,0,0,0,0,0,0,0,0,0,0,0,30,-28,32,-23,36,-28,39,-30,43,-26,39,-23,43,-28,43,-30,50,-32,47,-32,52,-32,50,-36,54,-39,58,-39,58,-32,60,-39,60,-47,67,-39,56,-41,56,-36,60,-34,65,-45,65,-43,63,-45,67,-52,60,-52,63,-50,63,-45,63,-50,58,-56,54,-52,54,-58,54,-60,50,-58,50,-65,47,-60,41,-65,41,-67,36,-69,32,-78,36,-69,30,-78,28,-71,26,-84,26,-73,17,-78,23,-80,17,-80,10,-84,15,-87,10,-89,10,-87,19,-93,21,-91,4,-100,6,-95,2,-91,0,0,0,0,0,0,-95,-13,-97,-4,-87,4,-87,-6,-84,0,-78,-2,-84,6,-80,6,-78,6,-73,4,-73,8,-69,8,-71,17,-71,15,-69,15,-63,17,-69,28,-65,21,-65,19,-65,23,-60,30,-65,21,-52,30,-58,32,-58,30,-58,34,-60,32,-54,41,-58,39,-52,43,-56,34,-56,39,-56,41,-47,41,-52,43,-58,41,-52,41,-52,41,-54,43,-54,41,-50,41,-52,32,-54,39,-50,41,-52,32,-52,39,-47,28,-45,34,-45,28,-45,28,-45,26,-36,26,-41,23,-43,19,-43,17,-39,13,-39,8,0,0,0,0,0,0,0,0,0,0]"""
1782173646385,2026-06-23T09:14:06.385,warning,breathing,lmh,lying_fast_breath,t001,"CSI_DATA,18658,1a:00:00:00:00:00,-61,11,-98,14,45,11,132211687,47,2,256,0,""[0,0,0,0,0,0,0,0,0,0,0,0,31,-26,33,-26,35,-29,40,-29,38,-29,40,-26,44,-29,44,-29,49,-38,47,-29,53,-33,51,-35,55,-40,55,-40,60,-33,60,-35,62,-44,62,-33,60,-31,62,-38,62,-35,64,-42,64,-40,64,-44,69,-44,62,-49,67,-44,69,-47,60,-47,60,-53,62,-49,60,-55,58,-51,53,-51,55,-58,51,-60,44,-55,44,-64,47,-67,38,-69,44,-69,35,-73,42,-73,35,-78,35,-71,33,-73,33,-76,31,-73,26,-78,29,-85,24,-82,26,-87,31,-89,29,-87,20,-94,20,-91,17,-87,0,0,0,0,0,0,-91,-24,-87,-22,-85,-11,-82,-22,-82,-15,-78,-20,-76,-8,-82,-11,-73,-8,-73,-8,-73,-6,-67,-6,-78,-2,-71,-2,-71,-2,-69,4,-71,8,-67,8,-67,4,-62,11,-64,17,-67,8,-58,17,-60,15,-62,11,-64,17,-64,17,-58,24,-64,20,-62,29,-62,22,-67,24,-60,22,-60,29,-62,26,-62,22,-64,24,-60,24,-64,22,-64,20,-58,20,-62,20,-60,17,-60,17,-58,15,-58,20,-55,15,-53,15,-51,8,-49,8,-51,2,-47,6,-44,6,-47,2,-42,0,-40,2,-42,-6,0,0,0,0,0,0,0,0,0,0]"""
1782173646394,2026-06-23T09:14:06.394,warning,breathing,lmh,lying_fast_breath,t001,"CSI_DATA,18659,1a:00:00:00:00:00,-61,11,-98,19,44,11,132220448,47,2,256,0,""[0,0,0,0,0,0,0,0,0,0,0,0,6,41,4,39,2,45,2,45,0,50,-2,47,-4,52,-4,54,-6,60,-4,60,-4,60,-4,60,0,65,-6,69,-17,65,-13,69,-8,69,-15,73,-8,67,-21,76,-21,76,-17,78,-17,71,-13,76,-15,80,-10,80,-17,73,-19,78,-17,73,-15,80,-15,71,-13,82,-13,80,-10,78,-6,80,-8,78,-6,76,2,80,-2,80,10,82,4,82,6,87,0,82,8,84,4,78,10,84,10,82,10,82,13,87,10,91,19,89,17,82,13,93,6,91,19,91,13,95,19,95,0,0,0,0,0,0,93,-13,91,-6,89,-23,80,-8,84,-13,73,-8,84,-15,87,-13,76,-10,76,-6,71,-15,73,-10,76,-15,71,-15,71,-19,69,-21,71,-23,69,-21,65,-15,65,-21,65,-28,63,-19,60,-23,63,-23,60,-19,63,-26,63,-21,58,-34,65,-30,56,-32,58,-26,60,-23,63,-21,60,-26,58,-26,67,-19,67,-21,60,-19,65,-21,63,-17,58,-19,63,-19,65,-19,58,-19,63,-13,60,-13,56,-4,60,-8,52,-2,54,2,50,4,47,4,47,6,52,6,41,10,41,6,41,15,0,0,0,0,0,0,0,0,0,0]"""
1782173646406,2026-06-23T09:14:06.406,warning,breathing,lmh,lying_fast_breath,t001,"CSI_DATA,18660,1a:00:00:00:00:00,-61,11,-98,14,45,11,132231448,47,2,256,0,""[0,0,0,0,0,0,0,0,0,0,0,0,29,-29,33,-24,38,-24,44,-24,42,-24,47,-22,44,-22,49,-20,51,-26,58,-17,58,-24,55,-22,62,-20,62,-20,67,-13,67,-17,69,-24,76,-15,69,-11,67,-11,69,-8,78,-8,78,-8,76,-6,85,-4,76,-13,80,-8,80,-8,78,-4,80,-15,73,-11,80,-6,80,-13,78,-8,80,-13,76,-20,73,-13,76,-24,76,-17,76,-24,78,-17,76,-29,78,-22,82,-29,76,-22,76,-29,80,-29,76,-31,82,-26,85,-24,82,-26,82,-31,89,-24,89,-22,89,-31,89,-29,82,-24,0,0,0,0,0,0,-13,-91,-13,-91,-22,-82,-17,-82,-17,-80,-15,-73,-15,-78,-11,-80,-13,-76,-13,-76,-15,-71,-13,-73,-17,-73,-13,-69,-15,-69,-20,-64,-17,-69,-15,-67,-11,-64,-17,-64,-24,-60,-15,-67,-15,-58,-15,-62,-15,-62,-15,-62,-20,-64,-22,-62,-15,-67,-24,-58,-17,-62,-15,-67,-15,-67,-15,-64,-17,-62,-8,-69,-8,-69,-6,-62,-8,-67,-6,-64,-6,-64,-6,-64,2,-67,0,-64,4,-60,2,-58,6,-55,6,-55,11,-51,11,-47,11,-49,13,-44,20,-44,22,-42,24,-35,20,-35,26,-33,0,0,0,0,0,0,0,0,0,0]"""
1782173646418,2026-06-23T09:14:06.418,warning,breathing,lmh,lying_fast_breath,t001,"CSI_DATA,18661,1a:00:00:00:00:00,-61,11,-98,15,45,11,132242448,47,2,256,0,""[0,0,0,0,0,0,0,0,0,0,0,0,-39,-4,-41,-8,-43,-13,-45,-17,-45,-13,-47,-19,-50,-19,-45,-19,-50,-28,-54,-28,-54,-30,-52,-32,-58,-34,-56,-36,-54,-45,-52,-43,-58,-45,-52,-47,-54,-47,-56,-54,-52,-52,-52,-58,-45,-56,-54,-58,-52,-63,-45,-56,-45,-63,-47,-65,-52,-63,-50,-60,-45,-58,-54,-65,-47,-65,-45,-63,-54,-65,-47,-60,-47,-52,-54,-56,-50,-60,-56,-54,-54,-63,-54,-54,-54,-60,-65,-56,-54,-60,-56,-60,-56,-63,-56,-56,-60,-58,-60,-67,-63,-65,-56,-65,-56,-76,-50,-73,-65,-76,-60,-76,-56,-73,0,0,0,0,0,0,-80,47,-80,45,-76,47,-73,36,-69,36,-71,34,-71,41,-76,39,-69,34,-71,30,-65,30,-63,26,-63,32,-67,32,-65,28,-60,30,-65,36,-60,32,-60,26,-60,28,-56,32,-60,26,-56,32,-58,30,-56,28,-65,26,-56,26,-58,34,-65,28,-56,30,-60,21,-63,21,-63,21,-63,26,-58,19,-71,21,-67,17,-67,15,-65,13,-65,6,-60,10,-63,6,-65,6,-60,4,-60,-2,-58,0,-58,-6,-60,-4,-52,-17,-50,-13,-45,-17,-41,-15,-43,-17,-43,-21,-39,-23,-34,-19,-32,-26,0,0,0,0,0,0,0,0,0,0]"""
1782173646428,2026-06-23T09:14:06.428,warning,breathing,lmh,lying_fast_breath,t001,"CSI_DATA,18662,1a:00:00:00:00:00,-61,11,-98,22,43,11,132253448,47,2,256,0,""[0,0,0,0,0,0,0,0,0,0,0,0,-38,17,-40,13,-42,17,-47,15,-47,13,-49,15,-44,13,-51,11,-58,15,-58,13,-58,15,-60,20,-67,17,-73,13,-64,8,-73,13,-73,17,-71,11,-69,6,-69,17,-71,13,-78,11,-76,8,-76,13,-78,11,-76,17,-82,8,-80,13,-76,11,-76,20,-76,17,-80,17,-73,22,-73,22,-76,22,-73,29,-73,29,-69,33,-71,31,-71,42,-73,33,-73,47,-71,40,-71,42,-69,42,-67,47,-71,49,-71,51,-69,51,-76,49,-69,55,-69,55,-80,58,-73,55,-73,60,-71,62,-71,58,0,0,0,0,0,0,55,76,53,76,60,60,51,64,58,71,51,64,51,62,55,67,49,60,44,60,51,53,44,53,55,51,47,51,49,53,53,49,58,49,55,44,49,44,51,42,60,38,55,42,49,33,51,35,55,38,55,40,55,38,60,29,60,40,60,29,58,35,62,35,58,35,62,31,55,31,60,40,62,38,55,35,60,38,58,44,55,33,53,38,55,42,53,35,47,40,47,38,44,35,42,40,35,38,31,38,35,40,31,33,26,40,24,44,24,38,26,38,17,42,0,0,0,0,0,0,0,0,0,0]"""
1782173646438,2026-06-23T09:14:06.438,warning,breathing,lmh,lying_fast_breath,t001,"CSI_DATA,18663,1a:00:00:00:00:00,-61,11,-98,18,44,11,132264448,47,2,256,0,""[0,0,0,0,0,0,0,0,0,0,0,0,40,17,33,17,40,24,35,31,40,31,35,31,40,31,38,35,44,40,42,42,42,42,44,42,51,47,51,49,40,51,44,55,51,53,44,55,38,58,47,53,42,55,49,62,44,58,49,62,44,69,47,58,42,62,44,67,44,67,49,62,42,58,51,67,49,64,47,55,53,62,55,55,53,53,55,53,55,53,64,51,58,55,62,49,62,51,67,53,60,49,67,47,69,51,67,51,69,55,69,55,71,53,73,51,69,55,73,55,76,53,78,60,76,58,0,0,0,0,0,0,67,-71,60,-76,51,-69,51,-64,51,-62,53,-60,51,-60,60,-67,51,-60,49,-53,44,-58,47,-58,42,-60,49,-53,42,-55,33,-53,40,-60,40,-58,38,-53,38,-53,33,-60,42,-58,33,-58,33,-55,33,-60,38,-60,33,-51,31,-62,33,-64,26,-62,33,-51,33,-62,40,-58,31,-58,31,-53,40,-60,40,-58,38,-53,40,-60,38,-51,35,-49,40,-51,42,-49,42,-49,44,-44,40,-42,42,-40,40,-42,42,-33,40,-26,44,-26,40,-26,40,-20,40,-20,44,-20,42,-15,40,-11,0,0,0,0,0,0,0,0,0,0]"""
1782173646448,2026-06-23T09:14:06.448,warning,breathing,lmh,lying_fast_breath,t001,"CSI_DATA,18664,1a:00:00:00:00:00,-61,11,-98,19,44,11,132276661,47,2,256,0,""[0,0,0,0,0,0,0,0,0,0,0,0,-39,-8,-41,-13,-41,-17,-43,-15,-43,-17,-45,-19,-45,-21,-47,-28,-52,-21,-50,-23,-56,-26,-56,-26,-63,-30,-60,-32,-56,-36,-56,-32,-65,-32,-60,-36,-63,-39,-63,-41,-69,-43,-69,-41,-69,-36,-65,-39,-71,-45,-67,-32,-63,-41,-69,-39,-65,-39,-73,-32,-65,-32,-80,-30,-69,-30,-71,-28,-82,-30,-76,-21,-69,-23,-80,-17,-76,-19,-80,-8,-80,-19,-80,-6,-82,-6,-87,-6,-84,-2,-87,-4,-84,-6,-80,4,-82,-4,-91,-2,-91,0,-89,4,-91,-2,-93,-4,-97,4,-91,2,-95,6,0,0,0,0,0,0,-2,95,-6,91,13,93,4,89,6,82,4,82,8,80,4,89,2,76,6,76,10,69,8,73,19,76,15,76,15,73,17,69,19,69,19,67,15,63,23,60,28,65,19,65,26,60,28,63,26,60,21,63,28,60,36,58,28,67,36,56,32,58,30,63,28,65,36,60,30,56,28,69,28,65,30,63,26,65,28,63,28,54,28,63,23,65,21,58,19,63,23,56,13,56,15,56,13,52,10,50,13,52,8,47,6,47,-2,47,2,43,-2,47,-8,45,0,0,0,0,0,0,0,0,0,0]"""
1782173646460,2026-06-23T09:14:06.460,warning,breathing,lmh,lying_fast_breath,t001,"CSI_DATA,18665,1a:00:00:00:00:00,-61,11,-98,19,44,11,132286448,47,2,256,0,""[0,0,0,0,0,0,0,0,0,0,0,0,-21,-32,-19,-36,-26,-39,-21,-45,-19,-47,-23,-45,-21,-43,-21,-45,-26,-54,-26,-52,-21,-58,-23,-56,-28,-58,-26,-63,-19,-67,-23,-65,-32,-65,-23,-71,-23,-65,-28,-67,-26,-67,-28,-78,-28,-71,-26,-69,-26,-78,-30,-69,-28,-71,-30,-71,-30,-71,-34,-69,-32,-67,-32,-71,-39,-69,-36,-69,-43,-67,-47,-60,-43,-56,-50,-60,-50,-63,-56,-58,-56,-58,-63,-50,-56,-58,-67,-54,-56,-52,-69,-52,-67,-50,-67,-45,-71,-47,-73,-56,-73,-52,-78,-45,-78,-54,-69,-58,-82,-52,-82,-50,-82,-45,0,0,0,0,0,0,-52,76,-52,78,-45,82,-45,73,-39,76,-39,67,-41,73,-41,73,-36,67,-36,63,-28,65,-28,65,-28,71,-28,67,-28,67,-17,65,-19,71,-17,69,-23,65,-17,69,-8,67,-15,63,-8,60,-10,63,-13,67,-10,67,-6,67,-2,67,-8,71,0,67,-4,67,-4,69,-4,69,-4,67,-4,69,-10,73,-2,73,-4,67,-4,71,-6,65,-4,63,-4,58,-10,67,-8,65,-10,63,-8,60,-8,54,-6,58,-10,47,-13,52,-15,50,-15,47,-19,45,-19,50,-21,41,-19,36,-21,36,0,0,0,0,0,0,0,0,0,0]"""
1782173646470,2026-06-23T09:14:06.470,warning,breathing,lmh,lying_fast_breath,t001,"CSI_DATA,18666,1a:00:00:00:00:00,-61,11,-98,22,43,11,132297448,47,2,256,0,""[0,0,0,0,0,0,0,0,0,0,0,0,-40,-8,-38,-8,-44,-11,-47,-11,-47,-13,-47,-13,-44,-11,-51,-13,-58,-13,-60,-11,-60,-13,-60,-8,-69,-6,-69,-8,-64,-11,-69,-11,-69,-4,-76,-11,-69,-6,-73,-11,-80,-11,-76,-2,-80,2,-80,0,-85,2,-76,8,-78,4,-78,11,-80,6,-78,13,-73,13,-78,20,-76,24,-73,26,-76,35,-71,38,-64,35,-69,47,-67,44,-67,53,-62,51,-64,58,-58,55,-53,64,-51,53,-49,64,-51,67,-44,73,-49,71,-49,82,-40,80,-40,80,-47,82,-42,85,-33,94,-33,87,-31,91,0,0,0,0,0,0,80,29,91,24,80,11,87,20,89,13,76,17,87,2,82,6,80,4,76,4,71,-4,71,-2,78,-6,71,-11,69,-11,67,-17,71,-26,67,-24,62,-15,67,-26,62,-31,64,-29,53,-33,53,-38,58,-31,55,-31,58,-40,51,-47,55,-44,51,-51,47,-49,49,-47,53,-49,44,-51,42,-47,47,-51,44,-51,44,-51,42,-55,44,-49,40,-49,42,-51,47,-49,35,-53,35,-47,38,-42,38,-42,38,-49,35,-38,31,-44,35,-38,29,-40,31,-35,35,-33,31,-35,29,-33,35,-24,0,0,0,0,0,0,0,0,0,0]"""
1782173646480,2026-06-23T09:14:06.480,warning,breathing,lmh,lying_fast_breath,t001,"CSI_DATA,18667,1a:00:00:00:00:00,-61,11,-98,19,44,11,132308448,47,2,256,0,""[0,0,0,0,0,0,0,0,0,0,0,0,36,-19,39,-13,41,-15,47,-13,47,-8,47,-10,50,-10,54,-2,63,-8,58,-4,60,-4,63,-6,71,-10,71,-2,67,6,69,4,73,0,76,4,69,8,76,10,73,6,78,13,78,6,73,13,80,15,78,4,80,15,84,10,78,15,76,8,73,10,82,13,80,8,73,8,89,4,80,0,78,2,82,-4,80,0,82,-2,80,0,82,-4,78,0,87,-10,76,-4,82,-6,89,-8,80,-13,87,-4,87,-6,91,-10,91,-13,93,-4,91,0,97,-6,93,-8,93,-8,0,0,0,0,0,0,6,-87,2,-89,-8,-87,4,-87,0,-89,4,-82,4,-82,4,-84,4,-71,8,-76,0,-71,4,-69,0,-78,2,-73,0,-69,-6,-69,-10,-78,-4,-71,4,-63,-4,-69,-10,-71,-2,-71,-8,-63,-2,-69,-2,-65,-2,-69,-8,-67,-15,-67,-6,-73,-13,-67,-6,-67,-4,-69,-2,-71,-4,-67,2,-65,4,-73,2,-71,0,-67,6,-67,6,-65,2,-63,8,-65,10,-67,8,-65,13,-58,17,-56,17,-54,17,-56,17,-47,21,-45,26,-50,19,-43,21,-41,30,-45,28,-36,30,-30,30,-32,0,0,0,0,0,0,0,0,0,0]"""
1782173646493,2026-06-23T09:14:06.493,warning,breathing,lmh,lying_fast_breath,t001,"CSI_DATA,18668,1a:00:00:00:00:00,-61,11,-98,18,44,11,132319448,47,2,256,0,""[0,0,0,0,0,0,0,0,0,0,0,0,-33,-22,-29,-26,-33,-31,-33,-35,-31,-35,-26,-38,-24,-35,-26,-47,-33,-51,-33,-51,-29,-53,-33,-51,-35,-60,-35,-64,-24,-62,-24,-62,-29,-64,-24,-73,-22,-64,-17,-71,-20,-76,-20,-76,-15,-76,-20,-73,-17,-82,-22,-71,-13,-78,-11,-78,-11,-78,-17,-76,-11,-73,-15,-78,-11,-80,-11,-76,-20,-80,-20,-76,-17,-73,-22,-73,-20,-78,-22,-80,-20,-78,-24,-76,-13,-78,-22,-82,-17,-73,-26,-76,-20,-82,-22,-80,-24,-87,-20,-87,-22,-85,-29,-85,-17,-91,-13,-91,-24,-94,-22,-96,-17,-94,0,0,0,0,0,0,-87,2,-94,8,-87,15,-89,6,-87,4,-78,0,-80,6,-80,2,-78,4,-73,-2,-69,2,-69,-6,-73,2,-71,0,-73,2,-64,4,-73,2,-69,4,-64,0,-67,2,-69,8,-71,0,-62,8,-67,-2,-69,2,-64,0,-62,2,-69,11,-67,-2,-64,6,-64,-2,-71,-4,-69,-6,-69,0,-62,-6,-69,-11,-67,-11,-64,-11,-67,-13,-60,-17,-58,-20,-64,-22,-62,-22,-62,-22,-58,-26,-55,-26,-49,-29,-53,-26,-40,-31,-44,-33,-35,-31,-35,-26,-38,-33,-33,-40,-29,-35,-24,-35,-17,-33,0,0,0,0,0,0,0,0,0,0]"""
1782173646503,2026-06-23T09:14:06.503,warning,breathing,lmh,lying_fast_breath,t001,"CSI_DATA,18669,1a:00:00:00:00:00,-61,11,-98,18,44,11,132330567,47,2,256,0,""[0,0,0,0,0,0,0,0,0,0,0,0,-38,-13,-38,-20,-40,-20,-42,-26,-42,-24,-38,-26,-40,-20,-44,-26,-51,-26,-49,-31,-49,-29,-49,-31,-58,-33,-55,-38,-49,-44,-58,-47,-62,-35,-60,-44,-53,-42,-53,-49,-58,-49,-64,-44,-58,-44,-62,-47,-67,-51,-64,-38,-60,-49,-64,-49,-62,-47,-67,-42,-62,-40,-67,-40,-67,-38,-64,-33,-73,-31,-76,-29,-69,-26,-71,-24,-71,-26,-80,-22,-78,-22,-78,-15,-80,-20,-80,-15,-76,-17,-82,-8,-87,-11,-82,0,-82,-11,-91,-11,-87,-6,-85,-6,-94,-11,-94,-8,-96,-11,-94,-4,-89,-4,0,0,0,0,0,0,-13,89,-8,91,4,89,-4,89,-2,87,-6,78,-2,78,-4,82,-2,78,0,76,8,73,6,69,13,76,6,71,6,71,13,67,17,73,13,69,8,64,20,64,26,62,15,67,17,58,20,62,17,62,22,62,20,58,26,60,22,67,31,58,24,62,26,62,22,64,24,62,24,60,22,60,29,60,24,60,24,64,17,60,24,58,20,62,17,64,17,64,15,60,20,53,11,55,13,53,8,51,8,51,6,51,11,44,0,49,2,51,0,42,-2,42,-6,40,0,0,0,0,0,0,0,0,0,0]"""
1782173646514,2026-06-23T09:14:06.514,warning,breathing,lmh,lying_fast_breath,t001,"CSI_DATA,18670,1a:00:00:00:00:00,-61,11,-98,18,44,11,132342542,47,2,256,0,""[0,0,0,0,0,0,0,0,0,0,0,0,6,-44,13,-38,13,-42,15,-47,17,-49,17,-44,17,-47,22,-47,24,-51,22,-55,24,-58,20,-58,22,-64,26,-62,31,-55,31,-64,22,-67,31,-67,24,-64,35,-60,35,-69,29,-71,31,-71,29,-73,31,-76,22,-73,29,-73,29,-71,24,-76,20,-78,17,-73,17,-78,13,-78,13,-78,11,-82,6,-78,4,-78,0,-78,-2,-78,-11,-82,-4,-80,-13,-82,-8,-80,-20,-82,-13,-69,-24,-80,-17,-78,-24,-73,-26,-80,-24,-89,-26,-82,-33,-80,-29,-85,-29,-87,-40,-94,-40,-85,-38,-80,0,0,0,0,0,0,-89,35,-91,38,-78,35,-80,38,-82,38,-71,33,-71,40,-73,40,-76,42,-64,35,-62,42,-60,40,-55,44,-62,47,-58,40,-49,44,-51,55,-47,51,-49,44,-42,49,-40,58,-47,55,-38,51,-35,51,-40,49,-42,55,-40,55,-33,58,-38,58,-29,58,-31,55,-35,58,-38,62,-29,62,-29,55,-35,64,-33,62,-35,55,-33,62,-33,58,-33,55,-31,58,-40,55,-31,58,-35,53,-31,53,-35,42,-29,53,-29,42,-29,40,-33,35,-33,38,-33,35,-38,33,-29,33,-33,26,-38,22,0,0,0,0,0,0,0,0,0,0]"""
1782173646526,2026-06-23T09:14:06.526,warning,breathing,lmh,lying_fast_breath,t001,"CSI_DATA,18671,1a:00:00:00:00:00,-61,11,-98,13,45,11,132352448,47,2,256,0,""[0,0,0,0,0,0,0,0,0,0,0,0,-9,-43,-4,-41,-2,-43,-2,-48,0,-46,4,-50,0,-52,2,-52,6,-62,9,-62,11,-62,13,-64,9,-64,13,-66,23,-62,23,-69,18,-71,29,-71,25,-62,27,-62,34,-64,29,-71,34,-71,32,-71,34,-76,32,-76,36,-73,36,-71,39,-69,34,-73,34,-69,36,-73,32,-73,29,-69,29,-76,29,-76,29,-69,27,-73,32,-73,23,-80,25,-76,20,-82,27,-76,20,-80,27,-71,20,-78,25,-78,18,-80,23,-82,25,-89,23,-80,27,-87,34,-89,36,-87,27,-92,29,-87,25,-87,0,0,0,0,0,0,-82,-43,-85,-41,-80,-27,-73,-36,-78,-39,-71,-41,-71,-34,-71,-34,-71,-34,-66,-39,-62,-34,-64,-34,-71,-34,-62,-29,-64,-36,-64,-29,-69,-27,-62,-25,-57,-29,-64,-29,-66,-23,-64,-32,-55,-20,-57,-25,-57,-29,-59,-29,-62,-29,-62,-20,-64,-29,-64,-23,-59,-29,-64,-29,-59,-29,-57,-27,-57,-32,-57,-36,-59,-32,-52,-36,-59,-34,-55,-41,-50,-36,-48,-41,-46,-43,-43,-43,-43,-43,-43,-43,-34,-48,-34,-43,-27,-39,-27,-43,-25,-46,-25,-41,-20,-39,-18,-39,-13,-39,-6,-39,-6,-43,0,0,0,0,0,0,0,0,0,0]"""
1782173646536,2026-06-23T09:14:06.536,warning,breathing,lmh,lying_fast_breath,t001,"CSI_DATA,18672,1a:00:00:00:00:00,-61,11,-98,17,44,11,132363514,47,2,256,0,""[0,0,0,0,0,0,0,0,0,0,0,0,-41,-9,-36,-13,-41,-11,-43,-13,-43,-16,-43,-20,-46,-18,-46,-23,-55,-20,-52,-23,-52,-25,-59,-29,-62,-25,-64,-27,-57,-32,-66,-34,-66,-20,-69,-34,-59,-34,-71,-29,-66,-27,-71,-32,-71,-32,-71,-34,-73,-36,-73,-27,-71,-34,-71,-29,-71,-32,-69,-20,-71,-25,-73,-25,-78,-20,-76,-16,-80,-13,-80,-13,-73,-11,-78,-9,-78,-9,-78,2,-76,-4,-82,9,-78,4,-87,9,-76,6,-82,13,-80,13,-78,16,-80,16,-89,18,-87,11,-87,25,-94,13,-89,16,-94,23,-94,23,-87,23,0,0,0,0,0,0,20,87,25,92,32,82,25,85,29,82,23,76,27,80,29,80,27,76,25,71,29,71,32,62,39,69,32,66,32,64,36,57,39,62,39,59,29,55,39,55,48,46,39,55,41,46,43,48,46,50,39,52,46,50,50,46,46,50,57,41,50,46,52,46,50,46,50,41,50,43,50,52,48,50,50,43,52,50,48,48,46,46,46,41,48,50,48,43,39,41,43,43,39,43,41,43,32,39,34,36,29,43,32,36,29,41,20,43,18,36,25,34,11,41,0,0,0,0,0,0,0,0,0,0]"""
1782173646546,2026-06-23T09:14:06.546,warning,breathing,lmh,lying_fast_breath,t001,"CSI_DATA,18673,1a:00:00:00:00:00,-61,11,-98,16,44,11,132374447,47,2,256,0,""[0,0,0,0,0,0,0,0,0,0,0,0,4,42,0,42,0,45,-2,49,-2,52,-7,47,0,47,-7,56,-4,56,-7,59,-9,59,-7,61,-4,66,-14,66,-18,61,-16,73,-14,71,-21,73,-16,71,-18,66,-26,68,-16,73,-23,75,-14,73,-23,80,-14,75,-21,78,-18,75,-21,75,-16,80,-18,73,-16,78,-9,82,-9,78,-4,80,-7,80,-4,73,-2,78,2,82,4,78,2,78,2,85,2,82,11,85,4,78,14,75,14,82,21,80,14,85,14,90,16,90,16,90,7,94,7,92,26,99,16,92,21,97,0,0,0,0,0,0,99,-18,94,-11,80,-16,87,-9,85,-14,82,-7,85,-14,80,-14,87,-16,71,-9,68,-9,64,-16,73,-14,75,-18,64,-16,64,-21,71,-23,68,-23,64,-18,68,-21,56,-30,66,-23,56,-26,64,-26,59,-26,61,-26,64,-30,56,-35,64,-33,54,-37,59,-30,61,-30,59,-28,64,-33,59,-26,61,-28,64,-35,64,-28,66,-28,61,-21,59,-28,61,-21,66,-16,64,-21,59,-18,61,-16,54,-9,59,-14,49,-4,52,-4,52,-2,47,-7,47,0,47,-4,47,0,47,2,42,9,0,0,0,0,0,0,0,0,0,0]"""
1782173646558,2026-06-23T09:14:06.558,warning,breathing,lmh,lying_fast_breath,t001,"CSI_DATA,18674,1a:00:00:00:00:00,-61,11,-98,13,45,11,132385447,47,2,256,0,""[0,0,0,0,0,0,0,0,0,0,0,0,23,-32,29,-32,34,-29,36,-32,39,-32,39,-29,41,-32,43,-29,48,-36,48,-29,55,-34,55,-36,57,-36,57,-34,62,-32,64,-32,64,-39,69,-32,64,-27,66,-32,69,-27,73,-27,71,-29,71,-32,78,-29,71,-36,73,-27,76,-29,73,-25,73,-32,71,-29,73,-32,73,-32,69,-27,73,-36,73,-34,69,-34,71,-41,71,-36,66,-46,71,-41,69,-48,71,-43,71,-52,66,-43,66,-55,73,-46,62,-52,69,-48,73,-50,73,-50,73,-52,80,-50,82,-48,80,-57,78,-50,78,-52,0,0,0,0,0,0,-43,-82,-41,-82,-48,-73,-43,-76,-41,-76,-43,-73,-34,-71,-39,-73,-36,-69,-32,-69,-36,-64,-32,-64,-41,-66,-36,-59,-39,-64,-41,-55,-41,-59,-39,-57,-32,-57,-41,-57,-46,-52,-39,-57,-36,-50,-36,-52,-36,-55,-34,-57,-41,-52,-43,-50,-39,-55,-46,-50,-41,-55,-41,-57,-36,-59,-39,-52,-39,-52,-34,-59,-36,-59,-29,-57,-34,-62,-29,-59,-32,-55,-29,-57,-27,-62,-23,-59,-18,-59,-18,-59,-13,-57,-16,-52,-9,-50,-11,-50,-6,-52,-6,-48,0,-46,2,-48,2,-43,4,-46,11,-43,0,0,0,0,0,0,0,0,0,0]"""
1782173646570,2026-06-23T09:14:06.570,warning,breathing,lmh,lying_fast_breath,t001,"CSI_DATA,18675,1a:00:00:00:00:00,-61,11,-98,14,45,11,132397691,47,2,256,0,""[0,0,0,0,0,0,0,0,0,0,0,0,-40,-13,-35,-17,-38,-20,-42,-26,-40,-26,-38,-31,-40,-31,-38,-38,-44,-40,-40,-40,-42,-47,-42,-44,-47,-49,-44,-51,-35,-55,-38,-67,-42,-62,-38,-67,-29,-64,-33,-62,-26,-62,-29,-71,-26,-73,-29,-71,-26,-80,-29,-73,-17,-78,-20,-82,-17,-78,-22,-73,-15,-76,-20,-80,-15,-78,-17,-76,-22,-78,-20,-78,-15,-69,-20,-78,-17,-80,-22,-76,-20,-78,-22,-78,-20,-78,-24,-82,-13,-78,-20,-82,-15,-80,-17,-82,-17,-80,-15,-91,-15,-85,-15,-87,-4,-91,0,-91,-11,-94,-8,-91,-6,-94,0,0,0,0,0,0,-91,-8,-91,-11,-91,-4,-87,-15,-82,-15,-78,-17,-80,-17,-78,-17,-76,-17,-73,-22,-71,-17,-69,-20,-73,-15,-69,-17,-67,-24,-69,-20,-71,-15,-67,-20,-58,-20,-64,-24,-64,-13,-64,-24,-62,-17,-62,-20,-62,-22,-62,-22,-60,-26,-64,-20,-62,-26,-64,-24,-58,-31,-60,-33,-60,-33,-60,-31,-55,-33,-60,-40,-58,-40,-51,-40,-53,-42,-47,-47,-47,-44,-44,-49,-42,-49,-38,-47,-33,-47,-33,-49,-26,-51,-26,-51,-20,-51,-17,-49,-13,-51,-15,-47,-11,-44,-6,-49,-4,-44,0,-42,8,-44,0,0,0,0,0,0,0,0,0,0]"""
1782173646580,2026-06-23T09:14:06.580,warning,breathing,lmh,lying_fast_breath,t001,"CSI_DATA,18676,1a:00:00:00:00:00,-61,11,-98,13,45,11,132407447,47,2,256,0,""[0,0,0,0,0,0,0,0,0,0,0,0,-16,41,-18,41,-16,39,-20,43,-23,43,-25,43,-23,46,-29,43,-32,52,-32,48,-34,52,-36,55,-34,57,-36,57,-41,55,-43,55,-39,59,-46,62,-41,57,-48,62,-46,64,-46,62,-48,62,-46,64,-50,66,-43,66,-48,62,-50,66,-43,66,-39,69,-43,66,-41,73,-36,71,-32,66,-34,73,-34,76,-27,69,-27,76,-29,78,-23,78,-23,78,-13,78,-18,82,-16,85,-18,80,-9,80,-13,87,-9,82,-6,82,-9,89,-6,87,-9,89,-16,96,-13,89,-4,96,-2,92,0,94,0,0,0,0,0,0,92,9,94,9,89,-2,85,4,87,4,80,6,80,4,85,4,76,2,78,4,76,0,71,2,78,-9,69,-6,73,-2,69,-6,69,-13,66,-11,66,-6,66,-16,64,-18,69,-11,62,-20,59,-16,64,-16,64,-18,66,-18,59,-25,66,-23,64,-27,66,-20,66,-20,59,-23,62,-23,62,-23,69,-23,64,-23,59,-23,64,-20,62,-16,57,-16,62,-13,62,-16,59,-16,59,-11,59,-16,55,-11,55,-9,57,-4,52,-4,52,-4,52,0,46,-2,48,4,43,2,43,9,41,11,0,0,0,0,0,0,0,0,0,0]"""
1782173646591,2026-06-23T09:14:06.591,warning,breathing,lmh,lying_fast_breath,t001,"CSI_DATA,18677,1a:00:00:00:00:00,-61,11,-98,13,45,11,132418447,47,2,256,0,""[0,0,0,0,0,0,0,0,0,0,0,0,36,-13,39,-13,46,-11,48,-9,48,-6,48,-6,50,-6,52,-4,59,-9,59,-2,59,-2,64,-4,66,-2,71,0,71,11,71,0,73,-2,76,6,71,6,71,11,76,16,78,6,78,9,80,9,82,11,78,0,78,11,82,9,78,11,82,4,73,6,82,6,82,6,76,4,82,0,82,-2,76,-2,80,-6,82,-2,85,-11,82,-6,80,-18,80,-13,87,-16,80,-13,78,-13,85,-16,80,-23,85,-16,89,-18,85,-18,87,-20,94,-20,87,-16,94,-23,94,-23,92,-20,0,0,0,0,0,0,-11,-94,-9,-92,-18,-89,-16,-82,-18,-85,-13,-78,-11,-80,-11,-85,-13,-76,-11,-71,-16,-71,-16,-66,-20,-73,-13,-71,-13,-69,-23,-64,-25,-71,-18,-69,-16,-66,-23,-59,-32,-62,-23,-64,-25,-59,-20,-59,-20,-64,-25,-62,-25,-59,-29,-62,-25,-66,-34,-57,-27,-62,-29,-64,-23,-66,-27,-62,-25,-59,-23,-71,-23,-66,-20,-64,-20,-66,-18,-62,-18,-59,-18,-64,-11,-64,-11,-66,-6,-62,-13,-57,-4,-55,-4,-57,-2,-52,-4,-50,0,-50,2,-46,4,-50,9,-46,9,-43,11,-39,9,-39,0,0,0,0,0,0,0,0,0,0]"""
1782173646603,2026-06-23T09:14:06.603,warning,breathing,lmh,lying_fast_breath,t001,"CSI_DATA,18678,1a:00:00:00:00:00,-61,11,-98,19,44,11,132429447,47,2,256,0,""[0,0,0,0,0,0,0,0,0,0,0,0,-39,-19,-34,-23,-36,-26,-39,-28,-34,-30,-34,-34,-39,-34,-36,-41,-41,-43,-43,-43,-41,-43,-41,-50,-43,-52,-45,-54,-34,-58,-34,-56,-45,-58,-43,-63,-39,-63,-32,-71,-36,-69,-39,-69,-32,-65,-39,-65,-41,-76,-43,-65,-32,-69,-36,-73,-32,-73,-41,-69,-28,-67,-39,-80,-36,-71,-32,-69,-43,-71,-41,-67,-36,-60,-47,-67,-45,-69,-52,-67,-43,-69,-50,-63,-47,-67,-56,-67,-50,-67,-50,-65,-54,-67,-52,-65,-50,-69,-56,-69,-58,-71,-60,-67,-56,-76,-47,-78,-65,-78,-54,-73,-54,-73,0,0,0,0,0,0,-82,43,-78,47,-82,47,-71,43,-73,41,-71,36,-71,43,-69,39,-67,36,-73,34,-67,32,-63,32,-60,39,-63,34,-60,34,-58,34,-65,43,-58,39,-60,32,-56,39,-54,43,-54,34,-56,39,-54,36,-63,34,-63,34,-54,36,-54,43,-60,39,-50,39,-58,30,-60,34,-56,36,-58,36,-56,30,-67,36,-63,34,-63,32,-67,30,-60,21,-58,23,-63,23,-63,21,-56,19,-56,13,-60,15,-60,8,-63,10,-60,2,-52,6,-50,0,-47,0,-47,0,-43,-4,-45,-8,-43,-10,-32,-15,0,0,0,0,0,0,0,0,0,0]"""
1782173646612,2026-06-23T09:14:06.612,warning,breathing,lmh,lying_fast_breath,t001,"CSI_DATA,18679,1a:00:00:00:00:00,-61,11,-98,22,43,11,132440447,47,2,256,0,""[0,0,0,0,0,0,0,0,0,0,0,0,4,40,-2,44,-4,47,-6,49,-13,51,-13,42,-13,49,-15,47,-15,55,-24,55,-26,58,-26,58,-29,62,-31,60,-40,55,-44,64,-38,64,-47,58,-40,51,-49,55,-53,64,-53,58,-53,60,-51,55,-60,58,-53,62,-55,51,-60,58,-64,53,-53,55,-58,51,-60,55,-60,53,-51,53,-58,60,-58,64,-55,51,-55,55,-58,58,-53,67,-55,55,-55,67,-58,55,-60,64,-51,53,-53,64,-60,60,-51,62,-62,60,-64,67,-64,64,-69,69,-69,64,-71,58,-69,67,-71,62,-67,60,0,0,0,0,0,0,51,73,53,82,51,67,47,69,47,76,44,67,44,73,40,76,40,71,33,67,33,64,33,64,40,67,33,69,33,64,38,58,40,64,35,62,26,64,31,60,42,55,26,67,31,53,35,58,29,62,29,60,33,62,33,58,35,67,33,55,29,64,29,64,24,71,29,64,26,60,17,67,20,64,22,67,13,69,13,69,15,62,11,67,2,69,4,62,0,67,2,62,-2,58,-8,62,-8,49,-6,51,-15,53,-6,51,-20,47,-22,42,-15,42,-20,38,-26,33,0,0,0,0,0,0,0,0,0,0]"""
1782173646622,2026-06-23T09:14:06.622,warning,breathing,lmh,lying_fast_breath,t001,"CSI_DATA,18680,1a:00:00:00:00:00,-61,11,-98,20,44,11,132451447,47,2,256,0,""[0,0,0,0,0,0,0,0,0,0,0,0,29,-27,33,-25,38,-27,46,-23,44,-21,44,-21,48,-23,50,-16,57,-16,57,-14,59,-10,61,-12,67,-12,67,-8,69,-2,71,-6,73,-8,76,2,71,2,78,12,82,10,78,6,78,10,78,14,80,16,76,8,69,23,78,23,80,23,80,19,76,23,80,27,78,19,78,23,80,23,80,21,71,21,78,19,76,29,80,21,78,23,78,16,80,23,86,25,76,23,82,23,82,25,80,19,84,29,86,33,84,33,84,31,84,42,86,46,90,44,86,42,86,38,0,0,0,0,0,0,57,-73,54,-76,52,-76,57,-63,50,-65,57,-59,54,-63,59,-63,57,-54,54,-50,50,-54,50,-46,54,-52,54,-50,54,-50,48,-48,52,-52,48,-44,54,-42,54,-48,48,-50,57,-40,46,-40,52,-40,59,-44,54,-42,57,-42,54,-44,61,-38,52,-46,54,-35,59,-33,65,-35,63,-33,54,-31,69,-25,65,-27,67,-25,67,-23,63,-16,61,-16,63,-12,71,-6,63,-6,65,-2,61,-6,57,2,63,2,52,12,54,6,48,14,46,12,42,12,44,23,40,21,35,23,27,31,0,0,0,0,0,0,0,0,0,0]"""
1782173646633,2026-06-23T09:14:06.633,warning,breathing,lmh,lying_fast_breath,t001,"CSI_DATA,18681,1a:00:00:00:00:00,-61,11,-98,17,44,11,132462447,47,2,256,0,""[0,0,0,0,0,0,0,0,0,0,0,0,41,-13,39,-11,43,-13,48,-16,46,-11,46,-16,52,-16,48,-11,52,-18,55,-16,62,-18,57,-23,62,-27,62,-23,66,-18,64,-20,69,-27,71,-23,69,-25,66,-20,71,-20,71,-27,71,-27,73,-39,73,-36,66,-41,73,-39,73,-39,66,-39,66,-46,62,-39,69,-52,59,-50,57,-50,57,-59,55,-59,48,-57,46,-62,43,-69,43,-73,41,-73,32,-71,39,-76,32,-80,32,-80,25,-76,27,-78,23,-80,18,-85,18,-89,11,-92,11,-89,18,-96,18,-87,6,-96,2,-101,6,-92,0,0,0,0,0,0,-92,0,-87,-2,-96,6,-87,0,-82,4,-85,4,-78,11,-85,11,-76,13,-78,13,-73,18,-71,16,-73,23,-69,25,-69,25,-64,27,-64,39,-57,32,-66,29,-57,34,-57,43,-57,32,-52,41,-52,39,-57,43,-50,46,-52,43,-41,55,-50,50,-36,52,-43,50,-48,52,-43,50,-41,59,-41,52,-46,55,-46,55,-39,57,-43,55,-39,55,-32,50,-39,52,-39,55,-32,57,-34,50,-34,48,-36,46,-29,46,-41,46,-34,39,-36,36,-27,34,-32,36,-34,29,-34,34,-29,32,-39,25,0,0,0,0,0,0,0,0,0,0]"""
1782173646643,2026-06-23T09:14:06.643,warning,breathing,lmh,lying_fast_breath,t001,"CSI_DATA,18682,1a:00:00:00:00:00,-61,11,-98,18,44,11,132474766,47,2,256,0,""[0,0,0,0,0,0,0,0,0,0,0,0,-4,42,-4,40,-11,42,-13,47,-20,47,-20,44,-24,47,-29,49,-26,53,-33,51,-31,51,-31,49,-38,53,-40,51,-47,49,-51,51,-42,58,-51,53,-51,44,-62,47,-67,49,-60,42,-60,49,-62,44,-69,44,-58,47,-67,42,-67,40,-69,40,-67,40,-67,38,-73,40,-69,42,-64,40,-73,42,-67,42,-64,42,-67,42,-71,44,-67,47,-64,42,-69,47,-71,40,-73,53,-67,42,-73,49,-76,47,-67,47,-73,42,-82,40,-80,40,-78,47,-85,35,-85,40,-91,40,-82,35,-87,33,0,0,0,0,0,0,22,89,22,98,26,82,15,85,22,89,11,78,11,80,6,80,11,76,4,76,13,73,8,69,13,78,8,73,6,71,11,69,6,73,8,73,0,67,6,71,17,69,2,73,8,64,4,67,2,64,4,71,0,69,4,71,2,69,8,69,-2,64,-4,71,-6,71,-2,69,-6,67,-8,71,-13,69,-13,69,-15,69,-20,69,-20,62,-24,60,-26,60,-26,58,-31,53,-33,55,-29,44,-35,53,-33,40,-29,42,-35,35,-35,33,-40,24,-40,24,-44,24,-40,22,-42,15,0,0,0,0,0,0,0,0,0,0]"""
1782173646654,2026-06-23T09:14:06.654,warning,breathing,lmh,lying_fast_breath,t001,"CSI_DATA,18683,1a:00:00:00:00:00,-61,11,-98,18,44,11,132484931,47,2,256,0,""[0,0,0,0,0,0,0,0,0,0,0,0,-40,-13,-35,-17,-40,-20,-40,-24,-42,-26,-42,-24,-44,-29,-42,-31,-51,-31,-51,-33,-51,-31,-55,-33,-55,-33,-60,-33,-53,-42,-62,-40,-64,-33,-62,-42,-60,-38,-58,-42,-62,-44,-62,-40,-64,-40,-71,-38,-69,-40,-69,-33,-69,-40,-73,-35,-71,-40,-71,-31,-69,-29,-73,-29,-73,-26,-73,-24,-76,-20,-80,-20,-73,-17,-80,-6,-78,-13,-80,-2,-80,-2,-82,4,-82,0,-87,6,-78,4,-82,13,-82,11,-78,15,-85,11,-94,17,-89,17,-91,17,-94,15,-91,17,-91,24,-94,24,-89,24,0,0,0,0,0,0,24,91,20,96,33,80,26,80,31,82,29,76,29,76,31,80,26,71,29,69,33,71,31,64,38,67,35,64,35,62,44,58,44,58,44,58,40,55,49,49,53,44,47,51,44,42,47,47,47,47,51,49,53,40,55,38,55,44,55,31,53,40,55,42,58,40,55,38,55,33,58,42,60,40,53,38,55,40,55,40,53,35,58,38,55,40,51,42,51,38,49,33,47,35,49,35,40,40,38,33,38,40,38,33,29,33,33,40,24,35,26,33,22,35,0,0,0,0,0,0,0,0,0,0]"""
1782173646664,2026-06-23T09:14:06.664,warning,breathing,lmh,lying_fast_breath,t001,"CSI_DATA,18684,1a:00:00:00:00:00,-61,11,-98,18,44,11,132496040,47,2,256,0,""[0,0,0,0,0,0,0,0,0,0,0,0,-42,8,-42,8,-49,8,-47,6,-49,4,-49,2,-53,4,-53,2,-60,4,-60,2,-62,4,-62,6,-69,8,-64,4,-69,-4,-73,0,-71,4,-78,-2,-69,2,-73,-6,-78,-11,-76,-4,-82,-4,-82,4,-82,2,-78,6,-80,0,-76,2,-76,4,-76,11,-76,11,-85,11,-76,11,-78,13,-80,15,-80,22,-73,17,-78,29,-76,24,-73,35,-73,31,-73,40,-73,35,-71,44,-69,38,-69,42,-73,40,-69,47,-71,40,-76,53,-73,51,-71,53,-80,49,-78,49,-78,55,-69,53,-73,58,0,0,0,0,0,0,51,76,53,76,60,69,51,69,53,67,49,62,51,67,55,64,53,58,47,60,49,55,44,53,55,55,53,49,51,51,53,42,60,49,58,40,49,44,58,42,60,29,60,44,55,31,55,35,55,38,58,38,60,35,62,22,62,33,64,24,60,29,64,29,62,29,64,29,60,24,62,35,60,33,60,29,60,29,58,31,60,33,60,33,58,35,55,33,51,33,51,31,47,35,51,31,44,35,44,31,38,35,40,29,35,33,31,35,33,35,29,31,22,35,0,0,0,0,0,0,0,0,0,0]"""
1782173646681,2026-06-23T09:14:06.681,warning,breathing,lmh,lying_fast_breath,t001,"CSI_DATA,18686,1a:00:00:00:00:00,-61,11,-98,22,43,11,132520766,47,2,256,0,""[0,0,0,0,0,0,0,0,0,0,0,0,17,38,15,40,13,42,11,40,11,47,4,49,8,49,6,53,6,60,0,62,-4,64,-2,64,-2,69,-8,71,-15,64,-17,73,-13,73,-22,76,-20,69,-20,71,-24,73,-29,73,-31,73,-31,71,-35,76,-26,69,-38,69,-40,76,-40,71,-35,67,-42,64,-40,73,-38,69,-35,67,-40,71,-38,73,-40,69,-40,71,-42,69,-33,73,-44,71,-33,73,-42,71,-40,78,-42,67,-40,73,-42,71,-40,76,-44,76,-53,76,-47,76,-53,73,-62,73,-62,69,-58,76,-55,76,-60,73,0,0,0,0,0,0,67,78,60,78,58,60,51,69,51,69,47,69,47,69,49,71,42,67,38,64,40,64,38,60,44,62,40,67,33,64,38,58,42,62,35,58,29,62,33,60,38,58,29,67,31,53,35,55,26,64,33,62,26,64,31,58,26,67,38,60,22,62,22,64,20,71,20,64,17,69,13,71,13,69,13,64,13,73,4,67,6,64,0,67,-6,67,-6,64,-11,62,-6,62,-15,55,-15,60,-15,51,-13,51,-24,42,-22,47,-26,40,-31,38,-29,33,-29,31,-33,26,0,0,0,0,0,0,0,0,0,0]"""
1782173646693,2026-06-23T09:14:06.693,warning,breathing,lmh,lying_fast_breath,t001,"CSI_DATA,18687,1a:00:00:00:00:00,-61,11,-98,16,44,11,132528446,47,2,256,0,""[0,0,0,0,0,0,0,0,0,0,0,0,-4,-45,-2,-42,0,-47,7,-47,7,-47,11,-49,11,-52,14,-52,14,-59,21,-54,23,-59,26,-56,28,-61,33,-61,37,-59,35,-61,37,-66,45,-61,37,-52,52,-61,49,-54,54,-56,54,-59,54,-54,59,-56,52,-56,59,-52,64,-54,61,-49,59,-49,59,-49,66,-52,64,-49,56,-47,64,-52,56,-54,59,-47,64,-59,64,-49,61,-59,61,-52,56,-56,66,-52,64,-56,66,-49,61,-52,66,-49,66,-56,66,-52,78,-56,73,-47,71,-54,82,-47,85,-42,80,-52,87,-47,85,-45,0,0,0,0,0,0,-26,-85,-23,-87,-30,-85,-23,-82,-28,-80,-14,-80,-23,-82,-16,-87,-14,-82,-14,-80,-16,-73,-9,-71,-16,-73,-9,-68,-9,-71,-14,-71,-18,-73,-14,-68,-7,-68,-9,-64,-16,-64,-7,-73,-9,-64,-7,-66,-2,-68,-2,-66,-4,-66,-7,-64,2,-75,-9,-68,4,-66,2,-73,4,-71,0,-71,2,-66,11,-73,11,-71,11,-66,16,-68,16,-66,18,-59,26,-61,30,-61,30,-54,33,-54,26,-49,35,-49,35,-45,35,-42,35,-40,37,-40,30,-30,37,-28,40,-28,45,-23,37,-18,42,-11,0,0,0,0,0,0,0,0,0,0]"""
1782173646703,2026-06-23T09:14:06.703,warning,breathing,lmh,lying_fast_breath,t001,"CSI_DATA,18688,1a:00:00:00:00:00,-61,11,-98,16,44,11,132539446,47,2,256,0,""[0,0,0,0,0,0,0,0,0,0,0,0,16,-37,21,-35,23,-40,26,-40,26,-42,26,-40,30,-42,30,-47,30,-52,33,-49,35,-52,28,-52,33,-61,30,-64,35,-54,35,-64,30,-66,33,-68,37,-64,30,-64,30,-64,35,-73,33,-68,30,-71,33,-78,21,-75,26,-75,23,-78,23,-78,11,-75,14,-71,14,-82,11,-80,11,-78,0,-82,-2,-78,-2,-73,-11,-78,-11,-80,-21,-78,-18,-80,-26,-75,-21,-78,-33,-85,-28,-71,-35,-75,-37,-75,-40,-71,-42,-75,-45,-80,-47,-75,-54,-78,-47,-73,-47,-73,-61,-75,-59,-73,-64,-71,0,0,0,0,0,0,-71,61,-73,64,-66,64,-56,61,-56,64,-54,59,-47,66,-59,68,-47,66,-45,56,-40,64,-40,56,-33,66,-35,68,-33,66,-23,66,-23,71,-18,68,-23,68,-14,64,-4,68,-14,68,-7,64,-7,66,-7,68,-4,66,-2,66,7,71,0,73,9,66,4,68,7,68,9,73,14,66,11,66,4,71,11,71,11,68,11,71,9,64,9,64,14,64,9,66,14,61,9,64,14,66,7,59,14,59,9,56,7,49,2,49,4,49,4,47,2,49,2,47,-2,47,-7,42,0,0,0,0,0,0,0,0,0,0]"""
1782173646723,2026-06-23T09:14:06.723,warning,breathing,lmh,lying_fast_breath,t001,"CSI_DATA,18689,1a:00:00:00:00:00,-61,11,-98,18,44,11,132560647,47,2,256,0,""[0,0,0,0,0,0,0,0,0,0,0,0,-11,-40,-6,-42,-8,-44,-2,-49,-4,-49,2,-49,0,-53,6,-51,2,-60,4,-60,4,-62,4,-62,6,-71,2,-69,13,-67,11,-71,8,-76,15,-71,11,-67,11,-76,15,-76,17,-76,20,-73,13,-78,20,-80,13,-76,20,-73,22,-78,17,-73,11,-78,20,-73,17,-85,15,-78,15,-82,8,-80,8,-78,8,-73,0,-78,6,-80,-2,-80,2,-82,-2,-80,0,-82,-8,-89,4,-82,-8,-82,-6,-85,-6,-82,-6,-85,-6,-89,-8,-91,-8,-89,-2,-94,-2,-91,-11,-100,-8,-91,-11,-94,0,0,0,0,0,0,-96,0,-89,-2,-91,4,-85,0,-87,0,-82,2,-82,4,-87,-2,-78,4,-76,-4,-76,2,-71,0,-76,6,-73,4,-71,-2,-71,6,-73,15,-69,11,-67,2,-69,13,-69,22,-69,13,-64,13,-64,15,-69,8,-67,15,-64,8,-71,20,-71,13,-64,20,-64,15,-73,13,-71,13,-62,17,-64,11,-73,8,-71,11,-67,11,-69,6,-67,2,-62,6,-69,4,-69,2,-64,2,-64,-4,-60,0,-60,-4,-60,-2,-53,-13,-53,-8,-47,-11,-47,-11,-47,-15,-44,-17,-42,-17,-40,-20,-35,-22,0,0,0,0,0,0,0,0,0,0]"""
1782173646732,2026-06-23T09:14:06.732,warning,breathing,lmh,lying_fast_breath,t001,"CSI_DATA,18690,1a:00:00:00:00:00,-61,11,-98,17,44,11,132561446,47,2,256,0,""[0,0,0,0,0,0,0,0,0,0,0,0,34,25,34,27,36,29,36,32,36,34,36,36,41,34,39,41,46,39,41,46,41,46,43,48,48,46,46,48,46,55,46,52,57,55,41,55,43,52,50,52,52,52,48,59,52,59,52,57,52,59,55,55,48,59,57,59,52,59,55,52,52,50,57,52,64,50,62,50,66,46,71,43,64,41,73,41,69,46,76,36,76,39,78,29,73,32,78,29,73,29,80,25,85,23,82,18,85,20,85,25,85,23,87,20,92,27,94,23,96,20,99,13,89,16,0,0,0,0,0,0,23,-87,25,-92,13,-89,11,-82,11,-80,11,-82,9,-78,13,-87,9,-73,11,-73,2,-71,2,-71,2,-80,4,-73,6,-71,-4,-69,-4,-78,-2,-71,0,-69,-9,-66,-16,-69,-2,-66,-11,-59,-9,-64,-11,-71,-16,-66,-13,-66,-20,-66,-16,-69,-23,-62,-16,-62,-18,-66,-13,-66,-20,-64,-20,-59,-16,-71,-16,-69,-18,-64,-18,-69,-18,-62,-16,-62,-11,-66,-11,-69,-6,-64,-9,-64,-13,-59,-6,-57,-11,-59,-6,-57,-9,-52,-4,-50,-2,-48,2,-50,4,-50,9,-46,4,-43,9,-41,0,0,0,0,0,0,0,0,0,0]"""
1782173646743,2026-06-23T09:14:06.743,warning,breathing,lmh,lying_fast_breath,t001,"CSI_DATA,18691,1a:00:00:00:00:00,-61,11,-98,18,44,11,132572446,47,2,256,0,""[0,0,0,0,0,0,0,0,0,0,0,0,-8,-40,-4,-38,-6,-42,-4,-51,-2,-47,0,-47,2,-47,2,-51,0,-55,4,-60,0,-62,2,-62,0,-64,4,-69,11,-69,13,-71,6,-73,13,-73,8,-69,11,-67,22,-71,13,-78,17,-76,13,-80,15,-85,6,-76,17,-80,13,-78,15,-82,11,-80,15,-71,6,-82,6,-80,6,-78,2,-85,0,-78,-2,-78,-4,-76,-2,-76,-8,-85,-6,-82,-13,-80,-8,-78,-15,-85,-11,-73,-17,-76,-17,-82,-22,-80,-22,-82,-20,-91,-22,-87,-17,-87,-20,-89,-11,-87,-24,-91,-26,-100,-24,-91,0,0,0,0,0,0,-94,11,-94,13,-87,20,-80,17,-87,20,-78,13,-78,20,-82,15,-78,15,-73,15,-64,17,-64,20,-71,20,-69,20,-67,17,-64,24,-71,31,-64,22,-62,20,-64,24,-60,29,-62,24,-55,29,-60,31,-60,29,-60,26,-60,26,-55,35,-62,31,-55,40,-62,29,-62,31,-64,31,-62,33,-58,29,-62,29,-62,29,-62,31,-67,29,-60,22,-60,26,-62,24,-67,20,-64,17,-64,17,-60,15,-55,8,-55,11,-53,8,-51,4,-53,6,-47,4,-47,6,-47,-4,-47,-4,-35,-6,-40,-6,0,0,0,0,0,0,0,0,0,0]"""
1782173646753,2026-06-23T09:14:06.753,warning,breathing,lmh,lying_fast_breath,t001,"CSI_DATA,18692,1a:00:00:00:00:00,-61,11,-98,13,45,11,132583446,47,2,256,0,""[0,0,0,0,0,0,0,0,0,0,0,0,-16,39,-18,41,-23,39,-25,39,-25,41,-29,39,-29,43,-34,46,-36,48,-39,43,-43,46,-43,50,-46,50,-48,48,-52,43,-55,48,-52,55,-59,48,-52,43,-57,46,-62,46,-64,46,-64,48,-62,43,-69,46,-59,50,-69,46,-69,48,-66,39,-62,48,-62,43,-62,46,-64,46,-59,43,-62,52,-64,55,-59,48,-59,55,-62,52,-57,59,-57,52,-57,59,-59,59,-57,62,-57,52,-52,64,-59,59,-50,66,-55,62,-62,64,-59,64,-62,71,-66,66,-69,62,-66,71,-66,66,-62,64,0,0,0,0,0,0,59,76,57,71,59,64,55,69,57,69,50,66,50,62,50,64,46,57,46,62,46,55,46,55,50,57,46,55,46,55,48,50,55,52,46,50,43,52,46,50,52,46,46,52,41,41,43,43,43,50,46,48,48,46,46,41,46,50,50,41,48,48,50,50,46,50,43,48,43,50,41,55,43,55,41,52,41,55,39,55,36,52,34,57,32,57,32,57,25,52,29,57,25,55,23,50,16,50,16,48,11,50,13,46,6,43,4,46,2,43,-2,43,-4,43,0,0,0,0,0,0,0,0,0,0]"""
1782173646764,2026-06-23T09:14:06.764,warning,breathing,lmh,lying_fast_breath,t001,"CSI_DATA,18693,1a:00:00:00:00:00,-61,11,-98,16,44,11,132594446,47,2,256,0,""[0,0,0,0,0,0,0,0,0,0,0,0,26,30,26,35,28,35,26,42,26,42,28,40,33,42,26,45,33,49,33,52,33,52,33,52,37,56,37,56,33,64,35,61,45,61,35,66,33,64,37,56,33,64,45,68,40,64,40,64,37,73,47,59,42,66,49,66,45,61,54,59,47,54,56,64,49,64,56,56,64,56,61,47,59,47,68,49,66,49,71,40,68,47,73,35,71,40,80,37,73,35,73,28,78,28,82,23,80,28,87,30,87,28,87,21,90,30,85,28,94,21,97,21,97,14,0,0,0,0,0,0,26,-85,23,-92,16,-92,16,-85,11,-85,14,-75,11,-80,11,-85,14,-73,14,-73,2,-75,4,-68,-4,-75,2,-71,2,-73,-7,-68,-9,-73,-4,-68,-2,-68,-14,-66,-16,-64,-11,-66,-14,-61,-16,-64,-18,-66,-21,-66,-23,-61,-26,-64,-26,-66,-28,-59,-23,-61,-23,-64,-26,-66,-28,-64,-26,-61,-26,-73,-26,-66,-28,-61,-28,-66,-23,-59,-28,-59,-23,-61,-21,-64,-23,-56,-18,-64,-21,-56,-14,-56,-14,-56,-9,-52,-14,-52,-11,-52,-11,-47,-7,-49,-7,-49,-2,-47,-4,-45,2,-45,0,0,0,0,0,0,0,0,0,0]"""
1782173646777,2026-06-23T09:14:06.777,warning,breathing,lmh,lying_fast_breath,t001,"CSI_DATA,18694,1a:00:00:00:00:00,-61,11,-98,18,44,11,132605446,47,2,256,0,""[0,0,0,0,0,0,0,0,0,0,0,0,-42,2,-40,-2,-47,-2,-44,-8,-47,-11,-49,-13,-51,-15,-49,-20,-51,-20,-51,-24,-58,-24,-55,-24,-58,-31,-55,-33,-51,-42,-58,-42,-60,-40,-60,-51,-55,-47,-47,-51,-47,-55,-53,-53,-51,-60,-55,-60,-53,-62,-51,-60,-44,-60,-49,-60,-47,-62,-55,-62,-44,-62,-58,-67,-49,-69,-44,-64,-47,-71,-44,-60,-44,-62,-51,-60,-47,-62,-53,-62,-51,-62,-51,-60,-51,-62,-55,-64,-44,-67,-49,-64,-49,-67,-44,-69,-47,-71,-49,-78,-53,-71,-49,-78,-47,-78,-42,-82,-53,-82,-47,-85,-44,-87,0,0,0,0,0,0,-87,31,-94,29,-94,35,-82,20,-82,22,-78,15,-80,22,-82,20,-78,22,-78,13,-73,15,-73,13,-71,15,-71,8,-71,8,-64,11,-73,13,-67,13,-64,6,-64,8,-67,15,-73,4,-64,11,-69,6,-67,0,-64,4,-69,2,-71,11,-71,4,-64,8,-64,-2,-67,-4,-69,2,-73,-2,-62,-6,-71,-11,-69,-11,-64,-15,-69,-17,-60,-20,-58,-17,-62,-24,-62,-24,-55,-26,-53,-29,-55,-29,-51,-29,-49,-31,-42,-38,-40,-33,-33,-35,-33,-33,-29,-40,-29,-35,-26,-42,-20,-35,-11,-42,0,0,0,0,0,0,0,0,0,0]"""
1782173646787,2026-06-23T09:14:06.787,warning,breathing,lmh,lying_fast_breath,t001,"CSI_DATA,18695,1a:00:00:00:00:00,-61,11,-98,14,45,11,132618545,47,2,256,0,""[0,0,0,0,0,0,0,0,0,0,0,0,38,-20,38,-17,44,-17,44,-15,49,-15,47,-13,49,-17,51,-13,58,-17,60,-11,62,-13,62,-13,64,-15,69,-11,67,-4,73,-8,71,-17,78,-6,69,-2,71,-6,71,0,80,-6,80,-6,76,-4,85,-2,78,-13,82,-2,80,-6,82,-2,78,-6,78,-11,80,-8,80,-11,76,-11,80,-17,82,-20,73,-17,78,-22,78,-15,78,-26,76,-22,78,-33,76,-29,78,-35,76,-29,73,-38,78,-38,71,-42,76,-35,87,-40,80,-35,80,-40,87,-35,87,-35,89,-42,82,-38,87,-40,0,0,0,0,0,0,-33,-87,-31,-87,-38,-73,-35,-80,-35,-82,-29,-73,-29,-76,-26,-76,-31,-69,-26,-69,-33,-62,-31,-62,-38,-64,-33,-67,-31,-62,-38,-58,-38,-62,-33,-58,-29,-58,-38,-58,-42,-51,-40,-58,-35,-47,-35,-53,-38,-55,-40,-55,-42,-53,-42,-49,-40,-58,-47,-49,-40,-51,-42,-53,-38,-55,-42,-53,-40,-51,-35,-58,-38,-58,-35,-53,-38,-58,-35,-55,-33,-55,-31,-58,-29,-60,-26,-58,-22,-58,-29,-53,-20,-51,-22,-53,-8,-49,-15,-47,-15,-49,-13,-51,-6,-44,-2,-49,-2,-42,0,-44,2,-42,0,0,0,0,0,0,0,0,0,0]"""
1782173646798,2026-06-23T09:14:06.798,warning,breathing,lmh,lying_fast_breath,t001,"CSI_DATA,18696,1a:00:00:00:00:00,-61,11,-98,19,44,11,132627446,47,2,256,0,""[0,0,0,0,0,0,0,0,0,0,0,0,13,41,13,43,10,43,10,47,13,45,10,50,15,50,8,52,17,60,8,60,13,58,19,56,23,67,17,67,10,67,15,71,23,73,13,80,15,71,23,69,19,69,17,76,23,73,23,76,19,78,30,69,23,76,26,78,26,78,34,71,30,67,39,73,41,73,43,69,50,67,50,63,45,58,54,58,52,63,65,56,54,58,69,50,63,54,67,54,60,45,69,43,71,45,76,36,76,41,82,47,82,41,80,39,87,43,84,43,91,39,91,34,89,32,0,0,0,0,0,0,36,-89,34,-82,19,-84,28,-82,23,-82,26,-73,19,-80,26,-84,17,-80,15,-71,15,-78,8,-67,2,-76,4,-71,6,-71,0,-65,-4,-73,-2,-71,0,-69,-10,-69,-15,-69,-8,-67,-13,-60,-13,-65,-13,-67,-17,-67,-15,-63,-21,-63,-21,-67,-30,-60,-23,-63,-28,-63,-26,-67,-28,-60,-30,-60,-26,-69,-28,-63,-28,-65,-30,-63,-26,-63,-26,-56,-23,-63,-21,-65,-26,-60,-17,-58,-23,-56,-19,-52,-23,-54,-17,-50,-21,-45,-15,-50,-15,-50,-10,-45,-10,-50,-6,-43,-6,-45,0,-43,0,0,0,0,0,0,0,0,0,0]"""
1782173646807,2026-06-23T09:14:06.807,warning,breathing,lmh,lying_fast_breath,t001,"CSI_DATA,18697,1a:00:00:00:00:00,-61,11,-98,18,44,11,132645701,47,2,256,0,""[0,0,0,0,0,0,0,0,0,0,0,0,24,-31,26,-26,31,-31,35,-31,38,-31,42,-24,44,-29,38,-29,51,-29,53,-29,53,-24,53,-26,62,-26,64,-24,67,-15,69,-17,71,-20,76,-15,69,-11,80,-8,80,-8,76,-2,78,-6,80,-8,78,-2,80,-6,80,0,80,2,80,8,80,4,76,6,80,4,80,8,78,4,85,8,78,4,76,2,78,2,80,6,78,4,80,6,82,2,80,4,89,2,78,8,87,4,85,6,82,4,87,13,91,13,91,15,91,15,89,20,85,29,98,20,94,20,96,24,0,0,0,0,0,0,40,-85,38,-85,33,-82,40,-80,40,-78,42,-71,38,-73,44,-69,42,-62,44,-58,38,-60,42,-58,40,-60,40,-62,40,-53,31,-58,38,-60,40,-60,44,-53,42,-55,35,-60,42,-49,40,-49,40,-51,42,-49,47,-49,42,-51,44,-53,47,-51,44,-53,49,-42,51,-47,55,-42,51,-44,51,-44,60,-40,58,-38,55,-33,60,-38,60,-29,51,-26,62,-26,64,-24,62,-22,62,-13,55,-15,55,-6,60,-8,53,-4,51,0,51,4,51,2,49,6,49,11,44,13,42,20,38,17,0,0,0,0,0,0,0,0,0,0]"""
1782173646818,2026-06-23T09:14:06.818,warning,breathing,lmh,lying_fast_breath,t001,"CSI_DATA,18698,1a:00:00:00:00:00,-61,11,-98,18,44,11,132651020,47,2,256,0,""[0,0,0,0,0,0,0,0,0,0,0,0,-35,20,-38,22,-40,17,-44,17,-47,24,-47,20,-47,20,-51,20,-58,24,-53,22,-55,22,-55,26,-60,35,-55,35,-64,29,-58,31,-64,35,-62,31,-62,38,-69,31,-71,35,-64,40,-67,38,-62,47,-64,49,-60,49,-62,42,-69,47,-55,51,-53,60,-51,47,-58,60,-49,58,-49,60,-47,64,-44,67,-38,60,-33,71,-33,73,-26,78,-26,78,-20,73,-20,85,-15,89,-17,80,-8,78,-11,85,-6,82,-6,85,0,89,4,89,2,82,0,94,-2,89,13,94,15,98,15,96,0,0,0,0,0,0,94,-15,89,-17,87,-29,82,-15,76,-22,85,-17,76,-29,80,-26,69,-29,76,-26,67,-29,64,-26,67,-35,67,-38,58,-38,60,-42,58,-49,53,-44,51,-42,47,-47,47,-53,47,-44,38,-53,40,-47,40,-51,38,-55,38,-53,33,-60,33,-62,31,-62,33,-58,31,-64,29,-62,22,-67,29,-60,33,-64,26,-64,22,-64,26,-62,26,-58,22,-55,24,-60,24,-64,20,-60,24,-60,20,-55,20,-58,20,-55,24,-51,22,-44,24,-47,22,-42,20,-44,26,-42,20,-38,20,-38,26,-35,0,0,0,0,0,0,0,0,0,0]"""
1782173646829,2026-06-23T09:14:06.829,warning,breathing,lmh,lying_fast_breath,t001,"CSI_DATA,18699,1a:00:00:00:00:00,-61,11,-98,17,44,11,132660445,47,2,256,0,""[0,0,0,0,0,0,0,0,0,0,0,0,18,39,18,39,13,43,11,48,9,48,13,46,16,48,11,52,18,59,16,57,18,57,18,57,23,64,20,69,13,64,20,66,25,66,23,71,23,66,18,76,20,76,25,71,32,76,27,71,34,78,36,64,32,71,32,71,36,76,43,64,41,64,43,69,46,64,50,62,52,59,57,57,55,50,59,48,62,55,71,48,66,46,71,41,73,41,80,34,71,34,76,29,76,29,85,23,82,27,85,32,82,23,87,20,89,25,92,20,94,16,89,16,94,9,0,0,0,0,0,0,20,-92,11,-89,2,-85,2,-87,0,-87,0,-82,0,-82,0,-85,-6,-80,-6,-71,-9,-69,-9,-69,-13,-71,-18,-71,-18,-66,-23,-66,-29,-71,-29,-64,-20,-64,-29,-59,-36,-57,-32,-62,-29,-50,-32,-57,-36,-62,-36,-55,-41,-52,-46,-48,-43,-52,-50,-46,-48,-50,-48,-52,-46,-57,-52,-48,-48,-46,-46,-50,-50,-48,-48,-46,-50,-48,-46,-48,-50,-41,-48,-48,-46,-52,-48,-46,-41,-43,-43,-39,-39,-39,-46,-39,-39,-34,-34,-36,-29,-36,-36,-29,-27,-32,-29,-36,-27,-36,-27,-32,-20,-34,0,0,0,0,0,0,0,0,0,0]"""
1782173646839,2026-06-23T09:14:06.839,warning,breathing,lmh,lying_fast_breath,t001,"CSI_DATA,18700,1a:00:00:00:00:00,-61,11,-98,18,44,11,132671781,47,2,256,0,""[0,0,0,0,0,0,0,0,0,0,0,0,0,42,0,40,-4,42,-6,47,-11,49,-8,49,-8,49,-15,53,-13,58,-17,58,-22,60,-22,60,-22,60,-22,62,-31,60,-33,67,-33,69,-38,64,-33,60,-33,67,-42,67,-40,64,-42,67,-42,64,-44,64,-40,67,-49,62,-44,64,-47,64,-42,67,-42,60,-44,64,-38,71,-40,67,-35,73,-38,71,-33,67,-38,71,-38,71,-33,73,-35,73,-31,73,-33,76,-29,78,-31,67,-29,76,-29,76,-22,78,-29,82,-31,85,-33,78,-35,82,-42,87,-40,80,-38,80,-33,87,-33,87,0,0,0,0,0,0,76,44,85,49,82,38,78,40,78,42,67,40,71,44,73,44,67,44,58,44,62,33,60,33,64,33,64,35,60,38,60,31,62,31,64,31,60,38,64,33,62,20,60,35,55,24,60,24,60,33,62,26,60,31,62,22,64,33,58,26,58,33,60,31,60,35,60,33,58,31,60,40,62,35,58,33,58,35,53,44,53,38,53,44,51,44,47,47,42,44,44,44,38,44,38,42,31,40,31,40,29,44,24,40,24,42,22,44,13,38,11,38,4,42,0,0,0,0,0,0,0,0,0,0]"""
1782173646849,2026-06-23T09:14:06.849,warning,breathing,lmh,lying_fast_breath,t001,"CSI_DATA,18701,1a:00:00:00:00:00,-61,11,-98,14,45,11,132682445,47,2,256,0,""[0,0,0,0,0,0,0,0,0,0,0,0,26,33,22,35,22,38,22,44,20,42,15,47,20,47,15,49,15,58,13,55,15,60,11,62,15,67,8,69,2,67,0,71,4,76,-2,78,-6,67,-6,76,-8,80,-13,76,-11,80,-8,78,-15,82,-8,78,-22,78,-17,78,-24,76,-20,78,-20,73,-22,76,-17,78,-22,71,-20,78,-24,78,-20,71,-20,78,-20,78,-13,82,-17,78,-17,80,-22,80,-15,82,-20,73,-17,82,-24,80,-13,80,-22,82,-24,89,-24,82,-31,87,-38,85,-38,82,-35,89,-35,87,-35,87,0,0,0,0,0,0,76,49,78,55,78,40,73,49,71,51,62,51,67,47,67,51,62,49,55,53,55,47,55,44,60,49,55,44,53,49,53,42,55,44,55,44,49,49,53,47,55,42,49,49,44,40,47,42,47,47,47,47,49,49,49,42,47,47,51,44,44,51,47,53,42,58,42,51,40,55,38,55,38,55,33,55,35,60,26,62,24,55,24,62,22,62,22,58,13,60,13,60,6,58,13,55,4,53,0,53,-2,51,-4,44,-4,47,-13,44,-8,40,-15,42,-20,38,0,0,0,0,0,0,0,0,0,0]"""
1782173646860,2026-06-23T09:14:06.860,warning,breathing,lmh,lying_fast_breath,t001,"CSI_DATA,18702,1a:00:00:00:00:00,-61,11,-98,14,45,11,132693445,47,2,256,0,""[0,0,0,0,0,0,0,0,0,0,0,0,38,-11,40,-4,49,-4,49,-2,49,2,51,2,49,0,53,2,58,2,60,4,62,6,62,4,69,4,69,8,64,17,71,13,71,6,73,17,69,17,69,20,69,24,76,20,76,17,80,17,80,24,76,13,76,17,78,17,78,24,78,17,71,17,82,20,80,15,76,13,82,11,80,6,76,6,78,2,82,6,82,0,80,4,78,-6,80,-2,89,-6,78,-4,82,-8,87,-6,82,-13,82,-6,91,-8,94,-8,89,-13,96,-4,94,-2,96,-8,94,-8,94,-6,0,0,0,0,0,0,4,-94,2,-94,-6,-82,-2,-85,-8,-87,-2,-78,-4,-85,0,-82,-4,-78,-2,-73,-8,-76,-8,-71,-11,-73,-4,-73,-8,-69,-15,-67,-15,-73,-13,-69,-8,-64,-13,-64,-22,-64,-13,-69,-15,-60,-11,-62,-11,-64,-13,-67,-20,-67,-22,-64,-17,-69,-26,-60,-20,-62,-20,-62,-13,-69,-20,-64,-17,-62,-11,-69,-13,-67,-11,-67,-13,-69,-11,-64,-13,-62,-11,-69,-4,-67,-2,-67,2,-58,-6,-60,2,-55,2,-58,4,-51,2,-51,8,-51,6,-44,15,-42,15,-42,13,-44,13,-40,17,-40,0,0,0,0,0,0,0,0,0,0]"""
1782173646871,2026-06-23T09:14:06.871,warning,breathing,lmh,lying_fast_breath,t001,"CSI_DATA,18703,1a:00:00:00:00:00,-61,11,-98,16,44,11,132706384,47,2,256,0,""[0,0,0,0,0,0,0,0,0,0,0,0,-23,-33,-23,-35,-21,-35,-26,-40,-23,-37,-21,-47,-21,-45,-18,-52,-21,-56,-21,-52,-23,-59,-16,-56,-23,-61,-18,-66,-14,-66,-16,-61,-18,-71,-11,-73,-9,-73,-7,-71,0,-73,-11,-73,0,-73,-9,-80,-4,-82,-14,-75,0,-73,0,-85,0,-75,-9,-78,-2,-71,-7,-87,-7,-85,-4,-75,-14,-80,-9,-80,-14,-71,-16,-75,-11,-80,-16,-75,-18,-82,-26,-73,-18,-82,-23,-80,-18,-78,-21,-75,-16,-85,-23,-78,-26,-82,-18,-85,-30,-87,-26,-87,-18,-92,-11,-90,-30,-90,-26,-94,-23,-87,0,0,0,0,0,0,-92,9,-87,11,-92,21,-92,9,-82,11,-85,9,-80,9,-85,11,-78,11,-78,0,-71,7,-71,2,-73,9,-68,7,-68,4,-66,14,-75,18,-71,14,-71,9,-66,14,-64,21,-71,11,-66,16,-66,14,-66,14,-66,16,-61,11,-66,18,-68,16,-61,18,-68,11,-71,14,-66,11,-68,16,-61,11,-78,9,-73,4,-66,4,-71,2,-61,-2,-59,2,-66,0,-68,-7,-66,0,-61,-4,-59,-4,-54,-11,-56,-11,-56,-14,-47,-21,-47,-18,-42,-16,-42,-18,-45,-23,-42,-23,-33,-18,-28,-30,0,0,0,0,0,0,0,0,0,0]"""
1782173646880,2026-06-23T09:14:06.880,warning,breathing,lmh,lying_fast_breath,t001,"CSI_DATA,18704,1a:00:00:00:00:00,-61,11,-98,13,45,11,132715445,47,2,256,0,""[0,0,0,0,0,0,0,0,0,0,0,0,20,34,18,39,16,46,13,43,11,46,11,48,11,48,6,52,9,57,4,59,4,62,2,62,6,66,0,71,-4,64,-4,71,-2,73,-13,76,-9,66,-11,69,-18,66,-16,78,-23,80,-20,73,-23,80,-20,78,-27,76,-27,78,-27,73,-20,76,-25,73,-23,76,-23,73,-20,71,-23,78,-23,78,-23,71,-23,76,-25,76,-16,80,-20,76,-18,82,-23,80,-16,82,-23,76,-16,82,-20,80,-20,85,-20,85,-25,87,-20,80,-27,89,-34,92,-34,87,-36,92,-32,89,-27,87,0,0,0,0,0,0,80,43,82,46,80,34,71,46,76,41,64,43,71,41,69,43,66,43,62,43,64,39,59,39,64,43,59,39,59,43,57,36,62,39,59,36,55,39,59,34,59,34,57,43,50,29,52,36,52,36,55,39,57,39,57,34,55,41,59,36,55,43,57,43,52,46,52,43,50,46,48,48,48,48,46,46,46,50,41,52,39,50,36,57,34,57,34,55,29,55,32,57,23,55,23,50,16,48,13,50,9,52,9,48,6,46,2,48,0,43,-2,41,-9,43,0,0,0,0,0,0,0,0,0,0]"""
1782173646892,2026-06-23T09:14:06.892,warning,breathing,lmh,lying_fast_breath,t001,"CSI_DATA,18705,1a:00:00:00:00:00,-61,11,-98,20,44,11,132726445,47,2,256,0,""[0,0,0,0,0,0,0,0,0,0,0,0,40,2,40,0,48,4,48,10,46,8,48,8,52,8,52,12,59,14,54,14,63,14,63,14,69,14,65,21,63,23,67,23,71,16,71,27,65,23,73,21,69,27,73,27,73,25,76,25,80,25,76,21,78,29,78,25,69,27,78,23,73,23,78,23,80,21,78,19,84,16,80,10,73,10,82,6,78,6,82,2,86,0,82,-6,82,0,90,-6,82,-2,84,-8,92,-4,78,-12,86,-10,92,-12,90,-16,86,-14,95,-8,99,-6,103,-14,95,-16,95,-14,0,0,0,0,0,0,-4,-92,-4,-90,-19,-90,-12,-90,-12,-86,-6,-82,-10,-78,-8,-84,-12,-80,-10,-73,-16,-73,-16,-71,-19,-71,-16,-73,-14,-73,-21,-63,-25,-69,-23,-67,-16,-65,-23,-63,-31,-61,-25,-65,-27,-57,-25,-61,-23,-65,-27,-63,-29,-59,-35,-61,-31,-67,-35,-59,-33,-61,-31,-63,-31,-65,-35,-63,-29,-54,-31,-65,-29,-67,-25,-61,-27,-67,-23,-61,-27,-59,-23,-63,-21,-65,-23,-65,-19,-59,-23,-57,-16,-54,-19,-57,-10,-57,-10,-48,-6,-54,-8,-48,-4,-42,0,-52,2,-46,2,-42,8,-46,0,0,0,0,0,0,0,0,0,0]"""
1782173646903,2026-06-23T09:14:06.903,warning,breathing,lmh,lying_fast_breath,t001,"CSI_DATA,18706,1a:00:00:00:00:00,-61,11,-98,20,44,11,132737566,47,2,256,0,""[0,0,0,0,0,0,0,0,0,0,0,0,-14,-38,-10,-38,-14,-44,-16,-46,-10,-50,-6,-48,-6,-50,-6,-50,-8,-57,-10,-59,-4,-59,-8,-61,-8,-67,-8,-71,2,-67,2,-73,-6,-69,4,-73,0,-69,4,-67,8,-73,0,-78,8,-78,4,-78,8,-86,0,-78,8,-82,8,-78,4,-80,0,-78,6,-76,2,-80,-2,-82,2,-78,-4,-86,-4,-78,-4,-78,-8,-80,-10,-80,-19,-82,-12,-82,-19,-82,-12,-76,-25,-86,-10,-73,-19,-78,-16,-82,-25,-76,-23,-84,-23,-95,-23,-86,-27,-82,-19,-88,-14,-92,-31,-92,-27,-92,-25,-92,0,0,0,0,0,0,-92,16,-95,16,-86,21,-84,16,-88,21,-80,16,-82,16,-84,19,-78,16,-73,12,-71,16,-69,12,-76,19,-73,19,-67,16,-65,23,-71,27,-69,25,-63,19,-65,23,-59,33,-67,23,-52,25,-65,23,-67,19,-63,25,-63,23,-57,38,-65,29,-59,29,-63,27,-61,23,-69,29,-65,27,-59,25,-65,21,-67,21,-67,19,-69,23,-69,14,-63,16,-63,16,-65,14,-63,12,-63,10,-63,12,-52,4,-63,12,-52,2,-50,2,-50,-4,-48,-2,-48,-6,-48,-6,-44,-10,-42,-14,-40,-14,0,0,0,0,0,0,0,0,0,0]"""
1782173646911,2026-06-23T09:14:06.911,warning,breathing,lmh,lying_fast_breath,t001,"CSI_DATA,18707,1a:00:00:00:00:00,-61,11,-98,22,43,11,132748445,47,2,256,0,""[0,0,0,0,0,0,0,0,0,0,0,0,24,33,20,35,17,42,17,47,22,47,13,49,15,51,8,49,13,55,15,60,8,67,11,62,13,64,8,69,-2,69,2,71,6,73,-2,80,0,73,-8,71,-11,69,-2,80,-8,80,-6,78,-8,85,-4,80,-11,73,-13,82,-13,73,-4,80,-13,76,-11,82,-8,78,-11,80,-8,82,-6,82,-6,73,-4,82,-4,80,2,82,0,85,4,80,0,85,4,85,-2,82,0,85,0,87,0,78,2,91,2,91,0,94,-2,89,-11,94,-6,96,-2,102,-2,102,-2,98,0,0,0,0,0,0,94,17,89,22,89,8,87,20,87,13,80,24,73,11,85,22,80,17,78,20,76,15,71,20,78,13,76,13,69,20,71,8,76,6,69,11,67,17,71,11,73,8,69,13,67,4,67,11,64,13,69,8,71,15,71,8,73,8,67,6,67,11,69,15,69,20,71,13,64,15,73,20,69,20,62,22,69,29,64,29,55,24,60,29,58,31,53,33,53,38,58,35,44,38,51,33,38,40,38,38,33,42,33,40,31,40,26,38,26,44,17,42,15,40,0,0,0,0,0,0,0,0,0,0]"""
1782173646923,2026-06-23T09:14:06.923,warning,breathing,lmh,lying_fast_breath,t001,"CSI_DATA,18708,1a:00:00:00:00:00,-61,11,-98,13,45,11,132759445,47,2,256,0,""[0,0,0,0,0,0,0,0,0,0,0,0,6,-41,11,-39,18,-43,20,-43,23,-41,23,-43,25,-46,29,-41,32,-48,36,-48,39,-48,36,-52,43,-50,48,-48,50,-41,55,-48,52,-50,62,-43,59,-41,62,-36,66,-32,64,-39,66,-41,69,-41,73,-39,66,-41,69,-32,73,-34,73,-27,73,-36,69,-32,76,-32,73,-32,71,-27,73,-34,73,-34,69,-34,71,-39,73,-32,71,-36,71,-34,71,-41,73,-36,76,-41,73,-36,73,-41,78,-39,73,-41,76,-32,82,-34,85,-34,82,-34,89,-32,92,-29,89,-32,92,-29,89,-27,0,0,0,0,0,0,-9,-92,-13,-89,-16,-87,-13,-87,-13,-85,-6,-80,-9,-80,-4,-82,-4,-78,-2,-78,-4,-73,-6,-71,-4,-76,-2,-73,-4,-73,-9,-66,-9,-71,-4,-69,2,-66,-4,-66,-11,-71,0,-71,-4,-66,2,-66,2,-66,4,-64,0,-71,-2,-69,6,-71,-2,-69,2,-64,4,-69,11,-69,6,-69,6,-62,18,-71,18,-66,18,-64,23,-66,23,-57,23,-59,23,-64,32,-57,29,-57,34,-50,29,-52,34,-48,34,-43,34,-41,34,-36,39,-34,36,-34,39,-23,39,-23,39,-18,39,-16,41,-11,0,0,0,0,0,0,0,0,0,0]"""
1782173646933,2026-06-23T09:14:06.933,warning,breathing,lmh,lying_fast_breath,t001,"CSI_DATA,18709,1a:00:00:00:00:00,-61,11,-98,16,44,11,132770445,47,2,256,0,""[0,0,0,0,0,0,0,0,0,0,0,0,14,-40,16,-35,18,-42,23,-42,18,-42,23,-45,23,-47,21,-45,23,-54,26,-52,26,-56,21,-56,18,-66,21,-64,30,-64,23,-64,16,-68,26,-71,26,-71,21,-66,23,-64,23,-78,21,-68,16,-80,16,-78,9,-78,14,-75,11,-80,9,-78,0,-82,0,-75,-2,-85,-9,-80,-9,-78,-16,-82,-16,-75,-18,-68,-28,-78,-30,-75,-33,-75,-37,-78,-45,-64,-42,-71,-52,-68,-49,-64,-54,-64,-54,-64,-56,-61,-59,-56,-61,-66,-66,-61,-71,-52,-73,-61,-68,-66,-80,-54,-82,-52,-78,-54,0,0,0,0,0,0,-54,82,-49,78,-40,82,-37,82,-30,75,-33,80,-30,73,-30,82,-21,78,-23,71,-14,73,-11,68,-9,73,-9,71,-4,71,4,71,2,75,2,71,0,71,11,64,18,66,11,71,16,61,16,66,16,66,21,68,23,61,30,61,28,71,35,61,28,61,35,59,33,61,42,56,37,52,37,68,37,61,42,52,40,61,35,56,40,49,42,49,40,56,37,49,33,54,35,47,35,49,37,45,28,42,30,45,28,47,26,40,23,42,16,45,23,42,21,37,18,42,0,0,0,0,0,0,0,0,0,0]"""
1782173646944,2026-06-23T09:14:06.944,warning,breathing,lmh,lying_fast_breath,t001,"CSI_DATA,18710,1a:00:00:00:00:00,-61,11,-98,17,44,11,132781918,47,2,256,0,""[0,0,0,0,0,0,0,0,0,0,0,0,34,-23,34,-25,36,-23,43,-25,46,-20,46,-27,46,-23,46,-23,52,-29,52,-27,55,-34,52,-29,55,-39,55,-36,59,-34,57,-36,57,-48,62,-41,59,-36,57,-46,57,-43,59,-50,59,-43,57,-52,64,-50,52,-59,57,-52,55,-57,55,-57,46,-64,46,-57,48,-69,41,-69,39,-62,36,-76,32,-71,27,-66,20,-76,25,-76,13,-80,13,-82,9,-80,6,-85,0,-85,4,-80,0,-85,-2,-85,-6,-80,-13,-87,-9,-92,-16,-92,-16,-87,-20,-92,-18,-85,-25,-99,-29,-94,-32,-92,0,0,0,0,0,0,-94,29,-89,32,-85,43,-80,36,-69,36,-76,36,-69,41,-78,46,-64,41,-64,46,-62,46,-52,48,-50,50,-50,50,-50,50,-43,50,-41,64,-39,57,-41,50,-36,55,-27,66,-34,57,-25,57,-27,64,-27,64,-25,66,-25,59,-9,71,-16,71,-4,64,-13,64,-13,71,-11,69,-4,69,-4,66,-13,76,-6,71,-6,71,-6,71,-9,69,-4,62,-4,64,-6,66,-6,66,-4,62,-4,59,-6,62,0,57,-9,48,-2,50,-6,50,-6,50,-2,46,-9,50,-6,48,-13,39,-16,41,0,0,0,0,0,0,0,0,0,0]"""
1782173646955,2026-06-23T09:14:06.955,warning,breathing,lmh,lying_fast_breath,t001,"CSI_DATA,18711,1a:00:00:00:00:00,-61,11,-98,13,45,11,132792445,47,2,256,0,""[0,0,0,0,0,0,0,0,0,0,0,0,41,-4,43,-2,46,0,46,2,48,2,48,2,50,0,52,4,57,0,59,4,62,2,64,2,69,0,69,4,66,6,71,9,80,2,76,9,69,11,73,6,71,6,80,13,76,6,78,2,82,6,76,-2,78,4,80,0,78,4,80,-4,76,-4,82,-4,80,-6,73,-6,82,-13,78,-16,76,-20,78,-25,76,-20,76,-32,73,-27,73,-36,76,-32,76,-36,71,-36,71,-46,76,-41,73,-46,73,-46,76,-50,73,-50,71,-57,82,-52,80,-52,76,-59,71,-57,76,-57,0,0,0,0,0,0,-55,-78,-52,-73,-55,-64,-57,-66,-59,-62,-50,-64,-55,-59,-55,-59,-55,-57,-50,-57,-55,-52,-52,-48,-59,-48,-55,-48,-57,-43,-59,-36,-66,-36,-59,-36,-55,-36,-59,-32,-62,-27,-62,-32,-55,-25,-57,-27,-57,-29,-59,-27,-64,-25,-64,-18,-64,-25,-66,-16,-64,-18,-66,-18,-64,-25,-64,-16,-64,-18,-66,-25,-64,-23,-59,-25,-64,-20,-62,-25,-62,-18,-62,-18,-57,-25,-57,-20,-57,-23,-55,-18,-55,-20,-55,-25,-46,-20,-46,-25,-46,-23,-41,-23,-39,-27,-36,-27,-32,-27,-36,-27,-32,-32,0,0,0,0,0,0,0,0,0,0]"""
1782173646966,2026-06-23T09:14:06.966,warning,breathing,lmh,lying_fast_breath,t001,"CSI_DATA,18712,1a:00:00:00:00:00,-61,11,-98,16,44,11,132803445,47,2,256,0,""[0,0,0,0,0,0,0,0,0,0,0,0,-37,-16,-35,-18,-40,-21,-40,-23,-42,-23,-42,-26,-47,-28,-42,-28,-49,-28,-47,-35,-49,-37,-49,-33,-54,-37,-54,-35,-52,-47,-54,-37,-61,-42,-52,-45,-56,-52,-61,-49,-56,-49,-59,-54,-56,-47,-64,-49,-59,-59,-61,-49,-56,-52,-64,-52,-59,-49,-66,-45,-56,-45,-71,-52,-66,-45,-64,-40,-71,-42,-71,-33,-64,-30,-75,-35,-73,-37,-73,-30,-78,-30,-78,-21,-78,-26,-80,-21,-80,-26,-78,-14,-82,-21,-78,-16,-78,-18,-90,-18,-90,-28,-87,-21,-94,-23,-87,-23,-94,-18,-97,-26,-92,-16,0,0,0,0,0,0,-21,87,-21,94,-16,94,-11,82,-14,82,-11,80,-7,78,-11,90,-16,78,-14,75,-2,73,-7,71,0,75,-9,73,-7,73,0,68,0,75,2,66,-4,71,7,64,16,71,4,71,7,66,7,66,7,66,9,66,9,66,14,68,9,71,14,61,11,64,14,71,11,71,16,68,11,59,14,78,9,71,11,66,9,73,9,68,7,64,2,66,0,68,2,66,4,64,7,59,2,61,0,59,-7,56,-2,52,-7,52,-7,45,-7,52,-11,47,-11,47,-14,40,-18,35,0,0,0,0,0,0,0,0,0,0]"""
1782173646975,2026-06-23T09:14:06.975,warning,breathing,lmh,lying_fast_breath,t001,"CSI_DATA,18713,1a:00:00:00:00:00,-61,11,-98,14,45,11,132814445,47,2,256,0,""[0,0,0,0,0,0,0,0,0,0,0,0,11,42,6,42,6,42,4,49,4,49,2,49,2,53,0,53,0,60,-2,58,-4,62,-4,62,0,69,-6,67,-11,67,-13,69,-8,73,-17,69,-15,71,-13,73,-13,71,-20,80,-17,73,-17,76,-20,80,-13,76,-24,76,-20,80,-22,76,-13,78,-17,71,-15,80,-13,80,-13,76,-11,82,-8,78,-4,71,-6,78,-6,80,0,85,-4,85,2,82,0,87,8,85,0,82,6,82,2,87,11,82,6,85,6,91,11,89,6,91,0,98,-2,98,8,98,8,94,6,94,0,0,0,0,0,0,98,2,91,2,91,-4,89,4,87,2,82,4,85,0,87,0,78,0,76,4,73,0,71,2,76,-2,73,-6,71,-2,67,-6,71,-8,71,-6,67,-4,67,-11,67,-13,69,-4,60,-15,64,-8,67,-8,67,-8,64,-6,69,-15,69,-11,67,-17,69,-8,69,-11,69,-8,67,-15,62,-8,69,-8,69,-11,69,-11,71,-6,67,0,62,0,69,2,67,2,62,0,60,4,60,8,55,11,55,8,51,13,53,13,49,15,47,13,40,17,40,17,38,20,33,24,35,29,0,0,0,0,0,0,0,0,0,0]"""
1782173646987,2026-06-23T09:14:06.987,warning,breathing,lmh,lying_fast_breath,t001,"CSI_DATA,18714,1a:00:00:00:00:00,-61,11,-98,14,45,11,132826106,47,2,256,0,""[0,0,0,0,0,0,0,0,0,0,0,0,-22,38,-24,33,-26,35,-31,35,-31,38,-33,35,-33,35,-42,35,-42,42,-42,40,-47,42,-47,44,-47,44,-51,44,-55,35,-58,42,-58,51,-64,47,-55,38,-60,42,-62,38,-64,40,-69,42,-64,42,-71,40,-62,47,-69,40,-69,42,-67,42,-60,49,-64,44,-67,47,-62,49,-62,44,-64,55,-62,53,-58,49,-55,55,-60,53,-53,58,-58,53,-53,64,-58,60,-53,67,-51,58,-49,67,-58,64,-47,69,-51,69,-60,73,-55,69,-58,73,-62,71,-62,73,-55,76,-53,76,-51,76,0,0,0,0,0,0,69,62,69,62,69,53,64,55,69,55,60,55,62,49,60,53,58,51,58,51,58,44,55,47,64,47,58,47,55,47,58,42,60,40,55,35,53,40,62,33,64,31,60,40,51,29,58,31,58,38,55,33,58,33,60,29,60,35,62,24,60,35,62,33,58,33,60,29,60,31,58,38,58,35,55,35,58,40,55,38,53,38,51,42,47,44,47,40,44,42,49,38,42,38,40,42,33,40,40,38,31,40,31,40,26,35,22,38,15,38,20,40,11,40,0,0,0,0,0,0,0,0,0,0]"""
1782173647001,2026-06-23T09:14:07.001,warning,breathing,lmh,lying_fast_breath,t001,"CSI_DATA,18715,1a:00:00:00:00:00,-61,11,-98,17,44,11,132839425,47,2,256,0,""[0,0,0,0,0,0,0,0,0,0,0,0,-4,36,-9,39,-13,43,-13,46,-13,48,-16,50,-13,46,-16,48,-9,57,-13,57,-16,57,-9,64,-11,69,-16,69,-18,66,-16,71,-6,73,-16,76,-13,71,-9,73,-9,80,-9,78,-9,73,-9,78,-9,80,0,76,-9,78,0,82,0,78,4,80,6,73,9,85,18,78,18,78,23,80,29,80,27,69,36,73,34,76,43,73,39,71,48,66,48,71,55,66,48,62,55,57,59,62,62,55,64,59,69,64,66,57,71,55,73,62,71,62,80,57,85,55,80,46,0,0,0,0,0,0,50,-80,48,-80,43,-82,36,-78,34,-78,34,-76,29,-76,34,-78,27,-73,27,-73,13,-71,18,-69,11,-76,16,-76,11,-71,2,-66,2,-73,2,-69,4,-69,-6,-69,-11,-66,-6,-69,-13,-62,-11,-64,-13,-69,-16,-66,-18,-66,-25,-57,-20,-69,-32,-62,-23,-62,-29,-64,-29,-66,-32,-66,-29,-59,-29,-69,-29,-62,-34,-57,-32,-66,-29,-55,-27,-55,-32,-55,-27,-59,-27,-57,-29,-55,-32,-50,-25,-52,-29,-55,-25,-46,-23,-48,-23,-43,-18,-46,-20,-46,-13,-48,-13,-43,-11,-41,-6,-43,0,0,0,0,0,0,0,0,0,0]"""
1782173647011,2026-06-23T09:14:07.011,warning,breathing,lmh,lying_fast_breath,t001,"CSI_DATA,18716,1a:00:00:00:00:00,-61,11,-98,13,45,11,132847444,47,2,256,0,""[0,0,0,0,0,0,0,0,0,0,0,0,-9,41,-11,39,-13,43,-13,46,-16,46,-18,46,-20,48,-23,48,-27,55,-27,55,-29,57,-29,55,-29,59,-32,57,-39,52,-36,62,-36,62,-48,64,-39,57,-41,57,-48,57,-39,66,-50,69,-43,66,-50,69,-41,64,-50,62,-48,66,-48,66,-36,69,-43,64,-39,69,-39,73,-34,66,-34,73,-36,73,-29,64,-32,73,-34,76,-23,78,-27,73,-23,82,-25,78,-18,85,-23,78,-20,82,-20,82,-16,80,-16,80,-18,94,-18,87,-20,89,-27,89,-27,92,-16,92,-18,92,-13,94,0,0,0,0,0,0,89,23,92,20,82,13,85,20,85,18,76,23,82,13,80,18,78,13,73,18,69,13,69,13,73,9,73,9,71,13,69,6,73,4,69,2,64,6,71,2,69,-2,71,4,59,-4,64,-2,66,2,66,-2,71,4,69,-6,69,-2,64,-9,66,0,66,0,66,-2,64,-4,69,0,69,-4,66,-2,64,0,66,0,66,4,62,4,64,9,64,11,64,9,57,9,59,9,55,16,55,11,48,16,50,16,48,18,43,16,41,13,41,18,39,20,34,23,32,29,0,0,0,0,0,0,0,0,0,0]"""
1782173647023,2026-06-23T09:14:07.023,warning,breathing,lmh,lying_fast_breath,t001,"CSI_DATA,18717,1a:00:00:00:00:00,-61,11,-98,13,45,11,132861584,47,2,256,0,""[0,0,0,0,0,0,0,0,0,0,0,0,13,-39,16,-36,25,-39,25,-36,32,-39,29,-36,29,-41,36,-41,36,-43,46,-43,46,-43,43,-43,50,-48,55,-43,57,-34,62,-41,57,-43,66,-41,62,-32,64,-32,66,-27,71,-34,73,-34,73,-32,78,-27,71,-34,73,-27,73,-27,76,-25,71,-29,73,-25,76,-25,76,-27,71,-23,76,-29,73,-32,73,-29,76,-34,73,-27,73,-36,73,-29,76,-39,73,-32,78,-36,71,-32,73,-36,82,-36,76,-39,76,-29,87,-36,85,-32,82,-36,92,-32,94,-29,92,-34,89,-27,92,-29,0,0,0,0,0,0,-11,-85,-11,-92,-16,-82,-13,-85,-16,-87,-9,-80,-9,-82,-6,-82,-4,-80,-2,-73,-9,-73,-6,-71,-9,-73,-4,-76,-4,-71,-11,-69,-11,-71,-6,-64,0,-64,-9,-71,-11,-69,-4,-71,-4,-59,-2,-62,0,-64,-4,-66,-4,-71,-9,-64,-2,-69,-6,-66,0,-66,0,-66,6,-71,2,-66,0,-64,11,-69,11,-66,11,-62,13,-69,16,-66,16,-62,18,-64,25,-59,23,-57,29,-52,23,-59,25,-43,27,-50,29,-41,27,-36,29,-39,29,-39,34,-34,39,-27,32,-27,34,-27,36,-18,0,0,0,0,0,0,0,0,0,0]"""
1782173647046,2026-06-23T09:14:07.046,warning,breathing,lmh,lying_fast_breath,t001,"CSI_DATA,18718,1a:00:00:00:00:00,-61,11,-98,20,44,11,132884431,47,2,256,0,""[0,0,0,0,0,0,0,0,0,0,0,0,21,-33,21,-35,25,-42,29,-38,29,-40,31,-42,35,-38,38,-38,35,-48,42,-44,44,-46,42,-48,40,-50,42,-50,46,-48,48,-54,46,-57,50,-52,46,-48,48,-57,46,-54,54,-57,54,-52,52,-61,61,-59,52,-57,57,-57,54,-59,50,-61,46,-63,48,-61,50,-65,46,-71,42,-65,44,-69,38,-71,35,-67,31,-71,35,-76,29,-80,31,-78,21,-82,27,-78,19,-84,21,-78,16,-76,19,-78,14,-84,10,-88,21,-88,14,-88,14,-90,19,-92,21,-88,10,-95,12,-95,8,-95,0,0,0,0,0,0,-88,-10,-95,-10,-90,-4,-84,-8,-88,-6,-80,-8,-86,-2,-90,-6,-78,0,-78,-6,-73,-8,-71,2,-76,0,-71,6,-71,0,-63,6,-76,8,-67,6,-65,4,-69,12,-67,21,-65,16,-63,16,-67,21,-65,16,-63,19,-67,16,-63,25,-67,21,-59,23,-61,19,-67,23,-61,21,-61,27,-57,21,-67,21,-65,23,-61,23,-67,16,-61,16,-59,16,-67,12,-63,12,-61,19,-59,14,-59,14,-54,8,-54,16,-54,2,-50,8,-52,2,-48,4,-50,2,-46,-6,-44,-2,-42,-4,-40,-10,0,0,0,0,0,0,0,0,0,0]"""
1782173647056,2026-06-23T09:14:07.056,warning,breathing,lmh,lying_fast_breath,t001,"CSI_DATA,18719,1a:00:00:00:00:00,-61,11,-98,20,44,11,132884543,47,2,256,0,""[0,0,0,0,0,0,0,0,0,0,0,0,33,19,33,25,35,27,38,31,38,33,38,31,40,33,38,33,46,35,42,42,48,40,48,38,52,44,54,44,44,50,52,48,57,48,50,54,48,50,52,48,46,52,57,57,52,59,57,57,63,57,61,48,57,54,61,57,59,54,63,48,61,48,67,48,63,48,63,42,67,42,76,40,69,33,73,31,71,35,76,29,73,29,80,21,80,27,84,23,73,19,80,16,84,16,86,10,86,19,90,14,88,14,92,8,92,14,95,23,97,6,95,10,92,0,0,0,0,0,0,0,12,-90,12,-95,-2,-88,6,-82,2,-90,6,-82,8,-86,0,-80,0,-80,6,-76,4,-76,-4,-78,-12,-76,-6,-76,-6,-76,-16,-65,-16,-76,-12,-71,-10,-67,-16,-67,-25,-65,-14,-67,-19,-59,-21,-61,-19,-65,-23,-65,-23,-65,-29,-59,-23,-63,-33,-59,-25,-63,-31,-63,-23,-65,-29,-61,-25,-57,-25,-63,-27,-65,-23,-61,-27,-63,-23,-63,-25,-59,-23,-59,-21,-65,-21,-61,-16,-61,-21,-54,-14,-50,-16,-57,-10,-46,-10,-48,-12,-50,-8,-46,-6,-48,-4,-52,2,-44,-2,-40,2,-44,0,0,0,0,0,0,0,0,0,0]"""
1782173647067,2026-06-23T09:14:07.067,warning,breathing,lmh,lying_fast_breath,t001,"CSI_DATA,18720,1a:00:00:00:00:00,-61,11,-98,13,44,11,132891444,47,2,256,0,""[0,0,0,0,0,0,0,0,0,0,0,0,5,-36,10,-43,12,-43,20,-46,25,-43,23,-43,25,-38,31,-43,33,-51,33,-49,41,-43,38,-46,46,-46,51,-49,56,-41,56,-41,59,-49,67,-43,59,-41,64,-28,62,-23,74,-36,69,-31,69,-28,80,-28,69,-33,74,-20,80,-25,77,-15,77,-18,69,-18,80,-20,77,-15,77,-12,77,-18,82,-12,69,-18,74,-25,67,-23,74,-12,72,-15,67,-25,93,-20,121,-36,100,-51,72,-23,46,-64,111,10,121,-20,152,-2,103,23,28,-5,95,69,111,33,64,67,144,33,149,15,0,0,0,0,0,0,-15,-33,5,-62,80,-56,20,-129,0,-129,-23,-46,64,-62,7,-51,-7,-54,41,-82,38,-15,36,-49,62,-59,-5,-56,38,-54,20,-49,36,-67,38,-56,46,-64,28,-49,28,-62,38,-56,31,-56,41,-46,36,-51,46,-54,36,-49,41,-54,46,-49,41,-54,46,-49,49,-49,51,-43,51,-43,49,-41,59,-41,62,-41,56,-36,59,-31,64,-25,54,-28,56,-23,62,-18,62,-18,62,-10,54,-12,54,-5,59,-5,59,0,49,2,46,7,49,7,41,10,49,20,43,18,38,12,36,20,0,0,0,0,0,0,0,0,0,0]"""
1782173647077,2026-06-23T09:14:07.077,warning,breathing,lmh,lying_fast_breath,t001,"CSI_DATA,18721,1a:00:00:00:00:00,-61,11,-98,19,44,11,132903022,47,2,256,0,""[0,0,0,0,0,0,0,0,0,0,0,0,-36,13,-41,10,-45,8,-52,6,-47,4,-47,4,-50,6,-54,4,-60,4,-63,0,-60,2,-63,2,-67,6,-67,0,-69,-8,-71,-6,-80,4,-76,-6,-73,-10,-69,-6,-67,-17,-80,-15,-78,-15,-78,-6,-84,-15,-78,0,-78,-15,-82,-8,-76,-10,-80,-8,-76,-6,-82,-8,-80,-4,-76,-4,-84,0,-80,2,-73,2,-82,6,-80,4,-82,13,-80,6,-84,17,-84,13,-89,19,-80,10,-82,17,-87,15,-73,17,-84,15,-89,19,-89,21,-89,23,-95,15,-91,15,-97,21,-93,21,-87,21,0,0,0,0,0,0,13,91,15,95,19,82,10,89,17,82,10,80,15,84,13,82,13,73,13,82,15,69,10,69,17,73,17,71,13,69,21,65,26,71,21,67,15,65,19,67,32,65,23,63,23,60,21,60,21,65,21,60,26,65,32,60,23,63,34,58,28,60,26,67,23,63,28,63,26,58,21,69,19,67,17,60,19,65,15,65,19,58,19,65,13,67,15,60,8,63,13,63,6,58,4,58,2,54,0,52,-4,52,-2,45,-4,47,-10,50,-8,45,-10,43,-17,39,0,0,0,0,0,0,0,0,0,0]"""
1782173647087,2026-06-23T09:14:07.087,warning,breathing,lmh,lying_fast_breath,t001,"CSI_DATA,18722,1a:00:00:00:00:00,-61,11,-98,14,45,11,132913444,47,2,256,0,""[0,0,0,0,0,0,0,0,0,0,0,0,22,38,17,38,15,42,15,47,15,47,11,49,11,49,6,51,8,62,0,58,0,64,2,67,0,69,0,67,-13,64,-6,71,-4,73,-15,76,-13,67,-15,69,-22,67,-17,76,-24,76,-22,76,-26,80,-17,78,-29,73,-29,78,-31,73,-26,73,-29,71,-29,78,-29,76,-29,73,-26,80,-26,76,-24,71,-24,78,-26,76,-22,78,-26,73,-17,80,-24,82,-24,82,-26,78,-22,78,-29,85,-22,82,-24,80,-31,85,-31,85,-31,85,-40,85,-38,85,-40,91,-31,87,-35,87,0,0,0,0,0,0,76,53,76,49,76,44,71,49,69,47,62,51,67,47,67,51,60,44,58,49,60,44,55,44,64,42,55,44,55,51,55,42,55,42,53,38,49,44,53,42,58,38,51,47,49,38,51,40,49,42,51,42,51,47,51,40,49,47,51,40,44,47,47,51,47,47,44,47,44,49,42,55,42,51,40,47,38,55,35,58,33,53,31,58,26,58,24,53,17,55,22,55,13,55,11,53,8,53,8,49,4,47,4,44,2,42,-6,42,-6,44,-6,40,-13,42,0,0,0,0,0,0,0,0,0,0]"""
1782173647099,2026-06-23T09:14:07.099,warning,breathing,lmh,lying_fast_breath,t001,"CSI_DATA,18723,1a:00:00:00:00:00,-61,11,-98,19,44,11,132925654,47,2,256,0,""[0,0,0,0,0,0,0,0,0,0,0,0,-23,-32,-23,-36,-26,-39,-21,-45,-23,-43,-19,-45,-17,-47,-17,-52,-23,-56,-19,-58,-17,-58,-17,-60,-19,-65,-19,-67,-8,-67,-15,-69,-17,-73,-6,-73,-8,-69,-10,-76,-13,-78,-8,-78,-4,-76,-6,-78,-2,-84,-8,-76,2,-80,-2,-80,-2,-84,-6,-80,-4,-73,-4,-82,-6,-78,-4,-76,-8,-82,-15,-80,-13,-76,-15,-78,-10,-80,-19,-80,-17,-82,-26,-76,-21,-82,-26,-80,-17,-73,-21,-78,-21,-78,-28,-76,-23,-82,-26,-87,-26,-84,-23,-82,-19,-93,-19,-89,-23,-95,-28,-95,-19,-91,0,0,0,0,0,0,-97,15,-95,17,-84,21,-89,15,-87,8,-80,10,-80,15,-87,10,-80,13,-78,4,-73,13,-69,6,-73,13,-73,10,-69,8,-60,13,-73,17,-67,13,-69,8,-69,17,-65,21,-69,13,-58,17,-60,13,-65,13,-67,15,-67,15,-65,19,-69,13,-65,17,-65,10,-67,13,-69,13,-69,17,-63,15,-69,8,-71,8,-63,6,-69,4,-67,2,-63,2,-67,2,-65,-2,-65,-2,-60,-6,-60,-6,-58,-13,-60,-4,-54,-10,-47,-10,-45,-17,-43,-15,-47,-19,-45,-21,-39,-21,-32,-23,-32,-32,0,0,0,0,0,0,0,0,0,0]"""
1782173647110,2026-06-23T09:14:07.110,warning,breathing,lmh,lying_fast_breath,t001,"CSI_DATA,18724,1a:00:00:00:00:00,-61,11,-98,22,43,11,132936031,47,2,256,0,""[0,0,0,0,0,0,0,0,0,0,0,0,-38,-8,-44,-6,-42,-8,-47,-11,-44,-15,-44,-13,-53,-13,-49,-15,-55,-13,-60,-15,-60,-15,-62,-11,-67,-8,-67,-13,-69,-17,-69,-11,-69,-6,-71,-13,-69,-8,-76,-2,-67,-8,-80,-4,-78,-4,-73,2,-82,4,-78,8,-82,0,-80,6,-85,13,-76,17,-76,17,-78,22,-73,26,-73,26,-76,35,-73,38,-64,38,-67,49,-62,42,-60,51,-64,51,-53,60,-55,62,-53,71,-49,64,-49,64,-49,71,-42,71,-38,73,-44,82,-33,82,-33,85,-35,85,-33,87,-26,96,-29,89,-24,89,0,0,0,0,0,0,98,26,89,17,82,6,82,13,85,8,80,6,85,6,87,-2,78,-4,71,-2,71,-6,73,-6,76,-15,73,-15,69,-11,64,-22,64,-29,67,-26,64,-22,62,-33,55,-40,60,-31,47,-35,51,-38,58,-38,53,-42,51,-44,40,-51,49,-51,40,-53,42,-53,44,-51,42,-53,38,-55,35,-53,42,-55,40,-58,35,-55,38,-58,33,-55,31,-53,33,-58,35,-55,31,-55,33,-51,29,-58,31,-49,29,-51,29,-38,22,-42,29,-44,24,-42,24,-42,26,-40,24,-35,29,-35,26,-26,0,0,0,0,0,0,0,0,0,0]"""
1782173647122,2026-06-23T09:14:07.122,warning,breathing,lmh,lying_fast_breath,t001,"CSI_DATA,18725,1a:00:00:00:00:00,-61,11,-98,20,44,11,132946802,47,2,256,0,""[0,0,0,0,0,0,0,0,0,0,0,0,-40,-10,-40,-14,-42,-19,-42,-16,-50,-25,-40,-23,-44,-23,-42,-27,-48,-31,-48,-33,-48,-35,-50,-35,-57,-40,-52,-40,-44,-50,-50,-50,-57,-44,-52,-52,-48,-48,-46,-59,-52,-61,-50,-54,-52,-57,-52,-57,-54,-63,-54,-52,-52,-54,-48,-61,-54,-63,-50,-57,-48,-59,-50,-65,-57,-59,-46,-54,-57,-59,-59,-57,-52,-52,-59,-54,-57,-57,-67,-52,-61,-52,-63,-50,-59,-52,-71,-52,-59,-52,-67,-48,-61,-50,-63,-46,-65,-54,-76,-59,-69,-54,-76,-52,-71,-61,-67,-65,-80,-59,-73,-61,-71,-59,0,0,0,0,0,0,-65,65,-69,67,-59,69,-57,59,-59,63,-54,50,-57,59,-61,57,-61,57,-54,48,-50,50,-48,48,-52,50,-52,52,-46,50,-42,52,-44,57,-46,52,-42,50,-44,50,-40,57,-46,54,-35,48,-46,52,-46,48,-44,48,-44,46,-38,57,-44,54,-40,54,-44,48,-44,52,-48,52,-44,50,-42,46,-54,50,-48,50,-50,44,-50,46,-50,40,-50,40,-52,35,-59,35,-54,35,-52,31,-50,31,-52,25,-52,25,-46,16,-44,21,-44,14,-48,14,-42,12,-48,2,-44,10,-40,6,-38,-4,0,0,0,0,0,0,0,0,0,0]"""
1782173647131,2026-06-23T09:14:07.131,warning,breathing,lmh,lying_fast_breath,t001,"CSI_DATA,18726,1a:00:00:00:00:00,-61,11,-98,17,44,11,132957444,47,2,256,0,""[0,0,0,0,0,0,0,0,0,0,0,0,34,20,36,20,39,20,41,25,39,27,39,32,39,29,41,32,48,36,41,41,46,36,50,41,55,41,55,41,50,50,50,48,57,46,57,52,48,46,55,50,55,59,50,52,62,52,59,48,59,57,64,48,62,50,59,50,59,55,62,46,59,43,66,48,64,43,62,46,71,43,69,39,64,39,71,27,76,32,73,29,73,29,76,23,73,23,82,23,76,23,76,20,82,23,82,13,87,18,87,20,85,13,89,16,96,20,87,23,101,9,92,13,96,13,0,0,0,0,0,0,13,-85,20,-85,13,-82,9,-82,11,-80,11,-76,9,-87,13,-78,6,-80,6,-71,2,-76,9,-71,2,-76,0,-71,2,-69,-11,-66,-9,-69,-9,-66,-2,-59,-6,-66,-23,-66,-9,-69,-11,-59,-11,-64,-9,-69,-11,-64,-16,-59,-20,-62,-13,-64,-20,-62,-16,-59,-13,-66,-16,-69,-23,-66,-18,-59,-13,-64,-16,-66,-16,-62,-16,-69,-11,-64,-16,-62,-9,-62,-11,-64,-11,-62,-4,-64,-11,-57,-4,-55,-9,-59,-2,-50,-2,-50,2,-48,0,-50,4,-48,9,-50,11,-41,6,-41,11,-34,0,0,0,0,0,0,0,0,0,0]"""
1782173647143,2026-06-23T09:14:07.143,warning,breathing,lmh,lying_fast_breath,t001,"CSI_DATA,18727,1a:00:00:00:00:00,-61,11,-98,19,44,11,132968443,47,2,256,0,""[0,0,0,0,0,0,0,0,0,0,0,0,-17,-36,-13,-36,-17,-43,-15,-50,-13,-47,-10,-47,-10,-45,-10,-50,-10,-56,-13,-60,-10,-58,-10,-60,-15,-65,-8,-67,-4,-67,-6,-69,-10,-73,0,-73,-2,-71,-6,-67,2,-71,-4,-82,2,-78,0,-76,0,-82,-6,-76,0,-80,-2,-82,-4,-82,-4,-76,-2,-69,-8,-78,-8,-80,-6,-78,-13,-84,-15,-73,-13,-71,-17,-76,-13,-76,-23,-82,-23,-80,-30,-78,-23,-73,-30,-80,-26,-71,-28,-69,-26,-80,-32,-71,-36,-80,-34,-89,-32,-82,-32,-80,-28,-84,-32,-84,-34,-91,-34,-87,-36,-84,0,0,0,0,0,0,-87,28,-89,28,-80,30,-78,23,-82,28,-73,21,-76,28,-80,30,-73,23,-67,21,-63,26,-63,30,-67,34,-67,28,-60,21,-58,28,-65,36,-60,34,-58,30,-58,30,-56,36,-60,32,-50,34,-58,36,-52,36,-58,34,-54,30,-52,41,-60,34,-54,41,-58,34,-58,36,-60,36,-54,39,-54,32,-60,36,-58,32,-58,34,-60,36,-58,28,-56,28,-56,23,-63,23,-56,21,-60,21,-56,23,-56,15,-58,19,-50,10,-50,10,-50,4,-43,10,-45,8,-54,0,-41,-2,-39,-6,-41,-8,0,0,0,0,0,0,0,0,0,0]"""
1782173647153,2026-06-23T09:14:07.153,warning,breathing,lmh,lying_fast_breath,t001,"CSI_DATA,18729,1a:00:00:00:00:00,-61,11,-98,14,45,11,132991827,47,2,256,0,""[0,0,0,0,0,0,0,0,0,0,0,0,8,-40,11,-40,15,-42,20,-47,22,-47,24,-42,26,-42,29,-42,33,-49,38,-44,40,-47,40,-47,44,-51,49,-47,53,-38,55,-47,51,-47,62,-42,58,-35,62,-35,69,-29,67,-38,71,-35,71,-33,78,-33,67,-35,76,-29,73,-29,76,-24,71,-29,71,-24,78,-24,76,-26,71,-22,76,-26,76,-29,69,-24,71,-31,76,-22,76,-29,76,-22,76,-33,71,-26,80,-31,71,-24,73,-29,80,-24,76,-29,82,-22,89,-24,87,-20,87,-22,89,-17,91,-11,94,-17,94,-11,91,-8,0,0,0,0,0,0,11,-91,8,-94,2,-85,4,-82,6,-87,8,-73,11,-82,13,-80,13,-73,13,-71,11,-69,11,-67,8,-71,17,-71,17,-67,11,-64,13,-73,17,-67,22,-60,15,-67,8,-62,20,-64,15,-58,20,-60,24,-60,22,-60,20,-62,22,-64,24,-60,17,-62,24,-58,26,-60,33,-60,29,-62,29,-55,38,-55,40,-55,38,-51,42,-51,42,-44,40,-44,44,-42,51,-38,49,-38,49,-31,47,-38,44,-24,51,-31,47,-22,44,-22,44,-15,42,-13,47,-8,47,-4,42,0,40,0,38,4,0,0,0,0,0,0,0,0,0,0]"""
1782173647164,2026-06-23T09:14:07.164,warning,breathing,lmh,lying_fast_breath,t001,"CSI_DATA,18730,1a:00:00:00:00:00,-61,11,-98,19,44,11,133001443,47,2,256,0,""[0,0,0,0,0,0,0,0,0,0,0,0,6,-41,10,-34,10,-47,13,-45,19,-47,17,-47,17,-47,21,-43,28,-56,26,-56,26,-56,21,-56,23,-65,28,-63,30,-60,34,-60,30,-65,34,-65,32,-60,32,-65,34,-60,43,-67,41,-65,36,-71,41,-71,32,-67,43,-69,39,-69,39,-73,34,-69,36,-65,36,-73,32,-73,32,-73,26,-78,23,-76,23,-71,19,-78,17,-78,13,-82,17,-78,13,-82,13,-76,8,-89,13,-78,8,-78,10,-82,-2,-82,6,-87,6,-91,4,-91,-2,-91,8,-91,6,-91,-6,-95,-2,-95,0,-91,0,0,0,0,0,0,-87,-6,-89,0,-91,0,-82,-6,-82,-4,-82,-4,-82,-2,-84,-4,-78,0,-73,-4,-73,2,-71,2,-73,4,-73,4,-73,4,-69,10,-71,15,-71,13,-65,8,-67,15,-67,17,-69,10,-56,15,-63,15,-65,13,-67,15,-67,17,-60,26,-65,19,-60,23,-60,21,-65,19,-67,23,-60,23,-67,19,-67,15,-65,13,-65,17,-67,17,-65,13,-63,17,-65,15,-67,10,-60,13,-63,4,-58,10,-56,0,-60,6,-52,0,-50,0,-50,-2,-45,0,-47,-2,-47,-6,-43,-6,-41,-8,-41,-15,0,0,0,0,0,0,0,0,0,0]"""
1782173647179,2026-06-23T09:14:07.179,warning,breathing,lmh,lying_fast_breath,t001,"CSI_DATA,18731,1a:00:00:00:00:00,-61,11,-98,22,43,11,133016715,47,2,256,0,""[0,0,0,0,0,0,0,0,0,0,0,0,-38,-11,-40,-13,-38,-17,-42,-20,-42,-17,-42,-24,-44,-17,-42,-22,-53,-22,-53,-20,-51,-20,-60,-20,-64,-22,-62,-20,-60,-26,-67,-29,-69,-20,-71,-26,-67,-20,-67,-22,-71,-26,-71,-15,-73,-20,-71,-11,-76,-13,-80,-8,-78,-11,-78,-6,-80,-4,-80,2,-73,0,-76,4,-76,13,-78,11,-78,22,-78,20,-71,22,-76,31,-73,31,-71,44,-69,35,-67,47,-71,44,-67,53,-60,49,-53,58,-64,60,-55,64,-53,67,-60,71,-53,71,-53,71,-62,76,-49,76,-53,80,-47,85,-38,85,0,0,0,0,0,0,80,42,87,40,85,29,78,31,85,29,78,22,80,17,82,20,76,13,71,17,71,11,69,11,73,4,73,0,73,6,69,-8,71,-11,69,-11,67,-11,67,-15,64,-20,62,-15,55,-22,62,-24,60,-22,60,-29,55,-33,55,-35,60,-35,53,-42,55,-35,62,-38,58,-40,51,-42,55,-38,51,-42,49,-47,49,-47,49,-47,53,-40,49,-40,49,-40,47,-42,47,-47,44,-42,38,-47,42,-33,42,-40,40,-31,38,-33,35,-33,38,-33,38,-33,42,-29,35,-24,31,-24,35,-17,0,0,0,0,0,0,0,0,0,0]"""
1782173647189,2026-06-23T09:14:07.189,warning,breathing,lmh,lying_fast_breath,t001,"CSI_DATA,18732,1a:00:00:00:00:00,-61,11,-98,14,45,11,133023443,47,2,256,0,""[0,0,0,0,0,0,0,0,0,0,0,0,22,35,22,38,24,38,22,44,22,44,15,42,22,42,20,47,26,53,22,53,29,55,26,55,31,60,31,58,24,64,26,60,33,60,29,69,31,69,26,67,24,76,35,73,31,67,35,69,38,76,38,64,33,67,38,69,40,67,47,67,42,60,49,71,49,62,51,60,53,58,58,51,49,49,60,49,60,55,67,44,64,51,69,33,64,40,78,40,67,38,73,35,73,35,73,29,78,35,85,35,85,31,85,24,85,33,82,29,94,26,94,29,89,31,0,0,0,0,0,0,29,-89,24,-87,13,-87,15,-82,15,-76,13,-73,13,-80,13,-85,11,-76,8,-71,4,-71,2,-67,-2,-69,4,-71,0,-69,-8,-64,-6,-76,-6,-69,-6,-69,-13,-62,-20,-60,-13,-62,-17,-58,-17,-64,-11,-67,-20,-64,-20,-58,-26,-58,-24,-67,-29,-55,-22,-55,-26,-62,-29,-60,-31,-58,-29,-53,-29,-67,-29,-64,-31,-58,-26,-62,-24,-58,-24,-53,-24,-58,-26,-60,-24,-55,-15,-55,-24,-51,-17,-51,-22,-53,-13,-44,-13,-44,-13,-49,-11,-44,-11,-44,-4,-49,-6,-47,-2,-40,2,-35,0,0,0,0,0,0,0,0,0,0]"""
1782173647200,2026-06-23T09:14:07.200,warning,breathing,lmh,lying_fast_breath,t001,"CSI_DATA,18733,1a:00:00:00:00:00,-61,11,-98,18,44,11,133035550,47,2,256,0,""[0,0,0,0,0,0,0,0,0,0,0,0,-15,40,-15,35,-20,40,-22,44,-22,42,-24,42,-20,44,-24,47,-22,51,-29,55,-24,53,-26,55,-24,62,-26,67,-31,60,-29,64,-22,67,-26,67,-29,64,-24,67,-26,67,-26,71,-22,71,-22,73,-26,76,-13,73,-17,73,-17,76,-20,80,-11,76,-6,73,-11,76,-2,78,-4,76,2,82,6,80,8,73,17,76,17,80,31,80,22,76,29,76,24,76,38,76,33,71,42,71,35,73,44,67,49,78,53,76,55,71,55,67,53,73,58,71,64,64,62,67,69,71,0,0,0,0,0,0,67,-67,64,-69,51,-62,51,-64,55,-69,47,-62,47,-64,49,-64,42,-64,40,-60,35,-64,31,-62,29,-67,29,-64,22,-62,17,-64,20,-73,15,-69,13,-64,11,-69,4,-62,11,-67,4,-60,2,-64,4,-67,2,-67,-4,-64,-11,-62,-6,-67,-11,-64,-11,-67,-13,-64,-8,-71,-13,-67,-17,-62,-6,-62,-15,-67,-13,-67,-13,-62,-15,-67,-13,-55,-13,-58,-11,-64,-13,-60,-11,-62,-17,-55,-8,-53,-15,-58,-6,-47,-11,-49,-4,-49,-8,-44,-4,-42,-4,-49,-4,-44,-4,-42,0,-42,0,0,0,0,0,0,0,0,0,0]"""
1782173647210,2026-06-23T09:14:07.210,warning,breathing,lmh,lying_fast_breath,t001,"CSI_DATA,18734,1a:00:00:00:00:00,-61,11,-98,20,44,11,133047188,47,2,256,0,""[0,0,0,0,0,0,0,0,0,0,0,0,19,-35,23,-35,25,-38,27,-40,31,-40,29,-38,29,-40,31,-44,31,-48,33,-50,33,-52,33,-50,31,-57,38,-59,40,-54,35,-59,33,-65,38,-61,35,-65,40,-61,44,-61,33,-67,31,-67,33,-71,38,-78,25,-73,29,-69,29,-76,27,-78,14,-76,19,-71,14,-78,10,-78,12,-76,4,-82,-2,-80,-2,-71,-6,-82,-8,-82,-21,-82,-14,-78,-25,-76,-25,-73,-35,-82,-29,-73,-35,-71,-35,-76,-40,-69,-38,-73,-46,-80,-46,-76,-50,-67,-52,-82,-48,-73,-61,-78,-65,-71,-54,-65,0,0,0,0,0,0,-76,59,-67,61,-61,61,-54,65,-57,61,-50,61,-50,61,-50,65,-44,61,-42,59,-38,59,-35,59,-29,69,-33,65,-29,65,-23,61,-23,69,-21,67,-23,65,-14,63,-2,69,-12,65,-4,63,-6,63,-4,65,-4,65,-2,63,10,67,4,69,10,65,6,61,10,69,10,63,14,65,12,57,8,71,16,65,14,65,12,67,10,65,10,59,10,63,12,65,12,63,8,57,12,54,12,52,12,54,10,50,10,48,2,44,8,50,6,44,8,44,4,50,4,42,-4,38,0,0,0,0,0,0,0,0,0,0]"""
1782173647220,2026-06-23T09:14:07.220,warning,breathing,lmh,lying_fast_breath,t001,"CSI_DATA,18735,1a:00:00:00:00:00,-61,11,-98,19,44,11,133056735,47,2,256,0,""[0,0,0,0,0,0,0,0,0,0,0,0,-36,17,-39,10,-47,13,-50,10,-47,6,-50,6,-50,6,-56,4,-60,6,-60,4,-63,8,-63,4,-65,6,-69,6,-69,-6,-71,-2,-71,4,-73,-6,-67,-4,-69,-2,-65,-8,-78,-10,-76,-6,-76,-10,-82,-8,-78,-2,-76,-10,-76,-6,-80,-13,-78,-2,-76,-4,-78,-6,-78,-2,-78,-8,-80,2,-78,2,-71,2,-76,6,-78,4,-82,10,-78,8,-80,17,-80,10,-87,15,-80,10,-78,17,-87,13,-80,15,-82,19,-87,15,-87,19,-84,26,-97,13,-91,15,-93,19,-93,13,-91,13,0,0,0,0,0,0,2,91,8,91,15,82,10,84,15,87,8,82,13,78,10,80,6,76,6,76,6,67,13,69,13,76,10,69,13,71,17,63,19,73,17,73,13,69,17,67,28,65,10,63,17,58,17,63,15,67,17,65,19,60,26,58,21,67,28,58,21,63,19,65,17,67,21,69,19,58,17,67,13,65,15,63,8,67,6,65,10,63,8,65,4,65,6,63,2,56,4,58,0,58,0,56,-4,52,-4,52,-8,50,-6,45,-17,50,-15,45,-15,39,-13,36,-17,36,0,0,0,0,0,0,0,0,0,0]"""
1782173647231,2026-06-23T09:14:07.231,warning,breathing,lmh,lying_fast_breath,t001,"CSI_DATA,18736,1a:00:00:00:00:00,-61,11,-98,14,45,11,133067443,47,2,256,0,""[0,0,0,0,0,0,0,0,0,0,0,0,38,-20,35,-15,40,-22,42,-20,47,-17,47,-15,49,-17,53,-15,55,-22,55,-20,58,-20,55,-20,62,-26,62,-29,62,-15,71,-22,67,-24,76,-20,64,-20,64,-20,64,-17,73,-24,76,-24,71,-29,76,-26,71,-33,76,-29,80,-29,73,-26,67,-33,69,-31,73,-35,69,-38,64,-35,67,-44,69,-44,60,-44,60,-49,60,-51,55,-60,55,-53,58,-64,58,-58,53,-67,51,-58,51,-64,53,-64,47,-64,44,-69,49,-73,42,-76,44,-78,53,-76,55,-80,44,-87,40,-80,44,-80,0,0,0,0,0,0,-78,-47,-82,-47,-78,-29,-76,-42,-78,-38,-67,-38,-71,-31,-71,-31,-71,-31,-64,-29,-69,-29,-64,-26,-73,-24,-69,-15,-67,-20,-67,-13,-71,-6,-67,-6,-62,-11,-67,-8,-64,-2,-69,-8,-55,0,-62,-2,-64,-2,-64,4,-64,2,-62,8,-67,8,-67,11,-64,4,-67,6,-64,4,-62,8,-62,6,-64,6,-64,6,-62,4,-64,4,-64,0,-62,2,-64,4,-62,2,-62,6,-58,0,-60,0,-53,-4,-55,0,-47,-8,-49,-4,-47,-8,-44,-4,-42,-11,-47,-8,-42,-11,-42,-8,-35,-17,0,0,0,0,0,0,0,0,0,0]"""
1782173647241,2026-06-23T09:14:07.241,warning,breathing,lmh,lying_fast_breath,t001,"CSI_DATA,18737,1a:00:00:00:00:00,-61,11,-98,15,45,11,133079536,47,2,256,0,""[0,0,0,0,0,0,0,0,0,0,0,0,41,-10,39,-6,43,-8,50,-4,47,-2,47,2,52,0,50,4,56,2,63,6,60,4,58,2,67,4,69,8,65,15,67,15,69,13,71,15,71,19,73,28,76,28,73,26,73,21,76,23,80,26,76,17,69,26,76,26,71,30,76,21,69,21,80,28,76,28,73,26,78,21,76,17,69,15,78,10,78,17,80,10,78,17,80,8,76,10,87,8,78,10,80,10,84,8,80,4,84,10,91,10,91,6,84,8,89,13,89,15,93,10,97,15,91,15,0,0,0,0,0,0,23,-91,23,-89,17,-89,19,-80,17,-80,21,-73,19,-78,23,-82,21,-73,19,-69,15,-69,15,-63,13,-69,19,-69,15,-67,6,-67,8,-73,8,-67,17,-63,10,-63,2,-65,13,-65,8,-60,10,-60,13,-67,13,-65,8,-58,4,-65,10,-67,0,-63,6,-63,10,-60,17,-67,10,-65,13,-63,21,-69,23,-67,21,-60,21,-67,19,-54,19,-58,21,-58,28,-56,23,-56,32,-54,21,-52,28,-43,32,-50,30,-41,32,-36,32,-34,28,-32,32,-32,36,-30,36,-26,32,-23,36,-19,0,0,0,0,0,0,0,0,0,0]"""
1782173647251,2026-06-23T09:14:07.251,warning,breathing,lmh,lying_fast_breath,t001,"CSI_DATA,18738,1a:00:00:00:00:00,-61,11,-98,14,45,11,133089443,47,2,256,0,""[0,0,0,0,0,0,0,0,0,0,0,0,33,20,33,26,38,24,38,29,38,31,35,38,35,38,33,40,40,42,40,42,40,47,40,44,44,49,42,51,40,58,38,55,47,60,40,60,42,60,42,64,42,67,42,67,35,64,40,71,42,71,40,62,33,69,38,71,40,69,44,69,38,60,47,73,44,69,42,64,49,67,47,62,40,58,53,58,53,58,58,58,58,60,58,49,55,58,62,58,58,58,60,55,60,55,60,53,64,53,64,62,73,58,67,55,64,62,60,62,73,64,73,64,67,62,0,0,0,0,0,0,67,-64,64,-60,60,-64,62,-55,55,-55,58,-49,55,-60,62,-60,53,-49,58,-51,51,-51,44,-44,47,-49,47,-51,47,-49,38,-49,49,-55,44,-51,44,-49,40,-49,40,-55,47,-49,38,-53,33,-49,38,-51,40,-53,40,-47,33,-53,40,-55,35,-51,35,-47,42,-51,38,-55,40,-53,38,-47,47,-53,40,-51,38,-49,44,-51,44,-40,42,-40,47,-40,44,-42,47,-38,49,-38,40,-35,49,-31,47,-33,44,-26,40,-20,44,-17,42,-17,38,-13,42,-15,40,-11,38,-8,38,-2,0,0,0,0,0,0,0,0,0,0]"""
1782173647262,2026-06-23T09:14:07.262,warning,breathing,lmh,lying_fast_breath,t001,"CSI_DATA,18739,1a:00:00:00:00:00,-61,11,-98,19,44,11,133100443,47,2,256,0,""[0,0,0,0,0,0,0,0,0,0,0,0,43,-2,45,4,47,-2,50,0,47,2,52,4,50,4,54,2,58,0,58,4,60,4,58,2,69,0,67,0,67,10,67,2,73,-2,76,2,69,4,76,4,78,6,76,2,76,0,76,-4,80,0,78,-6,80,-4,80,-4,78,-2,78,-13,73,-10,78,-17,76,-19,76,-15,78,-23,76,-26,69,-26,73,-32,71,-34,67,-41,71,-43,65,-45,69,-43,69,-56,60,-45,60,-54,63,-50,58,-58,60,-65,65,-63,60,-65,65,-69,69,-67,67,-63,63,-73,56,-73,54,-71,0,0,0,0,0,0,-69,-58,-78,-63,-73,-45,-69,-50,-63,-47,-67,-45,-67,-43,-73,-43,-65,-32,-63,-36,-67,-28,-67,-34,-69,-26,-69,-23,-65,-28,-60,-19,-71,-19,-67,-15,-67,-17,-65,-8,-69,-2,-67,-13,-60,-2,-58,-6,-65,-2,-65,2,-65,-2,-63,4,-69,-2,-63,4,-65,2,-69,4,-71,-2,-65,13,-69,6,-69,4,-65,6,-63,10,-67,8,-65,4,-60,8,-67,2,-65,0,-60,2,-58,4,-58,4,-54,-4,-58,6,-50,-2,-52,2,-47,0,-45,-4,-47,-6,-41,-8,-39,-4,-41,-6,-41,-10,0,0,0,0,0,0,0,0,0,0]"""
1782173647272,2026-06-23T09:14:07.272,warning,breathing,lmh,lying_fast_breath,t001,"CSI_DATA,18740,1a:00:00:00:00:00,-61,11,-98,18,44,11,133111513,47,2,256,0,""[0,0,0,0,0,0,0,0,0,0,0,0,-40,4,-40,2,-40,2,-51,0,-44,0,-49,-4,-44,-2,-53,-8,-60,-6,-55,-6,-60,-8,-62,-2,-67,-6,-69,-6,-69,-11,-69,-8,-71,-4,-73,-13,-73,-11,-73,-6,-71,-8,-78,-6,-69,-11,-73,-8,-80,-11,-73,-4,-76,-11,-82,-6,-73,-8,-80,2,-71,0,-82,2,-82,2,-73,2,-80,6,-80,11,-71,11,-78,17,-76,17,-76,24,-80,22,-71,31,-76,29,-76,38,-76,29,-69,35,-78,31,-71,40,-71,40,-78,40,-80,42,-78,44,-80,47,-78,35,-82,47,-82,47,-71,47,0,0,0,0,0,0,44,78,44,76,53,73,44,71,49,71,42,67,47,60,47,64,44,58,47,58,47,53,44,53,49,55,44,51,51,49,49,47,51,47,53,47,51,44,51,38,60,35,55,40,55,33,49,35,53,38,55,38,51,31,58,24,55,38,60,22,55,29,58,33,58,33,62,26,58,26,60,33,58,29,58,31,53,31,55,33,51,26,58,31,51,35,53,33,47,35,49,26,47,31,49,29,40,29,42,33,35,33,35,31,31,33,31,33,26,33,26,29,22,33,0,0,0,0,0,0,0,0,0,0]"""
1782173647286,2026-06-23T09:14:07.286,warning,breathing,lmh,lying_fast_breath,t001,"CSI_DATA,18741,1a:00:00:00:00:00,-61,11,-98,19,44,11,133123901,47,2,256,0,""[0,0,0,0,0,0,0,0,0,0,0,0,32,23,34,26,36,23,36,32,41,30,34,34,41,30,41,34,45,36,43,39,47,39,47,39,54,39,54,36,52,45,56,41,60,36,56,45,54,43,54,36,52,45,65,43,65,47,67,43,71,47,71,32,67,36,71,36,69,34,73,28,71,28,76,26,76,21,73,19,80,19,84,10,78,6,80,4,78,2,80,-4,84,-2,76,-10,80,-15,87,-17,80,-10,76,-19,80,-21,78,-28,78,-30,87,-28,82,-34,80,-39,87,-32,84,-34,87,-45,87,-41,78,-39,0,0,0,0,0,0,-43,-82,-47,-80,-47,-71,-43,-73,-47,-71,-47,-63,-50,-60,-50,-65,-52,-58,-47,-60,-52,-50,-47,-52,-58,-45,-52,-47,-50,-43,-56,-39,-60,-39,-58,-32,-52,-36,-60,-28,-63,-23,-58,-28,-56,-19,-60,-28,-56,-26,-63,-17,-67,-19,-69,-13,-67,-19,-65,-8,-63,-13,-69,-15,-65,-8,-65,-6,-63,-6,-67,-10,-67,-8,-65,-6,-69,-8,-67,-8,-60,-4,-60,-6,-60,-13,-63,-6,-58,-10,-56,-4,-56,-8,-56,-6,-52,-8,-47,-6,-50,-10,-47,-8,-43,-10,-45,-19,-41,-15,-39,-10,-39,-17,0,0,0,0,0,0,0,0,0,0]"""
1782173647298,2026-06-23T09:14:07.298,warning,breathing,lmh,lying_fast_breath,t001,"CSI_DATA,18742,1a:00:00:00:00:00,-61,11,-98,14,45,11,133133442,47,2,256,0,""[0,0,0,0,0,0,0,0,0,0,0,0,17,-38,20,-35,26,-38,29,-38,31,-38,31,-35,33,-40,35,-40,40,-44,42,-42,44,-40,44,-44,49,-44,49,-42,53,-35,58,-44,55,-47,64,-40,58,-38,58,-35,64,-35,64,-40,69,-44,67,-40,71,-42,64,-44,69,-35,69,-38,71,-38,67,-40,67,-35,67,-38,64,-42,62,-38,64,-49,64,-49,62,-47,64,-49,62,-47,60,-51,62,-49,62,-55,62,-47,60,-58,55,-51,58,-60,62,-55,55,-62,58,-58,64,-60,62,-58,64,-62,69,-58,71,-60,71,-60,67,-62,71,-60,0,0,0,0,0,0,-51,-76,-51,-76,-53,-62,-49,-69,-53,-64,-42,-62,-44,-64,-44,-67,-44,-62,-40,-60,-44,-53,-44,-53,-49,-53,-44,-55,-42,-55,-47,-51,-47,-47,-38,-49,-38,-51,-49,-49,-47,-49,-44,-53,-40,-42,-40,-47,-44,-47,-44,-49,-49,-49,-44,-44,-44,-49,-49,-42,-44,-47,-44,-49,-40,-53,-42,-49,-42,-49,-38,-51,-44,-49,-35,-49,-38,-51,-35,-55,-35,-51,-33,-55,-24,-55,-26,-51,-22,-51,-26,-55,-15,-53,-17,-49,-11,-49,-15,-47,-8,-47,-13,-47,-6,-47,2,-47,2,-42,0,-40,8,-40,0,0,0,0,0,0,0,0,0,0]"""
1782173647309,2026-06-23T09:14:07.309,warning,breathing,lmh,lying_fast_breath,t001,"CSI_DATA,18743,1a:00:00:00:00:00,-61,11,-98,14,45,11,133144489,47,2,256,0,""[0,0,0,0,0,0,0,0,0,0,0,0,-13,-40,-8,-40,-6,-47,-4,-47,-4,-47,-2,-47,2,-51,4,-51,6,-60,8,-58,4,-62,6,-60,6,-67,13,-67,17,-64,20,-69,15,-73,24,-73,22,-62,26,-60,33,-60,29,-71,33,-71,29,-69,35,-73,29,-71,38,-71,35,-73,38,-69,31,-71,35,-67,35,-69,35,-67,35,-67,33,-71,35,-76,29,-67,29,-73,29,-73,26,-78,29,-73,26,-80,31,-78,29,-82,29,-71,29,-76,31,-76,26,-76,31,-80,31,-82,29,-80,33,-85,42,-85,42,-78,35,-87,33,-85,38,-82,0,0,0,0,0,0,-76,-47,-76,-49,-73,-35,-71,-47,-71,-44,-64,-44,-62,-40,-64,-44,-60,-40,-58,-44,-58,-42,-58,-42,-62,-42,-55,-38,-53,-42,-55,-35,-62,-35,-60,-35,-51,-35,-58,-35,-58,-33,-53,-40,-47,-29,-49,-35,-51,-38,-51,-40,-51,-38,-58,-26,-51,-35,-58,-33,-55,-38,-55,-42,-49,-40,-51,-35,-49,-38,-47,-44,-44,-44,-42,-42,-44,-49,-40,-53,-40,-49,-38,-51,-38,-49,-31,-47,-26,-51,-31,-53,-24,-51,-22,-49,-15,-49,-20,-49,-11,-49,-8,-44,-8,-42,-2,-42,-4,-40,-2,-40,6,-40,0,0,0,0,0,0,0,0,0,0]"""
1782173647320,2026-06-23T09:14:07.320,warning,breathing,lmh,lying_fast_breath,t001,"CSI_DATA,18744,1a:00:00:00:00:00,-61,11,-98,15,45,11,133157034,47,2,256,0,""[0,0,0,0,0,0,0,0,0,0,0,0,19,-36,23,-36,23,-34,28,-39,32,-36,30,-36,32,-39,34,-36,36,-45,41,-39,43,-43,43,-45,43,-47,47,-47,52,-41,52,-50,52,-50,60,-47,52,-43,56,-50,56,-47,58,-50,60,-50,60,-47,67,-45,56,-50,65,-45,67,-52,60,-47,54,-52,58,-50,60,-52,58,-52,54,-52,56,-56,56,-60,50,-56,52,-60,50,-60,47,-65,52,-63,39,-71,45,-69,45,-73,43,-67,36,-69,43,-73,36,-73,36,-73,45,-78,41,-73,41,-80,50,-80,50,-78,45,-82,41,-87,36,-80,0,0,0,0,0,0,-76,-50,-78,-50,-73,-36,-76,-45,-78,-39,-65,-45,-67,-36,-69,-36,-65,-34,-63,-36,-65,-32,-65,-32,-67,-28,-60,-30,-63,-30,-60,-26,-65,-26,-63,-26,-56,-26,-63,-19,-69,-15,-63,-23,-56,-15,-60,-19,-60,-19,-63,-15,-63,-17,-65,-13,-63,-19,-65,-10,-60,-17,-67,-17,-63,-17,-58,-13,-63,-17,-65,-21,-60,-21,-56,-17,-63,-21,-60,-21,-58,-23,-58,-23,-56,-28,-54,-26,-50,-30,-54,-21,-47,-23,-47,-28,-41,-30,-39,-23,-39,-30,-36,-28,-34,-30,-28,-30,-26,-32,-26,-28,-23,-32,0,0,0,0,0,0,0,0,0,0]"""
1782173647332,2026-06-23T09:14:07.332,warning,breathing,lmh,lying_fast_breath,t001,"CSI_DATA,18745,1a:00:00:00:00:00,-61,11,-98,15,45,11,133166443,47,2,256,0,""[0,0,0,0,0,0,0,0,0,0,0,0,30,-30,28,-26,34,-28,39,-26,39,-28,43,-26,43,-28,45,-26,50,-30,52,-28,56,-30,54,-30,60,-32,60,-28,60,-23,65,-23,67,-30,71,-26,63,-21,67,-23,67,-23,76,-21,76,-26,73,-23,80,-21,71,-30,76,-23,78,-26,78,-19,69,-26,71,-26,76,-26,76,-30,71,-28,73,-30,73,-34,69,-34,67,-41,71,-36,67,-41,67,-39,67,-47,69,-45,69,-47,67,-45,65,-50,69,-47,63,-52,67,-50,71,-54,71,-52,73,-56,73,-52,78,-50,73,-58,69,-54,73,-54,0,0,0,0,0,0,-41,-78,-45,-76,-47,-65,-47,-69,-50,-69,-45,-67,-45,-69,-39,-69,-43,-65,-36,-60,-43,-56,-39,-56,-45,-56,-41,-56,-41,-56,-43,-47,-47,-54,-45,-50,-36,-52,-45,-47,-47,-43,-43,-52,-41,-41,-41,-43,-39,-47,-41,-47,-47,-45,-50,-43,-45,-50,-50,-41,-47,-43,-47,-47,-43,-52,-43,-45,-43,-43,-41,-52,-41,-50,-41,-50,-41,-50,-39,-50,-39,-50,-36,-50,-34,-54,-32,-52,-26,-50,-32,-47,-21,-47,-23,-50,-17,-45,-19,-45,-15,-47,-17,-43,-8,-43,-8,-41,-6,-43,-2,-39,2,-36,0,0,0,0,0,0,0,0,0,0]"""
1782173647341,2026-06-23T09:14:07.341,warning,breathing,lmh,lying_fast_breath,t001,"CSI_DATA,18746,1a:00:00:00:00:00,-61,11,-98,17,44,11,133177586,47,2,256,0,""[0,0,0,0,0,0,0,0,0,0,0,0,0,39,-4,41,-2,43,-9,43,-13,48,-13,50,-11,48,-16,50,-20,52,-20,52,-20,57,-18,55,-16,62,-20,62,-34,57,-29,62,-29,66,-41,62,-34,62,-39,52,-50,55,-39,64,-43,64,-39,71,-41,69,-39,69,-43,64,-43,64,-48,62,-41,71,-41,59,-41,69,-39,66,-43,62,-39,71,-41,71,-34,66,-34,76,-36,71,-32,76,-34,73,-32,76,-34,76,-29,80,-32,71,-27,69,-36,76,-25,76,-29,80,-32,82,-27,87,-29,82,-41,82,-41,82,-34,89,-29,85,-32,85,0,0,0,0,0,0,76,48,73,46,78,39,76,43,76,39,66,43,69,39,73,43,71,36,62,39,62,36,59,32,66,36,66,32,62,36,62,29,69,27,62,27,57,29,62,27,59,25,59,34,55,18,57,25,59,32,59,27,57,27,62,18,64,25,62,18,57,25,62,27,62,34,55,29,55,29,57,32,55,32,57,34,55,41,48,41,48,36,48,39,50,39,48,41,43,41,43,39,39,46,36,39,27,39,32,43,27,43,23,36,20,34,20,41,18,36,16,39,11,41,0,0,0,0,0,0,0,0,0,0]"""
1782173647352,2026-06-23T09:14:07.352,warning,breathing,lmh,lying_fast_breath,t001,"CSI_DATA,18747,1a:00:00:00:00:00,-61,11,-98,15,45,11,133188442,47,2,256,0,""[0,0,0,0,0,0,0,0,0,0,0,0,-23,34,-23,30,-28,34,-30,36,-32,32,-36,34,-34,36,-39,36,-43,43,-41,41,-45,41,-45,43,-43,50,-45,45,-52,43,-54,45,-52,52,-58,47,-54,43,-52,43,-56,43,-58,52,-58,50,-56,52,-63,54,-54,56,-60,54,-56,56,-56,52,-52,58,-52,54,-54,60,-50,63,-45,63,-43,67,-45,67,-39,60,-36,67,-39,67,-32,73,-30,71,-26,78,-32,78,-21,84,-30,71,-23,78,-28,80,-17,78,-15,80,-19,89,-19,87,-19,87,-23,87,-23,91,-13,93,-10,95,-8,89,0,0,0,0,0,0,91,17,91,13,84,6,84,13,84,8,78,15,82,4,82,8,78,6,73,8,71,2,67,2,73,-4,71,-6,69,-2,65,-6,69,-13,63,-13,63,-6,63,-13,63,-17,67,-10,52,-17,58,-17,60,-15,63,-17,63,-17,58,-28,63,-21,60,-28,63,-19,65,-21,63,-21,58,-23,60,-23,65,-19,63,-23,58,-21,60,-21,63,-19,56,-17,63,-15,58,-15,58,-17,54,-8,56,-15,56,-8,52,-15,52,-6,50,-4,50,-4,43,-4,45,-4,43,0,43,0,43,4,41,2,0,0,0,0,0,0,0,0,0,0]"""
1782173647363,2026-06-23T09:14:07.363,warning,breathing,lmh,lying_fast_breath,t001,"CSI_DATA,18748,1a:00:00:00:00:00,-61,11,-98,14,44,11,133199442,47,2,256,0,""[0,0,0,0,0,0,0,0,0,0,0,0,10,40,7,40,7,42,7,50,10,47,7,50,7,52,7,50,12,57,10,60,15,57,17,62,17,62,20,67,15,65,17,62,27,65,17,70,20,67,20,62,17,60,27,75,32,65,35,70,32,75,40,62,40,67,42,70,37,62,47,62,45,60,55,60,55,57,52,52,65,52,57,50,57,42,67,37,67,27,70,30,67,25,70,17,87,30,115,47,120,30,87,5,115,-35,72,45,108,32,105,65,62,17,65,-55,35,17,65,32,22,-25,75,40,87,42,0,0,0,0,0,0,-80,-123,-50,-102,-47,-20,22,-90,12,-105,-57,-135,-47,-40,-57,-105,-45,-105,-15,-72,-82,-55,-47,-60,-52,-30,-47,-95,-50,-50,-55,-52,-55,-40,-52,-40,-40,-42,-55,-42,-60,-40,-47,-37,-47,-32,-55,-30,-52,-32,-55,-27,-62,-27,-67,-17,-62,-22,-65,-10,-57,-17,-65,-15,-62,-20,-67,-12,-60,-12,-67,-15,-62,-12,-62,-15,-65,-10,-62,-10,-55,-12,-65,-12,-60,-12,-60,-7,-60,-7,-55,-5,-52,-15,-55,-10,-52,-12,-52,-7,-47,-10,-50,-5,-40,-10,-47,-10,-42,-12,-37,-7,-37,-10,0,0,0,0,0,0,0,0,0,0]"""
1782173647374,2026-06-23T09:14:07.374,warning,breathing,lmh,lying_fast_breath,t001,"CSI_DATA,18749,1a:00:00:00:00:00,-61,11,-98,20,44,11,133212696,47,2,256,0,""[0,0,0,0,0,0,0,0,0,0,0,0,31,-29,31,-27,29,-29,40,-29,38,-33,38,-29,35,-33,40,-31,42,-40,46,-33,50,-38,48,-40,48,-44,48,-48,52,-42,50,-46,48,-57,52,-46,50,-46,48,-52,46,-52,50,-61,44,-54,48,-61,54,-63,38,-63,46,-59,44,-69,40,-65,35,-69,33,-65,33,-76,27,-71,25,-76,21,-80,14,-73,12,-69,8,-76,10,-80,0,-78,4,-82,-8,-78,-8,-78,-12,-84,-10,-78,-21,-78,-23,-76,-27,-76,-25,-78,-33,-88,-31,-82,-33,-80,-33,-80,-35,-86,-40,-80,-48,-80,-44,-80,0,0,0,0,0,0,-78,48,-78,48,-63,54,-71,50,-61,54,-59,46,-52,54,-63,57,-52,54,-54,52,-44,48,-40,52,-38,61,-42,59,-35,61,-33,54,-27,65,-29,59,-31,61,-23,59,-19,67,-16,61,-14,61,-14,63,-12,63,-12,67,-10,61,2,67,-6,67,4,61,-6,63,4,67,2,65,8,63,4,63,4,73,6,65,8,65,8,67,4,63,10,59,6,63,6,63,4,61,4,63,12,59,8,59,8,54,2,54,6,48,0,48,2,48,2,46,-2,50,0,46,2,40,-10,42,0,0,0,0,0,0,0,0,0,0]"""
1782173647393,2026-06-23T09:14:07.393,warning,breathing,lmh,lying_fast_breath,t001,"CSI_DATA,18751,1a:00:00:00:00:00,-61,11,-98,15,45,11,133232867,47,2,256,0,""[0,0,0,0,0,0,0,0,0,0,0,0,36,19,36,21,36,23,41,28,39,28,36,32,39,34,36,36,41,41,41,41,41,47,39,47,47,50,41,54,34,58,36,63,43,60,34,67,32,60,36,60,30,63,36,71,28,69,32,71,30,76,28,73,23,76,28,76,23,73,30,73,23,71,30,76,30,73,28,71,34,73,28,73,26,69,30,71,32,71,36,71,34,71,41,69,32,73,43,73,32,71,34,69,34,76,36,69,39,71,36,80,39,80,36,80,32,87,28,84,36,87,39,91,36,84,0,0,0,0,0,0,89,-21,87,-21,82,-28,80,-15,82,-19,80,-10,76,-17,80,-17,73,-15,71,-6,67,-10,67,-8,71,-15,69,-13,67,-8,63,-10,67,-17,67,-15,69,-10,65,-13,63,-17,65,-10,63,-17,63,-13,63,-8,65,-13,65,-8,63,-15,65,-10,63,-13,63,-4,65,-6,65,-4,65,-4,65,-4,67,-2,67,0,65,0,67,4,63,8,58,6,60,15,63,15,60,10,54,17,56,17,50,21,52,21,45,26,43,26,41,28,39,26,39,28,36,28,28,32,23,30,23,32,0,0,0,0,0,0,0,0,0,0]"""
1782173647405,2026-06-23T09:14:07.405,warning,breathing,lmh,lying_fast_breath,t001,"CSI_DATA,18752,1a:00:00:00:00:00,-61,11,-98,15,45,11,133243449,47,2,256,0,""[0,0,0,0,0,0,0,0,0,0,0,0,15,-39,17,-36,19,-39,21,-41,23,-43,23,-41,19,-43,23,-45,26,-52,26,-52,28,-54,26,-52,23,-63,28,-63,30,-60,28,-60,21,-67,26,-69,26,-65,28,-71,26,-73,23,-71,19,-69,21,-76,26,-82,10,-73,19,-71,15,-76,15,-80,6,-80,6,-71,2,-84,-2,-80,-2,-73,-10,-78,-13,-76,-13,-69,-21,-71,-19,-80,-32,-76,-28,-73,-34,-71,-36,-71,-47,-71,-39,-65,-47,-67,-43,-65,-52,-58,-54,-63,-56,-69,-60,-67,-60,-60,-58,-67,-60,-65,-71,-65,-73,-65,-71,-56,0,0,0,0,0,0,-56,71,-52,73,-43,76,-41,67,-36,69,-39,69,-36,69,-39,76,-34,69,-30,67,-23,65,-19,65,-17,69,-17,69,-13,67,-8,63,-4,73,-4,69,-4,69,-2,65,10,65,2,65,8,63,8,63,8,65,13,67,17,60,21,63,17,67,23,60,17,58,21,65,21,65,30,63,23,52,26,65,30,60,30,54,28,60,23,54,26,52,26,54,21,58,28,54,23,56,26,47,21,50,21,50,17,45,19,43,17,43,21,39,15,43,15,50,10,41,8,39,2,39,0,0,0,0,0,0,0,0,0,0]"""
1782173647415,2026-06-23T09:14:07.415,warning,breathing,lmh,lying_fast_breath,t001,"CSI_DATA,18753,1a:00:00:00:00:00,-61,11,-98,15,45,11,133254442,47,2,256,0,""[0,0,0,0,0,0,0,0,0,0,0,0,-17,36,-23,34,-23,32,-30,36,-32,36,-32,39,-30,41,-34,34,-39,43,-41,39,-47,41,-43,43,-47,45,-52,43,-54,34,-58,41,-58,45,-67,39,-60,36,-56,36,-60,34,-67,41,-67,39,-69,36,-73,36,-67,39,-73,34,-69,39,-69,30,-69,34,-65,34,-71,39,-67,41,-65,36,-65,43,-69,45,-63,39,-67,45,-67,43,-65,47,-67,41,-60,54,-65,45,-67,54,-60,45,-58,52,-65,54,-60,54,-63,54,-71,54,-69,52,-71,52,-76,52,-76,54,-78,54,-69,54,-76,56,0,0,0,0,0,0,43,78,41,80,47,69,47,76,43,73,36,67,39,65,36,69,34,63,32,65,36,60,36,58,41,63,34,63,34,65,36,56,34,63,32,56,30,54,39,56,41,52,36,56,30,50,32,50,32,54,34,54,36,54,34,52,34,56,41,52,34,52,36,56,34,56,32,56,32,54,26,60,30,56,28,58,30,60,26,58,26,56,19,58,13,60,13,56,8,56,13,56,8,54,6,56,2,52,6,50,2,50,2,45,-2,45,-6,45,-10,41,-6,39,-15,36,0,0,0,0,0,0,0,0,0,0]"""
1782173647426,2026-06-23T09:14:07.426,warning,breathing,lmh,lying_fast_breath,t001,"CSI_DATA,18754,1a:00:00:00:00:00,-61,11,-98,14,45,11,133265442,47,2,256,0,""[0,0,0,0,0,0,0,0,0,0,0,0,22,33,22,33,24,38,22,42,22,44,17,42,26,44,22,49,26,49,26,53,24,53,24,53,31,58,29,62,24,64,26,64,33,62,29,69,26,67,24,71,26,73,31,69,31,69,33,69,35,78,38,64,31,69,33,71,35,73,44,69,35,67,42,69,47,64,44,62,51,62,53,60,51,55,55,53,58,58,64,51,60,53,64,44,60,47,73,49,60,44,67,42,67,40,69,40,73,40,78,47,78,38,78,38,76,44,78,44,87,42,87,40,89,38,0,0,0,0,0,0,42,-85,40,-85,33,-85,29,-76,26,-78,31,-67,29,-76,31,-80,29,-71,24,-62,17,-67,20,-62,11,-69,17,-69,17,-67,11,-62,6,-71,11,-69,6,-67,-2,-62,-4,-67,4,-64,-2,-62,0,-62,2,-67,-2,-64,-4,-62,-8,-62,-2,-67,-13,-58,-4,-60,-6,-62,-8,-67,-13,-64,-8,-58,-4,-69,-8,-67,-8,-64,-6,-71,-8,-62,-6,-58,-2,-55,-2,-62,-6,-60,2,-60,-2,-55,2,-53,0,-58,4,-49,2,-47,4,-47,4,-44,6,-47,13,-49,11,-42,8,-40,13,-38,0,0,0,0,0,0,0,0,0,0]"""
1782173647438,2026-06-23T09:14:07.438,warning,breathing,lmh,lying_fast_breath,t001,"CSI_DATA,18755,1a:00:00:00:00:00,-61,11,-98,15,45,11,133276817,47,2,256,0,""[0,0,0,0,0,0,0,0,0,0,0,0,17,-39,21,-36,21,-34,26,-39,21,-39,28,-39,28,-41,32,-41,34,-50,32,-45,36,-45,39,-47,34,-56,39,-54,47,-50,45,-54,43,-60,47,-54,43,-47,43,-56,43,-52,52,-60,50,-54,45,-60,52,-65,43,-63,52,-60,52,-65,45,-58,41,-67,43,-58,41,-69,39,-67,39,-65,36,-69,32,-71,28,-67,26,-73,26,-69,21,-78,28,-78,15,-78,19,-78,13,-80,17,-78,15,-78,19,-80,13,-78,8,-82,8,-91,6,-84,6,-91,13,-93,10,-87,2,-93,2,-91,2,-87,0,0,0,0,0,0,-91,-8,-87,-2,-82,4,-80,-6,-84,0,-78,-4,-71,4,-78,4,-73,2,-76,0,-69,4,-69,2,-73,10,-69,8,-67,6,-65,15,-65,21,-63,17,-67,13,-63,17,-65,23,-65,15,-54,21,-56,23,-58,19,-58,23,-60,21,-56,30,-58,28,-58,32,-58,28,-63,26,-58,28,-56,32,-56,28,-60,26,-56,26,-54,26,-60,23,-60,23,-54,21,-58,23,-56,19,-56,19,-56,17,-54,19,-54,13,-52,15,-52,13,-47,8,-47,8,-45,8,-45,4,-45,2,-41,4,-41,-2,-43,-6,0,0,0,0,0,0,0,0,0,0]"""
1782173647448,2026-06-23T09:14:07.448,warning,breathing,lmh,lying_fast_breath,t001,"CSI_DATA,18756,1a:00:00:00:00:00,-61,11,-98,16,45,11,133287441,47,2,256,0,""[0,0,0,0,0,0,0,0,0,0,0,0,-38,12,-40,12,-42,8,-50,8,-46,4,-48,4,-48,6,-50,2,-57,6,-59,2,-59,4,-61,4,-65,0,-69,-2,-67,-8,-67,-4,-71,0,-73,-6,-69,-10,-67,-10,-71,-12,-73,-12,-73,-12,-73,-12,-80,-16,-73,-8,-76,-12,-78,-12,-76,-19,-78,-12,-71,-8,-78,-14,-78,-12,-76,-12,-80,-8,-76,-2,-71,-2,-80,0,-78,-4,-80,2,-80,0,-78,10,-80,4,-84,8,-80,6,-80,10,-82,8,-76,14,-82,6,-86,6,-84,8,-84,12,-90,6,-86,6,-90,8,-90,6,-88,10,0,0,0,0,0,0,-2,86,-2,88,6,86,2,80,6,82,2,78,0,80,0,82,2,73,0,69,6,69,6,67,8,69,4,69,6,69,12,65,8,69,6,65,2,63,8,63,14,65,8,63,12,61,10,61,6,63,6,63,12,59,14,61,8,65,19,61,12,61,12,65,6,65,10,65,10,59,4,65,4,65,2,63,0,65,0,63,0,57,0,63,-8,63,-6,59,-10,59,-4,57,-8,54,-8,52,-12,46,-8,46,-16,44,-12,42,-16,42,-19,38,-23,35,-21,38,-21,29,0,0,0,0,0,0,0,0,0,0]"""
1782173647460,2026-06-23T09:14:07.460,warning,breathing,lmh,lying_fast_breath,t001,"CSI_DATA,18757,1a:00:00:00:00:00,-61,11,-98,15,45,11,133298441,47,2,256,0,""[0,0,0,0,0,0,0,0,0,0,0,0,-8,39,-13,39,-13,39,-19,45,-15,45,-17,45,-19,45,-21,45,-21,54,-23,54,-23,54,-21,56,-21,63,-23,60,-30,60,-28,63,-26,67,-32,63,-23,63,-26,65,-28,60,-30,73,-30,69,-23,71,-26,80,-21,73,-26,71,-26,76,-23,71,-19,80,-17,69,-15,80,-15,76,-10,76,-6,78,-4,76,-4,73,4,76,2,78,10,78,6,80,17,76,15,80,21,84,15,78,21,78,26,78,26,73,32,76,32,82,36,78,36,78,32,87,30,82,43,87,43,84,45,80,0,0,0,0,0,0,82,-43,78,-41,76,-52,73,-36,69,-41,67,-36,65,-45,69,-43,63,-41,58,-41,56,-41,54,-36,56,-47,50,-47,50,-47,45,-45,43,-56,41,-52,45,-47,41,-50,36,-56,39,-52,30,-54,32,-56,32,-52,32,-56,30,-54,21,-60,28,-63,21,-60,26,-54,30,-56,23,-58,21,-60,26,-56,28,-65,26,-58,21,-63,26,-60,26,-54,23,-54,28,-54,26,-58,23,-54,28,-52,26,-50,28,-50,23,-50,30,-43,28,-36,28,-39,26,-39,28,-39,26,-36,28,-32,28,-28,30,-28,0,0,0,0,0,0,0,0,0,0]"""
1782173647482,2026-06-23T09:14:07.482,warning,breathing,lmh,lying_fast_breath,t001,"CSI_DATA,18759,1a:00:00:00:00:00,-61,11,-98,18,44,11,133320903,47,2,256,0,""[0,0,0,0,0,0,0,0,0,0,0,0,-20,33,-20,31,-24,38,-29,38,-26,35,-31,38,-29,40,-29,38,-38,44,-38,42,-38,44,-40,44,-38,49,-42,53,-44,47,-47,49,-49,53,-53,51,-47,47,-47,47,-55,42,-51,55,-55,55,-51,55,-55,60,-49,58,-53,53,-55,55,-51,55,-49,62,-44,51,-49,62,-42,62,-42,62,-40,69,-40,67,-33,62,-31,69,-33,71,-31,73,-33,76,-26,73,-26,73,-22,78,-24,76,-24,73,-20,76,-17,80,-17,80,-20,85,-13,87,-17,85,-22,87,-17,85,-20,94,-15,98,-17,96,0,0,0,0,0,0,85,22,87,17,85,6,78,15,82,8,78,13,76,8,80,11,78,8,78,17,71,8,67,4,69,4,73,2,71,6,67,-2,73,-4,67,-11,62,-2,64,-2,64,-11,62,-4,58,-11,60,-13,62,-8,64,-8,62,-13,62,-20,67,-15,62,-20,62,-15,64,-13,62,-11,62,-20,58,-13,69,-13,67,-15,60,-15,64,-17,67,-8,55,-13,62,-8,62,-4,60,-6,60,-4,55,-6,55,2,55,-6,53,2,51,0,49,2,49,2,49,2,47,6,40,4,40,11,38,13,0,0,0,0,0,0,0,0,0,0]"""
1782173647493,2026-06-23T09:14:07.493,warning,breathing,lmh,lying_fast_breath,t001,"CSI_DATA,18760,1a:00:00:00:00:00,-61,11,-98,15,45,11,133331483,47,2,256,0,""[0,0,0,0,0,0,0,0,0,0,0,0,17,-36,19,-34,21,-39,21,-43,21,-45,23,-39,26,-41,28,-43,32,-50,28,-52,28,-52,26,-52,28,-60,28,-60,34,-56,32,-56,28,-65,34,-65,28,-60,36,-67,34,-69,34,-69,32,-67,28,-73,32,-76,21,-69,28,-67,28,-73,23,-78,17,-76,21,-69,17,-80,15,-76,15,-76,6,-80,2,-76,2,-71,-4,-78,-4,-80,-17,-80,-10,-80,-19,-76,-15,-76,-28,-82,-19,-73,-28,-73,-23,-76,-30,-71,-34,-78,-34,-84,-43,-78,-41,-76,-39,-80,-39,-78,-52,-76,-52,-76,-54,-76,0,0,0,0,0,0,-76,47,-73,47,-65,56,-65,50,-67,56,-60,50,-58,56,-60,56,-52,54,-54,45,-45,50,-45,47,-45,54,-43,56,-39,54,-30,52,-32,65,-28,60,-30,58,-26,54,-21,60,-28,60,-17,58,-21,60,-21,63,-19,65,-19,58,-6,65,-13,67,-6,65,-8,63,-13,63,-8,67,-6,65,-6,58,-10,67,-8,67,-8,63,-6,67,-13,60,-6,56,-6,58,-8,60,-4,63,-8,58,-4,54,-13,54,-4,58,-13,47,-10,47,-15,43,-8,45,-8,43,-13,41,-10,41,-13,36,-15,36,0,0,0,0,0,0,0,0,0,0]"""
1782173647504,2026-06-23T09:14:07.504,warning,breathing,lmh,lying_fast_breath,t001,"CSI_DATA,18761,1a:00:00:00:00:00,-61,11,-98,14,45,11,133342842,47,2,256,0,""[0,0,0,0,0,0,0,0,0,0,0,0,4,-40,8,-38,8,-42,11,-44,11,-49,15,-47,11,-49,13,-47,15,-53,17,-55,15,-58,11,-58,13,-64,13,-67,17,-62,20,-64,13,-71,20,-69,20,-64,20,-73,15,-76,17,-76,15,-73,11,-78,15,-80,8,-73,15,-76,11,-76,8,-78,2,-78,4,-71,2,-82,-2,-80,0,-76,-6,-80,-11,-76,-13,-69,-20,-73,-17,-73,-29,-73,-24,-73,-31,-71,-29,-71,-42,-76,-31,-69,-38,-67,-38,-69,-42,-64,-47,-69,-47,-73,-49,-73,-53,-67,-47,-71,-49,-69,-58,-71,-62,-69,-62,-69,0,0,0,0,0,0,-67,58,-69,60,-60,64,-58,58,-58,60,-53,53,-53,60,-53,60,-47,60,-47,51,-42,55,-35,53,-38,62,-38,60,-31,58,-26,58,-26,64,-26,60,-26,60,-22,58,-15,62,-20,62,-13,58,-13,62,-15,60,-13,62,-13,62,-2,64,-8,64,-2,60,-4,62,-6,64,-4,67,0,64,-4,62,-6,69,-6,69,-4,62,-4,64,-6,60,-4,55,-6,60,-6,64,-2,60,-6,58,-4,53,-8,53,-2,55,-11,47,-8,47,-11,47,-8,42,-11,44,-13,38,-13,42,-13,40,-17,33,0,0,0,0,0,0,0,0,0,0]"""
1782173647516,2026-06-23T09:14:07.516,warning,breathing,lmh,lying_fast_breath,t001,"CSI_DATA,18762,1a:00:00:00:00:00,-61,11,-98,19,44,11,133354259,47,2,256,0,""[0,0,0,0,0,0,0,0,0,0,0,0,26,-32,26,-30,30,-32,32,-32,36,-36,36,-30,34,-32,43,-34,45,-36,45,-36,43,-39,43,-39,45,-43,45,-47,52,-43,56,-47,50,-50,56,-43,50,-43,54,-43,60,-41,54,-50,54,-52,54,-56,58,-58,45,-58,50,-56,54,-56,54,-60,47,-63,45,-54,47,-65,45,-63,41,-63,34,-67,36,-69,30,-65,23,-73,26,-67,19,-78,23,-78,17,-78,19,-73,13,-87,10,-71,10,-76,13,-80,4,-78,4,-84,6,-91,-2,-82,-2,-89,0,-91,4,-87,-8,-97,-13,-91,-8,-91,0,0,0,0,0,0,-95,8,-87,6,-78,13,-84,6,-84,13,-71,8,-76,15,-80,17,-76,17,-67,15,-67,19,-65,17,-69,26,-69,26,-58,21,-58,30,-63,36,-60,34,-58,28,-54,32,-52,39,-56,36,-45,36,-50,39,-54,39,-52,39,-50,39,-45,47,-50,47,-39,47,-45,47,-43,47,-45,47,-43,50,-43,45,-47,47,-43,47,-43,45,-43,47,-45,43,-39,45,-43,41,-47,43,-43,43,-43,41,-45,43,-43,36,-39,43,-36,28,-36,30,-36,28,-36,26,-36,26,-41,28,-34,23,-36,23,-41,17,0,0,0,0,0,0,0,0,0,0]"""
1782173647528,2026-06-23T09:14:07.528,warning,breathing,lmh,lying_fast_breath,t001,"CSI_DATA,18763,1a:00:00:00:00:00,-61,11,-98,17,45,11,133366510,47,2,256,0,""[0,0,0,0,0,0,0,0,0,0,0,0,-14,-36,-12,-36,-14,-43,-12,-47,-12,-43,-14,-47,-16,-45,-14,-49,-20,-53,-16,-57,-18,-59,-22,-57,-24,-61,-22,-61,-18,-65,-22,-65,-32,-63,-24,-65,-28,-61,-26,-69,-28,-71,-34,-67,-32,-67,-36,-67,-34,-71,-39,-61,-36,-63,-43,-65,-41,-63,-49,-57,-47,-55,-55,-61,-53,-57,-53,-55,-57,-53,-63,-43,-57,-41,-67,-39,-65,-47,-71,-39,-69,-36,-73,-20,-75,-24,-82,-22,-75,-18,-75,-14,-78,-14,-82,-12,-78,-6,-90,-12,-86,-4,-84,0,-88,-2,-86,-2,-92,6,-90,6,-90,10,0,0,0,0,0,0,4,88,10,88,18,84,18,80,20,75,18,75,26,73,22,78,22,69,24,67,30,63,26,61,36,65,30,63,32,61,36,53,43,57,41,53,36,55,43,45,53,39,47,47,47,39,49,41,47,45,51,39,51,30,55,34,55,36,59,28,53,28,59,26,57,30,59,26,57,20,61,32,61,28,59,24,61,24,55,22,55,20,59,20,57,24,57,22,53,24,55,16,49,20,53,18,45,18,43,18,43,18,41,18,41,18,34,24,36,26,30,20,34,22,0,0,0,0,0,0,0,0,0,0]"""
1782173647539,2026-06-23T09:14:07.539,warning,breathing,lmh,lying_fast_breath,t001,"CSI_DATA,18764,1a:00:00:00:00:00,-61,11,-98,18,44,11,133375464,47,2,256,0,""[0,0,0,0,0,0,0,0,0,0,0,0,42,-17,38,-13,42,-13,47,-13,47,-11,44,-11,51,-13,49,-8,60,-15,53,-15,58,-17,58,-20,62,-22,62,-15,62,-15,69,-13,67,-24,69,-17,62,-15,71,-15,73,-22,73,-20,69,-20,67,-29,73,-29,64,-31,71,-22,73,-29,71,-29,69,-33,64,-33,69,-38,67,-38,62,-40,62,-47,58,-49,55,-44,58,-55,55,-53,49,-60,53,-55,47,-64,51,-62,42,-71,47,-64,44,-71,40,-67,33,-71,38,-76,42,-80,33,-80,31,-78,40,-80,33,-80,29,-87,31,-85,26,-91,0,0,0,0,0,0,-82,-33,-82,-29,-82,-22,-80,-29,-80,-15,-73,-17,-76,-15,-73,-15,-71,-8,-71,-15,-71,-8,-64,-8,-76,-6,-67,-4,-71,-2,-60,4,-71,4,-64,6,-64,2,-64,11,-64,20,-64,8,-53,11,-60,15,-62,13,-62,11,-58,15,-60,22,-60,24,-55,31,-55,24,-64,26,-58,22,-55,31,-55,29,-64,26,-62,26,-58,26,-60,24,-60,20,-51,24,-58,26,-58,22,-58,24,-51,15,-53,22,-53,20,-51,20,-49,11,-47,13,-51,8,-42,8,-42,11,-47,6,-44,6,-40,6,-40,-2,0,0,0,0,0,0,0,0,0,0]"""
1782173647548,2026-06-23T09:14:07.548,warning,breathing,lmh,lying_fast_breath,t001,"CSI_DATA,18765,1a:00:00:00:00:00,-61,11,-98,15,45,11,133386613,47,2,256,0,""[0,0,0,0,0,0,0,0,0,0,0,0,39,4,39,10,43,8,43,10,43,17,43,19,45,19,43,26,47,26,52,30,50,34,52,32,56,32,56,39,50,43,50,47,56,43,50,56,50,52,45,50,43,58,54,58,47,58,50,60,50,67,47,58,43,60,45,63,45,65,45,60,41,60,45,67,47,65,43,60,50,60,50,63,43,56,47,58,50,63,56,63,50,60,52,58,47,60,60,65,47,58,54,58,50,60,52,56,58,65,58,71,56,67,52,65,50,73,47,76,56,76,54,76,52,71,0,0,0,0,0,0,82,-36,80,-36,71,-43,73,-30,76,-34,69,-26,73,-32,71,-30,71,-28,65,-21,63,-23,60,-21,67,-28,67,-30,60,-21,60,-21,65,-32,63,-26,58,-21,56,-23,56,-26,65,-21,52,-26,56,-23,63,-19,60,-26,60,-19,58,-26,69,-21,56,-26,58,-15,60,-13,65,-15,60,-17,63,-8,65,-8,65,-8,63,-10,67,-8,60,-4,60,0,58,6,65,4,63,4,56,8,54,8,50,15,54,10,45,15,47,17,43,19,39,19,34,21,36,26,34,28,30,26,28,32,0,0,0,0,0,0,0,0,0,0]"""
1782173647559,2026-06-23T09:14:07.559,warning,breathing,lmh,lying_fast_breath,t001,"CSI_DATA,18766,1a:00:00:00:00:00,-61,11,-98,16,45,11,133397441,47,2,256,0,""[0,0,0,0,0,0,0,0,0,0,0,0,25,-29,29,-29,27,-31,31,-33,33,-35,33,-31,35,-33,35,-35,40,-42,38,-42,40,-44,35,-44,38,-52,40,-52,42,-50,42,-52,40,-57,42,-57,38,-54,44,-61,44,-61,44,-65,42,-63,35,-69,40,-71,29,-67,33,-67,31,-71,29,-78,23,-76,21,-69,23,-76,16,-78,14,-73,8,-80,6,-76,4,-71,-4,-73,-2,-80,-12,-78,-12,-78,-23,-73,-14,-76,-29,-84,-25,-69,-27,-73,-29,-73,-35,-67,-35,-76,-44,-80,-46,-71,-48,-69,-44,-76,-44,-73,-57,-73,-59,-71,-59,-67,0,0,0,0,0,0,-65,59,-63,65,-54,65,-50,59,-50,63,-50,54,-44,67,-50,69,-42,63,-42,59,-29,57,-29,59,-27,63,-27,67,-27,61,-19,63,-19,71,-14,67,-19,63,-10,61,0,63,-4,67,0,61,0,61,0,65,4,63,2,61,14,63,8,67,16,61,10,59,12,63,16,67,19,61,16,59,14,67,19,63,19,59,19,65,14,57,16,54,19,57,19,61,21,57,16,54,21,50,14,48,21,52,12,42,12,44,6,46,12,42,10,44,12,42,6,42,6,40,4,40,0,0,0,0,0,0,0,0,0,0]"""
1782173647569,2026-06-23T09:14:07.569,warning,breathing,lmh,lying_fast_breath,t001,"CSI_DATA,18767,1a:00:00:00:00:00,-62,11,-98,12,45,11,133408441,47,2,256,0,""[0,0,0,0,0,0,0,0,0,0,0,0,37,9,35,14,40,14,40,23,40,21,40,28,40,28,40,33,42,40,37,40,40,45,37,49,37,49,37,52,30,61,30,61,37,61,30,68,23,59,18,68,16,73,21,68,18,73,16,78,11,78,14,78,7,78,9,78,0,78,4,75,2,73,0,78,0,78,-2,71,0,78,0,78,-7,73,0,73,-14,78,-2,71,-2,75,-11,73,0,66,-28,59,-21,111,7,82,-45,40,-4,49,-30,37,-23,161,9,82,-68,66,-4,37,-23,54,-68,18,0,71,35,47,0,0,0,0,0,0,99,135,73,68,-4,64,97,7,71,14,101,85,52,64,87,7,16,78,66,42,87,45,21,52,37,75,11,52,37,47,47,54,45,59,33,54,26,52,35,52,40,54,30,56,28,49,30,54,23,56,28,54,26,56,28,56,23,61,26,56,18,59,18,66,11,64,14,61,11,59,7,68,7,61,2,61,0,64,-4,61,-7,59,-11,66,-16,59,-14,56,-21,52,-18,54,-26,49,-23,47,-30,42,-28,40,-33,35,-28,33,-30,26,-37,28,-37,21,-35,16,-37,14,0,0,0,0,0,0,0,0,0,0]"""
1782173647583,2026-06-23T09:14:07.583,warning,breathing,lmh,lying_fast_breath,t001,"CSI_DATA,18768,1a:00:00:00:00:00,-61,11,-98,16,45,11,133421354,47,2,256,0,""[0,0,0,0,0,0,0,0,0,0,0,0,-31,21,-35,19,-38,21,-44,19,-42,16,-46,16,-46,16,-50,10,-54,14,-57,10,-57,10,-59,14,-65,14,-65,8,-67,2,-67,2,-73,8,-69,-2,-71,-4,-71,-2,-71,-8,-80,-6,-69,-10,-73,-10,-82,-14,-73,-6,-73,-14,-78,-16,-73,-16,-76,-8,-69,-10,-80,-14,-78,-14,-73,-16,-82,-14,-76,-10,-69,-8,-73,-6,-76,-12,-80,-2,-80,-10,-73,2,-78,-6,-82,-4,-76,-4,-76,0,-76,-6,-78,-4,-80,-6,-88,-8,-86,-6,-86,-8,-88,-14,-84,-12,-95,-12,-97,-14,-88,-19,0,0,0,0,0,0,-27,88,-27,86,-21,84,-27,78,-19,73,-27,76,-23,73,-31,80,-25,71,-25,63,-25,63,-27,61,-23,69,-25,65,-25,63,-16,59,-21,67,-23,63,-27,61,-16,59,-12,61,-23,59,-19,59,-23,61,-25,59,-25,59,-21,54,-21,61,-25,63,-16,61,-25,54,-27,59,-31,61,-27,59,-27,52,-35,61,-35,57,-33,54,-38,54,-38,48,-33,44,-38,44,-44,44,-42,42,-46,40,-38,35,-42,33,-42,33,-40,25,-40,23,-42,16,-40,19,-42,14,-46,12,-42,10,-40,10,-40,2,0,0,0,0,0,0,0,0,0,0]"""
1782173647594,2026-06-23T09:14:07.594,warning,breathing,lmh,lying_fast_breath,t001,"CSI_DATA,18769,1a:00:00:00:00:00,-61,11,-98,16,45,11,133430440,47,2,256,0,""[0,0,0,0,0,0,0,0,0,0,0,0,8,-40,8,-38,10,-40,16,-46,14,-46,16,-46,19,-48,19,-46,19,-50,21,-52,23,-52,23,-57,23,-63,25,-59,29,-57,29,-61,25,-65,33,-65,29,-59,33,-67,31,-63,31,-65,35,-69,31,-69,38,-71,33,-67,35,-67,35,-69,31,-67,23,-69,31,-69,27,-76,27,-73,23,-69,23,-76,21,-76,16,-69,14,-73,16,-76,6,-76,10,-76,4,-78,6,-80,0,-86,8,-76,2,-78,6,-82,-2,-78,-4,-78,-2,-88,-8,-86,-4,-86,0,-88,2,-92,-10,-90,-10,-90,-10,-82,0,0,0,0,0,0,-86,2,-88,4,-86,10,-80,4,-84,6,-78,4,-73,12,-78,10,-71,8,-71,2,-71,8,-67,8,-71,14,-69,12,-67,8,-63,16,-63,21,-63,21,-59,14,-61,21,-57,27,-63,16,-52,25,-57,25,-57,21,-57,23,-61,23,-57,31,-59,27,-54,29,-61,21,-61,25,-54,29,-54,31,-59,25,-61,27,-59,25,-54,25,-61,25,-59,19,-57,21,-59,21,-57,19,-54,16,-54,14,-54,19,-50,12,-52,12,-50,6,-48,6,-46,4,-46,4,-44,4,-44,2,-40,-4,-40,-4,-40,-8,0,0,0,0,0,0,0,0,0,0]"""
1782173647605,2026-06-23T09:14:07.605,warning,breathing,lmh,lying_fast_breath,t001,"CSI_DATA,18770,1a:00:00:00:00:00,-61,11,-98,16,45,11,133441440,47,2,256,0,""[0,0,0,0,0,0,0,0,0,0,0,0,-14,-35,-14,-35,-12,-38,-12,-48,-10,-44,-10,-46,-12,-48,-14,-46,-19,-52,-14,-54,-19,-54,-23,-57,-21,-63,-21,-61,-14,-61,-23,-63,-29,-63,-25,-65,-23,-67,-19,-67,-21,-69,-31,-69,-33,-67,-38,-69,-35,-76,-40,-57,-38,-65,-40,-67,-35,-65,-44,-61,-42,-54,-50,-63,-52,-59,-50,-54,-57,-52,-59,-48,-54,-40,-65,-42,-65,-44,-71,-40,-65,-35,-71,-23,-71,-31,-78,-27,-76,-23,-78,-16,-76,-19,-76,-14,-80,-14,-84,-12,-86,-10,-84,-6,-90,-10,-86,-8,-95,0,-95,0,-88,-2,0,0,0,0,0,0,-2,86,2,86,10,84,10,80,14,78,12,78,14,78,12,80,14,69,19,67,23,67,23,63,29,63,27,61,29,61,35,54,42,59,35,54,31,54,40,46,46,44,42,48,42,48,44,46,44,46,44,46,46,38,54,38,54,42,54,29,50,35,54,35,54,40,57,33,52,27,57,38,57,35,54,33,57,33,52,29,52,25,57,27,54,31,50,29,50,31,48,25,48,25,50,27,44,23,42,21,40,25,35,25,35,27,40,27,33,29,29,25,25,27,0,0,0,0,0,0,0,0,0,0]"""
1782173647616,2026-06-23T09:14:07.616,warning,breathing,lmh,lying_fast_breath,t001,"CSI_DATA,18771,1a:00:00:00:00:00,-61,11,-98,17,45,11,133452440,47,2,256,0,""[0,0,0,0,0,0,0,0,0,0,0,0,-18,36,-20,36,-22,36,-22,39,-24,41,-28,39,-28,39,-30,41,-30,47,-32,47,-30,51,-32,49,-34,53,-34,55,-39,53,-39,55,-39,61,-41,57,-39,57,-36,63,-39,57,-43,65,-43,59,-39,67,-39,69,-32,63,-39,63,-39,67,-34,65,-28,73,-28,63,-28,78,-24,73,-20,71,-20,78,-18,75,-10,69,-8,73,-6,75,0,78,-4,80,6,78,4,80,12,84,6,75,10,73,12,78,16,78,20,80,20,86,24,84,24,82,20,86,16,82,32,88,34,86,30,84,0,0,0,0,0,0,88,-28,82,-32,78,-39,73,-30,69,-34,69,-28,65,-36,73,-39,65,-36,61,-32,57,-34,55,-34,61,-43,55,-43,53,-41,47,-43,45,-53,45,-51,47,-47,43,-45,39,-53,41,-47,34,-51,39,-51,36,-49,36,-55,34,-49,30,-57,32,-59,22,-57,30,-51,30,-57,28,-57,22,-61,26,-55,30,-63,26,-59,26,-59,28,-61,30,-51,26,-51,30,-53,28,-53,24,-53,24,-51,22,-47,28,-43,24,-47,28,-39,26,-39,30,-36,26,-36,26,-39,30,-30,26,-30,28,-32,30,-24,0,0,0,0,0,0,0,0,0,0]"""
1782173647627,2026-06-23T09:14:07.627,warning,breathing,lmh,lying_fast_breath,t001,"CSI_DATA,18772,1a:00:00:00:00:00,-61,11,-98,15,45,11,133463440,47,2,256,0,""[0,0,0,0,0,0,0,0,0,0,0,0,-8,-39,-2,-41,2,-43,4,-47,6,-50,6,-45,6,-47,13,-52,8,-58,15,-58,17,-60,19,-58,21,-63,23,-63,32,-56,34,-65,26,-63,36,-65,32,-52,34,-60,36,-60,43,-63,45,-65,43,-60,52,-63,41,-60,50,-58,52,-58,52,-56,45,-56,50,-56,50,-60,50,-60,47,-54,47,-60,45,-67,45,-58,43,-63,50,-60,45,-65,50,-58,41,-67,47,-63,50,-69,45,-58,45,-65,52,-65,43,-65,50,-65,58,-71,54,-69,52,-69,60,-69,63,-69,60,-67,58,-67,65,-65,0,0,0,0,0,0,-50,-71,-54,-73,-52,-60,-50,-67,-52,-69,-39,-63,-43,-60,-41,-65,-41,-63,-34,-60,-41,-60,-36,-56,-43,-60,-36,-58,-34,-58,-39,-50,-36,-58,-34,-54,-28,-54,-34,-56,-39,-54,-32,-58,-30,-47,-30,-52,-28,-54,-30,-54,-32,-58,-32,-52,-30,-60,-36,-54,-28,-56,-28,-58,-23,-65,-23,-54,-23,-58,-19,-60,-19,-63,-19,-60,-15,-65,-13,-67,-13,-60,-10,-63,-4,-60,-4,-58,2,-56,-2,-58,4,-52,6,-54,8,-47,10,-50,15,-47,15,-43,19,-41,21,-41,21,-32,26,-32,28,-30,0,0,0,0,0,0,0,0,0,0]"""
1782173647639,2026-06-23T09:14:07.639,warning,breathing,lmh,lying_fast_breath,t001,"CSI_DATA,18773,1a:00:00:00:00:00,-61,11,-98,16,45,11,133474937,47,2,256,0,""[0,0,0,0,0,0,0,0,0,0,0,0,-38,2,-40,-2,-42,0,-46,-6,-44,-8,-46,-10,-46,-12,-44,-19,-52,-19,-52,-21,-54,-21,-54,-23,-59,-25,-57,-27,-57,-38,-54,-35,-65,-33,-57,-42,-57,-42,-50,-44,-50,-52,-57,-46,-50,-48,-61,-48,-59,-57,-54,-50,-48,-54,-54,-61,-52,-54,-57,-52,-46,-52,-57,-59,-52,-57,-50,-57,-57,-57,-52,-52,-48,-50,-54,-52,-57,-54,-59,-48,-57,-52,-57,-50,-57,-57,-63,-54,-54,-54,-57,-52,-54,-57,-59,-54,-63,-54,-61,-63,-67,-61,-59,-61,-59,-71,-50,-69,-63,-69,-63,-69,-54,-67,0,0,0,0,0,0,-80,50,-76,44,-73,50,-69,38,-65,38,-71,31,-67,38,-73,38,-65,33,-67,29,-61,27,-61,23,-63,29,-63,29,-63,25,-57,27,-61,29,-59,29,-61,23,-57,23,-57,33,-59,21,-54,29,-59,25,-61,21,-61,23,-61,21,-59,29,-65,25,-57,23,-59,16,-63,16,-65,16,-63,19,-57,10,-71,12,-65,10,-63,8,-67,8,-59,0,-57,2,-61,0,-63,-2,-59,-4,-59,-10,-52,-8,-52,-16,-54,-10,-46,-19,-44,-19,-42,-23,-38,-19,-38,-21,-38,-27,-31,-25,-29,-27,-23,-31,0,0,0,0,0,0,0,0,0,0]"""
1782173647649,2026-06-23T09:14:07.649,warning,breathing,lmh,lying_fast_breath,t001,"CSI_DATA,18774,1a:00:00:00:00:00,-61,11,-98,18,44,11,133485440,47,2,256,0,""[0,0,0,0,0,0,0,0,0,0,0,0,-35,11,-40,6,-40,11,-47,2,-47,8,-47,6,-47,8,-53,4,-58,11,-53,8,-60,8,-60,11,-62,20,-67,15,-67,6,-62,13,-67,15,-71,15,-62,20,-69,11,-76,11,-71,15,-73,15,-71,29,-73,26,-67,29,-73,24,-73,26,-71,29,-64,38,-67,31,-73,35,-67,38,-62,44,-62,49,-58,53,-51,47,-51,55,-53,53,-51,60,-51,62,-40,67,-44,64,-40,78,-40,67,-38,71,-35,73,-33,71,-38,78,-33,85,-22,87,-26,78,-33,85,-31,82,-17,87,-17,91,-17,91,0,0,0,0,0,0,91,20,80,15,82,6,80,8,80,8,73,8,78,4,82,4,76,2,71,4,71,2,69,-6,76,-8,69,-8,69,-6,62,-15,67,-24,64,-17,64,-17,60,-24,55,-31,58,-24,49,-31,58,-29,58,-26,55,-31,51,-33,51,-40,53,-40,49,-42,51,-40,51,-40,53,-38,49,-44,51,-40,55,-42,53,-42,49,-42,53,-42,51,-35,42,-40,44,-42,49,-38,49,-40,47,-38,44,-38,44,-35,42,-35,38,-29,42,-33,42,-29,42,-24,35,-24,42,-24,35,-22,38,-17,40,-17,0,0,0,0,0,0,0,0,0,0]"""
1782173647662,2026-06-23T09:14:07.662,warning,breathing,lmh,lying_fast_breath,t001,"CSI_DATA,18775,1a:00:00:00:00:00,-61,11,-98,18,44,11,133498708,47,2,256,0,""[0,0,0,0,0,0,0,0,0,0,0,0,4,-35,11,-42,6,-40,13,-42,13,-44,17,-44,17,-49,17,-47,22,-53,24,-49,29,-49,24,-53,31,-55,29,-60,40,-51,33,-55,31,-62,42,-58,33,-60,42,-55,51,-53,44,-62,49,-58,51,-60,53,-58,44,-58,53,-51,55,-62,51,-58,44,-64,47,-55,47,-62,44,-58,51,-58,47,-64,44,-67,40,-58,42,-64,42,-62,40,-71,44,-69,35,-69,42,-67,42,-76,40,-67,33,-67,42,-71,31,-73,42,-76,49,-78,44,-78,38,-78,47,-82,49,-76,49,-80,49,-85,49,-82,0,0,0,0,0,0,-73,-60,-73,-60,-73,-42,-69,-47,-62,-49,-62,-44,-60,-44,-67,-51,-60,-40,-55,-44,-60,-42,-53,-40,-60,-40,-58,-40,-55,-42,-58,-35,-60,-40,-53,-35,-53,-38,-53,-35,-60,-31,-55,-38,-53,-31,-49,-31,-55,-38,-55,-33,-53,-31,-58,-33,-53,-35,-55,-33,-55,-35,-58,-40,-51,-40,-58,-33,-53,-33,-49,-42,-51,-40,-47,-33,-51,-44,-49,-44,-42,-40,-42,-44,-42,-49,-38,-47,-33,-49,-33,-40,-31,-47,-33,-49,-26,-51,-26,-44,-22,-47,-17,-38,-15,-44,-8,-40,-13,-44,-8,-44,-6,-44,0,0,0,0,0,0,0,0,0,0]"""
1782173647671,2026-06-23T09:14:07.671,warning,breathing,lmh,lying_fast_breath,t001,"CSI_DATA,18776,1a:00:00:00:00:00,-61,11,-98,16,44,11,133507440,47,2,256,0,""[0,0,0,0,0,0,0,0,0,0,0,0,26,33,21,28,26,33,28,33,33,35,33,33,37,37,37,40,45,35,45,35,47,37,54,33,54,30,59,30,54,30,61,28,64,21,68,23,61,18,64,9,64,14,78,9,78,11,75,0,85,2,78,-9,75,-4,78,-11,75,-18,68,-28,68,-30,68,-37,68,-37,59,-42,64,-54,54,-56,52,-56,37,-64,47,-73,30,-75,18,-59,23,-104,18,-94,0,-101,40,-61,11,-78,-37,-45,-14,-54,-7,-30,-61,-158,-33,-66,-26,-142,9,-123,7,-104,-92,-147,-45,-142,-73,-113,0,0,0,0,0,0,-116,40,-106,92,-106,42,-21,26,-23,33,16,47,-16,82,-90,68,28,71,-33,73,-35,111,-11,47,-7,59,-21,64,4,66,28,66,28,64,16,64,14,68,30,61,35,54,35,59,37,47,42,49,45,47,49,42,49,42,54,35,59,37,61,26,54,30,59,23,66,23,68,16,59,16,66,16,61,9,64,7,68,7,66,7,64,0,61,2,64,-2,64,-4,61,-2,56,-9,56,-7,56,-16,47,-9,49,-11,47,-9,45,-16,45,-11,47,-14,45,-9,42,-11,37,-7,0,0,0,0,0,0,0,0,0,0]"""
1782173647681,2026-06-23T09:14:07.681,warning,breathing,lmh,lying_fast_breath,t001,"CSI_DATA,18777,1a:00:00:00:00:00,-61,11,-98,15,45,11,133520027,47,2,256,0,""[0,0,0,0,0,0,0,0,0,0,0,0,32,21,32,23,36,26,34,30,34,32,32,36,34,34,30,36,39,43,39,45,34,50,39,47,39,52,39,54,34,58,34,58,36,58,34,63,34,60,30,67,32,71,34,65,32,69,34,71,34,76,30,63,28,69,30,73,30,73,39,71,30,65,34,73,36,69,34,67,39,71,41,65,36,60,43,60,43,67,50,65,43,69,47,60,43,60,54,67,43,60,50,56,50,63,52,63,56,67,54,71,56,67,54,67,52,73,50,71,58,73,60,73,56,76,0,0,0,0,0,0,80,-47,76,-47,69,-54,67,-41,69,-43,65,-36,67,-45,69,-41,63,-39,63,-34,54,-36,56,-36,60,-41,60,-41,56,-39,50,-36,54,-45,52,-41,54,-36,50,-39,47,-43,52,-36,45,-39,47,-41,54,-41,52,-41,50,-36,47,-47,54,-41,47,-43,50,-36,54,-39,54,-41,50,-41,50,-34,60,-36,56,-36,52,-32,58,-36,54,-26,50,-28,56,-26,60,-23,58,-26,54,-19,52,-19,54,-13,56,-17,50,-10,50,-10,50,-4,47,-4,50,-2,43,2,47,4,39,2,41,13,0,0,0,0,0,0,0,0,0,0]"""
1782173647692,2026-06-23T09:14:07.692,warning,breathing,lmh,lying_fast_breath,t001,"CSI_DATA,18778,1a:00:00:00:00:00,-61,11,-98,15,45,11,133529440,47,2,256,0,""[0,0,0,0,0,0,0,0,0,0,0,0,4,36,2,39,6,43,2,47,0,43,2,50,4,50,2,50,4,58,2,58,2,63,6,58,10,65,8,67,0,69,4,65,10,71,2,69,4,76,10,76,10,71,8,78,4,71,13,78,10,84,15,71,8,73,13,80,15,76,23,76,19,69,26,82,26,76,28,71,34,71,32,67,32,63,43,65,45,69,50,63,47,60,56,54,54,60,60,60,58,56,60,54,63,54,65,47,67,50,71,56,76,50,71,45,71,52,69,54,84,50,84,43,78,45,0,0,0,0,0,0,47,-82,41,-76,34,-84,36,-71,32,-69,32,-69,26,-73,32,-82,23,-69,28,-69,19,-67,17,-63,15,-67,15,-69,15,-69,4,-63,4,-73,2,-69,4,-69,2,-60,-4,-65,-2,-65,-8,-63,-6,-67,-8,-65,-10,-63,-10,-58,-19,-67,-15,-67,-21,-58,-15,-56,-15,-63,-17,-65,-23,-63,-17,-56,-19,-71,-21,-65,-23,-63,-19,-63,-17,-58,-17,-54,-17,-60,-15,-63,-17,-58,-13,-58,-17,-54,-13,-52,-15,-54,-8,-50,-6,-45,-6,-50,-10,-41,-8,-45,0,-45,-2,-43,-2,-41,6,-39,0,0,0,0,0,0,0,0,0,0]"""
1782173647702,2026-06-23T09:14:07.702,warning,breathing,lmh,lying_fast_breath,t001,"CSI_DATA,18779,1a:00:00:00:00:00,-61,11,-98,14,45,11,133540590,47,2,256,0,""[0,0,0,0,0,0,0,0,0,0,0,0,-40,-4,-38,-6,-40,-8,-42,-13,-47,-13,-44,-11,-49,-15,-49,-15,-55,-15,-53,-17,-58,-17,-58,-11,-62,-15,-67,-17,-60,-22,-67,-22,-71,-17,-69,-22,-62,-22,-64,-24,-67,-22,-71,-26,-69,-20,-73,-20,-76,-22,-73,-13,-73,-17,-78,-20,-76,-20,-76,-13,-71,-13,-78,-11,-76,-11,-73,-11,-80,-6,-80,0,-76,2,-78,11,-78,8,-80,13,-78,11,-80,20,-76,17,-78,22,-76,22,-73,22,-82,26,-76,29,-78,24,-82,33,-78,33,-80,42,-85,33,-82,33,-80,42,-80,40,-80,40,0,0,0,0,0,0,35,78,38,80,47,71,40,73,47,71,35,67,40,67,42,69,40,62,38,62,42,58,42,55,44,55,44,55,49,51,51,44,51,49,49,44,42,47,51,40,55,35,55,44,49,33,49,40,49,40,51,40,55,33,58,24,58,33,60,22,58,24,58,31,58,33,58,31,58,29,58,38,58,29,58,29,58,35,55,33,55,22,58,29,53,33,53,31,47,33,49,29,44,29,44,31,40,29,38,29,38,29,35,26,31,35,31,33,31,33,26,29,26,31,0,0,0,0,0,0,0,0,0,0]"""
1782173647716,2026-06-23T09:14:07.716,warning,breathing,lmh,lying_fast_breath,t001,"CSI_DATA,18780,1a:00:00:00:00:00,-61,11,-98,20,44,11,133552432,47,2,256,0,""[0,0,0,0,0,0,0,0,0,0,0,0,-31,-25,-29,-27,-29,-33,-29,-35,-29,-33,-27,-35,-27,-35,-29,-40,-33,-46,-31,-48,-29,-52,-31,-54,-33,-57,-33,-59,-25,-63,-25,-63,-31,-63,-25,-71,-25,-65,-21,-65,-14,-67,-25,-73,-19,-71,-25,-73,-21,-80,-21,-67,-16,-71,-19,-78,-19,-71,-25,-73,-16,-71,-27,-78,-23,-78,-23,-76,-29,-80,-25,-69,-23,-67,-31,-69,-27,-73,-35,-71,-31,-73,-33,-69,-33,-69,-38,-78,-29,-73,-35,-67,-33,-73,-40,-69,-35,-71,-38,-84,-40,-80,-40,-76,-35,-86,-29,-84,-42,-84,-42,-86,-38,-82,0,0,0,0,0,0,-88,19,-88,25,-82,27,-78,21,-78,21,-73,19,-69,21,-78,23,-76,16,-71,12,-67,21,-65,14,-69,21,-71,21,-65,19,-65,21,-71,25,-67,23,-63,14,-63,23,-61,27,-67,14,-57,23,-65,21,-61,19,-61,21,-59,16,-61,25,-71,19,-59,25,-63,19,-69,19,-67,19,-61,21,-63,19,-69,12,-65,14,-63,12,-65,10,-65,4,-59,4,-65,2,-61,0,-61,2,-59,-4,-57,-2,-52,-8,-59,-4,-50,-12,-48,-12,-46,-16,-42,-19,-40,-16,-42,-21,-42,-19,-33,-21,-31,-27,0,0,0,0,0,0,0,0,0,0]"""
1782173647724,2026-06-23T09:14:07.724,warning,breathing,lmh,lying_fast_breath,t001,"CSI_DATA,18781,1a:00:00:00:00:00,-61,11,-98,15,45,11,133562440,47,2,256,0,""[0,0,0,0,0,0,0,0,0,0,0,0,23,32,21,34,21,36,19,43,19,43,19,45,17,47,10,47,19,56,19,50,15,58,17,58,21,60,17,65,13,67,8,67,15,71,10,73,13,67,8,76,8,78,8,78,6,76,13,78,10,82,10,76,2,76,4,80,4,78,13,78,4,71,10,82,10,78,13,76,13,82,15,78,15,69,19,76,21,76,28,78,19,76,28,76,23,80,30,78,21,76,26,71,26,80,26,76,30,78,34,84,36,80,32,80,28,91,23,87,34,87,36,87,30,87,0,0,0,0,0,0,89,-21,84,-26,84,-32,80,-15,76,-21,76,-13,76,-21,82,-21,76,-19,73,-15,67,-17,69,-15,69,-23,67,-23,67,-23,58,-21,65,-28,63,-28,63,-19,60,-21,60,-30,60,-17,54,-28,56,-23,58,-21,60,-23,58,-21,58,-34,63,-28,58,-30,58,-26,65,-23,58,-23,58,-28,56,-21,65,-21,63,-19,60,-21,67,-19,63,-13,58,-15,60,-10,63,-10,58,-10,56,-6,58,-8,56,-2,56,-4,54,4,45,6,52,6,45,6,45,4,43,10,41,13,36,13,36,19,0,0,0,0,0,0,0,0,0,0]"""
1782173647735,2026-06-23T09:14:07.735,warning,breathing,lmh,lying_fast_breath,t001,"CSI_DATA,18782,1a:00:00:00:00:00,-61,11,-98,15,45,11,133574597,47,2,256,0,""[0,0,0,0,0,0,0,0,0,0,0,0,-4,39,-4,39,-10,43,-15,47,-15,47,-19,45,-19,47,-23,45,-23,54,-32,50,-32,50,-34,52,-39,54,-43,52,-50,47,-45,50,-47,56,-52,52,-54,45,-58,47,-58,45,-63,41,-60,41,-67,43,-71,41,-65,43,-67,34,-71,36,-69,30,-67,39,-67,32,-73,36,-71,34,-71,34,-71,36,-65,41,-65,32,-67,41,-71,32,-69,39,-73,32,-67,43,-71,39,-73,43,-73,36,-69,41,-76,39,-69,39,-73,34,-84,32,-82,32,-78,34,-93,30,-84,28,-89,30,-91,28,-87,30,0,0,0,0,0,0,6,95,6,91,15,87,8,82,10,80,2,82,4,78,0,87,-2,76,0,76,2,73,0,67,4,73,-4,69,-6,69,0,65,0,76,-4,67,-10,65,0,63,4,65,-6,67,-6,63,-8,63,-10,63,-8,65,-8,60,-8,65,-15,67,-4,63,-15,63,-15,67,-19,60,-17,65,-15,56,-30,67,-30,60,-28,58,-32,60,-30,54,-26,52,-32,56,-43,50,-39,47,-41,43,-39,41,-39,39,-41,36,-41,30,-41,30,-41,23,-43,19,-43,15,-43,10,-41,6,-39,8,-41,0,0,0,0,0,0,0,0,0,0,0]"""
1782173647746,2026-06-23T09:14:07.746,warning,breathing,lmh,lying_fast_breath,t001,"CSI_DATA,18783,1a:00:00:00:00:00,-61,11,-98,18,44,11,133584646,47,2,256,0,""[0,0,0,0,0,0,0,0,0,0,0,0,11,40,4,35,2,42,2,49,0,47,-2,47,-2,49,-6,49,-2,60,-6,55,-13,60,-6,60,-8,64,-13,67,-24,60,-22,64,-17,71,-24,67,-29,62,-24,62,-31,58,-33,69,-31,67,-31,69,-42,71,-33,71,-44,64,-44,64,-42,62,-40,67,-38,60,-47,67,-40,67,-35,62,-38,71,-42,67,-38,62,-38,69,-38,69,-33,73,-42,67,-31,73,-42,73,-35,73,-38,69,-38,71,-40,76,-35,76,-35,71,-44,78,-44,80,-44,78,-53,73,-53,69,-51,80,-51,78,-53,76,0,0,0,0,0,0,62,64,71,58,71,53,60,60,62,55,55,55,60,58,58,55,49,55,49,55,49,55,49,51,51,55,51,51,47,51,51,44,49,49,49,49,44,49,44,49,49,44,42,49,44,42,42,49,38,53,42,51,42,49,49,44,47,55,47,44,38,47,40,55,42,55,40,51,38,53,35,60,33,58,33,55,26,62,26,60,22,55,22,64,22,62,17,58,13,58,13,58,6,55,4,55,2,53,0,49,-4,51,-4,47,-8,44,-13,40,-15,40,-8,42,-20,35,0,0,0,0,0,0,0,0,0,0]"""
1782173647757,2026-06-23T09:14:07.757,warning,breathing,lmh,lying_fast_breath,t001,"CSI_DATA,18784,1a:00:00:00:00:00,-61,11,-98,18,44,11,133595527,47,2,256,0,""[0,0,0,0,0,0,0,0,0,0,0,0,40,0,38,2,44,2,47,4,44,8,49,11,49,8,51,13,60,11,53,15,60,15,58,11,62,13,64,17,62,20,64,20,76,20,69,26,64,24,67,26,76,31,67,24,69,24,71,24,73,29,69,22,69,29,76,24,71,24,73,24,71,26,76,26,73,22,71,24,80,20,78,13,71,11,80,6,78,8,78,4,78,6,80,-2,80,0,82,-2,76,2,82,2,82,2,80,-4,85,-2,87,-4,87,-2,87,-6,96,2,91,4,96,-4,94,-8,91,-2,0,0,0,0,0,0,2,-89,4,-91,-6,-85,2,-80,-4,-82,0,-82,-6,-80,-4,-80,-4,-76,2,-76,-6,-67,-4,-67,-8,-76,-4,-71,-6,-69,-8,-69,-17,-69,-17,-67,-8,-67,-11,-67,-20,-64,-11,-64,-15,-62,-15,-60,-11,-60,-13,-60,-17,-62,-22,-64,-17,-64,-29,-58,-17,-64,-24,-60,-13,-64,-20,-67,-15,-60,-15,-64,-17,-64,-15,-64,-13,-67,-11,-62,-15,-60,-13,-62,-8,-64,-6,-60,-2,-58,-8,-53,-4,-55,-2,-58,0,-53,0,-49,2,-49,2,-44,11,-42,13,-44,8,-42,13,-40,15,-40,0,0,0,0,0,0,0,0,0,0]"""
1782173647768,2026-06-23T09:14:07.768,warning,breathing,lmh,lying_fast_breath,t001,"CSI_DATA,18785,1a:00:00:00:00:00,-61,11,-98,17,44,11,133606935,47,2,256,0,""[0,0,0,0,0,0,0,0,0,0,0,0,29,32,25,34,25,32,25,41,23,39,20,41,20,43,20,43,25,55,20,48,25,55,23,52,27,59,27,59,18,64,20,64,32,69,18,66,18,66,20,64,13,66,20,78,16,71,20,76,18,82,25,71,13,71,20,78,20,73,27,76,18,69,25,80,23,78,23,73,32,76,32,69,27,64,36,71,36,71,39,69,36,73,43,62,43,71,48,71,43,66,43,69,41,69,43,69,48,66,50,73,57,71,50,64,50,78,46,78,57,73,59,78,52,78,0,0,0,0,0,0,85,-50,73,-50,73,-55,73,-46,66,-41,69,-43,62,-46,76,-50,59,-36,62,-39,59,-39,52,-39,59,-41,59,-41,55,-41,52,-41,50,-50,52,-46,57,-41,48,-41,43,-50,50,-46,46,-46,48,-46,50,-43,43,-46,43,-46,41,-52,46,-50,36,-52,41,-46,52,-48,46,-48,48,-50,46,-46,50,-48,50,-46,48,-43,50,-43,48,-36,46,-36,52,-36,52,-39,48,-41,52,-32,43,-27,48,-27,50,-27,50,-20,43,-18,48,-18,43,-18,46,-16,48,-11,43,-11,39,-9,41,-2,0,0,0,0,0,0,0,0,0,0]"""
1782173647780,2026-06-23T09:14:07.780,warning,breathing,lmh,lying_fast_breath,t001,"CSI_DATA,18786,1a:00:00:00:00:00,-61,11,-98,14,45,11,133617439,47,2,256,0,""[0,0,0,0,0,0,0,0,0,0,0,0,-22,-38,-17,-38,-20,-42,-13,-40,-15,-44,-11,-47,-13,-49,-11,-51,-11,-55,-8,-58,-4,-58,-8,-60,-8,-64,-4,-64,4,-62,2,-73,0,-71,6,-76,6,-62,8,-67,8,-64,15,-73,13,-80,17,-76,20,-78,17,-76,22,-76,20,-76,24,-78,15,-71,20,-76,22,-73,20,-76,20,-73,17,-78,20,-76,17,-71,15,-78,20,-76,11,-80,15,-73,15,-82,20,-78,13,-87,17,-71,13,-80,17,-82,13,-78,17,-82,20,-89,17,-85,22,-87,29,-85,29,-89,24,-91,20,-85,26,-89,0,0,0,0,0,0,-78,-35,-82,-38,-78,-29,-73,-38,-78,-38,-67,-38,-73,-35,-69,-38,-69,-38,-60,-38,-64,-35,-60,-33,-64,-33,-62,-31,-58,-38,-60,-31,-64,-31,-62,-29,-53,-31,-62,-33,-60,-26,-60,-38,-49,-24,-53,-29,-51,-33,-55,-31,-58,-38,-58,-29,-60,-33,-60,-29,-53,-35,-55,-33,-53,-40,-51,-35,-53,-40,-47,-40,-51,-42,-47,-40,-47,-42,-42,-51,-44,-44,-40,-49,-38,-49,-38,-51,-29,-47,-33,-51,-22,-47,-26,-49,-17,-44,-17,-47,-13,-47,-13,-47,-8,-42,-4,-44,0,-42,2,-40,8,-40,0,0,0,0,0,0,0,0,0,0]"""
1782173647801,2026-06-23T09:14:07.801,warning,breathing,lmh,lying_fast_breath,t001,"CSI_DATA,18788,1a:00:00:00:00:00,-61,11,-98,20,44,11,133639479,47,2,256,0,""[0,0,0,0,0,0,0,0,0,0,0,0,12,-38,12,-38,14,-44,19,-44,21,-44,19,-44,19,-48,19,-44,19,-57,19,-52,25,-52,16,-57,14,-57,16,-63,27,-63,25,-63,14,-69,25,-65,25,-71,19,-65,27,-61,14,-73,21,-76,21,-76,16,-84,4,-73,10,-71,14,-80,12,-73,0,-82,0,-71,-4,-80,-4,-80,-6,-78,-12,-78,-14,-76,-14,-76,-25,-76,-25,-78,-33,-73,-31,-76,-40,-69,-40,-69,-48,-71,-44,-65,-48,-63,-48,-61,-50,-59,-57,-63,-61,-69,-61,-65,-65,-61,-71,-67,-65,-65,-67,-65,-76,-59,-65,-57,0,0,0,0,0,0,-57,73,-52,73,-46,76,-42,76,-42,69,-42,65,-33,71,-38,73,-31,71,-29,67,-25,63,-21,63,-19,73,-16,69,-19,69,-8,67,-6,73,-4,69,-8,67,-4,63,6,69,-2,67,4,59,4,61,6,67,8,65,10,63,23,65,16,67,23,61,16,59,23,65,19,65,25,63,23,57,23,69,23,65,25,57,25,65,19,61,25,54,27,61,23,63,23,59,19,54,19,50,16,50,23,57,19,50,19,48,16,46,16,44,10,46,10,44,10,46,10,42,4,40,0,0,0,0,0,0,0,0,0,0]"""
1782173647813,2026-06-23T09:14:07.813,warning,breathing,lmh,lying_fast_breath,t001,"CSI_DATA,18789,1a:00:00:00:00:00,-61,11,-98,14,45,11,133650439,47,2,256,0,""[0,0,0,0,0,0,0,0,0,0,0,0,35,20,33,17,40,24,38,31,38,31,38,29,42,29,42,31,44,33,47,38,49,38,49,33,53,38,55,42,51,44,55,44,60,38,55,47,53,42,60,42,58,44,60,47,64,44,62,42,64,47,64,35,64,44,67,42,64,44,71,38,67,33,71,38,71,35,69,29,76,26,76,17,73,20,78,13,80,17,80,6,78,13,85,0,82,6,89,0,78,0,78,-8,82,-6,78,-11,82,-6,89,-8,85,-13,87,-15,91,-13,94,-13,94,-20,91,-17,91,-20,0,0,0,0,0,0,-17,-89,-20,-89,-29,-78,-24,-80,-26,-80,-26,-76,-26,-78,-24,-78,-26,-71,-24,-64,-31,-64,-29,-62,-38,-64,-33,-64,-35,-60,-42,-53,-42,-58,-38,-49,-33,-55,-44,-51,-47,-47,-44,-53,-42,-42,-42,-44,-42,-47,-47,-44,-53,-42,-53,-38,-55,-42,-58,-33,-51,-38,-55,-40,-53,-42,-53,-38,-53,-33,-51,-42,-53,-42,-51,-40,-58,-38,-53,-38,-51,-33,-51,-35,-47,-42,-47,-38,-44,-40,-47,-33,-40,-35,-42,-33,-38,-35,-38,-31,-33,-35,-33,-29,-26,-33,-31,-38,-26,-35,-26,-31,-22,-31,0,0,0,0,0,0,0,0,0,0]"""
1782173647823,2026-06-23T09:14:07.823,warning,breathing,lmh,lying_fast_breath,t001,"CSI_DATA,18790,1a:00:00:00:00:00,-61,11,-98,18,44,11,133661748,47,2,256,0,""[0,0,0,0,0,0,0,0,0,0,0,0,26,-29,26,-29,29,-35,33,-33,33,-29,38,-31,35,-33,38,-31,44,-40,40,-38,47,-40,47,-38,51,-42,49,-44,53,-38,53,-44,51,-51,58,-47,49,-49,55,-47,62,-44,58,-51,55,-51,53,-55,58,-58,51,-58,58,-51,53,-58,55,-58,51,-60,47,-55,55,-62,47,-62,49,-62,44,-67,38,-67,35,-60,33,-73,35,-71,29,-80,26,-76,26,-78,29,-73,24,-85,22,-73,17,-78,22,-80,11,-80,13,-87,13,-87,8,-89,8,-87,13,-87,13,-91,2,-94,4,-96,4,-89,0,0,0,0,0,0,-89,-6,-89,-11,-87,2,-89,-2,-85,-2,-76,-2,-80,4,-80,2,-76,6,-73,2,-71,8,-69,4,-73,11,-67,13,-64,11,-62,17,-69,24,-64,20,-64,17,-64,22,-60,33,-62,20,-53,26,-55,29,-58,24,-58,26,-62,29,-51,33,-55,31,-55,38,-55,31,-58,38,-60,38,-53,38,-53,31,-60,35,-58,35,-55,35,-58,35,-55,29,-51,35,-55,31,-58,31,-53,33,-55,29,-53,26,-53,22,-51,24,-47,20,-49,17,-44,15,-44,17,-42,17,-47,11,-38,8,-38,8,-40,2,0,0,0,0,0,0,0,0,0,0]"""
1782173647835,2026-06-23T09:14:07.835,warning,breathing,lmh,lying_fast_breath,t001,"CSI_DATA,18791,1a:00:00:00:00:00,-61,11,-98,18,44,11,133673705,47,2,256,0,""[0,0,0,0,0,0,0,0,0,0,0,0,-31,31,-29,26,-33,31,-35,31,-38,33,-35,31,-35,31,-38,33,-44,40,-44,40,-44,40,-42,38,-47,49,-47,44,-51,40,-55,40,-49,51,-53,47,-47,42,-53,53,-55,55,-53,53,-55,55,-49,58,-55,60,-49,58,-53,58,-49,60,-49,60,-42,67,-42,55,-44,67,-35,69,-35,69,-35,76,-31,73,-29,71,-24,78,-24,76,-15,80,-24,78,-13,80,-15,80,-6,87,-13,80,0,80,-2,85,4,85,6,87,6,89,6,87,4,89,2,89,4,89,13,94,15,89,20,94,0,0,0,0,0,0,89,-15,91,-17,85,-26,80,-22,82,-24,78,-17,78,-17,80,-29,71,-20,69,-22,69,-29,62,-24,69,-38,64,-35,60,-33,55,-33,55,-44,51,-40,58,-40,51,-40,49,-42,51,-44,40,-42,42,-42,47,-47,40,-47,44,-51,35,-55,40,-55,35,-55,38,-55,38,-55,42,-58,35,-58,35,-53,40,-53,33,-60,35,-58,33,-55,38,-51,31,-53,35,-51,35,-53,33,-53,33,-49,33,-49,33,-42,29,-51,33,-38,33,-40,31,-38,26,-35,31,-40,31,-35,31,-31,29,-26,35,-22,0,0,0,0,0,0,0,0,0,0]"""
1782173647846,2026-06-23T09:14:07.846,warning,breathing,lmh,lying_fast_breath,t001,"CSI_DATA,18792,1a:00:00:00:00:00,-61,11,-98,14,45,11,133684872,47,2,256,0,""[0,0,0,0,0,0,0,0,0,0,0,0,-22,35,-24,33,-22,35,-26,38,-29,40,-33,38,-29,40,-33,40,-35,47,-35,44,-40,44,-40,47,-40,53,-42,51,-47,49,-47,51,-44,58,-51,55,-47,53,-51,49,-53,51,-47,60,-53,58,-49,62,-55,64,-44,64,-49,58,-51,62,-47,62,-40,69,-42,64,-40,69,-35,69,-33,67,-35,76,-33,71,-29,67,-26,73,-26,78,-17,78,-20,76,-11,76,-15,80,-6,87,-15,80,-8,80,-6,82,-2,82,0,85,0,94,2,89,0,87,-4,91,-6,91,6,98,8,96,8,91,0,0,0,0,0,0,91,-6,89,-6,87,-15,87,-8,82,-11,80,-6,78,-15,82,-15,76,-13,73,-11,71,-17,69,-13,71,-22,69,-22,69,-17,62,-22,64,-29,60,-26,64,-26,60,-33,58,-35,62,-29,49,-35,51,-35,53,-33,55,-38,53,-33,51,-44,53,-40,51,-42,51,-38,55,-40,49,-44,47,-44,47,-40,53,-42,51,-42,47,-42,51,-42,55,-38,47,-38,51,-40,53,-33,47,-35,47,-31,44,-35,51,-26,47,-31,47,-24,42,-22,42,-24,40,-20,40,-20,47,-17,38,-15,42,-8,42,-6,0,0,0,0,0,0,0,0,0,0]"""
1782173647857,2026-06-23T09:14:07.857,warning,breathing,lmh,lying_fast_breath,t001,"CSI_DATA,18793,1a:00:00:00:00:00,-61,11,-98,18,44,11,133695935,47,2,256,0,""[0,0,0,0,0,0,0,0,0,0,0,0,11,-38,8,-38,15,-44,22,-42,22,-44,24,-42,29,-47,31,-40,33,-47,35,-42,38,-49,40,-44,47,-51,47,-47,58,-44,53,-42,53,-47,60,-40,60,-40,69,-35,69,-35,64,-35,67,-35,69,-35,73,-33,62,-35,69,-31,71,-33,73,-24,73,-35,69,-24,78,-31,78,-29,71,-26,73,-33,71,-33,64,-31,71,-33,76,-26,69,-35,73,-33,71,-33,78,-33,78,-38,76,-31,73,-35,80,-31,76,-35,76,-31,82,-29,82,-33,82,-26,89,-26,94,-17,91,-26,89,-29,91,-20,0,0,0,0,0,0,-6,-89,0,-96,-13,-87,-8,-80,-8,-78,-6,-78,-2,-78,2,-80,0,-73,4,-76,0,-71,2,-71,-4,-76,4,-73,6,-67,2,-67,-2,-73,2,-64,8,-64,4,-67,-4,-71,6,-67,0,-60,6,-67,6,-62,8,-62,6,-67,2,-64,11,-69,2,-60,11,-64,15,-62,17,-69,13,-67,15,-60,24,-67,17,-64,24,-62,26,-62,29,-58,26,-55,31,-58,42,-53,33,-51,38,-47,33,-44,38,-38,38,-40,38,-29,38,-31,40,-33,33,-26,35,-20,44,-17,44,-15,40,-13,42,-8,0,0,0,0,0,0,0,0,0,0]"""
1782173647869,2026-06-23T09:14:07.869,warning,breathing,lmh,lying_fast_breath,t001,"CSI_DATA,18794,1a:00:00:00:00:00,-61,11,-98,14,45,11,133706102,47,2,256,0,""[0,0,0,0,0,0,0,0,0,0,0,0,15,-38,20,-35,22,-38,29,-42,29,-40,29,-40,31,-40,35,-40,40,-47,42,-40,44,-42,40,-44,49,-47,53,-44,58,-38,53,-40,55,-47,62,-42,60,-35,64,-35,69,-35,69,-35,67,-35,69,-35,73,-35,69,-40,71,-29,73,-35,71,-31,71,-35,71,-31,78,-31,71,-31,69,-31,73,-35,73,-38,67,-35,67,-42,71,-38,69,-42,71,-38,64,-47,69,-44,71,-49,69,-42,67,-42,71,-47,67,-44,69,-42,82,-44,76,-47,76,-47,82,-44,82,-40,85,-47,82,-44,85,-40,0,0,0,0,0,0,-26,-89,-26,-82,-31,-78,-26,-82,-29,-78,-22,-76,-24,-76,-20,-78,-22,-69,-17,-69,-22,-67,-17,-64,-29,-71,-17,-67,-20,-69,-22,-62,-24,-67,-20,-64,-13,-67,-24,-62,-29,-60,-20,-62,-20,-58,-15,-60,-15,-60,-20,-62,-20,-60,-22,-60,-13,-69,-24,-60,-17,-62,-15,-62,-13,-64,-13,-67,-13,-60,-8,-69,-6,-64,-6,-62,-4,-67,-4,-64,-4,-58,-4,-62,6,-64,4,-60,15,-58,4,-55,8,-51,13,-55,15,-49,15,-47,20,-47,22,-42,24,-40,29,-38,22,-35,24,-31,26,-29,0,0,0,0,0,0,0,0,0,0]"""
1782173647881,2026-06-23T09:14:07.881,warning,breathing,lmh,lying_fast_breath,t001,"CSI_DATA,18795,1a:00:00:00:00:00,-61,11,-98,14,45,11,133719513,47,2,256,0,""[0,0,0,0,0,0,0,0,0,0,0,0,-26,33,-26,31,-31,35,-31,33,-35,35,-35,31,-35,35,-40,38,-44,38,-40,42,-47,42,-47,42,-47,49,-51,49,-51,42,-55,49,-53,53,-60,49,-51,49,-55,49,-62,47,-55,51,-60,51,-55,55,-62,58,-51,55,-60,55,-55,55,-55,55,-49,60,-51,55,-49,64,-47,64,-44,64,-40,69,-42,69,-38,64,-33,71,-35,71,-26,76,-29,73,-24,78,-29,76,-15,87,-22,76,-15,80,-22,80,-11,85,-15,82,-11,91,-8,89,-11,85,-15,89,-15,91,-6,96,0,98,-2,94,0,0,0,0,0,0,94,6,91,4,87,-4,82,4,85,-2,78,2,82,-4,80,-4,76,-6,73,0,73,-8,69,-8,71,-13,71,-17,69,-11,64,-15,67,-24,64,-20,64,-17,64,-20,60,-26,62,-26,55,-31,55,-29,58,-29,58,-29,60,-29,53,-38,58,-38,53,-40,58,-33,55,-35,55,-35,51,-38,55,-33,58,-38,53,-40,53,-35,55,-40,55,-31,51,-31,55,-31,55,-31,53,-33,49,-29,53,-26,53,-24,49,-29,47,-20,47,-17,44,-15,42,-17,42,-15,42,-15,44,-8,42,-6,42,-4,0,0,0,0,0,0,0,0,0,0]"""
1782173647890,2026-06-23T09:14:07.890,warning,breathing,lmh,lying_fast_breath,t001,"CSI_DATA,18796,1a:00:00:00:00:00,-61,11,-98,17,44,11,133728554,47,2,256,0,""[0,0,0,0,0,0,0,0,0,0,0,0,41,-11,41,-4,43,-6,46,-6,48,-2,48,2,50,0,52,4,59,6,59,11,57,13,57,13,66,13,66,20,62,27,64,25,66,23,69,32,62,29,66,36,69,43,66,36,62,41,66,43,66,50,62,39,62,48,62,50,62,48,62,48,55,48,64,50,62,48,62,46,66,50,64,48,57,46,64,46,62,48,66,48,64,50,71,41,66,50,73,52,62,48,64,50,59,52,66,50,64,52,71,62,69,57,66,57,62,66,57,71,64,73,66,66,69,71,0,0,0,0,0,0,78,-52,76,-50,71,-50,76,-41,71,-43,69,-34,71,-39,71,-34,71,-34,66,-29,62,-32,64,-29,64,-36,66,-29,66,-25,59,-25,69,-29,64,-29,62,-20,62,-25,59,-29,66,-23,52,-25,59,-25,59,-20,64,-23,59,-20,62,-25,64,-20,62,-23,62,-18,64,-16,62,-18,69,-16,62,-11,69,-9,64,-6,66,-4,71,-2,62,2,64,2,64,4,64,9,62,9,59,16,57,13,55,18,52,18,48,25,41,23,43,25,41,25,39,27,36,32,32,32,27,27,23,36,0,0,0,0,0,0,0,0,0,0]"""
1782173647904,2026-06-23T09:14:07.904,warning,breathing,lmh,lying_fast_breath,t001,"CSI_DATA,18797,1a:00:00:00:00:00,-61,11,-98,18,44,11,133740629,47,2,256,0,""[0,0,0,0,0,0,0,0,0,0,0,0,-38,-17,-35,-17,-38,-20,-42,-22,-38,-24,-38,-31,-38,-31,-38,-29,-42,-35,-42,-38,-42,-44,-40,-42,-47,-49,-47,-49,-42,-53,-40,-58,-49,-60,-35,-60,-38,-60,-42,-60,-38,-60,-38,-64,-33,-64,-40,-69,-38,-71,-33,-64,-29,-69,-33,-73,-31,-69,-35,-71,-29,-67,-38,-76,-35,-76,-31,-73,-40,-69,-38,-69,-31,-62,-40,-69,-35,-71,-42,-69,-42,-71,-44,-62,-42,-73,-49,-69,-40,-69,-42,-64,-40,-71,-42,-67,-44,-67,-47,-80,-44,-76,-42,-71,-42,-85,-38,-82,-49,-87,-44,-82,-38,-78,0,0,0,0,0,0,-91,29,-82,24,-85,38,-80,24,-80,26,-76,24,-73,24,-80,24,-69,22,-73,17,-69,22,-67,17,-69,24,-69,20,-64,15,-62,20,-69,26,-64,22,-67,15,-58,17,-62,29,-64,15,-58,22,-62,13,-62,15,-62,17,-60,11,-62,20,-64,20,-62,22,-62,13,-67,15,-62,15,-67,17,-62,6,-73,8,-67,4,-62,6,-67,2,-64,-2,-58,0,-64,-4,-64,-8,-60,-8,-60,-11,-53,-8,-53,-8,-51,-15,-55,-17,-42,-20,-47,-24,-40,-24,-40,-24,-35,-24,-38,-29,-29,-26,-26,-29,0,0,0,0,0,0,0,0,0,0]"""
1782173647915,2026-06-23T09:14:07.915,warning,breathing,lmh,lying_fast_breath,t001,"CSI_DATA,18798,1a:00:00:00:00:00,-61,11,-98,14,45,11,133749464,47,2,256,0,""[0,0,0,0,0,0,0,0,0,0,0,0,33,-22,35,-22,38,-22,42,-20,44,-20,47,-20,47,-17,49,-17,53,-24,55,-15,60,-22,60,-20,64,-22,64,-20,67,-13,67,-17,69,-26,76,-15,69,-15,69,-17,69,-11,78,-15,73,-11,76,-13,82,-13,73,-20,76,-13,82,-15,76,-17,76,-22,71,-17,82,-20,76,-20,73,-22,78,-24,73,-31,71,-29,69,-35,71,-31,69,-42,73,-35,64,-44,69,-42,73,-47,69,-42,64,-47,71,-49,67,-49,67,-47,76,-49,73,-51,69,-53,80,-53,76,-49,78,-58,76,-58,73,-53,0,0,0,0,0,0,-47,-76,-47,-78,-51,-71,-49,-67,-51,-71,-47,-67,-47,-62,-44,-69,-42,-62,-42,-62,-44,-55,-42,-53,-49,-55,-40,-55,-44,-55,-47,-51,-49,-51,-44,-47,-40,-51,-49,-44,-55,-42,-47,-47,-47,-42,-47,-42,-44,-44,-49,-42,-51,-44,-51,-38,-49,-44,-53,-35,-51,-35,-53,-42,-51,-42,-51,-40,-51,-38,-49,-47,-49,-42,-44,-42,-47,-51,-49,-44,-44,-42,-44,-44,-38,-49,-38,-47,-35,-47,-40,-42,-33,-44,-29,-44,-24,-44,-26,-44,-22,-44,-24,-40,-15,-42,-11,-42,-15,-42,-11,-40,-6,-42,0,0,0,0,0,0,0,0,0,0]"""
1782173647925,2026-06-23T09:14:07.925,warning,breathing,lmh,lying_fast_breath,t001,"CSI_DATA,18799,1a:00:00:00:00:00,-61,11,-98,18,44,11,133763002,47,2,256,0,""[0,0,0,0,0,0,0,0,0,0,0,0,-38,17,-38,17,-44,17,-42,20,-49,20,-44,17,-47,20,-44,22,-53,26,-55,26,-51,26,-53,29,-58,33,-58,35,-62,29,-64,35,-62,42,-64,35,-62,42,-60,44,-60,44,-62,44,-64,44,-60,49,-67,51,-55,55,-58,49,-55,51,-55,55,-47,64,-47,60,-51,64,-42,64,-42,62,-33,73,-29,71,-24,71,-20,76,-22,76,-11,80,-15,80,-2,78,-8,80,0,87,0,82,6,78,2,85,11,78,15,85,15,91,24,94,22,85,22,87,20,87,38,91,33,87,38,87,0,0,0,0,0,0,87,-31,87,-40,80,-49,76,-38,71,-42,69,-40,69,-44,69,-49,62,-44,60,-44,53,-49,47,-49,47,-55,49,-60,42,-55,31,-60,33,-67,33,-62,33,-58,29,-55,22,-64,26,-62,22,-55,15,-62,20,-64,15,-69,11,-64,-2,-64,6,-67,-2,-64,2,-67,2,-71,2,-71,-6,-69,-4,-62,2,-69,-4,-69,-2,-67,-6,-69,0,-62,-4,-62,-8,-67,-4,-64,-8,-62,-6,-62,-8,-58,-6,-55,-13,-58,-6,-47,-4,-51,-4,-51,-6,-47,-11,-49,0,-51,-2,-44,-2,-40,4,-42,0,0,0,0,0,0,0,0,0,0]"""
1782173647937,2026-06-23T09:14:07.937,warning,breathing,lmh,lying_fast_breath,t001,"CSI_DATA,18800,1a:00:00:00:00:00,-61,11,-98,21,44,11,133771438,47,2,256,0,""[0,0,0,0,0,0,0,0,0,0,0,0,-28,-28,-26,-28,-26,-39,-26,-41,-24,-41,-24,-47,-26,-45,-22,-47,-26,-53,-24,-55,-22,-59,-22,-57,-26,-61,-22,-65,-16,-65,-14,-69,-20,-71,-12,-73,-12,-69,-14,-69,-10,-71,-8,-80,-4,-75,-8,-73,-8,-82,-8,-75,0,-75,-6,-80,0,-82,-6,-75,-2,-75,-4,-82,-4,-82,0,-75,-8,-80,-8,-75,-8,-71,-8,-78,-8,-82,-14,-80,-14,-82,-14,-80,-8,-78,-18,-88,-6,-73,-16,-75,-14,-84,-16,-80,-14,-82,-12,-92,-12,-88,-14,-88,-6,-96,-2,-90,-6,-94,-14,-96,-10,-94,0,0,0,0,0,0,-94,-2,-90,-4,-90,0,-90,-4,-86,-4,-73,-6,-82,-4,-82,-8,-71,-10,-71,-12,-67,-4,-71,-12,-75,-6,-71,-6,-69,-8,-67,-2,-78,-4,-71,-2,-63,-6,-67,-6,-67,2,-69,-10,-61,-4,-61,-4,-67,-4,-63,-8,-65,-6,-65,0,-67,-8,-67,-4,-63,-12,-69,-10,-65,-14,-69,-10,-59,-12,-67,-18,-65,-16,-63,-18,-63,-20,-55,-26,-59,-20,-59,-26,-55,-30,-59,-28,-53,-30,-51,-32,-47,-32,-47,-32,-39,-34,-39,-30,-36,-39,-32,-30,-30,-36,-26,-41,-28,-34,-22,-39,-14,-34,0,0,0,0,0,0,0,0,0,0]"""
1782173647948,2026-06-23T09:14:07.948,warning,breathing,lmh,lying_fast_breath,t001,"CSI_DATA,18801,1a:00:00:00:00:00,-61,11,-98,14,45,11,133782848,47,2,256,0,""[0,0,0,0,0,0,0,0,0,0,0,0,-2,-40,0,-42,4,-42,11,-47,6,-47,11,-47,11,-53,15,-49,15,-55,20,-51,20,-55,20,-58,26,-62,29,-62,38,-55,33,-60,33,-69,40,-62,40,-58,49,-55,51,-55,49,-60,49,-58,49,-60,53,-62,44,-58,55,-60,58,-60,55,-53,53,-60,53,-55,60,-58,58,-55,53,-53,58,-58,53,-60,49,-53,51,-62,53,-55,47,-62,55,-60,44,-64,51,-64,51,-67,53,-62,49,-64,53,-64,51,-64,51,-64,60,-67,60,-67,58,-71,69,-69,69,-60,69,-69,67,-67,67,-62,0,0,0,0,0,0,-49,-76,-51,-73,-55,-64,-47,-71,-49,-69,-44,-67,-44,-64,-42,-71,-40,-64,-38,-69,-42,-60,-33,-60,-42,-62,-33,-58,-42,-60,-40,-55,-42,-60,-35,-58,-33,-58,-35,-53,-44,-53,-35,-55,-33,-51,-31,-51,-29,-55,-31,-55,-33,-58,-38,-53,-31,-58,-40,-53,-31,-55,-33,-62,-26,-60,-31,-58,-29,-55,-24,-69,-22,-64,-17,-60,-15,-64,-13,-62,-15,-58,-15,-60,-8,-64,-4,-62,-2,-58,-8,-60,0,-55,4,-55,8,-53,6,-47,6,-49,8,-47,13,-42,22,-42,20,-40,17,-35,20,-35,0,0,0,0,0,0,0,0,0,0]"""
1782173647959,2026-06-23T09:14:07.959,warning,breathing,lmh,lying_fast_breath,t001,"CSI_DATA,18802,1a:00:00:00:00:00,-61,11,-98,19,44,11,133795849,47,2,256,0,""[0,0,0,0,0,0,0,0,0,0,0,0,-2,-41,2,-41,-2,-43,2,-45,2,-45,8,-50,4,-50,15,-50,10,-58,13,-58,13,-58,13,-63,8,-67,8,-63,19,-69,13,-65,13,-73,23,-71,19,-69,23,-65,32,-67,19,-78,26,-71,19,-78,19,-78,17,-71,21,-73,21,-82,19,-73,13,-78,15,-71,15,-84,17,-78,13,-80,6,-84,6,-80,2,-69,-4,-78,2,-82,-10,-80,-6,-84,-17,-76,-10,-84,-15,-89,-10,-82,-13,-78,-15,-84,-15,-76,-15,-80,-23,-89,-26,-84,-26,-80,-19,-93,-13,-89,-26,-95,-30,-93,-26,-89,0,0,0,0,0,0,-89,23,-91,26,-89,30,-82,15,-78,21,-78,19,-76,26,-80,23,-73,21,-71,19,-67,19,-65,19,-69,28,-65,26,-67,26,-58,23,-65,34,-60,34,-63,26,-56,32,-58,39,-56,32,-52,34,-58,34,-58,36,-56,39,-54,32,-50,45,-58,45,-50,45,-52,36,-58,45,-54,41,-52,47,-50,39,-60,43,-60,39,-58,39,-56,36,-60,32,-52,32,-54,34,-56,36,-50,32,-60,26,-52,30,-50,26,-50,28,-52,15,-47,17,-47,15,-41,15,-43,13,-47,8,-45,10,-41,6,-43,2,0,0,0,0,0,0,0,0,0,0]"""
1782173647975,2026-06-23T09:14:07.975,warning,breathing,lmh,lying_fast_breath,t001,"CSI_DATA,18803,1a:00:00:00:00:00,-60,11,-98,17,43,11,133813834,47,2,256,0,""[0,0,0,0,0,0,0,0,0,0,0,0,41,5,41,5,43,10,46,7,49,12,49,18,46,15,49,20,54,23,54,25,54,28,54,23,59,28,62,33,51,41,59,38,59,31,62,46,56,41,49,49,49,56,59,51,56,49,59,49,56,56,62,51,56,56,56,56,51,56,59,54,46,54,59,59,59,54,54,59,62,51,59,54,59,49,56,43,62,56,69,51,67,51,72,46,74,51,41,64,64,10,80,59,38,67,59,116,62,41,85,59,-12,103,69,67,87,77,-43,82,77,62,82,74,-12,36,0,0,0,0,0,0,25,-15,77,-82,85,-64,157,-82,46,-41,56,-41,-28,-59,56,-54,69,-43,103,0,64,-41,51,-36,33,-72,41,-41,51,-36,46,-41,62,-51,56,-49,54,-46,49,-49,41,-49,54,-46,49,-41,54,-43,51,-43,56,-41,51,-41,46,-46,56,-49,46,-49,51,-38,56,-36,56,-41,56,-43,54,-38,59,-38,59,-38,54,-33,69,-33,59,-28,56,-28,56,-28,62,-23,59,-25,62,-18,59,-15,56,-12,64,-12,54,-2,51,-2,46,-5,43,0,46,0,51,2,49,7,43,12,41,15,0,0,0,0,0,0,0,0,0,0]"""
1782173647986,2026-06-23T09:14:07.986,warning,breathing,lmh,lying_fast_breath,t001,"CSI_DATA,18804,1a:00:00:00:00:00,-60,11,-98,19,44,11,133815438,47,2,256,0,""[0,0,0,0,0,0,0,0,0,0,0,0,-8,-41,-4,-36,-8,-47,0,-47,0,-45,0,-45,-4,-50,2,-52,-2,-56,-4,-63,0,-58,-2,-60,-4,-67,0,-69,4,-65,2,-69,-4,-71,2,-78,2,-69,0,-73,2,-71,2,-78,4,-76,6,-76,8,-84,-4,-73,2,-78,0,-78,-2,-80,-8,-76,-4,-78,-6,-76,-13,-82,-13,-76,-21,-78,-17,-78,-21,-73,-32,-73,-23,-82,-34,-80,-36,-80,-32,-82,-32,-89,-13,-52,-63,-34,-60,-93,0,-76,-34,-121,-34,-73,-65,-67,43,-113,-39,-73,-50,-87,19,-134,-73,-52,-76,-58,4,-147,0,0,0,0,0,0,-106,-23,-65,82,-50,100,-34,130,-73,43,-60,41,-115,-8,-76,65,-60,47,-52,100,-26,65,-67,60,-60,28,-71,67,-52,67,-34,69,-28,58,-30,52,-45,50,-41,60,-26,63,-41,54,-28,50,-26,58,-32,60,-32,58,-26,63,-21,69,-30,69,-17,63,-23,63,-21,60,-28,65,-23,67,-21,63,-26,63,-21,65,-26,63,-23,65,-23,60,-21,58,-28,63,-32,60,-30,60,-28,56,-23,58,-30,50,-26,54,-28,45,-28,41,-26,43,-21,39,-28,39,-34,39,-30,32,-28,32,-34,32,0,0,0,0,0,0,0,0,0,0]"""
1782173647997,2026-06-23T09:14:07.997,warning,breathing,lmh,lying_fast_breath,t001,"CSI_DATA,18805,1a:00:00:00:00:00,-61,11,-98,19,44,11,133827237,47,2,256,0,""[0,0,0,0,0,0,0,0,0,0,0,0,-23,-34,-19,-36,-21,-43,-15,-43,-21,-41,-17,-45,-19,-43,-21,-50,-21,-54,-23,-56,-23,-56,-30,-58,-30,-60,-23,-63,-23,-63,-28,-69,-32,-65,-28,-71,-26,-63,-26,-65,-28,-65,-34,-71,-30,-69,-30,-71,-32,-78,-36,-63,-32,-69,-36,-69,-36,-69,-41,-67,-41,-63,-41,-69,-45,-65,-45,-60,-56,-63,-56,-58,-56,-56,-56,-52,-56,-60,-67,-54,-65,-52,-71,-45,-67,-43,-71,-43,-65,-43,-69,-34,-78,-41,-71,-32,-80,-34,-84,-41,-82,-41,-82,-30,-89,-39,-82,-36,-91,-36,-91,-28,-91,-30,0,0,0,0,0,0,-32,87,-32,89,-19,82,-28,80,-19,87,-28,71,-17,82,-19,84,-13,76,-17,73,-10,76,-8,73,-6,80,-4,76,-4,71,0,65,2,76,0,73,0,69,6,67,15,69,8,69,10,60,13,65,8,67,13,71,15,69,21,65,15,71,23,63,19,65,21,67,21,67,21,65,23,58,17,71,21,69,21,65,23,69,21,60,19,63,17,63,17,69,19,60,15,60,17,60,13,56,19,60,10,52,6,52,6,52,8,45,8,52,4,47,2,45,0,45,-8,41,0,0,0,0,0,0,0,0,0,0]"""
1782173648009,2026-06-23T09:14:08.009,warning,breathing,lmh,lying_fast_breath,t001,"CSI_DATA,18806,1a:00:00:00:00:00,-61,11,-98,14,45,11,133837568,47,2,256,0,""[0,0,0,0,0,0,0,0,0,0,0,0,22,-35,24,-33,29,-35,31,-35,33,-35,35,-33,35,-38,44,-33,47,-40,47,-35,49,-38,49,-40,53,-42,49,-42,62,-33,58,-40,55,-44,64,-38,60,-31,62,-33,62,-29,69,-35,71,-35,67,-31,76,-35,67,-40,73,-35,76,-38,71,-31,71,-35,69,-35,73,-40,73,-31,71,-38,69,-38,69,-44,60,-38,62,-49,67,-44,62,-55,67,-47,58,-55,64,-55,64,-60,62,-53,60,-55,64,-60,60,-58,64,-60,69,-62,64,-64,64,-67,73,-64,69,-62,69,-67,67,-67,71,-60,0,0,0,0,0,0,-51,-76,-55,-73,-58,-62,-58,-67,-55,-67,-51,-64,-51,-64,-49,-64,-47,-58,-47,-60,-47,-58,-42,-53,-51,-58,-44,-53,-49,-53,-51,-47,-51,-49,-51,-49,-44,-51,-51,-47,-55,-40,-49,-47,-47,-38,-47,-44,-44,-44,-49,-44,-51,-44,-53,-38,-53,-44,-58,-38,-49,-42,-51,-44,-49,-47,-47,-40,-51,-42,-44,-51,-47,-47,-44,-49,-42,-53,-42,-49,-42,-47,-44,-49,-35,-53,-35,-49,-29,-53,-35,-49,-29,-49,-26,-49,-22,-49,-20,-44,-20,-51,-15,-44,-13,-47,-4,-47,-8,-40,-8,-38,0,-40,0,0,0,0,0,0,0,0,0,0]"""
1782173648017,2026-06-23T09:14:08.017,warning,breathing,lmh,lying_fast_breath,t001,"CSI_DATA,18807,1a:00:00:00:00:00,-61,11,-98,13,45,11,133850160,47,2,256,0,""[0,0,0,0,0,0,0,0,0,0,0,0,25,32,20,34,25,36,23,41,23,43,20,46,18,46,18,50,20,55,18,55,13,57,18,62,18,62,18,66,6,66,6,71,9,73,4,73,2,66,0,76,0,76,-4,73,-2,78,-2,80,-4,80,-2,78,-9,80,-6,82,-13,78,-6,78,-11,76,-9,82,-6,78,-6,78,-9,80,-6,82,-6,73,-2,78,-4,80,2,80,-4,80,0,78,-6,82,4,85,-6,80,-2,82,-9,85,-2,82,-4,87,-4,87,-4,87,-4,89,-16,94,-18,89,-9,96,-13,96,-9,92,0,0,0,0,0,0,87,23,85,25,89,16,80,29,82,25,73,29,76,25,78,27,76,25,66,32,66,27,66,27,71,29,66,20,66,27,66,23,69,20,66,20,62,25,64,23,69,18,64,27,57,16,57,25,62,27,64,25,62,27,62,20,64,25,64,20,62,29,62,29,59,32,62,29,57,34,57,34,59,34,52,36,55,39,48,43,46,41,50,46,46,46,46,41,41,43,39,48,32,50,36,41,25,46,23,46,18,46,20,43,13,43,13,48,9,39,6,41,0,43,0,0,0,0,0,0,0,0,0,0]"""
1782173648030,2026-06-23T09:14:08.030,warning,breathing,lmh,lying_fast_breath,t001,"CSI_DATA,18808,1a:00:00:00:00:00,-61,11,-98,13,45,11,133859476,47,2,256,0,""[0,0,0,0,0,0,0,0,0,0,0,0,-23,-34,-18,-36,-18,-41,-16,-43,-16,-43,-11,-46,-13,-50,-9,-48,-13,-59,-9,-57,-4,-62,-6,-62,-6,-66,-2,-69,4,-66,4,-71,2,-73,11,-76,9,-64,9,-73,16,-73,18,-76,18,-78,18,-76,25,-78,16,-78,29,-76,29,-78,32,-73,25,-76,27,-71,25,-76,27,-73,25,-71,27,-76,27,-78,27,-71,25,-76,27,-73,23,-80,27,-76,20,-80,29,-78,25,-80,27,-69,25,-78,29,-78,23,-78,27,-80,34,-85,32,-80,36,-85,41,-82,43,-80,41,-85,41,-85,43,-85,0,0,0,0,0,0,-76,-57,-71,-57,-71,-46,-69,-55,-66,-55,-59,-55,-62,-48,-59,-52,-59,-52,-52,-55,-55,-46,-50,-50,-57,-50,-52,-48,-50,-52,-52,-48,-55,-46,-52,-48,-46,-50,-50,-48,-52,-43,-48,-50,-43,-39,-43,-43,-43,-48,-48,-50,-46,-50,-43,-46,-43,-52,-50,-48,-43,-52,-43,-55,-39,-57,-41,-50,-34,-55,-32,-59,-34,-59,-32,-55,-29,-59,-27,-62,-25,-59,-23,-62,-18,-64,-18,-59,-9,-59,-13,-59,-6,-57,-4,-55,2,-52,0,-50,4,-52,4,-46,9,-46,11,-43,18,-41,13,-39,18,-39,0,0,0,0,0,0,0,0,0,0]"""
1782173648039,2026-06-23T09:14:08.039,warning,breathing,lmh,lying_fast_breath,t001,"CSI_DATA,18809,1a:00:00:00:00:00,-61,11,-98,18,44,11,133870438,47,2,256,0,""[0,0,0,0,0,0,0,0,0,0,0,0,13,38,13,40,11,44,13,49,8,47,6,49,8,49,4,47,4,55,4,60,4,62,4,60,6,67,6,67,-2,64,-2,71,2,73,-4,71,-2,69,-2,71,-4,71,-4,78,-8,76,-6,78,-8,82,-2,73,-8,82,-8,80,-8,78,-2,78,-2,71,-4,82,-2,80,-2,78,4,85,4,82,6,76,13,78,11,80,15,82,13,82,17,76,13,82,22,85,15,76,17,78,20,82,22,78,24,85,24,91,26,89,22,87,24,94,17,89,29,98,26,91,26,89,0,0,0,0,0,0,98,-20,94,-20,87,-26,85,-17,89,-20,80,-15,80,-24,82,-17,73,-17,73,-15,73,-17,64,-13,73,-22,73,-22,67,-17,62,-26,67,-29,64,-29,64,-22,62,-26,60,-29,62,-26,58,-29,58,-29,60,-26,60,-29,60,-29,60,-33,69,-31,55,-35,58,-33,62,-31,64,-33,60,-33,53,-29,67,-31,64,-31,64,-29,64,-29,62,-20,58,-24,64,-20,64,-17,62,-20,62,-17,55,-13,55,-11,55,-15,53,-4,49,-8,49,2,47,0,53,6,51,2,44,6,42,8,42,13,0,0,0,0,0,0,0,0,0,0]"""
1782173648051,2026-06-23T09:14:08.051,warning,breathing,lmh,lying_fast_breath,t001,"CSI_DATA,18810,1a:00:00:00:00:00,-61,11,-98,18,44,11,133890397,47,2,256,0,""[0,0,0,0,0,0,0,0,0,0,0,0,40,-6,42,-2,47,0,49,2,49,4,49,8,47,8,51,13,58,11,53,15,60,15,58,17,67,22,67,22,58,29,60,31,64,31,60,35,58,38,62,38,60,42,58,51,60,44,62,44,62,51,64,44,62,51,62,58,53,53,67,51,53,51,62,58,58,58,58,55,64,55,62,55,55,47,67,47,64,51,64,49,64,49,67,44,64,53,71,49,62,53,67,47,67,58,64,51,69,55,67,60,71,58,69,55,69,69,60,67,71,69,71,71,67,67,0,0,0,0,0,0,80,-60,80,-51,67,-60,69,-44,69,-47,69,-47,67,-44,71,-47,67,-42,69,-33,62,-38,62,-33,64,-40,64,-33,62,-35,55,-38,64,-47,60,-40,62,-33,58,-33,55,-40,60,-31,55,-35,58,-31,64,-29,62,-33,60,-31,58,-38,67,-33,58,-38,60,-29,60,-29,67,-26,64,-31,60,-24,71,-20,67,-20,64,-17,71,-20,64,-11,60,-11,67,-11,67,-6,67,-6,64,0,58,0,55,6,58,6,55,6,53,8,51,13,49,11,47,17,42,20,40,26,38,20,33,26,0,0,0,0,0,0,0,0,0,0]"""
1782173648061,2026-06-23T09:14:08.061,warning,breathing,lmh,lying_fast_breath,t001,"CSI_DATA,18811,1a:00:00:00:00:00,-61,11,-98,13,45,11,133892893,47,2,256,0,""[0,0,0,0,0,0,0,0,0,0,0,0,-4,41,-6,41,-11,43,-13,46,-13,46,-18,46,-18,48,-20,50,-23,55,-23,55,-27,57,-27,57,-25,62,-32,59,-39,55,-43,62,-39,66,-46,62,-43,55,-41,50,-46,50,-50,59,-52,62,-50,57,-55,62,-48,59,-55,62,-55,59,-59,55,-52,59,-52,55,-52,57,-52,59,-50,57,-50,62,-57,64,-48,62,-48,64,-48,62,-46,71,-48,64,-46,71,-50,66,-46,73,-48,62,-46,73,-48,71,-41,71,-48,71,-50,76,-48,76,-48,76,-59,78,-57,71,-57,80,-50,76,-55,73,0,0,0,0,0,0,69,64,69,66,66,50,64,62,66,59,55,59,57,57,59,57,55,57,52,57,52,52,55,50,57,52,50,52,50,52,55,41,57,43,52,46,48,46,52,43,57,41,52,50,46,36,48,39,46,46,46,46,55,43,52,39,50,41,57,39,52,46,52,43,48,52,48,46,48,48,41,55,48,50,41,48,41,52,41,57,39,48,36,57,34,55,34,55,25,52,29,52,23,52,23,52,18,48,16,50,13,50,13,48,9,46,6,46,0,46,-2,43,-4,43,0,0,0,0,0,0,0,0,0,0]"""
1782173648072,2026-06-23T09:14:08.072,warning,breathing,lmh,lying_fast_breath,t001,"CSI_DATA,18812,1a:00:00:00:00:00,-61,11,-98,16,44,11,133903476,47,2,256,0,""[0,0,0,0,0,0,0,0,0,0,0,0,2,-42,2,-40,2,-47,4,-49,4,-47,9,-49,4,-49,9,-52,11,-56,9,-59,9,-59,11,-61,9,-66,14,-68,23,-64,18,-68,14,-68,18,-75,18,-68,23,-66,28,-71,16,-75,23,-68,23,-75,28,-82,18,-73,23,-80,23,-82,21,-78,14,-78,16,-73,14,-82,11,-80,14,-78,7,-82,7,-80,7,-73,0,-78,2,-78,-4,-82,-4,-80,-11,-80,-4,-80,-16,-87,-9,-78,-14,-78,-4,-82,-11,-78,-14,-87,-18,-94,-21,-92,-21,-90,-21,-97,-11,-85,-26,-94,-23,-97,-26,-85,0,0,0,0,0,0,-94,14,-94,16,-87,23,-85,21,-82,18,-80,14,-78,21,-85,18,-78,16,-78,16,-68,21,-66,18,-73,23,-73,26,-68,23,-64,23,-71,33,-66,30,-61,28,-59,30,-56,37,-59,30,-54,33,-59,33,-59,35,-59,30,-54,30,-54,40,-59,35,-54,37,-54,28,-61,37,-59,37,-56,42,-52,37,-61,37,-59,37,-54,33,-61,35,-56,28,-54,33,-59,30,-61,26,-59,26,-61,26,-52,26,-52,23,-54,21,-52,21,-49,14,-54,14,-47,11,-45,11,-49,7,-47,2,-45,4,-45,-4,0,0,0,0,0,0,0,0,0,0]"""
1782173648082,2026-06-23T09:14:08.082,warning,breathing,lmh,lying_fast_breath,t001,"CSI_DATA,18813,1a:00:00:00:00:00,-61,11,-98,16,44,11,133914439,47,2,256,0,""[0,0,0,0,0,0,0,0,0,0,0,0,42,-7,42,-2,47,0,47,2,47,2,47,2,49,4,54,0,59,14,61,9,56,11,59,14,68,14,64,14,64,23,66,21,68,16,68,26,66,21,71,33,73,35,66,30,75,28,73,28,78,33,75,23,71,30,75,33,71,35,73,30,68,26,78,30,78,30,73,30,78,23,80,23,71,18,78,16,78,21,82,16,82,18,82,9,82,16,85,7,73,11,82,11,87,11,85,7,85,18,90,14,87,14,92,11,92,14,87,18,97,9,94,14,94,11,0,0,0,0,0,0,23,-87,23,-90,11,-90,16,-82,11,-82,14,-73,18,-82,21,-82,18,-75,21,-75,11,-68,9,-71,11,-75,14,-73,14,-68,2,-73,4,-73,4,-68,14,-66,4,-68,2,-71,7,-71,0,-61,9,-64,9,-64,4,-68,4,-68,-2,-66,4,-71,-4,-68,2,-71,-2,-68,7,-68,2,-68,4,-66,7,-73,14,-68,9,-64,9,-68,14,-66,14,-64,16,-66,21,-66,18,-66,18,-61,14,-56,23,-49,18,-56,18,-52,23,-47,28,-47,23,-40,30,-37,30,-37,28,-33,30,-33,30,-23,0,0,0,0,0,0,0,0,0,0]"""
1782173648094,2026-06-23T09:14:08.094,warning,breathing,lmh,lying_fast_breath,t001,"CSI_DATA,18814,1a:00:00:00:00:00,-61,11,-98,13,45,11,133925807,47,2,256,0,""[0,0,0,0,0,0,0,0,0,0,0,0,13,-39,16,-36,20,-41,23,-41,25,-39,29,-41,27,-43,34,-43,39,-50,39,-46,41,-48,43,-50,46,-50,46,-48,50,-41,55,-48,52,-55,62,-48,55,-41,57,-41,59,-39,62,-46,64,-46,62,-48,69,-46,62,-48,66,-43,66,-48,66,-41,64,-48,64,-43,66,-48,62,-48,62,-43,64,-50,59,-55,59,-48,59,-57,62,-52,57,-55,57,-55,52,-62,59,-57,55,-64,57,-57,55,-62,59,-59,52,-66,55,-64,62,-66,55,-66,64,-69,64,-66,69,-64,62,-69,62,-66,66,-69,0,0,0,0,0,0,-62,-69,-57,-73,-59,-64,-57,-64,-57,-66,-50,-62,-52,-59,-55,-64,-48,-55,-48,-64,-50,-55,-48,-55,-55,-55,-48,-55,-48,-55,-48,-50,-55,-50,-48,-48,-46,-48,-50,-46,-55,-46,-48,-50,-43,-41,-48,-41,-46,-43,-48,-46,-50,-48,-50,-39,-46,-50,-52,-43,-48,-48,-50,-48,-46,-48,-46,-46,-48,-46,-46,-55,-46,-52,-41,-48,-43,-55,-39,-55,-36,-48,-39,-57,-32,-57,-32,-52,-25,-52,-32,-52,-25,-55,-23,-50,-18,-50,-20,-50,-13,-48,-13,-48,-11,-43,-4,-48,-2,-46,-2,-41,2,-43,0,0,0,0,0,0,0,0,0,0]"""
1782173648104,2026-06-23T09:14:08.104,warning,breathing,lmh,lying_fast_breath,t001,"CSI_DATA,18815,1a:00:00:00:00:00,-61,11,-98,14,45,11,133937822,47,2,256,0,""[0,0,0,0,0,0,0,0,0,0,0,0,-26,29,-33,29,-33,26,-40,26,-40,26,-44,26,-40,29,-44,24,-49,33,-53,22,-53,29,-55,31,-60,35,-60,31,-67,22,-64,29,-69,35,-69,29,-69,24,-67,22,-67,15,-71,24,-71,24,-73,26,-80,24,-71,31,-73,26,-78,26,-71,22,-76,31,-69,29,-78,29,-71,31,-71,29,-76,35,-71,38,-67,35,-67,44,-67,40,-64,44,-69,42,-60,51,-69,51,-69,51,-69,51,-62,51,-67,53,-62,53,-64,53,-73,53,-67,60,-64,62,-76,60,-73,55,-71,64,-71,60,-71,60,0,0,0,0,0,0,53,76,53,71,60,71,51,69,51,64,53,67,47,58,53,69,44,58,49,60,51,60,44,53,55,58,44,53,49,51,53,49,58,51,51,47,49,51,49,44,60,42,51,47,51,40,51,44,49,47,49,44,51,40,55,40,55,47,58,35,53,40,58,44,53,42,55,42,51,40,53,51,51,47,47,44,49,51,49,49,47,42,49,47,42,49,42,44,38,51,40,42,35,47,29,47,31,49,26,42,24,47,22,44,17,40,20,44,13,44,15,38,6,40,0,0,0,0,0,0,0,0,0,0]"""
1782173648114,2026-06-23T09:14:08.114,warning,breathing,lmh,lying_fast_breath,t001,"CSI_DATA,18816,1a:00:00:00:00:00,-61,11,-98,18,44,11,133949770,47,2,256,0,""[0,0,0,0,0,0,0,0,0,0,0,0,35,22,33,20,38,26,35,29,38,31,40,31,42,31,38,31,44,38,47,42,47,40,47,38,53,44,49,44,42,49,49,49,55,47,47,55,44,51,49,49,47,53,55,62,55,55,55,53,58,60,55,49,55,58,58,53,55,62,60,53,55,49,62,51,62,49,58,51,67,49,69,42,64,42,73,35,67,44,76,31,71,42,78,31,76,33,82,29,69,24,80,24,80,24,78,20,85,24,91,31,87,24,87,17,89,29,87,24,96,33,87,24,94,20,0,0,0,0,0,0,33,-91,29,-87,20,-85,20,-85,20,-87,22,-73,20,-78,22,-82,17,-76,15,-76,8,-71,13,-71,4,-76,4,-76,11,-71,2,-67,0,-76,0,-71,4,-67,0,-67,-8,-69,2,-71,-4,-60,-2,-67,0,-67,-6,-69,-8,-71,-8,-67,-8,-71,-17,-67,-11,-69,-11,-69,-8,-69,-13,-67,-13,-64,-6,-69,-6,-69,-6,-71,-6,-71,-4,-71,-4,-64,-6,-64,0,-71,0,-67,-2,-64,-2,-64,0,-55,2,-62,2,-51,2,-53,6,-53,4,-47,11,-47,11,-51,15,-44,13,-38,15,-42,0,0,0,0,0,0,0,0,0,0]"""
1782173648125,2026-06-23T09:14:08.125,warning,breathing,lmh,lying_fast_breath,t001,"CSI_DATA,18817,1a:00:00:00:00:00,-61,11,-98,19,44,11,133958796,47,2,256,0,""[0,0,0,0,0,0,0,0,0,0,0,0,-21,36,-21,36,-23,34,-30,41,-30,36,-28,36,-28,39,-30,39,-34,50,-32,47,-32,50,-34,52,-32,58,-39,58,-43,52,-39,54,-41,65,-43,63,-36,60,-45,67,-47,69,-34,69,-30,71,-34,76,-32,78,-23,73,-30,71,-32,73,-26,73,-13,82,-19,71,-19,78,-15,80,-8,78,-6,82,-4,80,-4,76,8,80,8,80,19,78,10,80,19,76,23,80,28,82,23,78,30,73,32,80,39,71,41,78,43,82,50,78,45,73,45,82,47,78,60,78,63,80,60,71,0,0,0,0,0,0,78,-58,71,-58,60,-65,65,-60,56,-63,58,-60,54,-60,56,-69,50,-63,50,-60,36,-60,39,-63,36,-69,36,-65,32,-65,23,-69,23,-73,21,-69,26,-67,13,-67,6,-71,17,-69,6,-65,6,-69,8,-65,4,-65,0,-67,-6,-71,-2,-69,-13,-65,-2,-65,-4,-71,-8,-71,-13,-69,-10,-63,-13,-73,-10,-69,-15,-65,-10,-69,-8,-67,-13,-60,-15,-67,-15,-67,-15,-63,-13,-63,-15,-58,-8,-58,-15,-60,-4,-58,-10,-47,-8,-54,-6,-45,-6,-50,-2,-47,-4,-50,0,-41,2,-43,0,0,0,0,0,0,0,0,0,0]"""
1782173648136,2026-06-23T09:14:08.136,warning,breathing,lmh,lying_fast_breath,t001,"CSI_DATA,18818,1a:00:00:00:00:00,-61,11,-98,13,45,11,133969437,47,2,256,0,""[0,0,0,0,0,0,0,0,0,0,0,0,-20,-32,-23,-36,-23,-39,-20,-43,-20,-43,-18,-43,-23,-46,-18,-48,-25,-52,-20,-55,-23,-55,-23,-55,-29,-59,-27,-64,-23,-69,-23,-62,-32,-66,-25,-69,-25,-64,-27,-73,-27,-71,-27,-76,-27,-71,-32,-73,-29,-80,-34,-69,-27,-73,-32,-76,-32,-73,-43,-69,-32,-64,-43,-73,-41,-66,-41,-69,-46,-69,-50,-66,-46,-57,-55,-55,-55,-59,-62,-52,-62,-57,-64,-46,-62,-50,-71,-48,-62,-50,-66,-43,-71,-48,-69,-39,-76,-43,-80,-52,-85,-46,-82,-39,-82,-48,-76,-46,-89,-46,-89,-43,-82,-36,0,0,0,0,0,0,-46,80,-41,85,-34,87,-34,76,-32,76,-34,76,-29,78,-32,82,-27,73,-27,66,-16,69,-20,66,-13,71,-20,73,-16,69,-11,69,-9,78,-6,73,-11,69,-2,64,2,66,-6,66,2,64,0,66,0,69,2,71,2,64,11,69,6,71,13,66,6,64,6,69,11,71,13,69,9,64,9,76,9,69,9,69,9,71,4,64,6,62,6,64,4,66,6,64,0,62,6,57,0,57,2,57,-2,50,-4,46,-2,50,-4,46,-6,50,-9,48,-6,43,-6,41,-13,36,0,0,0,0,0,0,0,0,0,0]"""
1782173648147,2026-06-23T09:14:08.147,warning,breathing,lmh,lying_fast_breath,t001,"CSI_DATA,18819,1a:00:00:00:00:00,-61,11,-98,17,44,11,133980909,47,2,256,0,""[0,0,0,0,0,0,0,0,0,0,0,0,23,-36,20,-29,32,-34,32,-34,27,-32,29,-32,34,-36,34,-36,36,-43,41,-43,41,-41,41,-46,43,-50,43,-50,50,-48,52,-48,46,-55,55,-52,48,-48,50,-55,48,-55,57,-59,52,-55,52,-57,57,-62,48,-59,55,-59,55,-59,50,-62,48,-62,48,-59,48,-66,46,-66,36,-69,43,-73,36,-71,34,-66,27,-71,32,-71,23,-82,27,-73,20,-82,23,-76,11,-85,20,-78,13,-82,13,-80,9,-78,13,-82,13,-96,6,-89,9,-96,11,-96,9,-89,6,-101,2,-99,0,-92,0,0,0,0,0,0,-87,-6,-94,-6,-89,9,-87,-2,-92,2,-80,-2,-85,9,-87,0,-78,2,-78,2,-71,6,-71,11,-80,9,-76,16,-69,9,-66,20,-71,25,-69,20,-69,16,-69,25,-62,29,-66,20,-59,27,-57,27,-64,25,-62,27,-64,34,-55,39,-66,29,-55,39,-59,32,-62,36,-62,36,-57,39,-57,39,-66,34,-59,36,-55,39,-57,36,-64,32,-52,29,-57,27,-57,29,-57,32,-57,29,-57,29,-50,23,-57,25,-46,18,-50,20,-48,18,-46,18,-48,18,-43,11,-46,9,-43,9,-46,0,0,0,0,0,0,0,0,0,0,0]"""
1782173648156,2026-06-23T09:14:08.156,warning,breathing,lmh,lying_fast_breath,t001,"CSI_DATA,18820,1a:00:00:00:00:00,-61,11,-98,20,44,11,133991488,47,2,256,0,""[0,0,0,0,0,0,0,0,0,0,0,0,27,33,21,33,23,35,25,42,25,46,21,44,23,46,21,42,25,50,25,57,25,57,19,57,27,63,25,65,14,61,23,67,27,69,16,73,16,71,14,67,10,67,21,80,10,78,19,71,14,84,21,76,12,78,14,80,14,80,19,73,16,76,23,80,19,78,25,73,25,82,23,76,23,71,31,73,31,78,38,71,29,73,44,71,35,73,44,78,33,73,42,65,38,73,38,73,44,73,50,88,48,78,46,76,46,82,42,88,54,84,42,82,48,82,0,0,0,0,0,0,84,-38,82,-42,80,-42,78,-38,78,-40,73,-33,78,-38,76,-40,71,-35,67,-27,65,-35,65,-29,67,-40,67,-40,65,-31,59,-35,61,-44,59,-35,59,-33,59,-44,50,-40,57,-42,46,-40,54,-40,59,-35,52,-44,57,-42,50,-46,57,-42,54,-44,52,-40,57,-44,59,-42,48,-40,54,-35,59,-40,59,-42,57,-42,61,-33,61,-33,57,-33,59,-29,61,-31,57,-29,59,-27,59,-23,54,-23,57,-23,50,-10,46,-10,52,-10,48,-12,44,-6,50,-4,48,-2,46,2,44,2,0,0,0,0,0,0,0,0,0,0]"""
1782173648167,2026-06-23T09:14:08.167,warning,breathing,lmh,lying_fast_breath,t001,"CSI_DATA,18821,1a:00:00:00:00:00,-61,11,-98,19,44,11,134002650,47,2,256,0,""[0,0,0,0,0,0,0,0,0,0,0,0,-41,6,-43,4,-43,2,-47,0,-45,2,-52,-2,-56,-2,-52,0,-58,4,-60,0,-63,0,-60,0,-67,2,-69,8,-65,0,-71,0,-76,8,-76,2,-71,2,-78,6,-73,8,-78,4,-76,2,-76,13,-80,6,-78,13,-80,8,-80,15,-78,10,-73,21,-76,21,-80,26,-78,28,-73,26,-73,30,-71,34,-67,34,-69,47,-67,41,-63,50,-60,47,-60,56,-67,56,-58,60,-63,54,-58,67,-56,65,-52,65,-54,65,-58,76,-52,73,-47,78,-58,76,-56,78,-50,84,-52,82,-47,78,0,0,0,0,0,0,82,43,82,43,87,36,82,39,80,34,76,34,73,28,82,26,73,26,73,32,69,21,69,15,73,13,71,13,78,13,67,6,76,4,69,0,73,6,71,-2,71,-6,69,-2,67,-8,69,-8,69,-4,65,-10,67,-15,67,-21,71,-19,63,-23,67,-19,67,-23,63,-19,65,-23,60,-26,69,-19,65,-28,60,-21,65,-28,67,-23,60,-21,65,-23,67,-21,58,-21,63,-21,60,-23,56,-19,58,-19,52,-15,50,-17,56,-13,50,-15,43,-10,45,-8,47,-4,43,-8,45,-2,0,0,0,0,0,0,0,0,0,0]"""
1782173648177,2026-06-23T09:14:08.177,warning,breathing,lmh,lying_fast_breath,t001,"CSI_DATA,18822,1a:00:00:00:00:00,-61,11,-98,13,45,11,134015639,47,2,256,0,""[0,0,0,0,0,0,0,0,0,0,0,0,13,41,11,41,6,43,4,48,2,46,0,50,0,55,-2,52,-2,62,-6,55,-9,62,-6,64,-6,66,-9,66,-18,64,-18,66,-11,76,-27,73,-25,69,-29,62,-32,62,-29,73,-34,71,-32,69,-36,73,-27,73,-39,73,-41,73,-36,66,-34,73,-36,64,-39,73,-41,71,-36,66,-36,73,-36,76,-34,66,-32,76,-34,73,-27,76,-34,76,-27,78,-32,78,-32,80,-32,76,-32,76,-34,80,-32,76,-34,80,-39,80,-36,82,-36,85,-50,89,-46,78,-41,87,-43,85,-46,78,0,0,0,0,0,0,76,55,71,55,73,50,69,55,66,50,66,55,64,50,66,55,57,50,57,50,52,50,55,48,62,50,55,48,57,48,57,43,59,41,55,41,50,48,52,39,62,41,52,48,48,39,50,39,48,46,55,43,50,46,55,39,52,46,57,41,50,43,52,52,48,52,48,46,46,50,43,55,43,55,41,50,41,55,39,59,34,50,34,57,32,57,29,55,23,57,23,50,16,55,20,57,11,52,11,50,6,52,6,48,2,48,0,48,0,46,-4,43,-11,46,0,0,0,0,0,0,0,0,0,0]"""
1782173648187,2026-06-23T09:14:08.187,warning,breathing,lmh,lying_fast_breath,t001,"CSI_DATA,18823,1a:00:00:00:00:00,-61,11,-98,18,44,11,134024437,47,2,256,0,""[0,0,0,0,0,0,0,0,0,0,0,0,15,38,11,38,11,44,11,49,6,49,6,44,11,51,8,53,11,55,11,60,8,62,8,58,11,67,8,67,0,67,2,73,8,71,-2,73,2,71,2,71,0,71,0,78,0,76,-2,78,-2,82,6,78,-4,78,0,78,-2,78,2,80,4,73,0,82,8,82,6,78,13,82,11,85,11,73,15,78,15,80,22,80,24,78,24,78,20,78,33,85,24,71,29,78,33,76,33,73,31,82,35,87,38,85,35,85,31,87,26,89,38,94,38,85,38,89,0,0,0,0,0,0,87,-29,87,-33,80,-35,80,-31,87,-29,76,-22,73,-31,82,-29,76,-31,73,-22,67,-31,60,-31,67,-35,69,-38,62,-29,60,-35,67,-42,62,-38,62,-31,55,-38,53,-44,62,-35,53,-40,53,-40,60,-38,58,-40,53,-42,53,-44,60,-42,51,-42,53,-40,55,-47,62,-42,51,-42,55,-38,60,-38,58,-40,55,-40,58,-38,53,-33,53,-33,55,-31,60,-31,55,-33,55,-22,53,-26,53,-22,55,-26,49,-13,51,-15,51,-11,47,-13,49,-11,49,-4,44,-2,40,-2,42,2,0,0,0,0,0,0,0,0,0,0]"""
1782173648197,2026-06-23T09:14:08.197,warning,breathing,lmh,lying_fast_breath,t001,"CSI_DATA,18824,1a:00:00:00:00:00,-61,11,-98,18,44,11,134035766,47,2,256,0,""[0,0,0,0,0,0,0,0,0,0,0,0,15,-38,15,-40,17,-40,17,-47,20,-47,22,-44,20,-44,22,-47,20,-58,20,-53,22,-53,22,-58,20,-64,22,-64,24,-62,22,-62,20,-69,29,-67,20,-64,17,-69,24,-67,24,-78,17,-76,15,-76,17,-82,8,-78,11,-78,11,-76,11,-82,0,-78,4,-78,-2,-85,-2,-82,-2,-76,-11,-85,-15,-78,-20,-73,-26,-78,-26,-76,-35,-71,-31,-73,-42,-69,-38,-73,-47,-78,-44,-64,-53,-69,-51,-69,-53,-67,-60,-64,-64,-73,-60,-64,-67,-58,-67,-64,-67,-67,-76,-64,-76,-58,-76,-60,0,0,0,0,0,0,-60,71,-55,78,-47,76,-44,73,-40,73,-42,71,-38,73,-38,78,-31,73,-31,69,-26,71,-22,67,-17,76,-17,73,-15,73,-6,71,-6,78,-6,73,-6,71,0,67,11,69,0,71,8,62,8,67,8,69,11,71,13,69,24,64,20,67,26,64,22,62,24,67,29,67,29,64,29,60,29,69,26,67,31,62,29,67,26,60,29,58,29,60,31,60,31,55,22,60,29,55,22,53,24,51,24,51,22,49,17,47,17,49,15,44,15,44,11,51,13,42,8,42,0,0,0,0,0,0,0,0,0,0]"""
1782173648208,2026-06-23T09:14:08.208,warning,breathing,lmh,lying_fast_breath,t001,"CSI_DATA,18825,1a:00:00:00:00:00,-61,11,-98,19,44,11,134046842,47,2,256,0,""[0,0,0,0,0,0,0,0,0,0,0,0,41,10,36,15,39,17,43,19,43,19,43,26,41,23,47,26,52,32,47,32,50,34,50,36,56,41,52,45,52,50,52,45,56,45,56,54,50,52,50,54,47,63,52,56,50,56,52,58,56,69,54,56,43,65,52,65,50,67,58,63,45,58,50,63,54,58,47,58,56,60,56,54,50,50,58,58,58,54,65,56,63,60,60,52,63,56,69,54,58,50,65,45,65,54,69,47,73,52,71,63,67,60,73,56,67,60,65,63,76,67,80,60,73,60,0,0,0,0,0,0,73,-65,71,-63,63,-63,60,-58,60,-58,60,-56,58,-50,69,-60,63,-50,60,-47,50,-50,52,-47,54,-54,56,-50,56,-52,47,-52,54,-58,52,-54,52,-50,45,-52,45,-60,52,-47,45,-50,47,-50,54,-50,50,-50,45,-45,45,-54,52,-54,41,-54,47,-45,52,-52,50,-50,47,-52,45,-43,56,-45,52,-45,52,-45,58,-47,52,-36,50,-36,52,-36,60,-34,56,-34,63,-30,54,-32,52,-19,54,-26,56,-17,50,-17,50,-8,45,-15,50,-8,52,-4,45,0,43,4,45,6,0,0,0,0,0,0,0,0,0,0]"""
1782173648220,2026-06-23T09:14:08.220,warning,breathing,lmh,lying_fast_breath,t001,"CSI_DATA,18826,1a:00:00:00:00:00,-61,11,-98,16,44,11,134058295,47,2,256,0,""[0,0,0,0,0,0,0,0,0,0,0,0,4,-42,7,-40,7,-45,2,-49,11,-47,9,-47,7,-47,14,-49,11,-59,11,-59,9,-61,9,-59,9,-68,9,-66,16,-66,16,-71,9,-68,16,-73,14,-71,14,-68,18,-71,9,-78,11,-78,9,-80,11,-82,2,-78,9,-78,4,-78,7,-82,0,-80,0,-75,-4,-82,-7,-78,-9,-78,-18,-85,-18,-80,-14,-73,-21,-73,-21,-82,-37,-80,-30,-75,-37,-73,-35,-75,-42,-75,-35,-71,-49,-68,-47,-71,-47,-66,-52,-68,-56,-82,-56,-73,-61,-68,-59,-75,-56,-68,-64,-75,-66,-71,-71,-66,0,0,0,0,0,0,-61,66,-68,68,-56,68,-56,64,-56,71,-52,61,-49,71,-56,66,-49,64,-45,59,-35,64,-35,61,-33,71,-37,68,-35,64,-23,66,-23,68,-23,68,-26,66,-21,66,-14,68,-18,73,-7,61,-14,68,-14,68,-11,71,-7,66,-2,71,-9,73,2,68,-2,66,-2,71,-4,75,2,73,0,66,-2,73,2,71,4,71,2,73,-2,66,4,68,0,64,-2,68,4,66,-4,68,0,61,-4,59,-2,64,-7,52,-2,56,-4,56,0,49,-9,49,-7,54,-11,45,-11,42,-16,40,0,0,0,0,0,0,0,0,0,0]"""
1782173648229,2026-06-23T09:14:08.229,warning,breathing,lmh,lying_fast_breath,t001,"CSI_DATA,18827,1a:00:00:00:00:00,-61,11,-98,19,44,11,134068436,47,2,256,0,""[0,0,0,0,0,0,0,0,0,0,0,0,41,0,39,-2,41,0,50,4,50,4,47,4,56,8,54,13,58,6,56,13,56,15,63,13,67,13,67,17,63,23,69,21,69,17,73,26,65,26,69,32,71,34,73,30,69,28,78,23,78,30,71,26,71,30,73,32,76,30,71,32,69,30,80,28,76,23,71,23,82,26,78,21,73,19,78,15,80,17,82,13,84,15,82,4,84,10,89,8,80,8,82,4,87,6,87,2,84,10,93,8,91,2,91,4,95,4,93,13,97,2,97,10,93,0,0,0,0,0,0,0,15,-100,13,-91,8,-89,10,-87,8,-87,10,-84,8,-80,13,-87,10,-80,10,-78,8,-76,8,-73,4,-78,10,-76,2,-76,-2,-71,-2,-78,-4,-71,4,-71,-2,-71,-8,-69,-2,-67,-4,-65,-2,-67,2,-71,-2,-71,-2,-67,-10,-67,-6,-71,-13,-69,-8,-69,-6,-71,0,-71,-10,-73,-6,-67,0,-71,2,-71,4,-71,2,-71,0,-67,2,-60,2,-67,13,-71,4,-67,15,-65,10,-58,15,-56,8,-60,13,-54,13,-52,19,-50,17,-50,23,-43,21,-45,23,-43,23,-36,26,-34,0,0,0,0,0,0,0,0,0,0]"""
1782173648241,2026-06-23T09:14:08.241,warning,breathing,lmh,lying_fast_breath,t001,"CSI_DATA,18828,1a:00:00:00:00:00,-59,11,-98,19,42,11,134079436,47,2,256,0,""[0,0,0,0,0,0,0,0,0,0,0,0,24,-32,24,-32,32,-38,32,-38,32,-38,35,-32,35,-38,38,-35,41,-43,41,-43,46,-41,46,-46,43,-49,49,-54,52,-46,49,-49,43,-57,54,-52,46,-54,54,-54,52,-60,49,-57,54,-60,49,-60,49,-68,43,-65,52,-62,49,-68,46,-60,41,-65,43,-60,41,-73,38,-73,35,-71,32,-79,27,-79,21,-68,21,-79,24,-79,13,-84,16,-79,5,-79,13,-82,2,-93,5,-84,-2,-82,-5,-90,-8,-79,-5,-87,-8,-93,-10,-93,-10,-87,-10,-98,-5,-93,-16,-101,-24,-95,-24,-87,0,0,0,0,0,0,-98,21,-95,24,-87,32,-90,24,-82,24,-82,24,-79,27,-76,32,-71,27,-76,24,-68,32,-65,30,-71,41,-68,32,-68,35,-57,41,-60,46,-57,46,-54,43,-49,43,-43,49,-52,46,-41,54,-46,49,-46,52,-46,60,-43,54,-38,57,-43,57,-38,57,-41,57,-41,60,-38,57,-35,57,-35,54,-41,65,-38,62,-35,54,-41,62,-35,54,-35,57,-41,57,-38,54,-32,57,-35,54,-35,54,-35,46,-35,54,-32,43,-30,38,-32,43,-32,35,-27,38,-35,32,-35,30,-35,30,-38,30,0,0,0,0,0,0,0,0,0,0]"""
1782173648252,2026-06-23T09:14:08.252,warning,breathing,lmh,lying_fast_breath,t001,"CSI_DATA,18829,1a:00:00:00:00:00,-61,11,-98,18,44,11,134090436,47,2,256,0,""[0,0,0,0,0,0,0,0,0,0,0,0,-40,-2,-38,-4,-42,-6,-47,-11,-49,-11,-51,-11,-44,-11,-51,-15,-58,-13,-58,-17,-58,-15,-60,-11,-64,-17,-64,-17,-60,-22,-69,-22,-69,-17,-69,-26,-64,-22,-60,-31,-67,-33,-76,-22,-73,-22,-73,-22,-78,-22,-76,-13,-76,-22,-78,-20,-73,-24,-78,-17,-69,-13,-80,-15,-78,-11,-78,-8,-80,-6,-82,-6,-76,-4,-80,2,-80,0,-82,11,-80,6,-80,15,-82,11,-87,15,-80,15,-78,22,-82,20,-76,24,-82,22,-87,26,-85,29,-85,31,-96,26,-89,26,-91,35,-89,38,-87,33,0,0,0,0,0,0,29,91,31,91,38,80,31,85,35,87,31,78,35,78,33,76,29,71,31,73,35,64,33,64,40,69,33,64,40,60,44,55,47,55,47,58,38,58,44,51,53,49,47,55,44,44,44,47,44,49,49,49,51,47,53,40,55,47,60,33,55,42,51,44,51,47,58,47,53,38,55,51,53,47,53,40,53,44,53,47,51,40,49,49,49,47,49,44,47,47,42,44,40,42,42,40,35,42,38,40,33,42,33,38,22,40,24,44,22,40,17,42,17,38,0,0,0,0,0,0,0,0,0,0]"""
1782173648262,2026-06-23T09:14:08.262,warning,breathing,lmh,lying_fast_breath,t001,"CSI_DATA,18830,1a:00:00:00:00:00,-61,11,-98,16,44,11,134101436,47,2,256,0,""[0,0,0,0,0,0,0,0,0,0,0,0,35,-21,35,-14,42,-14,42,-14,47,-14,47,-9,49,-11,52,-4,56,-4,61,-2,61,-2,64,0,66,2,66,7,64,9,71,16,73,7,73,18,68,21,66,23,68,33,73,28,71,30,75,28,73,37,71,26,68,40,71,35,66,42,68,37,64,40,68,42,68,42,68,45,71,37,66,40,59,40,68,37,71,42,75,37,66,45,71,37,68,40,75,40,66,42,73,45,71,47,73,42,68,52,75,56,75,54,71,49,71,66,71,66,73,64,73,66,68,61,0,0,0,0,0,0,80,-54,78,-52,68,-54,71,-42,68,-49,66,-40,71,-45,75,-40,71,-35,68,-30,66,-30,68,-28,66,-33,71,-33,66,-30,56,-30,68,-37,64,-33,66,-26,66,-26,66,-30,66,-23,59,-28,61,-26,71,-21,66,-18,66,-21,64,-26,73,-23,64,-26,64,-16,66,-16,68,-14,68,-14,64,-9,68,-2,73,-7,71,-2,75,4,66,7,64,4,64,7,68,14,64,11,61,18,61,16,54,23,54,23,52,28,42,28,45,28,42,26,37,33,37,37,33,42,30,35,21,37,0,0,0,0,0,0,0,0,0,0]"""
1782173648274,2026-06-23T09:14:08.274,warning,breathing,lmh,lying_fast_breath,t001,"CSI_DATA,18831,1a:00:00:00:00:00,-61,11,-98,17,44,11,134113091,47,2,256,0,""[0,0,0,0,0,0,0,0,0,0,0,0,-41,4,-39,4,-46,2,-48,-2,-46,-6,-46,-4,-50,-4,-55,-4,-57,-6,-59,-4,-62,-6,-64,-2,-64,-6,-64,-9,-62,-13,-71,-16,-73,-9,-73,-16,-69,-16,-64,-20,-71,-23,-76,-13,-76,-16,-76,-18,-82,-18,-80,-9,-76,-23,-73,-16,-76,-20,-78,-13,-76,-13,-80,-16,-76,-9,-73,-9,-85,-2,-78,2,-78,-4,-80,2,-82,4,-82,6,-80,4,-82,16,-82,6,-87,13,-80,11,-80,20,-85,13,-78,20,-82,16,-92,18,-87,23,-92,25,-94,16,-96,20,-94,27,-92,29,-89,20,0,0,0,0,0,0,18,89,20,92,27,85,23,87,20,82,11,80,23,80,20,78,20,76,20,73,23,71,23,69,27,76,27,71,25,69,32,59,32,66,27,62,23,62,29,64,36,55,34,62,34,57,36,57,34,64,39,57,39,62,41,55,39,62,43,50,34,55,41,59,39,62,43,59,36,55,36,64,39,59,36,59,39,59,32,62,39,57,32,62,27,59,32,62,23,59,29,57,20,57,23,57,13,52,13,50,16,50,16,48,9,46,6,48,6,48,4,46,-2,41,0,0,0,0,0,0,0,0,0,0]"""
1782173648285,2026-06-23T09:14:08.285,warning,breathing,lmh,lying_fast_breath,t001,"CSI_DATA,18832,1a:00:00:00:00:00,-61,11,-98,18,44,11,134123436,47,2,256,0,""[0,0,0,0,0,0,0,0,0,0,0,0,-11,-38,-8,-40,-13,-40,-8,-47,-8,-47,-6,-44,-6,-51,-11,-51,-11,-58,-8,-60,-11,-62,-11,-58,-13,-62,-11,-64,-4,-69,-11,-69,-15,-67,-11,-73,-11,-69,-6,-73,-4,-78,-8,-76,-11,-80,-17,-76,-13,-80,-20,-71,-11,-73,-17,-80,-17,-80,-24,-76,-22,-73,-26,-80,-31,-71,-31,-71,-35,-73,-38,-67,-38,-62,-40,-64,-44,-67,-51,-62,-49,-62,-55,-58,-53,-62,-62,-60,-55,-58,-58,-51,-60,-58,-60,-51,-67,-55,-71,-60,-73,-55,-69,-51,-71,-60,-69,-58,-80,-58,-78,-51,-78,-51,0,0,0,0,0,0,-60,80,-55,78,-44,80,-47,78,-42,73,-44,69,-40,73,-42,78,-33,76,-38,67,-26,69,-29,67,-29,71,-24,69,-22,69,-17,69,-20,73,-17,69,-17,67,-13,71,-2,64,-11,64,0,62,-6,67,-6,69,-4,67,-4,69,2,69,0,76,8,67,4,64,6,73,4,71,6,69,8,67,2,71,6,73,6,69,8,71,2,69,4,64,2,67,2,69,6,67,2,62,6,64,0,55,0,60,-4,55,-2,53,-4,53,-4,53,-4,49,-6,53,-11,49,-8,42,-15,42,0,0,0,0,0,0,0,0,0,0]"""
1782173648296,2026-06-23T09:14:08.296,warning,breathing,lmh,lying_fast_breath,t001,"CSI_DATA,18833,1a:00:00:00:00:00,-60,11,-98,13,45,11,134134521,47,2,256,0,""[0,0,0,0,0,0,0,0,0,0,0,0,43,-4,41,-4,41,0,46,2,50,0,48,2,52,2,55,4,59,2,57,6,62,4,62,6,69,4,69,6,66,13,71,11,71,4,76,13,71,13,71,16,71,18,76,13,78,11,80,13,80,16,78,4,78,13,80,11,78,13,78,4,76,4,82,4,80,4,78,2,82,-2,82,-11,76,-9,78,-13,78,-9,80,-16,80,-13,78,-23,78,-18,85,-23,78,-23,80,-29,82,-29,78,-36,80,-29,87,-34,82,-32,82,-36,89,-36,89,-34,89,-36,85,-41,85,-39,0,0,0,0,0,0,-32,-87,-32,-89,-39,-76,-36,-80,-39,-78,-34,-76,-36,-73,-34,-78,-34,-73,-34,-69,-39,-62,-39,-59,-43,-62,-39,-59,-41,-64,-43,-55,-48,-59,-43,-57,-36,-55,-46,-50,-52,-46,-46,-55,-43,-41,-46,-46,-46,-48,-48,-48,-52,-43,-52,-41,-52,-46,-57,-39,-52,-43,-55,-41,-55,-48,-57,-43,-52,-41,-52,-48,-52,-43,-52,-46,-52,-46,-50,-43,-46,-43,-48,-46,-46,-48,-43,-48,-39,-48,-41,-46,-34,-46,-39,-48,-32,-41,-34,-41,-32,-39,-29,-39,-23,-36,-20,-48,-18,-36,-18,-41,-9,-43,0,0,0,0,0,0,0,0,0,0]"""
1782173648307,2026-06-23T09:14:08.307,warning,breathing,lmh,lying_fast_breath,t001,"CSI_DATA,18834,1a:00:00:00:00:00,-61,11,-98,13,45,11,134145436,47,2,256,0,""[0,0,0,0,0,0,0,0,0,0,0,0,34,-18,39,-13,46,-11,46,-9,48,-9,48,-9,50,-6,50,-2,59,-9,62,0,62,-6,64,-4,66,-6,69,-4,69,4,71,0,76,-6,73,2,71,9,76,6,69,11,80,9,76,6,78,6,82,11,76,0,76,9,82,9,78,9,82,2,73,4,85,4,82,6,76,6,85,0,80,-4,76,-4,80,-11,78,-6,78,-13,80,-6,80,-18,82,-16,87,-18,80,-13,78,-16,82,-20,80,-23,85,-18,94,-18,89,-20,82,-27,89,-25,87,-16,92,-25,94,-20,92,-18,0,0,0,0,0,0,-9,-96,-13,-96,-18,-87,-16,-82,-23,-82,-11,-80,-13,-78,-11,-85,-16,-76,-13,-76,-16,-69,-13,-69,-25,-73,-13,-71,-18,-69,-23,-66,-23,-73,-23,-64,-13,-66,-25,-62,-32,-62,-25,-62,-23,-59,-25,-64,-16,-66,-23,-66,-25,-64,-32,-59,-27,-66,-34,-57,-27,-59,-27,-66,-27,-66,-29,-64,-27,-59,-20,-71,-20,-71,-20,-64,-18,-71,-18,-64,-18,-64,-20,-64,-13,-66,-13,-64,-6,-62,-11,-55,-6,-55,-4,-62,-4,-55,0,-50,0,-50,2,-50,6,-48,11,-48,9,-46,9,-39,13,-39,0,0,0,0,0,0,0,0,0,0]"""
1782173648318,2026-06-23T09:14:08.318,warning,breathing,lmh,lying_fast_breath,t001,"CSI_DATA,18835,1a:00:00:00:00:00,-61,11,-98,22,43,11,134157520,47,2,256,0,""[0,0,0,0,0,0,0,0,0,0,0,0,-35,20,-40,15,-42,11,-51,13,-47,13,-49,13,-49,11,-51,13,-58,15,-58,11,-62,13,-62,17,-67,15,-67,15,-69,4,-69,8,-71,20,-78,8,-76,8,-67,8,-67,2,-80,8,-73,13,-76,15,-82,13,-78,20,-80,13,-82,13,-76,8,-78,17,-71,17,-82,17,-76,20,-71,22,-76,24,-73,31,-71,31,-67,38,-76,35,-69,40,-69,42,-64,44,-71,44,-71,49,-71,49,-62,51,-64,51,-64,53,-69,49,-71,60,-69,58,-64,60,-76,60,-73,60,-69,71,-71,67,-73,64,0,0,0,0,0,0,62,78,58,69,62,62,62,69,62,64,53,64,58,55,58,64,53,53,58,55,55,53,53,51,60,51,53,51,58,44,58,40,62,42,60,40,58,44,58,35,69,31,58,35,60,31,58,29,60,33,62,35,60,29,64,24,64,33,67,24,64,26,67,26,64,22,69,24,60,26,71,35,64,31,64,26,62,31,58,31,60,26,62,31,58,38,58,29,55,33,55,29,51,35,49,35,49,35,44,33,42,31,38,29,33,33,29,31,31,33,29,29,24,40,0,0,0,0,0,0,0,0,0,0]"""
1782173648336,2026-06-23T09:14:08.336,warning,breathing,lmh,lying_fast_breath,t001,"CSI_DATA,18836,1a:00:00:00:00:00,-61,11,-98,17,44,11,134174389,47,2,256,0,""[0,0,0,0,0,0,0,0,0,0,0,0,27,-32,27,-29,29,-34,32,-34,34,-36,36,-34,36,-34,34,-39,41,-41,39,-39,36,-41,39,-48,43,-52,43,-50,46,-43,46,-55,39,-55,48,-57,43,-50,46,-52,50,-52,48,-62,50,-62,43,-69,46,-71,34,-64,39,-69,39,-69,36,-80,29,-73,29,-71,27,-78,18,-76,23,-71,16,-80,6,-87,9,-76,0,-78,2,-82,-9,-85,-2,-82,-18,-80,-16,-78,-27,-87,-18,-73,-27,-76,-27,-82,-34,-73,-36,-87,-34,-82,-39,-85,-46,-82,-46,-82,-41,-82,-55,-82,-52,-78,-59,-78,0,0,0,0,0,0,-80,57,-80,57,-62,64,-62,59,-64,69,-55,55,-59,64,-59,64,-48,64,-48,62,-39,62,-39,59,-34,69,-36,66,-34,66,-23,64,-20,71,-25,69,-27,64,-16,69,-9,71,-16,69,-11,62,-6,64,-9,73,-4,73,-2,69,11,71,2,78,11,71,9,64,11,66,11,73,16,69,16,66,9,73,13,71,18,64,16,71,16,64,16,62,13,64,13,69,16,62,11,62,20,59,16,50,23,57,11,50,13,57,9,52,11,50,11,52,6,50,9,46,4,41,2,43,0,0,0,0,0,0,0,0,0,0]"""
1782173648345,2026-06-23T09:14:08.345,warning,breathing,lmh,lying_fast_breath,t001,"CSI_DATA,18837,1a:00:00:00:00:00,-59,11,-98,14,43,11,134179822,47,2,256,0,""[0,0,0,0,0,0,0,0,0,0,0,0,42,-2,42,0,45,2,47,5,50,5,53,5,50,5,53,11,59,11,56,11,59,14,62,11,64,8,67,19,64,28,64,22,70,19,70,28,70,28,73,39,73,36,73,33,67,33,73,28,78,36,76,19,70,33,73,33,70,33,78,28,70,33,81,39,76,33,73,28,81,28,78,28,67,25,78,14,73,25,78,14,81,19,78,8,81,19,84,16,87,19,78,14,81,14,84,14,84,11,90,16,87,11,87,11,95,16,93,16,98,16,98,16,93,16,0,0,0,0,0,0,25,-90,19,-90,19,-84,22,-84,22,-84,25,-84,22,-76,25,-84,16,-76,16,-70,14,-70,16,-67,14,-78,19,-67,14,-73,0,-70,8,-76,8,-73,16,-70,5,-70,2,-73,5,-67,5,-64,8,-70,14,-67,8,-70,5,-64,0,-70,5,-76,0,-64,5,-67,8,-73,8,-70,5,-70,8,-64,14,-78,16,-70,8,-67,14,-73,16,-64,11,-59,14,-64,22,-64,22,-62,28,-59,16,-59,25,-53,25,-59,31,-47,25,-42,25,-45,25,-45,31,-39,33,-39,31,-36,31,-33,36,-28,0,0,0,0,0,0,0,0,0,0]"""
1782173648358,2026-06-23T09:14:08.358,warning,breathing,lmh,lying_fast_breath,t001,"CSI_DATA,18838,1a:00:00:00:00:00,-61,11,-98,18,44,11,134190825,47,2,256,0,""[0,0,0,0,0,0,0,0,0,0,0,0,-20,-31,-22,-31,-17,-42,-15,-42,-15,-44,-17,-44,-13,-44,-13,-51,-13,-53,-17,-55,-8,-60,-8,-62,-15,-69,-13,-67,-2,-69,2,-69,-8,-73,0,-76,2,-69,6,-76,4,-82,4,-80,2,-76,2,-76,11,-82,0,-76,8,-78,11,-80,13,-78,8,-78,15,-76,11,-78,8,-73,6,-80,6,-80,6,-80,6,-73,2,-80,4,-80,-4,-85,2,-82,-2,-80,2,-80,-6,-89,8,-73,0,-85,4,-85,-6,-82,0,-94,-2,-94,0,-87,2,-89,13,-98,13,-91,2,-96,6,-94,4,-96,0,0,0,0,0,0,-89,-20,-96,-22,-85,-11,-87,-22,-87,-22,-78,-20,-89,-15,-85,-20,-78,-15,-67,-20,-71,-15,-71,-20,-76,-17,-76,-13,-69,-13,-71,-8,-73,-11,-71,-13,-69,-13,-69,-15,-69,-6,-71,-17,-62,-6,-64,-13,-69,-13,-64,-15,-69,-13,-67,-6,-73,-11,-71,-8,-67,-17,-71,-15,-67,-20,-62,-15,-60,-20,-64,-24,-64,-24,-62,-24,-67,-22,-60,-31,-58,-26,-58,-33,-60,-33,-62,-31,-53,-35,-49,-38,-44,-38,-47,-35,-35,-33,-35,-40,-35,-40,-29,-38,-29,-40,-29,-40,-17,-40,-20,-42,-15,-44,0,0,0,0,0,0,0,0,0,0]"""
1782173648368,2026-06-23T09:14:08.368,warning,breathing,lmh,lying_fast_breath,t001,"CSI_DATA,18839,1a:00:00:00:00:00,-61,11,-98,18,44,11,134200436,47,2,256,0,""[0,0,0,0,0,0,0,0,0,0,0,0,0,-42,0,-40,2,-44,4,-51,4,-53,4,-47,4,-49,8,-51,6,-60,6,-60,8,-60,6,-60,4,-69,11,-67,15,-64,6,-73,4,-71,13,-73,8,-67,11,-67,13,-67,6,-78,11,-78,4,-76,8,-85,0,-76,8,-78,4,-78,4,-82,-2,-80,2,-78,-4,-82,-11,-82,-11,-78,-15,-82,-17,-78,-17,-71,-24,-76,-24,-78,-33,-78,-26,-76,-40,-78,-35,-73,-44,-76,-35,-71,-44,-67,-47,-64,-47,-60,-47,-71,-51,-76,-51,-71,-58,-73,-58,-78,-55,-73,-64,-78,-67,-71,-69,-69,0,0,0,0,0,0,-71,58,-73,64,-62,64,-62,60,-58,62,-62,58,-55,62,-55,67,-53,64,-53,58,-40,60,-44,60,-40,67,-42,62,-40,60,-29,64,-29,69,-29,62,-33,60,-26,67,-17,67,-26,64,-15,60,-20,62,-20,67,-20,67,-15,69,-11,67,-13,73,-6,67,-11,69,-11,67,-13,73,-4,71,-11,64,-15,69,-6,69,-2,69,-8,71,-11,67,-6,64,-13,64,-11,69,-11,64,-11,62,-11,64,-13,58,-8,60,-13,49,-11,49,-15,49,-11,47,-15,47,-15,44,-17,44,-15,40,-20,38,0,0,0,0,0,0,0,0,0,0]"""
1782173648378,2026-06-23T09:14:08.378,warning,breathing,lmh,lying_fast_breath,t001,"CSI_DATA,18840,1a:00:00:00:00:00,-61,11,-98,14,45,11,134211435,47,2,256,0,""[0,0,0,0,0,0,0,0,0,0,0,0,15,40,13,42,13,40,6,44,6,47,4,49,4,51,4,55,2,60,-4,60,0,64,-4,60,-4,69,-8,69,-17,62,-17,69,-15,76,-24,71,-22,64,-24,69,-26,71,-33,71,-33,69,-33,71,-40,71,-31,69,-40,71,-42,71,-42,67,-38,67,-38,64,-44,69,-38,67,-40,64,-44,69,-40,71,-40,64,-40,71,-42,69,-35,73,-42,71,-38,73,-44,71,-40,76,-42,71,-44,76,-44,76,-42,71,-42,71,-49,73,-51,78,-49,78,-60,78,-58,73,-55,78,-58,73,-53,71,0,0,0,0,0,0,60,71,62,71,62,60,58,69,58,64,51,67,49,64,49,67,47,64,42,64,44,62,40,60,49,64,40,58,40,62,42,55,44,58,40,55,35,58,40,60,42,55,40,62,35,51,35,58,35,60,31,55,35,60,40,55,33,62,40,58,29,60,31,64,29,64,26,62,24,60,24,67,20,69,17,64,17,67,13,69,13,64,8,69,4,64,2,64,-2,60,0,62,-6,60,-6,60,-8,51,-11,51,-20,51,-11,47,-15,42,-24,40,-24,38,-24,35,-29,33,0,0,0,0,0,0,0,0,0,0]"""
1782173648388,2026-06-23T09:14:08.388,warning,breathing,lmh,lying_fast_breath,t001,"CSI_DATA,18841,1a:00:00:00:00:00,-61,11,-98,18,44,11,134222435,47,2,256,0,""[0,0,0,0,0,0,0,0,0,0,0,0,38,17,33,20,40,26,35,26,40,29,35,29,38,31,35,35,44,38,44,40,42,40,44,40,49,47,49,49,42,51,49,55,47,49,47,60,44,55,40,67,44,69,49,60,47,67,49,60,51,67,51,55,47,64,53,60,47,69,51,60,49,60,53,60,51,60,51,62,51,55,64,60,53,53,60,49,64,53,67,47,64,55,71,44,64,53,71,49,62,42,69,47,76,47,73,40,73,51,78,53,80,42,80,47,80,49,82,51,85,49,80,49,85,53,0,0,0,0,0,0,58,-76,60,-80,44,-76,47,-69,47,-73,42,-67,49,-71,44,-71,42,-67,40,-60,38,-62,40,-62,35,-71,40,-67,33,-62,26,-62,31,-73,31,-67,31,-60,26,-62,20,-64,29,-64,22,-55,22,-62,26,-62,29,-62,22,-67,17,-67,24,-67,13,-67,17,-60,24,-69,26,-64,22,-67,22,-67,29,-64,26,-67,29,-67,33,-67,31,-60,31,-60,26,-60,35,-60,35,-60,35,-53,31,-51,38,-47,35,-53,31,-40,31,-42,35,-35,33,-38,40,-33,42,-31,38,-31,35,-24,40,-20,0,0,0,0,0,0,0,0,0,0]"""
1782173648399,2026-06-23T09:14:08.399,warning,breathing,lmh,lying_fast_breath,t001,"CSI_DATA,18842,1a:00:00:00:00:00,-60,11,-98,17,44,11,134233435,47,2,256,0,""[0,0,0,0,0,0,0,0,0,0,0,0,41,-2,43,4,43,2,48,2,48,2,52,4,52,6,52,4,59,4,57,2,59,0,66,2,62,0,64,2,66,4,71,2,73,2,71,6,69,6,69,4,71,11,80,0,76,0,78,-4,80,0,78,-9,82,-2,80,-9,76,-4,76,-18,78,-9,80,-20,80,-23,73,-20,78,-27,73,-32,66,-27,69,-36,71,-36,69,-46,69,-41,66,-50,66,-50,64,-55,62,-46,57,-52,64,-55,57,-59,57,-64,62,-69,57,-66,57,-71,69,-71,62,-69,55,-85,52,-80,52,-78,0,0,0,0,0,0,-76,-55,-78,-55,-80,-41,-76,-46,-78,-43,-71,-41,-71,-32,-76,-36,-69,-29,-71,-34,-66,-25,-69,-23,-76,-25,-71,-16,-73,-23,-69,-11,-76,-11,-76,-2,-66,-6,-69,-6,-71,6,-69,-6,-64,4,-69,2,-71,0,-69,4,-66,6,-64,16,-69,13,-69,16,-64,13,-71,16,-66,16,-69,18,-66,16,-73,16,-73,20,-66,18,-69,18,-66,13,-62,18,-66,16,-64,16,-64,16,-64,13,-64,18,-57,13,-57,13,-55,9,-55,9,-52,6,-48,9,-52,6,-46,4,-48,0,-46,2,-46,-4,0,0,0,0,0,0,0,0,0,0]"""
1782173648423,2026-06-23T09:14:08.423,warning,breathing,lmh,lying_fast_breath,t001,"CSI_DATA,18844,1a:00:00:00:00:00,-61,11,-98,17,44,11,134259860,47,2,256,0,""[0,0,0,0,0,0,0,0,0,0,0,0,-34,-20,-34,-25,-32,-27,-39,-34,-32,-36,-34,-36,-32,-36,-27,-46,-32,-46,-32,-46,-34,-48,-34,-52,-34,-52,-34,-57,-25,-62,-27,-62,-36,-64,-25,-69,-27,-66,-16,-69,-13,-73,-29,-73,-18,-76,-23,-76,-16,-80,-20,-73,-11,-76,-11,-78,-13,-76,-23,-78,-11,-76,-18,-80,-16,-78,-18,-73,-23,-80,-18,-78,-16,-69,-20,-78,-20,-78,-29,-80,-20,-76,-27,-73,-23,-80,-27,-85,-20,-80,-20,-73,-18,-80,-23,-80,-29,-76,-25,-94,-27,-87,-27,-82,-23,-99,-18,-94,-25,-99,-13,-92,-18,-96,0,0,0,0,0,0,-92,2,-94,6,-87,13,-87,0,-82,4,-78,-2,-82,4,-87,0,-82,-2,-78,-4,-71,-4,-73,0,-73,2,-73,0,-71,-6,-71,0,-76,4,-71,2,-69,-4,-69,2,-69,6,-69,-2,-62,4,-69,0,-69,-4,-66,0,-69,-4,-66,4,-71,-4,-69,4,-64,-9,-71,-6,-69,-9,-76,-2,-66,-9,-76,-13,-71,-16,-66,-11,-69,-16,-62,-20,-62,-18,-62,-23,-64,-27,-59,-25,-55,-32,-57,-27,-50,-29,-50,-32,-43,-36,-39,-34,-39,-36,-36,-34,-34,-41,-29,-41,-29,-39,-23,-36,-16,-41,0,0,0,0,0,0,0,0,0,0]"""
1782173648433,2026-06-23T09:14:08.433,warning,breathing,lmh,lying_fast_breath,t001,"CSI_DATA,18845,1a:00:00:00:00:00,-61,11,-98,13,45,11,134266435,47,2,256,0,""[0,0,0,0,0,0,0,0,0,0,0,0,36,-18,39,-18,41,-13,48,-13,46,-11,48,-9,48,-11,52,-9,55,-13,57,-6,64,-11,62,-11,71,-11,69,-6,69,0,69,-2,76,-11,73,0,73,4,73,2,69,6,78,6,73,4,80,2,82,4,78,0,80,4,80,4,78,9,82,4,73,4,85,2,82,4,76,4,82,0,78,-4,71,-4,76,-9,80,-4,78,-9,80,-9,76,-18,82,-16,82,-16,80,-11,76,-20,82,-13,82,-20,85,-16,89,-18,85,-18,87,-20,94,-16,92,-13,94,-13,92,-16,96,-16,0,0,0,0,0,0,0,-92,-6,-87,-13,-92,-9,-85,-11,-82,-6,-85,-9,-80,-2,-89,-9,-78,-11,-78,-11,-73,-11,-71,-13,-71,-9,-71,-9,-73,-18,-69,-18,-73,-16,-69,-9,-69,-13,-64,-23,-64,-18,-64,-16,-62,-16,-66,-13,-69,-9,-64,-20,-62,-25,-64,-18,-69,-27,-64,-18,-62,-20,-66,-13,-69,-20,-71,-16,-59,-11,-73,-11,-69,-9,-66,-11,-73,-6,-64,-6,-62,-6,-64,0,-69,-2,-64,4,-62,-2,-57,2,-55,6,-59,6,-52,6,-50,11,-48,11,-46,18,-43,16,-41,20,-41,16,-39,23,-36,0,0,0,0,0,0,0,0,0,0]"""
1782173648443,2026-06-23T09:14:08.443,warning,breathing,lmh,lying_fast_breath,t001,"CSI_DATA,18846,1a:00:00:00:00:00,-61,11,-98,19,44,11,134277724,47,2,256,0,""[0,0,0,0,0,0,0,0,0,0,0,0,-4,36,-4,39,-8,45,-10,47,-10,52,-13,47,-10,50,-15,52,-6,56,-13,56,-15,63,-8,60,-10,65,-8,65,-17,65,-13,69,-8,73,-15,71,-15,69,-10,69,-8,69,-15,78,-8,73,-6,78,-8,80,0,76,-6,73,-4,80,-4,78,4,80,4,76,6,82,10,82,10,80,13,78,21,78,21,71,32,76,26,76,36,73,39,73,43,69,39,71,50,73,43,67,52,63,54,69,54,60,56,67,60,69,63,67,63,58,67,67,60,65,76,67,73,63,71,65,0,0,0,0,0,0,63,-78,63,-71,54,-69,52,-69,43,-69,47,-71,45,-69,47,-76,39,-63,41,-65,30,-67,30,-67,28,-69,30,-69,28,-73,17,-63,19,-71,17,-67,19,-65,10,-69,4,-67,10,-65,2,-67,2,-67,4,-67,0,-73,-2,-69,-6,-67,-4,-73,-15,-67,-6,-65,-8,-69,-8,-69,-10,-71,-13,-63,-8,-73,-10,-67,-13,-63,-13,-71,-6,-67,-8,-63,-10,-69,-6,-69,-13,-67,-8,-67,-10,-58,-4,-58,-10,-63,-8,-56,-2,-54,-2,-52,-4,-54,-2,-52,2,-50,2,-47,0,-41,6,-45,0,0,0,0,0,0,0,0,0,0]"""
1782173648454,2026-06-23T09:14:08.454,warning,breathing,lmh,lying_fast_breath,t001,"CSI_DATA,18847,1a:00:00:00:00:00,-61,11,-98,22,43,11,134288435,47,2,256,0,""[0,0,0,0,0,0,0,0,0,0,0,0,2,47,0,40,-6,44,-11,44,-11,49,-15,47,-17,49,-22,49,-17,55,-24,53,-26,53,-29,58,-33,64,-33,60,-40,53,-42,58,-40,62,-47,55,-44,51,-47,53,-51,51,-58,51,-55,53,-55,53,-64,51,-55,58,-62,49,-64,51,-67,47,-55,49,-60,44,-67,47,-62,47,-60,47,-64,49,-64,49,-62,44,-62,53,-62,51,-60,58,-60,51,-60,58,-64,53,-64,60,-62,49,-62,53,-67,51,-62,49,-69,55,-73,51,-69,53,-71,55,-80,51,-76,49,-80,55,-80,51,-78,49,0,0,0,0,0,0,35,85,35,87,38,82,33,78,38,82,24,73,29,76,24,80,17,76,15,71,24,73,20,67,17,78,20,73,15,67,22,67,26,69,22,67,20,62,17,67,26,69,17,73,15,60,17,64,13,69,15,71,13,67,20,67,13,73,20,67,13,67,8,69,6,73,11,69,6,69,0,73,0,71,0,67,-2,69,-11,69,-8,62,-11,71,-15,67,-15,60,-17,58,-20,62,-24,51,-22,55,-26,47,-24,47,-29,44,-33,40,-33,38,-35,31,-33,33,-35,26,-35,24,0,0,0,0,0,0,0,0,0,0]"""
1782173648466,2026-06-23T09:14:08.466,warning,breathing,lmh,lying_fast_breath,t001,"CSI_DATA,18848,1a:00:00:00:00:00,-61,11,-98,13,45,11,134299512,47,2,256,0,""[0,0,0,0,0,0,0,0,0,0,0,0,34,-20,36,-18,41,-16,46,-16,43,-13,48,-13,48,-16,52,-13,57,-16,55,-13,64,-16,57,-16,64,-16,66,-13,66,-4,69,-9,73,-20,76,-9,71,-9,71,-2,76,-2,76,-6,78,-9,78,-9,82,-6,78,-16,76,-6,80,-11,78,-4,78,-11,73,-11,80,-13,78,-13,76,-9,78,-18,78,-23,73,-20,76,-27,78,-25,76,-27,76,-29,73,-36,80,-34,78,-36,73,-34,73,-39,76,-36,71,-43,73,-39,78,-39,78,-41,78,-43,85,-46,82,-41,82,-46,82,-48,80,-43,0,0,0,0,0,0,-36,-82,-36,-82,-46,-78,-39,-73,-43,-76,-36,-71,-32,-71,-36,-73,-32,-66,-34,-69,-36,-62,-34,-62,-41,-64,-39,-62,-41,-64,-43,-52,-43,-57,-41,-55,-36,-55,-41,-52,-50,-52,-41,-55,-41,-48,-39,-48,-41,-50,-43,-52,-46,-48,-48,-46,-46,-52,-52,-43,-46,-46,-48,-48,-46,-52,-48,-50,-46,-46,-43,-55,-48,-52,-41,-52,-41,-52,-39,-52,-39,-52,-39,-55,-36,-55,-39,-52,-32,-55,-32,-50,-29,-50,-27,-50,-20,-50,-23,-46,-20,-50,-18,-41,-11,-46,-11,-46,-6,-43,-6,-43,-2,-43,0,0,0,0,0,0,0,0,0,0]"""
1782173648474,2026-06-23T09:14:08.474,warning,breathing,lmh,lying_fast_breath,t001,"CSI_DATA,18849,1a:00:00:00:00:00,-61,11,-98,18,44,11,134310847,47,2,256,0,""[0,0,0,0,0,0,0,0,0,0,0,0,4,42,-2,40,0,42,-6,47,-2,49,-8,51,-8,51,-13,51,-11,60,-13,53,-13,62,-15,58,-8,67,-15,64,-24,64,-17,69,-15,73,-22,69,-22,64,-26,64,-35,64,-26,73,-29,71,-29,69,-33,78,-24,73,-31,71,-31,76,-31,73,-24,73,-24,69,-26,80,-22,76,-22,73,-22,76,-17,80,-20,69,-11,78,-17,78,-6,80,-13,76,-4,82,-13,80,-4,85,-6,78,-6,78,-8,87,-2,78,-2,82,-2,89,0,89,-4,89,-6,94,-8,96,0,96,0,98,0,96,0,0,0,0,0,0,98,8,94,6,87,-2,82,4,87,2,80,4,85,2,85,8,76,4,73,11,76,8,67,6,78,0,73,2,71,8,67,0,76,-6,73,-4,73,2,69,-4,67,-13,67,-6,62,-11,67,-6,69,-2,64,-8,67,-8,67,-13,69,-8,62,-13,67,-6,69,-13,69,-8,69,-11,67,-6,73,-4,67,-6,69,-6,69,0,67,2,62,0,64,2,67,4,67,0,60,11,58,2,60,11,60,8,55,13,51,13,51,17,51,17,47,17,44,17,44,24,38,24,35,29,0,0,0,0,0,0,0,0,0,0]"""
1782173648487,2026-06-23T09:14:08.487,warning,breathing,lmh,lying_fast_breath,t001,"CSI_DATA,18850,1a:00:00:00:00:00,-61,11,-98,18,44,11,134321435,47,2,256,0,""[0,0,0,0,0,0,0,0,0,0,0,0,-35,20,-40,13,-38,15,-47,13,-47,11,-47,8,-49,6,-51,4,-58,11,-58,4,-62,2,-60,4,-67,2,-67,0,-69,-6,-69,-6,-73,-4,-73,-8,-69,-15,-71,-13,-69,-17,-76,-22,-73,-15,-73,-17,-80,-22,-73,-15,-73,-26,-78,-26,-71,-31,-78,-24,-69,-22,-78,-26,-76,-24,-73,-24,-76,-24,-76,-20,-69,-20,-78,-15,-78,-22,-80,-15,-80,-17,-78,-15,-80,-17,-82,-15,-78,-17,-80,-13,-76,-17,-85,-13,-85,-22,-82,-24,-85,-22,-94,-20,-89,-29,-85,-31,-89,-29,-91,-31,-82,-31,0,0,0,0,0,0,-47,76,-47,85,-35,85,-38,69,-35,71,-42,69,-35,71,-44,76,-40,67,-40,62,-38,62,-38,60,-38,62,-38,62,-35,60,-33,62,-35,64,-35,62,-35,60,-31,58,-31,60,-33,58,-33,60,-35,58,-42,58,-38,55,-33,58,-33,64,-38,60,-29,60,-35,55,-40,62,-42,53,-42,60,-42,55,-51,60,-47,53,-44,53,-49,49,-49,44,-44,40,-51,47,-60,38,-53,44,-55,35,-49,33,-53,31,-53,29,-51,20,-51,20,-51,17,-42,15,-51,4,-47,4,-47,4,-47,4,-42,-2,0,0,0,0,0,0,0,0,0,0]"""
1782173648496,2026-06-23T09:14:08.496,warning,breathing,lmh,lying_fast_breath,t001,"CSI_DATA,18851,1a:00:00:00:00:00,-61,11,-98,18,44,11,134332435,47,2,256,0,""[0,0,0,0,0,0,0,0,0,0,0,0,-15,42,-20,38,-17,42,-24,40,-26,40,-29,42,-31,40,-31,40,-33,47,-35,47,-38,51,-38,49,-33,53,-38,55,-47,51,-44,51,-44,60,-47,51,-44,53,-53,55,-58,58,-49,60,-51,60,-49,62,-51,64,-47,64,-53,58,-55,64,-51,55,-44,64,-47,58,-49,67,-44,62,-42,62,-42,71,-42,69,-35,60,-35,76,-35,71,-29,73,-33,73,-24,73,-31,78,-22,80,-29,80,-22,82,-26,82,-20,80,-22,80,-22,87,-17,89,-15,85,-22,94,-29,85,-20,98,-15,98,-15,96,0,0,0,0,0,0,91,29,91,22,87,13,78,20,85,17,82,17,73,13,87,17,73,13,71,17,73,11,69,11,80,11,73,6,71,4,69,-2,78,-2,69,0,69,6,67,2,69,-8,71,2,62,-4,69,0,69,2,71,-6,64,-4,69,-15,73,-6,69,-13,67,-8,71,-8,69,-4,71,-13,67,-11,73,-4,71,-8,67,-6,71,-6,64,0,62,-6,69,-2,67,0,64,2,64,2,64,0,62,6,58,2,53,4,53,8,53,11,51,8,51,11,47,15,44,15,38,15,40,20,0,0,0,0,0,0,0,0,0,0]"""
1782173648506,2026-06-23T09:14:08.506,warning,breathing,lmh,lying_fast_breath,t001,"CSI_DATA,18852,1a:00:00:00:00:00,-61,11,-98,13,45,11,134343435,47,2,256,0,""[0,0,0,0,0,0,0,0,0,0,0,0,36,-13,36,-13,43,-11,50,-9,48,-9,48,-6,50,-4,52,-2,59,-6,59,-4,62,-2,62,-4,64,-2,69,2,66,9,71,2,76,2,78,9,71,9,71,13,71,20,78,13,78,11,82,11,85,13,76,6,78,13,80,11,80,18,82,9,73,11,82,13,82,11,76,9,82,6,78,0,76,0,80,-2,82,2,82,-6,80,2,80,-11,82,-6,89,-11,80,-6,82,-11,82,-13,80,-16,87,-11,89,-11,89,-11,87,-16,89,-9,94,-6,96,-11,96,-13,94,-11,0,0,0,0,0,0,0,-92,0,-94,-9,-87,-6,-82,-9,-85,-2,-80,-4,-82,0,-85,-2,-80,-2,-76,-6,-73,-6,-69,-11,-76,-4,-73,-6,-71,-13,-66,-13,-76,-9,-69,-4,-66,-11,-62,-20,-64,-13,-66,-16,-62,-11,-66,-9,-66,-11,-66,-16,-64,-18,-66,-16,-71,-25,-62,-16,-62,-18,-64,-11,-71,-13,-66,-13,-62,-6,-71,-9,-71,-9,-66,-6,-71,-9,-64,-6,-64,-4,-64,0,-69,0,-64,4,-62,0,-62,9,-57,11,-59,6,-52,6,-50,9,-48,11,-46,13,-43,18,-46,20,-41,20,-36,23,-32,0,0,0,0,0,0,0,0,0,0]"""
1782173648526,2026-06-23T09:14:08.526,warning,breathing,lmh,lying_fast_breath,t001,"CSI_DATA,18853,1a:00:00:00:00:00,-61,11,-98,17,44,11,134364285,47,2,256,0,""[0,0,0,0,0,0,0,0,0,0,0,0,36,-25,36,-23,39,-23,43,-23,39,-23,43,-25,48,-25,48,-23,50,-29,52,-27,52,-27,52,-27,57,-34,57,-39,59,-32,59,-34,59,-43,62,-36,59,-41,66,-39,71,-41,64,-43,66,-41,62,-46,69,-50,55,-48,62,-43,62,-48,57,-50,55,-59,57,-52,55,-59,50,-59,48,-59,52,-62,46,-66,39,-62,34,-71,34,-71,29,-80,34,-76,25,-78,25,-78,16,-85,23,-80,16,-78,18,-85,11,-80,6,-87,9,-94,4,-89,4,-92,13,-92,11,-92,-6,-101,0,-96,-6,-96,0,0,0,0,0,0,-99,6,-92,0,-96,13,-85,6,-82,13,-78,11,-82,16,-87,16,-73,20,-78,16,-73,20,-69,18,-71,23,-71,23,-66,27,-62,32,-59,36,-59,39,-62,32,-55,34,-57,46,-59,36,-48,43,-52,41,-52,39,-50,46,-50,48,-43,52,-50,48,-39,52,-43,50,-48,50,-46,52,-41,57,-43,48,-48,59,-46,52,-43,52,-46,55,-48,48,-36,52,-41,50,-39,52,-36,52,-39,48,-34,50,-39,46,-34,46,-39,43,-36,36,-39,36,-32,34,-32,34,-39,27,-34,32,-32,27,-34,23,0,0,0,0,0,0,0,0,0,0]"""
1782173648538,2026-06-23T09:14:08.538,warning,breathing,lmh,lying_fast_breath,t001,"CSI_DATA,18854,1a:00:00:00:00:00,-61,11,-98,14,45,11,134368107,47,2,256,0,""[0,0,0,0,0,0,0,0,0,0,0,0,-4,-40,0,-44,4,-42,4,-47,6,-47,11,-49,6,-53,8,-51,13,-60,15,-53,20,-60,20,-60,20,-62,22,-60,31,-62,29,-64,26,-71,35,-67,35,-62,33,-62,38,-58,38,-71,40,-67,40,-67,47,-67,38,-71,47,-67,47,-71,42,-62,38,-69,42,-62,44,-76,42,-69,38,-62,40,-69,38,-71,35,-64,33,-73,35,-71,29,-73,33,-73,26,-80,31,-78,31,-78,33,-76,26,-71,31,-78,26,-82,29,-78,33,-85,31,-78,31,-87,42,-89,42,-82,35,-87,35,-87,35,-85,0,0,0,0,0,0,-80,-47,-78,-44,-82,-40,-73,-40,-73,-38,-73,-44,-64,-38,-73,-42,-62,-38,-64,-40,-67,-40,-60,-35,-69,-33,-60,-38,-64,-38,-64,-31,-64,-33,-62,-26,-58,-33,-60,-31,-67,-26,-62,-33,-55,-22,-60,-24,-58,-24,-60,-29,-60,-26,-62,-22,-62,-31,-64,-24,-60,-29,-64,-31,-58,-33,-64,-29,-60,-29,-62,-40,-58,-35,-53,-33,-58,-38,-55,-40,-53,-35,-51,-42,-49,-44,-44,-42,-42,-47,-47,-40,-42,-44,-35,-40,-35,-44,-26,-42,-26,-42,-26,-40,-22,-38,-20,-42,-15,-42,-13,-42,-2,-42,0,0,0,0,0,0,0,0,0,0]"""
1782173648548,2026-06-23T09:14:08.548,warning,breathing,lmh,lying_fast_breath,t001,"CSI_DATA,18855,1a:00:00:00:00:00,-61,11,-98,14,45,11,134379489,47,2,256,0,""[0,0,0,0,0,0,0,0,0,0,0,0,-24,33,-26,31,-33,33,-38,31,-38,29,-40,31,-44,31,-44,26,-51,35,-53,29,-51,31,-55,29,-58,33,-64,29,-67,22,-64,26,-64,31,-71,24,-69,17,-76,17,-76,17,-78,15,-73,17,-78,20,-82,17,-71,22,-76,15,-80,17,-76,13,-76,17,-71,15,-82,15,-78,15,-73,13,-78,17,-78,22,-73,20,-78,29,-78,24,-76,26,-78,24,-73,35,-73,31,-80,31,-78,26,-76,31,-82,31,-76,31,-80,29,-89,29,-85,33,-80,35,-91,31,-89,24,-91,31,-89,26,-91,29,0,0,0,0,0,0,15,94,13,89,24,89,17,85,20,82,13,80,15,80,11,85,13,76,11,76,13,73,8,73,15,73,6,73,13,69,17,67,20,73,15,69,8,69,17,64,24,64,15,69,17,62,15,64,6,67,11,67,13,62,20,64,11,69,22,62,15,64,13,71,6,69,11,69,13,64,4,76,2,71,0,67,-2,71,0,67,0,60,-2,67,-6,62,-8,64,-13,60,-4,62,-11,53,-17,58,-17,49,-15,47,-17,49,-20,42,-22,40,-26,47,-29,35,-22,38,-29,29,0,0,0,0,0,0,0,0,0,0]"""
1782173648558,2026-06-23T09:14:08.558,warning,breathing,lmh,lying_fast_breath,t001,"CSI_DATA,18856,1a:00:00:00:00:00,-61,11,-98,17,44,11,134387434,47,2,256,0,""[0,0,0,0,0,0,0,0,0,0,0,0,36,13,39,16,41,20,41,23,46,23,41,20,46,25,46,27,55,27,55,25,57,29,57,27,64,29,64,29,57,32,66,34,73,25,69,41,57,32,62,29,62,29,71,32,73,29,71,27,78,32,76,20,73,27,78,25,73,23,78,18,76,16,76,16,80,11,80,11,82,2,82,0,78,-2,82,-11,80,-9,80,-18,78,-13,78,-20,78,-20,85,-29,71,-25,73,-29,80,-29,76,-39,73,-36,82,-43,76,-39,78,-48,82,-43,85,-43,87,-52,76,-50,76,-50,0,0,0,0,0,0,-48,-80,-52,-78,-55,-64,-57,-66,-57,-66,-50,-64,-57,-59,-59,-62,-57,-59,-52,-52,-52,-43,-57,-39,-59,-46,-62,-39,-59,-39,-62,-29,-66,-34,-66,-32,-55,-29,-64,-23,-66,-23,-66,-27,-55,-16,-59,-18,-62,-16,-66,-16,-69,-18,-64,-9,-69,-11,-71,2,-66,-6,-71,-4,-71,-9,-66,-4,-66,-2,-66,-9,-71,-4,-69,-2,-71,-4,-69,-4,-66,0,-66,-4,-64,-4,-69,0,-64,-6,-64,-2,-57,-6,-62,-2,-55,-6,-52,-4,-55,-6,-50,-6,-46,-6,-48,-9,-46,-11,-43,-6,-39,-16,0,0,0,0,0,0,0,0,0,0]"""
1782173648569,2026-06-23T09:14:08.569,warning,breathing,lmh,lying_fast_breath,t001,"CSI_DATA,18857,1a:00:00:00:00:00,-61,11,-98,17,44,11,134404043,47,2,256,0,""[0,0,0,0,0,0,0,0,0,0,0,0,-23,34,-25,32,-27,34,-29,36,-32,36,-34,34,-39,36,-39,39,-41,36,-43,41,-41,43,-43,46,-41,48,-46,50,-52,43,-52,48,-52,55,-52,46,-50,50,-46,48,-52,43,-55,55,-57,52,-48,57,-59,57,-48,59,-55,52,-59,57,-55,55,-50,66,-50,55,-50,62,-46,66,-46,62,-43,69,-41,69,-34,64,-32,76,-34,71,-32,76,-29,78,-23,82,-27,76,-25,82,-23,76,-16,80,-20,80,-13,80,-13,82,-18,89,-9,87,-6,85,-18,92,-18,89,-2,92,-6,96,-6,96,0,0,0,0,0,0,96,16,89,11,89,4,85,11,87,4,80,9,80,2,82,4,78,0,76,2,80,2,69,0,73,-6,69,-6,71,-6,66,-13,71,-18,64,-16,69,-11,69,-18,64,-25,69,-16,62,-25,64,-23,64,-18,64,-25,62,-20,62,-34,64,-29,57,-34,59,-27,64,-29,64,-27,64,-34,57,-27,64,-29,64,-32,59,-27,62,-32,59,-25,57,-23,62,-27,59,-27,59,-27,59,-23,55,-25,57,-18,50,-20,52,-13,50,-11,52,-13,52,-11,48,-6,50,-11,46,-4,43,-2,41,-2,0,0,0,0,0,0,0,0,0,0]"""
1782173648579,2026-06-23T09:14:08.579,warning,breathing,lmh,lying_fast_breath,t001,"CSI_DATA,18858,1a:00:00:00:00:00,-61,11,-98,13,45,11,134409434,47,2,256,0,""[0,0,0,0,0,0,0,0,0,0,0,0,16,39,11,39,9,43,6,46,9,48,2,50,4,52,2,55,-2,62,-4,59,-9,62,-4,62,-11,64,-11,69,-20,64,-18,69,-18,73,-25,73,-27,64,-32,66,-36,71,-34,69,-36,71,-36,69,-41,69,-34,69,-43,66,-46,66,-50,64,-43,66,-41,64,-46,69,-43,66,-46,59,-43,69,-46,71,-43,62,-43,66,-46,66,-43,69,-46,64,-43,73,-48,64,-46,71,-43,64,-46,73,-48,69,-41,73,-50,66,-57,73,-57,69,-57,71,-66,71,-64,64,-66,69,-62,69,-64,66,0,0,0,0,0,0,52,73,50,73,50,69,48,73,48,73,46,73,39,69,39,76,36,66,34,69,34,66,34,64,41,69,32,62,29,66,32,62,34,66,29,62,23,62,29,64,36,62,25,66,27,55,27,57,27,64,25,64,25,64,27,62,23,64,29,64,20,64,23,66,13,66,16,62,16,64,9,69,9,69,6,64,4,69,2,66,0,64,-2,66,-9,64,-9,64,-13,57,-13,59,-16,55,-18,52,-20,46,-18,46,-25,48,-20,41,-25,36,-34,36,-29,29,-32,32,-36,23,0,0,0,0,0,0,0,0,0,0]"""
1782173648590,2026-06-23T09:14:08.590,warning,breathing,lmh,lying_fast_breath,t001,"CSI_DATA,18859,1a:00:00:00:00:00,-61,11,-98,19,44,11,134420434,47,2,256,0,""[0,0,0,0,0,0,0,0,0,0,0,0,-19,39,-21,36,-23,39,-26,41,-28,39,-28,39,-26,43,-30,43,-32,54,-32,52,-30,54,-26,58,-32,58,-32,60,-39,58,-36,58,-30,65,-36,63,-36,60,-34,67,-34,65,-34,71,-30,69,-28,73,-34,80,-21,73,-28,76,-23,80,-21,78,-15,73,-17,71,-13,84,-10,82,-8,73,-4,80,4,78,4,71,13,76,10,82,21,80,15,80,26,73,23,76,32,82,34,73,39,73,39,76,43,67,47,78,45,78,50,76,54,73,52,80,50,73,60,76,60,76,63,67,0,0,0,0,0,0,67,-63,71,-63,56,-71,56,-63,52,-65,50,-63,50,-65,54,-69,47,-63,43,-60,36,-67,32,-60,32,-63,32,-69,30,-65,21,-65,19,-71,19,-69,19,-63,8,-67,6,-69,13,-69,6,-65,2,-65,8,-73,2,-69,0,-65,-8,-67,-4,-73,-13,-65,-8,-69,-13,-69,-8,-69,-15,-69,-13,-63,-13,-71,-15,-69,-13,-69,-17,-69,-15,-65,-15,-60,-15,-63,-13,-69,-15,-65,-15,-65,-17,-52,-10,-54,-19,-56,-8,-47,-10,-56,-10,-52,-8,-52,-8,-47,-6,-50,-2,-47,-2,-45,2,-41,0,0,0,0,0,0,0,0,0,0]"""
1782173648602,2026-06-23T09:14:08.602,warning,breathing,lmh,lying_fast_breath,t001,"CSI_DATA,18860,1a:00:00:00:00:00,-61,11,-98,14,45,11,134438654,47,2,256,0,""[0,0,0,0,0,0,0,0,0,0,0,0,-29,-26,-26,-33,-29,-33,-26,-40,-26,-42,-22,-42,-22,-44,-24,-44,-26,-53,-24,-55,-20,-58,-22,-58,-22,-62,-17,-62,-11,-67,-13,-69,-20,-73,-8,-73,-8,-67,-8,-73,-6,-73,-4,-78,-2,-76,-2,-76,0,-80,-2,-78,6,-78,4,-82,4,-76,0,-78,6,-73,2,-80,4,-78,0,-76,0,-80,0,-80,0,-73,2,-78,0,-78,-4,-82,0,-80,-2,-82,2,-82,-6,-85,2,-80,0,-82,2,-82,-2,-80,-4,-87,-2,-89,0,-87,6,-91,13,-96,13,-91,4,-96,2,-94,8,-89,0,0,0,0,0,0,-91,-22,-91,-24,-85,-13,-82,-24,-82,-22,-78,-29,-78,-20,-78,-29,-73,-24,-71,-24,-71,-26,-67,-26,-73,-22,-69,-22,-64,-29,-64,-22,-71,-17,-67,-22,-60,-26,-64,-24,-67,-15,-62,-29,-58,-17,-60,-17,-60,-24,-64,-22,-62,-29,-62,-22,-64,-24,-64,-22,-62,-29,-62,-29,-60,-31,-62,-26,-58,-31,-60,-35,-58,-33,-55,-35,-55,-40,-51,-44,-51,-40,-47,-44,-47,-44,-44,-44,-38,-47,-42,-47,-33,-47,-33,-44,-24,-44,-24,-44,-22,-44,-20,-44,-17,-42,-13,-44,-6,-44,-6,-44,2,-42,0,0,0,0,0,0,0,0,0,0]"""
1782173648616,2026-06-23T09:14:08.616,warning,breathing,lmh,lying_fast_breath,t001,"CSI_DATA,18861,1a:00:00:00:00:00,-61,11,-98,18,44,11,134454638,47,2,256,0,""[0,0,0,0,0,0,0,0,0,0,0,0,11,40,8,38,8,44,6,44,4,49,4,44,8,44,4,53,11,60,11,64,13,58,15,58,15,62,15,69,6,69,11,73,20,69,13,76,13,71,8,69,4,76,20,73,22,76,17,76,22,82,29,71,24,73,26,76,26,78,33,71,29,69,33,73,35,71,38,67,40,69,49,64,44,58,49,60,51,60,62,58,62,62,62,49,60,53,71,53,62,49,71,44,71,47,71,38,73,42,78,44,78,42,82,40,82,44,80,40,85,35,96,35,89,35,0,0,0,0,0,0,40,-87,38,-87,22,-85,24,-80,20,-89,24,-80,20,-85,20,-78,17,-82,13,-69,6,-73,8,-69,2,-80,2,-76,0,-71,-6,-67,-11,-78,-4,-69,-4,-69,-8,-69,-20,-64,-13,-69,-17,-55,-15,-62,-20,-69,-20,-69,-24,-64,-31,-60,-29,-64,-35,-58,-29,-58,-33,-62,-31,-67,-35,-62,-31,-58,-29,-62,-31,-62,-31,-62,-33,-64,-31,-58,-33,-55,-29,-58,-31,-62,-29,-58,-29,-60,-29,-49,-20,-53,-26,-51,-24,-47,-22,-47,-17,-49,-22,-47,-15,-44,-13,-49,-15,-44,-13,-40,-8,-44,0,0,0,0,0,0,0,0,0,0]"""
1782173648627,2026-06-23T09:14:08.627,warning,breathing,lmh,lying_fast_breath,t001,"CSI_DATA,18862,1a:00:00:00:00:00,-61,11,-98,22,43,11,134454746,47,2,256,0,""[0,0,0,0,0,0,0,0,0,0,0,0,-40,13,-40,11,-40,15,-44,13,-44,15,-49,11,-51,13,-49,11,-53,15,-53,13,-60,15,-58,15,-60,20,-62,22,-64,17,-67,20,-73,31,-73,20,-73,22,-67,20,-71,17,-71,26,-73,24,-73,29,-76,31,-69,31,-78,26,-71,33,-73,33,-67,47,-64,40,-71,47,-64,49,-60,47,-62,53,-58,55,-55,51,-53,64,-58,58,-49,64,-51,69,-38,73,-44,69,-38,76,-40,71,-35,71,-35,73,-33,76,-31,76,-26,87,-26,87,-24,80,-29,89,-33,89,-26,94,-15,94,-17,96,0,0,0,0,0,0,91,22,89,15,91,6,89,13,80,4,85,8,78,2,87,4,78,-4,78,-2,76,-4,67,-4,80,-11,76,-13,71,-8,67,-20,69,-17,64,-24,71,-13,62,-20,60,-35,64,-26,58,-29,58,-31,58,-31,58,-35,60,-33,55,-42,58,-40,55,-44,51,-40,55,-42,55,-40,51,-47,51,-42,58,-44,53,-47,51,-47,51,-44,58,-44,49,-40,53,-42,51,-40,47,-40,47,-40,42,-42,44,-35,42,-40,44,-33,42,-33,44,-29,42,-26,40,-26,47,-20,33,-22,42,-17,42,-17,0,0,0,0,0,0,0,0,0,0]"""
1782173648638,2026-06-23T09:14:08.638,warning,breathing,lmh,lying_fast_breath,t001,"CSI_DATA,18863,1a:00:00:00:00:00,-61,11,-98,14,45,11,134465149,47,2,256,0,""[0,0,0,0,0,0,0,0,0,0,0,0,-26,31,-26,29,-35,29,-38,29,-40,29,-42,24,-44,24,-44,22,-51,26,-53,20,-58,20,-58,22,-64,22,-67,20,-67,13,-67,13,-69,17,-73,6,-69,4,-76,2,-78,0,-78,-4,-76,-4,-80,-2,-82,-8,-76,-2,-76,-8,-78,-8,-78,-17,-80,-11,-73,-11,-82,-13,-80,-13,-78,-17,-82,-15,-76,-11,-71,-8,-78,-8,-78,-13,-87,-11,-80,-13,-82,-4,-78,-11,-87,-11,-76,-13,-85,-8,-85,-13,-78,-11,-82,-17,-89,-20,-87,-22,-87,-17,-91,-29,-85,-26,-94,-26,-89,-29,-85,-31,0,0,0,0,0,0,-51,80,-49,80,-44,78,-42,76,-42,73,-49,67,-49,71,-53,69,-47,62,-44,55,-47,60,-47,55,-49,60,-49,60,-47,53,-40,53,-47,60,-40,53,-49,49,-42,53,-33,55,-44,47,-40,49,-49,47,-47,47,-49,47,-47,49,-47,53,-55,47,-47,49,-51,42,-49,44,-58,40,-53,42,-51,35,-62,35,-62,33,-60,31,-67,26,-60,24,-58,29,-60,24,-64,20,-64,17,-62,13,-55,13,-53,6,-58,4,-53,0,-51,0,-49,-4,-47,-6,-44,-8,-44,-15,-42,-20,-40,-15,-35,-24,0,0,0,0,0,0,0,0,0,0]"""
1782173648648,2026-06-23T09:14:08.648,warning,breathing,lmh,lying_fast_breath,t001,"CSI_DATA,18864,1a:00:00:00:00:00,-61,11,-98,17,44,11,134476172,47,2,256,0,""[0,0,0,0,0,0,0,0,0,0,0,0,36,13,36,16,39,18,46,23,39,23,43,23,46,27,46,25,50,25,50,27,52,25,55,27,59,23,62,27,57,25,64,29,71,23,66,32,66,25,62,23,64,29,71,27,71,25,76,18,76,25,76,18,78,20,85,18,73,16,80,9,73,9,80,6,78,0,76,2,85,-4,85,-6,73,-6,76,-18,76,-16,80,-27,78,-23,73,-34,76,-29,71,-41,76,-36,71,-36,71,-43,69,-50,71,-46,69,-55,69,-55,64,-57,73,-57,78,-52,69,-71,66,-71,62,-66,0,0,0,0,0,0,-69,-66,-64,-57,-78,-50,-71,-50,-66,-50,-69,-48,-66,-41,-69,-43,-71,-41,-69,-36,-64,-29,-69,-32,-71,-25,-71,-25,-64,-23,-69,-18,-71,-13,-71,-11,-66,-13,-66,-6,-73,-2,-66,-4,-62,2,-66,0,-64,0,-64,0,-69,6,-64,13,-71,9,-69,20,-69,18,-71,16,-69,16,-66,23,-64,18,-69,20,-69,23,-66,20,-66,25,-64,18,-55,18,-64,20,-64,23,-62,20,-57,20,-57,20,-55,11,-52,18,-55,13,-46,18,-55,13,-48,11,-48,9,-46,6,-46,6,-41,9,-46,2,0,0,0,0,0,0,0,0,0,0]"""
1782173648660,2026-06-23T09:14:08.660,warning,breathing,lmh,lying_fast_breath,t001,"CSI_DATA,18865,1a:00:00:00:00:00,-61,11,-98,18,44,11,134487774,47,2,256,0,""[0,0,0,0,0,0,0,0,0,0,0,0,20,31,22,33,22,42,20,40,22,44,20,44,26,47,22,47,24,53,26,51,29,49,29,53,33,58,31,58,31,58,33,64,44,58,35,64,35,60,31,58,31,62,42,64,47,62,44,62,49,67,51,55,51,62,55,58,51,60,58,55,53,53,60,53,64,51,60,44,69,44,69,42,64,33,76,33,69,31,76,24,76,26,80,15,80,15,89,11,80,13,85,8,85,8,82,-2,87,-2,91,-4,94,-4,89,-8,96,-6,94,-6,96,-15,96,-20,96,-17,0,0,0,0,0,0,-17,-94,-20,-91,-29,-82,-29,-85,-29,-82,-26,-73,-26,-76,-31,-76,-31,-71,-29,-64,-40,-64,-40,-53,-42,-60,-38,-64,-42,-55,-44,-51,-55,-51,-47,-51,-47,-49,-53,-44,-55,-38,-53,-44,-51,-31,-53,-38,-53,-38,-60,-38,-60,-31,-62,-22,-64,-29,-67,-22,-62,-22,-64,-22,-67,-26,-69,-20,-64,-17,-64,-26,-67,-20,-64,-15,-69,-22,-64,-15,-62,-17,-64,-13,-64,-17,-64,-17,-58,-20,-60,-11,-55,-20,-55,-15,-49,-17,-47,-13,-49,-13,-44,-13,-42,-17,-47,-15,-42,-17,-44,-13,-38,-20,0,0,0,0,0,0,0,0,0,0]"""
1782173648670,2026-06-23T09:14:08.670,warning,breathing,lmh,lying_fast_breath,t001,"CSI_DATA,18866,1a:00:00:00:00:00,-61,11,-98,17,44,11,134505097,47,2,256,0,""[0,0,0,0,0,0,0,0,0,0,0,0,36,20,34,20,39,23,39,25,39,25,41,27,43,32,43,32,50,32,48,32,52,34,57,29,59,29,62,29,57,36,57,32,66,29,66,34,62,32,71,34,71,32,69,34,69,27,73,29,76,32,73,23,71,27,80,25,71,20,78,11,73,18,85,13,80,9,78,6,80,-2,80,-6,73,-2,78,-11,78,-11,76,-20,80,-20,73,-27,78,-27,80,-34,78,-29,71,-34,76,-39,71,-46,71,-43,80,-48,76,-55,71,-57,80,-57,73,-52,71,-62,71,-62,62,-64,0,0,0,0,0,0,-69,-69,-64,-64,-76,-52,-66,-59,-66,-52,-66,-50,-71,-41,-71,-50,-69,-43,-62,-48,-69,-36,-62,-34,-69,-27,-69,-27,-69,-27,-69,-18,-71,-20,-71,-16,-69,-18,-64,-4,-71,-2,-69,-6,-62,2,-66,-2,-66,0,-66,2,-66,4,-66,13,-69,9,-66,16,-64,11,-69,13,-69,16,-71,18,-64,23,-76,13,-66,20,-62,20,-69,18,-64,18,-62,18,-64,20,-62,20,-57,23,-64,18,-57,23,-57,18,-55,18,-55,13,-48,13,-50,18,-43,9,-41,13,-50,6,-41,2,-43,6,-43,2,0,0,0,0,0,0,0,0,0,0]"""
1782173648681,2026-06-23T09:14:08.681,warning,breathing,lmh,lying_fast_breath,t001,"CSI_DATA,18867,1a:00:00:00:00:00,-61,11,-98,14,45,11,134512974,47,2,256,0,""[0,0,0,0,0,0,0,0,0,0,0,0,-38,-17,-38,-17,-40,-20,-38,-22,-42,-22,-44,-24,-44,-24,-47,-24,-53,-24,-49,-29,-55,-29,-58,-29,-58,-22,-60,-29,-58,-33,-64,-31,-71,-22,-69,-26,-64,-26,-69,-24,-69,-26,-73,-29,-73,-22,-76,-17,-76,-22,-76,-11,-76,-20,-78,-13,-76,-13,-78,-4,-76,-4,-82,0,-78,0,-73,2,-80,6,-80,13,-73,15,-78,24,-73,22,-71,29,-71,29,-71,44,-71,40,-71,47,-69,44,-69,44,-71,49,-64,55,-62,53,-69,60,-64,62,-62,64,-69,67,-64,64,-62,76,-60,73,-53,71,0,0,0,0,0,0,73,55,76,47,78,40,76,42,78,40,71,40,73,31,76,31,71,29,71,31,73,22,69,24,76,17,69,17,73,13,69,6,76,2,67,2,67,4,69,-4,67,-17,73,-8,62,-11,58,-13,64,-8,64,-17,64,-15,62,-26,64,-26,62,-31,60,-24,62,-33,60,-29,58,-33,60,-35,60,-31,60,-29,53,-29,60,-31,60,-35,55,-35,55,-38,55,-31,51,-33,51,-29,51,-38,49,-33,49,-29,44,-24,42,-24,47,-22,44,-22,38,-22,47,-20,38,-17,40,-17,42,-13,0,0,0,0,0,0,0,0,0,0]"""
1782173648692,2026-06-23T09:14:08.692,warning,breathing,lmh,lying_fast_breath,t001,"CSI_DATA,18868,1a:00:00:00:00:00,-61,11,-98,18,44,11,134523309,47,2,256,0,""[0,0,0,0,0,0,0,0,0,0,0,0,15,-38,20,-35,17,-40,22,-44,22,-44,26,-40,24,-38,29,-44,31,-51,33,-47,31,-49,31,-55,33,-58,35,-60,42,-51,40,-55,35,-62,42,-62,40,-58,44,-58,44,-62,40,-60,42,-62,42,-64,47,-73,33,-67,42,-69,42,-67,42,-71,31,-76,33,-64,31,-73,31,-73,31,-73,26,-80,22,-78,20,-73,15,-73,17,-78,11,-85,15,-82,4,-78,11,-85,4,-89,8,-78,0,-82,-2,-82,-4,-85,-6,-87,0,-91,-8,-85,-11,-89,-2,-94,-4,-91,-13,-100,-11,-91,-4,-87,0,0,0,0,0,0,-94,4,-91,11,-85,17,-82,13,-82,13,-78,8,-85,26,-82,15,-85,15,-78,11,-67,17,-64,15,-71,24,-71,26,-67,22,-60,26,-67,38,-67,31,-62,26,-62,31,-58,38,-64,33,-49,33,-58,40,-53,35,-58,38,-55,35,-53,44,-55,44,-44,44,-55,42,-55,47,-55,44,-51,44,-47,44,-53,42,-51,47,-49,44,-53,49,-53,40,-47,40,-51,40,-53,40,-53,42,-51,38,-47,38,-47,29,-51,35,-42,24,-44,26,-47,22,-42,20,-47,22,-44,20,-40,15,-40,15,-42,6,0,0,0,0,0,0,0,0,0,0]"""
1782173648703,2026-06-23T09:14:08.703,warning,breathing,lmh,lying_fast_breath,t001,"CSI_DATA,18869,1a:00:00:00:00:00,-60,11,-98,18,44,11,134530433,47,2,256,0,""[0,0,0,0,0,0,0,0,0,0,0,0,-31,26,-31,26,-35,29,-38,31,-38,31,-33,29,-40,29,-44,33,-44,35,-44,40,-44,40,-44,40,-47,44,-47,51,-49,44,-51,44,-47,55,-51,53,-44,49,-53,55,-53,62,-49,62,-47,58,-47,67,-51,69,-40,69,-44,62,-38,71,-40,69,-31,73,-26,67,-29,73,-24,80,-22,71,-8,85,-8,78,-4,71,-4,80,2,82,4,76,4,85,24,76,4,80,-8,114,13,118,31,85,82,105,-6,80,15,107,4,134,15,64,64,22,-22,53,15,105,2,51,31,123,53,143,0,0,0,0,0,0,-6,-44,44,-60,94,-17,73,-94,42,-114,-15,-38,87,-53,24,-47,13,-42,47,-69,58,-15,47,-55,60,-69,6,-38,31,-67,17,-51,20,-73,22,-67,17,-67,8,-67,0,-64,8,-69,0,-67,2,-64,0,-69,2,-71,-4,-67,-13,-69,-11,-71,-17,-67,-11,-67,-15,-67,-20,-64,-20,-67,-20,-58,-20,-67,-20,-67,-24,-67,-26,-64,-17,-62,-24,-60,-26,-62,-22,-62,-24,-60,-22,-58,-26,-51,-20,-51,-26,-55,-17,-51,-20,-47,-17,-49,-15,-40,-17,-42,-13,-47,-15,-42,-13,-40,-8,-47,0,0,0,0,0,0,0,0,0,0]"""
1782173648714,2026-06-23T09:14:08.714,warning,breathing,lmh,lying_fast_breath,t001,"CSI_DATA,18870,1a:00:00:00:00:00,-61,11,-98,20,44,11,134544125,47,2,256,0,""[0,0,0,0,0,0,0,0,0,0,0,0,2,-42,4,-40,8,-44,14,-44,14,-46,14,-48,16,-50,21,-46,27,-52,29,-50,29,-57,31,-54,35,-54,38,-54,48,-50,44,-50,46,-61,50,-52,52,-46,54,-52,59,-50,57,-48,57,-48,61,-52,65,-46,57,-48,65,-42,67,-50,67,-38,69,-48,63,-40,73,-42,69,-44,69,-38,71,-46,67,-46,63,-40,65,-46,65,-42,63,-48,67,-46,63,-44,71,-48,69,-50,71,-42,67,-46,71,-42,65,-48,73,-44,80,-44,80,-46,76,-48,86,-42,84,-42,86,-46,92,-40,90,-38,0,0,0,0,0,0,-25,-88,-21,-86,-27,-88,-25,-82,-23,-80,-14,-80,-19,-80,-10,-84,-10,-73,-8,-73,-12,-69,-10,-71,-10,-76,-8,-69,-10,-73,-12,-67,-12,-76,-8,-69,0,-69,-10,-69,-16,-69,-4,-69,-6,-63,-4,-65,-2,-65,0,-71,-6,-67,-10,-71,2,-69,-6,-69,2,-65,4,-69,4,-71,2,-69,8,-65,12,-73,10,-69,10,-65,19,-65,19,-65,16,-61,23,-63,31,-61,27,-59,31,-52,27,-54,31,-46,35,-50,35,-40,35,-38,35,-38,35,-38,35,-29,38,-23,40,-29,38,-19,42,-12,0,0,0,0,0,0,0,0,0,0]"""
1782173648725,2026-06-23T09:14:08.725,warning,breathing,lmh,lying_fast_breath,t001,"CSI_DATA,18872,1a:00:00:00:00:00,-61,11,-98,18,44,11,134564072,47,2,256,0,""[0,0,0,0,0,0,0,0,0,0,0,0,38,-6,42,-8,49,0,49,-2,49,0,47,2,47,2,55,6,60,4,58,11,58,8,58,11,64,8,67,13,62,22,69,22,71,15,64,22,62,26,64,26,67,29,71,35,69,29,69,31,73,38,71,26,69,40,69,35,69,42,71,35,62,35,69,38,71,35,67,35,76,31,73,31,67,26,73,29,80,33,80,29,78,33,76,26,76,24,80,26,69,26,76,22,78,24,80,20,82,26,85,31,85,33,82,31,85,35,85,40,89,35,87,35,87,31,0,0,0,0,0,0,44,-80,49,-89,42,-78,40,-73,40,-80,40,-62,40,-69,42,-76,40,-67,40,-62,35,-60,38,-60,35,-67,38,-62,38,-60,29,-64,35,-67,33,-62,38,-58,29,-58,26,-62,31,-62,24,-53,29,-58,31,-62,29,-60,33,-60,26,-62,33,-62,24,-62,35,-55,33,-60,38,-62,33,-62,31,-58,44,-58,40,-58,35,-55,47,-55,44,-51,42,-47,42,-47,47,-47,47,-47,49,-42,44,-42,49,-33,47,-33,47,-26,44,-29,47,-22,44,-24,42,-22,44,-17,42,-13,44,-6,40,-6,0,0,0,0,0,0,0,0,0,0]"""
1782173648739,2026-06-23T09:14:08.739,warning,breathing,lmh,lying_fast_breath,t001,"CSI_DATA,18873,1a:00:00:00:00:00,-61,11,-98,19,44,11,134577098,47,2,256,0,""[0,0,0,0,0,0,0,0,0,0,0,0,-41,-10,-39,-13,-43,-13,-41,-19,-43,-15,-41,-17,-47,-21,-43,-21,-56,-23,-54,-26,-56,-23,-58,-21,-60,-26,-56,-30,-58,-34,-67,-34,-65,-28,-65,-36,-58,-30,-60,-36,-63,-43,-65,-32,-67,-34,-67,-32,-71,-41,-76,-28,-69,-36,-76,-32,-69,-36,-71,-28,-69,-26,-76,-30,-73,-26,-73,-19,-80,-15,-80,-17,-73,-10,-76,-13,-78,-13,-87,-8,-80,-6,-82,4,-80,-4,-84,4,-80,0,-82,8,-82,10,-80,15,-84,10,-89,10,-89,13,-89,17,-93,13,-89,10,-95,17,-89,17,-89,19,0,0,0,0,0,0,10,93,10,91,21,78,17,82,23,91,17,78,23,84,21,80,21,76,19,71,26,71,19,65,32,69,28,69,28,67,32,54,39,65,32,63,30,60,36,60,41,50,36,63,36,50,39,52,39,54,41,56,43,56,47,52,43,54,50,45,43,47,47,50,45,56,47,50,47,47,43,58,45,50,45,52,50,54,45,50,43,50,41,54,39,54,39,50,34,52,39,50,30,52,36,47,28,43,32,39,28,43,23,41,23,43,19,45,15,43,15,43,15,43,0,0,0,0,0,0,0,0,0,0]"""
1782173648749,2026-06-23T09:14:08.749,warning,breathing,lmh,lying_fast_breath,t001,"CSI_DATA,18874,1a:00:00:00:00:00,-61,11,-98,18,44,11,134585433,47,2,256,0,""[0,0,0,0,0,0,0,0,0,0,0,0,2,-40,2,-38,6,-40,6,-51,8,-49,6,-47,4,-51,8,-49,6,-55,11,-58,8,-60,4,-55,4,-64,8,-64,11,-64,11,-67,4,-67,8,-71,8,-67,6,-69,6,-71,6,-80,8,-69,4,-78,6,-82,-4,-78,2,-78,0,-80,0,-78,-8,-76,-8,-73,-8,-78,-13,-76,-17,-76,-22,-76,-24,-76,-24,-73,-31,-69,-31,-73,-38,-69,-31,-69,-44,-67,-40,-69,-51,-69,-44,-64,-49,-58,-53,-64,-55,-60,-58,-64,-62,-69,-64,-62,-67,-62,-67,-67,-58,-67,-73,-62,-76,-55,-71,-58,0,0,0,0,0,0,-62,73,-53,73,-44,73,-49,67,-47,71,-44,64,-42,73,-42,76,-35,73,-35,62,-31,67,-29,60,-26,71,-26,69,-26,67,-17,67,-15,76,-15,71,-24,64,-6,67,-2,67,-8,69,-2,62,-2,62,-2,64,-4,69,0,67,8,67,4,69,13,67,6,64,6,67,11,69,15,67,11,67,6,71,8,67,15,64,11,69,11,67,13,60,13,64,11,64,15,62,6,62,11,60,6,58,6,60,4,53,2,49,2,53,0,47,4,53,-2,51,-6,47,-4,44,-11,42,0,0,0,0,0,0,0,0,0,0]"""
1782173648759,2026-06-23T09:14:08.759,warning,breathing,lmh,lying_fast_breath,t001,"CSI_DATA,18875,1a:00:00:00:00:00,-61,11,-98,17,44,11,134596433,47,2,256,0,""[0,0,0,0,0,0,0,0,0,0,0,0,-39,13,-39,13,-41,16,-43,13,-43,13,-43,9,-48,9,-52,11,-57,16,-57,13,-59,16,-59,13,-59,20,-66,20,-69,11,-69,13,-69,18,-69,18,-62,16,-69,16,-76,16,-73,16,-78,18,-71,18,-80,18,-73,29,-76,20,-76,23,-76,23,-73,29,-69,25,-78,23,-69,34,-66,32,-69,36,-69,43,-64,41,-62,43,-66,43,-64,52,-62,50,-57,59,-59,57,-59,62,-52,55,-52,66,-52,62,-52,62,-57,64,-57,71,-52,69,-57,69,-57,73,-57,69,-52,80,-52,82,-46,73,0,0,0,0,0,0,73,59,76,55,71,46,73,55,76,46,62,43,71,39,76,43,66,39,64,41,64,34,62,36,69,27,66,25,64,29,66,23,69,23,69,16,66,20,66,20,69,11,69,18,62,6,64,16,66,13,69,4,66,6,64,0,69,6,64,-2,66,2,73,2,69,4,71,0,62,0,64,4,69,0,64,6,71,4,66,9,59,4,64,2,64,4,66,6,62,6,59,2,52,11,57,6,48,9,50,6,50,13,46,11,50,11,46,16,41,13,43,16,36,20,0,0,0,0,0,0,0,0,0,0]"""
1782173648772,2026-06-23T09:14:08.772,warning,breathing,lmh,lying_fast_breath,t001,"CSI_DATA,18876,1a:00:00:00:00:00,-61,11,-98,19,44,11,134609841,47,2,256,0,""[0,0,0,0,0,0,0,0,0,0,0,0,-41,6,-41,2,-45,0,-50,-6,-50,-6,-47,-6,-50,-8,-52,-8,-58,-13,-56,-17,-54,-21,-56,-19,-63,-21,-63,-23,-63,-32,-63,-32,-69,-30,-63,-36,-58,-39,-60,-32,-56,-36,-69,-47,-60,-43,-63,-45,-60,-52,-60,-43,-60,-52,-60,-52,-60,-54,-60,-54,-52,-43,-63,-52,-60,-52,-60,-52,-67,-50,-65,-45,-63,-43,-63,-45,-60,-52,-69,-43,-67,-52,-67,-43,-67,-50,-76,-47,-65,-47,-65,-45,-60,-47,-67,-45,-67,-50,-69,-58,-71,-54,-73,-52,-71,-60,-65,-63,-80,-65,-76,-60,-71,-65,0,0,0,0,0,0,-76,63,-73,58,-69,58,-60,52,-65,52,-65,45,-67,47,-67,52,-65,45,-60,41,-56,45,-58,39,-60,45,-63,43,-63,34,-52,39,-60,47,-60,43,-58,34,-50,34,-54,45,-58,36,-50,41,-52,36,-58,36,-56,41,-56,36,-54,41,-60,39,-54,41,-56,34,-65,34,-63,32,-63,34,-56,28,-69,28,-67,30,-58,28,-63,30,-63,19,-56,13,-63,15,-65,10,-63,13,-60,4,-58,10,-56,0,-65,2,-52,-2,-50,-6,-50,-10,-50,-10,-43,-10,-47,-15,-36,-19,-39,-19,-34,-26,0,0,0,0,0,0,0,0,0,0]"""
1782173648790,2026-06-23T09:14:08.790,warning,breathing,lmh,lying_fast_breath,t001,"CSI_DATA,18877,1a:00:00:00:00:00,-61,11,-98,17,44,11,134627283,47,2,256,0,""[0,0,0,0,0,0,0,0,0,0,0,0,2,-39,4,-39,9,-41,11,-46,11,-43,11,-48,13,-46,16,-48,16,-55,20,-57,18,-57,16,-57,18,-64,16,-64,23,-64,20,-66,18,-76,23,-69,18,-66,20,-71,18,-64,25,-73,20,-71,20,-76,25,-82,13,-76,25,-73,20,-80,18,-73,13,-80,13,-73,13,-82,9,-80,9,-80,2,-82,-2,-76,-2,-71,-9,-76,-4,-76,-13,-78,-9,-78,-20,-73,-18,-76,-25,-87,-18,-78,-27,-73,-25,-78,-32,-73,-32,-78,-29,-85,-36,-82,-39,-80,-32,-87,-34,-85,-41,-87,-41,-82,-46,-78,0,0,0,0,0,0,-92,34,-76,43,-73,48,-71,46,-76,41,-69,41,-69,48,-71,48,-62,43,-64,36,-62,41,-52,41,-55,46,-52,50,-52,41,-46,46,-48,59,-48,50,-46,48,-41,55,-39,59,-48,50,-34,55,-36,55,-39,52,-39,57,-34,50,-29,62,-36,59,-27,59,-32,57,-32,57,-32,64,-25,64,-29,59,-36,62,-32,62,-29,57,-32,64,-32,52,-32,52,-34,55,-34,57,-36,57,-34,52,-29,52,-34,48,-32,50,-34,43,-29,43,-34,41,-29,39,-29,39,-34,34,-29,34,-29,32,-36,25,0,0,0,0,0,0,0,0,0,0]"""
1782173648800,2026-06-23T09:14:08.800,warning,breathing,lmh,lying_fast_breath,t001,"CSI_DATA,18878,1a:00:00:00:00:00,-61,11,-98,14,45,11,134631102,47,2,256,0,""[0,0,0,0,0,0,0,0,0,0,0,0,35,-22,35,-20,44,-22,42,-20,44,-17,44,-17,49,-20,49,-20,53,-20,53,-20,60,-20,58,-22,62,-26,67,-24,64,-20,67,-20,67,-29,73,-22,62,-17,67,-26,67,-22,71,-24,73,-24,69,-26,76,-24,69,-31,76,-26,73,-31,76,-31,67,-35,67,-31,67,-38,64,-38,64,-35,64,-44,69,-49,60,-42,60,-49,62,-51,58,-60,58,-53,55,-64,55,-55,49,-67,49,-55,47,-67,53,-64,44,-69,44,-71,51,-73,47,-71,47,-80,53,-80,53,-76,44,-85,42,-82,40,-80,0,0,0,0,0,0,-82,-51,-78,-42,-78,-33,-76,-42,-80,-38,-69,-38,-71,-31,-73,-29,-69,-24,-69,-33,-69,-24,-62,-24,-78,-22,-67,-20,-64,-22,-69,-13,-73,-8,-69,-11,-64,-13,-67,-6,-69,-2,-69,-8,-55,2,-60,0,-60,-2,-67,0,-67,0,-67,8,-64,4,-67,13,-69,6,-69,6,-64,2,-67,8,-67,8,-62,2,-64,6,-64,4,-67,4,-69,0,-62,4,-64,4,-62,2,-64,4,-58,0,-62,2,-55,-2,-53,2,-51,-4,-49,-4,-51,-8,-47,-6,-44,-6,-44,-4,-40,-11,-42,-13,-35,-20,0,0,0,0,0,0,0,0,0,0]"""
1782173648810,2026-06-23T09:14:08.810,warning,breathing,lmh,lying_fast_breath,t001,"CSI_DATA,18879,1a:00:00:00:00:00,-61,11,-98,18,44,11,134640433,47,2,256,0,""[0,0,0,0,0,0,0,0,0,0,0,0,17,35,8,40,13,44,8,47,11,47,8,49,13,49,11,53,6,58,8,62,11,60,13,60,13,67,11,62,4,64,8,71,15,73,4,69,4,76,8,69,8,69,8,76,6,73,4,76,11,85,13,76,6,76,8,80,13,78,17,76,13,73,22,80,20,78,20,73,26,78,33,76,24,67,33,71,29,76,42,73,33,69,44,67,38,69,51,73,42,67,51,64,49,67,58,62,53,69,58,73,60,73,55,64,51,76,58,76,64,73,64,71,73,69,0,0,0,0,0,0,71,-60,73,-55,64,-62,62,-55,60,-58,60,-53,58,-58,62,-55,58,-53,51,-51,44,-53,47,-49,42,-60,44,-58,47,-55,38,-53,40,-62,40,-58,33,-55,31,-53,31,-58,33,-55,26,-55,31,-60,31,-58,29,-58,26,-58,24,-64,29,-64,20,-64,26,-58,22,-62,26,-64,22,-64,22,-60,29,-67,24,-64,24,-62,24,-62,26,-58,24,-58,29,-60,31,-58,29,-55,31,-55,24,-55,29,-44,26,-49,26,-42,26,-42,31,-40,26,-38,31,-40,31,-35,33,-35,24,-29,29,-24,0,0,0,0,0,0,0,0,0,0]"""
1782173648821,2026-06-23T09:14:08.821,warning,breathing,lmh,lying_fast_breath,t001,"CSI_DATA,18880,1a:00:00:00:00:00,-61,11,-98,18,44,11,134651846,47,2,256,0,""[0,0,0,0,0,0,0,0,0,0,0,0,-8,38,-8,38,-8,44,-13,44,-17,51,-17,42,-22,49,-17,49,-22,53,-20,53,-26,60,-24,55,-20,62,-26,62,-33,58,-31,64,-29,67,-33,67,-33,67,-33,60,-35,58,-35,67,-35,67,-33,71,-38,76,-31,71,-35,67,-35,71,-35,67,-24,71,-29,64,-31,78,-26,76,-20,69,-20,78,-20,78,-17,73,-13,80,-15,76,-4,80,-4,78,-6,80,-6,82,0,82,-4,82,0,82,-2,82,8,85,6,82,2,89,6,94,6,91,2,94,-2,91,13,91,13,96,13,91,0,0,0,0,0,0,91,-6,89,-6,87,-15,87,-4,82,-8,78,-8,78,-8,82,-11,73,-13,73,-8,71,-11,69,-8,73,-17,71,-17,67,-15,64,-22,69,-26,62,-22,64,-17,64,-22,58,-26,64,-22,58,-29,60,-29,58,-24,60,-29,58,-29,51,-33,58,-29,53,-35,55,-29,60,-35,55,-33,58,-35,53,-35,62,-33,62,-35,58,-31,60,-33,60,-22,55,-29,55,-26,58,-24,53,-24,55,-20,58,-26,51,-20,55,-22,55,-15,49,-15,47,-8,44,-11,49,-11,49,-6,40,-8,42,-2,47,6,0,0,0,0,0,0,0,0,0,0]"""
1782173648832,2026-06-23T09:14:08.832,warning,breathing,lmh,lying_fast_breath,t001,"CSI_DATA,18881,1a:00:00:00:00:00,-61,11,-98,17,44,11,134662432,47,2,256,0,""[0,0,0,0,0,0,0,0,0,0,0,0,-41,13,-39,11,-46,9,-48,9,-48,4,-48,4,-55,2,-50,-4,-57,2,-62,0,-59,-2,-62,2,-64,0,-66,-6,-64,-13,-71,-11,-69,-6,-71,-13,-69,-16,-62,-16,-73,-25,-73,-16,-76,-23,-76,-16,-80,-25,-71,-13,-73,-20,-71,-18,-78,-27,-73,-18,-71,-18,-76,-18,-76,-20,-76,-20,-78,-16,-80,-13,-76,-11,-76,-9,-80,-11,-82,-6,-80,-9,-80,0,-76,-6,-85,-2,-76,-9,-80,-6,-80,-6,-80,4,-82,-9,-87,-4,-87,-4,-92,-2,-92,-9,-92,-11,-99,-4,-92,-6,-94,-6,0,0,0,0,0,0,-25,89,-18,89,-11,85,-18,85,-13,87,-18,73,-13,78,-18,82,-16,76,-13,73,-9,71,-13,66,-13,73,-11,71,-11,73,-6,69,-4,76,-6,71,-13,66,-4,64,2,62,-11,66,-4,59,-6,62,-13,66,-9,66,-4,66,2,71,-4,69,4,66,-9,64,-4,69,-6,69,-11,66,-4,62,-13,66,-11,66,-16,66,-18,66,-18,64,-13,59,-20,57,-23,59,-20,57,-25,55,-23,57,-29,48,-25,55,-27,41,-25,43,-29,41,-25,36,-32,34,-29,34,-32,32,-27,27,-34,23,0,0,0,0,0,0,0,0,0,0]"""
1782173648840,2026-06-23T09:14:08.840,warning,breathing,lmh,lying_fast_breath,t001,"CSI_DATA,18882,1a:00:00:00:00:00,-61,11,-98,18,44,11,134673432,47,2,256,0,""[0,0,0,0,0,0,0,0,0,0,0,0,31,29,31,31,31,33,31,38,31,38,26,40,26,42,24,44,29,49,26,55,26,53,26,55,29,60,29,60,20,62,20,64,26,71,15,71,15,67,17,69,15,71,15,80,11,76,13,76,11,82,13,78,4,78,8,78,4,82,8,78,8,73,8,82,6,82,8,76,11,82,8,80,11,73,15,78,11,80,20,80,15,78,20,78,11,76,22,85,13,71,13,80,11,82,15,80,13,82,17,89,20,82,13,89,8,89,8,96,17,98,11,98,13,91,0,0,0,0,0,0,91,4,94,4,89,-4,85,8,89,2,82,8,85,2,82,8,80,11,73,6,69,8,71,13,78,11,71,8,69,8,67,6,73,0,71,6,67,13,67,6,69,2,67,11,62,2,64,6,69,8,64,8,69,8,67,4,73,6,67,2,67,4,67,15,67,13,64,8,60,13,64,20,67,17,60,20,64,22,60,29,58,22,58,29,60,31,58,29,53,33,49,33,44,38,49,29,38,40,35,38,33,35,31,29,24,38,31,40,22,35,20,40,15,42,0,0,0,0,0,0,0,0,0,0]"""
1782173648851,2026-06-23T09:14:08.851,warning,breathing,lmh,lying_fast_breath,t001,"CSI_DATA,18883,1a:00:00:00:00:00,-61,11,-98,14,45,11,134684432,47,2,256,0,""[0,0,0,0,0,0,0,0,0,0,0,0,44,-6,40,-2,49,2,49,4,49,4,49,2,51,4,53,4,58,6,60,8,64,8,62,6,67,11,64,13,62,17,71,15,71,11,73,20,69,17,69,24,73,26,73,20,78,17,76,20,78,22,78,13,76,20,80,17,78,22,76,17,76,13,80,17,80,11,76,11,85,6,80,2,78,0,78,0,80,4,80,-4,78,-2,82,-11,82,-8,85,-13,76,-6,82,-20,85,-13,80,-22,78,-17,87,-17,87,-17,87,-20,89,-17,94,-15,94,-22,85,-22,94,-22,0,0,0,0,0,0,-15,-89,-17,-91,-22,-78,-22,-82,-22,-85,-17,-76,-17,-80,-17,-80,-20,-76,-20,-69,-22,-67,-24,-62,-26,-69,-22,-69,-22,-67,-29,-60,-31,-64,-29,-60,-24,-60,-33,-60,-38,-55,-31,-62,-31,-49,-31,-55,-31,-55,-33,-55,-38,-55,-38,-51,-38,-55,-44,-53,-38,-53,-42,-51,-33,-58,-38,-55,-35,-51,-33,-55,-35,-55,-33,-58,-35,-58,-31,-55,-33,-55,-31,-58,-26,-58,-26,-58,-20,-55,-24,-55,-20,-51,-24,-55,-15,-49,-20,-47,-15,-49,-13,-44,-6,-44,-2,-49,-4,-40,-4,-42,2,-40,0,0,0,0,0,0,0,0,0,0]"""
1782173648863,2026-06-23T09:14:08.863,warning,breathing,lmh,lying_fast_breath,t001,"CSI_DATA,18884,1a:00:00:00:00:00,-61,11,-98,19,44,11,134702421,47,2,256,0,""[0,0,0,0,0,0,0,0,0,0,0,0,34,19,39,19,36,23,41,30,39,28,39,32,36,36,34,36,41,43,36,43,39,47,41,43,45,47,41,56,36,60,34,56,45,60,36,65,32,65,30,71,28,76,36,69,30,71,34,69,30,76,34,69,23,73,23,78,28,71,32,76,26,67,32,80,30,73,28,69,32,78,32,71,30,65,39,69,39,73,45,67,36,73,45,65,39,76,43,71,41,71,36,69,41,73,43,73,41,73,43,80,43,82,47,78,36,82,32,78,45,89,47,87,47,80,0,0,0,0,0,0,82,-28,89,-26,82,-34,82,-19,78,-28,82,-19,78,-23,82,-21,76,-19,76,-15,71,-17,65,-15,76,-23,69,-19,69,-19,63,-21,71,-26,67,-21,65,-15,65,-19,63,-26,67,-19,60,-23,60,-17,63,-13,65,-17,67,-13,60,-26,65,-15,65,-26,65,-15,67,-13,63,-13,65,-17,60,-13,73,-10,69,-8,63,-8,65,-6,67,0,60,-4,69,-2,65,6,60,2,60,13,58,6,54,13,58,6,50,15,47,19,45,21,41,19,41,21,41,23,41,26,30,26,34,32,0,0,0,0,0,0,0,0,0,0]"""
1782173648873,2026-06-23T09:14:08.873,warning,breathing,lmh,lying_fast_breath,t001,"CSI_DATA,18885,1a:00:00:00:00:00,-61,11,-98,22,43,11,134706432,47,2,256,0,""[0,0,0,0,0,0,0,0,0,0,0,0,8,42,4,42,6,44,2,47,2,51,-2,51,-2,49,-4,51,-4,53,-8,55,-6,60,-11,58,-8,62,-20,62,-24,60,-22,73,-17,71,-31,71,-22,64,-31,67,-31,67,-26,69,-31,73,-29,69,-33,71,-31,76,-40,69,-35,69,-40,71,-29,73,-35,64,-33,71,-33,73,-26,69,-31,78,-31,76,-33,67,-26,73,-31,76,-24,76,-31,78,-24,78,-26,73,-22,82,-26,73,-17,82,-24,82,-20,80,-24,87,-29,87,-24,82,-31,87,-35,87,-38,80,-33,87,-31,87,-26,91,0,0,0,0,0,0,82,42,87,47,78,31,76,42,78,38,67,42,76,42,71,42,67,35,60,40,62,31,67,33,69,33,69,35,60,33,58,29,64,31,64,29,58,33,62,31,62,24,60,31,55,22,58,29,58,31,58,29,62,31,60,26,62,33,64,24,60,35,62,33,58,35,58,31,58,29,58,40,58,35,55,35,55,42,49,42,49,38,49,47,44,44,47,44,40,44,47,47,31,44,42,44,33,42,26,42,24,44,24,40,17,47,15,44,15,40,6,47,6,47,0,0,0,0,0,0,0,0,0,0]"""
1782173648885,2026-06-23T09:14:08.885,warning,breathing,lmh,lying_fast_breath,t001,"CSI_DATA,18886,1a:00:00:00:00:00,-61,11,-98,18,44,11,134717432,47,2,256,0,""[0,0,0,0,0,0,0,0,0,0,0,0,40,8,35,15,44,13,42,20,44,17,44,20,49,20,44,22,55,22,51,26,55,26,53,24,60,29,60,29,58,35,58,33,64,31,64,35,60,29,67,42,69,42,64,38,67,35,69,35,73,38,69,26,67,38,71,31,67,31,73,24,67,29,76,26,76,26,73,22,76,24,76,15,71,15,85,13,78,15,82,6,78,6,80,0,87,2,85,0,82,2,80,-8,85,-6,80,-4,80,-6,91,-6,91,-11,85,-11,91,-13,94,-6,96,-11,94,-15,91,-20,0,0,0,0,0,0,-8,-91,-11,-89,-24,-91,-17,-85,-15,-78,-15,-80,-17,-76,-15,-80,-15,-73,-15,-73,-20,-71,-20,-64,-29,-69,-22,-67,-24,-64,-35,-62,-33,-67,-29,-60,-22,-62,-33,-55,-35,-53,-33,-58,-35,-49,-33,-51,-33,-53,-38,-55,-35,-51,-40,-47,-38,-58,-42,-47,-40,-51,-40,-53,-38,-58,-44,-53,-40,-51,-42,-58,-40,-55,-40,-51,-38,-53,-38,-49,-35,-49,-38,-55,-31,-53,-38,-51,-31,-55,-31,-49,-26,-47,-29,-53,-26,-47,-24,-49,-17,-44,-20,-44,-17,-40,-13,-40,-13,-42,-8,-40,-6,-44,0,0,0,0,0,0,0,0,0,0]"""
1782173648894,2026-06-23T09:14:08.894,warning,breathing,lmh,lying_fast_breath,t001,"CSI_DATA,18887,1a:00:00:00:00:00,-61,11,-98,18,44,11,134728432,47,2,256,0,""[0,0,0,0,0,0,0,0,0,0,0,0,33,-17,35,-22,40,-26,42,-22,42,-22,42,-20,42,-24,47,-24,51,-26,53,-31,51,-33,51,-33,53,-42,55,-33,58,-31,55,-38,55,-47,62,-44,58,-44,58,-40,58,-40,58,-51,60,-49,60,-53,60,-58,47,-58,55,-51,53,-62,53,-62,49,-67,47,-58,44,-69,40,-67,33,-67,33,-76,26,-73,24,-73,22,-78,15,-76,11,-85,11,-82,6,-82,6,-82,2,-89,2,-78,-13,-78,-4,-85,-15,-76,-22,-80,-17,-89,-20,-85,-24,-80,-24,-89,-24,-87,-38,-91,-42,-94,-42,-80,0,0,0,0,0,0,-85,40,-82,42,-71,47,-73,42,-69,47,-67,42,-67,49,-67,51,-60,49,-58,42,-49,49,-42,51,-47,60,-47,58,-42,53,-33,55,-35,64,-33,58,-38,55,-29,60,-17,67,-26,60,-15,58,-13,64,-17,64,-11,60,-13,64,-4,67,-11,71,-2,62,-4,64,-4,69,0,67,2,67,4,60,-4,71,2,69,6,64,2,71,2,62,6,64,2,64,2,67,4,62,4,60,8,58,2,55,4,53,4,49,0,47,4,44,4,47,4,49,2,47,-2,42,4,40,-6,44,0,0,0,0,0,0,0,0,0,0]"""
1782173648905,2026-06-23T09:14:08.905,warning,breathing,lmh,lying_fast_breath,t001,"CSI_DATA,18888,1a:00:00:00:00:00,-61,11,-98,15,45,11,134739432,47,2,256,0,""[0,0,0,0,0,0,0,0,0,0,0,0,-15,39,-17,39,-21,39,-26,39,-26,43,-28,43,-34,39,-32,41,-36,45,-36,41,-41,50,-41,47,-43,50,-43,47,-54,43,-52,50,-54,58,-58,45,-56,45,-58,39,-63,39,-63,43,-65,45,-63,50,-69,45,-60,50,-65,45,-69,47,-65,41,-65,47,-60,43,-69,47,-63,47,-65,43,-60,52,-60,54,-56,50,-56,58,-58,52,-58,58,-56,58,-52,60,-58,58,-52,60,-56,58,-56,63,-58,63,-52,63,-56,60,-60,65,-58,67,-56,69,-65,69,-67,60,-60,71,-63,65,-60,65,0,0,0,0,0,0,58,71,56,69,67,63,54,63,56,63,52,63,50,58,52,63,47,54,47,60,45,54,47,52,52,54,43,50,50,52,47,47,54,50,50,45,43,50,47,43,56,45,47,47,45,43,43,41,45,47,45,43,45,43,52,41,47,43,52,39,47,45,50,45,45,50,47,43,43,43,43,52,43,52,41,47,39,50,39,54,39,47,36,56,32,54,32,50,26,52,30,50,23,54,21,50,19,52,17,45,8,50,15,45,8,41,6,43,2,45,0,41,-4,45,0,0,0,0,0,0,0,0,0,0]"""
1782173648916,2026-06-23T09:14:08.916,warning,breathing,lmh,lying_fast_breath,t001,"CSI_DATA,18889,1a:00:00:00:00:00,-61,11,-98,23,43,11,134753300,47,2,256,0,""[0,0,0,0,0,0,0,0,0,0,0,0,-32,-23,-30,-23,-34,-30,-34,-28,-39,-32,-36,-32,-39,-30,-41,-34,-47,-36,-47,-34,-47,-32,-54,-32,-54,-36,-56,-34,-52,-39,-60,-36,-60,-32,-63,-41,-56,-34,-56,-36,-58,-39,-69,-36,-69,-39,-71,-32,-71,-34,-76,-23,-73,-32,-71,-30,-73,-26,-78,-21,-71,-21,-78,-17,-78,-13,-73,-10,-82,-4,-82,-4,-78,2,-80,6,-82,10,-80,17,-76,13,-80,28,-82,19,-78,30,-73,30,-76,34,-76,36,-76,36,-69,41,-80,43,-76,50,-73,54,-76,47,-76,52,-71,60,-65,60,-73,63,0,0,0,0,0,0,56,67,65,67,67,56,60,56,65,54,60,47,65,45,67,50,67,39,63,41,60,34,60,32,69,30,63,26,65,26,65,21,71,17,71,17,63,17,65,8,67,6,69,8,58,4,65,-2,67,2,63,-4,67,-4,63,-10,65,-6,63,-19,63,-13,67,-13,67,-10,63,-15,63,-19,67,-17,65,-17,58,-17,63,-23,58,-17,58,-21,63,-17,63,-19,58,-17,54,-13,56,-19,56,-17,54,-17,47,-13,47,-17,50,-10,45,-10,45,-6,43,-8,45,-8,43,-8,41,-4,0,0,0,0,0,0,0,0,0,0]"""
1782173648927,2026-06-23T09:14:08.927,warning,breathing,lmh,lying_fast_breath,t001,"CSI_DATA,18890,1a:00:00:00:00:00,-61,11,-98,20,44,11,134761495,47,2,256,0,""[0,0,0,0,0,0,0,0,0,0,0,0,-2,-40,4,-42,6,-48,6,-48,10,-46,10,-46,10,-50,14,-48,12,-57,14,-57,19,-52,14,-59,14,-67,19,-67,25,-63,25,-65,19,-71,27,-67,23,-65,19,-76,23,-67,29,-78,27,-69,23,-71,27,-78,21,-71,25,-71,25,-80,25,-73,16,-78,21,-71,19,-80,16,-78,16,-76,8,-84,6,-82,6,-71,4,-76,2,-80,-6,-78,2,-80,-10,-80,-2,-84,-14,-84,-2,-82,-10,-80,-10,-84,-16,-78,-19,-84,-19,-88,-21,-90,-19,-82,-14,-92,-10,-80,-23,-92,-23,-86,-23,-86,0,0,0,0,0,0,-92,19,-95,19,-82,25,-80,19,-84,21,-78,16,-80,21,-82,27,-71,25,-71,16,-65,23,-69,25,-69,29,-69,23,-63,19,-59,29,-65,33,-63,35,-63,29,-57,31,-59,38,-61,31,-48,38,-54,38,-52,31,-54,40,-54,38,-50,42,-57,40,-46,46,-52,40,-57,40,-54,42,-52,44,-50,42,-57,44,-54,40,-52,40,-52,38,-52,35,-50,35,-52,31,-57,31,-52,38,-54,33,-52,29,-48,25,-48,31,-46,19,-42,16,-46,19,-42,19,-46,19,-44,8,-42,12,-40,4,-42,2,0,0,0,0,0,0,0,0,0,0]"""
1782173648938,2026-06-23T09:14:08.938,warning,breathing,lmh,lying_fast_breath,t001,"CSI_DATA,18891,1a:00:00:00:00:00,-61,11,-98,17,44,11,134776910,47,2,256,0,""[0,0,0,0,0,0,0,0,0,0,0,0,36,16,36,18,39,23,39,27,41,25,39,25,46,27,41,29,50,32,46,36,46,36,50,32,55,39,52,41,50,48,52,46,59,41,55,48,55,43,52,46,48,48,62,48,57,52,62,50,66,55,62,43,57,48,64,50,62,50,66,43,59,43,69,43,66,39,69,36,69,36,71,32,64,29,76,29,73,32,78,25,80,25,80,16,76,23,85,20,80,18,78,13,82,16,78,11,85,11,87,11,87,13,92,4,89,13,89,11,96,6,96,4,92,6,0,0,0,0,0,0,16,-89,13,-87,4,-87,2,-85,6,-82,4,-80,2,-76,4,-85,4,-80,6,-73,0,-69,2,-66,-9,-73,-2,-73,0,-69,-6,-66,-9,-73,-11,-69,-9,-64,-16,-64,-20,-64,-13,-62,-18,-59,-16,-62,-16,-64,-20,-64,-18,-62,-20,-59,-20,-66,-27,-59,-18,-57,-20,-66,-20,-66,-25,-64,-25,-62,-18,-69,-20,-62,-20,-62,-18,-64,-18,-62,-16,-59,-13,-64,-16,-64,-13,-59,-9,-59,-16,-55,-9,-55,-11,-55,-6,-50,-4,-46,-4,-46,-4,-41,0,-46,0,-46,9,-41,4,-41,11,-39,0,0,0,0,0,0,0,0,0,0]"""
1782173648949,2026-06-23T09:14:08.949,warning,breathing,lmh,lying_fast_breath,t001,"CSI_DATA,18892,1a:00:00:00:00:00,-61,11,-98,17,44,11,134784143,47,2,256,0,""[0,0,0,0,0,0,0,0,0,0,0,0,-2,-39,4,-39,0,-43,4,-48,2,-48,11,-46,6,-48,11,-52,11,-62,13,-57,16,-59,13,-62,13,-66,13,-62,25,-66,20,-69,16,-69,25,-66,18,-64,27,-71,27,-73,23,-69,25,-71,20,-73,29,-78,25,-73,27,-71,25,-73,23,-73,20,-76,20,-71,25,-76,23,-78,20,-71,16,-80,13,-80,13,-71,11,-80,9,-73,4,-80,4,-76,0,-78,2,-78,-2,-82,4,-78,-4,-80,4,-82,0,-85,-6,-82,2,-89,-4,-85,-4,-92,2,-96,4,-89,-6,-99,-4,-94,-9,-92,0,0,0,0,0,0,-92,4,-87,-2,-87,9,-82,0,-85,2,-80,0,-80,4,-82,4,-78,2,-73,-2,-71,2,-69,2,-73,11,-71,6,-69,2,-64,11,-73,13,-69,11,-66,6,-62,13,-64,18,-66,9,-59,16,-59,18,-64,13,-64,16,-64,13,-62,18,-62,20,-59,20,-59,16,-71,18,-66,20,-62,20,-59,20,-64,16,-66,13,-64,18,-71,13,-62,6,-62,11,-64,9,-64,2,-62,6,-59,4,-57,4,-55,0,-57,2,-50,-4,-46,-6,-48,-9,-43,-6,-46,-9,-50,-9,-43,-11,-36,-16,-39,-20,0,0,0,0,0,0,0,0,0,0]"""
1782173648960,2026-06-23T09:14:08.960,warning,breathing,lmh,lying_fast_breath,t001,"CSI_DATA,18893,1a:00:00:00:00:00,-61,11,-98,17,44,11,134794432,47,2,256,0,""[0,0,0,0,0,0,0,0,0,0,0,0,27,-20,32,-23,34,-27,41,-27,41,-25,39,-23,46,-27,46,-23,48,-29,48,-25,52,-32,52,-29,57,-36,57,-36,62,-34,62,-34,62,-39,69,-29,62,-29,64,-34,66,-34,66,-36,64,-34,62,-39,69,-41,66,-41,73,-34,73,-39,69,-39,62,-48,64,-41,62,-48,64,-48,59,-43,59,-52,57,-48,52,-46,50,-59,52,-62,48,-66,46,-62,41,-66,52,-62,41,-78,39,-66,39,-69,48,-71,39,-66,34,-73,41,-78,36,-80,39,-82,46,-82,39,-80,34,-87,36,-89,34,-87,0,0,0,0,0,0,-82,-43,-78,-29,-85,-27,-78,-36,-76,-27,-71,-32,-78,-27,-80,-25,-71,-25,-71,-23,-66,-18,-66,-20,-69,-20,-71,-13,-69,-16,-64,-4,-76,-2,-69,-4,-59,-6,-66,0,-69,6,-66,0,-59,6,-59,0,-62,-2,-66,2,-66,2,-64,16,-64,9,-62,13,-64,11,-66,9,-66,6,-66,11,-62,9,-66,9,-64,6,-62,9,-64,4,-66,2,-59,6,-64,4,-66,4,-62,2,-57,2,-57,4,-55,-2,-55,0,-52,-2,-50,-2,-50,-6,-46,-6,-43,-6,-43,-9,-43,-9,-46,-11,-36,-18,0,0,0,0,0,0,0,0,0,0]"""
1782173648970,2026-06-23T09:14:08.970,warning,breathing,lmh,lying_fast_breath,t001,"CSI_DATA,18894,1a:00:00:00:00:00,-61,11,-98,18,44,11,134805432,47,2,256,0,""[0,0,0,0,0,0,0,0,0,0,0,0,-35,4,-42,2,-44,0,-47,-2,-47,0,-47,-4,-55,-4,-53,-6,-60,-6,-55,-11,-55,-13,-62,-11,-67,-13,-67,-8,-62,-22,-67,-15,-69,-11,-67,-17,-69,-17,-76,-20,-76,-17,-71,-22,-69,-22,-71,-20,-78,-26,-73,-11,-71,-22,-76,-20,-73,-20,-76,-15,-73,-17,-80,-17,-76,-15,-73,-15,-80,-11,-76,-6,-71,-6,-76,0,-78,-6,-78,2,-78,-4,-78,8,-82,4,-85,8,-78,6,-78,13,-82,6,-80,11,-82,11,-94,11,-87,11,-85,17,-91,15,-96,11,-91,17,-89,22,-94,17,0,0,0,0,0,0,13,91,8,91,17,87,13,80,15,82,8,82,15,76,13,82,11,76,13,71,15,71,13,69,17,69,17,67,17,69,20,64,20,67,26,64,13,64,24,62,26,60,24,64,24,55,24,60,24,60,24,60,29,53,31,60,26,62,38,55,29,55,29,62,26,55,31,60,26,58,26,64,26,67,26,62,26,60,22,55,24,55,22,58,24,64,15,58,15,60,17,55,11,55,13,55,8,53,6,47,-2,47,4,44,-2,42,-4,44,-4,47,-2,44,-8,40,0,0,0,0,0,0,0,0,0,0]"""
1782173648980,2026-06-23T09:14:08.980,warning,breathing,lmh,lying_fast_breath,t001,"CSI_DATA,18895,1a:00:00:00:00:00,-61,11,-98,17,44,11,134816432,47,2,256,0,""[0,0,0,0,0,0,0,0,0,0,0,0,27,32,23,32,25,39,27,41,25,46,20,43,16,46,20,48,23,55,20,57,23,59,18,57,25,62,23,66,13,64,16,71,20,76,11,76,9,66,16,71,9,69,13,73,11,76,11,80,9,80,16,73,6,78,11,76,9,80,13,73,6,73,9,78,16,80,9,76,18,80,18,73,16,71,23,78,23,76,27,76,25,78,32,78,25,73,36,80,25,73,29,76,25,80,32,69,32,76,34,82,36,82,36,73,32,89,29,87,36,87,39,82,34,85,0,0,0,0,0,0,99,-25,89,-23,82,-29,78,-18,82,-23,73,-18,76,-18,82,-18,80,-20,71,-18,69,-20,66,-16,66,-20,71,-20,66,-20,62,-23,69,-29,64,-27,59,-23,62,-20,57,-25,64,-23,57,-27,59,-18,57,-18,57,-27,62,-25,62,-32,62,-27,59,-34,57,-27,62,-25,62,-25,59,-27,55,-20,66,-18,66,-23,62,-18,64,-18,59,-11,59,-13,66,-11,64,-11,62,-13,59,-6,57,-6,57,-4,57,-4,50,4,46,2,50,9,43,6,43,6,43,11,41,11,36,13,36,18,0,0,0,0,0,0,0,0,0,0]"""
1782173648991,2026-06-23T09:14:08.991,warning,breathing,lmh,lying_fast_breath,t001,"CSI_DATA,18896,1a:00:00:00:00:00,-61,11,-98,15,45,11,134829927,47,2,256,0,""[0,0,0,0,0,0,0,0,0,0,0,0,39,17,36,17,39,23,41,26,41,28,39,30,39,30,39,32,45,36,47,43,45,41,45,39,50,47,50,47,45,50,43,54,52,52,41,58,41,58,43,58,45,60,47,65,43,63,50,63,47,69,47,58,43,63,45,67,45,71,47,63,43,65,52,67,52,65,45,63,52,65,50,58,47,56,54,56,54,63,63,52,60,58,63,52,56,56,69,56,56,54,60,52,58,56,65,47,67,58,67,58,69,60,67,54,67,60,63,63,73,63,71,67,76,60,0,0,0,0,0,0,71,-63,67,-63,58,-65,60,-60,60,-58,56,-52,58,-56,60,-56,54,-52,54,-45,50,-47,50,-47,52,-52,54,-52,47,-50,43,-45,45,-54,43,-50,45,-47,45,-50,34,-52,43,-47,36,-47,39,-52,45,-50,43,-54,39,-50,36,-56,43,-54,34,-54,43,-50,41,-50,47,-54,41,-54,39,-47,47,-50,47,-52,47,-45,52,-45,47,-39,43,-39,47,-39,54,-36,52,-36,50,-36,45,-32,47,-23,47,-30,43,-21,45,-21,50,-15,41,-17,47,-15,47,-10,41,-6,41,-4,39,0,0,0,0,0,0,0,0,0,0,0]"""
1782173649002,2026-06-23T09:14:09.002,warning,breathing,lmh,lying_fast_breath,t001,"CSI_DATA,18897,1a:00:00:00:00:00,-61,11,-98,15,45,11,134840066,47,2,256,0,""[0,0,0,0,0,0,0,0,0,0,0,0,-36,-4,-41,-6,-41,-8,-47,-10,-47,-10,-45,-13,-50,-13,-52,-15,-58,-17,-56,-19,-58,-19,-58,-19,-63,-21,-63,-23,-63,-32,-63,-26,-69,-19,-69,-28,-63,-30,-60,-34,-63,-39,-69,-32,-69,-32,-71,-34,-73,-39,-69,-30,-65,-34,-73,-34,-69,-34,-73,-30,-67,-28,-76,-32,-76,-30,-76,-28,-73,-23,-73,-19,-69,-17,-80,-15,-76,-19,-80,-13,-78,-17,-80,0,-80,-8,-84,-4,-78,-4,-80,0,-80,-2,-80,0,-82,-2,-91,-4,-91,-2,-87,2,-89,-4,-91,-2,-93,2,-93,-2,-91,0,0,0,0,0,0,0,-6,93,-8,91,2,87,-2,82,-2,82,-4,78,0,78,-6,84,-2,78,0,73,4,71,0,65,10,73,4,69,4,69,10,65,13,71,10,69,0,67,13,60,21,60,15,65,15,58,13,65,10,65,13,63,15,60,21,65,10,67,23,58,19,63,17,63,17,65,19,63,17,58,13,67,15,67,17,65,10,65,13,63,10,58,8,65,6,65,8,60,2,60,8,56,2,54,-2,56,-2,50,0,47,-6,50,-8,47,-8,43,-15,45,-13,47,-10,36,-13,34,0,0,0,0,0,0,0,0,0,0]"""
1782173649019,2026-06-23T09:14:09.019,warning,breathing,lmh,lying_fast_breath,t001,"CSI_DATA,18898,1a:00:00:00:00:00,-61,11,-98,18,44,11,134857026,47,2,256,0,""[0,0,0,0,0,0,0,0,0,0,0,0,-33,24,-33,20,-40,22,-42,24,-42,24,-40,22,-40,26,-42,24,-47,26,-47,33,-49,33,-51,35,-53,35,-51,42,-58,35,-60,40,-49,47,-60,38,-55,42,-51,42,-55,40,-60,47,-58,44,-58,51,-62,55,-51,58,-58,49,-51,55,-58,62,-47,62,-42,58,-49,64,-42,69,-42,69,-38,73,-31,73,-26,67,-24,76,-26,73,-15,80,-15,76,-8,85,-11,76,-4,89,-4,73,0,80,2,78,8,80,8,82,6,87,17,91,15,82,13,91,13,89,24,94,22,89,33,91,0,0,0,0,0,0,87,-29,85,-29,80,-40,78,-33,80,-29,69,-29,73,-38,69,-35,67,-42,62,-38,60,-38,53,-35,58,-47,58,-49,51,-44,49,-47,49,-51,47,-55,42,-49,44,-53,31,-55,44,-55,26,-53,29,-58,33,-55,31,-58,29,-62,20,-60,24,-67,20,-64,20,-62,17,-60,15,-64,17,-64,13,-62,22,-67,13,-64,15,-67,15,-67,17,-62,11,-58,15,-64,15,-64,11,-62,13,-58,11,-55,11,-47,8,-58,11,-49,11,-47,17,-47,8,-47,8,-47,17,-44,15,-44,15,-35,20,-35,0,0,0,0,0,0,0,0,0,0]"""
1782173649030,2026-06-23T09:14:09.030,warning,breathing,lmh,lying_fast_breath,t001,"CSI_DATA,18899,1a:00:00:00:00:00,-61,11,-98,15,45,11,134860431,47,2,256,0,""[0,0,0,0,0,0,0,0,0,0,0,0,19,-36,19,-36,23,-39,32,-39,32,-34,34,-34,34,-36,39,-34,39,-43,45,-39,50,-41,47,-41,52,-41,52,-41,58,-34,60,-41,60,-47,65,-36,63,-30,60,-30,63,-28,67,-34,69,-36,67,-34,76,-30,65,-36,76,-30,76,-34,69,-30,67,-36,69,-32,73,-34,73,-32,67,-32,69,-39,69,-43,65,-36,65,-43,71,-36,65,-45,65,-43,63,-50,69,-47,71,-50,67,-45,65,-50,67,-52,63,-52,69,-50,73,-50,71,-47,71,-52,82,-52,78,-45,78,-50,78,-50,73,-47,0,0,0,0,0,0,-39,-82,-36,-80,-45,-73,-34,-73,-41,-71,-36,-71,-34,-69,-32,-78,-32,-65,-32,-67,-34,-63,-32,-60,-36,-60,-26,-63,-32,-63,-36,-56,-36,-60,-32,-58,-26,-58,-34,-56,-41,-54,-30,-58,-34,-50,-30,-54,-28,-58,-30,-56,-34,-58,-36,-54,-32,-56,-36,-54,-30,-54,-32,-58,-30,-58,-32,-56,-30,-54,-26,-65,-23,-60,-23,-56,-19,-63,-21,-58,-17,-56,-17,-60,-10,-63,-10,-58,-8,-56,-13,-56,-6,-54,-6,-56,-2,-52,0,-50,4,-47,2,-47,8,-41,17,-41,13,-39,10,-41,21,-36,0,0,0,0,0,0,0,0,0,0]"""
1782173649042,2026-06-23T09:14:09.042,warning,breathing,lmh,lying_fast_breath,t001,"CSI_DATA,18900,1a:00:00:00:00:00,-61,11,-98,20,44,11,134871431,47,2,256,0,""[0,0,0,0,0,0,0,0,0,0,0,0,-38,16,-40,10,-33,12,-48,8,-48,6,-48,2,-52,2,-50,0,-57,0,-57,0,-59,-6,-63,-2,-69,0,-69,-10,-63,-14,-67,-10,-73,-10,-69,-19,-67,-19,-71,-19,-67,-21,-73,-27,-67,-21,-73,-25,-73,-33,-71,-27,-65,-31,-71,-33,-67,-35,-73,-27,-65,-29,-76,-38,-73,-33,-67,-31,-82,-29,-71,-29,-67,-23,-78,-25,-76,-31,-76,-29,-73,-27,-78,-23,-73,-31,-82,-27,-73,-31,-76,-25,-78,-29,-71,-27,-82,-27,-82,-33,-86,-33,-78,-31,-84,-44,-82,-40,-84,-40,-88,-38,-84,-40,0,0,0,0,0,0,-57,78,-48,73,-48,78,-46,67,-46,67,-50,65,-48,63,-54,65,-46,61,-50,57,-42,54,-46,52,-40,57,-42,57,-46,57,-40,57,-44,54,-42,52,-44,52,-40,48,-35,57,-40,50,-38,52,-40,50,-42,50,-42,48,-42,50,-38,52,-46,50,-42,50,-40,44,-48,50,-48,46,-46,50,-44,40,-54,46,-52,46,-50,38,-57,38,-52,33,-46,33,-54,33,-59,27,-54,29,-54,25,-50,25,-54,14,-54,16,-57,12,-48,10,-50,4,-44,4,-46,2,-48,-4,-42,-8,-40,-2,-38,-10,0,0,0,0,0,0,0,0,0,0]"""
1782173649052,2026-06-23T09:14:09.052,warning,breathing,lmh,lying_fast_breath,t001,"CSI_DATA,18901,1a:00:00:00:00:00,-61,11,-98,23,43,11,134882431,47,2,256,0,""[0,0,0,0,0,0,0,0,0,0,0,0,-39,-10,-34,-17,-43,-21,-41,-19,-45,-21,-39,-21,-45,-17,-45,-17,-56,-19,-54,-21,-54,-19,-58,-17,-60,-15,-67,-17,-60,-23,-67,-21,-73,-10,-67,-21,-65,-17,-63,-10,-69,-19,-82,-10,-76,-10,-73,-6,-80,-8,-73,0,-78,-4,-76,2,-80,-4,-76,10,-76,6,-73,10,-76,15,-73,17,-82,28,-76,30,-67,30,-69,34,-69,36,-67,50,-65,43,-65,54,-60,52,-56,60,-56,45,-50,60,-56,65,-45,67,-56,69,-50,73,-43,73,-43,76,-47,82,-50,76,-43,89,-32,89,-26,80,0,0,0,0,0,0,87,32,93,30,80,17,80,19,82,13,80,17,80,13,82,8,78,8,67,8,67,0,73,-4,71,-4,73,-8,65,-6,63,-17,67,-19,67,-21,65,-19,67,-19,58,-30,58,-23,54,-30,54,-32,56,-32,54,-36,52,-39,45,-43,54,-45,43,-47,50,-45,45,-45,50,-50,41,-50,41,-47,45,-47,43,-52,43,-50,43,-54,43,-47,39,-50,36,-47,41,-47,36,-50,39,-45,32,-50,34,-43,28,-45,28,-39,30,-36,28,-34,26,-41,32,-41,32,-36,28,-34,32,-30,32,-23,0,0,0,0,0,0,0,0,0,0]"""
1782173649062,2026-06-23T09:14:09.062,warning,breathing,lmh,lying_fast_breath,t001,"CSI_DATA,18902,1a:00:00:00:00:00,-61,11,-98,17,44,11,134894164,47,2,256,0,""[0,0,0,0,0,0,0,0,0,0,0,0,-11,39,-18,39,-16,39,-20,43,-23,43,-23,46,-23,46,-29,46,-27,50,-32,48,-29,52,-29,52,-29,59,-36,57,-39,55,-36,55,-34,64,-46,59,-39,59,-43,55,-48,55,-43,59,-46,62,-39,64,-48,69,-39,66,-43,64,-46,64,-41,59,-36,66,-41,62,-41,73,-36,69,-34,66,-32,73,-34,73,-27,66,-23,71,-23,73,-20,76,-20,80,-13,78,-16,80,-11,85,-16,78,-11,78,-11,82,-6,80,-9,85,-9,87,-6,87,-4,87,-9,87,-13,92,-2,92,-4,96,0,94,0,0,0,0,0,0,89,9,89,6,87,-4,85,4,80,2,78,2,78,0,85,2,73,-2,73,4,71,0,69,0,76,-4,69,-9,66,-4,64,-9,71,-16,66,-11,69,-6,64,-13,66,-20,66,-11,57,-18,59,-16,62,-11,66,-18,64,-23,62,-23,66,-20,62,-29,62,-23,64,-23,62,-18,59,-27,59,-20,66,-20,64,-20,59,-18,64,-16,64,-18,59,-18,59,-18,62,-13,57,-18,57,-9,57,-13,57,-9,52,-11,50,-2,46,0,50,0,46,-4,43,0,46,4,43,6,36,6,43,9,0,0,0,0,0,0,0,0,0,0]"""
1782173649073,2026-06-23T09:14:09.073,warning,breathing,lmh,lying_fast_breath,t001,"CSI_DATA,18903,1a:00:00:00:00:00,-61,11,-98,14,45,11,134904431,47,2,256,0,""[0,0,0,0,0,0,0,0,0,0,0,0,-4,-42,-2,-40,-2,-42,0,-47,0,-49,4,-49,0,-49,4,-49,4,-58,0,-58,4,-62,2,-58,-2,-64,0,-69,6,-67,4,-67,-2,-73,4,-73,2,-69,6,-76,4,-76,2,-78,4,-76,-6,-78,2,-85,-4,-73,0,-76,-2,-78,-6,-78,-11,-76,-8,-69,-11,-82,-13,-76,-17,-76,-20,-78,-22,-76,-20,-69,-31,-71,-31,-71,-40,-71,-33,-71,-42,-64,-42,-67,-51,-71,-42,-64,-44,-62,-47,-64,-47,-60,-55,-62,-58,-69,-62,-64,-58,-62,-60,-67,-55,-64,-71,-67,-73,-67,-67,-62,0,0,0,0,0,0,-64,67,-60,62,-51,71,-53,60,-51,67,-51,62,-44,67,-49,69,-47,58,-44,55,-38,58,-33,53,-33,64,-33,62,-26,58,-22,60,-20,69,-24,62,-24,60,-17,58,-15,67,-17,62,-8,58,-13,62,-15,64,-11,64,-8,60,0,64,-6,67,-2,62,-8,62,-6,67,-2,67,2,69,-2,58,-2,71,-4,64,-2,62,-4,69,-8,60,-4,58,-2,62,-4,64,-6,58,-8,60,-4,58,-11,55,-2,60,-8,49,-11,44,-15,44,-8,42,-13,42,-15,40,-11,40,-13,40,-17,31,0,0,0,0,0,0,0,0,0,0]"""
1782173649083,2026-06-23T09:14:09.083,warning,breathing,lmh,lying_fast_breath,t001,"CSI_DATA,18904,1a:00:00:00:00:00,-61,11,-98,18,44,11,134915431,47,2,256,0,""[0,0,0,0,0,0,0,0,0,0,0,0,-26,31,-29,29,-31,24,-38,31,-33,26,-40,26,-42,26,-47,26,-44,31,-47,31,-49,33,-47,33,-49,38,-53,35,-62,29,-62,35,-58,47,-64,31,-64,35,-55,31,-62,29,-67,38,-64,35,-67,44,-69,44,-62,47,-67,38,-71,42,-60,40,-60,51,-58,44,-67,49,-62,51,-55,44,-55,51,-58,51,-49,51,-49,58,-53,62,-44,67,-49,67,-42,67,-49,69,-42,71,-44,64,-40,69,-42,71,-42,71,-38,71,-42,80,-33,82,-35,80,-42,87,-40,78,-38,87,-31,89,-31,82,0,0,0,0,0,0,87,38,80,38,80,38,78,31,73,26,78,35,73,24,78,31,67,24,73,31,67,24,67,22,69,17,71,17,71,17,64,11,73,8,67,8,69,13,67,6,71,2,62,8,62,4,64,2,64,4,67,4,62,2,64,-6,69,2,62,-6,67,-2,67,-2,64,0,67,-4,62,-4,73,-2,64,-2,60,0,67,2,64,2,60,2,67,-2,64,4,64,0,60,6,58,2,53,11,53,2,51,13,49,8,53,13,44,11,40,13,44,17,40,15,38,11,38,22,0,0,0,0,0,0,0,0,0,0]"""
1782173649093,2026-06-23T09:14:09.093,warning,breathing,lmh,lying_fast_breath,t001,"CSI_DATA,18905,1a:00:00:00:00:00,-61,11,-98,15,45,11,134926431,47,2,256,0,""[0,0,0,0,0,0,0,0,0,0,0,0,41,10,39,10,43,15,45,19,45,21,41,19,43,19,45,23,52,23,52,30,50,30,52,30,58,30,58,34,52,41,60,43,63,36,56,47,54,45,50,43,52,50,63,50,63,47,60,50,65,54,65,43,60,52,65,50,58,54,60,45,60,45,60,47,67,45,63,45,67,43,71,39,65,34,71,32,73,41,78,34,73,34,76,30,73,32,80,28,67,26,78,21,76,28,80,19,82,28,89,30,82,26,84,26,87,28,84,30,93,28,91,26,89,28,0,0,0,0,0,0,36,-87,36,-87,23,-80,23,-80,26,-84,28,-71,28,-78,28,-76,28,-71,21,-65,17,-65,19,-63,15,-71,19,-69,19,-65,8,-65,13,-71,13,-69,15,-65,8,-67,4,-65,8,-65,6,-58,8,-63,10,-65,8,-67,4,-65,2,-65,8,-71,0,-63,4,-63,4,-67,13,-67,6,-69,4,-63,13,-65,10,-67,10,-67,10,-69,13,-60,13,-58,13,-58,21,-63,17,-63,21,-56,15,-52,21,-47,19,-56,19,-41,21,-43,23,-39,23,-41,28,-39,26,-36,28,-34,28,-30,28,-26,0,0,0,0,0,0,0,0,0,0]"""
1782173649104,2026-06-23T09:14:09.104,warning,breathing,lmh,lying_fast_breath,t001,"CSI_DATA,18906,1a:00:00:00:00:00,-61,11,-98,19,44,11,134937431,47,2,256,0,""[0,0,0,0,0,0,0,0,0,0,0,0,26,-26,30,-28,34,-28,34,-32,39,-30,39,-30,43,-32,41,-30,43,-36,41,-39,50,-36,47,-39,47,-50,50,-45,54,-39,52,-41,50,-47,56,-45,50,-43,60,-50,63,-47,54,-54,56,-52,54,-58,52,-58,45,-60,52,-52,52,-60,50,-58,47,-63,47,-58,47,-67,41,-67,39,-63,34,-69,36,-71,28,-67,23,-76,21,-73,15,-80,19,-80,8,-78,15,-78,10,-84,10,-76,4,-82,6,-84,-2,-78,0,-80,-4,-89,-10,-82,-13,-84,-6,-91,-6,-89,-15,-91,-21,-97,-23,-84,0,0,0,0,0,0,-91,13,-87,17,-82,23,-78,19,-80,28,-80,21,-73,28,-82,28,-71,28,-67,28,-65,28,-65,28,-63,39,-60,36,-56,34,-50,39,-56,47,-52,45,-52,43,-50,43,-45,52,-50,45,-36,52,-43,50,-45,47,-41,50,-39,52,-36,56,-36,58,-30,58,-36,58,-36,58,-32,56,-30,60,-30,54,-36,60,-34,60,-30,58,-34,60,-36,56,-26,52,-30,52,-32,56,-30,56,-30,56,-26,54,-30,47,-26,50,-28,39,-26,39,-32,43,-26,34,-26,36,-34,39,-26,34,-26,30,-30,28,0,0,0,0,0,0,0,0,0,0]"""
1782173649115,2026-06-23T09:14:09.115,warning,breathing,lmh,lying_fast_breath,t001,"CSI_DATA,18907,1a:00:00:00:00:00,-61,11,-98,14,45,11,134948431,47,2,256,0,""[0,0,0,0,0,0,0,0,0,0,0,0,-11,40,-13,38,-22,40,-22,42,-24,40,-24,40,-26,40,-31,42,-33,47,-35,42,-35,47,-42,44,-44,47,-47,49,-51,38,-53,44,-53,51,-58,44,-55,35,-64,35,-67,35,-67,38,-67,42,-64,40,-76,38,-64,40,-69,33,-71,38,-73,31,-67,38,-67,33,-71,33,-71,35,-69,31,-69,35,-69,38,-62,35,-62,42,-69,35,-67,44,-69,38,-67,47,-69,42,-69,47,-71,40,-67,47,-71,42,-64,42,-73,40,-78,42,-73,44,-76,42,-82,42,-87,35,-85,42,-82,42,-78,38,0,0,0,0,0,0,26,85,26,85,31,80,26,85,24,82,20,76,20,76,17,80,20,76,17,73,17,71,20,69,22,71,17,67,15,67,20,64,20,67,13,64,11,64,17,64,24,62,15,67,17,58,13,62,11,64,11,62,15,64,17,62,11,64,20,62,11,64,13,67,4,67,8,64,8,62,-2,67,2,69,0,64,0,64,-2,64,-2,60,-8,64,-13,62,-15,60,-17,55,-8,53,-17,51,-20,55,-20,47,-22,42,-24,42,-22,38,-26,38,-29,35,-31,31,-26,26,-33,24,0,0,0,0,0,0,0,0,0,0]"""
1782173649124,2026-06-23T09:14:09.124,warning,breathing,lmh,lying_fast_breath,t001,"CSI_DATA,18908,1a:00:00:00:00:00,-61,11,-98,15,45,11,134959431,47,2,256,0,""[0,0,0,0,0,0,0,0,0,0,0,0,28,28,26,30,26,34,28,41,28,41,23,43,26,41,26,43,30,50,30,54,26,56,28,54,32,58,32,58,23,63,26,63,34,60,28,67,28,65,26,71,23,71,32,71,26,69,32,71,28,78,32,67,23,71,28,73,30,71,36,71,30,67,36,73,39,69,41,67,43,69,45,65,41,58,47,60,47,65,54,58,52,63,58,56,54,56,60,60,54,56,58,52,60,54,60,52,67,54,69,63,69,58,67,56,69,63,67,60,78,58,78,58,76,56,0,0,0,0,0,0,67,-67,60,-69,52,-73,47,-60,50,-63,52,-56,47,-60,54,-67,47,-58,45,-56,39,-56,39,-52,36,-58,39,-63,39,-60,32,-54,32,-65,30,-58,34,-60,26,-56,21,-58,28,-56,23,-58,23,-60,26,-60,23,-60,23,-56,17,-63,26,-63,17,-58,21,-58,26,-60,19,-65,19,-65,19,-56,26,-67,23,-63,23,-58,28,-65,23,-54,23,-56,28,-56,30,-56,28,-56,28,-50,23,-50,30,-47,30,-52,28,-41,26,-39,32,-34,26,-30,30,-34,36,-32,32,-28,30,-28,36,-23,0,0,0,0,0,0,0,0,0,0]"""
1782173649136,2026-06-23T09:14:09.136,warning,breathing,lmh,lying_fast_breath,t001,"CSI_DATA,18909,1a:00:00:00:00:00,-61,11,-98,19,44,11,134970430,47,2,256,0,""[0,0,0,0,0,0,0,0,0,0,0,0,41,-8,36,-8,41,-4,50,-4,47,-4,50,-6,50,-4,54,-4,58,-8,60,-6,60,-8,63,-13,67,-15,65,-17,67,-10,71,-8,71,-17,71,-10,67,-15,71,-19,73,-19,76,-19,71,-19,71,-26,76,-23,69,-26,76,-21,76,-30,73,-26,67,-36,69,-32,71,-41,67,-39,65,-41,67,-50,60,-50,54,-50,52,-56,54,-58,45,-65,50,-65,43,-69,45,-73,41,-73,39,-69,32,-71,36,-76,28,-76,28,-82,32,-82,21,-87,15,-87,28,-91,26,-89,17,-89,15,-95,10,-89,0,0,0,0,0,0,-93,-15,-89,-10,-87,2,-80,-6,-82,-2,-80,-2,-80,8,-84,2,-69,4,-71,2,-69,10,-65,10,-73,15,-69,19,-69,15,-58,21,-67,26,-63,30,-63,26,-58,28,-58,41,-60,30,-54,36,-52,36,-56,34,-50,41,-45,41,-47,45,-50,43,-43,50,-45,43,-50,50,-47,47,-41,50,-45,52,-47,52,-45,50,-39,50,-43,52,-43,47,-34,50,-41,52,-43,50,-34,45,-41,43,-34,45,-36,43,-32,43,-36,36,-34,41,-36,34,-32,32,-30,32,-34,30,-34,30,-32,30,-36,23,0,0,0,0,0,0,0,0,0,0]"""
1782173649147,2026-06-23T09:14:09.147,warning,breathing,lmh,lying_fast_breath,t001,"CSI_DATA,18910,1a:00:00:00:00:00,-61,11,-98,18,44,11,134981589,47,2,256,0,""[0,0,0,0,0,0,0,0,0,0,0,0,38,20,35,20,38,24,38,31,38,29,40,31,40,29,38,29,44,29,49,33,51,33,49,33,53,31,58,35,51,42,58,42,62,35,60,42,58,38,51,42,53,44,64,42,62,40,62,40,69,38,67,29,62,38,71,38,67,38,71,31,67,29,71,29,71,22,71,24,82,17,78,11,69,13,80,8,80,8,80,2,80,0,76,-2,82,-4,82,-13,78,-11,80,-15,80,-13,76,-22,80,-17,85,-22,80,-24,87,-33,94,-24,87,-24,89,-33,78,-33,82,-40,0,0,0,0,0,0,-29,-85,-38,-78,-44,-73,-40,-78,-44,-76,-35,-67,-40,-69,-40,-67,-40,-62,-38,-64,-47,-55,-38,-53,-51,-51,-49,-51,-44,-51,-44,-40,-55,-47,-58,-42,-47,-44,-51,-40,-55,-31,-53,-42,-53,-26,-53,-31,-53,-33,-55,-29,-55,-29,-60,-26,-60,-29,-62,-15,-60,-22,-64,-22,-62,-22,-62,-20,-60,-15,-62,-26,-60,-22,-62,-20,-67,-22,-62,-22,-55,-17,-58,-20,-60,-22,-58,-22,-58,-22,-55,-17,-51,-17,-55,-17,-49,-20,-44,-20,-44,-22,-42,-15,-40,-24,-40,-22,-35,-22,-31,-24,-33,-26,0,0,0,0,0,0,0,0,0,0]"""
1782173649157,2026-06-23T09:14:09.157,warning,breathing,lmh,lying_fast_breath,t001,"CSI_DATA,18911,1a:00:00:00:00:00,-61,11,-98,20,44,11,134993476,47,2,256,0,""[0,0,0,0,0,0,0,0,0,0,0,0,-23,-35,-21,-38,-19,-40,-21,-44,-21,-40,-21,-48,-23,-44,-19,-48,-29,-52,-21,-52,-25,-52,-27,-52,-35,-57,-33,-57,-29,-63,-35,-61,-42,-61,-35,-63,-33,-57,-40,-63,-40,-65,-38,-63,-40,-61,-44,-57,-48,-67,-48,-54,-44,-65,-50,-65,-46,-59,-59,-52,-54,-50,-61,-52,-59,-48,-59,-46,-65,-46,-67,-40,-67,-38,-69,-33,-69,-35,-80,-25,-71,-29,-82,-14,-78,-23,-84,-16,-76,-14,-80,-10,-86,-8,-84,-4,-84,-6,-86,-4,-90,-2,-90,2,-97,4,-86,0,-92,6,-99,8,-92,10,0,0,0,0,0,0,10,88,14,88,23,80,16,82,23,82,21,80,21,73,29,80,25,71,27,67,31,63,29,61,38,63,35,63,35,59,38,54,48,57,44,54,40,57,46,46,50,38,46,48,46,40,46,38,48,42,52,42,54,35,59,29,57,40,57,25,54,31,61,29,59,31,57,25,59,25,63,33,61,29,61,25,61,27,54,25,54,21,54,27,57,29,54,25,54,25,52,19,48,25,54,23,46,21,46,16,44,23,42,21,40,16,35,23,38,25,38,19,31,29,0,0,0,0,0,0,0,0,0,0]"""
1782173649168,2026-06-23T09:14:09.168,warning,breathing,lmh,lying_fast_breath,t001,"CSI_DATA,18912,1a:00:00:00:00:00,-61,11,-98,14,45,11,135005411,47,2,256,0,""[0,0,0,0,0,0,0,0,0,0,0,0,-40,4,-42,0,-44,4,-49,0,-49,0,-47,-2,-49,-2,-53,-2,-58,2,-58,2,-60,2,-62,6,-62,6,-69,6,-67,2,-69,2,-71,11,-71,8,-67,13,-73,6,-76,13,-71,13,-73,13,-73,17,-80,22,-71,24,-76,17,-76,26,-76,24,-69,35,-64,31,-69,40,-64,42,-60,42,-62,49,-62,51,-53,47,-51,55,-55,55,-47,67,-49,67,-40,69,-44,67,-35,73,-35,69,-33,73,-35,76,-26,78,-24,82,-24,89,-20,82,-20,85,-24,89,-22,89,-11,91,-8,91,-2,89,0,0,0,0,0,0,89,6,89,4,80,-8,85,0,89,-8,78,-2,80,-8,78,-13,76,-11,71,-11,64,-20,67,-15,69,-24,64,-31,62,-24,58,-29,58,-40,58,-42,55,-33,55,-35,44,-42,55,-40,40,-42,40,-40,49,-47,44,-49,42,-49,35,-51,40,-53,31,-55,35,-53,35,-58,35,-55,26,-55,31,-55,33,-55,29,-58,26,-55,26,-58,31,-55,29,-55,29,-55,26,-55,24,-58,24,-53,20,-55,24,-47,17,-53,24,-44,22,-42,22,-38,22,-40,17,-40,17,-38,24,-38,22,-33,26,-31,0,0,0,0,0,0,0,0,0,0]"""
1782173649179,2026-06-23T09:14:09.179,warning,breathing,lmh,lying_fast_breath,t001,"CSI_DATA,18913,1a:00:00:00:00:00,-61,11,-98,19,44,11,135014430,47,2,256,0,""[0,0,0,0,0,0,0,0,0,0,0,0,-26,-30,-23,-32,-26,-36,-26,-39,-26,-43,-28,-39,-28,-41,-28,-43,-34,-47,-32,-50,-34,-50,-36,-52,-39,-52,-36,-54,-32,-58,-41,-56,-47,-52,-45,-63,-41,-56,-34,-58,-32,-60,-47,-56,-47,-60,-50,-56,-54,-63,-54,-52,-50,-58,-52,-56,-52,-56,-60,-50,-58,-45,-60,-50,-60,-45,-63,-45,-69,-43,-71,-39,-65,-34,-76,-28,-73,-30,-78,-26,-76,-23,-78,-8,-78,-17,-84,-10,-76,-10,-82,-10,-82,-6,-80,-4,-84,0,-95,4,-87,8,-89,10,-95,0,-93,0,-93,15,-95,6,-87,21,0,0,0,0,0,0,13,91,10,91,26,87,19,82,23,82,19,76,23,76,23,78,23,71,26,69,30,63,23,65,34,71,34,67,36,60,41,50,43,58,43,58,34,52,45,47,52,45,47,52,45,43,43,43,50,43,50,45,50,41,56,32,52,43,58,30,56,36,56,34,56,39,58,30,56,32,63,36,58,32,56,32,56,36,56,28,54,28,56,32,54,34,54,28,52,34,56,26,43,28,47,30,45,26,41,26,36,32,36,28,36,28,36,28,34,26,32,30,26,30,0,0,0,0,0,0,0,0,0,0]"""
1782173649187,2026-06-23T09:14:09.187,warning,breathing,lmh,lying_fast_breath,t001,"CSI_DATA,18914,1a:00:00:00:00:00,-61,11,-98,18,44,11,135027621,47,2,256,0,""[0,0,0,0,0,0,0,0,0,0,0,0,22,35,15,38,15,42,13,44,13,44,8,49,8,49,8,47,8,55,8,60,6,60,6,60,8,62,6,67,0,62,-2,67,2,69,-6,73,0,73,-11,73,-20,76,-11,76,-8,78,-4,78,-8,80,-8,73,-13,73,-15,76,-17,76,-11,76,-11,69,-11,82,-8,80,-13,71,-11,80,-8,76,-11,76,-2,76,-6,78,-2,80,-4,78,0,78,-4,82,4,87,-4,73,0,82,-4,85,4,76,0,85,-2,91,0,91,4,85,-4,91,-15,89,0,94,-6,94,-6,91,0,0,0,0,0,0,87,15,96,15,87,8,76,20,80,13,78,22,78,15,80,20,73,15,69,17,67,15,69,20,67,13,69,8,73,17,64,8,73,2,69,2,62,11,69,6,67,4,60,15,62,4,60,8,64,11,64,13,67,11,67,4,67,8,64,4,64,11,62,13,64,13,64,6,60,15,67,15,67,15,62,20,64,20,55,26,53,24,60,26,53,26,53,29,51,29,49,29,47,35,49,29,40,35,40,29,33,35,33,33,31,29,31,40,26,33,22,40,24,38,0,0,0,0,0,0,0,0,0,0]"""
1782173649200,2026-06-23T09:14:09.200,warning,breathing,lmh,lying_fast_breath,t001,"CSI_DATA,18915,1a:00:00:00:00:00,-61,11,-98,18,44,11,135036430,47,2,256,0,""[0,0,0,0,0,0,0,0,0,0,0,0,29,-31,29,-26,29,-29,35,-29,38,-29,40,-29,40,-31,42,-31,47,-31,49,-33,53,-31,53,-33,53,-35,53,-33,58,-31,58,-33,60,-42,64,-31,60,-33,62,-26,64,-26,64,-38,67,-40,69,-42,73,-38,64,-42,67,-33,71,-42,62,-33,67,-44,62,-40,67,-49,64,-44,58,-40,62,-53,60,-49,55,-47,53,-55,55,-55,49,-62,53,-58,47,-64,53,-62,49,-67,49,-62,42,-64,49,-69,42,-67,40,-67,47,-76,44,-78,40,-80,53,-78,51,-73,47,-82,40,-80,44,-80,0,0,0,0,0,0,-80,-49,-80,-51,-80,-38,-76,-47,-76,-35,-69,-44,-67,-33,-71,-40,-67,-29,-67,-35,-67,-29,-60,-31,-67,-24,-62,-26,-67,-29,-64,-20,-64,-20,-69,-20,-62,-22,-64,-15,-69,-13,-64,-15,-60,-8,-62,-11,-62,-15,-62,-8,-60,-13,-67,-4,-64,-11,-64,-2,-60,-8,-71,-8,-64,-8,-64,-4,-62,-4,-69,-13,-64,-6,-60,-8,-67,-11,-62,-13,-58,-8,-60,-11,-60,-15,-58,-13,-51,-17,-58,-13,-53,-17,-53,-15,-49,-22,-49,-20,-42,-20,-42,-24,-38,-22,-42,-24,-33,-24,-33,-22,-29,-31,0,0,0,0,0,0,0,0,0,0]"""
1782173649210,2026-06-23T09:14:09.210,warning,breathing,lmh,lying_fast_breath,t001,"CSI_DATA,18916,1a:00:00:00:00:00,-61,11,-98,16,45,11,135047430,47,2,256,0,""[0,0,0,0,0,0,0,0,0,0,0,0,-19,-35,-16,-35,-16,-42,-16,-42,-16,-46,-14,-46,-19,-44,-16,-46,-21,-50,-19,-54,-23,-57,-23,-54,-29,-59,-29,-59,-21,-63,-29,-63,-38,-61,-33,-65,-29,-61,-27,-67,-31,-71,-38,-67,-38,-63,-44,-65,-42,-73,-44,-59,-42,-63,-44,-63,-42,-63,-54,-59,-52,-52,-57,-59,-54,-54,-54,-50,-61,-48,-65,-42,-59,-35,-71,-33,-67,-40,-73,-31,-71,-33,-76,-21,-73,-23,-82,-19,-78,-21,-78,-12,-80,-10,-76,-8,-84,-10,-90,-8,-86,-2,-82,4,-92,-2,-90,-2,-90,8,-92,6,-90,10,0,0,0,0,0,0,8,92,10,88,19,82,16,78,23,78,19,73,23,76,23,78,27,71,25,67,27,65,29,61,35,61,33,63,33,59,42,50,44,57,42,48,40,52,46,44,52,44,50,46,46,40,46,40,50,42,50,40,52,35,54,33,57,38,57,25,52,29,59,29,59,31,59,25,57,23,61,33,61,29,59,27,59,25,54,25,57,19,59,21,57,27,57,23,52,25,52,19,46,21,50,21,44,23,38,19,42,21,38,19,42,21,40,21,38,25,33,19,33,25,0,0,0,0,0,0,0,0,0,0]"""
1782173649223,2026-06-23T09:14:09.223,warning,breathing,lmh,lying_fast_breath,t001,"CSI_DATA,18917,1a:00:00:00:00:00,-61,11,-98,18,44,11,135059769,47,2,256,0,""[0,0,0,0,0,0,0,0,0,0,0,0,-22,-33,-17,-38,-15,-38,-13,-47,-13,-44,-8,-49,-11,-49,-6,-51,-11,-60,-2,-58,-2,-62,-2,-60,-2,-67,-4,-67,4,-64,6,-67,2,-73,13,-71,13,-67,11,-69,11,-67,17,-76,24,-73,20,-76,26,-76,17,-71,26,-69,29,-78,26,-69,24,-73,26,-67,29,-76,26,-71,24,-71,24,-78,22,-73,24,-67,20,-71,26,-78,20,-80,26,-73,17,-73,22,-76,20,-80,26,-82,17,-76,20,-80,20,-78,17,-80,26,-85,22,-82,31,-82,33,-85,35,-78,35,-89,33,-85,31,-82,0,0,0,0,0,0,-80,-51,-76,-42,-82,-42,-73,-44,-69,-40,-64,-44,-67,-42,-69,-47,-62,-42,-58,-49,-60,-40,-55,-42,-62,-42,-58,-44,-55,-42,-53,-38,-53,-40,-53,-38,-51,-44,-53,-38,-58,-33,-51,-44,-49,-35,-49,-35,-51,-40,-49,-42,-47,-42,-53,-40,-49,-47,-51,-40,-44,-44,-49,-47,-47,-47,-44,-47,-47,-47,-47,-55,-40,-51,-38,-49,-35,-53,-33,-55,-33,-51,-29,-58,-26,-58,-24,-51,-22,-53,-24,-53,-17,-55,-15,-53,-4,-53,-6,-49,-4,-51,-6,-47,0,-42,6,-47,8,-44,8,-40,13,-42,0,0,0,0,0,0,0,0,0,0]"""
1782173649234,2026-06-23T09:14:09.234,warning,breathing,lmh,lying_fast_breath,t001,"CSI_DATA,18918,1a:00:00:00:00:00,-61,11,-98,18,44,11,135069430,47,2,256,0,""[0,0,0,0,0,0,0,0,0,0,0,0,-11,-40,-11,-35,-11,-42,-8,-44,-6,-49,-2,-47,-2,-49,0,-49,-4,-58,2,-53,6,-60,4,-60,4,-69,6,-64,13,-62,17,-64,13,-71,24,-69,22,-64,22,-67,24,-62,26,-73,31,-69,33,-71,38,-69,29,-71,35,-69,40,-71,35,-69,33,-71,38,-64,38,-71,33,-67,33,-67,38,-69,31,-73,33,-67,31,-71,31,-69,29,-73,33,-71,24,-76,33,-71,31,-73,33,-69,29,-71,31,-76,22,-76,31,-76,35,-82,33,-80,38,-80,47,-82,47,-80,40,-82,44,-76,38,-82,0,0,0,0,0,0,-73,-55,-71,-60,-69,-44,-62,-51,-62,-53,-55,-55,-62,-47,-58,-55,-55,-51,-51,-53,-53,-49,-44,-47,-55,-49,-51,-49,-47,-51,-51,-42,-55,-47,-53,-44,-42,-49,-49,-44,-51,-42,-44,-49,-44,-40,-44,-40,-44,-49,-49,-47,-44,-47,-47,-42,-42,-49,-49,-44,-38,-49,-47,-55,-42,-47,-42,-49,-40,-51,-38,-55,-38,-55,-35,-51,-31,-55,-29,-62,-29,-55,-26,-55,-24,-58,-20,-58,-13,-55,-17,-58,-8,-53,-13,-58,-2,-51,-4,-51,0,-51,-2,-49,0,-44,4,-44,8,-42,15,-38,15,-35,0,0,0,0,0,0,0,0,0,0]"""
1782173649245,2026-06-23T09:14:09.245,warning,breathing,lmh,lying_fast_breath,t001,"CSI_DATA,18919,1a:00:00:00:00:00,-61,11,-98,15,45,11,135080430,47,2,256,0,""[0,0,0,0,0,0,0,0,0,0,0,0,-23,32,-26,30,-28,32,-36,32,-34,30,-36,28,-39,28,-43,28,-45,32,-52,28,-54,26,-56,26,-60,28,-65,23,-65,17,-65,17,-67,21,-69,13,-69,10,-76,10,-76,10,-78,4,-76,4,-78,0,-82,-4,-73,6,-76,-6,-80,-6,-76,-8,-78,-4,-71,-10,-82,-8,-80,-10,-78,-8,-80,-8,-78,-4,-71,-6,-80,-4,-80,-10,-78,-6,-80,-10,-78,-4,-80,-10,-80,-6,-76,-10,-80,-6,-78,-10,-80,-6,-82,-15,-87,-19,-87,-17,-84,-19,-87,-26,-82,-28,-87,-28,-91,-28,-87,-32,0,0,0,0,0,0,-50,80,-47,78,-43,78,-43,71,-41,73,-43,65,-45,65,-47,67,-45,60,-43,56,-41,58,-39,52,-41,58,-45,56,-45,52,-39,52,-45,56,-45,50,-50,45,-41,47,-36,52,-43,45,-39,47,-43,45,-47,43,-50,43,-45,41,-47,47,-56,43,-47,43,-50,39,-52,39,-58,34,-56,39,-50,32,-65,30,-60,30,-56,28,-63,26,-56,23,-54,19,-58,15,-65,10,-60,10,-58,8,-58,8,-54,2,-58,0,-47,-4,-47,-4,-47,-8,-43,-4,-43,-15,-43,-17,-39,-19,-32,-19,-28,-23,0,0,0,0,0,0,0,0,0,0]"""
1782173649255,2026-06-23T09:14:09.255,warning,breathing,lmh,lying_fast_breath,t001,"CSI_DATA,18920,1a:00:00:00:00:00,-61,11,-98,15,45,11,135091430,47,2,256,0,""[0,0,0,0,0,0,0,0,0,0,0,0,-28,28,-30,26,-36,28,-34,28,-36,30,-39,30,-39,30,-39,28,-45,36,-45,34,-47,34,-47,36,-45,45,-50,43,-52,39,-58,43,-52,50,-58,43,-52,47,-52,45,-52,43,-56,56,-58,52,-54,54,-58,60,-50,58,-52,52,-52,56,-52,60,-43,63,-45,56,-43,67,-39,69,-36,67,-32,71,-30,71,-28,67,-28,76,-23,76,-15,76,-17,78,-10,80,-15,82,-4,87,-6,78,-2,80,0,82,4,78,6,80,8,91,13,89,10,84,8,91,8,89,19,95,21,89,26,91,0,0,0,0,0,0,89,-23,89,-26,82,-32,80,-23,76,-30,76,-23,76,-30,76,-34,69,-34,67,-30,63,-30,60,-32,60,-39,60,-41,54,-39,52,-39,50,-50,47,-50,47,-43,47,-47,39,-52,45,-45,36,-50,39,-50,36,-52,34,-54,36,-54,28,-58,34,-60,26,-58,30,-54,30,-56,30,-60,23,-60,26,-58,28,-60,23,-63,21,-60,23,-60,28,-56,23,-54,26,-56,26,-56,23,-56,23,-54,23,-54,26,-50,21,-54,23,-39,23,-45,23,-41,19,-41,21,-39,23,-39,23,-34,23,-32,28,-30,0,0,0,0,0,0,0,0,0,0]"""
1782173649266,2026-06-23T09:14:09.266,warning,breathing,lmh,lying_fast_breath,t001,"CSI_DATA,18921,1a:00:00:00:00:00,-61,11,-98,18,44,11,135102430,47,2,256,0,""[0,0,0,0,0,0,0,0,0,0,0,0,38,-6,38,-4,42,-6,44,-2,44,2,49,0,53,-2,53,-2,58,-2,58,0,60,0,60,-2,64,-2,64,-2,64,2,69,0,73,-8,71,2,71,0,69,4,71,6,73,-4,76,-4,80,-2,80,-4,76,-13,76,-4,82,-6,73,-6,76,-13,73,-13,78,-15,76,-17,71,-17,78,-20,76,-26,67,-26,67,-35,69,-35,64,-38,71,-40,64,-47,64,-47,62,-49,64,-47,62,-49,62,-53,55,-55,58,-53,60,-60,60,-62,60,-60,67,-69,67,-67,64,-71,53,-67,62,-71,0,0,0,0,0,0,-73,-60,-64,-62,-73,-47,-64,-58,-71,-49,-60,-49,-62,-42,-69,-47,-62,-40,-64,-40,-64,-35,-60,-31,-64,-29,-60,-33,-64,-29,-62,-20,-67,-20,-64,-20,-62,-22,-62,-15,-67,-8,-62,-17,-62,-6,-62,-8,-64,-11,-60,-6,-60,-6,-69,0,-67,-6,-67,2,-62,-2,-69,-2,-67,-4,-64,4,-62,0,-71,-6,-69,-2,-64,0,-64,-2,-67,-4,-60,-2,-64,-2,-64,-2,-58,-2,-60,-6,-58,2,-55,-6,-55,-8,-51,-11,-49,-11,-49,-11,-42,-11,-40,-8,-42,-13,-40,-13,-35,-11,-38,-17,0,0,0,0,0,0,0,0,0,0]"""
1782173649278,2026-06-23T09:14:09.278,warning,breathing,lmh,lying_fast_breath,t001,"CSI_DATA,18922,1a:00:00:00:00:00,-61,11,-98,17,44,11,135116332,47,2,256,0,""[0,0,0,0,0,0,0,0,0,0,0,0,-41,11,-39,9,-43,13,-48,6,-50,9,-48,4,-52,6,-50,6,-62,11,-55,11,-59,9,-57,13,-59,18,-64,13,-66,6,-66,13,-66,20,-76,13,-64,16,-64,13,-69,9,-71,23,-82,20,-73,23,-78,16,-69,27,-73,23,-73,25,-73,27,-66,39,-66,32,-69,36,-64,43,-62,39,-66,48,-59,48,-57,50,-55,55,-57,52,-50,62,-55,57,-48,66,-50,64,-48,73,-41,64,-36,69,-39,71,-32,76,-34,78,-36,80,-29,85,-34,87,-43,87,-32,87,-25,89,-27,87,-23,85,0,0,0,0,0,0,89,25,89,25,85,13,76,16,82,11,73,16,85,6,80,4,76,6,71,9,73,2,69,2,73,-4,73,-4,69,-4,64,-16,69,-13,66,-20,64,-11,64,-20,57,-25,66,-18,52,-25,55,-25,62,-27,59,-27,59,-32,55,-34,59,-34,50,-41,59,-36,57,-32,59,-34,52,-39,50,-39,52,-34,50,-41,50,-41,55,-41,52,-36,52,-36,52,-36,55,-34,48,-34,50,-32,48,-39,50,-29,46,-34,46,-25,41,-25,46,-25,46,-23,41,-18,39,-23,43,-20,36,-13,39,-9,0,0,0,0,0,0,0,0,0,0]"""
1782173649290,2026-06-23T09:14:09.290,warning,breathing,lmh,lying_fast_breath,t001,"CSI_DATA,18923,1a:00:00:00:00:00,-61,11,-98,19,44,11,135125591,47,2,256,0,""[0,0,0,0,0,0,0,0,0,0,0,0,-26,-32,-23,-28,-26,-34,-26,-39,-23,-41,-21,-43,-23,-41,-21,-45,-23,-52,-23,-56,-19,-58,-21,-58,-21,-60,-23,-63,-13,-65,-17,-67,-19,-65,-15,-67,-17,-67,-10,-73,-10,-78,-6,-73,-8,-73,-8,-78,-6,-84,-10,-73,-2,-78,-2,-78,-4,-80,-10,-76,-4,-73,-6,-82,-10,-76,-8,-73,-10,-80,-10,-78,-8,-73,-13,-76,-10,-78,-15,-78,-15,-80,-15,-76,-15,-80,-26,-80,-13,-71,-19,-80,-17,-80,-23,-78,-21,-80,-19,-91,-17,-87,-19,-84,-8,-91,-10,-89,-17,-97,-17,-91,-17,-91,0,0,0,0,0,0,-89,2,-91,6,-84,10,-84,4,-87,2,-76,0,-76,4,-84,2,-78,2,-76,-6,-71,4,-73,4,-73,2,-76,2,-69,0,-65,6,-73,8,-67,2,-63,-4,-67,4,-63,10,-65,0,-63,4,-63,6,-69,6,-69,4,-65,2,-65,8,-65,2,-65,8,-63,-2,-67,-2,-67,-2,-67,0,-65,-2,-67,-8,-65,-6,-65,-8,-69,-10,-63,-13,-60,-13,-63,-15,-60,-19,-60,-19,-56,-19,-56,-17,-47,-21,-54,-21,-43,-26,-43,-23,-41,-30,-39,-28,-34,-32,-39,-30,-30,-32,-32,-30,-23,-34,0,0,0,0,0,0,0,0,0,0]"""
1782173649301,2026-06-23T09:14:09.301,warning,breathing,lmh,lying_fast_breath,t001,"CSI_DATA,18924,1a:00:00:00:00:00,-61,11,-98,18,44,11,135137564,47,2,256,0,""[0,0,0,0,0,0,0,0,0,0,0,0,20,-33,20,-33,24,-35,26,-40,31,-38,31,-33,29,-38,35,-38,40,-49,40,-42,42,-40,42,-42,44,-47,51,-44,53,-38,53,-44,53,-44,60,-42,53,-40,58,-35,67,-40,60,-44,64,-40,67,-40,71,-44,58,-44,69,-38,69,-42,67,-40,60,-47,64,-40,62,-44,60,-42,62,-40,62,-49,62,-53,60,-49,55,-51,62,-49,58,-60,58,-55,53,-58,55,-55,58,-62,53,-53,51,-60,58,-60,49,-62,53,-64,62,-67,60,-67,62,-67,64,-64,67,-62,62,-71,60,-71,60,-69,0,0,0,0,0,0,-60,-71,-60,-71,-60,-58,-60,-62,-60,-67,-47,-60,-51,-58,-53,-60,-53,-55,-42,-55,-49,-53,-47,-51,-55,-53,-55,-49,-47,-49,-47,-44,-53,-49,-47,-49,-42,-44,-49,-42,-53,-40,-53,-49,-47,-33,-44,-35,-49,-44,-53,-44,-49,-42,-51,-40,-49,-44,-53,-38,-49,-42,-51,-47,-49,-47,-49,-40,-49,-38,-44,-49,-47,-47,-42,-44,-42,-47,-38,-51,-38,-47,-38,-49,-33,-51,-33,-53,-31,-51,-31,-49,-22,-49,-29,-51,-17,-42,-22,-40,-15,-47,-15,-47,-15,-38,-8,-42,-8,-42,-6,-42,-2,-40,0,0,0,0,0,0,0,0,0,0]"""
1782173649312,2026-06-23T09:14:09.312,warning,breathing,lmh,lying_fast_breath,t001,"CSI_DATA,18925,1a:00:00:00:00:00,-61,11,-98,15,45,11,135147303,47,2,256,0,""[0,0,0,0,0,0,0,0,0,0,0,0,26,-34,26,-32,28,-34,28,-34,30,-39,30,-34,30,-36,34,-39,34,-45,36,-45,41,-43,36,-43,39,-52,41,-54,43,-52,43,-54,41,-56,47,-56,41,-56,36,-56,39,-56,43,-67,43,-60,43,-63,47,-67,32,-67,41,-63,36,-69,36,-73,28,-73,30,-67,26,-76,21,-76,17,-73,13,-80,8,-78,8,-73,6,-76,6,-78,-4,-84,-2,-80,-8,-80,-6,-76,-19,-84,-13,-71,-21,-73,-21,-76,-28,-71,-32,-82,-28,-84,-30,-80,-32,-80,-34,-82,-32,-82,-41,-82,-47,-80,-47,-80,0,0,0,0,0,0,-84,50,-80,50,-65,52,-65,45,-67,52,-60,45,-63,54,-60,50,-58,56,-54,47,-43,52,-41,52,-41,56,-43,60,-41,52,-34,54,-36,65,-32,58,-32,56,-28,58,-19,60,-26,63,-15,56,-13,63,-19,65,-15,65,-17,60,-10,65,-13,69,-4,65,-13,60,-6,63,-6,67,-2,65,-6,58,-8,69,-2,65,0,63,2,67,-6,63,-2,60,-6,60,-6,67,-2,63,-4,60,-2,56,-6,54,-2,60,-8,47,-4,47,-8,45,-2,45,-2,50,-10,47,-8,39,-8,39,-13,39,0,0,0,0,0,0,0,0,0,0]"""
1782173649323,2026-06-23T09:14:09.323,warning,breathing,lmh,lying_fast_breath,t001,"CSI_DATA,18926,1a:00:00:00:00:00,-61,11,-98,19,44,11,135158515,47,2,256,0,""[0,0,0,0,0,0,0,0,0,0,0,0,36,15,36,17,36,17,41,23,43,23,36,23,43,26,45,26,52,23,45,30,50,28,54,32,56,32,58,28,54,36,60,34,65,30,65,36,56,32,63,30,65,30,73,32,67,28,71,28,71,36,71,30,71,28,78,30,76,28,73,15,76,19,80,19,80,15,73,10,82,8,80,0,73,0,82,-2,78,-2,82,-10,80,-6,73,-17,80,-17,82,-23,78,-19,76,-26,78,-26,73,-32,73,-34,84,-32,80,-39,76,-34,87,-32,89,-41,78,-45,78,-43,84,-50,0,0,0,0,0,0,-45,-82,-45,-76,-56,-69,-50,-69,-50,-65,-45,-63,-50,-60,-50,-65,-50,-56,-45,-52,-54,-45,-52,-50,-58,-50,-50,-45,-54,-45,-52,-39,-60,-41,-56,-36,-47,-36,-58,-32,-63,-23,-58,-28,-54,-21,-60,-23,-58,-23,-58,-21,-67,-21,-60,-13,-63,-19,-63,-10,-63,-17,-65,-15,-63,-13,-67,-6,-65,-4,-67,-13,-65,-10,-60,-8,-71,-13,-58,-10,-58,-8,-65,-13,-60,-17,-58,-13,-58,-15,-56,-10,-54,-13,-58,-8,-50,-17,-45,-8,-50,-15,-45,-13,-39,-13,-41,-21,-41,-17,-36,-17,-32,-21,0,0,0,0,0,0,0,0,0,0]"""
1782173649333,2026-06-23T09:14:09.333,warning,breathing,lmh,lying_fast_breath,t001,"CSI_DATA,18927,1a:00:00:00:00:00,-61,11,-98,18,44,11,135168429,47,2,256,0,""[0,0,0,0,0,0,0,0,0,0,0,0,35,20,33,22,38,24,38,26,40,24,38,29,40,29,40,26,53,29,44,31,55,29,49,33,58,31,58,35,53,33,60,38,64,33,62,40,62,31,64,38,67,33,64,33,69,31,69,29,71,33,71,20,69,29,76,26,69,26,76,17,69,20,78,17,78,11,73,6,80,4,78,-4,78,-2,78,-2,78,-4,78,-15,78,-8,73,-22,78,-22,80,-26,76,-26,73,-33,76,-33,69,-40,73,-40,78,-44,73,-44,73,-51,78,-47,78,-49,76,-53,73,-55,69,-62,0,0,0,0,0,0,-55,-64,-53,-69,-60,-62,-53,-60,-60,-58,-51,-58,-60,-51,-62,-53,-55,-49,-55,-47,-62,-38,-55,-40,-67,-35,-60,-35,-60,-33,-60,-26,-67,-24,-62,-24,-58,-24,-62,-20,-67,-6,-62,-17,-62,-6,-64,-6,-62,-8,-67,-6,-64,-4,-69,0,-64,-2,-60,6,-62,2,-64,2,-67,0,-67,6,-64,4,-71,2,-69,6,-58,6,-69,6,-62,8,-58,8,-62,8,-62,6,-58,6,-58,4,-58,11,-55,2,-58,4,-55,4,-51,6,-44,4,-49,4,-47,0,-44,-4,-44,-2,-38,-2,-40,-13,0,0,0,0,0,0,0,0,0,0]"""
1782173649344,2026-06-23T09:14:09.344,warning,breathing,lmh,lying_fast_breath,t001,"CSI_DATA,18928,1a:00:00:00:00:00,-61,11,-98,18,44,11,135181485,47,2,256,0,""[0,0,0,0,0,0,0,0,0,0,0,0,40,-8,42,-4,44,-6,44,-6,47,-4,47,-2,53,-6,51,-2,62,-4,60,-4,58,-4,60,-2,64,-8,64,-6,64,-2,71,-6,71,-8,71,-2,67,-2,71,-11,71,-13,76,-8,73,-15,73,-11,76,-13,71,-15,76,-13,78,-15,76,-17,71,-26,76,-22,73,-26,69,-29,69,-26,71,-33,71,-40,64,-38,62,-42,62,-40,58,-53,62,-49,60,-58,58,-53,60,-62,53,-55,51,-58,53,-60,49,-67,44,-69,53,-71,47,-76,49,-78,53,-78,51,-73,44,-78,38,-87,38,-76,0,0,0,0,0,0,-76,-49,-82,-38,-78,-29,-71,-40,-80,-33,-67,-33,-76,-29,-78,-31,-71,-26,-67,-26,-67,-15,-67,-20,-71,-15,-69,-13,-67,-13,-67,-4,-71,-4,-67,-2,-67,-11,-67,0,-69,8,-67,-4,-60,4,-58,4,-62,6,-67,11,-64,8,-62,17,-69,11,-64,20,-60,13,-67,17,-62,15,-60,20,-58,17,-67,13,-62,20,-60,20,-62,20,-64,11,-58,15,-60,13,-60,15,-58,17,-58,11,-62,17,-55,8,-55,15,-49,6,-47,6,-49,6,-42,2,-47,6,-49,4,-38,-2,-40,2,-42,-4,0,0,0,0,0,0,0,0,0,0]"""
1782173649352,2026-06-23T09:14:09.352,warning,breathing,lmh,lying_fast_breath,t001,"CSI_DATA,18929,1a:00:00:00:00:00,-61,11,-98,14,45,11,135190429,47,2,256,0,""[0,0,0,0,0,0,0,0,0,0,0,0,33,24,29,31,31,29,31,38,31,38,29,40,26,40,24,44,29,51,26,51,24,55,24,55,29,60,26,58,17,67,20,67,22,69,15,71,15,67,8,69,4,76,8,73,4,78,11,76,4,80,6,76,-2,78,0,80,-4,78,2,80,-2,73,0,82,0,78,-2,71,0,80,0,82,-2,73,4,78,0,80,8,76,2,82,6,80,0,85,8,80,-2,78,4,80,-2,85,2,80,2,82,-2,89,2,87,-4,89,-13,91,-13,89,-4,91,-8,96,-4,89,0,0,0,0,0,0,87,24,85,22,85,15,82,26,80,22,76,31,73,20,78,24,69,22,69,31,64,29,62,31,67,26,64,26,60,31,62,24,64,22,60,22,58,29,58,24,62,22,58,29,58,20,53,24,55,29,55,29,55,31,60,22,60,31,60,29,55,35,58,38,53,35,55,33,49,38,53,42,51,40,47,40,49,44,44,51,40,44,40,49,35,49,38,47,31,49,33,47,26,49,24,49,15,47,17,47,11,49,11,49,8,38,4,44,-2,42,-2,44,-6,44,0,0,0,0,0,0,0,0,0,0]"""
1782173649363,2026-06-23T09:14:09.363,warning,breathing,lmh,lying_fast_breath,t001,"CSI_DATA,18930,1a:00:00:00:00:00,-61,11,-98,15,45,11,135201429,47,2,256,0,""[0,0,0,0,0,0,0,0,0,0,0,0,39,-6,36,-4,43,0,47,2,50,2,47,2,50,2,54,4,60,6,56,8,60,8,60,6,67,6,67,8,65,17,67,15,71,8,73,21,63,17,71,21,76,21,73,23,76,17,73,19,78,23,73,15,76,21,76,19,76,23,78,17,71,21,78,17,78,15,73,15,78,13,78,8,71,10,78,2,78,6,80,0,80,4,80,-4,78,0,87,-6,76,-4,76,-10,84,-6,78,-13,82,-4,89,-6,87,-8,87,-10,89,-6,91,-4,93,-8,91,-8,93,-10,0,0,0,0,0,0,2,-91,-2,-91,-6,-87,-10,-84,-8,-84,-2,-80,-6,-82,-2,-84,-4,-73,-4,-71,-8,-69,-8,-67,-13,-73,-6,-73,-8,-69,-15,-63,-19,-67,-15,-67,-6,-63,-17,-63,-21,-58,-17,-65,-17,-56,-17,-58,-13,-63,-15,-63,-21,-63,-23,-60,-19,-67,-28,-58,-19,-58,-21,-60,-17,-65,-21,-60,-19,-58,-13,-67,-13,-63,-15,-60,-13,-65,-13,-63,-13,-56,-10,-63,-8,-65,-8,-63,-2,-58,-8,-56,0,-52,0,-54,0,-50,0,-50,2,-47,4,-45,8,-45,10,-43,13,-41,13,-39,17,-32,0,0,0,0,0,0,0,0,0,0]"""
1782173649377,2026-06-23T09:14:09.377,warning,breathing,lmh,lying_fast_breath,t001,"CSI_DATA,18931,1a:00:00:00:00:00,-61,11,-98,15,45,11,135216863,47,2,256,0,""[0,0,0,0,0,0,0,0,0,0,0,0,39,0,41,2,45,4,47,6,47,6,45,8,47,6,50,8,56,10,56,13,58,13,58,13,65,15,65,19,63,23,67,21,71,17,69,26,60,23,69,26,69,28,73,26,71,26,69,28,76,32,71,19,71,32,76,28,71,32,73,23,69,26,76,28,73,26,73,21,78,19,78,15,71,13,78,10,78,15,78,8,80,10,82,0,80,8,84,4,78,2,80,-2,82,2,78,-6,84,0,89,0,87,0,87,-2,93,0,89,2,93,-2,91,-2,91,-2,0,0,0,0,0,0,8,-89,8,-89,-2,-82,0,-82,0,-84,0,-78,0,-80,4,-82,0,-73,0,-71,-6,-67,-4,-69,-10,-71,-4,-71,-2,-67,-10,-65,-10,-71,-4,-65,-2,-65,-13,-63,-19,-60,-10,-60,-13,-60,-13,-60,-13,-63,-19,-63,-17,-60,-15,-60,-15,-67,-23,-58,-15,-58,-17,-63,-15,-67,-17,-63,-15,-60,-8,-67,-13,-65,-10,-63,-10,-67,-13,-63,-10,-56,-8,-60,0,-63,-4,-60,0,-58,-4,-56,2,-54,2,-54,4,-47,0,-50,8,-50,6,-45,10,-45,10,-41,17,-41,15,-36,17,-34,0,0,0,0,0,0,0,0,0,0]"""
1782173649388,2026-06-23T09:14:09.388,warning,breathing,lmh,lying_fast_breath,t001,"CSI_DATA,18932,1a:00:00:00:00:00,-61,11,-98,14,45,11,135223429,47,2,256,0,""[0,0,0,0,0,0,0,0,0,0,0,0,13,40,6,35,6,42,2,44,0,47,-2,44,-2,49,-4,47,-4,60,-6,53,-8,60,-6,60,-8,62,-13,62,-22,62,-22,67,-17,71,-29,71,-22,60,-33,62,-35,67,-35,67,-33,71,-31,69,-35,71,-29,71,-40,67,-42,64,-42,64,-31,67,-38,62,-38,64,-40,64,-38,62,-35,69,-40,71,-35,64,-38,69,-33,69,-31,73,-33,69,-29,76,-35,69,-31,71,-35,67,-35,69,-40,71,-31,71,-38,76,-35,78,-40,76,-38,78,-49,73,-49,78,-44,82,-44,78,-40,80,0,0,0,0,0,0,64,58,69,55,64,49,62,55,67,51,58,51,60,49,60,51,51,49,53,49,51,49,47,47,55,49,53,47,51,47,53,44,53,42,49,42,44,47,49,44,51,40,47,51,42,35,44,44,44,47,47,47,49,44,51,40,47,47,49,38,44,47,44,51,44,51,40,47,47,47,35,53,35,51,35,53,33,53,33,58,29,55,26,55,22,58,24,55,17,53,22,55,13,53,11,53,4,47,4,51,0,51,2,47,-4,44,-8,42,-6,38,-6,38,-15,38,0,0,0,0,0,0,0,0,0,0]"""
1782173649398,2026-06-23T09:14:09.398,warning,breathing,lmh,lying_fast_breath,t001,"CSI_DATA,18933,1a:00:00:00:00:00,-61,11,-98,16,45,11,135234429,47,2,256,0,""[0,0,0,0,0,0,0,0,0,0,0,0,23,-33,23,-27,29,-33,35,-33,35,-31,35,-29,35,-29,42,-25,48,-31,50,-29,52,-29,50,-31,59,-31,63,-29,63,-21,67,-23,63,-23,71,-16,67,-12,65,-12,69,-6,76,-8,73,-8,76,-12,82,-4,73,-10,76,0,78,0,80,4,80,0,73,2,78,2,73,4,76,2,82,2,80,-2,67,-2,76,-2,78,4,80,-4,80,6,78,-6,76,2,86,0,73,2,78,0,82,4,80,-2,84,6,92,10,84,6,86,6,90,12,82,19,92,14,90,16,90,19,0,0,0,0,0,0,38,-86,33,-82,25,-78,31,-73,31,-76,33,-67,31,-73,40,-71,35,-65,35,-61,29,-61,33,-57,33,-65,38,-59,33,-59,27,-59,33,-65,33,-59,40,-54,33,-57,29,-57,35,-54,33,-48,35,-48,42,-50,40,-54,35,-50,35,-50,42,-52,31,-57,38,-48,44,-48,48,-48,44,-48,42,-46,48,-42,52,-42,52,-35,54,-38,50,-31,52,-31,54,-29,57,-27,57,-25,57,-19,52,-21,50,-14,54,-10,46,-4,48,-6,46,0,46,2,46,4,46,6,44,10,40,10,33,14,0,0,0,0,0,0,0,0,0,0]"""
1782173649409,2026-06-23T09:14:09.409,warning,breathing,lmh,lying_fast_breath,t001,"CSI_DATA,18934,1a:00:00:00:00:00,-61,11,-98,19,44,11,135245429,47,2,256,0,""[0,0,0,0,0,0,0,0,0,0,0,0,32,-23,32,-26,34,-23,39,-28,32,-30,41,-28,41,-28,39,-30,45,-34,45,-34,50,-34,47,-39,45,-43,45,-41,54,-36,54,-41,52,-52,52,-45,58,-50,50,-41,52,-45,54,-56,54,-47,50,-56,58,-58,43,-60,50,-56,50,-63,45,-60,41,-69,41,-56,45,-76,36,-67,30,-67,30,-76,26,-73,17,-67,17,-76,17,-71,8,-82,10,-80,2,-78,8,-80,-2,-82,0,-84,-8,-76,-6,-82,-15,-78,-15,-76,-17,-89,-23,-89,-21,-80,-19,-91,-19,-87,-28,-95,-32,-87,-39,-89,0,0,0,0,0,0,-91,32,-80,32,-78,43,-73,30,-71,39,-73,36,-67,39,-69,47,-60,39,-65,39,-58,50,-47,39,-54,47,-50,50,-45,50,-43,56,-41,60,-41,54,-39,47,-32,52,-26,60,-39,58,-28,60,-26,56,-28,58,-23,63,-26,58,-15,67,-21,65,-6,65,-17,63,-15,67,-13,63,-15,67,-6,60,-15,71,-10,67,-6,63,-8,71,-15,60,-4,60,-10,67,-13,69,-6,58,-8,60,-4,54,-8,58,-6,56,-10,56,-13,50,-10,43,-6,45,-10,47,-8,43,-13,43,-10,41,-17,41,0,0,0,0,0,0,0,0,0,0]"""
1782173649418,2026-06-23T09:14:09.418,warning,breathing,lmh,lying_fast_breath,t001,"CSI_DATA,18935,1a:00:00:00:00:00,-61,11,-98,14,45,11,135256429,47,2,256,0,""[0,0,0,0,0,0,0,0,0,0,0,0,-40,4,-40,2,-44,0,-44,0,-44,0,-49,-2,-51,-2,-51,0,-55,0,-55,-2,-62,-4,-60,0,-67,0,-62,-2,-62,-11,-67,-4,-71,2,-71,-6,-69,-2,-69,-2,-67,0,-78,0,-78,-2,-76,2,-80,0,-73,8,-78,2,-80,6,-76,2,-73,8,-71,8,-78,13,-76,15,-69,17,-76,22,-71,26,-69,26,-71,35,-69,29,-69,35,-69,33,-64,44,-69,42,-67,49,-64,47,-60,51,-64,55,-58,55,-58,55,-67,60,-62,62,-58,62,-64,64,-64,60,-62,69,-58,69,-58,69,0,0,0,0,0,0,64,58,67,58,69,44,69,51,67,44,62,44,64,42,64,44,62,38,64,40,64,33,62,31,67,26,62,29,64,24,60,20,64,20,60,17,60,22,62,13,67,6,64,15,60,4,60,6,60,11,62,4,64,2,64,-2,67,2,64,-6,64,0,67,-2,62,0,60,-4,64,-4,69,-2,64,-2,60,-4,64,-2,62,-2,62,-4,64,-2,62,0,58,0,55,4,58,-2,53,0,55,4,53,4,51,2,49,6,47,0,42,6,44,8,38,13,40,8,40,15,0,0,0,0,0,0,0,0,0,0]"""
1782173649429,2026-06-23T09:14:09.429,warning,breathing,lmh,lying_fast_breath,t001,"CSI_DATA,18936,1a:00:00:00:00:00,-61,11,-98,15,45,11,135267429,47,2,256,0,""[0,0,0,0,0,0,0,0,0,0,0,0,30,21,30,26,30,32,34,32,32,36,30,36,30,36,34,36,39,43,39,45,39,45,41,41,43,45,43,50,36,52,41,54,50,52,41,60,39,58,41,54,39,60,47,60,43,60,47,60,47,67,50,56,45,60,50,60,47,65,52,58,47,52,54,60,58,56,56,52,58,47,63,45,58,41,63,41,65,47,69,36,67,39,69,32,69,34,76,36,69,30,76,28,76,26,76,23,76,30,84,28,84,30,80,26,80,30,82,30,89,28,93,28,89,26,0,0,0,0,0,0,30,-87,30,-84,17,-87,17,-78,17,-80,19,-73,17,-78,21,-78,17,-73,15,-69,8,-71,8,-63,6,-69,8,-73,6,-67,0,-65,0,-71,4,-67,2,-65,-4,-65,-10,-63,-4,-65,-6,-60,-4,-65,-4,-65,-6,-63,-10,-63,-13,-63,-10,-67,-19,-60,-10,-60,-13,-63,-13,-67,-17,-65,-17,-60,-10,-69,-13,-65,-10,-63,-10,-67,-6,-60,-13,-56,-8,-60,-6,-65,-6,-58,-2,-56,-6,-58,-2,-50,0,-58,0,-47,0,-47,-2,-47,4,-43,4,-45,10,-47,10,-43,10,-32,15,-39,0,0,0,0,0,0,0,0,0,0]"""
1782173649440,2026-06-23T09:14:09.440,warning,breathing,lmh,lying_fast_breath,t001,"CSI_DATA,18937,1a:00:00:00:00:00,-61,11,-98,15,45,11,135278428,47,2,256,0,""[0,0,0,0,0,0,0,0,0,0,0,0,0,-39,2,-39,0,-41,4,-45,4,-47,8,-47,8,-50,8,-52,10,-58,8,-58,13,-56,10,-60,8,-63,13,-67,19,-63,21,-65,15,-69,21,-67,19,-65,28,-69,26,-73,23,-69,26,-69,17,-73,23,-78,15,-73,28,-71,30,-73,23,-73,19,-78,23,-69,21,-78,19,-76,17,-73,17,-78,15,-76,10,-69,6,-73,6,-76,0,-82,2,-80,2,-78,6,-80,-6,-82,0,-76,0,-78,2,-82,-6,-80,-10,-80,-6,-89,-10,-89,-6,-82,-4,-93,-2,-89,-8,-95,-13,-93,-10,-87,0,0,0,0,0,0,-91,2,-91,0,-87,10,-82,0,-82,4,-78,-2,-80,6,-80,4,-78,8,-71,2,-71,2,-71,6,-73,10,-69,13,-67,8,-63,13,-71,21,-67,19,-65,8,-63,13,-58,21,-63,15,-56,26,-60,19,-60,19,-63,19,-60,17,-58,26,-60,23,-58,26,-56,19,-60,21,-65,19,-58,23,-58,19,-65,19,-63,19,-60,17,-63,17,-58,8,-60,13,-60,10,-60,13,-60,10,-56,6,-54,6,-52,2,-56,6,-47,-2,-52,-4,-50,-6,-45,-4,-47,-8,-45,-8,-41,-6,-34,-10,-39,-15,0,0,0,0,0,0,0,0,0,0]"""
1782173649455,2026-06-23T09:14:09.455,warning,breathing,lmh,lying_fast_breath,t001,"CSI_DATA,18938,1a:00:00:00:00:00,-61,11,-98,18,45,11,135291859,47,2,256,0,""[0,0,0,0,0,0,0,0,0,0,0,0,-29,-25,-29,-27,-31,-31,-33,-33,-31,-35,-29,-35,-29,-35,-31,-39,-33,-43,-33,-47,-31,-47,-29,-47,-37,-49,-37,-53,-29,-55,-31,-57,-37,-55,-33,-63,-31,-61,-35,-63,-35,-63,-37,-69,-29,-65,-35,-67,-35,-73,-35,-63,-33,-63,-33,-71,-33,-65,-39,-67,-31,-61,-39,-71,-41,-65,-39,-61,-45,-67,-43,-59,-41,-55,-49,-57,-49,-57,-55,-55,-51,-61,-57,-49,-51,-57,-63,-57,-53,-55,-55,-47,-61,-53,-59,-49,-63,-51,-67,-57,-71,-57,-67,-51,-65,-59,-63,-59,-71,-59,-77,-55,-67,-53,0,0,0,0,0,0,-65,63,-57,63,-57,69,-55,57,-51,59,-53,55,-51,59,-55,59,-49,57,-47,51,-41,53,-41,49,-39,55,-45,57,-41,53,-33,53,-37,63,-33,55,-37,53,-33,51,-25,57,-35,53,-27,55,-27,55,-29,53,-29,57,-27,51,-23,59,-31,59,-21,59,-29,53,-29,57,-27,59,-23,57,-29,51,-35,61,-33,57,-29,55,-33,57,-31,49,-31,49,-33,47,-35,47,-33,49,-35,45,-33,41,-35,39,-37,43,-35,35,-33,31,-35,33,-31,27,-39,25,-37,21,-37,21,-35,19,-35,15,0,0,0,0,0,0,0,0,0,0]"""
1782173649465,2026-06-23T09:14:09.465,warning,breathing,lmh,lying_fast_breath,t001,"CSI_DATA,18939,1a:00:00:00:00:00,-61,11,-98,14,45,11,135300428,47,2,256,0,""[0,0,0,0,0,0,0,0,0,0,0,0,31,26,26,29,31,31,31,38,31,35,29,38,31,35,29,40,38,42,31,47,38,44,38,47,42,51,42,53,38,58,40,53,51,53,42,55,40,58,44,60,42,60,47,62,42,58,49,60,49,67,53,53,47,58,51,60,49,55,55,55,53,49,60,58,58,55,58,51,62,49,64,42,60,38,69,35,69,40,71,33,71,38,73,24,73,26,80,26,73,24,73,20,78,24,78,20,82,22,87,20,89,17,85,11,89,20,87,17,96,13,96,13,87,8,0,0,0,0,0,0,15,-87,13,-87,2,-91,6,-82,0,-78,4,-76,2,-78,2,-85,2,-76,0,-73,-4,-69,-4,-64,-8,-71,-4,-69,-8,-67,-15,-62,-17,-69,-13,-67,-13,-64,-17,-55,-26,-55,-20,-60,-22,-58,-22,-58,-20,-60,-26,-60,-24,-58,-31,-58,-26,-62,-35,-53,-26,-53,-31,-58,-31,-55,-35,-55,-31,-51,-33,-62,-31,-62,-33,-58,-29,-60,-26,-53,-29,-51,-31,-55,-26,-60,-26,-55,-22,-58,-26,-47,-20,-49,-22,-51,-17,-49,-15,-44,-11,-44,-8,-42,-11,-44,-8,-44,-4,-47,-4,-40,0,-38,0,0,0,0,0,0,0,0,0,0]"""
1782173649476,2026-06-23T09:14:09.476,warning,breathing,lmh,lying_fast_breath,t001,"CSI_DATA,18940,1a:00:00:00:00:00,-61,11,-98,15,45,11,135312118,47,2,256,0,""[0,0,0,0,0,0,0,0,0,0,0,0,15,-36,19,-36,19,-36,26,-43,21,-41,23,-41,26,-43,28,-43,30,-47,28,-47,30,-52,32,-54,30,-58,32,-58,41,-56,36,-56,32,-63,36,-60,32,-63,41,-60,43,-63,36,-65,41,-63,34,-69,36,-73,32,-69,36,-67,34,-73,28,-69,28,-76,28,-69,28,-80,23,-73,19,-73,17,-78,15,-73,13,-71,6,-73,6,-78,-2,-78,0,-80,-4,-76,-6,-80,-10,-84,-6,-78,-10,-76,-10,-82,-15,-76,-19,-78,-21,-87,-28,-84,-23,-80,-21,-87,-19,-82,-30,-89,-34,-91,-34,-87,0,0,0,0,0,0,-87,30,-84,34,-80,39,-78,26,-73,36,-76,34,-67,36,-78,39,-60,36,-69,30,-65,34,-58,32,-56,39,-56,39,-54,36,-50,41,-50,47,-47,45,-52,45,-45,43,-39,52,-50,47,-36,50,-39,47,-36,47,-36,52,-41,47,-28,58,-36,56,-30,56,-34,54,-34,56,-30,54,-28,60,-30,52,-36,58,-30,56,-28,56,-32,56,-32,50,-30,47,-32,54,-32,50,-28,52,-30,50,-32,47,-34,47,-28,47,-32,39,-28,36,-30,36,-30,34,-30,32,-32,28,-28,30,-30,30,-32,26,0,0,0,0,0,0,0,0,0,0]"""
1782173649486,2026-06-23T09:14:09.486,warning,breathing,lmh,lying_fast_breath,t001,"CSI_DATA,18941,1a:00:00:00:00:00,-61,11,-98,16,45,11,135322428,47,2,256,0,""[0,0,0,0,0,0,0,0,0,0,0,0,-16,35,-19,31,-23,38,-27,38,-27,40,-29,35,-31,38,-33,38,-38,42,-40,40,-44,44,-42,44,-44,48,-44,46,-50,42,-50,44,-48,54,-59,48,-52,44,-52,38,-54,35,-63,44,-61,46,-59,46,-67,48,-59,50,-65,44,-67,46,-59,44,-59,52,-57,46,-63,48,-59,48,-57,46,-57,52,-59,57,-52,50,-50,59,-57,54,-48,59,-52,57,-44,67,-48,61,-46,67,-48,63,-44,65,-50,67,-42,67,-46,67,-52,69,-44,71,-46,71,-57,71,-54,69,-48,78,-52,76,-50,71,0,0,0,0,0,0,67,57,67,57,67,46,65,52,69,50,63,50,59,46,63,50,57,44,54,48,57,42,50,44,63,40,54,38,54,40,59,33,59,33,54,35,54,38,59,29,63,27,54,35,50,27,52,29,50,31,54,31,59,29,59,25,59,31,61,21,54,29,61,29,54,29,57,25,54,27,57,33,52,31,52,33,57,38,54,35,50,35,52,35,46,38,46,38,44,42,44,35,38,38,40,38,31,38,33,40,27,40,27,35,23,33,21,35,16,35,19,33,10,40,0,0,0,0,0,0,0,0,0,0]"""
1782173649496,2026-06-23T09:14:09.496,warning,breathing,lmh,lying_fast_breath,t001,"CSI_DATA,18942,1a:00:00:00:00:00,-61,11,-98,17,45,11,135334666,47,2,256,0,""[0,0,0,0,0,0,0,0,0,0,0,0,-30,28,-32,24,-36,24,-36,26,-43,22,-43,22,-41,26,-45,24,-51,28,-51,26,-51,26,-53,28,-53,32,-57,32,-59,24,-65,28,-61,36,-67,28,-61,28,-61,24,-67,24,-65,30,-69,32,-65,32,-71,34,-65,39,-71,32,-73,36,-67,32,-63,41,-63,34,-65,39,-61,41,-59,41,-63,49,-65,49,-59,47,-55,53,-57,53,-53,61,-53,57,-51,63,-51,61,-47,65,-49,57,-49,63,-51,67,-43,69,-43,71,-49,71,-41,73,-45,78,-53,73,-47,73,-43,82,-41,82,-41,80,0,0,0,0,0,0,80,53,75,47,73,32,71,45,73,36,65,36,69,34,69,34,63,32,61,32,63,28,63,26,69,26,65,22,61,24,67,18,65,16,63,16,61,20,61,12,65,8,63,16,55,4,59,8,59,12,63,6,69,8,63,0,65,4,65,-2,63,4,67,6,65,6,63,4,61,2,61,6,63,2,59,6,63,4,67,8,59,6,63,6,61,10,57,8,55,12,57,10,53,16,51,8,43,16,45,12,47,18,45,18,41,18,43,16,34,18,36,22,32,24,0,0,0,0,0,0,0,0,0,0]"""
1782173649508,2026-06-23T09:14:09.508,warning,breathing,lmh,lying_fast_breath,t001,"CSI_DATA,18943,1a:00:00:00:00:00,-61,11,-98,19,44,11,135344428,47,2,256,0,""[0,0,0,0,0,0,0,0,0,0,0,0,6,-41,10,-39,8,-43,15,-45,13,-41,15,-45,13,-47,17,-47,19,-54,17,-54,19,-54,17,-58,17,-60,23,-65,26,-58,23,-65,19,-67,30,-67,26,-65,23,-65,28,-63,23,-73,30,-71,23,-76,32,-76,21,-73,26,-73,23,-80,23,-71,15,-76,15,-73,15,-80,17,-76,10,-78,8,-82,4,-76,4,-71,2,-76,2,-78,-8,-80,-4,-78,-13,-76,-10,-78,-19,-80,-8,-76,-19,-80,-17,-80,-21,-73,-23,-78,-28,-87,-32,-87,-30,-80,-28,-89,-23,-84,-34,-91,-36,-89,-30,-84,0,0,0,0,0,0,-87,26,-82,34,-78,36,-82,30,-76,36,-73,32,-71,34,-76,36,-67,36,-71,30,-60,30,-60,30,-63,36,-60,34,-58,39,-50,36,-56,45,-52,43,-56,39,-50,41,-45,52,-52,43,-45,43,-43,43,-45,50,-41,47,-43,50,-39,52,-47,50,-34,52,-39,50,-45,52,-39,52,-39,58,-39,50,-43,50,-39,50,-39,50,-43,52,-45,45,-36,47,-43,47,-45,47,-41,47,-43,43,-39,43,-43,36,-34,41,-43,30,-39,30,-36,32,-34,26,-36,30,-41,23,-34,26,-34,21,-43,15,0,0,0,0,0,0,0,0,0,0]"""
1782173649517,2026-06-23T09:14:09.517,warning,breathing,lmh,lying_fast_breath,t001,"CSI_DATA,18944,1a:00:00:00:00:00,-61,11,-98,15,45,11,135355428,47,2,256,0,""[0,0,0,0,0,0,0,0,0,0,0,0,21,34,19,34,17,41,15,47,10,47,10,47,13,47,4,50,10,58,2,58,2,63,0,60,0,65,-4,65,-13,63,-8,67,-6,73,-15,73,-17,67,-23,71,-30,71,-26,67,-28,69,-30,73,-36,71,-26,69,-32,67,-36,67,-36,63,-32,69,-34,63,-41,69,-41,65,-41,63,-43,67,-39,69,-36,63,-36,69,-41,63,-34,69,-41,67,-32,73,-39,71,-39,73,-43,69,-41,71,-45,71,-43,67,-45,65,-54,71,-52,69,-52,71,-60,69,-60,65,-58,71,-60,65,-60,69,0,0,0,0,0,0,52,73,47,71,54,67,52,69,50,63,43,65,39,60,39,69,34,63,34,67,34,65,32,58,34,63,26,63,30,63,30,60,30,65,28,63,21,60,30,58,34,56,26,63,23,54,23,56,19,60,19,60,19,60,23,60,15,63,23,56,15,63,17,65,10,65,15,63,13,58,4,69,2,63,2,60,-2,65,-4,63,-2,60,-4,63,-13,60,-15,58,-19,54,-13,54,-17,54,-21,50,-26,47,-23,45,-30,43,-28,36,-32,30,-36,30,-34,26,-32,26,-34,17,0,0,0,0,0,0,0,0,0,0]"""
1782173649528,2026-06-23T09:14:09.528,warning,breathing,lmh,lying_fast_breath,t001,"CSI_DATA,18945,1a:00:00:00:00:00,-61,11,-98,15,45,11,135366996,47,2,256,0,""[0,0,0,0,0,0,0,0,0,0,0,0,13,-34,19,-36,19,-39,26,-41,28,-39,30,-36,34,-39,36,-32,41,-41,45,-39,45,-36,45,-39,52,-45,54,-41,60,-30,58,-36,60,-41,67,-28,69,-30,65,-21,67,-19,76,-26,73,-19,76,-21,80,-15,71,-23,76,-15,78,-15,78,-10,76,-17,71,-10,82,-10,78,-8,76,-4,82,-8,78,-15,71,-8,73,-17,80,-8,78,-15,80,-6,73,-17,78,-13,84,-13,80,-10,78,-10,82,-8,80,-10,84,-2,91,-2,87,-6,84,-6,91,2,84,4,93,0,93,4,95,8,0,0,0,0,0,0,21,-89,23,-89,17,-84,21,-80,19,-78,23,-73,23,-73,34,-76,28,-69,28,-65,26,-67,28,-60,26,-69,32,-63,28,-63,23,-60,26,-65,28,-63,34,-58,23,-56,21,-60,30,-54,28,-56,32,-54,36,-56,34,-56,32,-54,30,-58,36,-56,30,-58,34,-50,39,-52,43,-52,36,-54,41,-45,54,-47,52,-47,47,-43,54,-41,52,-34,47,-34,52,-34,58,-32,54,-30,56,-19,50,-23,52,-17,56,-17,50,-10,47,-6,47,-2,45,-2,47,4,47,4,45,8,36,8,36,13,0,0,0,0,0,0,0,0,0,0]"""
1782173649539,2026-06-23T09:14:09.539,warning,breathing,lmh,lying_fast_breath,t001,"CSI_DATA,18946,1a:00:00:00:00:00,-61,11,-98,18,44,11,135377428,47,2,256,0,""[0,0,0,0,0,0,0,0,0,0,0,0,26,-26,26,-29,29,-29,31,-33,33,-31,35,-26,38,-33,38,-31,42,-35,42,-40,42,-35,44,-40,47,-44,47,-44,51,-40,53,-42,47,-49,55,-47,51,-42,58,-42,60,-40,58,-49,58,-49,53,-53,60,-55,47,-55,58,-51,55,-58,55,-55,49,-60,47,-55,49,-62,42,-64,42,-62,40,-67,42,-67,33,-60,29,-69,33,-71,26,-78,24,-73,17,-76,24,-76,17,-82,20,-76,11,-73,17,-78,6,-76,4,-80,6,-91,8,-87,8,-87,6,-89,0,-87,4,-91,2,-94,-2,-87,0,0,0,0,0,0,-89,-4,-94,-4,-82,8,-85,-4,-82,8,-78,4,-80,11,-82,8,-71,13,-69,2,-67,11,-67,11,-71,17,-69,20,-62,15,-55,24,-67,29,-60,26,-60,20,-64,26,-55,35,-60,29,-49,33,-55,33,-53,33,-55,33,-55,33,-49,44,-55,38,-49,47,-53,38,-51,40,-53,42,-49,44,-47,40,-53,40,-51,42,-51,44,-51,42,-51,38,-47,38,-49,38,-49,38,-49,40,-47,33,-44,38,-49,31,-47,33,-47,26,-47,20,-42,24,-40,22,-38,20,-44,17,-40,15,-42,13,-38,13,0,0,0,0,0,0,0,0,0,0]"""
1782173649550,2026-06-23T09:14:09.550,warning,breathing,lmh,lying_fast_breath,t001,"CSI_DATA,18947,1a:00:00:00:00:00,-61,11,-98,14,45,11,135388428,47,2,256,0,""[0,0,0,0,0,0,0,0,0,0,0,0,2,40,0,40,-6,42,-8,47,-11,44,-11,49,-15,49,-15,49,-17,55,-22,51,-26,53,-22,55,-29,60,-33,55,-40,51,-40,58,-40,64,-44,58,-47,53,-47,53,-49,49,-55,53,-53,51,-55,53,-60,51,-51,53,-60,47,-62,49,-62,42,-58,47,-58,44,-64,49,-64,44,-62,42,-64,47,-60,49,-55,47,-58,53,-62,47,-58,49,-64,44,-55,55,-62,49,-64,53,-62,49,-60,51,-64,51,-60,49,-67,47,-71,53,-69,53,-69,53,-80,47,-78,47,-80,49,-78,47,-78,44,0,0,0,0,0,0,26,85,29,82,33,78,26,78,29,78,22,76,24,76,20,78,17,71,17,71,20,71,15,67,20,71,15,69,15,67,17,62,15,69,15,64,11,62,17,64,22,64,15,64,11,58,11,62,6,62,6,64,13,64,11,62,4,64,13,62,6,64,6,64,-2,67,2,64,2,62,-4,69,-6,67,-4,64,-11,64,-13,60,-11,60,-13,62,-22,58,-20,55,-24,51,-22,51,-24,49,-24,49,-31,44,-29,42,-33,40,-29,33,-31,26,-33,29,-33,24,-38,22,-38,17,0,0,0,0,0,0,0,0,0,0]"""
1782173649560,2026-06-23T09:14:09.560,warning,breathing,lmh,lying_fast_breath,t001,"CSI_DATA,18948,1a:00:00:00:00:00,-61,11,-98,15,45,11,135399428,47,2,256,0,""[0,0,0,0,0,0,0,0,0,0,0,0,32,21,32,23,34,28,36,30,36,32,34,30,34,34,36,39,39,41,39,43,41,45,39,45,47,47,45,50,39,54,36,54,45,54,41,58,41,60,39,67,43,63,39,65,41,60,43,67,45,71,45,56,39,67,41,67,41,67,45,65,39,58,47,71,47,65,45,60,52,63,50,58,47,52,56,54,54,56,60,54,56,60,63,50,58,52,67,58,58,52,63,50,63,52,65,47,67,54,71,58,71,56,71,47,71,58,67,56,78,56,73,56,73,58,0,0,0,0,0,0,65,-67,65,-65,56,-71,54,-58,50,-63,52,-58,52,-63,54,-63,50,-60,47,-52,41,-56,41,-50,41,-56,45,-58,41,-56,32,-52,39,-63,34,-60,36,-52,32,-52,30,-56,36,-52,30,-54,32,-56,32,-58,32,-58,28,-54,26,-60,30,-63,21,-58,28,-52,28,-56,30,-60,28,-60,28,-52,36,-58,36,-58,32,-54,36,-58,34,-47,32,-50,34,-52,39,-50,36,-50,41,-43,36,-43,36,-36,39,-41,39,-34,36,-32,36,-28,39,-26,39,-26,41,-23,41,-17,36,-17,36,-13,0,0,0,0,0,0,0,0,0,0]"""
1782173649573,2026-06-23T09:14:09.573,warning,breathing,lmh,lying_fast_breath,t001,"CSI_DATA,18949,1a:00:00:00:00:00,-61,11,-98,19,44,11,135411308,47,2,256,0,""[0,0,0,0,0,0,0,0,0,0,0,0,2,-39,6,-43,6,-43,8,-43,8,-45,13,-45,13,-47,15,-47,17,-58,15,-56,17,-54,17,-58,17,-67,21,-65,28,-60,26,-63,21,-69,32,-67,26,-65,30,-65,34,-67,26,-71,32,-65,23,-78,32,-71,26,-71,30,-67,32,-73,26,-73,21,-73,23,-65,26,-76,21,-73,21,-76,17,-82,19,-78,13,-69,6,-73,10,-76,2,-80,8,-82,0,-84,2,-84,-10,-84,2,-78,-2,-80,-4,-80,-6,-80,-6,-84,-6,-93,-10,-87,-8,-89,-6,-93,2,-87,-10,-93,-13,-95,-13,-91,0,0,0,0,0,0,-100,4,-87,6,-82,13,-82,6,-80,8,-82,4,-78,10,-82,13,-73,10,-73,4,-69,10,-69,10,-69,17,-71,17,-69,13,-60,21,-69,21,-63,21,-69,17,-60,21,-60,28,-65,23,-56,26,-60,26,-58,23,-56,26,-56,26,-56,34,-63,28,-54,36,-56,28,-65,28,-58,30,-58,32,-58,32,-63,28,-63,26,-58,26,-63,30,-60,21,-56,26,-60,21,-63,21,-60,26,-54,19,-54,15,-54,10,-52,13,-52,10,-45,4,-47,8,-45,4,-43,6,-47,2,-45,2,-41,-6,-41,-10,0,0,0,0,0,0,0,0,0,0]"""
1782173649583,2026-06-23T09:14:09.583,warning,breathing,lmh,lying_fast_breath,t001,"CSI_DATA,18950,1a:00:00:00:00:00,-61,11,-98,17,45,11,135421427,47,2,256,0,""[0,0,0,0,0,0,0,0,0,0,0,0,-12,39,-14,39,-14,39,-20,43,-24,41,-24,41,-22,43,-30,43,-32,49,-36,43,-39,47,-39,47,-43,51,-47,49,-51,39,-51,47,-51,51,-57,45,-55,39,-59,45,-63,43,-65,41,-63,36,-65,39,-71,36,-61,41,-67,32,-71,36,-69,32,-69,39,-63,32,-73,34,-67,34,-67,34,-67,39,-67,39,-61,39,-67,43,-67,34,-67,41,-67,39,-63,49,-67,45,-73,45,-71,43,-63,41,-67,47,-67,43,-67,41,-78,47,-78,45,-75,47,-82,43,-78,41,-82,43,-86,43,-80,39,0,0,0,0,0,0,26,88,24,80,30,82,28,78,24,78,18,75,20,75,16,82,16,71,16,67,18,67,14,65,20,69,14,67,14,69,22,65,18,67,14,63,10,65,22,59,24,61,14,63,14,59,12,61,10,63,10,63,14,61,14,61,10,67,16,59,10,61,10,65,8,63,6,65,8,61,0,67,0,67,0,63,-4,65,-4,61,-4,57,-10,59,-16,59,-12,57,-20,57,-12,55,-18,51,-20,53,-22,47,-22,43,-22,45,-26,34,-26,32,-32,28,-30,24,-28,26,-28,24,0,0,0,0,0,0,0,0,0,0]"""
1782173649593,2026-06-23T09:14:09.593,warning,breathing,lmh,lying_fast_breath,t001,"CSI_DATA,18951,1a:00:00:00:00:00,-61,11,-98,19,44,11,135432427,47,2,256,0,""[0,0,0,0,0,0,0,0,0,0,0,0,19,36,19,34,15,39,17,45,13,43,13,47,15,47,13,50,13,54,13,58,15,58,17,56,17,65,15,65,6,63,10,69,15,69,10,69,6,73,10,69,6,69,10,78,10,69,10,80,10,82,17,71,8,71,10,76,8,76,15,76,10,69,17,80,21,76,17,71,23,73,26,71,26,67,32,76,28,71,39,73,36,73,39,69,34,73,43,71,36,69,41,69,43,71,47,65,47,69,45,71,52,71,45,65,47,78,54,78,56,76,60,76,58,73,0,0,0,0,0,0,82,-50,73,-45,73,-54,67,-43,63,-47,65,-45,65,-50,71,-45,60,-43,58,-45,54,-47,54,-39,52,-50,54,-41,54,-45,47,-50,47,-54,47,-50,45,-43,43,-47,41,-56,43,-50,39,-50,43,-52,39,-52,43,-52,41,-47,39,-54,36,-54,30,-56,36,-47,39,-54,41,-54,39,-58,34,-52,45,-56,41,-58,41,-52,39,-52,41,-45,36,-45,41,-45,45,-47,43,-43,43,-43,41,-36,43,-34,43,-34,41,-32,39,-32,43,-28,39,-26,41,-26,39,-23,39,-19,34,-15,39,-15,0,0,0,0,0,0,0,0,0,0]"""
1782173649604,2026-06-23T09:14:09.604,warning,breathing,lmh,lying_fast_breath,t001,"CSI_DATA,18952,1a:00:00:00:00:00,-61,11,-98,15,45,11,135444408,47,2,256,0,""[0,0,0,0,0,0,0,0,0,0,0,0,39,15,39,13,41,19,43,21,43,23,36,28,39,30,39,34,45,36,43,39,41,41,43,43,47,47,43,50,39,56,41,58,43,56,36,63,34,54,39,63,39,69,36,67,32,69,36,69,36,73,32,69,26,71,28,73,26,73,32,73,26,69,30,73,32,71,28,71,32,71,30,71,28,67,32,73,34,71,36,71,34,71,36,71,32,73,41,73,30,69,34,69,32,73,36,71,34,76,34,82,34,78,32,80,28,89,23,87,32,89,30,91,32,89,0,0,0,0,0,0,89,-17,91,-17,80,-19,78,-8,84,-13,76,-4,76,-13,80,-8,76,-8,69,0,69,-4,67,-2,71,-8,71,-4,67,-2,63,-4,69,-8,67,-6,63,-2,63,-2,63,-10,67,0,58,-4,63,-6,65,-2,67,-4,65,4,63,-6,67,0,65,-4,63,6,67,4,67,2,65,2,60,8,65,10,63,8,63,10,65,15,60,19,56,17,56,23,58,23,56,23,52,26,47,26,45,30,50,28,41,32,34,30,32,34,30,32,28,32,23,36,21,32,17,34,10,36,0,0,0,0,0,0,0,0,0,0]"""
1782173649616,2026-06-23T09:14:09.616,warning,breathing,lmh,lying_fast_breath,t001,"CSI_DATA,18953,1a:00:00:00:00:00,-61,11,-98,19,44,11,135454558,47,2,256,0,""[0,0,0,0,0,0,0,0,0,0,0,0,-28,-21,-32,-23,-34,-26,-34,-32,-36,-30,-36,-30,-34,-30,-41,-36,-43,-36,-43,-39,-45,-36,-50,-39,-52,-39,-56,-41,-45,-47,-54,-45,-60,-41,-56,-47,-50,-45,-54,-39,-47,-43,-60,-50,-58,-41,-65,-43,-63,-47,-65,-41,-60,-43,-67,-43,-63,-45,-65,-39,-63,-32,-71,-34,-71,-34,-69,-30,-71,-28,-76,-23,-71,-17,-78,-15,-76,-15,-76,-8,-78,-8,-80,-2,-80,-6,-82,0,-78,-2,-80,6,-89,6,-78,13,-82,8,-89,13,-82,17,-91,17,-97,13,-91,15,-93,23,-87,21,-87,28,0,0,0,0,0,0,19,87,21,91,26,78,26,78,34,80,26,73,30,73,32,71,30,69,28,71,34,65,32,60,39,60,32,58,43,56,43,52,45,54,43,50,39,54,45,45,54,43,45,50,47,41,47,43,50,43,50,41,52,39,54,34,56,36,58,26,56,32,56,34,56,39,60,32,56,30,54,34,60,32,56,32,58,34,52,34,56,28,56,32,52,34,52,30,47,34,50,30,45,30,47,28,41,26,43,28,39,30,36,28,36,30,34,36,28,30,28,30,26,30,0,0,0,0,0,0,0,0,0,0]"""
1782173649628,2026-06-23T09:14:09.628,warning,breathing,lmh,lying_fast_breath,t001,"CSI_DATA,18954,1a:00:00:00:00:00,-61,11,-98,15,45,11,135465653,47,2,256,0,""[0,0,0,0,0,0,0,0,0,0,0,0,-10,-36,-10,-36,-8,-43,-8,-47,-6,-47,-2,-45,-4,-50,-4,-50,-6,-60,-6,-60,-4,-63,-6,-56,-10,-65,-6,-69,0,-67,-2,-69,-8,-71,0,-73,-4,-69,-2,-71,0,-71,-6,-78,-2,-71,-8,-80,-4,-84,-10,-71,-4,-76,-6,-78,-6,-80,-17,-76,-13,-71,-15,-84,-17,-78,-19,-76,-26,-78,-26,-71,-26,-69,-30,-71,-30,-71,-41,-71,-36,-71,-43,-67,-36,-69,-52,-71,-43,-65,-50,-63,-45,-65,-50,-60,-52,-65,-58,-69,-58,-67,-58,-63,-54,-69,-52,-69,-67,-69,-65,-67,-67,-67,0,0,0,0,0,0,-69,63,-67,63,-60,67,-58,56,-54,58,-54,58,-54,60,-58,63,-50,58,-50,52,-43,52,-39,52,-41,58,-41,63,-39,56,-32,54,-32,67,-30,60,-30,58,-28,58,-21,60,-30,60,-21,58,-23,60,-19,63,-23,60,-19,60,-13,65,-19,67,-13,60,-17,58,-13,60,-17,67,-10,63,-15,60,-17,67,-13,65,-15,65,-17,65,-17,58,-17,56,-19,60,-23,60,-19,58,-21,54,-17,54,-21,47,-15,54,-23,43,-19,43,-26,41,-21,41,-21,39,-28,39,-23,34,-26,32,-30,30,0,0,0,0,0,0,0,0,0,0]"""
1782173649639,2026-06-23T09:14:09.639,warning,breathing,lmh,lying_fast_breath,t001,"CSI_DATA,18955,1a:00:00:00:00:00,-61,11,-98,19,44,11,135476427,47,2,256,0,""[0,0,0,0,0,0,0,0,0,0,0,0,36,-19,39,-15,41,-13,47,-10,50,-10,43,-8,50,-13,47,-13,58,-17,58,-8,60,-8,63,-10,67,-10,67,-10,67,-4,67,-4,71,-13,78,-2,67,-4,73,-6,76,-4,78,-2,78,-4,76,-2,80,0,73,-6,78,2,82,-4,78,-2,80,-10,73,-8,76,-10,78,-8,76,-8,78,-15,76,-17,73,-15,73,-19,78,-19,78,-28,76,-23,73,-32,76,-26,73,-34,69,-26,71,-34,78,-32,71,-36,76,-34,84,-36,76,-34,87,-41,84,-36,87,-36,89,-39,78,-36,84,-36,0,0,0,0,0,0,-32,-87,-30,-84,-30,-71,-34,-80,-34,-76,-28,-76,-34,-73,-32,-73,-28,-67,-28,-65,-30,-63,-28,-63,-36,-63,-34,-67,-26,-60,-30,-58,-39,-58,-39,-58,-28,-56,-34,-54,-43,-47,-34,-56,-34,-45,-34,-47,-34,-52,-36,-52,-41,-54,-39,-50,-36,-56,-45,-50,-39,-52,-41,-50,-43,-52,-39,-50,-39,-54,-34,-56,-36,-54,-36,-47,-34,-56,-30,-54,-34,-47,-32,-58,-26,-54,-26,-54,-21,-52,-30,-50,-19,-54,-21,-54,-13,-47,-15,-43,-15,-50,-15,-47,-8,-43,-2,-54,-2,-43,0,-45,6,-39,0,0,0,0,0,0,0,0,0,0]"""
1782173649650,2026-06-23T09:14:09.650,warning,breathing,lmh,lying_fast_breath,t001,"CSI_DATA,18956,1a:00:00:00:00:00,-61,11,-98,18,44,11,135488735,47,2,256,0,""[0,0,0,0,0,0,0,0,0,0,0,0,17,-35,20,-35,22,-35,29,-35,29,-38,29,-40,33,-38,35,-38,35,-44,35,-47,42,-47,38,-47,38,-51,44,-53,47,-47,44,-53,44,-55,49,-53,44,-49,53,-55,53,-58,53,-55,49,-58,47,-58,53,-60,42,-60,49,-53,53,-62,47,-60,42,-67,44,-55,44,-73,40,-64,38,-62,38,-69,31,-71,29,-64,24,-69,31,-73,20,-80,26,-78,15,-76,15,-76,13,-82,15,-73,11,-78,11,-78,6,-78,6,-85,2,-89,4,-87,2,-89,11,-100,11,-85,0,-94,2,-98,-8,-85,0,0,0,0,0,0,-89,-2,-87,0,-85,8,-80,0,-80,4,-80,4,-76,8,-82,6,-69,4,-73,4,-67,11,-71,8,-71,20,-67,15,-64,11,-62,20,-69,26,-62,22,-60,17,-62,24,-58,31,-55,26,-53,24,-55,31,-62,26,-58,33,-55,29,-53,35,-58,35,-51,38,-55,31,-58,35,-53,38,-51,38,-51,40,-58,35,-53,33,-51,35,-60,35,-55,31,-49,26,-53,31,-58,29,-53,33,-53,26,-49,26,-47,24,-49,26,-49,15,-42,20,-47,15,-47,17,-49,13,-42,8,-38,8,-40,8,-42,0,0,0,0,0,0,0,0,0,0,0]"""
1782173649662,2026-06-23T09:14:09.662,warning,breathing,lmh,lying_fast_breath,t001,"CSI_DATA,18957,1a:00:00:00:00:00,-61,11,-98,14,45,11,135498517,47,2,256,0,""[0,0,0,0,0,0,0,0,0,0,0,0,4,-42,8,-38,8,-42,13,-42,17,-44,17,-44,20,-44,24,-49,24,-53,31,-49,31,-51,31,-53,33,-58,38,-58,42,-49,47,-58,42,-60,47,-55,47,-47,49,-53,53,-51,51,-51,55,-53,53,-51,62,-53,53,-53,60,-51,60,-51,62,-49,55,-51,55,-49,60,-49,60,-49,58,-47,58,-53,58,-55,58,-49,58,-58,60,-53,53,-58,58,-53,53,-60,60,-53,53,-62,55,-53,53,-60,62,-58,53,-62,58,-62,62,-64,55,-62,62,-64,69,-60,73,-58,69,-67,67,-55,69,-55,0,0,0,0,0,0,-47,-73,-47,-76,-49,-64,-47,-73,-44,-69,-38,-69,-40,-64,-38,-62,-35,-64,-33,-67,-40,-58,-33,-60,-40,-62,-35,-60,-35,-60,-38,-55,-35,-62,-35,-55,-29,-55,-35,-58,-38,-55,-33,-60,-31,-47,-31,-53,-29,-55,-31,-55,-33,-55,-38,-53,-31,-58,-38,-53,-29,-53,-33,-58,-24,-60,-29,-55,-24,-58,-22,-60,-20,-60,-20,-58,-15,-62,-13,-64,-13,-58,-13,-60,-6,-60,-8,-60,-2,-55,-4,-58,-2,-53,0,-55,4,-49,2,-51,8,-49,8,-47,13,-40,15,-42,15,-35,15,-33,24,-35,0,0,0,0,0,0,0,0,0,0]"""
1782173649672,2026-06-23T09:14:09.672,warning,breathing,lmh,lying_fast_breath,t001,"CSI_DATA,18958,1a:00:00:00:00:00,-61,11,-98,18,44,11,135509427,47,2,256,0,""[0,0,0,0,0,0,0,0,0,0,0,0,8,-38,11,-40,15,-42,20,-42,22,-42,29,-40,24,-42,31,-40,31,-47,35,-40,42,-44,40,-44,42,-49,49,-47,53,-47,55,-40,51,-49,60,-38,53,-38,60,-40,58,-35,64,-35,67,-33,69,-35,76,-31,67,-35,71,-26,76,-33,73,-26,73,-31,69,-24,73,-31,73,-29,71,-24,71,-31,71,-29,67,-24,71,-31,76,-26,73,-31,73,-31,69,-33,71,-26,80,-29,73,-26,73,-31,78,-29,78,-31,73,-22,85,-29,82,-26,80,-24,87,-22,89,-17,96,-17,91,-22,85,-15,0,0,0,0,0,0,-4,-87,2,-85,-8,-85,2,-80,0,-78,6,-76,2,-73,6,-80,6,-71,13,-71,0,-69,8,-67,6,-71,11,-69,11,-71,2,-69,6,-71,8,-62,13,-64,8,-64,4,-67,13,-64,11,-58,15,-60,13,-60,13,-55,11,-62,11,-62,17,-64,8,-62,20,-55,20,-62,26,-60,24,-64,24,-55,33,-62,29,-60,31,-55,33,-58,33,-53,35,-49,42,-47,42,-49,42,-42,44,-40,42,-42,42,-35,42,-31,42,-29,38,-24,40,-22,40,-20,42,-13,44,-11,42,-8,42,-2,44,2,0,0,0,0,0,0,0,0,0,0]"""
1782173649682,2026-06-23T09:14:09.682,warning,breathing,lmh,lying_fast_breath,t001,"CSI_DATA,18959,1a:00:00:00:00:00,-61,11,-98,14,45,11,135522020,47,2,256,0,""[0,0,0,0,0,0,0,0,0,0,0,0,13,35,13,40,11,40,8,47,8,49,2,51,0,49,2,51,2,58,0,58,-4,60,0,60,0,64,-2,67,-13,62,-8,67,-6,71,-15,73,-8,67,-17,73,-15,73,-15,73,-17,76,-17,76,-22,78,-17,76,-24,76,-24,78,-20,73,-15,76,-20,73,-15,76,-15,76,-15,73,-11,78,-17,80,-17,76,-11,76,-8,78,-6,78,-8,78,-4,80,-11,80,-2,82,-8,78,-4,78,-4,85,-2,80,-2,85,-8,91,-4,85,-6,89,-13,89,-13,85,-4,87,-6,91,-6,89,0,0,0,0,0,0,91,22,85,17,85,8,80,20,80,17,73,22,73,13,78,15,73,15,71,20,69,15,67,15,73,13,67,15,67,17,67,11,69,6,67,6,62,13,64,8,64,6,64,11,58,4,58,6,60,8,64,6,64,11,64,2,64,6,67,4,62,11,67,11,62,11,64,8,62,13,67,15,62,17,60,11,62,17,60,26,55,20,60,24,58,24,55,24,51,26,53,22,47,29,49,24,40,31,40,31,38,35,35,31,29,31,29,38,24,33,22,35,22,35,0,0,0,0,0,0,0,0,0,0]"""
1782173649692,2026-06-23T09:14:09.692,warning,breathing,lmh,lying_fast_breath,t001,"CSI_DATA,18960,1a:00:00:00:00:00,-61,11,-98,18,44,11,135531427,47,2,256,0,""[0,0,0,0,0,0,0,0,0,0,0,0,-42,4,-40,4,-42,2,-47,4,-49,2,-47,0,-49,2,-53,0,-55,4,-58,2,-58,4,-60,4,-62,6,-64,4,-62,-4,-71,2,-73,6,-73,2,-71,0,-69,0,-67,-2,-78,2,-73,6,-73,11,-78,8,-73,15,-76,11,-78,11,-78,8,-73,17,-69,15,-78,20,-76,24,-67,26,-76,29,-71,33,-69,31,-64,40,-64,42,-62,49,-64,44,-62,53,-62,42,-62,58,-60,49,-60,55,-60,55,-55,55,-55,62,-60,64,-51,71,-49,71,-62,69,-62,64,-49,76,-53,76,-49,73,0,0,0,0,0,0,73,51,78,55,76,44,69,44,71,40,64,38,67,38,71,42,67,33,62,29,64,31,62,26,69,24,67,20,67,20,67,13,69,11,64,8,64,13,64,8,67,4,67,11,58,0,62,4,60,6,64,2,62,-2,62,-11,64,-4,64,-15,64,-11,67,-8,69,-4,67,-13,64,-11,67,-6,64,-8,64,-11,64,-8,64,-4,62,-8,67,-8,64,-6,60,-8,55,-6,55,-6,55,-2,55,-6,51,-2,53,-2,51,2,47,0,42,2,44,4,40,2,38,2,40,11,0,0,0,0,0,0,0,0,0,0]"""
1782173649704,2026-06-23T09:14:09.704,warning,breathing,lmh,lying_fast_breath,t001,"CSI_DATA,18961,1a:00:00:00:00:00,-61,11,-98,15,45,11,135542427,47,2,256,0,""[0,0,0,0,0,0,0,0,0,0,0,0,36,19,32,23,34,23,39,32,36,30,36,30,39,32,34,34,43,36,41,41,41,43,41,39,52,43,50,47,47,54,50,47,52,47,47,54,45,52,50,52,47,54,54,56,47,54,54,56,56,60,56,47,50,56,56,56,54,54,63,50,56,47,63,52,60,50,60,47,67,45,69,43,60,36,69,30,69,36,76,32,73,34,73,17,71,26,84,28,71,21,73,23,78,23,76,19,82,21,87,23,87,17,82,15,87,21,87,19,95,15,91,13,87,15,0,0,0,0,0,0,21,-91,23,-91,8,-87,10,-78,10,-78,10,-76,8,-78,8,-80,8,-71,6,-67,4,-67,6,-65,0,-69,2,-71,0,-67,-6,-67,-6,-69,-6,-69,-2,-67,-8,-60,-15,-60,-8,-60,-10,-60,-10,-65,-10,-65,-17,-63,-17,-56,-21,-60,-15,-65,-21,-56,-17,-58,-19,-63,-21,-63,-23,-60,-17,-58,-19,-69,-19,-67,-17,-63,-15,-67,-15,-56,-15,-56,-15,-58,-10,-63,-13,-58,-8,-60,-13,-52,-6,-54,-10,-58,-2,-50,-4,-45,-2,-50,-4,-45,0,-47,4,-45,2,-50,4,-39,8,-39,0,0,0,0,0,0,0,0,0,0]"""
1782173649715,2026-06-23T09:14:09.715,warning,breathing,lmh,lying_fast_breath,t001,"CSI_DATA,18962,1a:00:00:00:00:00,-61,11,-98,15,45,11,135553427,47,2,256,0,""[0,0,0,0,0,0,0,0,0,0,0,0,39,6,41,8,43,8,43,8,50,10,47,15,47,13,50,10,58,10,58,10,58,13,63,8,65,8,65,6,63,15,69,13,71,4,73,15,69,6,69,4,71,4,78,2,78,2,78,-4,82,0,73,-8,80,-2,80,-6,78,-8,73,-17,73,-13,76,-21,71,-21,67,-26,67,-34,73,-30,65,-34,63,-41,65,-41,63,-52,58,-47,58,-54,60,-52,56,-65,52,-56,50,-63,52,-65,41,-69,41,-71,45,-78,39,-78,41,-78,45,-80,45,-78,36,-84,32,-84,30,-84,0,0,0,0,0,0,-84,-28,-84,-21,-80,-13,-80,-21,-82,-15,-71,-19,-78,-8,-78,-10,-73,-6,-69,-8,-69,-2,-71,-2,-73,8,-69,10,-67,4,-65,15,-67,19,-63,21,-63,19,-60,21,-56,28,-63,23,-50,30,-54,30,-54,30,-52,32,-54,36,-47,43,-52,41,-47,45,-50,41,-50,45,-47,45,-43,45,-47,43,-43,47,-43,50,-43,47,-43,47,-45,45,-36,45,-43,45,-39,43,-39,47,-36,41,-39,45,-39,36,-36,43,-36,34,-34,34,-36,36,-30,32,-32,30,-32,32,-30,28,-30,30,-34,23,0,0,0,0,0,0,0,0,0,0]"""
1782173649726,2026-06-23T09:14:09.726,warning,breathing,lmh,lying_fast_breath,t001,"CSI_DATA,18963,1a:00:00:00:00:00,-61,11,-98,19,44,11,135564427,47,2,256,0,""[0,0,0,0,0,0,0,0,0,0,0,0,-32,-23,-30,-26,-32,-30,-34,-32,-30,-34,-34,-34,-36,-39,-34,-39,-36,-41,-41,-43,-41,-41,-47,-41,-50,-45,-50,-43,-50,-47,-52,-52,-56,-43,-50,-52,-45,-43,-54,-52,-56,-52,-54,-54,-60,-43,-63,-43,-63,-52,-63,-39,-63,-47,-67,-41,-60,-45,-67,-41,-69,-39,-73,-36,-69,-30,-69,-28,-78,-23,-76,-26,-69,-17,-76,-10,-78,-10,-80,-4,-78,-13,-80,-2,-84,-2,-82,6,-76,0,-78,13,-82,4,-78,15,-84,17,-87,17,-87,19,-84,21,-91,19,-84,19,-89,26,-89,30,-87,28,0,0,0,0,0,0,28,84,34,84,39,73,32,78,41,76,30,71,36,67,36,73,39,60,34,67,39,58,39,56,43,58,47,56,43,52,50,50,56,47,56,43,47,45,52,41,56,34,58,41,50,30,52,30,58,36,54,32,58,28,63,23,63,30,60,19,56,23,60,23,60,28,63,21,63,19,67,23,65,23,63,19,65,23,58,19,60,17,60,17,60,21,58,19,54,21,58,17,52,21,56,21,50,19,47,19,47,21,43,19,39,26,41,23,39,23,41,13,34,23,0,0,0,0,0,0,0,0,0,0]"""
1782173649738,2026-06-23T09:14:09.738,warning,breathing,lmh,lying_fast_breath,t001,"CSI_DATA,18964,1a:00:00:00:00:00,-60,11,-98,-6,41,11,135575451,47,2,256,0,""[0,0,0,0,0,0,0,0,0,0,0,0,-37,145,113,56,283,-201,-18,126,-214,-75,44,12,-119,-164,37,-37,-69,-25,31,-119,-69,-107,-50,-31,-82,-113,-113,-12,69,25,-25,-164,37,-37,-69,50,-44,-69,-94,-18,-37,-119,-50,-75,-44,-69,-31,-63,-12,-82,-25,-50,-12,-63,-6,-56,-18,-82,-31,-75,0,-82,-12,-88,-12,-63,-25,-82,-6,-69,-37,-75,-6,-82,-6,-82,-18,-82,-31,-82,-37,-88,-18,-69,-12,-82,-37,-69,-12,-69,-31,-94,6,-69,-44,-75,-31,-100,-6,-82,-12,-44,-25,-82,-25,-88,-56,-107,-12,-88,-25,-94,25,-88,0,0,0,0,0,0,-50,12,-94,31,-75,31,-56,-6,-69,12,-63,0,-69,0,-75,18,-88,0,-75,0,-75,0,-69,6,-69,0,-63,6,-69,0,-56,12,-75,6,-63,6,-56,-6,-63,6,-56,12,-69,0,-63,12,-63,0,-63,6,-63,-6,-56,6,-63,6,-69,0,-69,0,-63,0,-69,0,-56,-6,-63,0,-63,0,-69,-6,-69,-6,-63,-6,-75,-6,-56,-12,-63,-6,-63,-18,-56,-18,-56,-18,-50,-18,-56,-25,-50,-25,-50,-25,-50,-25,-37,-25,-44,-31,-37,-31,-37,-25,-37,-31,-25,-31,-31,-25,-25,-31,0,0,0,0,0,0,0,0,0,0]"""
1782173649750,2026-06-23T09:14:09.750,warning,breathing,lmh,lying_fast_breath,t001,"CSI_DATA,18965,1a:00:00:00:00:00,-61,11,-98,21,44,11,135588063,47,2,256,0,""[0,0,0,0,0,0,0,0,0,0,0,0,-12,-36,-8,-41,-4,-45,-8,-47,-6,-45,-4,-51,-6,-49,0,-51,-2,-55,-2,-57,-2,-61,-2,-63,0,-67,0,-67,6,-67,4,-67,-4,-75,6,-71,6,-69,4,-73,4,-73,4,-80,10,-69,6,-78,10,-86,4,-73,12,-75,6,-78,6,-73,0,-80,4,-75,0,-84,4,-75,2,-78,-4,-84,-4,-75,-6,-69,-12,-75,-12,-80,-16,-78,-12,-82,-20,-71,-16,-82,-24,-80,-20,-80,-22,-73,-22,-75,-22,-71,-28,-80,-28,-88,-30,-86,-26,-80,-24,-90,-22,-82,-32,-90,-28,-96,-36,-82,0,0,0,0,0,0,-88,26,-86,20,-84,30,-80,20,-78,24,-75,22,-73,28,-82,24,-71,22,-73,18,-63,24,-61,22,-63,28,-67,26,-65,24,-63,26,-65,32,-59,30,-59,22,-53,28,-53,43,-59,32,-53,36,-57,34,-55,32,-55,32,-57,32,-53,39,-57,34,-49,41,-53,34,-57,39,-57,41,-55,39,-51,30,-61,36,-61,34,-53,30,-61,34,-57,24,-53,26,-57,30,-59,26,-55,24,-57,24,-51,24,-51,18,-51,18,-51,12,-51,12,-49,8,-43,10,-43,8,-49,4,-45,2,-39,2,-36,-6,0,0,0,0,0,0,0,0,0,0]"""
1782173649761,2026-06-23T09:14:09.761,warning,breathing,lmh,lying_fast_breath,t001,"CSI_DATA,18966,1a:00:00:00:00:00,-61,11,-98,15,45,11,135597426,47,2,256,0,""[0,0,0,0,0,0,0,0,0,0,0,0,-26,-32,-23,-32,-19,-36,-23,-43,-23,-43,-28,-41,-30,-41,-30,-41,-30,-45,-28,-52,-34,-50,-36,-50,-36,-52,-39,-56,-34,-54,-41,-56,-50,-54,-43,-58,-41,-56,-39,-58,-39,-60,-45,-56,-50,-58,-54,-56,-52,-63,-58,-50,-52,-54,-56,-52,-54,-54,-63,-47,-58,-41,-69,-52,-65,-43,-65,-41,-69,-34,-71,-28,-69,-28,-76,-21,-71,-23,-76,-17,-76,-17,-80,-6,-80,-8,-84,-4,-80,-4,-76,6,-82,2,-80,10,-78,6,-87,6,-84,10,-84,15,-91,15,-89,17,-91,21,-91,21,-84,23,0,0,0,0,0,0,23,87,28,82,34,78,32,73,36,76,32,69,34,69,39,71,36,65,36,65,41,56,43,52,47,54,43,54,47,50,50,45,52,47,47,47,45,41,54,34,60,28,56,34,52,28,54,34,56,34,56,28,58,26,63,19,63,23,63,15,58,21,63,17,63,21,63,15,60,10,67,21,65,17,63,15,65,15,60,10,60,10,65,13,65,15,58,10,56,17,56,10,52,13,52,13,52,15,47,8,47,13,45,8,41,17,43,17,41,19,41,17,36,13,0,0,0,0,0,0,0,0,0,0]"""
1782173649770,2026-06-23T09:14:09.770,warning,breathing,lmh,lying_fast_breath,t001,"CSI_DATA,18967,1a:00:00:00:00:00,-61,11,-98,16,45,11,135608426,47,2,256,0,""[0,0,0,0,0,0,0,0,0,0,0,0,2,42,0,40,0,46,-2,46,-2,48,-4,46,-2,50,-8,48,-4,57,-6,59,-2,59,-4,59,0,65,0,69,-10,65,-4,67,0,67,-6,76,-2,71,-8,69,-8,76,-2,78,-4,76,-2,80,-2,82,6,73,0,76,4,78,4,78,14,76,8,71,12,80,14,78,19,78,23,76,27,71,25,67,29,69,29,71,40,69,35,71,46,63,40,65,52,69,40,61,52,59,50,61,54,59,59,61,61,69,63,63,65,59,63,63,63,63,73,59,73,59,73,57,0,0,0,0,0,0,61,-71,61,-69,44,-73,46,-65,46,-67,44,-61,40,-69,42,-71,40,-65,35,-61,29,-61,31,-59,23,-65,29,-67,25,-63,19,-61,16,-67,14,-65,19,-65,12,-63,2,-63,12,-63,6,-59,6,-65,8,-65,6,-65,2,-63,-6,-63,0,-69,-8,-63,0,-59,-2,-63,-4,-71,-10,-63,-4,-59,-6,-69,-6,-67,-6,-61,-4,-65,-4,-59,-6,-59,-2,-59,-4,-61,-4,-61,0,-61,-6,-57,0,-50,-2,-59,2,-46,2,-48,4,-50,2,-44,4,-46,6,-46,6,-42,8,-40,14,-38,0,0,0,0,0,0,0,0,0,0]"""
1782173649784,2026-06-23T09:14:09.784,warning,breathing,lmh,lying_fast_breath,t001,"CSI_DATA,18968,1a:00:00:00:00:00,-61,11,-98,16,45,11,135620808,47,2,256,0,""[0,0,0,0,0,0,0,0,0,0,0,0,-40,-16,-38,-16,-40,-21,-38,-25,-40,-29,-35,-29,-40,-31,-35,-35,-42,-42,-40,-44,-38,-46,-35,-46,-40,-50,-38,-52,-33,-57,-33,-65,-40,-61,-27,-71,-25,-59,-27,-59,-19,-63,-25,-71,-21,-73,-19,-73,-16,-78,-19,-73,-12,-80,-10,-80,-10,-76,-14,-76,-8,-71,-12,-76,-12,-76,-12,-71,-12,-78,-10,-80,-8,-73,-12,-76,-6,-76,-14,-80,-8,-80,-14,-80,-6,-78,-16,-84,-4,-76,-8,-80,-2,-82,-8,-80,-8,-82,-4,-90,-4,-84,0,-90,10,-97,14,-92,4,-90,4,-90,6,-88,0,0,0,0,0,0,-90,-25,-82,-27,-80,-14,-80,-27,-80,-25,-73,-33,-71,-25,-73,-27,-69,-27,-61,-31,-63,-31,-61,-31,-69,-29,-63,-29,-54,-31,-59,-29,-63,-27,-61,-29,-54,-31,-61,-31,-59,-27,-54,-38,-48,-25,-54,-27,-52,-31,-54,-33,-52,-40,-59,-31,-54,-42,-54,-31,-52,-42,-50,-44,-50,-44,-46,-42,-44,-46,-44,-50,-44,-46,-40,-48,-40,-54,-33,-57,-31,-52,-27,-57,-27,-57,-25,-57,-19,-54,-21,-57,-12,-54,-12,-50,-4,-52,-4,-48,0,-48,0,-44,0,-44,12,-44,10,-38,12,-38,21,-40,0,0,0,0,0,0,0,0,0,0]"""
1782173649794,2026-06-23T09:14:09.794,warning,breathing,lmh,lying_fast_breath,t001,"CSI_DATA,18969,1a:00:00:00:00:00,-61,11,-98,14,45,11,135630426,47,2,256,0,""[0,0,0,0,0,0,0,0,0,0,0,0,0,42,-4,40,-8,42,-13,44,-13,44,-17,49,-15,49,-20,47,-26,53,-29,53,-29,53,-29,53,-35,58,-38,53,-44,49,-47,55,-44,58,-53,51,-51,44,-58,47,-55,49,-64,44,-60,49,-62,44,-71,44,-58,44,-67,38,-67,40,-71,33,-69,38,-69,35,-73,35,-69,33,-69,33,-73,38,-67,35,-64,35,-71,40,-69,35,-69,40,-69,35,-69,40,-69,35,-76,40,-71,35,-69,38,-73,33,-73,38,-73,31,-85,35,-85,31,-80,31,-82,29,-91,20,-91,24,-87,24,-87,26,0,0,0,0,0,0,2,87,2,89,11,85,6,85,4,85,-2,78,2,80,-6,82,-6,76,-4,73,-6,73,-4,69,-4,71,-6,73,-8,69,-2,64,-6,69,-8,64,-13,62,-6,64,-4,64,-13,67,-11,60,-13,64,-17,60,-17,62,-11,64,-8,64,-17,62,-13,64,-17,60,-20,60,-29,62,-24,62,-24,58,-33,60,-33,58,-33,55,-38,55,-38,49,-35,51,-42,49,-44,47,-44,42,-44,35,-44,38,-42,31,-47,29,-47,24,-44,26,-42,22,-42,20,-42,13,-44,4,-44,4,-42,8,-42,-4,0,0,0,0,0,0,0,0,0,0]"""
1782173649805,2026-06-23T09:14:09.805,warning,breathing,lmh,lying_fast_breath,t001,"CSI_DATA,18970,1a:00:00:00:00:00,-61,11,-98,19,44,11,135641469,47,2,256,0,""[0,0,0,0,0,0,0,0,0,0,0,0,-26,-28,-23,-30,-28,-36,-30,-36,-23,-36,-28,-43,-30,-39,-30,-43,-36,-45,-30,-45,-36,-50,-39,-50,-43,-50,-45,-52,-36,-56,-41,-52,-50,-54,-47,-56,-45,-58,-41,-52,-41,-58,-52,-56,-47,-52,-54,-56,-54,-60,-60,-45,-56,-56,-56,-54,-56,-52,-65,-50,-58,-41,-73,-47,-69,-39,-67,-34,-73,-34,-73,-30,-69,-23,-73,-28,-76,-23,-76,-15,-78,-17,-78,-8,-82,-10,-82,-4,-84,-6,-82,2,-84,0,-82,6,-84,6,-89,2,-89,13,-89,13,-95,17,-89,8,-91,19,-84,23,-87,21,0,0,0,0,0,0,21,89,21,80,30,82,30,80,34,76,28,80,30,69,36,78,34,67,36,65,39,65,34,56,45,60,41,60,45,56,47,50,52,47,50,47,41,52,47,41,60,43,50,41,52,32,52,39,54,32,56,32,60,34,63,30,63,30,65,19,63,26,67,28,63,28,65,21,63,19,67,28,65,23,63,26,63,21,56,23,56,17,63,21,60,21,58,21,58,23,56,17,54,15,56,19,50,21,47,19,47,23,43,17,39,17,36,17,36,21,36,21,32,23,0,0,0,0,0,0,0,0,0,0]"""
1782173649816,2026-06-23T09:14:09.816,warning,breathing,lmh,lying_fast_breath,t001,"CSI_DATA,18971,1a:00:00:00:00:00,-61,11,-98,14,45,11,135652426,47,2,256,0,""[0,0,0,0,0,0,0,0,0,0,0,0,-8,-40,-6,-40,-6,-44,-2,-47,-2,-49,2,-49,4,-51,2,-51,6,-55,6,-58,8,-60,11,-62,8,-62,13,-64,22,-62,22,-69,17,-71,29,-71,22,-60,24,-67,29,-64,35,-67,33,-69,31,-67,38,-69,31,-71,38,-67,40,-69,42,-67,33,-69,38,-69,35,-69,38,-69,33,-67,33,-73,35,-71,33,-69,31,-73,33,-73,24,-73,31,-73,26,-80,33,-71,29,-80,33,-67,31,-76,31,-78,29,-73,26,-76,33,-82,33,-80,35,-80,40,-80,47,-78,38,-87,38,-82,38,-82,0,0,0,0,0,0,-71,-49,-76,-51,-73,-35,-67,-49,-69,-47,-60,-44,-64,-40,-64,-44,-62,-44,-55,-47,-58,-44,-55,-40,-62,-42,-58,-40,-51,-42,-58,-38,-60,-38,-51,-35,-53,-38,-55,-35,-58,-35,-55,-42,-49,-33,-47,-38,-53,-35,-49,-35,-53,-38,-55,-33,-55,-42,-55,-33,-53,-42,-53,-42,-53,-44,-49,-40,-51,-42,-47,-44,-49,-44,-42,-47,-42,-49,-38,-51,-38,-49,-40,-53,-33,-53,-35,-51,-26,-53,-31,-51,-22,-51,-29,-47,-15,-49,-15,-47,-8,-47,-8,-42,-8,-47,-4,-44,-2,-44,-2,-40,4,-40,0,0,0,0,0,0,0,0,0,0]"""
1782173649826,2026-06-23T09:14:09.826,warning,breathing,lmh,lying_fast_breath,t001,"CSI_DATA,18972,1a:00:00:00:00:00,-61,11,-98,16,45,11,135663426,47,2,256,0,""[0,0,0,0,0,0,0,0,0,0,0,0,-2,40,-6,42,-8,42,-16,46,-14,46,-16,44,-21,46,-25,46,-25,54,-31,48,-31,52,-29,52,-38,57,-40,54,-46,50,-44,52,-42,54,-50,52,-50,46,-59,46,-63,44,-63,46,-59,46,-59,44,-69,46,-59,44,-65,40,-67,42,-65,40,-65,44,-63,40,-69,42,-67,38,-69,33,-67,40,-67,42,-61,40,-63,44,-67,38,-65,44,-69,42,-63,50,-67,44,-71,48,-67,44,-65,42,-76,42,-67,42,-73,38,-80,42,-76,44,-76,46,-84,40,-82,38,-86,35,-84,38,-82,35,0,0,0,0,0,0,19,86,14,88,25,84,21,80,19,82,12,76,14,78,10,80,8,73,8,71,8,71,6,69,12,73,2,69,6,67,10,67,8,71,4,69,0,67,8,65,14,67,4,69,8,59,2,61,-4,63,0,67,0,63,4,61,-2,65,8,63,-2,61,-2,69,-6,67,-6,65,-6,61,-14,67,-14,61,-19,63,-21,65,-19,61,-16,59,-21,61,-29,59,-29,54,-31,50,-25,52,-31,46,-35,46,-33,38,-31,40,-35,31,-31,29,-38,25,-35,23,-38,23,-38,19,-38,14,0,0,0,0,0,0,0,0,0,0]"""
1782173649837,2026-06-23T09:14:09.837,warning,breathing,lmh,lying_fast_breath,t001,"CSI_DATA,18973,1a:00:00:00:00:00,-61,11,-98,20,44,11,135674426,47,2,256,0,""[0,0,0,0,0,0,0,0,0,0,0,0,-23,35,-21,35,-25,33,-29,38,-31,35,-29,40,-27,40,-35,40,-33,48,-33,46,-33,52,-31,48,-33,57,-38,54,-44,57,-35,54,-35,69,-40,59,-40,59,-31,59,-31,61,-38,67,-33,63,-33,71,-35,71,-23,69,-31,69,-27,78,-27,71,-19,80,-19,67,-16,84,-10,78,-10,76,-4,80,2,78,0,71,12,78,6,80,21,76,23,80,23,76,21,78,27,78,23,71,33,69,35,73,44,69,40,71,46,80,48,73,52,69,57,78,46,73,65,78,63,73,61,69,0,0,0,0,0,0,69,-59,61,-63,52,-71,54,-61,50,-61,50,-59,48,-61,50,-67,44,-59,40,-61,33,-61,31,-59,31,-65,31,-63,25,-65,21,-63,21,-73,16,-67,21,-67,10,-65,6,-65,6,-65,2,-63,4,-63,0,-61,2,-69,-6,-61,-14,-69,-10,-67,-14,-65,-12,-61,-16,-67,-16,-65,-19,-67,-12,-59,-16,-69,-19,-63,-19,-61,-16,-71,-14,-61,-19,-57,-19,-59,-19,-65,-23,-61,-19,-59,-16,-54,-12,-57,-19,-54,-10,-54,-12,-50,-8,-52,-16,-46,-12,-44,-10,-46,-4,-46,-8,-42,-6,-42,0,0,0,0,0,0,0,0,0,0]"""
1782173649848,2026-06-23T09:14:09.848,warning,breathing,lmh,lying_fast_breath,t001,"CSI_DATA,18974,1a:00:00:00:00:00,-61,11,-98,14,45,11,135685426,47,2,256,0,""[0,0,0,0,0,0,0,0,0,0,0,0,42,-11,38,-11,40,-6,47,-8,47,-8,49,-8,49,-11,51,-11,58,-13,58,-4,64,-6,62,-8,64,-13,67,-13,67,-6,71,-11,71,-17,76,-8,67,-8,67,-13,69,-15,73,-20,78,-15,73,-20,78,-17,71,-24,78,-17,78,-22,76,-22,71,-33,69,-26,71,-31,69,-35,64,-35,64,-42,67,-44,60,-42,62,-51,64,-47,55,-53,55,-53,53,-62,58,-58,51,-67,49,-62,49,-67,49,-69,40,-73,42,-73,44,-80,40,-76,44,-80,47,-80,47,-78,40,-85,38,-85,31,-87,0,0,0,0,0,0,-87,-35,-82,-35,-78,-20,-80,-24,-85,-26,-71,-24,-78,-17,-76,-20,-69,-15,-71,-17,-71,-13,-69,-11,-76,-4,-67,-4,-71,-8,-67,-2,-73,2,-64,4,-64,2,-67,8,-67,15,-67,6,-55,13,-60,15,-62,13,-64,20,-64,20,-60,22,-60,22,-60,26,-62,22,-64,29,-62,24,-60,26,-60,26,-60,24,-60,31,-58,26,-58,26,-58,26,-58,26,-58,22,-60,22,-55,26,-55,20,-55,24,-53,20,-51,24,-51,13,-47,17,-51,13,-44,17,-44,13,-47,6,-40,4,-40,6,-42,0,0,0,0,0,0,0,0,0,0,0]"""
1782173649859,2026-06-23T09:14:09.859,warning,breathing,lmh,lying_fast_breath,t001,"CSI_DATA,18975,1a:00:00:00:00:00,-61,11,-98,18,44,11,135696426,47,2,256,0,""[0,0,0,0,0,0,0,0,0,0,0,0,-38,-20,-35,-22,-38,-24,-38,-26,-38,-29,-40,-24,-42,-26,-42,-29,-49,-35,-47,-35,-47,-35,-51,-35,-58,-38,-55,-42,-49,-47,-55,-44,-62,-42,-53,-49,-53,-44,-55,-42,-58,-44,-60,-47,-58,-44,-60,-42,-60,-51,-64,-40,-58,-47,-60,-42,-64,-44,-64,-40,-67,-40,-69,-42,-69,-40,-69,-38,-73,-38,-69,-29,-67,-26,-73,-20,-76,-24,-78,-20,-76,-22,-78,-13,-78,-17,-82,-13,-78,-13,-76,-4,-80,-6,-85,2,-80,-6,-91,-2,-89,4,-89,4,-96,-2,-89,-4,-96,4,-91,6,-89,13,0,0,0,0,0,0,-6,89,4,91,15,85,8,80,11,87,6,80,8,82,8,82,15,73,15,71,17,71,13,69,22,71,17,67,17,64,24,62,29,64,29,64,20,64,29,62,38,58,31,62,33,53,35,58,29,60,35,58,35,58,40,53,38,58,47,53,38,51,42,55,33,55,38,53,40,49,38,55,38,55,40,58,33,53,38,53,35,51,35,51,35,55,29,51,29,51,35,49,26,49,29,47,24,49,26,42,22,51,20,42,15,42,11,49,8,40,13,47,8,47,0,0,0,0,0,0,0,0,0,0]"""
1782173649869,2026-06-23T09:14:09.869,warning,breathing,lmh,lying_fast_breath,t001,"CSI_DATA,18976,1a:00:00:00:00:00,-61,11,-98,20,44,11,135707426,47,2,256,0,""[0,0,0,0,0,0,0,0,0,0,0,0,27,35,19,33,23,40,21,42,23,46,19,40,23,40,19,46,23,52,25,57,21,52,25,57,27,63,23,67,14,63,16,69,25,65,23,71,19,63,16,65,10,71,23,73,23,73,21,73,23,82,27,67,23,78,21,71,21,80,27,73,25,71,27,71,31,76,27,67,35,78,35,71,35,63,40,63,40,69,46,67,42,65,48,65,44,65,57,67,42,54,50,57,52,63,57,59,57,63,65,67,59,65,65,63,61,73,57,65,67,69,65,63,73,63,0,0,0,0,0,0,65,-57,76,-59,59,-59,63,-61,63,-61,59,-50,57,-59,59,-57,59,-59,50,-46,46,-50,44,-46,50,-54,48,-57,46,-50,38,-54,40,-63,44,-54,44,-50,40,-57,29,-59,40,-59,29,-52,35,-57,40,-59,33,-59,31,-59,27,-61,33,-61,27,-61,31,-59,31,-59,38,-59,29,-63,29,-57,33,-57,33,-61,33,-61,33,-59,35,-54,33,-57,33,-52,38,-57,38,-54,35,-48,33,-50,33,-42,35,-52,35,-33,40,-38,38,-33,29,-35,42,-33,42,-29,35,-23,35,-23,31,-19,0,0,0,0,0,0,0,0,0,0]"""
1782173649880,2026-06-23T09:14:09.880,warning,breathing,lmh,lying_fast_breath,t001,"CSI_DATA,18977,1a:00:00:00:00:00,-61,11,-98,17,44,11,135718653,47,2,256,0,""[0,0,0,0,0,0,0,0,0,0,0,0,25,29,18,36,23,41,20,46,18,39,18,43,20,46,18,46,18,55,20,52,18,55,20,55,27,66,25,66,11,64,16,66,20,71,13,73,18,69,6,73,6,78,16,71,13,73,20,73,13,80,20,73,11,73,13,78,13,76,20,76,13,71,20,82,20,76,20,73,25,76,25,76,23,66,34,69,29,71,39,71,32,73,34,69,32,78,41,73,36,71,39,71,41,71,43,69,41,73,41,78,50,73,52,71,39,80,41,82,48,85,52,85,46,78,0,0,0,0,0,0,85,-41,78,-39,73,-46,80,-43,71,-46,73,-36,76,-36,76,-41,66,-39,66,-34,64,-41,59,-36,59,-36,62,-39,57,-39,52,-41,59,-48,57,-43,57,-39,50,-41,48,-50,52,-39,50,-41,50,-41,52,-43,48,-41,48,-41,50,-48,50,-46,46,-48,50,-36,52,-43,52,-43,57,-48,46,-41,55,-43,52,-46,52,-43,55,-41,52,-36,48,-36,55,-39,57,-34,52,-36,57,-29,48,-32,52,-20,52,-27,52,-20,48,-20,48,-18,43,-13,43,-13,46,-9,50,-11,39,-6,43,2,0,0,0,0,0,0,0,0,0,0]"""
1782173649891,2026-06-23T09:14:09.891,warning,breathing,lmh,lying_fast_breath,t001,"CSI_DATA,18978,1a:00:00:00:00:00,-61,11,-98,19,44,11,135729426,47,2,256,0,""[0,0,0,0,0,0,0,0,0,0,0,0,-41,-10,-39,-13,-39,-17,-43,-21,-43,-19,-41,-23,-43,-21,-43,-23,-54,-26,-50,-26,-52,-30,-58,-28,-60,-23,-58,-26,-58,-36,-60,-32,-71,-23,-63,-36,-58,-34,-63,-30,-60,-34,-71,-34,-67,-34,-69,-32,-76,-34,-73,-23,-71,-30,-78,-30,-71,-26,-73,-23,-71,-19,-76,-19,-71,-15,-76,-19,-78,-17,-82,-8,-73,-4,-80,-2,-80,0,-80,8,-80,4,-78,15,-80,13,-87,17,-80,10,-80,17,-82,19,-80,19,-80,26,-87,26,-82,32,-80,39,-91,30,-82,30,-84,39,-84,36,-87,34,0,0,0,0,0,0,36,84,30,84,41,78,36,82,41,73,39,67,45,69,39,71,36,63,39,63,39,63,39,52,52,56,47,52,43,52,52,50,56,50,52,45,47,50,52,39,60,39,52,43,50,30,54,34,54,41,56,34,54,32,60,28,63,32,63,21,58,28,63,30,63,26,63,26,60,21,67,32,58,28,60,26,67,30,58,28,60,21,60,26,58,32,58,26,54,30,54,21,54,28,52,28,50,28,45,26,47,32,41,23,36,28,41,26,34,30,34,23,32,30,0,0,0,0,0,0,0,0,0,0]"""
1782173649902,2026-06-23T09:14:09.902,warning,breathing,lmh,lying_fast_breath,t001,"CSI_DATA,18979,1a:00:00:00:00:00,-61,11,-98,17,44,11,135740425,47,2,256,0,""[0,0,0,0,0,0,0,0,0,0,0,0,32,-23,34,-20,39,-20,48,-18,43,-16,46,-13,48,-13,43,-13,52,-13,59,-11,64,-9,59,-9,64,-11,69,-6,66,2,71,0,76,-4,73,6,76,9,69,9,73,18,76,6,71,16,78,13,82,18,71,9,73,18,80,18,76,20,80,16,71,20,80,23,76,20,78,20,76,18,76,13,69,18,80,13,78,20,80,16,78,23,76,6,80,16,78,16,78,18,80,16,82,18,80,13,80,20,87,25,89,23,85,20,89,34,85,34,94,25,96,29,85,34,0,0,0,0,0,0,48,-78,39,-73,39,-78,43,-71,41,-76,39,-71,41,-66,46,-71,41,-59,43,-59,41,-59,43,-52,41,-59,46,-52,46,-55,34,-55,41,-62,43,-52,41,-52,36,-55,34,-57,41,-52,39,-50,43,-52,46,-46,43,-52,39,-48,39,-55,46,-50,36,-52,43,-48,48,-48,46,-48,48,-50,43,-43,62,-43,57,-46,50,-39,59,-39,50,-29,48,-32,57,-32,59,-29,59,-29,62,-18,52,-20,52,-13,52,-16,52,-13,50,-6,50,-4,48,0,48,0,48,9,43,6,43,4,41,11,0,0,0,0,0,0,0,0,0,0]"""
1782173649931,2026-06-23T09:14:09.931,warning,breathing,lmh,lying_fast_breath,t001,"CSI_DATA,18980,1a:00:00:00:00:00,-61,11,-98,14,45,11,135767857,47,2,256,0,""[0,0,0,0,0,0,0,0,0,0,0,0,-8,-40,-8,-40,-4,-44,-2,-47,2,-44,2,-49,4,-51,6,-51,4,-60,8,-55,11,-60,11,-62,8,-64,15,-64,22,-64,22,-67,20,-71,29,-69,24,-64,29,-62,35,-67,31,-69,35,-69,29,-69,35,-71,31,-69,38,-67,42,-71,40,-69,33,-67,38,-64,35,-69,35,-69,33,-69,35,-73,38,-73,33,-69,29,-73,33,-71,29,-80,31,-71,24,-80,33,-78,29,-78,29,-71,26,-76,33,-80,26,-78,31,-80,31,-85,26,-78,31,-82,40,-82,44,-80,35,-89,35,-87,38,-85,0,0,0,0,0,0,-76,-51,-80,-51,-76,-40,-71,-47,-73,-44,-62,-47,-69,-40,-69,-47,-62,-42,-60,-42,-62,-42,-58,-42,-67,-42,-62,-38,-58,-42,-58,-35,-62,-33,-60,-35,-55,-40,-58,-33,-60,-31,-58,-40,-53,-31,-51,-33,-53,-38,-55,-35,-60,-38,-58,-29,-55,-33,-60,-29,-55,-35,-58,-40,-55,-40,-53,-38,-53,-40,-53,-44,-49,-42,-47,-40,-49,-44,-47,-47,-44,-47,-42,-51,-40,-49,-40,-49,-29,-49,-38,-51,-26,-51,-29,-49,-20,-51,-20,-44,-17,-49,-15,-47,-13,-44,-8,-47,-6,-42,-2,-44,4,-47,0,0,0,0,0,0,0,0,0,0]"""
1782173649940,2026-06-23T09:14:09.940,warning,breathing,lmh,lying_fast_breath,t001,"CSI_DATA,18981,1a:00:00:00:00:00,-61,11,-98,20,44,11,135767968,47,2,256,0,""[0,0,0,0,0,0,0,0,0,0,0,0,38,-14,38,-12,42,-12,48,-6,50,-6,46,0,50,-2,50,-2,61,-6,57,4,61,2,61,0,67,2,65,6,69,14,69,12,73,6,71,19,65,19,73,19,76,21,76,21,73,21,73,23,80,25,73,14,71,27,73,29,76,27,78,19,71,25,80,25,76,21,73,21,80,21,76,19,69,19,73,16,73,23,84,14,84,14,80,8,82,10,84,14,78,14,76,10,80,8,80,6,84,10,86,19,84,14,86,14,95,21,88,21,92,19,97,21,92,21,0,0,0,0,0,0,29,-88,38,-82,19,-84,21,-80,27,-84,25,-76,29,-78,27,-78,29,-69,29,-69,16,-67,23,-65,21,-73,27,-67,23,-65,12,-65,21,-67,19,-71,23,-63,16,-61,14,-69,23,-65,16,-59,21,-61,21,-65,21,-63,16,-63,14,-65,19,-67,12,-67,16,-63,23,-67,27,-67,19,-69,21,-61,25,-65,27,-63,27,-61,29,-61,33,-57,25,-57,33,-57,38,-54,38,-57,40,-48,33,-48,38,-44,35,-48,35,-33,40,-35,40,-33,35,-29,40,-31,42,-27,40,-21,40,-23,38,-12,0,0,0,0,0,0,0,0,0,0]"""
1782173649951,2026-06-23T09:14:09.951,warning,breathing,lmh,lying_fast_breath,t001,"CSI_DATA,18982,1a:00:00:00:00:00,-61,11,-98,19,44,11,135773425,47,2,256,0,""[0,0,0,0,0,0,0,0,0,0,0,0,21,32,17,32,26,36,23,43,21,45,17,41,19,47,21,45,30,52,28,54,23,54,26,56,28,58,30,58,21,65,28,65,36,58,28,69,28,63,26,69,23,76,28,69,36,71,32,69,36,78,39,67,32,69,34,67,36,76,41,65,41,63,43,69,50,65,47,63,52,63,52,63,52,54,58,54,54,56,67,52,63,52,65,43,60,47,73,45,63,43,71,39,69,41,78,34,76,34,82,39,82,39,82,32,80,41,82,41,87,41,82,32,91,36,0,0,0,0,0,0,41,-89,39,-84,26,-80,28,-80,30,-82,30,-76,23,-80,28,-82,21,-71,17,-69,13,-73,15,-71,6,-73,10,-71,8,-67,4,-69,2,-78,6,-71,6,-69,-2,-67,-13,-67,0,-69,-8,-60,-8,-63,-4,-65,-13,-63,-13,-65,-15,-60,-10,-69,-21,-65,-13,-65,-15,-65,-13,-71,-15,-65,-17,-65,-13,-67,-17,-71,-15,-69,-15,-63,-13,-63,-17,-60,-15,-58,-10,-63,-10,-63,-8,-60,-13,-60,-8,-50,-10,-56,-6,-54,-8,-50,-8,-50,-2,-47,0,-43,0,-43,4,-47,2,-43,8,-41,0,0,0,0,0,0,0,0,0,0]"""
1782173649962,2026-06-23T09:14:09.962,warning,breathing,lmh,lying_fast_breath,t001,"CSI_DATA,18983,1a:00:00:00:00:00,-61,11,-98,19,44,11,135784425,47,2,256,0,""[0,0,0,0,0,0,0,0,0,0,0,0,2,-41,4,-36,6,-43,10,-45,10,-47,15,-45,17,-47,15,-50,17,-54,19,-56,17,-56,19,-58,17,-65,19,-60,26,-60,23,-63,21,-69,30,-69,23,-65,23,-67,26,-65,30,-76,32,-69,28,-73,34,-73,26,-73,34,-71,30,-73,32,-76,23,-71,21,-67,23,-80,21,-80,19,-71,15,-82,17,-78,8,-73,6,-80,10,-80,2,-82,4,-78,0,-78,2,-82,-8,-87,0,-78,-6,-82,-4,-84,-8,-78,-6,-87,-6,-93,-13,-93,-13,-89,-8,-91,-6,-91,-15,-100,-17,-93,-15,-95,0,0,0,0,0,0,-93,6,-93,8,-89,21,-82,10,-84,15,-82,10,-82,17,-84,10,-80,13,-73,10,-69,13,-69,17,-69,21,-73,21,-71,17,-60,21,-69,28,-65,28,-65,19,-63,26,-58,34,-65,23,-56,28,-58,30,-63,30,-58,32,-58,32,-56,36,-58,32,-56,36,-56,34,-60,34,-60,34,-60,36,-54,30,-65,34,-63,30,-58,32,-60,32,-58,30,-54,30,-60,28,-63,28,-60,28,-58,23,-54,26,-54,15,-58,17,-50,10,-50,13,-47,8,-50,6,-45,10,-52,4,-41,4,-39,-2,-41,-6,0,0,0,0,0,0,0,0,0,0]"""
1782173649972,2026-06-23T09:14:09.972,warning,breathing,lmh,lying_fast_breath,t001,"CSI_DATA,18984,1a:00:00:00:00:00,-61,11,-98,18,44,11,135795535,47,2,256,0,""[0,0,0,0,0,0,0,0,0,0,0,0,20,-33,24,-33,24,-38,29,-33,31,-38,33,-35,33,-40,31,-40,35,-44,38,-49,35,-49,33,-49,35,-58,40,-58,38,-51,42,-55,35,-58,42,-60,38,-60,44,-62,42,-64,38,-64,38,-69,35,-69,38,-73,22,-71,33,-71,29,-71,31,-73,20,-78,20,-69,20,-80,11,-80,13,-73,4,-82,2,-80,-2,-76,-4,-78,-6,-80,-17,-85,-11,-78,-24,-80,-20,-76,-31,-80,-24,-71,-33,-76,-31,-78,-38,-69,-44,-73,-42,-85,-44,-76,-53,-71,-51,-78,-49,-78,-55,-78,-58,-71,-51,-73,0,0,0,0,0,0,-62,58,-71,62,-58,64,-55,58,-58,67,-53,58,-51,69,-51,67,-47,67,-44,58,-38,67,-29,60,-31,67,-29,64,-33,64,-20,67,-20,71,-20,64,-22,62,-15,67,-2,67,-8,67,-4,60,0,62,-2,64,2,67,2,71,11,69,2,73,15,69,8,62,13,67,15,71,13,67,15,64,11,69,17,67,17,64,20,69,15,64,15,58,15,67,17,67,17,60,15,58,17,58,11,55,20,55,11,49,13,51,8,49,8,47,11,47,6,47,4,42,6,40,-2,44,0,0,0,0,0,0,0,0,0,0]"""
1782173649985,2026-06-23T09:14:09.985,warning,breathing,lmh,lying_fast_breath,t001,"CSI_DATA,18985,1a:00:00:00:00:00,-61,11,-98,14,45,11,135809705,47,2,256,0,""[0,0,0,0,0,0,0,0,0,0,0,0,-35,-20,-35,-22,-33,-24,-35,-31,-35,-31,-35,-33,-33,-38,-31,-42,-40,-47,-35,-47,-33,-49,-35,-53,-38,-51,-33,-55,-26,-60,-31,-64,-35,-64,-29,-69,-26,-62,-24,-71,-22,-73,-22,-73,-20,-76,-22,-76,-20,-78,-20,-73,-11,-76,-13,-80,-11,-76,-20,-76,-8,-73,-17,-80,-15,-78,-15,-76,-15,-80,-15,-80,-15,-69,-17,-76,-17,-76,-20,-78,-17,-76,-24,-80,-17,-80,-22,-82,-17,-78,-17,-76,-17,-82,-17,-76,-20,-82,-17,-91,-17,-87,-17,-87,-8,-94,-4,-91,-13,-96,-13,-94,-11,-91,0,0,0,0,0,0,-91,-2,-87,-4,-87,-2,-85,-6,-82,-6,-80,-11,-78,-4,-85,-13,-76,-8,-71,-15,-69,-8,-69,-11,-76,-8,-67,-8,-69,-17,-64,-11,-69,-6,-67,-8,-64,-15,-67,-11,-67,-4,-67,-20,-60,-6,-60,-8,-62,-11,-64,-11,-64,-15,-67,-8,-64,-13,-64,-13,-62,-17,-67,-22,-62,-22,-67,-15,-58,-24,-64,-26,-60,-26,-58,-22,-60,-29,-55,-35,-53,-31,-53,-38,-53,-35,-51,-35,-44,-38,-44,-38,-40,-42,-40,-40,-31,-42,-31,-42,-22,-44,-24,-40,-24,-44,-15,-44,-15,-40,-11,-44,-2,-44,0,0,0,0,0,0,0,0,0,0]"""
1782173649995,2026-06-23T09:14:09.995,warning,breathing,lmh,lying_fast_breath,t001,"CSI_DATA,18986,1a:00:00:00:00:00,-61,11,-98,18,44,11,135817425,47,2,256,0,""[0,0,0,0,0,0,0,0,0,0,0,0,8,-38,11,-35,15,-42,20,-49,20,-47,22,-42,20,-44,24,-44,22,-51,24,-58,29,-53,29,-53,33,-60,31,-58,33,-55,33,-62,31,-62,38,-62,31,-60,44,-60,42,-67,38,-69,40,-69,38,-69,42,-69,33,-69,40,-69,38,-69,33,-71,26,-73,26,-67,29,-76,26,-78,26,-73,24,-78,17,-80,15,-71,15,-78,13,-73,6,-80,8,-78,4,-82,6,-80,-2,-87,4,-76,-4,-82,-4,-85,-13,-78,-8,-80,-6,-89,-8,-87,-8,-89,-6,-96,-6,-96,-15,-94,-17,-89,-17,-89,0,0,0,0,0,0,-89,13,-91,13,-89,15,-82,13,-82,15,-80,15,-78,17,-78,15,-76,17,-69,13,-69,24,-67,17,-67,24,-69,22,-67,20,-60,29,-67,33,-60,31,-58,29,-55,31,-55,40,-64,31,-55,35,-55,35,-55,35,-55,38,-53,38,-51,44,-58,40,-49,40,-51,35,-53,44,-55,42,-53,47,-49,42,-58,40,-51,44,-51,40,-55,42,-55,38,-49,38,-53,38,-55,35,-51,38,-51,33,-49,35,-49,24,-51,33,-49,24,-49,26,-44,20,-40,17,-44,22,-49,17,-44,11,-42,8,-47,2,0,0,0,0,0,0,0,0,0,0]"""
1782173650006,2026-06-23T09:14:10.006,warning,breathing,lmh,lying_fast_breath,t001,"CSI_DATA,18987,1a:00:00:00:00:00,-61,11,-98,18,44,11,135833550,47,2,256,0,""[0,0,0,0,0,0,0,0,0,0,0,0,33,-26,31,-20,38,-26,42,-24,40,-22,40,-26,40,-24,47,-26,51,-31,49,-35,53,-31,49,-33,55,-40,55,-40,60,-35,62,-33,60,-42,62,-38,58,-40,62,-44,62,-47,64,-42,60,-47,60,-49,67,-49,58,-49,60,-47,58,-53,62,-55,53,-60,51,-51,53,-62,51,-62,49,-60,44,-64,40,-69,33,-62,33,-71,35,-67,24,-80,26,-78,22,-76,24,-73,15,-87,15,-71,13,-76,15,-80,4,-85,8,-85,6,-91,2,-91,0,-85,2,-94,8,-91,-4,-96,-8,-96,-6,-87,0,0,0,0,0,0,-96,2,-94,11,-82,13,-85,8,-85,11,-76,8,-78,20,-85,22,-73,20,-71,17,-67,22,-69,20,-71,26,-64,31,-60,29,-53,31,-60,38,-62,40,-58,33,-53,38,-47,40,-53,40,-44,42,-51,40,-47,49,-49,47,-47,49,-44,53,-44,53,-40,55,-44,51,-44,55,-44,55,-35,58,-35,51,-42,58,-44,58,-38,55,-38,58,-40,53,-33,53,-38,53,-40,53,-38,55,-38,51,-33,49,-35,42,-33,51,-35,40,-29,40,-33,38,-29,40,-31,35,-31,33,-31,33,-26,31,-33,24,0,0,0,0,0,0,0,0,0,0]"""
1782173650017,2026-06-23T09:14:10.017,warning,breathing,lmh,lying_fast_breath,t001,"CSI_DATA,18988,1a:00:00:00:00:00,-61,11,-98,18,44,11,135839425,47,2,256,0,""[0,0,0,0,0,0,0,0,0,0,0,0,0,42,-2,38,-4,47,-2,47,-8,47,-4,47,-8,49,-8,53,-6,62,-6,60,-6,60,-4,60,-6,67,-4,71,-11,69,-6,67,0,69,-6,76,0,67,-8,73,-11,78,-2,76,-2,78,4,76,2,82,13,76,2,76,6,78,8,82,13,78,13,71,15,78,20,78,15,76,24,73,31,73,31,67,38,67,38,73,44,67,42,69,53,62,49,62,60,69,51,58,58,53,58,60,60,55,62,60,71,60,67,58,71,53,73,58,73,55,80,49,76,49,80,47,0,0,0,0,0,0,51,-85,44,-80,35,-76,35,-76,33,-80,35,-69,31,-76,29,-76,24,-76,24,-67,11,-73,17,-67,13,-73,13,-73,13,-67,6,-67,2,-71,2,-71,4,-67,-4,-67,-8,-67,-6,-69,-8,-55,-11,-62,-4,-64,-13,-64,-15,-67,-24,-60,-17,-67,-29,-60,-22,-60,-24,-62,-24,-67,-29,-62,-26,-60,-22,-62,-26,-64,-24,-62,-24,-64,-22,-64,-26,-55,-22,-58,-24,-60,-24,-58,-22,-60,-29,-51,-17,-53,-22,-55,-17,-47,-17,-51,-15,-49,-15,-44,-15,-42,-15,-49,-6,-44,-4,-44,-8,-44,0,0,0,0,0,0,0,0,0,0]"""
1782173650027,2026-06-23T09:14:10.027,warning,breathing,lmh,lying_fast_breath,t001,"CSI_DATA,18989,1a:00:00:00:00:00,-61,11,-98,14,45,11,135850425,47,2,256,0,""[0,0,0,0,0,0,0,0,0,0,0,0,29,-29,31,-26,35,-29,35,-29,40,-31,40,-26,44,-29,44,-29,47,-33,47,-33,51,-35,49,-35,49,-42,53,-40,58,-33,62,-38,58,-42,67,-38,55,-38,58,-38,58,-38,64,-44,69,-42,60,-47,64,-47,60,-49,67,-47,62,-47,62,-51,53,-51,58,-51,53,-53,55,-55,49,-55,49,-62,53,-64,44,-62,42,-69,42,-67,35,-73,38,-69,33,-78,35,-69,29,-82,31,-71,29,-73,29,-78,20,-76,22,-80,22,-89,20,-85,20,-87,24,-89,24,-89,17,-94,15,-89,15,-91,0,0,0,0,0,0,-89,-17,-91,-15,-85,-8,-85,-15,-87,-8,-76,-11,-82,-2,-80,-4,-80,-4,-71,-6,-73,-2,-71,0,-76,6,-73,6,-69,4,-67,11,-69,17,-69,15,-62,8,-67,15,-60,22,-69,15,-55,22,-60,20,-60,22,-60,24,-64,20,-55,31,-62,29,-58,35,-60,29,-62,29,-64,31,-55,33,-58,33,-60,31,-60,31,-55,31,-58,29,-62,26,-58,29,-60,24,-60,29,-58,29,-51,22,-55,24,-51,17,-53,24,-49,11,-49,15,-49,13,-44,15,-44,11,-42,11,-44,8,-40,4,-42,-2,0,0,0,0,0,0,0,0,0,0]"""
1782173650037,2026-06-23T09:14:10.037,warning,breathing,lmh,lying_fast_breath,t001,"CSI_DATA,18990,1a:00:00:00:00:00,-61,11,-98,13,45,11,135861425,47,2,256,0,""[0,0,0,0,0,0,0,0,0,0,0,0,6,-36,6,-36,11,-43,11,-48,13,-46,13,-48,6,-50,9,-52,11,-57,9,-57,6,-62,2,-62,6,-66,4,-66,11,-66,6,-66,-2,-71,2,-73,2,-71,0,-69,0,-71,4,-76,-9,-71,-9,-76,-9,-78,-16,-76,-13,-78,-18,-80,-16,-71,-25,-71,-25,-73,-27,-78,-29,-71,-34,-66,-41,-73,-41,-59,-46,-57,-59,-55,-57,-64,-71,-57,-73,-46,-71,-52,-85,-50,-66,-80,-25,-48,-66,0,-117,-41,-78,34,-94,-29,-78,-46,-87,71,-82,-9,-89,-25,0,25,-115,-16,-110,-9,-16,-59,0,0,0,0,0,0,-85,76,25,82,41,76,71,36,-2,89,-2,89,32,152,23,76,18,78,-6,27,-4,78,25,41,66,66,9,41,18,62,32,66,48,66,46,59,41,52,32,48,48,43,48,43,46,36,46,46,43,48,55,41,55,36,57,32,62,39,64,23,59,25,64,23,59,34,64,25,59,16,64,27,64,25,62,18,69,23,62,20,57,13,59,16,62,20,57,16,59,18,55,6,52,13,52,9,55,11,48,13,46,9,43,16,41,18,46,13,39,13,41,9,39,18,0,0,0,0,0,0,0,0,0,0]"""
1782173650047,2026-06-23T09:14:10.047,warning,breathing,lmh,lying_fast_breath,t001,"CSI_DATA,18991,1a:00:00:00:00:00,-61,11,-98,18,44,11,135872425,47,2,256,0,""[0,0,0,0,0,0,0,0,0,0,0,0,33,24,33,29,35,26,33,35,33,35,26,38,31,40,29,42,38,47,33,51,31,49,33,49,40,53,38,58,33,60,35,60,42,62,31,64,26,60,38,64,33,64,35,71,29,71,38,71,38,71,33,64,31,76,33,71,33,71,35,71,31,67,38,71,35,69,35,71,44,69,47,69,38,62,51,60,51,64,53,62,49,64,58,58,49,60,58,67,51,58,55,55,55,60,60,62,64,64,64,69,60,64,67,64,67,71,55,62,71,67,64,67,64,64,0,0,0,0,0,0,69,-60,73,-62,58,-64,62,-53,62,-58,60,-49,64,-58,60,-55,60,-53,60,-47,49,-49,51,-49,47,-53,53,-53,47,-44,44,-51,44,-58,47,-53,49,-47,42,-55,40,-60,44,-51,33,-47,38,-49,42,-53,42,-53,40,-49,35,-60,44,-55,38,-55,38,-55,38,-55,42,-58,38,-60,40,-51,42,-55,44,-53,44,-49,44,-58,47,-44,42,-49,44,-44,49,-47,47,-47,47,-42,42,-38,44,-33,49,-38,42,-24,40,-29,44,-22,40,-22,44,-22,44,-15,42,-15,42,-13,42,-8,0,0,0,0,0,0,0,0,0,0]"""
1782173650061,2026-06-23T09:14:10.061,warning,breathing,lmh,lying_fast_breath,t001,"CSI_DATA,18992,1a:00:00:00:00:00,-59,11,-98,-2,40,11,135883425,47,2,256,0,""[0,0,0,0,0,0,0,0,0,0,0,0,-6,246,302,-246,-119,-100,-12,-321,31,-220,31,-75,-44,-31,37,-6,-44,-44,50,-119,18,-18,37,-145,37,-145,-113,-44,69,-107,-12,-44,-100,-12,-56,-25,-25,-37,94,-100,100,-69,12,-88,25,-50,50,-82,25,-69,12,-63,31,-69,31,-63,44,-75,18,-88,44,-63,44,-75,25,-63,31,-69,37,-63,25,-82,44,-63,31,-75,31,-69,18,-94,18,-88,25,-82,25,-82,12,-75,18,-63,18,-75,31,-75,6,-82,25,-63,12,-56,6,-69,0,-88,37,-56,44,-75,37,-63,37,-113,12,-107,0,0,0,0,0,0,-75,-63,-100,-44,-94,6,-69,-56,-75,-44,-82,-18,-69,-31,-82,-18,-69,-31,-69,-37,-56,-31,-69,-31,-63,-31,-75,-18,-56,-25,-63,-18,-63,-18,-50,-31,-63,-31,-69,-18,-63,-18,-69,-31,-69,-18,-50,-25,-63,-25,-63,-25,-56,-12,-63,-12,-63,-25,-63,-18,-63,-31,-63,-37,-56,-25,-56,-18,-63,-25,-69,-25,-63,-37,-56,-25,-63,-37,-44,-37,-56,-31,-56,-25,-50,-31,-50,-31,-44,-37,-50,-37,-50,-37,-44,-44,-31,-37,-25,-37,-37,-44,-25,-37,-31,-31,-25,-44,-18,-44,-18,-56,-18,-37,0,0,0,0,0,0,0,0,0,0]"""
1782173650070,2026-06-23T09:14:10.070,warning,breathing,lmh,lying_fast_breath,t001,"CSI_DATA,18993,1a:00:00:00:00:00,-61,11,-98,22,43,11,135895245,47,2,256,0,""[0,0,0,0,0,0,0,0,0,0,0,0,-38,-4,-40,-6,-44,-6,-49,-11,-44,-11,-49,-11,-51,-11,-47,-11,-60,-11,-55,-13,-62,-11,-62,-8,-67,-6,-69,-11,-69,-17,-67,-13,-78,-11,-73,-15,-67,-8,-71,-15,-78,-13,-78,-11,-76,-6,-78,-4,-78,-4,-76,2,-78,-2,-87,0,-76,-2,-80,8,-71,0,-89,6,-80,11,-78,15,-76,22,-73,24,-69,26,-69,31,-67,31,-67,40,-76,38,-69,44,-69,47,-71,51,-64,51,-67,55,-64,58,-60,55,-58,62,-58,64,-58,67,-58,69,-64,76,-60,67,-55,76,-55,82,-53,73,0,0,0,0,0,0,78,58,82,47,85,38,76,47,76,35,73,38,69,35,82,38,67,31,76,31,69,22,62,22,73,17,64,17,73,11,69,2,73,4,67,4,69,8,69,2,76,-6,69,0,64,-8,64,-6,69,-2,67,-8,67,-11,64,-17,64,-15,60,-26,60,-20,69,-24,67,-20,62,-26,58,-24,64,-22,69,-26,60,-26,67,-29,62,-20,60,-22,62,-26,62,-22,58,-24,58,-17,53,-24,55,-15,51,-20,55,-13,49,-15,49,-15,47,-17,42,-8,47,-11,40,-6,42,-11,40,-4,0,0,0,0,0,0,0,0,0,0]"""
1782173650081,2026-06-23T09:14:10.081,warning,breathing,lmh,lying_fast_breath,t001,"CSI_DATA,18994,1a:00:00:00:00:00,-61,11,-98,17,44,11,135912610,47,2,256,0,""[0,0,0,0,0,0,0,0,0,0,0,0,-9,-41,-2,-41,0,-43,-4,-48,-2,-50,-2,-46,0,-48,0,-50,-4,-59,-2,-57,-4,-59,-6,-62,-6,-69,-6,-69,-2,-69,-9,-66,-9,-71,-9,-69,-9,-69,-4,-73,-2,-78,-11,-76,-13,-76,-16,-76,-13,-85,-18,-71,-18,-76,-23,-76,-23,-76,-32,-71,-25,-69,-29,-76,-32,-73,-34,-66,-43,-66,-46,-62,-43,-59,-48,-55,-52,-62,-59,-57,-52,-55,-66,-43,-62,-50,-71,-46,-62,-43,-71,-41,-71,-46,-73,-39,-76,-39,-82,-41,-82,-39,-80,-32,-89,-36,-82,-39,-92,-34,-92,-25,-89,-27,0,0,0,0,0,0,-29,89,-23,87,-16,87,-18,82,-11,82,-11,80,-6,78,-9,85,-11,73,-9,73,0,73,0,69,6,78,4,69,6,71,16,66,20,73,16,73,13,69,25,64,29,59,23,66,27,59,27,59,27,59,34,62,34,59,36,52,36,64,39,52,39,55,48,59,46,57,48,50,43,50,43,55,43,52,46,50,46,55,46,50,41,50,41,48,41,50,48,46,39,48,43,46,39,46,43,43,29,41,34,36,27,39,27,39,27,43,27,39,23,41,25,36,20,36,0,0,0,0,0,0,0,0,0,0]"""
1782173650092,2026-06-23T09:14:10.092,warning,breathing,lmh,lying_fast_breath,t001,"CSI_DATA,18995,1a:00:00:00:00:00,-61,11,-98,22,43,11,135918400,47,2,256,0,""[0,0,0,0,0,0,0,0,0,0,0,0,-40,15,-38,13,-42,13,-44,13,-42,15,-42,11,-53,13,-51,15,-58,17,-55,17,-58,22,-55,22,-60,29,-60,26,-67,20,-64,24,-67,31,-73,24,-69,26,-71,26,-73,20,-71,31,-69,33,-69,42,-69,42,-62,47,-69,38,-69,44,-67,40,-64,49,-64,42,-67,53,-62,51,-53,53,-55,55,-53,60,-49,58,-42,69,-42,69,-38,78,-35,76,-31,78,-33,76,-29,80,-33,76,-24,76,-22,82,-15,82,-20,82,-17,91,-11,91,-6,87,-13,91,-15,89,-6,100,0,96,-6,96,0,0,0,0,0,0,96,-2,96,-2,94,-13,89,-4,80,-11,76,-6,80,-13,80,-17,76,-15,78,-15,73,-17,67,-20,76,-26,69,-31,67,-29,60,-31,60,-38,58,-38,62,-31,58,-38,49,-47,58,-38,49,-44,51,-42,53,-44,49,-47,47,-49,42,-55,44,-55,35,-58,44,-53,42,-55,44,-55,40,-62,35,-55,44,-60,38,-53,35,-60,35,-62,40,-53,31,-51,35,-58,33,-58,31,-55,33,-51,26,-51,35,-44,33,-49,33,-49,29,-40,31,-38,26,-40,31,-38,31,-38,26,-31,29,-31,29,-26,0,0,0,0,0,0,0,0,0,0]"""
1782173650103,2026-06-23T09:14:10.103,warning,breathing,lmh,lying_fast_breath,t001,"CSI_DATA,18996,1a:00:00:00:00:00,-61,11,-98,17,44,11,135928090,47,2,256,0,""[0,0,0,0,0,0,0,0,0,0,0,0,41,-2,41,0,41,-2,50,2,50,2,50,4,55,0,48,4,59,2,57,4,59,4,62,2,66,-4,66,0,71,2,69,0,76,-6,71,4,69,-2,71,-6,69,-4,80,-6,76,-4,76,-11,80,-6,73,-18,76,-11,85,-16,71,-16,71,-29,73,-20,78,-27,73,-32,71,-34,69,-39,69,-41,59,-41,62,-43,64,-46,59,-59,62,-52,52,-64,57,-59,52,-69,52,-64,46,-66,46,-69,39,-69,41,-71,43,-78,34,-80,41,-80,46,-85,41,-82,32,-89,25,-92,29,-89,0,0,0,0,0,0,-87,-32,-94,-25,-87,-13,-92,-13,-82,-11,-78,-16,-80,-9,-82,-11,-73,-9,-76,-4,-76,-2,-66,-2,-80,9,-76,4,-69,4,-69,9,-73,16,-71,16,-66,13,-66,18,-64,27,-66,23,-52,27,-59,27,-59,29,-59,34,-64,34,-57,36,-57,39,-50,43,-55,39,-57,46,-52,43,-48,43,-48,43,-52,46,-50,48,-46,46,-48,48,-48,46,-46,43,-48,46,-50,43,-43,46,-48,41,-43,43,-43,36,-41,41,-39,32,-41,32,-41,32,-36,29,-36,32,-41,27,-36,23,-39,25,-43,23,0,0,0,0,0,0,0,0,0,0]"""
1782173650113,2026-06-23T09:14:10.113,warning,breathing,lmh,lying_fast_breath,t001,"CSI_DATA,18997,1a:00:00:00:00:00,-61,11,-98,18,44,11,135939363,47,2,256,0,""[0,0,0,0,0,0,0,0,0,0,0,0,4,40,-2,42,-2,44,-2,51,-6,44,-2,51,-4,51,-6,51,-2,58,-4,60,-2,64,2,64,2,69,4,69,-4,69,2,69,0,73,0,71,-4,71,4,73,2,73,2,78,6,71,8,76,4,82,13,76,6,73,13,82,11,76,20,76,17,71,24,82,24,78,24,73,29,76,35,73,38,67,42,64,42,69,47,62,49,69,55,53,53,62,60,60,58,58,55,51,55,55,60,47,69,55,71,51,76,53,78,49,78,55,78,49,85,49,85,49,85,44,0,0,0,0,0,0,51,-82,44,-85,38,-87,29,-76,31,-80,31,-76,26,-73,29,-82,24,-73,24,-71,20,-71,15,-64,11,-78,15,-73,8,-71,2,-69,0,-71,4,-69,4,-67,-4,-64,-11,-69,-2,-69,-13,-62,-11,-67,-8,-69,-15,-67,-15,-62,-24,-67,-22,-69,-29,-60,-24,-60,-24,-67,-29,-62,-31,-60,-26,-53,-24,-69,-26,-67,-26,-64,-26,-62,-22,-58,-24,-55,-29,-62,-26,-62,-29,-58,-26,-62,-24,-55,-20,-53,-24,-49,-17,-49,-15,-47,-15,-49,-13,-47,-17,-47,-8,-47,-13,-44,-8,-40,-4,-40,0,0,0,0,0,0,0,0,0,0]"""
1782173650123,2026-06-23T09:14:10.123,warning,breathing,lmh,lying_fast_breath,t001,"CSI_DATA,18998,1a:00:00:00:00:00,-61,11,-98,13,45,11,135951207,47,2,256,0,""[0,0,0,0,0,0,0,0,0,0,0,0,-6,41,-11,43,-11,43,-16,43,-18,43,-18,46,-20,52,-23,52,-23,57,-25,55,-27,57,-29,55,-27,62,-32,57,-39,52,-36,62,-39,64,-46,62,-41,57,-46,55,-48,55,-46,64,-50,64,-46,64,-48,66,-43,66,-52,62,-50,62,-52,59,-48,64,-46,62,-50,66,-43,64,-41,59,-43,71,-41,71,-36,64,-36,73,-36,71,-32,76,-32,71,-29,76,-32,73,-29,80,-34,73,-32,78,-32,78,-25,78,-29,80,-27,82,-27,85,-29,85,-36,87,-39,87,-29,92,-27,92,-29,87,0,0,0,0,0,0,85,41,80,41,85,32,78,34,78,32,73,36,73,34,76,36,71,29,69,34,66,29,62,27,73,25,69,23,69,27,69,18,71,16,66,20,57,20,64,16,69,11,69,18,55,9,64,16,62,13,64,16,66,16,69,11,64,11,69,6,66,13,71,16,64,13,66,13,66,13,69,20,66,18,62,18,64,20,62,25,62,20,62,25,59,25,59,25,55,29,55,27,48,34,48,25,46,32,46,29,41,32,36,29,32,29,34,32,29,34,25,34,23,32,0,0,0,0,0,0,0,0,0,0]"""
1782173650133,2026-06-23T09:14:10.133,warning,breathing,lmh,lying_fast_breath,t001,"CSI_DATA,18999,1a:00:00:00:00:00,-61,11,-98,20,44,11,135962229,47,2,256,0,""[0,0,0,0,0,0,0,0,0,0,0,0,-4,-40,2,-44,-2,-44,4,-50,2,-50,6,-48,4,-54,6,-50,6,-57,6,-57,2,-63,2,-61,0,-69,4,-69,8,-67,4,-65,0,-73,8,-69,4,-71,4,-73,0,-73,6,-78,2,-76,-2,-80,2,-84,-8,-73,0,-78,-6,-80,-4,-78,-12,-78,-10,-73,-12,-82,-16,-78,-14,-76,-23,-80,-23,-76,-23,-71,-38,-69,-35,-73,-44,-73,-38,-69,-50,-65,-46,-69,-57,-71,-46,-63,-50,-63,-50,-65,-61,-59,-61,-67,-63,-67,-67,-63,-71,-59,-69,-63,-65,-65,-76,-59,-78,-57,-69,-61,0,0,0,0,0,0,-61,76,-54,71,-42,80,-52,73,-44,73,-44,67,-42,73,-42,80,-33,67,-33,67,-29,67,-27,63,-23,69,-29,67,-23,69,-14,65,-14,73,-12,71,-16,67,-8,67,-2,69,-10,69,-4,65,-6,65,-2,67,-6,69,2,67,8,69,6,71,12,67,12,65,8,69,8,69,12,67,10,67,6,73,10,71,10,67,8,73,6,65,8,61,10,65,10,69,12,67,4,65,10,59,4,59,10,61,4,52,2,52,2,50,0,48,-6,46,-6,48,-2,46,-4,42,-6,44,0,0,0,0,0,0,0,0,0,0]"""
1782173650144,2026-06-23T09:14:10.144,warning,breathing,lmh,lying_fast_breath,t001,"CSI_DATA,19000,1a:00:00:00:00:00,-61,11,-98,18,44,11,135973827,47,2,256,0,""[0,0,0,0,0,0,0,0,0,0,0,0,38,-22,38,-22,38,-24,44,-20,47,-22,40,-20,44,-22,49,-20,51,-24,55,-26,51,-26,53,-33,58,-33,58,-33,58,-26,67,-31,60,-38,67,-29,58,-29,67,-35,71,-40,71,-38,64,-38,64,-44,69,-44,64,-42,67,-38,69,-42,67,-47,58,-49,58,-49,62,-53,55,-55,58,-55,53,-60,51,-60,44,-62,40,-69,44,-64,33,-73,40,-71,29,-76,33,-71,26,-87,26,-71,22,-76,26,-85,17,-78,17,-87,20,-91,11,-91,11,-91,15,-96,20,-96,6,-98,8,-98,4,-91,0,0,0,0,0,0,-87,-11,-96,-11,-82,6,-89,0,-87,4,-78,0,-85,8,-82,6,-76,6,-76,4,-73,13,-69,8,-73,17,-71,20,-71,17,-67,24,-71,29,-67,31,-64,22,-60,29,-53,35,-60,33,-49,31,-53,35,-60,35,-58,38,-53,38,-49,42,-53,49,-44,49,-49,42,-51,44,-51,47,-44,49,-44,49,-53,47,-44,49,-47,44,-53,49,-47,44,-42,44,-47,47,-51,44,-47,42,-47,42,-42,44,-42,38,-42,42,-42,29,-40,33,-44,29,-40,31,-40,29,-42,31,-38,24,-40,22,-42,20,0,0,0,0,0,0,0,0,0,0]"""
1782173650154,2026-06-23T09:14:10.154,warning,breathing,lmh,lying_fast_breath,t001,"CSI_DATA,19001,1a:00:00:00:00:00,-61,11,-98,14,45,11,135982570,47,2,256,0,""[0,0,0,0,0,0,0,0,0,0,0,0,-38,20,-38,13,-42,15,-44,13,-49,13,-49,13,-49,13,-55,13,-58,15,-58,11,-60,11,-60,17,-62,20,-64,15,-67,6,-73,8,-71,15,-76,8,-71,6,-71,6,-71,2,-76,6,-82,11,-78,11,-85,13,-76,17,-80,8,-78,13,-82,8,-73,15,-73,17,-78,17,-80,20,-73,20,-76,24,-76,31,-69,29,-76,33,-71,33,-69,38,-71,35,-71,44,-73,40,-69,47,-69,44,-71,51,-73,49,-64,51,-67,49,-71,53,-69,58,-69,60,-80,55,-76,58,-76,60,-69,60,-71,58,0,0,0,0,0,0,53,73,53,73,60,67,53,71,55,62,49,64,53,62,53,62,51,58,53,60,55,55,49,51,53,51,53,47,55,51,55,42,60,42,51,40,51,44,58,40,60,38,58,42,51,33,55,38,55,38,58,33,60,35,62,29,60,33,64,24,60,29,62,29,60,33,60,29,60,26,60,38,62,35,55,31,60,35,53,35,55,31,60,33,47,40,51,31,44,35,49,35,47,38,47,35,42,35,44,33,40,38,33,29,29,33,29,35,26,38,26,31,22,35,0,0,0,0,0,0,0,0,0,0]"""
1782173650165,2026-06-23T09:14:10.165,warning,breathing,lmh,lying_fast_breath,t001,"CSI_DATA,19002,1a:00:00:00:00:00,-61,11,-98,14,45,11,135993576,47,2,256,0,""[0,0,0,0,0,0,0,0,0,0,0,0,22,35,20,35,22,42,20,44,22,47,22,42,24,47,22,49,26,53,24,53,29,55,31,53,33,58,33,60,26,64,33,62,42,60,38,64,35,60,38,69,40,71,40,64,44,64,49,60,49,67,51,53,49,60,55,62,49,60,58,53,55,47,64,55,60,51,60,47,69,44,71,38,67,33,76,31,73,33,78,24,78,26,80,13,80,17,82,13,80,11,87,4,85,6,82,-2,82,2,91,0,91,-4,89,-8,94,-6,94,-8,96,-13,96,-20,91,-20,0,0,0,0,0,0,-15,-89,-20,-87,-26,-85,-29,-82,-33,-82,-24,-76,-29,-76,-31,-80,-33,-69,-33,-69,-40,-62,-40,-58,-42,-62,-38,-58,-42,-55,-47,-47,-51,-51,-49,-51,-44,-49,-51,-40,-58,-33,-53,-40,-51,-31,-53,-38,-55,-42,-55,-33,-60,-31,-62,-24,-62,-31,-67,-15,-60,-22,-64,-20,-64,-24,-64,-17,-64,-15,-67,-24,-64,-22,-62,-20,-67,-20,-62,-15,-64,-13,-64,-13,-60,-20,-60,-15,-58,-17,-60,-13,-53,-13,-55,-13,-49,-15,-49,-13,-49,-13,-44,-13,-42,-13,-42,-20,-42,-17,-38,-15,-38,-20,0,0,0,0,0,0,0,0,0,0]"""
1782173650175,2026-06-23T09:14:10.175,warning,breathing,lmh,lying_fast_breath,t001,"CSI_DATA,19003,1a:00:00:00:00:00,-61,11,-98,17,44,11,136004424,47,2,256,0,""[0,0,0,0,0,0,0,0,0,0,0,0,39,-13,41,-11,43,-6,46,-6,46,-2,50,0,55,-4,50,4,57,0,55,6,62,6,59,4,66,6,71,9,64,18,69,18,71,13,71,18,69,20,76,25,73,27,69,25,76,23,76,27,73,34,73,25,69,29,73,32,71,32,78,27,71,25,78,34,76,32,71,29,76,27,73,23,69,23,76,20,78,27,80,20,71,27,78,16,80,23,85,18,76,20,78,16,85,18,85,11,85,18,89,25,89,20,85,20,85,27,92,36,94,27,92,32,82,25,0,0,0,0,0,0,36,-82,36,-85,27,-87,32,-80,34,-76,34,-71,39,-78,39,-73,34,-69,32,-64,32,-69,32,-66,32,-66,36,-69,34,-66,25,-64,25,-66,29,-62,34,-59,25,-62,20,-66,27,-59,20,-62,27,-59,34,-57,27,-62,25,-57,18,-62,27,-66,20,-66,29,-57,29,-62,32,-62,29,-69,29,-59,36,-59,36,-59,36,-55,39,-55,39,-55,34,-48,39,-52,43,-52,41,-46,46,-41,41,-39,46,-36,43,-39,41,-32,43,-36,41,-25,43,-25,43,-23,48,-16,46,-13,43,-11,39,-4,0,0,0,0,0,0,0,0,0,0]"""
1782173650188,2026-06-23T09:14:10.188,warning,breathing,lmh,lying_fast_breath,t001,"CSI_DATA,19004,1a:00:00:00:00:00,-61,11,-98,13,45,11,136015539,47,2,256,0,""[0,0,0,0,0,0,0,0,0,0,0,0,39,-18,39,-16,41,-16,48,-13,46,-13,50,-11,50,-11,52,-11,59,-18,57,-11,62,-13,62,-16,66,-18,66,-16,69,-9,71,-13,76,-20,76,-11,69,-9,69,-13,69,-13,76,-13,76,-13,78,-13,82,-16,73,-20,76,-16,82,-18,78,-16,73,-25,73,-20,76,-27,73,-29,71,-27,73,-32,76,-39,69,-34,71,-41,66,-41,64,-46,66,-46,64,-55,66,-50,62,-57,62,-52,59,-57,64,-57,57,-62,57,-62,64,-64,59,-62,62,-69,71,-66,66,-66,62,-73,57,-73,62,-73,0,0,0,0,0,0,-71,-62,-66,-59,-71,-50,-66,-52,-66,-52,-62,-52,-64,-46,-64,-50,-64,-43,-59,-46,-62,-36,-62,-39,-66,-36,-64,-36,-62,-36,-64,-29,-66,-25,-64,-27,-59,-27,-64,-23,-66,-16,-62,-23,-57,-13,-59,-16,-62,-18,-64,-13,-64,-16,-66,-6,-66,-13,-69,-4,-64,-11,-71,-11,-69,-11,-69,-6,-66,-9,-66,-13,-66,-6,-62,-11,-66,-13,-69,-13,-62,-11,-64,-16,-59,-18,-59,-13,-55,-20,-59,-13,-57,-16,-55,-18,-50,-18,-48,-16,-46,-20,-43,-16,-41,-20,-43,-25,-36,-20,-36,-20,-32,-27,0,0,0,0,0,0,0,0,0,0]"""
1782173650196,2026-06-23T09:14:10.196,warning,breathing,lmh,lying_fast_breath,t001,"CSI_DATA,19005,1a:00:00:00:00:00,-61,11,-98,13,45,11,136027058,47,2,256,0,""[0,0,0,0,0,0,0,0,0,0,0,0,32,29,27,29,29,34,29,39,27,39,23,46,25,41,23,48,27,50,23,52,18,57,23,59,23,62,23,64,13,64,16,73,20,71,11,78,11,69,9,69,0,73,6,78,2,80,4,80,2,82,4,80,-4,80,-6,78,-6,80,-2,76,-4,78,-4,80,-2,80,-4,76,0,82,2,82,-2,78,0,80,-2,80,6,80,2,80,6,82,0,80,6,85,0,82,4,82,0,85,2,85,2,85,0,92,2,87,-4,89,-13,94,-16,89,-6,99,-9,92,-6,96,0,0,0,0,0,0,92,25,87,23,85,18,85,29,80,25,73,29,76,23,78,23,73,27,66,27,66,25,66,25,73,23,69,20,66,27,62,23,71,18,64,20,64,29,69,25,66,20,64,25,59,23,59,23,59,25,64,23,64,27,64,20,62,29,64,25,59,29,59,32,62,32,62,27,55,36,55,36,59,34,55,36,55,41,50,43,48,43,43,46,43,48,43,46,36,46,41,48,34,48,32,48,25,48,23,48,20,48,16,43,16,48,11,48,6,43,2,46,-2,43,0,0,0,0,0,0,0,0,0,0]"""
1782173650206,2026-06-23T09:14:10.206,warning,breathing,lmh,lying_fast_breath,t001,"CSI_DATA,19006,1a:00:00:00:00:00,-61,11,-98,19,44,11,136040621,47,2,256,0,""[0,0,0,0,0,0,0,0,0,0,0,0,39,-15,41,-13,43,-8,47,-8,50,-6,47,-6,50,-2,54,0,58,0,60,2,60,4,60,0,67,6,69,6,67,17,69,15,76,10,71,21,69,23,67,28,76,34,69,30,69,30,73,28,73,34,71,26,71,32,71,36,73,39,73,34,67,34,73,41,73,36,71,36,76,34,71,32,67,28,76,28,78,32,78,32,76,32,78,26,76,30,84,32,73,28,78,30,78,30,76,26,80,34,84,36,80,34,80,34,84,39,82,39,91,43,89,39,82,41,0,0,0,0,0,0,58,-78,52,-71,50,-78,50,-71,50,-69,52,-63,54,-65,58,-67,50,-58,52,-56,47,-58,43,-54,47,-65,47,-58,47,-54,41,-54,43,-60,45,-56,47,-52,39,-52,39,-56,47,-52,36,-52,45,-52,47,-50,43,-52,45,-54,41,-56,47,-56,39,-50,45,-47,45,-52,52,-50,50,-50,45,-45,58,-47,56,-43,56,-41,56,-41,56,-36,52,-34,56,-32,60,-30,56,-32,58,-21,54,-28,54,-15,60,-19,56,-10,52,-13,56,-6,47,-6,52,-4,50,0,47,0,43,8,43,13,0,0,0,0,0,0,0,0,0,0]"""
1782173650217,2026-06-23T09:14:10.217,warning,breathing,lmh,lying_fast_breath,t001,"CSI_DATA,19007,1a:00:00:00:00:00,-61,11,-98,18,44,11,136050675,47,2,256,0,""[0,0,0,0,0,0,0,0,0,0,0,0,38,-20,40,-15,40,-17,47,-17,42,-15,51,-15,49,-17,49,-17,53,-20,55,-22,60,-17,58,-24,58,-26,60,-26,62,-20,67,-22,67,-31,69,-22,67,-26,64,-26,67,-20,71,-31,71,-24,73,-40,78,-31,69,-38,71,-31,78,-38,67,-35,69,-49,60,-40,71,-49,64,-51,58,-47,60,-58,58,-55,53,-51,51,-58,51,-58,47,-62,47,-67,35,-69,47,-71,35,-76,42,-67,26,-76,35,-76,26,-80,26,-82,33,-85,26,-87,26,-85,35,-89,26,-89,20,-91,22,-96,17,-94,0,0,0,0,0,0,-94,-24,-87,-20,-94,-11,-82,-17,-80,-13,-80,-11,-76,-2,-87,-6,-73,-4,-80,-6,-73,0,-69,2,-73,8,-73,0,-76,4,-69,13,-76,15,-69,15,-67,13,-67,17,-64,26,-64,17,-62,26,-62,26,-62,26,-64,26,-58,26,-60,33,-64,29,-55,42,-55,31,-62,35,-51,29,-55,42,-55,35,-62,38,-58,40,-51,38,-60,40,-58,33,-51,31,-53,35,-55,33,-53,35,-53,31,-44,33,-53,26,-49,29,-47,22,-47,24,-47,20,-42,20,-44,20,-44,15,-42,13,-40,15,-42,8,0,0,0,0,0,0,0,0,0,0]"""
1782173650228,2026-06-23T09:14:10.228,warning,breathing,lmh,lying_fast_breath,t001,"CSI_DATA,19008,1a:00:00:00:00:00,-61,11,-98,22,43,11,136059423,47,2,256,0,""[0,0,0,0,0,0,0,0,0,0,0,0,-35,24,-38,20,-42,20,-40,15,-47,20,-44,17,-51,17,-49,20,-58,24,-53,17,-60,20,-58,22,-62,24,-67,26,-64,15,-71,17,-73,24,-71,22,-64,20,-73,22,-73,15,-78,20,-76,15,-73,17,-85,22,-71,24,-78,15,-80,20,-73,22,-73,26,-73,24,-78,26,-73,29,-71,24,-73,33,-73,38,-69,33,-69,40,-69,38,-69,49,-67,40,-64,53,-71,47,-67,55,-64,51,-62,51,-67,53,-62,53,-62,58,-73,62,-62,62,-58,67,-67,64,-71,64,-67,71,-62,67,-69,73,0,0,0,0,0,0,62,64,62,69,62,62,58,60,67,60,55,60,62,60,60,58,55,53,58,49,53,49,53,47,55,49,55,47,58,42,64,40,67,40,62,35,55,40,58,33,60,29,58,40,58,26,58,29,58,31,60,31,62,26,62,24,67,29,64,17,67,22,64,26,62,24,62,24,60,24,64,31,64,29,62,26,67,31,60,38,58,29,58,31,58,29,58,29,51,35,55,31,49,31,53,35,40,31,44,33,40,33,35,29,35,33,38,38,29,31,29,33,24,38,0,0,0,0,0,0,0,0,0,0]"""
1782173650238,2026-06-23T09:14:10.238,warning,breathing,lmh,lying_fast_breath,t001,"CSI_DATA,19009,1a:00:00:00:00:00,-61,11,-98,18,44,11,136070423,47,2,256,0,""[0,0,0,0,0,0,0,0,0,0,0,0,4,40,4,40,2,44,0,47,0,47,0,47,2,53,-2,51,4,60,2,62,2,62,4,60,11,69,6,67,0,67,6,73,11,71,8,76,4,69,11,78,15,76,13,73,20,76,17,78,15,80,26,71,22,73,22,78,24,80,31,73,31,71,35,76,38,71,40,67,44,67,47,62,47,60,58,55,55,60,60,55,58,55,67,47,64,51,73,51,67,42,73,38,73,38,78,31,80,38,89,40,85,33,82,31,85,31,89,31,91,31,89,24,91,22,0,0,0,0,0,0,22,-87,17,-91,4,-87,8,-85,8,-87,2,-78,2,-87,4,-82,0,-78,0,-71,-8,-76,-8,-67,-15,-71,-13,-76,-15,-71,-17,-64,-24,-73,-24,-64,-22,-64,-26,-60,-33,-55,-33,-62,-35,-51,-35,-55,-33,-60,-38,-58,-44,-53,-49,-51,-44,-58,-49,-44,-47,-44,-49,-49,-42,-53,-49,-47,-53,-40,-47,-49,-51,-51,-49,-44,-55,-44,-42,-44,-47,-40,-49,-38,-47,-40,-53,-42,-47,-42,-47,-42,-38,-38,-47,-40,-38,-35,-40,-33,-33,-33,-33,-31,-35,-31,-29,-38,-29,-35,-29,-33,-26,-35,0,0,0,0,0,0,0,0,0,0]"""
1782173650249,2026-06-23T09:14:10.249,warning,breathing,lmh,lying_fast_breath,t001,"CSI_DATA,19010,1a:00:00:00:00:00,-61,11,-98,17,44,11,136081423,47,2,256,0,""[0,0,0,0,0,0,0,0,0,0,0,0,32,-27,34,-25,34,-25,39,-29,39,-29,39,-25,43,-29,46,-27,48,-34,50,-34,55,-34,52,-34,52,-41,57,-41,59,-32,59,-36,57,-46,59,-36,59,-36,57,-46,59,-46,64,-46,62,-41,62,-48,71,-50,62,-50,62,-48,62,-50,57,-52,52,-57,52,-52,55,-66,50,-62,46,-59,46,-66,43,-69,32,-64,36,-69,39,-73,27,-78,29,-78,20,-76,29,-78,18,-85,25,-78,16,-76,16,-82,6,-80,9,-89,11,-92,11,-92,6,-92,6,-92,16,-89,6,-101,2,-103,0,-92,0,0,0,0,0,0,-99,-4,-96,4,-87,11,-87,0,-78,9,-78,4,-80,9,-87,9,-78,11,-80,11,-69,16,-69,18,-73,23,-71,23,-69,20,-62,23,-66,32,-64,29,-59,25,-57,29,-52,39,-62,32,-52,39,-57,39,-62,41,-48,41,-52,36,-52,48,-52,43,-46,48,-43,46,-48,46,-50,48,-46,50,-50,48,-50,48,-48,50,-46,46,-48,52,-50,50,-43,48,-50,46,-48,46,-46,46,-46,43,-43,41,-41,39,-41,43,-43,34,-39,32,-43,27,-36,29,-39,32,-41,32,-39,25,-41,23,-36,18,0,0,0,0,0,0,0,0,0,0]"""
1782173650259,2026-06-23T09:14:10.259,warning,breathing,lmh,lying_fast_breath,t001,"CSI_DATA,19011,1a:00:00:00:00:00,-61,11,-98,18,44,11,136092442,47,2,256,0,""[0,0,0,0,0,0,0,0,0,0,0,0,17,40,8,33,11,47,6,44,6,49,6,47,8,49,8,53,11,58,11,64,11,60,11,60,13,67,8,64,2,64,2,73,13,71,2,78,6,69,6,69,0,71,8,80,11,78,11,76,11,87,17,73,11,80,11,78,8,85,15,73,11,73,17,78,24,76,22,73,29,78,31,73,29,69,35,69,35,69,40,71,35,71,44,71,42,69,49,73,44,60,49,62,49,67,58,62,55,67,64,71,62,64,62,67,62,71,60,73,73,73,69,64,62,69,0,0,0,0,0,0,78,-62,71,-64,62,-67,60,-60,55,-64,53,-53,55,-64,55,-62,53,-60,44,-53,40,-60,40,-55,40,-64,42,-64,38,-55,29,-60,35,-69,31,-64,31,-55,29,-62,20,-64,31,-60,20,-58,22,-62,24,-62,22,-64,20,-60,15,-64,17,-69,11,-73,20,-67,17,-64,20,-67,15,-67,13,-64,20,-67,15,-71,17,-62,17,-67,17,-60,17,-62,17,-62,24,-64,20,-60,22,-60,22,-62,22,-53,24,-55,20,-47,20,-47,24,-42,20,-44,22,-42,24,-40,29,-38,24,-38,26,-35,0,0,0,0,0,0,0,0,0,0]"""
1782173650270,2026-06-23T09:14:10.270,warning,breathing,lmh,lying_fast_breath,t001,"CSI_DATA,19012,1a:00:00:00:00:00,-61,11,-98,17,44,11,136103682,47,2,256,0,""[0,0,0,0,0,0,0,0,0,0,0,0,43,9,41,6,46,6,48,13,48,13,46,13,50,13,50,16,57,18,55,20,59,20,59,18,66,23,62,23,64,29,66,27,71,20,76,32,64,27,62,32,59,43,73,29,73,34,73,32,76,32,73,20,73,29,73,29,71,32,76,23,71,25,78,25,78,25,73,23,82,16,82,13,73,11,82,9,80,13,80,4,80,9,80,-2,82,2,87,-2,82,-4,85,-6,85,0,82,-11,82,-2,94,-6,87,-9,89,-13,96,-9,96,-2,99,-13,94,-11,94,-18,0,0,0,0,0,0,-9,-94,-6,-89,-18,-82,-13,-82,-13,-82,-13,-76,-13,-80,-16,-78,-16,-76,-11,-73,-16,-73,-18,-69,-18,-73,-16,-73,-23,-66,-25,-66,-27,-71,-27,-64,-18,-66,-27,-64,-32,-59,-29,-66,-25,-50,-29,-57,-25,-62,-29,-62,-32,-59,-36,-57,-36,-62,-41,-55,-36,-57,-34,-57,-36,-57,-39,-57,-34,-55,-34,-62,-32,-62,-34,-59,-34,-62,-32,-59,-32,-55,-29,-62,-25,-62,-25,-59,-23,-59,-25,-55,-18,-52,-18,-52,-16,-52,-18,-50,-11,-52,-9,-48,-6,-46,-4,-50,-2,-46,-2,-46,4,-39,0,0,0,0,0,0,0,0,0,0]"""
1782173650281,2026-06-23T09:14:10.281,warning,breathing,lmh,lying_fast_breath,t001,"CSI_DATA,19013,1a:00:00:00:00:00,-61,11,-98,18,44,11,136116967,47,2,256,0,""[0,0,0,0,0,0,0,0,0,0,0,0,-11,40,-15,38,-15,42,-15,42,-20,47,-22,42,-22,47,-22,47,-26,55,-31,53,-29,47,-26,53,-29,60,-29,55,-38,55,-42,58,-33,67,-47,62,-40,60,-40,53,-49,58,-42,64,-44,64,-42,64,-49,67,-40,69,-44,67,-44,67,-44,64,-40,69,-40,62,-40,69,-38,69,-33,69,-35,76,-33,78,-29,69,-24,73,-29,76,-20,80,-22,82,-20,82,-24,78,-15,89,-20,73,-17,78,-22,82,-11,82,-15,87,-15,91,-11,87,-11,89,-20,96,-22,91,-11,100,-13,96,-8,94,0,0,0,0,0,0,94,24,96,17,89,8,80,17,87,11,78,13,85,8,85,11,80,11,69,11,69,6,73,8,78,0,71,2,71,4,69,-4,76,-6,71,-6,67,-2,67,-4,67,-8,71,-4,60,-8,64,-8,69,-4,67,-11,71,-8,64,-17,69,-13,62,-15,64,-11,67,-6,71,-13,62,-15,64,-15,64,-8,67,-11,67,-8,71,-11,67,-6,64,-4,67,-2,69,-4,64,-4,62,0,62,4,58,2,62,-2,53,8,51,6,51,11,44,8,49,6,49,17,42,17,42,17,35,20,0,0,0,0,0,0,0,0,0,0]"""
1782173650290,2026-06-23T09:14:10.290,warning,breathing,lmh,lying_fast_breath,t001,"CSI_DATA,19014,1a:00:00:00:00:00,-61,11,-98,13,45,11,136127755,47,2,256,0,""[0,0,0,0,0,0,0,0,0,0,0,0,4,41,0,43,-2,46,-6,46,-6,48,-11,50,-11,55,-13,52,-11,57,-16,57,-18,59,-18,59,-16,62,-20,66,-27,59,-29,69,-23,69,-36,69,-29,64,-39,62,-43,64,-41,66,-41,69,-39,71,-41,73,-39,69,-43,66,-43,66,-43,66,-36,71,-39,66,-41,69,-36,69,-41,66,-41,73,-39,73,-34,66,-34,76,-39,73,-25,76,-32,73,-25,78,-29,78,-27,82,-29,76,-29,78,-32,80,-25,80,-27,80,-29,85,-29,85,-29,89,-41,85,-36,85,-32,92,-29,89,-29,87,0,0,0,0,0,0,80,46,82,39,80,32,78,41,76,36,71,43,73,32,73,36,69,34,66,43,62,34,62,34,66,36,66,32,66,32,64,27,69,27,59,27,59,29,62,27,62,20,62,29,52,18,59,25,59,29,62,27,62,25,64,20,64,25,64,20,62,29,64,29,62,29,59,25,59,27,59,34,57,32,57,34,57,34,55,39,50,34,55,43,50,43,52,39,46,41,46,36,39,41,41,39,34,43,32,39,29,43,27,39,25,39,23,41,18,39,16,41,9,43,0,0,0,0,0,0,0,0,0,0]"""
1782173650302,2026-06-23T09:14:10.302,warning,breathing,lmh,lying_fast_breath,t001,"CSI_DATA,19015,1a:00:00:00:00:00,-61,11,-98,14,45,11,136136445,47,2,256,0,""[0,0,0,0,0,0,0,0,0,0,0,0,-33,-22,-38,-29,-33,-29,-35,-38,-33,-33,-31,-38,-31,-42,-31,-47,-33,-49,-29,-49,-31,-53,-31,-53,-33,-60,-31,-60,-20,-67,-22,-67,-26,-69,-20,-71,-17,-71,-17,-73,-13,-71,-11,-76,-8,-78,-13,-78,-6,-82,-11,-80,-2,-78,-4,-85,0,-76,-6,-78,-2,-73,-4,-85,-4,-80,2,-78,-2,-85,-4,-85,-4,-73,-6,-80,-4,-82,-11,-80,-6,-80,-8,-80,-4,-85,-8,-85,-2,-80,0,-82,0,-87,0,-82,-2,-85,2,-89,-2,-87,0,-89,11,-96,13,-91,2,-96,6,-96,11,-91,0,0,0,0,0,0,-89,-24,-87,-24,-89,-17,-82,-29,-80,-24,-78,-31,-76,-17,-80,-29,-69,-26,-69,-31,-71,-29,-62,-26,-71,-29,-64,-29,-62,-31,-64,-24,-69,-22,-62,-26,-60,-31,-60,-29,-64,-24,-60,-31,-58,-22,-58,-29,-58,-33,-58,-29,-55,-35,-60,-26,-62,-31,-60,-31,-55,-35,-60,-38,-53,-35,-58,-35,-51,-38,-53,-44,-51,-47,-47,-38,-47,-47,-44,-53,-42,-47,-42,-51,-35,-51,-35,-51,-31,-51,-31,-51,-29,-51,-26,-49,-17,-53,-15,-49,-6,-51,-6,-49,-8,-47,0,-47,-2,-44,2,-47,8,-44,0,0,0,0,0,0,0,0,0,0]"""
1782173650312,2026-06-23T09:14:10.312,warning,breathing,lmh,lying_fast_breath,t001,"CSI_DATA,19016,1a:00:00:00:00:00,-61,11,-98,16,44,11,136151738,47,2,256,0,""[0,0,0,0,0,0,0,0,0,0,0,0,35,16,35,21,40,21,37,30,35,28,37,33,37,35,35,35,45,40,42,45,45,40,47,40,54,42,52,45,47,54,49,47,52,45,52,56,49,49,49,64,47,56,52,59,49,54,56,54,54,61,56,52,56,56,59,59,54,59,59,52,54,49,64,54,59,52,56,54,66,49,71,45,61,40,71,37,71,42,71,35,73,42,73,28,73,33,82,33,71,30,75,28,75,26,73,23,85,26,82,28,90,21,90,23,97,28,85,28,99,23,92,26,90,26,0,0,0,0,0,0,37,-87,28,-85,23,-87,26,-85,18,-82,23,-80,18,-78,21,-80,21,-73,18,-75,9,-73,16,-66,9,-73,16,-71,9,-73,0,-68,2,-75,7,-71,9,-71,2,-66,-7,-68,0,-68,-7,-66,-2,-68,0,-66,-2,-71,-4,-68,-11,-66,-4,-68,-14,-68,-7,-66,-7,-73,-7,-66,-9,-68,-11,-66,-4,-71,-4,-66,-4,-68,-2,-71,0,-61,-2,-61,-7,-64,0,-68,0,-64,7,-64,-2,-56,4,-56,7,-59,4,-54,4,-49,14,-52,11,-45,14,-49,14,-47,14,-45,14,-40,21,-37,0,0,0,0,0,0,0,0,0,0]"""
1782173650323,2026-06-23T09:14:10.323,warning,breathing,lmh,lying_fast_breath,t001,"CSI_DATA,19017,1a:00:00:00:00:00,-61,11,-98,18,44,11,136161131,47,2,256,0,""[0,0,0,0,0,0,0,0,0,0,0,0,-29,33,-26,33,-29,33,-33,38,-35,35,-40,31,-40,38,-40,33,-44,40,-47,38,-51,35,-51,38,-53,42,-51,42,-58,35,-62,38,-62,44,-64,35,-58,33,-64,40,-62,40,-69,40,-69,38,-64,40,-71,40,-64,42,-67,33,-73,40,-67,40,-64,44,-62,38,-67,49,-64,49,-60,42,-62,51,-62,51,-53,51,-58,58,-58,55,-53,62,-55,62,-49,71,-51,62,-53,69,-49,62,-47,67,-53,64,-44,71,-47,76,-53,76,-51,76,-53,76,-58,80,-55,76,-55,85,-53,78,-53,76,0,0,0,0,0,0,69,55,76,60,71,49,67,42,69,49,67,47,69,40,73,47,64,42,64,47,62,38,58,35,69,33,62,33,60,42,58,31,64,29,60,29,62,31,64,26,69,17,64,31,60,20,62,22,60,26,64,22,67,22,64,11,64,22,69,15,64,22,67,20,67,24,67,15,64,17,67,22,67,20,64,17,67,22,62,22,60,24,60,26,55,26,53,24,51,31,53,24,49,29,51,26,42,33,42,24,40,38,38,31,35,31,38,33,33,31,31,31,26,40,0,0,0,0,0,0,0,0,0,0]"""
1782173650333,2026-06-23T09:14:10.333,warning,breathing,lmh,lying_fast_breath,t001,"CSI_DATA,19018,1a:00:00:00:00:00,-61,11,-98,16,44,11,136169423,47,2,256,0,""[0,0,0,0,0,0,0,0,0,0,0,0,18,-40,26,-30,26,-35,33,-37,35,-33,40,-30,45,-28,45,-26,52,-26,54,-23,54,-18,54,-21,66,-21,66,-21,71,-9,66,-9,73,-9,73,-4,71,2,75,4,73,4,78,16,68,16,75,16,82,23,71,18,73,30,75,28,66,33,75,35,59,33,75,42,68,45,61,40,71,40,64,42,61,40,59,42,71,47,75,49,64,52,73,35,71,66,82,23,21,68,80,68,26,23,59,11,21,52,99,116,45,49,33,142,-11,106,-4,82,47,161,-7,113,-4,130,0,0,0,0,0,0,40,26,82,28,23,-11,97,-52,97,-45,147,-26,94,26,49,-21,104,26,45,11,42,-2,82,30,73,-16,99,4,87,18,64,14,73,21,61,16,59,28,61,18,68,21,61,28,59,26,61,30,56,33,59,37,54,37,56,30,56,42,59,37,52,45,49,49,45,49,49,49,37,47,42,59,37,56,33,56,30,64,23,61,16,56,18,61,9,61,11,61,4,64,2,59,-4,61,-4,59,-11,54,-16,47,-18,52,-21,40,-16,42,-28,37,-26,33,-28,30,-33,26,0,0,0,0,0,0,0,0,0,0]"""
1782173650346,2026-06-23T09:14:10.346,warning,breathing,lmh,lying_fast_breath,t001,"CSI_DATA,19019,1a:00:00:00:00:00,-61,11,-98,13,45,11,136182491,47,2,256,0,""[0,0,0,0,0,0,0,0,0,0,0,0,-20,-34,-18,-36,-13,-43,-13,-46,-9,-46,-6,-50,-9,-52,-4,-55,-4,-59,0,-59,0,-64,-2,-62,2,-64,6,-71,11,-64,13,-73,9,-73,18,-73,20,-66,25,-66,29,-66,27,-71,29,-69,29,-73,34,-73,29,-71,36,-69,34,-73,41,-66,34,-71,39,-64,43,-69,41,-66,41,-62,41,-71,41,-73,36,-64,36,-71,43,-69,34,-73,41,-69,34,-73,41,-71,34,-73,41,-69,39,-71,48,-71,41,-76,48,-69,50,-76,48,-73,48,-76,64,-76,57,-71,59,-78,59,-73,57,-73,0,0,0,0,0,0,-57,-69,-59,-71,-62,-62,-52,-66,-57,-66,-48,-66,-48,-66,-48,-69,-43,-64,-39,-66,-41,-59,-39,-62,-41,-64,-34,-62,-36,-62,-39,-55,-39,-59,-36,-57,-29,-55,-36,-59,-41,-57,-32,-62,-34,-50,-27,-55,-27,-62,-27,-59,-29,-64,-34,-57,-27,-62,-32,-57,-27,-62,-27,-64,-20,-66,-23,-62,-23,-62,-16,-69,-11,-66,-9,-62,-6,-69,-4,-66,-4,-62,-2,-64,4,-64,0,-59,11,-62,4,-62,11,-59,9,-52,16,-50,16,-50,23,-50,23,-43,25,-39,27,-36,27,-32,29,-32,34,-29,0,0,0,0,0,0,0,0,0,0]"""
1782173650356,2026-06-23T09:14:10.356,warning,breathing,lmh,lying_fast_breath,t001,"CSI_DATA,19020,1a:00:00:00:00:00,-60,11,-98,-2,39,11,136191423,47,2,256,0,""[0,0,0,0,0,0,0,0,0,0,0,0,-141,28,-99,49,-84,396,0,-70,7,-28,42,-233,-63,-84,42,-49,-70,-28,-14,-77,-28,-84,-35,-63,-77,-99,-77,-56,-84,-7,-49,63,-21,-56,-7,-63,-127,-134,-14,-70,-21,-84,35,-35,-21,-77,-28,-84,-28,-99,-35,-56,-35,-63,-21,-70,-35,-84,-42,-70,-28,-63,-28,-84,-49,-56,-49,-77,-49,-56,-56,-63,-42,-56,-42,-63,-63,-56,-77,-56,-70,-49,-63,-42,-63,-49,-77,-42,-63,-35,-84,-35,-77,-42,-106,-21,-70,-35,-77,-21,-113,-7,-84,-14,-77,-28,-99,14,-106,-35,-99,-28,-70,14,0,0,0,0,0,0,7,56,-21,113,-7,113,-21,106,7,77,0,70,-21,77,0,92,-7,77,0,77,21,70,7,77,14,56,14,70,21,70,28,63,42,63,28,63,21,49,28,63,42,63,21,63,28,63,35,49,42,70,35,49,56,56,56,49,56,49,49,42,42,49,42,49,49,56,63,49,49,49,49,56,49,49,56,49,49,49,56,42,49,49,56,49,56,56,56,49,49,42,42,49,42,49,49,28,35,35,42,35,28,42,35,28,28,42,28,35,21,35,28,35,21,42,0,0,0,0,0,0,0,0,0,0]"""
1782173650366,2026-06-23T09:14:10.366,warning,breathing,lmh,lying_fast_breath,t001,"CSI_DATA,19021,1a:00:00:00:00:00,-61,11,-98,13,45,11,136202472,47,2,256,0,""[0,0,0,0,0,0,0,0,0,0,0,0,-9,39,-11,41,-16,41,-20,43,-23,46,-25,46,-25,48,-25,46,-29,48,-34,48,-36,55,-34,52,-41,55,-41,52,-50,46,-52,52,-46,59,-59,50,-55,48,-57,48,-64,46,-57,50,-64,52,-62,50,-69,50,-57,48,-64,41,-66,48,-66,43,-64,48,-62,43,-69,48,-64,50,-57,43,-64,52,-59,55,-57,52,-62,52,-62,52,-57,55,-62,50,-55,59,-62,55,-62,59,-59,52,-57,64,-59,62,-57,64,-62,57,-69,62,-66,59,-64,62,-71,62,-76,59,-76,62,-69,66,-73,59,0,0,0,0,0,0,50,80,48,78,52,71,48,73,48,69,43,71,43,69,39,73,36,64,36,69,41,62,39,59,41,64,34,62,36,62,39,57,43,62,36,57,29,57,39,57,43,55,39,59,36,50,36,52,36,57,36,57,41,55,41,57,34,59,41,52,34,57,36,57,32,62,32,57,32,57,29,69,29,64,29,57,29,64,25,62,20,59,20,66,13,64,13,59,9,59,11,62,9,57,6,57,2,55,2,50,0,52,0,46,-9,43,-11,46,-11,43,-11,41,-18,39,0,0,0,0,0,0,0,0,0,0]"""
1782173650378,2026-06-23T09:14:10.378,warning,breathing,lmh,lying_fast_breath,t001,"CSI_DATA,19022,1a:00:00:00:00:00,-61,11,-98,18,44,11,136214631,47,2,256,0,""[0,0,0,0,0,0,0,0,0,0,0,0,-35,-13,-38,-17,-42,-17,-42,-24,-42,-26,-42,-29,-42,-26,-44,-29,-49,-31,-47,-35,-49,-38,-49,-38,-51,-40,-53,-44,-49,-47,-58,-47,-58,-47,-51,-53,-51,-51,-47,-58,-49,-64,-51,-53,-53,-58,-55,-55,-55,-64,-53,-53,-49,-62,-51,-60,-53,-60,-60,-55,-51,-53,-58,-60,-58,-58,-55,-58,-60,-58,-58,-53,-55,-47,-64,-49,-64,-53,-71,-47,-69,-44,-69,-42,-67,-47,-80,-42,-67,-42,-69,-42,-71,-40,-71,-40,-69,-42,-73,-47,-78,-44,-80,-42,-82,-49,-78,-51,-87,-49,-87,-42,-85,-53,0,0,0,0,0,0,-55,80,-60,71,-47,80,-49,71,-44,71,-47,69,-40,71,-49,73,-47,67,-42,60,-38,64,-35,58,-35,67,-42,64,-35,62,-26,58,-33,71,-29,64,-35,60,-26,62,-22,67,-29,60,-24,67,-29,62,-31,62,-29,58,-24,58,-20,69,-31,69,-20,69,-22,60,-24,64,-29,67,-24,67,-22,60,-35,69,-31,64,-31,62,-31,67,-35,58,-29,53,-31,58,-35,58,-35,58,-38,47,-33,51,-35,44,-38,47,-38,38,-38,35,-38,33,-35,31,-38,26,-44,26,-40,20,-35,24,-42,15,0,0,0,0,0,0,0,0,0,0]"""
1782173650389,2026-06-23T09:14:10.389,warning,breathing,lmh,lying_fast_breath,t001,"CSI_DATA,19023,1a:00:00:00:00:00,-61,11,-98,13,45,11,136224714,47,2,256,0,""[0,0,0,0,0,0,0,0,0,0,0,0,-27,-32,-20,-36,-23,-39,-18,-46,-16,-43,-18,-46,-16,-50,-9,-50,-13,-57,-6,-57,-9,-62,-6,-62,-6,-66,-4,-69,6,-66,2,-69,-2,-73,6,-73,13,-69,11,-71,16,-66,16,-76,20,-73,20,-76,29,-78,20,-73,29,-73,32,-82,27,-69,27,-73,29,-71,32,-76,32,-71,32,-66,34,-73,29,-78,29,-71,27,-73,32,-73,27,-76,32,-76,23,-80,29,-80,29,-80,34,-76,32,-76,39,-78,32,-76,36,-76,43,-80,39,-80,39,-82,50,-85,50,-73,50,-82,52,-85,50,-78,0,0,0,0,0,0,-64,-69,-66,-62,-64,-59,-59,-62,-62,-62,-55,-64,-52,-62,-52,-64,-43,-57,-46,-59,-46,-55,-43,-55,-52,-57,-41,-59,-41,-59,-41,-57,-46,-57,-41,-55,-34,-59,-43,-55,-48,-55,-36,-57,-34,-52,-32,-52,-32,-59,-34,-59,-34,-59,-34,-55,-32,-62,-36,-55,-29,-59,-27,-64,-25,-62,-27,-62,-25,-62,-16,-69,-16,-64,-16,-62,-11,-66,-11,-66,-9,-64,-6,-66,0,-64,0,-59,6,-62,2,-62,9,-57,11,-57,13,-55,13,-52,18,-48,18,-46,20,-43,25,-36,25,-32,25,-36,32,-27,0,0,0,0,0,0,0,0,0,0]"""
1782173650400,2026-06-23T09:14:10.400,warning,breathing,lmh,lying_fast_breath,t001,"CSI_DATA,19024,1a:00:00:00:00:00,-61,11,-98,16,44,11,136239573,47,2,256,0,""[0,0,0,0,0,0,0,0,0,0,0,0,40,11,40,11,42,18,42,23,42,21,40,23,47,23,47,26,52,28,52,28,49,30,56,30,59,33,59,35,52,42,59,45,61,45,56,49,52,45,59,49,59,47,61,56,61,52,59,54,61,56,64,47,59,49,59,56,54,56,66,54,54,49,64,54,66,52,59,52,71,47,66,49,64,37,68,40,71,45,73,37,71,45,71,37,71,42,78,37,68,40,75,33,78,33,73,33,80,37,82,40,87,35,82,35,80,45,82,45,87,45,90,33,80,40,0,0,0,0,0,0,52,-80,49,-80,42,-80,42,-73,42,-78,42,-71,40,-73,49,-71,42,-64,37,-64,37,-64,33,-66,33,-68,35,-68,33,-64,21,-64,23,-68,26,-64,30,-61,26,-66,26,-66,30,-64,23,-61,26,-64,28,-64,23,-64,23,-64,14,-68,18,-68,14,-66,18,-64,21,-66,33,-61,21,-71,23,-61,33,-66,28,-66,28,-61,30,-66,30,-56,26,-54,30,-59,35,-59,37,-56,37,-54,35,-52,37,-40,37,-49,33,-35,33,-42,42,-33,30,-33,40,-28,35,-28,40,-26,35,-26,40,-18,0,0,0,0,0,0,0,0,0,0]"""
1782173650412,2026-06-23T09:14:10.412,warning,breathing,lmh,lying_fast_breath,t001,"CSI_DATA,19025,1a:00:00:00:00:00,-61,11,-98,20,44,11,136246563,47,2,256,0,""[0,0,0,0,0,0,0,0,0,0,0,0,4,-40,6,-42,2,-44,10,-52,14,-48,12,-46,10,-48,10,-52,12,-57,14,-61,19,-59,10,-59,16,-67,19,-69,21,-63,21,-67,12,-73,19,-73,19,-65,12,-69,14,-76,21,-80,21,-76,14,-76,25,-82,10,-73,16,-80,12,-80,14,-78,4,-80,10,-76,4,-82,4,-78,2,-80,-4,-84,-8,-80,-6,-76,-12,-76,-12,-82,-23,-82,-19,-84,-25,-80,-21,-82,-31,-82,-25,-73,-33,-73,-33,-76,-44,-73,-42,-78,-42,-86,-42,-80,-46,-80,-44,-84,-42,-78,-50,-82,-44,-80,-54,-82,0,0,0,0,0,0,-84,46,-84,50,-73,50,-63,50,-65,57,-67,50,-65,52,-69,52,-63,52,-59,50,-50,52,-46,48,-52,59,-52,54,-50,48,-42,54,-48,59,-42,61,-38,57,-38,57,-27,59,-40,59,-29,57,-27,59,-33,63,-29,63,-31,63,-25,63,-31,65,-21,65,-23,65,-23,69,-25,67,-23,69,-16,63,-23,65,-25,69,-19,65,-21,67,-27,65,-21,61,-23,61,-25,63,-23,61,-25,59,-21,54,-25,50,-21,57,-25,44,-23,50,-23,40,-21,44,-21,38,-25,44,-27,33,-25,38,-33,29,0,0,0,0,0,0,0,0,0,0]"""
1782173650422,2026-06-23T09:14:10.422,warning,breathing,lmh,lying_fast_breath,t001,"CSI_DATA,19026,1a:00:00:00:00:00,-61,11,-98,18,44,11,136258890,47,2,256,0,""[0,0,0,0,0,0,0,0,0,0,0,0,24,33,22,33,29,40,24,42,24,44,22,47,20,47,20,47,24,53,24,55,24,58,22,55,29,62,24,64,17,67,24,69,24,69,17,71,20,71,17,69,11,67,22,76,17,73,15,78,20,80,22,71,13,78,13,82,13,80,17,76,15,73,20,80,26,78,22,76,29,80,31,73,26,69,33,76,31,73,38,76,35,73,42,69,33,73,44,78,35,73,40,69,40,73,44,69,44,78,49,82,49,78,51,76,44,82,44,80,51,82,53,82,42,78,0,0,0,0,0,0,87,-42,80,-40,73,-44,78,-38,73,-38,76,-33,76,-40,78,-38,71,-35,69,-33,64,-31,64,-31,64,-38,69,-40,64,-38,53,-40,58,-47,60,-40,55,-35,58,-40,53,-44,60,-38,47,-42,53,-38,55,-38,53,-42,49,-42,51,-47,51,-44,47,-47,49,-42,58,-42,58,-44,51,-47,53,-42,60,-42,62,-44,55,-40,60,-38,58,-33,55,-38,55,-35,58,-33,55,-33,62,-26,58,-29,55,-17,55,-20,47,-13,49,-17,51,-15,49,-13,47,-8,51,-2,42,-2,49,-2,42,6,0,0,0,0,0,0,0,0,0,0]"""
1782173650434,2026-06-23T09:14:10.434,warning,breathing,lmh,lying_fast_breath,t001,"CSI_DATA,19027,1a:00:00:00:00:00,-61,11,-98,19,44,11,136270528,47,2,256,0,""[0,0,0,0,0,0,0,0,0,0,0,0,34,-19,34,-19,41,-21,43,-23,47,-19,52,-17,47,-19,47,-21,52,-23,50,-28,54,-30,50,-28,58,-34,60,-34,67,-30,60,-36,58,-43,67,-41,69,-39,63,-36,67,-36,69,-45,60,-43,65,-47,63,-47,56,-52,63,-43,67,-54,58,-52,56,-60,52,-56,52,-69,50,-63,43,-65,50,-71,34,-63,36,-73,28,-80,23,-82,23,-67,19,-78,13,-84,6,-50,10,-84,21,-80,-41,-28,15,-78,-19,-80,52,-141,21,-128,4,-117,17,-158,-21,-28,0,-106,0,-106,-115,-34,-8,-123,0,0,0,0,0,0,-80,19,-169,104,-82,41,-97,19,0,41,-113,36,-50,28,-34,28,-26,6,-65,13,-41,54,-19,4,-60,58,-67,41,-28,41,-52,52,-54,63,-54,54,-43,52,-45,52,-41,63,-39,54,-30,56,-32,63,-39,56,-28,60,-34,60,-23,71,-26,69,-10,69,-17,65,-15,65,-21,69,-13,76,-10,60,-23,73,-13,71,-17,65,-13,69,-17,65,-13,58,-10,65,-10,69,-13,65,-10,60,-10,56,-13,54,-6,63,-13,52,-15,50,-15,52,-13,47,-15,50,-10,47,-10,43,-8,43,-21,43,0,0,0,0,0,0,0,0,0,0]"""
1782173650443,2026-06-23T09:14:10.443,warning,breathing,lmh,lying_fast_breath,t001,"CSI_DATA,19028,1a:00:00:00:00:00,-61,11,-98,18,44,11,136279897,47,2,256,0,""[0,0,0,0,0,0,0,0,0,0,0,0,-8,42,-13,42,-11,47,-17,47,-17,44,-20,47,-20,47,-24,44,-26,53,-26,49,-29,55,-29,53,-31,60,-35,60,-44,55,-40,58,-38,67,-44,60,-44,60,-53,58,-53,58,-51,60,-51,62,-47,62,-51,67,-47,64,-51,60,-58,62,-49,58,-47,64,-49,58,-55,64,-51,62,-49,62,-47,62,-47,71,-38,58,-38,71,-38,67,-38,78,-42,76,-31,73,-38,71,-33,78,-40,78,-35,76,-38,80,-31,80,-31,76,-38,82,-35,89,-33,82,-42,91,-44,78,-38,87,-38,94,-35,82,0,0,0,0,0,0,82,53,82,42,82,40,76,47,78,38,71,44,67,40,78,38,67,42,64,40,64,38,60,40,69,38,58,38,67,31,64,29,69,22,64,24,64,33,64,22,67,20,60,29,64,20,62,22,60,31,62,29,60,29,64,17,71,26,67,13,64,22,69,29,62,24,67,24,62,22,69,33,62,29,60,29,60,33,58,35,51,29,60,31,60,35,55,31,49,38,51,31,44,33,44,38,40,38,38,35,33,38,31,35,31,40,22,38,22,35,22,38,15,40,0,0,0,0,0,0,0,0,0,0]"""
1782173650457,2026-06-23T09:14:10.457,warning,breathing,lmh,lying_fast_breath,t001,"CSI_DATA,19029,1a:00:00:00:00:00,-59,11,-98,-13,41,11,136294295,47,2,256,0,""[0,0,0,0,0,0,0,0,0,0,0,0,262,-339,208,-478,54,-108,216,208,-239,15,-30,-100,-77,-69,0,-38,-7,-69,0,-123,7,-61,69,-108,-46,-115,46,-77,69,-239,-38,-15,77,-138,108,-23,7,-7,92,-61,7,-15,15,-61,61,-54,61,-77,23,-92,30,-84,23,-77,23,-69,38,-77,46,-84,38,-46,46,-61,23,-77,46,-69,30,-69,38,-92,38,-54,38,-69,46,-77,30,-84,46,-77,30,-61,38,-77,30,-84,23,-69,38,-69,15,-69,38,-77,46,-69,30,-54,23,-92,61,-61,84,-77,61,-92,7,-77,23,-61,38,-54,0,0,0,0,0,0,-100,-46,-77,-46,-84,-23,-69,-54,-54,-30,-38,-38,-54,-61,-77,-54,-46,-77,-46,-61,-54,-54,-46,-54,-54,-46,-46,-46,-54,-46,-54,-38,-54,-46,-46,-46,-30,-46,-46,-54,-61,-38,-38,-61,-46,-46,-38,-46,-46,-46,-38,-54,-46,-46,-38,-46,-38,-46,-38,-46,-30,-54,-38,-61,-46,-54,-38,-54,-38,-61,-38,-61,-30,-61,-38,-54,-30,-69,-30,-54,-23,-61,-30,-61,-23,-61,-23,-61,-7,-61,-15,-61,-15,-61,0,-61,0,-54,-7,-54,0,-61,7,-46,0,-46,15,-46,15,-46,15,-54,15,-46,0,0,0,0,0,0,0,0,0,0]"""
1782173650466,2026-06-23T09:14:10.466,warning,breathing,lmh,lying_fast_breath,t001,"CSI_DATA,19030,1a:00:00:00:00:00,-61,11,-98,17,44,11,136301422,47,2,256,0,""[0,0,0,0,0,0,0,0,0,0,0,0,-9,43,-11,39,-11,43,-16,48,-18,48,-20,43,-23,43,-25,48,-25,55,-27,59,-27,52,-29,55,-29,59,-36,62,-36,57,-43,59,-39,62,-41,62,-41,55,-43,64,-41,64,-46,62,-46,64,-43,64,-50,69,-39,66,-50,62,-46,64,-50,69,-41,69,-43,64,-43,69,-36,71,-39,69,-36,73,-39,78,-29,71,-29,73,-32,76,-25,80,-27,76,-25,80,-32,78,-20,89,-20,71,-18,80,-23,85,-16,80,-20,85,-23,94,-18,87,-20,87,-23,96,-29,92,-20,94,-13,92,-23,94,0,0,0,0,0,0,92,23,92,25,85,18,85,23,92,23,82,23,87,20,82,18,78,18,66,20,73,13,71,11,78,13,73,11,66,13,69,4,73,2,69,2,66,6,71,4,66,0,71,4,62,-2,62,-2,66,2,66,-2,69,-2,66,-6,71,-6,69,-9,69,-2,69,-2,71,0,66,-2,66,-2,66,2,73,-2,69,0,71,2,69,4,59,6,66,9,66,11,66,4,62,9,64,6,55,16,64,11,48,13,48,13,50,20,46,16,41,25,48,20,39,20,36,25,32,27,0,0,0,0,0,0,0,0,0,0]"""
1782173650478,2026-06-23T09:14:10.478,warning,breathing,lmh,lying_fast_breath,t001,"CSI_DATA,19031,1a:00:00:00:00:00,-61,11,-98,13,45,11,136312422,47,2,256,0,""[0,0,0,0,0,0,0,0,0,0,0,0,29,-25,32,-25,39,-27,43,-23,41,-25,46,-20,48,-20,50,-20,57,-27,55,-16,57,-23,59,-23,62,-23,64,-20,71,-11,66,-18,73,-23,73,-18,71,-13,76,-6,82,-6,76,-6,76,-11,78,-9,85,-9,78,-13,80,-6,82,-9,80,-4,78,-11,73,-11,85,-9,80,-9,78,-6,82,-11,76,-20,73,-16,78,-20,78,-13,78,-23,80,-18,76,-29,80,-23,82,-27,78,-25,78,-27,82,-29,80,-32,80,-25,87,-23,87,-25,82,-32,94,-27,89,-25,92,-29,89,-27,89,-29,0,0,0,0,0,0,-13,-92,-11,-89,-25,-87,-23,-85,-20,-85,-16,-78,-13,-80,-11,-85,-13,-78,-11,-76,-18,-73,-16,-69,-18,-73,-11,-71,-18,-71,-20,-66,-20,-69,-18,-69,-13,-66,-23,-64,-29,-66,-20,-64,-18,-59,-13,-62,-16,-64,-16,-64,-20,-64,-25,-64,-20,-69,-25,-62,-20,-62,-20,-62,-16,-66,-18,-69,-18,-59,-11,-71,-11,-71,-11,-66,-6,-71,-9,-66,-9,-62,-9,-64,0,-66,-2,-64,2,-62,-4,-57,2,-62,4,-55,6,-52,6,-50,11,-50,13,-43,11,-41,20,-41,18,-39,16,-36,25,-36,0,0,0,0,0,0,0,0,0,0]"""
1782173650487,2026-06-23T09:14:10.487,warning,breathing,lmh,lying_fast_breath,t001,"CSI_DATA,19032,1a:00:00:00:00:00,-61,11,-98,19,44,11,136325830,47,2,256,0,""[0,0,0,0,0,0,0,0,0,0,0,0,26,32,26,34,23,36,26,43,23,41,26,47,21,50,17,47,21,56,21,56,21,60,23,60,23,67,19,67,15,67,15,71,23,73,10,76,17,69,4,71,2,71,13,80,6,78,8,78,8,87,10,76,0,80,4,80,6,76,8,82,6,76,13,87,10,82,8,78,15,82,17,78,15,73,23,78,17,80,26,80,19,78,26,73,21,78,30,84,21,82,26,76,21,82,26,80,26,84,28,87,32,91,34,82,23,97,23,91,32,97,28,102,26,89,0,0,0,0,0,0,89,-6,89,-17,84,-21,80,-13,87,-15,82,-8,80,-17,89,-19,78,-19,76,-13,71,-17,69,-8,76,-17,73,-13,71,-15,65,-17,73,-23,69,-19,71,-15,67,-19,63,-21,67,-15,65,-21,65,-17,65,-15,67,-19,67,-17,65,-23,67,-23,65,-26,67,-17,67,-17,63,-19,65,-17,63,-15,69,-15,69,-10,71,-8,73,-6,67,-4,60,-2,69,-4,69,0,63,-2,63,4,60,0,58,10,63,8,58,15,52,13,54,17,47,15,45,19,43,21,45,19,41,15,34,26,0,0,0,0,0,0,0,0,0,0]"""
1782173650499,2026-06-23T09:14:10.499,warning,breathing,lmh,lying_fast_breath,t001,"CSI_DATA,19033,1a:00:00:00:00:00,-61,11,-98,13,45,11,136336541,47,2,256,0,""[0,0,0,0,0,0,0,0,0,0,0,0,-36,-23,-32,-23,-34,-27,-36,-32,-39,-32,-36,-34,-34,-32,-36,-39,-43,-39,-41,-43,-41,-43,-46,-43,-48,-48,-48,-50,-41,-57,-48,-52,-52,-50,-48,-55,-46,-55,-48,-62,-46,-66,-50,-62,-48,-59,-52,-59,-55,-66,-57,-55,-48,-59,-55,-62,-52,-59,-59,-57,-50,-55,-62,-55,-59,-55,-57,-52,-64,-48,-64,-48,-59,-39,-66,-39,-66,-43,-73,-39,-73,-41,-76,-29,-73,-32,-80,-34,-73,-29,-80,-25,-80,-25,-78,-23,-85,-32,-87,-29,-85,-27,-87,-20,-89,-29,-87,-27,-92,-27,-94,-23,-94,-23,0,0,0,0,0,0,-34,92,-27,89,-18,92,-18,85,-20,80,-20,78,-16,82,-20,85,-16,78,-11,73,-6,73,-11,66,-6,76,-6,73,-6,69,2,66,0,76,0,73,-4,71,4,64,13,66,4,69,6,66,6,64,4,66,4,69,9,64,13,66,11,69,18,64,13,64,16,66,9,69,16,69,16,59,6,71,11,71,11,64,11,71,9,64,11,59,9,62,9,69,6,64,2,66,9,55,2,57,4,59,0,50,0,50,-2,50,-2,43,-4,46,-6,46,-9,43,-6,43,-16,39,0,0,0,0,0,0,0,0,0,0]"""
1782173650509,2026-06-23T09:14:10.509,warning,breathing,lmh,lying_fast_breath,t001,"CSI_DATA,19034,1a:00:00:00:00:00,-61,11,-98,19,44,11,136346144,47,2,256,0,""[0,0,0,0,0,0,0,0,0,0,0,0,-41,-13,-39,-13,-43,-15,-45,-19,-45,-21,-43,-21,-45,-23,-47,-23,-56,-26,-56,-30,-56,-28,-56,-26,-63,-28,-63,-30,-56,-36,-63,-34,-67,-32,-63,-43,-58,-39,-56,-39,-58,-45,-69,-43,-67,-43,-69,-39,-71,-41,-69,-32,-69,-43,-71,-39,-69,-41,-71,-32,-69,-30,-76,-30,-76,-30,-73,-32,-78,-30,-78,-26,-73,-19,-78,-19,-76,-17,-84,-10,-84,-13,-84,-8,-82,-8,-87,-6,-82,-10,-80,0,-82,2,-87,6,-87,2,-95,2,-89,4,-91,6,-95,2,-93,-2,-93,8,-97,6,-95,6,0,0,0,0,0,0,0,95,2,100,15,89,4,87,10,93,6,82,13,87,10,80,13,80,13,78,19,71,13,76,17,71,17,71,21,69,23,67,26,73,26,69,21,63,30,60,32,58,26,67,26,58,32,60,28,63,34,63,32,63,39,58,34,60,41,58,39,58,36,60,36,58,34,58,36,54,32,63,36,60,34,54,34,58,36,58,32,54,30,58,32,63,30,58,26,58,28,54,23,54,21,54,17,50,19,45,15,50,17,43,8,45,8,47,6,45,6,50,-2,43,0,0,0,0,0,0,0,0,0,0]"""
1782173650521,2026-06-23T09:14:10.521,warning,breathing,lmh,lying_fast_breath,t001,"CSI_DATA,19035,1a:00:00:00:00:00,-61,11,-98,18,44,11,136356421,47,2,256,0,""[0,0,0,0,0,0,0,0,0,0,0,0,-40,-17,-40,-17,-38,-17,-42,-26,-42,-26,-38,-31,-38,-31,-40,-33,-44,-42,-42,-40,-44,-42,-47,-42,-51,-44,-51,-49,-38,-55,-42,-55,-53,-55,-44,-58,-44,-58,-42,-60,-47,-60,-42,-69,-42,-60,-44,-64,-44,-73,-42,-62,-35,-67,-40,-71,-40,-71,-42,-64,-35,-64,-42,-73,-42,-69,-40,-64,-44,-67,-51,-64,-44,-60,-53,-60,-49,-67,-53,-64,-51,-62,-55,-58,-49,-67,-55,-60,-51,-67,-55,-62,-55,-64,-55,-58,-58,-55,-60,-71,-58,-71,-58,-69,-58,-76,-55,-73,-64,-80,-58,-82,-58,-71,0,0,0,0,0,0,-80,44,-76,49,-76,58,-69,47,-71,49,-71,42,-69,42,-80,42,-64,40,-71,35,-62,40,-64,35,-67,40,-64,40,-62,35,-53,38,-64,40,-55,38,-60,35,-53,35,-55,47,-60,33,-49,38,-51,38,-55,35,-55,35,-58,33,-53,44,-60,35,-53,42,-55,38,-53,38,-60,38,-58,38,-58,31,-71,33,-62,33,-62,26,-67,29,-62,20,-62,24,-60,20,-62,15,-60,24,-58,13,-60,13,-58,11,-60,8,-55,2,-51,2,-51,-2,-47,-2,-44,-4,-47,-8,-47,-8,-44,-11,-42,-15,0,0,0,0,0,0,0,0,0,0]"""
1782173650533,2026-06-23T09:14:10.533,warning,breathing,lmh,lying_fast_breath,t001,"CSI_DATA,19036,1a:00:00:00:00:00,-61,11,-98,20,44,11,136367465,47,2,256,0,""[0,0,0,0,0,0,0,0,0,0,0,0,-40,10,-44,8,-42,6,-50,2,-50,0,-50,-2,-52,-2,-52,-6,-59,-4,-61,-14,-61,-12,-61,-14,-65,-14,-65,-16,-65,-25,-65,-21,-76,-19,-65,-29,-65,-27,-71,-33,-67,-35,-67,-35,-61,-35,-69,-40,-69,-46,-69,-35,-63,-44,-67,-46,-63,-42,-67,-40,-61,-42,-71,-50,-67,-46,-65,-46,-73,-48,-69,-40,-65,-38,-69,-40,-67,-42,-71,-35,-67,-46,-73,-33,-76,-38,-78,-42,-69,-42,-71,-38,-76,-48,-69,-42,-71,-40,-78,-48,-84,-46,-80,-42,-78,-57,-76,-54,-80,-54,-84,-59,-76,-57,0,0,0,0,0,0,-69,71,-65,63,-57,71,-61,59,-59,57,-63,54,-59,54,-71,61,-59,54,-63,46,-61,50,-57,44,-57,52,-57,46,-54,44,-50,46,-54,52,-50,48,-54,44,-50,44,-52,52,-52,44,-50,46,-52,46,-54,38,-54,40,-52,40,-50,48,-61,46,-46,42,-52,38,-57,40,-61,40,-57,40,-54,35,-69,35,-61,33,-59,33,-67,25,-59,25,-57,23,-61,19,-67,19,-63,21,-63,10,-57,10,-59,6,-59,10,-57,-2,-52,-2,-54,-2,-46,-10,-46,-10,-52,-14,-46,-10,-40,-10,-38,-23,0,0,0,0,0,0,0,0,0,0]"""
1782173650544,2026-06-23T09:14:10.544,warning,breathing,lmh,lying_fast_breath,t001,"CSI_DATA,19037,1a:00:00:00:00:00,-61,11,-98,18,44,11,136379746,47,2,256,0,""[0,0,0,0,0,0,0,0,0,0,0,0,29,-33,29,-31,31,-33,35,-29,40,-31,42,-29,40,-33,47,-29,47,-35,53,-33,51,-33,55,-33,58,-40,60,-33,64,-29,69,-31,64,-33,76,-33,62,-24,71,-22,76,-24,73,-26,76,-29,71,-29,76,-29,73,-31,78,-22,76,-26,80,-22,69,-26,76,-24,78,-26,73,-31,73,-26,78,-31,73,-35,71,-35,69,-35,73,-35,67,-40,73,-38,69,-47,71,-40,73,-49,67,-38,67,-44,76,-47,69,-49,71,-47,85,-49,80,-47,78,-51,87,-44,80,-42,80,-53,78,-47,85,-47,0,0,0,0,0,0,-35,-85,-40,-85,-42,-73,-38,-76,-40,-76,-31,-73,-33,-73,-35,-76,-33,-71,-31,-62,-26,-60,-29,-67,-35,-67,-33,-69,-33,-62,-33,-58,-35,-67,-33,-58,-26,-60,-35,-58,-40,-53,-38,-62,-31,-47,-31,-55,-29,-58,-35,-55,-35,-60,-40,-53,-35,-58,-40,-51,-35,-55,-35,-58,-40,-64,-38,-55,-35,-62,-29,-55,-29,-62,-26,-62,-26,-67,-26,-67,-22,-58,-22,-60,-20,-62,-22,-62,-13,-60,-20,-60,-11,-53,-15,-62,-2,-51,-2,-51,2,-51,-2,-44,4,-51,6,-49,8,-44,8,-38,13,-38,0,0,0,0,0,0,0,0,0,0]"""
1782173650556,2026-06-23T09:14:10.556,warning,breathing,lmh,lying_fast_breath,t001,"CSI_DATA,19038,1a:00:00:00:00:00,-61,11,-98,18,44,11,136390995,47,2,256,0,""[0,0,0,0,0,0,0,0,0,0,0,0,-42,-6,-40,-4,-47,-8,-44,-13,-47,-17,-44,-20,-47,-17,-47,-24,-53,-26,-49,-31,-53,-31,-53,-29,-58,-33,-58,-35,-51,-42,-55,-40,-58,-40,-55,-49,-58,-44,-51,-51,-51,-60,-53,-53,-53,-55,-60,-55,-60,-55,-58,-49,-53,-55,-58,-53,-53,-64,-58,-53,-49,-49,-58,-58,-60,-55,-51,-53,-67,-55,-58,-51,-53,-49,-58,-51,-64,-53,-67,-49,-62,-49,-67,-44,-64,-51,-73,-51,-60,-47,-64,-44,-69,-49,-69,-44,-69,-53,-78,-55,-73,-53,-71,-49,-71,-55,-67,-64,-85,-60,-76,-67,-78,-58,0,0,0,0,0,0,-69,64,-69,58,-60,69,-62,58,-60,60,-62,55,-58,55,-62,58,-55,55,-60,49,-53,51,-53,44,-55,55,-55,49,-49,47,-44,49,-51,58,-47,51,-51,47,-47,49,-44,49,-51,47,-47,51,-47,47,-49,51,-49,51,-47,47,-42,53,-53,49,-42,51,-44,49,-49,49,-49,49,-47,49,-47,47,-58,42,-55,47,-53,40,-55,42,-55,35,-51,35,-55,31,-60,31,-53,33,-58,24,-53,24,-53,17,-58,22,-47,11,-53,13,-49,6,-47,6,-44,2,-51,0,-47,0,-44,-2,-40,-11,0,0,0,0,0,0,0,0,0,0]"""
1782173650564,2026-06-23T09:14:10.565,warning,breathing,lmh,lying_fast_breath,t001,"CSI_DATA,19039,1a:00:00:00:00:00,-61,11,-98,18,44,11,136400421,47,2,256,0,""[0,0,0,0,0,0,0,0,0,0,0,0,-42,4,-38,4,-42,4,-51,-2,-47,0,-49,0,-51,0,-53,-4,-58,0,-60,-2,-62,-2,-67,4,-69,-2,-64,0,-67,-4,-71,-2,-73,4,-78,-4,-73,-2,-71,-4,-64,-2,-76,-2,-76,-2,-80,0,-80,0,-73,8,-80,0,-80,2,-76,6,-73,11,-76,8,-85,15,-78,17,-76,15,-78,20,-73,26,-76,24,-76,35,-71,33,-71,35,-73,35,-71,47,-73,47,-76,49,-67,44,-64,51,-67,51,-64,53,-62,55,-71,60,-67,62,-62,64,-71,62,-67,62,-69,69,-60,69,-64,64,0,0,0,0,0,0,60,69,64,58,67,53,64,58,69,53,55,51,64,53,67,51,62,49,58,47,60,42,62,40,64,35,60,38,64,35,64,26,67,26,64,26,62,26,64,22,69,13,69,22,62,13,64,13,67,15,64,15,64,11,67,8,67,11,64,0,67,6,69,6,69,11,67,4,64,4,73,8,67,2,67,4,67,4,67,6,64,4,67,4,67,6,58,4,60,8,60,2,58,4,58,8,53,15,51,8,51,11,49,15,47,13,47,15,42,15,40,22,42,22,0,0,0,0,0,0,0,0,0,0]"""
1782173650575,2026-06-23T09:14:10.575,warning,breathing,lmh,lying_fast_breath,t001,"CSI_DATA,19040,1a:00:00:00:00:00,-61,11,-98,18,44,11,136411421,47,2,256,0,""[0,0,0,0,0,0,0,0,0,0,0,0,33,-17,33,-17,40,-15,47,-13,51,-11,49,-11,51,-13,51,-6,60,-8,60,-4,62,-4,64,-4,71,-4,67,0,64,6,71,13,69,2,78,17,71,15,69,11,67,17,78,22,76,22,73,26,80,33,76,22,69,33,73,26,78,35,73,31,71,31,73,33,76,31,71,31,76,29,71,26,73,29,76,29,71,35,80,26,71,33,78,22,71,33,82,31,71,29,80,24,76,31,78,29,80,33,87,42,80,40,80,42,82,47,76,49,85,51,85,47,78,49,0,0,0,0,0,0,60,-67,58,-71,53,-71,58,-67,60,-64,55,-55,62,-55,62,-58,62,-55,55,-49,55,-51,51,-49,49,-53,55,-51,55,-47,49,-47,55,-51,51,-49,49,-40,51,-47,47,-49,55,-42,44,-42,51,-42,53,-44,53,-44,51,-42,51,-44,58,-42,51,-42,51,-35,58,-40,58,-33,58,-38,60,-31,64,-31,64,-33,64,-29,67,-24,62,-20,62,-20,62,-17,60,-11,64,-8,60,-4,58,-11,55,-2,62,0,53,4,47,2,51,11,49,6,47,8,53,22,42,15,38,22,35,26,0,0,0,0,0,0,0,0,0,0]"""
1782173650586,2026-06-23T09:14:10.586,warning,breathing,lmh,lying_fast_breath,t001,"CSI_DATA,19041,1a:00:00:00:00:00,-61,11,-98,17,44,11,136422421,47,2,256,0,""[0,0,0,0,0,0,0,0,0,0,0,0,43,-11,36,-6,43,-4,48,-4,50,-4,48,-6,50,-2,55,-2,59,-6,59,-11,62,-9,62,-11,66,-18,71,-18,69,-11,69,-13,69,-13,71,-11,66,-13,73,-20,76,-23,78,-16,73,-20,71,-29,73,-25,69,-32,71,-27,76,-32,76,-36,71,-43,64,-32,71,-43,66,-43,66,-41,66,-52,62,-50,52,-50,50,-55,52,-64,50,-73,50,-66,41,-71,43,-71,36,-82,39,-71,32,-76,34,-76,27,-80,25,-82,25,-94,18,-85,13,-87,20,-92,18,-82,6,-101,9,-96,9,-96,0,0,0,0,0,0,-94,-9,-89,0,-87,2,-87,-2,-85,9,-78,4,-87,9,-82,9,-82,13,-71,13,-71,18,-64,13,-73,20,-66,25,-64,27,-59,32,-59,41,-59,36,-57,34,-57,39,-50,46,-52,39,-46,41,-50,43,-48,46,-52,48,-46,48,-34,57,-43,52,-34,55,-39,52,-39,57,-36,55,-34,59,-34,55,-34,59,-34,59,-36,59,-34,59,-36,55,-29,55,-32,57,-34,55,-29,59,-29,57,-32,55,-29,48,-27,52,-27,43,-27,43,-27,41,-23,41,-29,41,-27,36,-25,36,-23,32,-27,32,0,0,0,0,0,0,0,0,0,0]"""
1782173650598,2026-06-23T09:14:10.598,warning,breathing,lmh,lying_fast_breath,t001,"CSI_DATA,19042,1a:00:00:00:00:00,-61,11,-98,17,44,11,136435844,47,2,256,0,""[0,0,0,0,0,0,0,0,0,0,0,0,41,2,36,0,43,4,48,4,48,6,50,4,52,4,55,4,57,4,59,2,59,2,62,2,66,-2,62,0,62,4,73,2,71,-4,73,4,66,0,76,-4,76,-4,78,-4,78,-6,76,-13,80,-6,78,-13,80,-13,80,-16,78,-16,76,-25,73,-18,76,-27,76,-32,69,-34,76,-41,69,-43,62,-41,64,-46,66,-46,64,-62,59,-55,55,-64,57,-57,50,-73,48,-62,48,-66,48,-76,34,-73,43,-78,41,-78,39,-78,39,-78,43,-80,41,-82,29,-89,27,-92,29,-85,0,0,0,0,0,0,-89,-25,-87,-27,-87,-13,-82,-18,-89,-16,-78,-20,-78,-9,-85,-4,-80,-4,-73,-2,-76,2,-71,0,-78,4,-73,11,-71,6,-64,18,-71,25,-71,20,-69,18,-62,25,-57,27,-66,23,-55,29,-59,32,-59,36,-57,39,-57,39,-52,46,-57,39,-52,46,-52,41,-52,46,-52,46,-50,50,-52,48,-52,50,-52,50,-43,50,-46,52,-46,46,-41,46,-50,48,-50,48,-48,46,-46,43,-41,46,-43,41,-39,43,-39,39,-36,36,-36,34,-32,34,-36,34,-36,29,-36,32,-34,29,-34,23,0,0,0,0,0,0,0,0,0,0]"""
1782173650608,2026-06-23T09:14:10.608,warning,breathing,lmh,lying_fast_breath,t001,"CSI_DATA,19043,1a:00:00:00:00:00,-61,11,-98,13,45,11,136445190,47,2,256,0,""[0,0,0,0,0,0,0,0,0,0,0,0,41,9,41,9,46,11,46,13,46,13,48,13,50,13,48,18,59,18,57,18,59,16,62,13,64,13,66,16,62,23,71,18,73,16,76,23,69,16,69,20,76,20,73,18,80,18,78,11,80,16,76,4,80,9,80,6,80,6,78,0,76,0,78,-2,78,-4,76,-6,80,-11,80,-16,76,-13,76,-25,76,-25,71,-32,73,-29,76,-41,73,-36,73,-43,69,-36,64,-43,71,-46,64,-57,69,-52,71,-55,64,-57,66,-62,73,-62,71,-66,64,-69,59,-66,59,-69,0,0,0,0,0,0,-66,-59,-71,-59,-69,-50,-64,-52,-73,-50,-66,-46,-64,-43,-69,-43,-66,-36,-64,-39,-66,-32,-66,-32,-73,-29,-66,-23,-69,-25,-66,-18,-69,-13,-66,-16,-66,-16,-71,-9,-71,0,-69,-9,-59,-2,-59,-2,-64,-4,-66,0,-69,4,-64,11,-66,6,-69,13,-64,11,-69,11,-69,9,-62,13,-66,16,-69,9,-62,13,-59,11,-64,16,-64,13,-62,16,-69,13,-64,11,-59,16,-59,9,-59,16,-57,11,-52,13,-50,9,-52,9,-55,9,-48,9,-43,4,-48,0,-41,2,-39,4,-43,0,0,0,0,0,0,0,0,0,0,0]"""
1782173650619,2026-06-23T09:14:10.619,warning,breathing,lmh,lying_fast_breath,t001,"CSI_DATA,19044,1a:00:00:00:00:00,-61,11,-98,18,44,11,136457415,47,2,256,0,""[0,0,0,0,0,0,0,0,0,0,0,0,20,-35,22,-35,26,-38,31,-35,29,-38,31,-33,38,-35,42,-35,42,-38,51,-35,49,-38,51,-35,55,-38,58,-33,62,-26,64,-31,67,-33,69,-26,64,-20,71,-24,71,-20,73,-15,71,-17,76,-17,82,-17,73,-20,78,-13,80,-11,80,-6,80,-11,71,-6,80,-8,78,-6,78,-4,80,-6,76,-11,76,-6,78,-17,82,-8,78,-11,82,-11,76,-17,78,-8,87,-15,80,-6,80,-11,82,-8,85,-11,89,-6,91,-2,82,-2,94,0,91,2,91,-2,98,6,96,6,96,6,0,0,0,0,0,0,26,-91,29,-96,15,-89,26,-85,24,-87,24,-76,22,-78,31,-78,24,-76,35,-73,24,-69,26,-64,24,-73,26,-69,29,-67,22,-67,24,-71,26,-67,29,-55,24,-62,22,-67,29,-62,24,-60,31,-60,33,-53,33,-58,29,-60,29,-62,33,-62,29,-64,31,-58,40,-58,44,-55,35,-60,35,-51,49,-53,49,-53,49,-49,51,-47,49,-42,49,-44,51,-42,55,-38,55,-35,58,-29,53,-29,51,-20,53,-22,49,-17,51,-17,49,-11,47,-6,47,-2,49,4,47,4,44,6,38,6,0,0,0,0,0,0,0,0,0,0]"""
1782173650629,2026-06-23T09:14:10.629,warning,breathing,lmh,lying_fast_breath,t001,"CSI_DATA,19045,1a:00:00:00:00:00,-61,11,-98,14,45,11,136468310,47,2,256,0,""[0,0,0,0,0,0,0,0,0,0,0,0,-17,40,-15,38,-20,38,-24,44,-24,40,-29,40,-29,44,-33,40,-33,49,-38,47,-42,49,-44,47,-44,53,-44,51,-53,44,-53,51,-51,55,-55,49,-55,47,-53,42,-60,40,-62,47,-64,47,-62,49,-64,49,-58,53,-64,47,-62,51,-64,44,-62,53,-58,47,-67,53,-60,53,-60,47,-60,53,-62,53,-55,51,-53,60,-53,55,-51,62,-51,58,-47,69,-53,62,-51,69,-51,62,-49,67,-53,67,-49,69,-47,67,-62,71,-55,71,-53,76,-62,71,-62,69,-55,76,-55,71,-55,71,0,0,0,0,0,0,64,67,64,60,69,55,64,58,67,58,62,58,55,58,60,58,53,51,55,55,55,53,51,51,62,51,51,42,55,49,55,40,55,44,53,42,51,47,58,40,62,35,55,42,49,31,53,38,51,40,55,40,53,38,55,33,55,42,60,33,55,38,58,42,53,40,55,38,53,35,55,49,51,44,49,40,51,47,47,49,47,47,49,47,42,49,42,49,38,47,40,44,33,47,33,49,26,47,29,47,22,47,22,47,15,42,15,44,8,44,8,40,4,40,0,0,0,0,0,0,0,0,0,0]"""
1782173650641,2026-06-23T09:14:10.641,warning,breathing,lmh,lying_fast_breath,t001,"CSI_DATA,19046,1a:00:00:00:00:00,-59,11,-98,18,42,11,136477421,47,2,256,0,""[0,0,0,0,0,0,0,0,0,0,0,0,-36,0,-42,-2,-47,-2,-50,0,-47,0,-53,-2,-47,2,-53,-5,-59,0,-62,8,-56,11,-59,8,-64,16,-62,14,-70,8,-67,11,-70,19,-70,16,-70,22,-76,22,-78,28,-70,25,-67,33,-70,39,-73,39,-62,47,-64,45,-64,39,-62,47,-59,56,-56,50,-64,64,-50,59,-50,64,-53,64,-33,64,-39,62,-33,84,-28,90,-22,81,-8,84,-14,87,-56,90,-5,76,-11,78,-36,112,5,107,-5,76,25,14,-16,73,-5,98,-25,101,95,42,14,112,31,115,107,2,50,112,0,0,0,0,0,0,93,-50,-16,-14,76,-70,42,-45,104,-124,45,-28,53,-90,25,-112,-2,-56,47,-42,5,-67,19,-33,25,-67,22,-76,14,-39,2,-59,8,-70,8,-78,22,-67,-5,-59,-2,-64,-2,-73,-14,-67,-5,-67,-11,-64,-14,-70,-19,-62,-28,-62,-28,-64,-36,-53,-31,-56,-33,-64,-33,-59,-42,-56,-36,-50,-45,-64,-45,-56,-42,-53,-45,-56,-39,-47,-45,-45,-47,-47,-53,-45,-47,-42,-45,-45,-47,-39,-47,-42,-45,-39,-36,-36,-39,-33,-36,-33,-36,-31,-39,-31,-33,-33,-39,-28,-28,-28,-31,-36,0,0,0,0,0,0,0,0,0,0]"""
1782173650652,2026-06-23T09:14:10.652,warning,breathing,lmh,lying_fast_breath,t001,"CSI_DATA,19047,1a:00:00:00:00:00,-61,11,-98,14,45,11,136489734,47,2,256,0,""[0,0,0,0,0,0,0,0,0,0,0,0,40,17,38,22,38,24,42,26,40,24,42,29,44,26,47,29,51,29,47,31,55,31,53,31,60,29,62,31,55,38,62,33,71,29,69,31,62,31,67,33,69,33,69,33,71,29,73,26,78,29,76,17,73,24,80,24,76,20,78,13,76,13,85,13,80,11,76,4,82,2,82,-6,73,-6,80,-15,76,-15,76,-24,78,-20,73,-33,78,-29,76,-35,78,-35,73,-40,76,-40,71,-47,71,-44,76,-49,71,-55,69,-58,78,-60,73,-58,69,-64,67,-64,67,-67,0,0,0,0,0,0,-62,-64,-64,-58,-69,-51,-69,-51,-69,-49,-69,-49,-64,-40,-69,-47,-67,-35,-69,-38,-69,-29,-62,-29,-73,-26,-67,-26,-71,-20,-67,-11,-71,-13,-67,-11,-64,-13,-67,-2,-69,2,-69,-2,-62,0,-62,0,-64,-2,-64,4,-67,8,-67,13,-67,11,-62,24,-64,15,-69,20,-62,17,-64,24,-60,22,-71,17,-67,20,-60,20,-64,20,-62,20,-58,24,-62,26,-62,20,-60,22,-58,20,-55,24,-53,22,-55,20,-53,17,-47,17,-49,17,-38,13,-47,11,-44,8,-44,11,-40,11,-44,6,0,0,0,0,0,0,0,0,0,0]"""
1782173650661,2026-06-23T09:14:10.661,warning,breathing,lmh,lying_fast_breath,t001,"CSI_DATA,19048,1a:00:00:00:00:00,-61,11,-98,22,43,11,136499868,47,2,256,0,""[0,0,0,0,0,0,0,0,0,0,0,0,-35,26,-35,26,-35,26,-40,22,-42,22,-44,24,-42,26,-49,20,-53,31,-55,24,-58,24,-55,29,-60,33,-62,31,-67,24,-64,26,-67,33,-71,29,-67,24,-62,26,-69,24,-71,29,-76,26,-73,26,-80,26,-71,35,-73,29,-78,29,-73,29,-71,35,-69,33,-71,38,-69,35,-64,35,-69,40,-69,42,-64,40,-55,49,-64,53,-60,53,-62,49,-58,62,-60,58,-62,67,-55,55,-53,64,-58,62,-53,62,-55,69,-60,73,-51,73,-55,76,-62,78,-60,71,-51,82,-51,76,-51,78,0,0,0,0,0,0,73,55,73,58,71,47,69,49,73,47,62,49,69,47,64,49,69,42,62,44,62,35,58,42,69,40,69,38,62,33,64,26,71,29,67,26,60,31,64,22,67,15,60,26,60,15,62,20,64,22,67,15,62,20,67,8,64,17,67,8,67,8,71,13,71,13,67,8,62,13,64,20,67,17,71,13,69,15,69,20,62,15,67,20,62,22,60,13,58,22,58,15,53,24,53,17,49,24,47,22,47,26,40,22,42,24,42,29,35,26,35,26,33,31,0,0,0,0,0,0,0,0,0,0]"""
1782173650674,2026-06-23T09:14:10.674,warning,breathing,lmh,lying_fast_breath,t001,"CSI_DATA,19049,1a:00:00:00:00:00,-61,11,-98,14,45,11,136511982,47,2,256,0,""[0,0,0,0,0,0,0,0,0,0,0,0,-33,26,-33,24,-35,26,-42,26,-40,26,-44,24,-42,26,-49,26,-51,29,-49,29,-53,29,-53,31,-55,35,-58,38,-60,29,-62,33,-62,40,-64,35,-60,38,-64,35,-69,31,-62,40,-71,38,-67,40,-69,42,-62,47,-67,40,-71,47,-62,44,-60,55,-58,44,-60,53,-55,53,-53,53,-53,58,-55,62,-49,53,-47,64,-49,62,-40,71,-44,69,-38,73,-40,73,-33,78,-35,73,-31,76,-33,80,-26,78,-26,82,-29,87,-24,85,-24,89,-31,91,-29,89,-20,96,-20,91,-15,91,0,0,0,0,0,0,91,24,89,20,89,6,87,17,87,13,82,13,80,6,82,6,76,4,76,6,73,2,71,2,78,-4,71,-4,71,-2,67,-6,69,-15,67,-11,67,-8,64,-13,69,-22,67,-13,58,-17,60,-22,62,-22,62,-24,67,-24,58,-31,60,-29,60,-35,62,-29,64,-29,60,-26,58,-33,58,-31,60,-31,62,-29,58,-33,62,-31,58,-26,60,-29,62,-29,60,-26,55,-29,58,-24,55,-31,53,-24,51,-22,53,-13,51,-17,49,-15,44,-13,42,-11,47,-8,38,-11,44,-4,38,0,0,0,0,0,0,0,0,0,0,0]"""
1782173650685,2026-06-23T09:14:10.685,warning,breathing,lmh,lying_fast_breath,t001,"CSI_DATA,19050,1a:00:00:00:00:00,-61,11,-98,19,44,11,136524101,47,2,256,0,""[0,0,0,0,0,0,0,0,0,0,0,0,39,13,39,17,39,23,36,23,41,23,45,28,41,30,41,32,47,34,41,39,47,43,47,39,54,41,50,47,47,52,47,52,50,47,52,54,45,52,52,60,50,65,47,56,50,58,54,60,50,67,50,54,43,65,50,67,52,63,52,58,47,60,52,63,54,60,54,60,56,60,58,56,54,52,60,52,60,54,65,50,60,54,67,43,63,50,73,56,63,50,63,47,73,50,65,47,71,47,76,58,80,56,73,47,71,56,73,56,82,54,82,54,78,58,0,0,0,0,0,0,69,-71,67,-69,56,-73,52,-67,54,-69,54,-60,52,-65,56,-67,54,-60,52,-56,47,-63,43,-56,45,-56,50,-58,47,-58,36,-54,43,-63,39,-60,41,-54,34,-60,30,-63,43,-58,34,-56,36,-58,36,-56,36,-58,39,-60,32,-60,36,-63,28,-60,36,-58,41,-58,36,-60,34,-60,36,-54,45,-63,43,-56,41,-56,41,-56,43,-47,39,-47,43,-47,47,-54,45,-50,45,-43,41,-45,45,-39,47,-39,45,-28,45,-28,47,-23,43,-21,41,-23,43,-21,47,-17,36,-13,47,-6,0,0,0,0,0,0,0,0,0,0]"""
1782173650696,2026-06-23T09:14:10.696,warning,breathing,lmh,lying_fast_breath,t001,"CSI_DATA,19051,1a:00:00:00:00:00,-61,11,-98,19,44,11,136532949,47,2,256,0,""[0,0,0,0,0,0,0,0,0,0,0,0,39,-10,41,-8,45,-6,47,-2,50,0,50,2,52,4,56,6,58,4,58,8,60,8,58,4,63,15,67,15,65,26,67,19,69,17,71,30,63,26,63,36,71,41,69,34,69,36,73,36,73,39,69,32,69,36,67,41,71,43,73,36,63,36,71,41,69,39,67,39,69,39,73,34,67,32,71,32,73,36,76,30,73,36,73,26,78,34,80,32,76,30,78,30,73,36,78,30,80,36,84,43,87,39,87,41,84,50,78,45,87,45,89,43,84,47,0,0,0,0,0,0,58,-71,67,-71,54,-71,60,-69,50,-69,56,-58,54,-65,58,-67,47,-54,52,-54,50,-58,47,-50,47,-60,52,-54,47,-52,43,-58,50,-58,47,-52,50,-52,41,-56,39,-54,50,-52,36,-50,43,-52,50,-50,47,-54,43,-50,43,-54,47,-52,41,-54,47,-47,50,-47,52,-47,47,-50,45,-41,58,-43,54,-45,56,-41,58,-41,54,-36,54,-30,56,-30,60,-28,58,-30,63,-23,56,-26,56,-21,63,-19,50,-8,50,-13,50,-2,43,-6,47,-2,50,4,47,4,41,4,45,10,0,0,0,0,0,0,0,0,0,0]"""
1782173650707,2026-06-23T09:14:10.707,warning,breathing,lmh,lying_fast_breath,t001,"CSI_DATA,19052,1a:00:00:00:00:00,-61,11,-98,20,44,11,136543894,47,2,256,0,""[0,0,0,0,0,0,0,0,0,0,0,0,-19,-35,-19,-33,-16,-44,-16,-46,-14,-46,-14,-46,-14,-48,-12,-52,-16,-57,-16,-57,-16,-59,-16,-63,-19,-65,-16,-65,-8,-69,-12,-65,-19,-71,-14,-73,-6,-63,-12,-76,-12,-73,-6,-80,-12,-78,-14,-71,-10,-84,-16,-76,-6,-78,-12,-78,-12,-80,-19,-73,-19,-69,-16,-78,-16,-76,-16,-78,-25,-78,-29,-78,-25,-67,-33,-71,-31,-71,-42,-76,-35,-71,-46,-67,-40,-76,-46,-67,-35,-65,-42,-69,-42,-69,-48,-69,-46,-73,-50,-76,-54,-73,-52,-71,-50,-82,-46,-78,-63,-73,-54,-78,-52,-71,0,0,0,0,0,0,-76,48,-78,50,-67,50,-69,46,-71,52,-67,46,-65,48,-69,50,-61,46,-63,44,-52,48,-54,42,-54,54,-57,50,-54,46,-44,48,-48,54,-46,54,-50,48,-50,50,-35,59,-48,54,-35,52,-38,52,-42,54,-44,54,-42,54,-35,54,-40,59,-29,61,-38,54,-38,57,-42,57,-38,61,-38,54,-44,54,-38,59,-40,54,-44,50,-42,52,-40,48,-40,50,-42,50,-42,48,-44,42,-42,46,-42,35,-46,48,-40,33,-42,33,-44,31,-40,29,-44,27,-44,25,-40,23,-40,21,-38,14,0,0,0,0,0,0,0,0,0,0]"""
1782173650718,2026-06-23T09:14:10.718,warning,breathing,lmh,lying_fast_breath,t001,"CSI_DATA,19053,1a:00:00:00:00:00,-61,11,-98,19,44,11,136555702,47,2,256,0,""[0,0,0,0,0,0,0,0,0,0,0,0,-2,39,-4,43,-10,41,-10,45,-15,41,-17,47,-17,52,-23,47,-28,52,-28,50,-30,54,-30,58,-32,58,-34,52,-41,52,-41,56,-45,63,-50,54,-50,50,-47,50,-56,45,-60,52,-58,47,-58,52,-67,50,-54,47,-63,47,-69,50,-63,43,-63,50,-63,43,-69,50,-65,50,-67,39,-63,43,-67,47,-58,45,-60,52,-65,47,-58,52,-65,50,-54,58,-67,54,-67,56,-69,50,-65,52,-65,50,-60,50,-69,52,-73,50,-73,54,-76,52,-84,52,-76,43,-82,52,-80,50,-82,41,0,0,0,0,0,0,32,93,26,87,39,87,34,80,30,78,26,80,21,76,21,87,21,71,19,73,19,76,13,71,21,71,17,69,15,67,17,67,23,76,15,67,15,69,19,65,26,65,15,67,15,60,13,65,10,67,10,71,13,63,15,65,8,71,17,67,8,69,6,71,4,67,10,71,8,65,-2,76,-4,73,-6,65,-8,69,-8,65,-10,60,-15,67,-17,63,-13,60,-21,63,-15,54,-23,54,-26,56,-23,45,-28,45,-32,41,-28,39,-30,36,-34,32,-34,30,-32,28,-39,26,0,0,0,0,0,0,0,0,0,0]"""
1782173650729,2026-06-23T09:14:10.729,warning,breathing,lmh,lying_fast_breath,t001,"CSI_DATA,19054,1a:00:00:00:00:00,-61,11,-98,18,44,11,136567831,47,2,256,0,""[0,0,0,0,0,0,0,0,0,0,0,0,40,6,40,15,44,13,42,20,42,20,40,22,44,24,44,26,47,29,51,31,49,35,47,33,58,40,53,42,49,44,49,49,53,47,53,51,47,51,49,60,53,62,51,53,51,58,53,58,51,64,49,55,44,60,47,62,47,64,51,60,47,55,49,69,47,62,51,60,55,62,53,58,47,55,51,58,53,64,58,55,58,60,55,55,55,55,64,55,55,51,58,53,58,58,67,51,62,55,64,64,71,67,60,64,60,67,60,67,69,69,67,67,64,73,0,0,0,0,0,0,80,-51,78,-55,69,-51,69,-53,73,-49,67,-44,69,-49,69,-44,64,-40,64,-35,58,-44,60,-38,60,-42,67,-38,62,-38,55,-40,60,-47,58,-38,53,-35,53,-38,53,-42,55,-40,47,-40,55,-42,58,-42,53,-40,53,-38,51,-47,60,-40,47,-42,53,-40,60,-40,60,-40,55,-40,53,-35,67,-31,60,-38,55,-33,62,-35,60,-29,55,-26,64,-17,67,-17,60,-20,62,-15,58,-15,58,-13,58,-11,53,-2,47,-6,49,2,47,0,49,4,49,11,42,8,44,13,38,17,0,0,0,0,0,0,0,0,0,0]"""
1782173650740,2026-06-23T09:14:10.740,warning,breathing,lmh,lying_fast_breath,t001,"CSI_DATA,19055,1a:00:00:00:00:00,-61,11,-98,18,44,11,136576702,47,2,256,0,""[0,0,0,0,0,0,0,0,0,0,0,0,6,-38,8,-38,8,-44,15,-47,13,-44,17,-47,15,-49,17,-47,20,-55,20,-53,20,-55,20,-58,22,-62,26,-62,29,-60,31,-67,24,-71,31,-67,29,-62,35,-64,42,-64,31,-69,35,-67,31,-73,35,-73,29,-71,35,-69,33,-73,31,-69,26,-73,31,-67,31,-76,24,-76,24,-73,20,-82,20,-76,17,-71,11,-76,13,-76,4,-80,6,-78,2,-80,8,-80,-4,-91,4,-80,-2,-78,0,-82,-6,-80,-6,-87,-6,-89,-4,-91,-6,-91,-2,-94,-2,-89,-4,-96,-11,-96,-8,-91,0,0,0,0,0,0,-91,6,-91,6,-91,8,-85,4,-87,15,-80,4,-78,13,-80,4,-76,11,-76,6,-71,15,-69,11,-73,20,-73,17,-71,17,-64,20,-69,26,-67,26,-69,17,-60,22,-62,33,-67,20,-53,26,-60,24,-60,22,-62,24,-60,26,-55,35,-62,29,-51,40,-58,31,-62,33,-60,31,-58,33,-58,31,-64,33,-62,33,-55,33,-62,31,-55,24,-58,29,-62,22,-60,26,-58,22,-58,20,-60,20,-51,15,-53,20,-49,13,-49,15,-51,8,-47,6,-47,8,-49,2,-42,2,-42,2,-47,-4,0,0,0,0,0,0,0,0,0,0]"""
1782173650751,2026-06-23T09:14:10.751,warning,breathing,lmh,lying_fast_breath,t001,"CSI_DATA,19056,1a:00:00:00:00:00,-61,11,-98,14,45,11,136587420,47,2,256,0,""[0,0,0,0,0,0,0,0,0,0,0,0,24,-33,26,-33,33,-33,35,-33,35,-31,40,-31,44,-35,42,-31,47,-33,51,-31,53,-35,49,-35,55,-38,55,-35,62,-26,64,-33,64,-38,69,-29,67,-24,67,-26,62,-24,73,-24,73,-29,69,-29,76,-29,73,-31,73,-26,76,-26,76,-24,71,-29,69,-26,76,-29,73,-24,69,-24,73,-31,71,-31,69,-33,69,-40,73,-33,71,-42,69,-35,67,-47,69,-40,73,-47,69,-40,67,-47,73,-42,69,-47,69,-42,78,-42,76,-51,76,-49,80,-47,82,-47,80,-53,82,-49,78,-49,0,0,0,0,0,0,-35,-80,-33,-82,-42,-73,-38,-78,-35,-76,-35,-76,-33,-76,-31,-73,-31,-73,-29,-69,-31,-67,-26,-64,-35,-67,-31,-67,-33,-64,-40,-58,-38,-64,-33,-58,-26,-60,-35,-58,-42,-53,-35,-62,-33,-53,-31,-58,-33,-60,-31,-60,-38,-55,-40,-55,-35,-60,-42,-53,-33,-55,-35,-55,-33,-58,-33,-58,-35,-53,-29,-67,-29,-64,-26,-58,-26,-64,-24,-60,-24,-58,-26,-60,-17,-62,-17,-58,-11,-58,-17,-55,-11,-51,-11,-55,-6,-58,-4,-51,2,-53,-2,-47,4,-44,6,-47,8,-42,4,-40,11,-40,0,0,0,0,0,0,0,0,0,0]"""
1782173650763,2026-06-23T09:14:10.763,warning,breathing,lmh,lying_fast_breath,t001,"CSI_DATA,19057,1a:00:00:00:00:00,-61,11,-98,19,44,11,136598420,47,2,256,0,""[0,0,0,0,0,0,0,0,0,0,0,0,-39,8,-43,4,-41,2,-50,0,-52,2,-50,-6,-52,0,-52,-4,-58,-6,-56,-8,-60,-10,-58,-10,-67,-10,-65,-15,-65,-21,-63,-23,-69,-17,-67,-26,-63,-30,-73,-28,-73,-30,-71,-32,-67,-34,-71,-32,-71,-39,-67,-34,-60,-41,-69,-39,-65,-39,-69,-36,-60,-39,-76,-41,-69,-34,-65,-39,-73,-36,-73,-34,-63,-30,-71,-34,-73,-36,-73,-28,-73,-36,-73,-23,-76,-36,-78,-30,-73,-30,-73,-26,-76,-30,-73,-28,-80,-34,-80,-39,-84,-36,-87,-36,-87,-45,-76,-45,-84,-52,-89,-50,-87,-41,0,0,0,0,0,0,-58,78,-58,71,-50,73,-45,69,-50,65,-47,65,-50,65,-56,69,-47,58,-52,54,-47,58,-43,50,-41,63,-43,54,-50,56,-43,58,-43,58,-43,56,-41,52,-36,50,-36,56,-41,52,-39,54,-39,54,-47,52,-41,52,-39,50,-43,56,-45,56,-39,54,-43,47,-45,50,-50,50,-50,54,-43,45,-56,50,-52,43,-47,43,-54,45,-52,39,-47,32,-56,36,-58,30,-54,34,-58,30,-50,26,-56,21,-54,23,-50,10,-52,15,-54,8,-50,13,-45,6,-47,0,-47,-2,-43,-2,-39,-6,0,0,0,0,0,0,0,0,0,0]"""
1782173650774,2026-06-23T09:14:10.774,warning,breathing,lmh,lying_fast_breath,t001,"CSI_DATA,19058,1a:00:00:00:00:00,-61,11,-98,14,45,11,136613366,47,2,256,0,""[0,0,0,0,0,0,0,0,0,0,0,0,13,40,8,42,6,40,0,49,2,49,-2,49,-2,49,-4,51,-4,62,-11,58,-11,60,-8,60,-15,64,-15,67,-24,64,-24,64,-20,73,-29,71,-31,62,-35,67,-38,64,-40,64,-38,64,-38,67,-47,67,-38,67,-47,60,-51,67,-47,60,-44,67,-44,60,-51,64,-49,62,-47,58,-49,64,-47,67,-44,58,-44,69,-47,60,-42,64,-47,64,-35,71,-47,71,-44,71,-51,67,-47,69,-49,67,-49,67,-49,64,-60,69,-53,69,-53,73,-64,71,-62,67,-62,69,-64,69,-62,64,0,0,0,0,0,0,53,76,51,69,55,69,51,76,51,71,44,71,42,62,47,71,38,64,38,69,38,62,31,62,42,64,31,60,33,64,35,58,35,62,31,58,31,67,35,58,38,55,29,62,29,55,29,55,22,60,31,58,26,60,33,60,24,64,31,60,26,60,22,69,20,62,22,62,20,62,13,71,11,64,13,64,6,69,6,69,8,58,2,67,-2,69,0,60,-8,60,-4,58,-8,60,-11,58,-13,53,-17,47,-20,44,-15,42,-22,38,-26,35,-26,33,-24,33,-33,26,0,0,0,0,0,0,0,0,0,0]"""
1782173650784,2026-06-23T09:14:10.784,warning,breathing,lmh,lying_fast_breath,t001,"CSI_DATA,19059,1a:00:00:00:00:00,-61,11,-98,17,44,11,136620420,47,2,256,0,""[0,0,0,0,0,0,0,0,0,0,0,0,39,-9,39,-6,46,-4,46,2,46,0,48,6,50,2,52,4,55,6,59,4,59,9,59,6,66,9,66,9,66,16,66,16,73,9,73,18,69,18,73,25,78,27,71,25,76,23,76,18,78,27,73,16,73,25,76,25,76,27,76,18,71,16,80,20,80,16,73,20,80,13,80,9,73,9,82,6,80,13,80,4,80,6,80,0,76,2,87,-4,80,2,80,-4,87,2,82,-6,80,-2,89,-2,87,-2,89,0,89,0,92,2,101,0,96,0,87,-4,0,0,0,0,0,0,4,-92,2,-94,-6,-85,-4,-85,0,-82,6,-80,2,-82,2,-85,4,-78,4,-71,-2,-78,0,-71,-2,-76,-2,-73,-2,-71,-11,-69,-13,-71,-6,-71,-4,-69,-9,-66,-11,-66,-4,-62,-11,-62,-11,-66,-9,-64,-11,-66,-11,-64,-18,-66,-11,-64,-20,-69,-13,-62,-13,-69,-6,-69,-16,-66,-11,-66,-11,-71,-11,-69,-6,-64,-9,-66,-4,-64,-6,-62,-4,-64,2,-64,0,-64,6,-62,-4,-62,9,-59,6,-59,9,-52,9,-50,11,-48,11,-46,16,-43,13,-46,20,-39,20,-36,20,-34,0,0,0,0,0,0,0,0,0,0]"""
1782173650794,2026-06-23T09:14:10.794,warning,breathing,lmh,lying_fast_breath,t001,"CSI_DATA,19060,1a:00:00:00:00:00,-61,11,-98,14,45,11,136631756,47,2,256,0,""[0,0,0,0,0,0,0,0,0,0,0,0,4,40,2,44,2,42,-2,49,0,44,-6,51,-6,53,-6,49,-6,60,-11,55,-13,62,-11,62,-11,62,-15,64,-22,64,-20,69,-17,73,-24,69,-26,67,-24,67,-26,62,-29,71,-31,69,-29,71,-33,73,-29,71,-35,67,-38,76,-33,69,-24,71,-29,69,-33,80,-29,76,-24,71,-26,78,-24,76,-20,69,-15,78,-22,76,-15,76,-17,76,-11,80,-15,80,-11,85,-17,85,-13,82,-15,85,-11,82,-8,80,-11,89,-11,87,-11,87,-17,91,-24,89,-8,96,-15,89,-13,94,0,0,0,0,0,0,89,24,87,22,89,15,85,22,80,20,78,24,73,17,80,20,76,17,73,24,78,17,67,20,76,15,67,15,69,17,69,11,69,11,67,8,67,13,64,6,69,2,67,11,62,4,64,4,62,8,62,8,64,11,69,0,67,6,69,0,64,6,67,6,64,8,64,4,64,6,69,15,64,15,64,11,62,17,62,17,58,15,62,20,60,22,55,17,55,24,60,20,51,24,47,22,44,33,42,26,42,33,40,26,33,26,31,29,31,31,31,33,24,33,0,0,0,0,0,0,0,0,0,0]"""
1782173650805,2026-06-23T09:14:10.805,warning,breathing,lmh,lying_fast_breath,t001,"CSI_DATA,19061,1a:00:00:00:00:00,-61,11,-98,19,44,11,136643317,47,2,256,0,""[0,0,0,0,0,0,0,0,0,0,0,0,4,39,2,39,0,45,-4,50,-2,50,-6,47,-6,50,-4,54,-4,56,0,63,-2,60,-4,63,2,63,-2,69,-8,65,-6,67,2,71,-4,73,-2,69,-4,80,-6,76,0,76,6,73,8,78,8,84,10,76,8,76,8,80,13,78,19,76,19,76,23,82,26,80,23,73,32,76,34,65,36,65,43,65,39,67,50,65,50,65,58,58,54,60,63,58,56,56,65,52,67,52,67,45,69,52,73,50,73,47,73,45,76,47,78,52,84,45,89,39,82,39,0,0,0,0,0,0,39,-84,34,-82,28,-80,28,-78,21,-82,23,-76,19,-78,19,-87,19,-76,17,-73,10,-73,4,-67,6,-76,6,-71,2,-71,-4,-67,-4,-71,-4,-71,-2,-67,-8,-65,-15,-65,-10,-63,-17,-58,-19,-63,-21,-67,-19,-63,-21,-60,-32,-63,-32,-67,-34,-54,-30,-58,-32,-60,-32,-60,-34,-63,-34,-54,-34,-65,-32,-60,-34,-56,-32,-58,-34,-56,-34,-50,-34,-52,-32,-60,-30,-54,-28,-56,-34,-43,-28,-47,-28,-50,-23,-47,-26,-41,-26,-43,-21,-43,-17,-45,-19,-47,-15,-41,-15,-34,-10,-43,0,0,0,0,0,0,0,0,0,0]"""
1782173650816,2026-06-23T09:14:10.816,warning,breathing,lmh,lying_fast_breath,t001,"CSI_DATA,19062,1a:00:00:00:00:00,-61,11,-98,19,44,11,136653420,47,2,256,0,""[0,0,0,0,0,0,0,0,0,0,0,0,-15,34,-15,34,-23,39,-21,41,-26,45,-26,43,-21,45,-21,47,-21,56,-23,54,-26,56,-17,58,-23,67,-21,63,-26,56,-23,63,-19,67,-26,69,-23,67,-17,69,-17,73,-19,76,-17,73,-17,73,-17,82,-8,78,-13,76,-6,78,-8,80,2,76,0,78,2,82,8,76,13,78,19,78,23,80,19,71,26,76,32,78,39,69,36,73,50,69,43,65,52,69,47,63,60,58,56,60,60,54,63,56,69,60,69,60,71,56,73,54,71,56,82,54,73,45,84,43,0,0,0,0,0,0,47,-80,43,-84,28,-82,30,-78,26,-80,28,-76,23,-78,26,-80,15,-76,15,-71,8,-73,6,-69,0,-80,2,-73,0,-69,-8,-65,-13,-76,-13,-71,-10,-69,-17,-65,-19,-60,-19,-67,-26,-58,-28,-63,-23,-60,-28,-58,-30,-58,-36,-58,-36,-60,-43,-54,-36,-54,-39,-54,-36,-58,-41,-50,-43,-50,-43,-56,-47,-54,-45,-50,-47,-54,-45,-43,-43,-43,-45,-45,-45,-50,-45,-45,-41,-43,-43,-39,-36,-41,-41,-39,-36,-39,-39,-34,-30,-36,-32,-32,-30,-34,-30,-34,-28,-36,-28,-34,-19,-36,0,0,0,0,0,0,0,0,0,0]"""
1782173650827,2026-06-23T09:14:10.827,warning,breathing,lmh,lying_fast_breath,t001,"CSI_DATA,19063,1a:00:00:00:00:00,-61,11,-98,19,44,11,136664419,47,2,256,0,""[0,0,0,0,0,0,0,0,0,0,0,0,-15,-36,-17,-39,-17,-43,-10,-50,-10,-45,-8,-47,-10,-52,-4,-50,-8,-58,-6,-56,-2,-58,-4,-65,-6,-67,-2,-69,6,-67,-2,-67,-4,-73,6,-76,4,-69,8,-69,13,-71,2,-76,13,-76,4,-80,10,-80,6,-78,13,-78,13,-80,4,-73,2,-80,10,-73,6,-80,6,-76,4,-76,4,-82,-4,-76,2,-71,-6,-80,2,-78,-8,-82,-8,-87,-13,-80,-10,-82,-15,-84,-8,-78,-13,-76,-13,-82,-17,-82,-17,-84,-10,-95,-15,-87,-15,-89,-6,-95,-6,-91,-19,-100,-15,-93,-19,-89,0,0,0,0,0,0,-95,4,-87,6,-91,8,-89,2,-87,4,-78,0,-82,6,-84,6,-78,4,-76,2,-71,4,-71,6,-71,13,-73,6,-71,2,-63,10,-73,13,-65,8,-69,6,-65,13,-69,19,-67,8,-58,15,-65,13,-65,10,-69,13,-67,13,-63,19,-69,15,-63,17,-63,10,-71,15,-65,13,-67,19,-65,10,-76,10,-63,10,-63,13,-69,2,-65,-4,-63,2,-63,-4,-65,-4,-65,-4,-58,-4,-58,-2,-56,-4,-56,-4,-50,-10,-47,-10,-52,-15,-47,-19,-43,-17,-45,-19,-41,-21,-36,-21,-36,-28,0,0,0,0,0,0,0,0,0,0]"""
1782173650840,2026-06-23T09:14:10.840,warning,breathing,lmh,lying_fast_breath,t001,"CSI_DATA,19064,1a:00:00:00:00:00,-61,11,-98,19,44,11,136677858,47,2,256,0,""[0,0,0,0,0,0,0,0,0,0,0,0,-8,-41,-4,-39,-4,-45,-8,-50,-6,-52,-6,-50,-6,-50,-2,-54,-8,-56,-8,-56,-8,-60,-8,-65,-13,-69,-8,-67,-10,-71,-13,-67,-21,-71,-8,-73,-13,-71,-13,-63,-8,-67,-19,-78,-15,-71,-17,-73,-17,-82,-26,-71,-23,-73,-26,-78,-23,-76,-34,-71,-32,-69,-34,-71,-36,-71,-36,-67,-45,-67,-50,-65,-47,-56,-52,-56,-52,-58,-60,-56,-54,-58,-69,-47,-65,-50,-73,-45,-67,-43,-69,-36,-73,-43,-71,-34,-76,-36,-80,-41,-80,-32,-82,-32,-89,-34,-82,-34,-93,-28,-91,-30,-87,-28,0,0,0,0,0,0,-32,93,-23,84,-13,89,-13,87,-15,84,-13,80,-8,76,-8,84,-2,76,-2,73,-2,76,2,71,8,76,2,69,2,67,13,71,17,76,15,69,10,67,19,60,30,63,19,63,26,56,23,56,26,63,32,60,32,58,36,56,34,63,41,54,39,56,39,60,41,54,45,50,36,52,43,60,43,52,39,52,43,54,41,50,39,47,43,50,43,54,45,52,39,52,36,45,30,45,32,43,28,41,30,41,26,41,28,36,26,43,21,41,19,39,21,41,13,39,0,0,0,0,0,0,0,0,0,0]"""
1782173650851,2026-06-23T09:14:10.851,warning,breathing,lmh,lying_fast_breath,t001,"CSI_DATA,19065,1a:00:00:00:00:00,-61,11,-98,23,43,11,136687914,47,2,256,0,""[0,0,0,0,0,0,0,0,0,0,0,0,-39,-2,-41,0,-45,-6,-45,-8,-50,-6,-47,-6,-52,-6,-50,-8,-56,-4,-56,-6,-63,-6,-58,-2,-67,0,-60,-2,-67,-6,-71,-4,-71,2,-76,-4,-69,2,-63,-2,-69,-4,-76,8,-78,0,-76,8,-80,6,-76,19,-76,13,-73,17,-76,17,-76,28,-67,23,-78,28,-71,32,-65,34,-69,41,-63,41,-58,41,-60,50,-63,47,-54,56,-54,58,-52,65,-52,60,-52,71,-45,65,-43,69,-45,73,-36,69,-34,78,-41,80,-36,84,-32,82,-34,84,-34,84,-26,93,-23,89,-15,89,0,0,0,0,0,0,93,21,84,17,89,8,87,15,87,4,82,10,82,-4,87,2,71,-4,76,-2,71,-6,69,-6,73,-15,73,-13,71,-15,63,-21,65,-30,63,-28,60,-23,58,-32,58,-41,58,-30,52,-39,50,-36,54,-36,52,-43,52,-43,45,-52,52,-47,45,-54,45,-47,47,-52,41,-54,39,-54,41,-52,43,-56,39,-56,41,-52,41,-52,39,-54,34,-47,36,-54,41,-54,36,-54,36,-50,28,-50,32,-45,30,-52,30,-43,32,-41,30,-41,30,-39,28,-36,32,-39,34,-34,28,-30,32,-28,0,0,0,0,0,0,0,0,0,0]"""
1782173650861,2026-06-23T09:14:10.861,warning,breathing,lmh,lying_fast_breath,t001,"CSI_DATA,19066,1a:00:00:00:00:00,-61,11,-98,17,44,11,136698186,47,2,256,0,""[0,0,0,0,0,0,0,0,0,0,0,0,-23,-29,-20,-32,-23,-36,-25,-43,-20,-46,-20,-41,-20,-43,-20,-43,-25,-52,-23,-50,-25,-52,-25,-55,-27,-64,-27,-59,-23,-62,-27,-64,-32,-64,-25,-64,-27,-64,-27,-66,-25,-69,-25,-73,-27,-69,-29,-69,-27,-76,-36,-69,-27,-71,-32,-66,-32,-69,-39,-66,-34,-66,-39,-71,-39,-71,-39,-59,-46,-66,-46,-62,-46,-52,-52,-57,-55,-57,-59,-52,-55,-59,-66,-48,-62,-50,-69,-52,-62,-48,-66,-46,-66,-46,-69,-43,-73,-43,-76,-50,-73,-48,-80,-43,-76,-50,-76,-50,-82,-48,-85,-43,-80,-46,0,0,0,0,0,0,-50,82,-41,82,-32,80,-41,76,-39,73,-36,69,-29,73,-36,76,-29,69,-32,64,-23,66,-25,64,-16,71,-23,71,-20,69,-11,66,-11,73,-11,69,-16,69,-4,66,-4,64,-11,71,0,62,-2,62,-6,64,-6,69,-2,64,4,71,0,69,11,66,6,59,2,66,4,66,2,64,4,66,0,71,4,69,6,66,2,69,2,66,6,62,2,66,2,62,-2,62,-2,62,2,59,-2,57,0,59,-4,50,0,50,-9,48,-9,46,-9,43,-9,43,-11,46,-13,39,-13,36,0,0,0,0,0,0,0,0,0,0]"""
1782173650872,2026-06-23T09:14:10.872,warning,breathing,lmh,lying_fast_breath,t001,"CSI_DATA,19067,1a:00:00:00:00:00,-61,11,-98,19,44,11,136708480,47,2,256,0,""[0,0,0,0,0,0,0,0,0,0,0,0,-19,-34,-17,-36,-19,-39,-19,-43,-17,-45,-19,-43,-21,-47,-19,-50,-28,-52,-23,-52,-26,-60,-28,-50,-30,-60,-28,-63,-23,-63,-28,-63,-34,-58,-30,-67,-26,-60,-32,-60,-30,-63,-32,-71,-34,-67,-36,-65,-36,-71,-43,-65,-39,-65,-45,-63,-41,-65,-47,-60,-45,-58,-50,-58,-54,-58,-52,-54,-60,-56,-65,-52,-63,-45,-65,-41,-65,-47,-73,-41,-71,-39,-73,-32,-71,-30,-78,-28,-76,-28,-78,-21,-78,-21,-80,-19,-80,-19,-84,-21,-87,-17,-91,-10,-91,-21,-89,-21,-93,-10,-89,-4,-91,0,0,0,0,0,0,0,-8,95,-4,89,2,91,0,87,0,87,4,82,6,80,6,82,6,76,10,73,15,73,17,71,17,78,19,67,19,67,26,65,23,65,28,65,23,63,28,60,39,56,32,58,32,52,36,54,34,58,39,56,36,52,43,50,45,54,50,45,41,47,47,52,45,47,47,45,45,45,43,52,50,50,47,47,47,50,45,45,45,41,50,45,43,47,50,45,43,45,43,43,36,41,41,41,34,41,32,36,34,39,30,36,28,39,28,41,23,36,26,34,23,39,0,0,0,0,0,0,0,0,0,0]"""
1782173650883,2026-06-23T09:14:10.883,warning,breathing,lmh,lying_fast_breath,t001,"CSI_DATA,19068,1a:00:00:00:00:00,-61,11,-98,20,44,11,136719424,47,2,256,0,""[0,0,0,0,0,0,0,0,0,0,0,0,25,35,23,31,25,38,23,40,23,40,21,44,27,42,23,46,27,52,25,50,25,52,31,57,31,59,31,61,25,65,27,63,35,65,27,65,29,67,29,69,29,73,29,69,27,65,33,65,35,73,42,63,35,67,40,73,38,71,44,65,38,63,46,67,46,65,46,65,50,65,52,54,48,52,57,52,57,54,63,52,61,57,69,40,67,46,71,46,69,46,67,40,73,46,71,35,73,38,78,44,78,38,84,38,80,44,82,42,86,38,90,38,82,31,0,0,0,0,0,0,44,-80,40,-88,29,-86,25,-82,27,-78,33,-73,27,-71,25,-84,21,-71,25,-71,21,-71,16,-63,10,-71,14,-71,12,-69,4,-65,6,-76,6,-69,8,-69,0,-67,-4,-67,2,-65,-8,-63,0,-65,-2,-71,-4,-71,-6,-63,-12,-67,-10,-67,-16,-63,-12,-63,-8,-69,-16,-65,-16,-65,-14,-61,-10,-71,-10,-67,-10,-65,-10,-69,-8,-63,-10,-59,-8,-67,-8,-65,-8,-63,-2,-65,-12,-54,-2,-54,-4,-57,-2,-50,0,-46,2,-48,2,-48,4,-54,8,-46,4,-44,6,-44,12,-35,0,0,0,0,0,0,0,0,0,0]"""
1782173650893,2026-06-23T09:14:10.893,warning,breathing,lmh,lying_fast_breath,t001,"CSI_DATA,19069,1a:00:00:00:00:00,-61,11,-98,18,44,11,136731010,47,2,256,0,""[0,0,0,0,0,0,0,0,0,0,0,0,-38,-4,-38,-6,-40,-8,-47,-13,-49,-13,-47,-11,-49,-8,-53,-15,-55,-15,-55,-15,-55,-13,-55,-13,-64,-15,-62,-17,-60,-24,-69,-24,-71,-13,-76,-22,-62,-22,-64,-24,-69,-29,-71,-22,-78,-24,-71,-24,-78,-20,-73,-15,-73,-20,-76,-15,-76,-17,-76,-13,-73,-13,-73,-13,-78,-8,-76,-6,-80,-2,-80,2,-76,4,-80,8,-78,4,-80,13,-78,11,-80,17,-76,13,-82,22,-73,15,-76,24,-78,22,-73,33,-78,29,-87,31,-80,35,-80,38,-85,33,-89,33,-87,42,-82,42,-80,40,0,0,0,0,0,0,38,85,40,91,44,78,42,76,42,73,35,71,38,69,42,71,40,62,40,62,40,58,47,55,47,60,44,60,47,51,49,51,55,47,51,49,42,47,51,44,58,38,51,47,49,33,51,38,53,42,51,40,58,35,58,26,58,35,60,26,58,35,58,31,62,33,60,35,60,26,62,40,62,33,58,29,60,33,55,38,58,31,58,35,53,33,58,31,47,33,53,31,47,33,49,33,40,33,40,26,35,33,40,26,35,33,31,38,29,31,26,29,24,38,0,0,0,0,0,0,0,0,0,0]"""
1782173650903,2026-06-23T09:14:10.903,warning,breathing,lmh,lying_fast_breath,t001,"CSI_DATA,19070,1a:00:00:00:00:00,-61,11,-98,18,44,11,136742132,47,2,256,0,""[0,0,0,0,0,0,0,0,0,0,0,0,8,42,4,40,4,44,-2,49,-2,49,-2,47,0,49,-2,53,0,53,-4,60,-4,62,-4,60,0,64,-4,67,-11,64,-8,69,-4,69,-13,73,-15,67,-6,69,-8,69,-11,78,-8,76,-4,76,-15,80,-2,73,-15,76,-6,73,-11,78,-2,76,-8,71,-4,80,0,80,2,78,6,82,8,76,8,73,13,76,11,80,20,78,17,80,26,71,20,78,26,82,24,73,29,71,29,80,31,71,31,80,35,82,35,82,42,82,29,89,29,91,42,89,40,80,35,89,0,0,0,0,0,0,91,-29,87,-38,78,-40,76,-31,78,-31,71,-29,73,-35,73,-38,69,-29,67,-33,62,-35,58,-33,58,-42,67,-40,60,-38,53,-42,55,-49,58,-42,55,-38,51,-42,44,-51,51,-44,42,-49,47,-47,53,-40,44,-51,44,-49,40,-51,47,-55,38,-58,44,-47,44,-51,47,-55,42,-53,47,-49,47,-53,47,-55,44,-47,44,-53,44,-47,42,-47,47,-44,47,-42,42,-44,51,-44,40,-35,49,-33,49,-42,44,-26,42,-26,38,-26,42,-24,44,-22,42,-22,42,-17,38,-15,40,-6,0,0,0,0,0,0,0,0,0,0]"""
1782173650915,2026-06-23T09:14:10.915,warning,breathing,lmh,lying_fast_breath,t001,"CSI_DATA,19071,1a:00:00:00:00:00,-61,11,-98,17,44,11,136753143,47,2,256,0,""[0,0,0,0,0,0,0,0,0,0,0,0,23,-29,27,-32,25,-32,34,-36,34,-36,34,-34,34,-34,32,-39,36,-41,39,-43,41,-43,39,-48,36,-52,43,-50,43,-48,43,-50,41,-57,46,-57,43,-59,39,-52,43,-52,41,-69,39,-64,39,-69,41,-71,29,-69,34,-64,34,-71,34,-71,25,-76,25,-66,23,-80,18,-78,16,-76,13,-80,9,-80,4,-69,0,-76,-2,-78,-6,-82,-6,-85,-13,-80,-16,-80,-23,-82,-18,-76,-32,-78,-25,-76,-34,-76,-36,-78,-39,-80,-41,-82,-43,-71,-43,-85,-43,-76,-52,-82,-55,-76,-46,-73,0,0,0,0,0,0,-76,52,-64,52,-66,66,-62,57,-62,57,-57,52,-55,57,-57,64,-46,59,-50,55,-43,55,-36,59,-36,66,-34,64,-36,59,-29,62,-25,69,-23,66,-23,64,-18,62,-13,71,-20,64,-9,62,-13,66,-9,66,-4,69,0,64,6,69,0,69,11,64,2,64,6,69,4,69,13,69,9,59,11,73,13,69,13,59,13,71,9,64,11,57,11,64,11,66,13,64,9,62,16,59,4,52,13,55,6,55,9,50,4,48,4,50,6,46,4,46,2,46,0,41,0,43,0,0,0,0,0,0,0,0,0,0]"""
1782173650925,2026-06-23T09:14:10.925,warning,breathing,lmh,lying_fast_breath,t001,"CSI_DATA,19072,1a:00:00:00:00:00,-61,11,-98,14,45,11,136764202,47,2,256,0,""[0,0,0,0,0,0,0,0,0,0,0,0,-15,40,-22,35,-26,38,-26,38,-29,35,-31,33,-33,38,-38,38,-40,44,-44,40,-44,42,-42,44,-49,47,-51,44,-58,35,-58,44,-55,42,-60,40,-55,33,-62,38,-62,38,-69,38,-69,40,-64,38,-73,35,-62,38,-69,33,-71,33,-71,33,-67,38,-69,35,-69,38,-67,35,-69,35,-69,40,-69,44,-62,40,-62,47,-62,44,-67,51,-69,42,-64,55,-67,49,-69,53,-62,47,-62,53,-67,53,-62,55,-67,51,-71,55,-67,55,-67,62,-78,53,-76,53,-76,55,-73,55,-73,55,0,0,0,0,0,0,44,80,44,78,47,71,44,73,49,73,35,73,40,71,38,73,38,67,33,67,38,62,33,60,42,64,33,62,35,58,40,55,44,62,40,55,31,58,40,55,47,55,38,58,35,47,33,53,31,55,35,55,38,53,42,53,38,58,44,49,38,55,40,55,33,58,35,55,33,53,31,60,31,60,29,58,29,60,29,60,26,60,24,62,20,60,17,60,11,58,17,55,13,58,11,58,8,51,6,49,2,49,-2,47,-2,47,-6,51,-11,40,-6,40,-13,38,0,0,0,0,0,0,0,0,0,0]"""
1782173650939,2026-06-23T09:14:10.939,warning,breathing,lmh,lying_fast_breath,t001,"CSI_DATA,19073,1a:00:00:00:00:00,-61,11,-98,15,45,11,136775483,47,2,256,0,""[0,0,0,0,0,0,0,0,0,0,0,0,-39,-2,-39,-6,-45,-8,-45,-15,-47,-13,-43,-17,-47,-15,-45,-21,-54,-21,-56,-26,-52,-28,-54,-26,-63,-32,-58,-32,-56,-39,-56,-39,-63,-39,-56,-47,-52,-45,-58,-43,-54,-47,-60,-52,-56,-50,-60,-54,-63,-60,-56,-50,-52,-58,-54,-56,-52,-56,-56,-52,-50,-52,-54,-58,-56,-56,-54,-52,-63,-58,-56,-56,-54,-50,-60,-50,-63,-56,-65,-52,-60,-52,-63,-47,-60,-50,-71,-52,-58,-47,-63,-47,-63,-52,-67,-45,-69,-54,-71,-56,-69,-54,-69,-56,-67,-60,-63,-60,-73,-63,-73,-60,-71,-65,0,0,0,0,0,0,-73,63,-69,58,-60,65,-63,56,-63,56,-63,43,-63,54,-65,54,-63,52,-60,41,-52,43,-54,45,-54,50,-56,47,-54,41,-45,43,-54,52,-50,47,-52,43,-50,43,-47,47,-54,39,-43,43,-47,43,-52,41,-54,45,-47,39,-47,47,-56,43,-45,43,-50,39,-52,41,-56,43,-54,43,-50,34,-60,36,-60,36,-56,34,-60,36,-58,23,-52,26,-56,26,-60,26,-60,23,-58,15,-56,19,-52,8,-56,15,-45,6,-47,4,-47,0,-43,0,-50,-2,-45,-8,-45,-4,-43,-8,-36,-13,0,0,0,0,0,0,0,0,0,0]"""
1782173650948,2026-06-23T09:14:10.948,warning,breathing,lmh,lying_fast_breath,t001,"CSI_DATA,19074,1a:00:00:00:00:00,-61,11,-98,14,45,11,136785609,47,2,256,0,""[0,0,0,0,0,0,0,0,0,0,0,0,-29,31,-29,29,-31,29,-35,29,-33,31,-40,31,-38,33,-40,29,-44,40,-42,35,-47,40,-47,42,-44,49,-47,47,-51,42,-51,49,-49,53,-53,51,-51,47,-49,53,-47,49,-53,55,-53,55,-51,58,-53,64,-44,60,-51,60,-51,62,-44,62,-35,69,-40,64,-38,76,-35,69,-33,67,-31,76,-26,73,-24,69,-17,80,-15,76,-8,78,-13,78,0,78,-2,80,6,87,0,78,4,80,4,85,6,80,15,85,15,94,24,89,17,87,17,89,17,94,31,91,31,89,35,85,0,0,0,0,0,0,87,-29,87,-33,80,-42,80,-26,73,-35,71,-31,69,-42,71,-44,62,-40,64,-35,60,-40,58,-35,55,-47,53,-47,53,-47,47,-47,42,-53,42,-53,47,-49,38,-55,35,-55,42,-55,29,-55,31,-53,35,-55,29,-60,33,-58,17,-64,24,-64,20,-64,26,-60,24,-62,17,-62,13,-64,20,-62,20,-69,17,-67,15,-60,17,-64,22,-58,15,-58,17,-60,15,-60,13,-55,15,-58,13,-60,15,-55,11,-55,20,-49,17,-49,22,-47,15,-44,17,-42,17,-42,20,-42,17,-35,26,-33,0,0,0,0,0,0,0,0,0,0]"""
1782173650959,2026-06-23T09:14:10.959,warning,breathing,lmh,lying_fast_breath,t001,"CSI_DATA,19075,1a:00:00:00:00:00,-61,11,-98,14,45,11,136796830,47,2,256,0,""[0,0,0,0,0,0,0,0,0,0,0,0,-40,-8,-40,-15,-40,-13,-47,-20,-40,-15,-47,-20,-51,-17,-47,-20,-55,-20,-51,-22,-55,-22,-60,-17,-62,-17,-62,-20,-60,-31,-62,-26,-73,-20,-67,-29,-62,-29,-64,-26,-60,-26,-71,-29,-71,-24,-71,-24,-78,-26,-76,-13,-76,-24,-80,-20,-69,-17,-76,-13,-71,-15,-82,-13,-76,-8,-73,-6,-78,-4,-78,2,-73,2,-78,13,-80,8,-78,17,-78,17,-71,24,-78,24,-78,26,-80,29,-73,31,-78,35,-69,35,-76,33,-80,38,-78,44,-76,47,-87,47,-78,40,-78,51,-78,51,-73,53,0,0,0,0,0,0,47,80,49,73,60,69,49,69,55,62,49,64,51,60,55,64,49,53,51,58,55,49,49,47,60,44,49,44,55,42,60,33,62,35,58,33,58,38,60,26,67,20,62,26,58,24,58,22,58,24,60,22,62,17,62,13,64,17,67,6,62,13,69,11,62,15,67,8,62,8,71,15,64,15,62,15,67,13,64,13,60,8,64,8,62,15,60,8,58,15,55,8,55,13,55,11,53,17,49,11,47,13,40,13,44,15,42,17,38,20,35,15,35,22,0,0,0,0,0,0,0,0,0,0]"""
1782173650971,2026-06-23T09:14:10.971,warning,breathing,lmh,lying_fast_breath,t001,"CSI_DATA,19076,1a:00:00:00:00:00,-61,11,-98,20,44,11,136807419,47,2,256,0,""[0,0,0,0,0,0,0,0,0,0,0,0,-16,-35,-14,-35,-16,-38,-19,-44,-16,-46,-10,-48,-14,-46,-8,-48,-12,-57,-10,-54,-12,-61,-12,-57,-19,-67,-12,-67,-8,-63,-10,-69,-19,-67,-8,-69,-8,-67,-12,-69,-10,-69,-8,-78,-6,-73,-12,-76,-14,-82,-16,-71,-10,-76,-14,-78,-12,-73,-14,-73,-16,-71,-19,-80,-19,-78,-19,-80,-23,-80,-25,-73,-29,-65,-33,-67,-35,-73,-40,-69,-33,-71,-42,-67,-40,-69,-50,-73,-42,-67,-40,-73,-46,-73,-46,-59,-50,-67,-50,-76,-52,-71,-57,-67,-52,-78,-52,-76,-61,-71,-61,-76,-61,-71,0,0,0,0,0,0,-73,54,-69,52,-71,57,-69,48,-67,57,-67,48,-61,54,-69,52,-59,50,-59,42,-54,46,-52,44,-54,50,-54,48,-50,48,-42,50,-48,59,-44,54,-44,50,-42,52,-33,54,-44,57,-31,52,-38,57,-40,52,-38,57,-35,57,-31,63,-38,61,-23,63,-31,54,-35,57,-38,59,-31,59,-27,57,-38,61,-35,57,-35,57,-38,57,-40,52,-35,50,-40,52,-42,48,-35,50,-40,46,-38,46,-38,40,-38,48,-38,33,-38,33,-40,33,-33,33,-40,27,-40,29,-35,29,-33,21,-40,14,0,0,0,0,0,0,0,0,0,0]"""
1782173650981,2026-06-23T09:14:10.981,warning,breathing,lmh,lying_fast_breath,t001,"CSI_DATA,19077,1a:00:00:00:00:00,-61,11,-98,19,44,11,136818418,47,2,256,0,""[0,0,0,0,0,0,0,0,0,0,0,0,-39,-15,-36,-19,-34,-15,-43,-21,-39,-23,-43,-21,-43,-23,-41,-21,-52,-26,-47,-21,-52,-30,-54,-23,-65,-23,-60,-28,-58,-30,-58,-30,-69,-28,-65,-30,-63,-30,-65,-23,-63,-21,-69,-28,-69,-23,-73,-19,-76,-23,-73,-15,-76,-17,-80,-17,-71,-15,-78,-8,-65,-10,-82,-6,-73,-4,-73,2,-82,2,-78,8,-69,8,-78,15,-76,19,-76,26,-80,19,-69,30,-76,30,-73,36,-69,32,-76,45,-71,43,-69,47,-69,47,-71,50,-71,58,-63,63,-80,56,-69,52,-71,69,-65,71,-60,60,0,0,0,0,0,0,69,71,63,58,69,56,65,54,69,50,67,52,69,45,67,50,63,41,69,36,60,34,65,32,69,28,65,21,69,23,65,13,73,13,67,15,69,17,63,8,69,4,67,8,63,0,65,4,71,0,67,-4,60,-2,63,-13,65,-8,65,-21,65,-10,67,-13,63,-15,67,-21,63,-13,71,-13,63,-17,63,-19,67,-21,67,-17,58,-19,60,-21,63,-15,58,-15,58,-17,56,-17,56,-13,56,-17,52,-8,47,-13,52,-13,45,-13,47,-8,47,-2,45,-10,43,-8,43,0,0,0,0,0,0,0,0,0,0,0]"""
1782173650994,2026-06-23T09:14:10.994,warning,breathing,lmh,lying_fast_breath,t001,"CSI_DATA,19078,1a:00:00:00:00:00,-61,11,-98,14,45,11,136829445,47,2,256,0,""[0,0,0,0,0,0,0,0,0,0,0,0,-38,-15,-33,-15,-40,-20,-40,-22,-42,-24,-38,-29,-38,-29,-42,-31,-47,-35,-47,-38,-44,-40,-44,-38,-49,-42,-47,-47,-42,-49,-44,-53,-47,-51,-42,-58,-42,-53,-40,-55,-40,-62,-47,-62,-42,-62,-44,-67,-42,-69,-47,-60,-38,-67,-38,-64,-38,-73,-40,-64,-33,-64,-40,-69,-47,-64,-44,-60,-49,-67,-47,-62,-44,-60,-44,-60,-49,-64,-53,-62,-47,-62,-53,-60,-44,-62,-60,-62,-44,-58,-53,-58,-49,-60,-58,-53,-58,-67,-60,-69,-58,-67,-55,-69,-55,-73,-51,-76,-60,-80,-58,-71,-62,-73,0,0,0,0,0,0,-78,49,-80,49,-67,51,-67,40,-73,40,-64,33,-71,42,-73,38,-69,40,-64,31,-58,35,-58,35,-62,40,-64,40,-64,31,-53,35,-60,42,-58,38,-55,33,-55,33,-53,38,-60,33,-47,40,-51,35,-55,38,-55,35,-55,38,-53,42,-58,38,-51,38,-55,33,-55,33,-62,33,-53,35,-55,26,-64,29,-58,31,-58,29,-62,29,-58,20,-58,22,-60,15,-64,17,-60,15,-58,11,-58,8,-53,0,-60,8,-44,4,-51,0,-49,0,-47,-2,-47,-6,-44,-13,-40,-11,-38,-11,-31,-15,0,0,0,0,0,0,0,0,0,0]"""
1782173651004,2026-06-23T09:14:11.004,warning,breathing,lmh,lying_fast_breath,t001,"CSI_DATA,19079,1a:00:00:00:00:00,-61,11,-98,19,44,11,136840550,47,2,256,0,""[0,0,0,0,0,0,0,0,0,0,0,0,0,-43,2,-39,4,-43,4,-47,4,-45,6,-50,10,-45,8,-50,6,-56,10,-58,8,-56,4,-60,6,-67,8,-67,15,-67,10,-65,8,-71,15,-71,10,-67,15,-78,15,-73,17,-76,13,-73,6,-76,10,-82,2,-73,13,-73,6,-76,6,-76,2,-80,4,-69,0,-84,0,-76,2,-78,-4,-80,-8,-73,-8,-69,-17,-76,-17,-78,-19,-76,-19,-73,-30,-73,-21,-78,-39,-82,-30,-76,-34,-73,-32,-73,-36,-73,-39,-73,-41,-80,-47,-82,-43,-73,-43,-80,-41,-82,-50,-84,-54,-76,-52,-80,0,0,0,0,0,0,-82,47,-82,47,-71,50,-71,43,-71,50,-63,47,-65,47,-71,52,-60,47,-60,43,-52,43,-54,43,-54,47,-56,52,-52,47,-39,52,-45,60,-41,52,-43,47,-41,54,-30,58,-41,56,-32,52,-36,56,-36,56,-36,56,-28,54,-28,65,-32,65,-21,60,-30,56,-30,60,-32,63,-21,65,-23,60,-32,69,-28,63,-26,60,-30,60,-30,52,-28,56,-32,56,-32,58,-28,58,-34,50,-32,52,-32,45,-28,50,-32,41,-30,43,-30,39,-28,32,-28,36,-34,36,-30,26,-32,23,-34,26,0,0,0,0,0,0,0,0,0,0]"""
1782173651014,2026-06-23T09:14:11.014,warning,breathing,lmh,lying_fast_breath,t001,"CSI_DATA,19080,1a:00:00:00:00:00,-61,11,-98,15,45,11,136851418,47,2,256,0,""[0,0,0,0,0,0,0,0,0,0,0,0,-39,8,-41,4,-43,2,-45,-2,-47,0,-45,-2,-50,-2,-47,-4,-58,-4,-54,-8,-58,-6,-60,-6,-65,-8,-67,-13,-67,-17,-65,-15,-71,-8,-71,-19,-69,-19,-67,-23,-67,-28,-71,-21,-69,-21,-76,-21,-76,-28,-73,-13,-71,-21,-76,-23,-76,-23,-80,-17,-69,-15,-80,-17,-78,-19,-76,-13,-78,-13,-76,-4,-69,-6,-80,-4,-76,-4,-80,0,-84,-4,-82,8,-80,4,-87,6,-78,4,-78,10,-82,10,-80,8,-84,6,-91,10,-91,8,-84,15,-95,8,-89,6,-93,10,-95,13,-91,13,0,0,0,0,0,0,2,95,4,91,15,91,8,82,13,80,10,82,8,80,6,87,6,73,10,73,15,73,10,67,13,71,10,71,10,69,15,65,19,71,19,69,15,67,19,63,26,63,21,63,19,60,19,60,19,63,21,65,23,58,26,58,26,65,32,56,23,58,28,60,23,63,28,63,26,56,21,69,21,67,21,63,19,67,17,60,19,54,17,60,13,63,13,60,8,63,13,54,8,54,6,60,2,52,2,47,0,47,-2,47,-4,47,-8,43,-8,43,-6,43,-13,41,0,0,0,0,0,0,0,0,0,0]"""
1782173651026,2026-06-23T09:14:11.026,warning,breathing,lmh,lying_fast_breath,t001,"CSI_DATA,19081,1a:00:00:00:00:00,-61,11,-98,14,45,11,136863187,47,2,256,0,""[0,0,0,0,0,0,0,0,0,0,0,0,-2,-38,2,-38,6,-44,8,-47,13,-44,11,-44,13,-44,17,-47,20,-53,26,-53,26,-53,26,-53,33,-60,33,-58,44,-49,44,-58,40,-60,51,-55,47,-47,51,-44,55,-42,58,-51,58,-49,60,-49,67,-47,55,-51,64,-44,67,-47,67,-40,64,-44,60,-40,64,-42,69,-40,64,-35,69,-44,67,-49,62,-40,64,-44,64,-40,64,-47,69,-42,64,-49,69,-44,69,-51,67,-42,64,-49,71,-40,67,-44,73,-42,78,-42,76,-40,80,-47,82,-40,82,-35,85,-44,85,-35,85,-35,0,0,0,0,0,0,-17,-87,-17,-89,-20,-80,-17,-85,-17,-85,-11,-76,-13,-80,-6,-87,-6,-76,-4,-71,-8,-71,-6,-69,-11,-73,-4,-71,-4,-73,-11,-67,-8,-73,-4,-69,2,-64,-8,-67,-11,-69,-2,-71,-6,-58,0,-60,2,-64,2,-67,-2,-67,-2,-62,6,-69,-2,-64,4,-62,8,-69,11,-67,8,-64,8,-64,20,-64,17,-64,22,-62,22,-64,22,-60,24,-58,26,-58,33,-55,33,-53,35,-49,35,-49,35,-42,42,-42,33,-33,35,-33,40,-29,38,-31,40,-24,40,-20,40,-15,38,-17,40,-8,0,0,0,0,0,0,0,0,0,0]"""
1782173651037,2026-06-23T09:14:11.037,warning,breathing,lmh,lying_fast_breath,t001,"CSI_DATA,19082,1a:00:00:00:00:00,-61,11,-98,19,44,11,136874732,47,2,256,0,""[0,0,0,0,0,0,0,0,0,0,0,0,39,-2,43,-2,43,0,47,4,47,4,47,6,50,6,52,6,60,6,56,10,58,10,58,6,65,8,69,13,60,19,67,17,69,10,69,19,63,19,67,15,63,19,73,19,73,21,73,19,78,19,71,13,76,19,80,17,76,26,78,17,71,15,78,13,78,15,76,13,82,4,80,2,71,2,78,-2,84,0,82,-4,80,-6,80,-13,82,-13,84,-13,80,-15,80,-19,87,-13,76,-23,80,-17,89,-17,87,-21,87,-19,93,-19,91,-17,95,-21,89,-28,84,-23,0,0,0,0,0,0,-19,-91,-19,-91,-28,-84,-17,-80,-28,-89,-19,-76,-28,-78,-26,-82,-19,-73,-21,-71,-30,-71,-21,-65,-34,-73,-21,-69,-28,-71,-32,-58,-36,-63,-32,-63,-23,-63,-36,-60,-41,-56,-34,-63,-34,-50,-36,-54,-32,-56,-34,-56,-41,-56,-43,-50,-41,-58,-47,-47,-39,-52,-43,-58,-39,-58,-45,-56,-41,-50,-39,-58,-41,-56,-36,-54,-41,-58,-32,-54,-32,-52,-36,-52,-32,-58,-30,-56,-26,-54,-30,-50,-21,-50,-26,-54,-19,-50,-19,-47,-17,-50,-21,-43,-13,-45,-4,-41,-4,-45,-6,-39,0,-43,0,0,0,0,0,0,0,0,0,0]"""
1782173651049,2026-06-23T09:14:11.049,warning,breathing,lmh,lying_fast_breath,t001,"CSI_DATA,19083,1a:00:00:00:00:00,-61,11,-98,15,45,11,136884418,47,2,256,0,""[0,0,0,0,0,0,0,0,0,0,0,0,-28,-26,-28,-28,-30,-30,-32,-36,-28,-39,-26,-41,-32,-36,-26,-41,-34,-45,-32,-47,-32,-50,-34,-45,-41,-54,-36,-54,-32,-58,-34,-58,-43,-60,-30,-63,-34,-65,-36,-60,-34,-63,-43,-65,-32,-63,-39,-69,-41,-73,-41,-65,-34,-65,-39,-71,-39,-67,-52,-65,-39,-58,-50,-67,-50,-65,-47,-60,-54,-63,-54,-56,-50,-52,-60,-50,-58,-58,-63,-52,-60,-52,-63,-41,-63,-50,-76,-47,-63,-47,-67,-43,-65,-47,-69,-41,-69,-43,-76,-47,-78,-47,-73,-39,-78,-50,-73,-50,-87,-50,-87,-45,-84,-45,0,0,0,0,0,0,-52,82,-45,76,-39,82,-39,73,-36,71,-36,71,-32,76,-39,76,-34,67,-36,67,-28,65,-28,60,-26,69,-28,65,-26,65,-17,63,-17,69,-17,67,-21,65,-15,60,-6,67,-17,60,-8,65,-13,65,-17,65,-8,63,-8,63,-4,69,-10,71,-2,63,-6,63,-8,67,-8,69,-2,69,-4,58,-13,73,-10,69,-6,67,-13,71,-10,58,-10,56,-10,63,-15,63,-15,60,-19,58,-13,56,-17,52,-15,54,-19,50,-17,43,-19,45,-19,43,-21,41,-26,39,-26,34,-21,34,-28,30,0,0,0,0,0,0,0,0,0,0]"""
1782173651062,2026-06-23T09:14:11.062,warning,breathing,lmh,lying_fast_breath,t001,"CSI_DATA,19084,1a:00:00:00:00:00,-61,11,-98,14,45,11,136898951,47,2,256,0,""[0,0,0,0,0,0,0,0,0,0,0,0,29,-29,31,-26,33,-26,40,-26,38,-24,40,-24,44,-24,44,-24,51,-31,53,-24,53,-29,53,-26,58,-31,60,-29,64,-15,64,-22,67,-29,69,-24,64,-22,71,-11,73,-13,78,-15,71,-20,76,-17,78,-15,73,-22,76,-15,82,-15,76,-13,76,-20,71,-15,82,-15,76,-15,71,-17,78,-22,76,-26,69,-24,71,-31,76,-26,73,-31,76,-26,71,-33,76,-33,78,-33,76,-33,73,-33,78,-38,73,-38,76,-33,82,-35,80,-38,85,-42,87,-40,80,-33,87,-40,89,-40,85,-35,0,0,0,0,0,0,-26,-89,-22,-85,-31,-85,-24,-80,-31,-78,-24,-76,-26,-76,-22,-80,-22,-71,-22,-71,-24,-67,-22,-67,-31,-71,-20,-69,-24,-67,-33,-60,-31,-67,-24,-62,-20,-62,-26,-58,-35,-58,-29,-60,-26,-55,-26,-60,-22,-60,-24,-60,-29,-58,-29,-53,-24,-62,-35,-55,-26,-58,-31,-64,-24,-62,-29,-62,-24,-58,-20,-69,-20,-62,-20,-60,-17,-64,-17,-62,-17,-58,-15,-60,-13,-64,-11,-62,-4,-60,-11,-55,-4,-55,-4,-53,4,-51,4,-49,6,-47,2,-44,8,-44,15,-44,11,-40,13,-38,15,-35,0,0,0,0,0,0,0,0,0,0]"""
1782173651072,2026-06-23T09:14:11.072,warning,breathing,lmh,lying_fast_breath,t001,"CSI_DATA,19085,1a:00:00:00:00:00,-61,11,-98,19,44,11,136906441,47,2,256,0,""[0,0,0,0,0,0,0,0,0,0,0,0,-6,-39,-8,-41,-8,-43,-6,-45,-6,-45,-6,-47,-8,-47,-4,-50,-10,-58,-6,-56,-4,-58,-13,-58,-15,-65,-15,-67,-8,-67,-10,-65,-17,-71,-10,-69,-10,-69,-15,-69,-15,-67,-13,-80,-13,-71,-17,-73,-17,-82,-21,-69,-17,-73,-19,-80,-21,-71,-32,-76,-23,-67,-32,-76,-34,-71,-39,-67,-36,-67,-43,-67,-41,-58,-50,-63,-45,-63,-56,-56,-56,-60,-58,-50,-60,-54,-67,-52,-58,-54,-63,-47,-67,-50,-69,-43,-69,-43,-73,-50,-78,-43,-80,-43,-82,-47,-76,-45,-87,-41,-84,-39,-82,-41,0,0,0,0,0,0,-41,80,-32,84,-26,93,-28,78,-26,73,-23,76,-21,73,-26,84,-17,73,-23,71,-13,71,-13,67,-4,73,-13,71,-6,71,0,71,0,73,0,71,-4,71,6,63,13,65,8,65,13,63,13,63,10,65,13,65,15,60,28,63,17,65,26,58,21,63,23,65,23,63,28,63,26,54,26,69,23,63,26,60,26,67,23,60,26,52,23,58,21,60,26,58,19,60,26,52,15,52,19,54,17,50,10,45,13,47,10,45,10,43,6,45,2,43,2,41,2,43,0,0,0,0,0,0,0,0,0,0]"""
1782173651083,2026-06-23T09:14:11.083,warning,breathing,lmh,lying_fast_breath,t001,"CSI_DATA,19086,1a:00:00:00:00:00,-61,11,-98,19,44,11,136918465,47,2,256,0,""[0,0,0,0,0,0,0,0,0,0,0,0,23,32,19,34,26,34,23,39,21,41,26,41,23,41,30,41,30,50,28,47,30,50,34,47,39,54,36,54,32,56,39,60,45,54,41,60,41,54,36,60,39,65,45,56,52,56,52,58,56,60,58,50,54,52,58,56,58,52,60,50,58,43,67,45,65,45,63,41,71,36,73,28,67,26,78,23,73,26,80,13,78,13,78,8,78,10,89,4,82,2,80,-4,82,0,80,-13,82,-10,89,-6,91,-10,84,-19,91,-10,93,-19,95,-26,91,-28,87,-30,0,0,0,0,0,0,-28,-89,-28,-82,-34,-78,-34,-76,-39,-78,-32,-73,-39,-71,-41,-73,-39,-65,-39,-69,-45,-56,-39,-60,-50,-58,-45,-54,-50,-52,-47,-47,-54,-50,-54,-45,-50,-41,-56,-36,-60,-32,-56,-39,-54,-26,-56,-30,-56,-32,-58,-23,-60,-28,-67,-19,-63,-21,-65,-15,-63,-15,-65,-17,-65,-21,-69,-13,-63,-10,-69,-17,-71,-15,-65,-13,-69,-13,-63,-13,-63,-8,-63,-10,-65,-15,-63,-8,-58,-15,-60,-6,-52,-13,-56,-10,-50,-13,-52,-13,-52,-13,-47,-10,-45,-13,-47,-17,-39,-15,-41,-10,-36,-17,0,0,0,0,0,0,0,0,0,0]"""
1782173651095,2026-06-23T09:14:11.095,warning,breathing,lmh,lying_fast_breath,t001,"CSI_DATA,19087,1a:00:00:00:00:00,-61,11,-98,14,45,11,136929633,47,2,256,0,""[0,0,0,0,0,0,0,0,0,0,0,0,29,24,24,26,31,33,31,35,31,38,26,35,33,38,31,40,38,44,35,49,38,47,40,44,44,49,44,51,38,53,44,51,51,49,49,58,42,53,42,58,42,60,53,55,53,55,51,55,55,62,62,47,58,51,60,51,60,53,62,44,60,42,64,44,67,42,62,40,69,35,73,31,69,26,76,22,73,26,82,20,76,20,80,8,76,8,87,8,76,8,80,2,85,4,80,-2,85,-4,89,2,89,-4,89,-11,91,-4,94,-6,94,-13,91,-13,89,-13,0,0,0,0,0,0,-13,-89,-13,-89,-22,-82,-24,-82,-24,-80,-20,-71,-26,-80,-22,-78,-26,-73,-24,-69,-31,-64,-29,-62,-40,-64,-35,-64,-33,-60,-40,-53,-44,-55,-42,-55,-35,-51,-47,-49,-51,-42,-51,-49,-42,-42,-47,-42,-44,-47,-49,-42,-51,-40,-53,-33,-53,-42,-58,-29,-53,-35,-58,-35,-55,-38,-60,-33,-53,-31,-55,-38,-55,-35,-53,-33,-55,-35,-58,-31,-55,-29,-53,-33,-55,-35,-53,-33,-47,-33,-51,-26,-44,-31,-47,-31,-40,-29,-38,-29,-38,-29,-38,-26,-33,-31,-29,-29,-31,-31,-29,-29,-29,-31,0,0,0,0,0,0,0,0,0,0]"""
1782173651105,2026-06-23T09:14:11.105,warning,breathing,lmh,lying_fast_breath,t001,"CSI_DATA,19088,1a:00:00:00:00:00,-61,11,-98,19,44,11,136940063,47,2,256,0,""[0,0,0,0,0,0,0,0,0,0,0,0,2,-39,2,-41,6,-43,8,-50,8,-45,8,-47,13,-47,13,-45,13,-56,17,-52,17,-58,15,-60,17,-65,19,-63,28,-65,30,-63,17,-69,32,-65,21,-63,26,-69,23,-69,30,-73,26,-67,23,-73,28,-78,21,-69,30,-69,30,-76,23,-73,21,-76,26,-67,28,-80,21,-73,21,-73,21,-80,19,-78,10,-71,6,-80,8,-80,4,-82,8,-80,0,-80,4,-78,-2,-84,0,-80,-2,-76,-2,-84,-10,-80,-13,-84,-10,-87,-10,-89,-10,-89,0,-100,-4,-91,-15,-91,-19,-100,-10,-95,0,0,0,0,0,0,-100,4,-87,6,-89,15,-84,6,-82,10,-80,8,-78,13,-89,13,-76,10,-78,10,-71,10,-69,13,-73,17,-67,15,-69,13,-63,23,-69,28,-65,21,-67,19,-58,21,-58,30,-63,21,-56,28,-58,28,-65,21,-60,26,-56,26,-56,36,-63,30,-54,34,-56,30,-63,30,-58,32,-60,36,-56,30,-67,34,-63,28,-60,30,-63,26,-63,26,-54,21,-58,23,-58,21,-60,26,-58,19,-54,17,-54,15,-58,15,-52,6,-50,10,-47,4,-43,6,-47,4,-47,0,-39,0,-39,-4,-43,-8,0,0,0,0,0,0,0,0,0,0]"""
1782173651116,2026-06-23T09:14:11.116,warning,breathing,lmh,lying_fast_breath,t001,"CSI_DATA,19089,1a:00:00:00:00:00,-61,11,-98,17,44,11,136950524,47,2,256,0,""[0,0,0,0,0,0,0,0,0,0,0,0,25,27,23,29,29,32,27,34,27,36,27,34,32,39,29,43,36,43,36,50,34,48,39,46,41,48,39,52,39,52,41,52,48,50,46,57,39,48,43,62,43,62,46,57,52,59,50,59,48,59,55,52,50,57,57,57,52,55,59,50,55,46,62,50,62,50,59,43,66,46,69,39,62,32,76,32,71,36,73,27,71,32,78,18,76,23,82,20,71,20,76,13,82,11,80,6,85,6,92,11,92,6,85,0,92,11,87,6,94,-2,96,2,89,0,0,0,0,0,0,0,0,-87,4,-89,-4,-85,-6,-87,-13,-78,-6,-76,-16,-80,-6,-85,-6,-76,-11,-76,-20,-69,-13,-64,-23,-66,-23,-71,-20,-64,-25,-64,-32,-62,-27,-59,-23,-62,-34,-59,-41,-52,-32,-59,-32,-50,-29,-52,-29,-55,-36,-55,-41,-55,-43,-50,-43,-52,-46,-41,-43,-46,-46,-48,-46,-50,-48,-46,-48,-43,-43,-48,-48,-50,-48,-48,-46,-48,-41,-48,-43,-43,-46,-46,-39,-52,-39,-43,-39,-48,-39,-41,-29,-41,-36,-48,-32,-39,-32,-36,-29,-41,-27,-39,-25,-41,-23,-39,-20,-41,-20,-39,-13,-41,0,0,0,0,0,0,0,0,0,0]"""
1782173651128,2026-06-23T09:14:11.128,warning,breathing,lmh,lying_fast_breath,t001,"CSI_DATA,19090,1a:00:00:00:00:00,-61,11,-98,14,45,11,136966347,47,2,256,0,""[0,0,0,0,0,0,0,0,0,0,0,0,40,8,38,11,40,13,42,13,42,17,44,20,47,17,49,20,58,20,53,20,58,20,58,15,62,15,64,20,60,24,64,24,69,17,71,26,64,20,64,26,71,26,71,20,73,17,76,15,78,17,76,8,78,13,82,11,80,13,78,6,73,4,78,2,76,0,76,-4,78,-6,85,-8,76,-13,73,-20,73,-20,76,-29,78,-26,73,-38,73,-33,73,-38,69,-35,67,-42,73,-44,67,-51,67,-49,69,-53,64,-53,69,-60,76,-62,76,-55,71,-67,69,-69,62,-69,0,0,0,0,0,0,-62,-64,-62,-64,-67,-51,-67,-55,-69,-51,-62,-49,-67,-44,-67,-44,-62,-40,-62,-38,-64,-35,-60,-31,-71,-31,-64,-24,-67,-26,-67,-15,-71,-17,-67,-15,-62,-15,-64,-11,-69,-4,-67,-11,-58,-2,-60,-2,-64,-4,-67,-2,-64,2,-62,8,-67,4,-67,13,-67,8,-69,13,-64,6,-62,11,-62,15,-69,8,-69,13,-60,11,-64,11,-64,8,-60,11,-64,11,-62,8,-60,13,-60,8,-58,15,-55,8,-53,8,-53,4,-49,8,-51,4,-49,4,-47,2,-49,0,-42,0,-38,-2,-47,-6,0,0,0,0,0,0,0,0,0,0]"""
1782173651138,2026-06-23T09:14:11.138,warning,breathing,lmh,lying_fast_breath,t001,"CSI_DATA,19091,1a:00:00:00:00:00,-61,11,-98,19,44,11,136972470,47,2,256,0,""[0,0,0,0,0,0,0,0,0,0,0,0,-6,41,-6,39,-13,45,-13,43,-15,50,-15,41,-17,45,-21,50,-23,54,-23,50,-26,50,-23,54,-28,60,-28,58,-32,56,-34,63,-30,63,-41,60,-36,58,-30,56,-41,58,-39,69,-41,63,-39,63,-45,65,-41,69,-43,65,-41,63,-45,65,-34,69,-36,60,-39,67,-34,69,-34,67,-34,78,-34,76,-30,69,-28,71,-28,78,-26,80,-28,78,-21,80,-26,76,-19,84,-19,71,-13,80,-19,82,-15,80,-17,84,-17,91,-13,84,-17,91,-23,89,-19,87,-17,100,-10,95,-17,95,0,0,0,0,0,0,89,21,87,28,84,15,82,21,87,15,76,19,78,15,84,17,76,15,67,19,69,15,67,10,71,8,73,13,65,15,67,6,69,4,73,2,65,8,71,2,65,0,67,4,56,-4,63,-4,67,2,63,-2,67,-4,65,-6,69,-2,69,-10,67,-4,65,0,63,2,69,-2,63,0,63,2,69,-2,65,0,65,2,67,6,60,4,63,8,65,8,65,13,60,10,54,8,54,19,58,8,52,15,45,13,45,21,45,17,43,17,43,21,39,23,32,26,28,30,0,0,0,0,0,0,0,0,0,0]"""
1782173651148,2026-06-23T09:14:11.148,warning,breathing,lmh,lying_fast_breath,t001,"CSI_DATA,19092,1a:00:00:00:00:00,-61,11,-98,18,44,11,136984948,47,2,256,0,""[0,0,0,0,0,0,0,0,0,0,0,0,-38,13,-40,8,-40,6,-44,4,-42,4,-49,4,-49,4,-51,4,-58,8,-55,-2,-64,6,-62,4,-60,8,-67,8,-69,0,-67,4,-71,11,-71,4,-69,2,-76,8,-73,8,-73,4,-71,4,-73,11,-82,4,-71,17,-78,6,-78,11,-71,13,-76,22,-71,13,-82,20,-76,22,-71,24,-76,26,-73,31,-69,26,-69,40,-71,35,-67,40,-67,40,-60,51,-60,47,-64,53,-69,51,-60,51,-62,55,-53,58,-55,58,-64,62,-55,67,-55,67,-64,64,-67,62,-58,71,-60,76,-55,64,0,0,0,0,0,0,71,64,64,53,73,49,69,49,64,47,67,47,62,42,73,44,62,42,62,44,64,33,62,33,67,31,64,29,64,29,64,24,64,22,64,22,62,26,62,17,67,8,64,17,64,8,60,8,60,15,64,11,62,4,69,2,69,8,67,-2,62,6,71,4,67,2,67,2,62,0,73,6,69,2,62,2,67,4,64,6,60,2,67,6,67,4,60,4,58,6,55,0,58,6,58,13,55,11,51,4,49,8,47,11,42,6,42,15,38,13,40,13,35,22,0,0,0,0,0,0,0,0,0,0]"""
1782173651160,2026-06-23T09:14:11.160,warning,breathing,lmh,lying_fast_breath,t001,"CSI_DATA,19093,1a:00:00:00:00:00,-61,11,-98,15,45,11,136995345,47,2,256,0,""[0,0,0,0,0,0,0,0,0,0,0,0,-28,-28,-26,-30,-30,-32,-30,-36,-28,-39,-26,-41,-26,-45,-26,-45,-28,-50,-26,-52,-28,-52,-28,-52,-32,-58,-32,-60,-23,-63,-21,-65,-34,-65,-26,-69,-23,-65,-23,-76,-26,-71,-23,-71,-21,-71,-28,-73,-26,-78,-28,-69,-19,-71,-19,-76,-21,-76,-32,-76,-23,-69,-28,-80,-28,-73,-28,-73,-34,-76,-32,-71,-30,-63,-36,-69,-39,-71,-43,-67,-39,-71,-45,-65,-41,-69,-50,-69,-41,-67,-43,-67,-43,-67,-45,-65,-50,-69,-50,-71,-56,-71,-50,-65,-50,-76,-47,-76,-58,-78,-56,-76,-52,-76,0,0,0,0,0,0,-82,45,-76,43,-73,52,-73,39,-69,39,-69,39,-65,41,-73,45,-65,41,-69,34,-58,36,-58,34,-58,41,-60,36,-56,39,-52,39,-56,47,-52,43,-52,39,-50,39,-50,43,-52,39,-45,43,-50,43,-47,43,-52,41,-50,39,-45,50,-52,47,-43,47,-47,39,-52,43,-50,43,-50,47,-47,39,-56,43,-56,43,-50,41,-56,39,-54,30,-47,34,-54,30,-54,30,-52,32,-54,26,-50,21,-52,19,-52,23,-50,15,-47,10,-50,8,-43,10,-45,8,-45,4,-43,4,-43,0,-41,-6,0,0,0,0,0,0,0,0,0,0]"""
1782173651169,2026-06-23T09:14:11.169,warning,breathing,lmh,lying_fast_breath,t001,"CSI_DATA,19094,1a:00:00:00:00:00,-61,11,-98,18,44,11,137006650,47,2,256,0,""[0,0,0,0,0,0,0,0,0,0,0,0,-33,22,-33,17,-38,20,-42,20,-40,20,-42,20,-42,20,-47,13,-51,20,-55,13,-53,15,-60,17,-64,15,-64,15,-67,6,-67,13,-69,17,-71,6,-67,4,-71,2,-76,-2,-73,4,-76,2,-76,8,-78,-2,-76,8,-78,2,-78,2,-76,-2,-78,4,-71,6,-80,2,-76,6,-76,4,-78,6,-76,15,-67,15,-76,15,-73,8,-76,15,-80,15,-78,24,-78,17,-78,24,-80,20,-73,22,-80,24,-76,24,-78,22,-87,24,-82,29,-82,26,-89,20,-89,24,-91,24,-91,29,-87,22,0,0,0,0,0,0,13,94,15,91,17,82,20,82,17,78,15,80,15,78,8,82,11,73,8,73,15,73,13,67,20,73,13,73,13,71,13,64,20,71,13,71,13,67,20,64,26,64,22,69,20,60,15,62,13,62,17,64,17,62,22,62,17,69,26,58,17,64,20,62,17,62,17,62,20,60,11,69,13,64,13,67,11,69,6,64,8,58,6,64,2,64,2,67,-2,64,4,60,-2,55,-2,58,-8,53,-6,49,-11,49,-11,44,-15,42,-17,44,-17,40,-20,40,-24,33,0,0,0,0,0,0,0,0,0,0]"""
1782173651182,2026-06-23T09:14:11.182,warning,breathing,lmh,lying_fast_breath,t001,"CSI_DATA,19095,1a:00:00:00:00:00,-61,11,-98,18,44,11,137016417,47,2,256,0,""[0,0,0,0,0,0,0,0,0,0,0,0,8,-38,11,-33,13,-42,17,-47,17,-44,17,-40,22,-42,22,-44,24,-51,29,-51,31,-51,26,-53,29,-58,31,-58,38,-53,42,-55,35,-60,47,-55,38,-49,40,-55,44,-55,49,-60,49,-60,47,-58,51,-67,44,-60,51,-60,53,-60,51,-58,47,-58,47,-55,49,-60,47,-60,47,-60,47,-64,44,-64,38,-62,35,-64,38,-64,35,-76,42,-67,33,-73,38,-67,31,-82,35,-64,33,-69,38,-76,31,-71,33,-76,35,-80,33,-80,33,-82,40,-85,40,-80,40,-87,35,-82,38,-85,0,0,0,0,0,0,-82,-49,-76,-49,-76,-33,-73,-44,-78,-40,-69,-40,-76,-35,-71,-38,-64,-40,-62,-35,-62,-35,-62,-33,-69,-35,-67,-26,-62,-29,-62,-20,-67,-22,-67,-22,-58,-29,-62,-26,-64,-20,-60,-29,-55,-20,-58,-22,-60,-22,-60,-24,-62,-22,-64,-15,-64,-20,-64,-13,-62,-20,-67,-22,-64,-24,-62,-20,-60,-22,-60,-24,-62,-26,-62,-29,-60,-26,-58,-33,-58,-26,-53,-29,-55,-31,-58,-29,-49,-33,-51,-35,-42,-35,-51,-33,-38,-35,-33,-33,-31,-40,-31,-33,-29,-38,-31,-40,-24,-35,-20,-33,-13,-38,0,0,0,0,0,0,0,0,0,0]"""
1782173651192,2026-06-23T09:14:11.192,warning,breathing,lmh,lying_fast_breath,t001,"CSI_DATA,19096,1a:00:00:00:00:00,-61,11,-98,20,44,11,137030045,47,2,256,0,""[0,0,0,0,0,0,0,0,0,0,0,0,0,-42,2,-40,4,-42,6,-48,8,-46,8,-46,8,-48,8,-48,10,-59,6,-59,8,-54,4,-61,2,-65,6,-63,8,-65,4,-67,-6,-67,8,-73,2,-65,8,-69,8,-69,0,-76,0,-73,-8,-78,-6,-86,-8,-73,-6,-73,-10,-80,-12,-76,-21,-78,-19,-69,-23,-78,-23,-78,-25,-71,-33,-76,-33,-71,-35,-61,-44,-67,-44,-63,-54,-63,-50,-61,-59,-59,-57,-57,-65,-59,-59,-50,-65,-50,-71,-50,-63,-42,-71,-44,-78,-48,-76,-46,-80,-40,-78,-44,-78,-42,-88,-40,-88,-35,-86,-33,0,0,0,0,0,0,-33,82,-31,84,-19,88,-21,78,-16,84,-21,80,-12,80,-12,82,-6,78,-8,71,-4,71,-6,71,6,76,6,73,4,71,12,65,16,73,16,65,12,67,21,61,27,63,21,63,25,57,29,61,29,65,33,57,29,54,40,52,38,59,44,50,35,48,42,57,42,54,48,50,40,48,44,57,48,52,48,50,44,48,42,44,44,40,42,46,44,52,50,44,40,46,44,42,38,44,42,42,33,35,31,38,31,38,29,35,31,38,29,38,25,35,23,33,19,33,0,0,0,0,0,0,0,0,0,0]"""
1782173651201,2026-06-23T09:14:11.201,warning,breathing,lmh,lying_fast_breath,t001,"CSI_DATA,19097,1a:00:00:00:00:00,-61,11,-98,15,45,11,137040477,47,2,256,0,""[0,0,0,0,0,0,0,0,0,0,0,0,21,32,17,32,19,36,17,43,17,45,13,47,15,47,13,52,15,56,8,56,10,60,8,60,10,63,6,67,0,67,-2,76,0,73,-8,76,-4,65,-10,71,-10,73,-10,73,-13,80,-10,76,-19,78,-13,78,-23,73,-19,76,-26,76,-19,78,-21,71,-23,78,-21,76,-19,71,-17,73,-19,78,-17,71,-17,78,-17,78,-10,78,-17,73,-13,82,-17,78,-13,82,-19,78,-15,82,-21,82,-15,78,-15,82,-21,87,-19,87,-21,87,-30,89,-30,87,-26,91,-26,91,-26,89,0,0,0,0,0,0,80,41,80,41,78,32,73,41,78,41,69,41,69,39,69,41,65,41,58,45,63,39,60,39,65,39,60,34,54,41,60,34,63,34,58,34,52,36,58,36,58,32,56,39,50,28,54,34,52,36,52,36,54,36,58,30,56,41,58,36,50,41,54,43,50,47,50,41,50,43,45,47,47,47,43,47,45,52,39,54,36,47,36,56,32,54,32,52,26,52,26,54,17,54,17,52,15,47,10,47,8,50,10,47,2,41,2,50,-4,41,-6,45,-10,41,0,0,0,0,0,0,0,0,0,0]"""
1782173651212,2026-06-23T09:14:11.212,warning,breathing,lmh,lying_fast_breath,t001,"CSI_DATA,19098,1a:00:00:00:00:00,-61,11,-98,18,44,11,137050048,47,2,256,0,""[0,0,0,0,0,0,0,0,0,0,0,0,24,-33,22,-31,29,-33,31,-33,35,-35,29,-35,33,-33,38,-35,40,-40,40,-42,42,-40,42,-42,47,-47,44,-44,51,-42,53,-44,51,-51,53,-49,47,-44,51,-53,53,-51,60,-51,53,-49,53,-53,58,-53,49,-51,55,-51,55,-58,53,-55,47,-58,49,-55,51,-58,49,-62,44,-60,40,-69,38,-71,38,-62,35,-69,38,-71,31,-76,33,-71,29,-73,29,-76,24,-80,26,-71,17,-76,22,-76,13,-82,17,-80,20,-89,17,-87,20,-87,24,-89,22,-85,15,-96,20,-96,11,-89,0,0,0,0,0,0,-87,-22,-89,-22,-82,-6,-80,-8,-85,-6,-76,-11,-80,-4,-85,-6,-73,-6,-71,-8,-71,-2,-71,0,-71,2,-73,0,-71,2,-69,11,-71,6,-71,11,-67,2,-62,8,-69,20,-69,11,-55,17,-67,15,-60,17,-60,20,-62,22,-60,26,-69,24,-60,26,-64,20,-67,26,-67,24,-60,22,-60,24,-64,24,-60,17,-58,22,-60,22,-58,17,-55,20,-60,22,-60,17,-62,17,-53,17,-55,13,-53,13,-53,13,-51,6,-47,6,-51,2,-44,6,-44,4,-47,-4,-44,0,-42,0,-42,-8,0,0,0,0,0,0,0,0,0,0]"""
1782173651223,2026-06-23T09:14:11.223,warning,breathing,lmh,lying_fast_breath,t001,"CSI_DATA,19099,1a:00:00:00:00:00,-61,11,-98,15,45,11,137060417,47,2,256,0,""[0,0,0,0,0,0,0,0,0,0,0,0,-19,-34,-21,-32,-23,-39,-21,-43,-23,-41,-21,-41,-23,-43,-21,-43,-32,-50,-26,-54,-28,-52,-30,-52,-32,-58,-32,-58,-26,-60,-34,-60,-39,-58,-34,-65,-32,-60,-32,-67,-32,-67,-36,-67,-39,-63,-43,-65,-41,-69,-45,-58,-43,-63,-45,-65,-45,-63,-54,-58,-47,-56,-54,-60,-54,-56,-56,-52,-63,-52,-67,-45,-58,-39,-69,-39,-67,-41,-73,-34,-71,-36,-73,-26,-73,-30,-82,-23,-76,-21,-80,-17,-82,-17,-82,-10,-82,-21,-89,-19,-89,-13,-89,-6,-91,-13,-93,-8,-95,-8,-95,-6,-89,2,0,0,0,0,0,0,-4,91,-4,91,6,91,2,84,10,82,4,78,8,78,8,84,8,76,10,73,17,67,19,69,19,67,19,69,21,67,30,60,32,65,28,60,26,58,32,56,41,52,34,56,36,50,34,54,36,54,39,52,43,47,47,47,45,54,52,39,45,43,50,43,45,47,52,45,47,39,47,50,47,47,47,43,52,47,47,41,47,36,50,41,47,45,45,43,43,43,45,36,39,34,41,39,34,36,34,34,32,36,32,34,30,34,28,36,23,39,19,34,17,39,0,0,0,0,0,0,0,0,0,0]"""
1782173651234,2026-06-23T09:14:11.234,warning,breathing,lmh,lying_fast_breath,t001,"CSI_DATA,19100,1a:00:00:00:00:00,-61,11,-98,18,44,11,137071567,47,2,256,0,""[0,0,0,0,0,0,0,0,0,0,0,0,33,-22,29,-22,38,-24,38,-20,42,-22,40,-20,42,-20,49,-20,51,-24,55,-26,51,-26,55,-24,53,-31,53,-29,58,-24,62,-29,60,-35,67,-29,60,-29,62,-24,69,-22,67,-33,62,-33,67,-40,73,-35,64,-42,64,-38,67,-40,69,-42,60,-47,60,-42,62,-47,60,-51,60,-49,60,-53,55,-55,51,-53,49,-58,51,-60,44,-69,47,-64,40,-71,42,-62,38,-76,40,-64,33,-73,42,-76,29,-78,31,-78,33,-82,24,-82,29,-82,31,-89,33,-89,29,-94,20,-91,24,-89,0,0,0,0,0,0,-85,-31,-89,-24,-80,-17,-82,-20,-87,-13,-73,-15,-82,-13,-85,-15,-78,-8,-73,-11,-69,-6,-69,-6,-76,0,-73,4,-69,-4,-67,6,-69,11,-67,13,-67,6,-67,8,-64,17,-69,13,-58,17,-60,15,-64,15,-60,22,-62,20,-60,29,-60,22,-55,31,-58,26,-64,26,-62,24,-55,31,-60,29,-60,29,-62,29,-55,24,-60,31,-60,24,-58,26,-58,22,-60,22,-58,26,-55,20,-60,22,-49,15,-53,22,-47,13,-49,15,-47,15,-42,13,-44,11,-49,11,-44,6,-42,4,-42,0,0,0,0,0,0,0,0,0,0,0]"""
1782173651245,2026-06-23T09:14:11.245,warning,breathing,lmh,lying_fast_breath,t001,"CSI_DATA,19101,1a:00:00:00:00:00,-61,11,-98,16,45,11,137082710,47,2,256,0,""[0,0,0,0,0,0,0,0,0,0,0,0,38,-4,38,0,42,2,46,4,46,6,46,12,46,8,48,12,52,14,61,19,52,23,57,19,61,21,63,25,57,33,59,33,61,29,61,42,57,33,57,44,61,46,61,44,61,46,61,46,61,52,59,44,52,52,52,52,57,54,57,50,50,52,59,57,57,54,52,54,59,52,59,50,52,50,57,52,57,54,65,48,61,50,63,48,57,52,67,54,54,52,63,52,61,57,61,48,65,57,63,63,63,61,61,57,59,71,57,65,65,69,67,67,59,69,0,0,0,0,0,0,78,-48,80,-48,69,-54,69,-40,73,-42,65,-38,71,-42,71,-38,69,-35,67,-31,63,-31,59,-27,61,-31,67,-35,63,-29,52,-29,61,-33,63,-31,59,-27,61,-29,57,-31,63,-23,52,-29,59,-31,63,-27,61,-27,57,-23,59,-31,63,-23,57,-27,57,-19,61,-19,67,-23,63,-21,57,-16,69,-14,65,-14,63,-12,67,-10,61,-4,57,-6,63,0,65,0,61,2,59,8,59,6,52,14,54,10,46,14,44,12,44,21,42,14,42,21,38,27,31,23,29,27,25,29,0,0,0,0,0,0,0,0,0,0]"""
1782173651260,2026-06-23T09:14:11.260,warning,breathing,lmh,lying_fast_breath,t001,"CSI_DATA,19102,1a:00:00:00:00:00,-61,11,-98,18,44,11,137093480,47,2,256,0,""[0,0,0,0,0,0,0,0,0,0,0,0,-22,-33,-20,-33,-17,-35,-20,-44,-17,-42,-17,-44,-20,-40,-22,-47,-26,-47,-24,-49,-26,-51,-29,-53,-35,-55,-31,-55,-26,-58,-35,-60,-42,-60,-33,-62,-35,-55,-35,-55,-38,-60,-44,-60,-44,-60,-49,-60,-49,-62,-49,-53,-47,-58,-53,-58,-47,-55,-58,-53,-55,-47,-62,-49,-58,-44,-62,-42,-67,-42,-69,-33,-64,-33,-71,-29,-76,-31,-73,-24,-73,-22,-80,-13,-80,-15,-82,-8,-78,-8,-80,-2,-82,0,-82,4,-82,2,-89,6,-87,8,-82,11,-94,8,-91,15,-96,20,-85,17,-87,26,0,0,0,0,0,0,17,96,24,87,31,82,31,82,38,76,26,69,33,73,33,71,31,73,33,67,40,67,35,60,49,58,44,58,42,55,49,44,55,47,49,47,44,47,51,40,58,33,53,40,58,33,53,33,55,31,55,31,58,29,62,20,62,31,64,15,60,20,62,17,64,24,69,15,62,15,67,22,67,22,64,20,67,17,58,20,60,11,64,17,62,17,55,15,55,17,55,15,53,15,55,13,51,13,49,13,47,15,44,8,42,13,42,20,40,17,42,15,38,20,0,0,0,0,0,0,0,0,0,0]"""
1782173651271,2026-06-23T09:14:11.271,warning,breathing,lmh,lying_fast_breath,t001,"CSI_DATA,19103,1a:00:00:00:00:00,-61,11,-98,15,45,11,137104674,47,2,256,0,""[0,0,0,0,0,0,0,0,0,0,0,0,13,39,10,41,10,43,10,47,10,45,6,45,13,45,8,47,15,56,10,58,13,58,17,58,17,63,15,67,10,67,15,67,21,67,15,71,15,67,17,69,19,69,23,78,21,67,23,73,23,80,30,67,23,71,28,73,30,73,39,71,34,65,41,71,39,65,41,63,50,65,50,58,50,54,56,54,56,58,60,54,63,54,63,43,63,47,73,47,65,39,69,36,73,39,73,32,80,34,82,41,80,34,82,28,89,36,82,32,93,30,91,28,91,28,0,0,0,0,0,0,32,-93,26,-89,15,-84,15,-82,10,-80,13,-76,13,-78,10,-84,8,-78,4,-71,-4,-69,-2,-67,-8,-73,-2,-73,-4,-67,-13,-65,-17,-69,-15,-65,-8,-67,-17,-58,-23,-60,-19,-60,-21,-56,-23,-60,-26,-65,-28,-63,-28,-54,-34,-56,-32,-60,-39,-50,-34,-56,-36,-58,-34,-56,-36,-54,-34,-50,-34,-58,-39,-56,-39,-54,-41,-58,-32,-50,-36,-45,-36,-47,-36,-54,-39,-50,-30,-54,-34,-45,-26,-45,-32,-50,-26,-43,-26,-39,-21,-43,-21,-34,-21,-41,-17,-47,-19,-39,-15,-34,-8,-36,0,0,0,0,0,0,0,0,0,0]"""
1782173651283,2026-06-23T09:14:11.283,warning,breathing,lmh,lying_fast_breath,t001,"CSI_DATA,19104,1a:00:00:00:00:00,-61,11,-98,18,44,11,137115417,47,2,256,0,""[0,0,0,0,0,0,0,0,0,0,0,0,38,-13,38,-13,40,-11,42,-13,44,-8,44,-8,49,-11,53,-8,55,-11,55,-11,62,-8,60,-13,67,-13,69,-15,64,-6,69,-8,67,-17,71,-8,62,-4,73,-13,73,-13,73,-11,73,-11,76,-15,80,-13,73,-20,76,-11,78,-13,78,-13,71,-17,71,-15,73,-20,73,-24,71,-22,73,-29,71,-33,64,-31,71,-35,73,-35,64,-44,64,-40,67,-47,67,-47,64,-55,62,-44,60,-51,62,-53,55,-55,62,-58,64,-64,62,-58,62,-62,73,-62,67,-58,64,-64,60,-64,58,-71,0,0,0,0,0,0,-62,-64,-69,-62,-67,-55,-64,-53,-64,-53,-58,-53,-64,-51,-62,-53,-60,-47,-53,-49,-60,-44,-58,-40,-64,-38,-64,-38,-60,-38,-60,-29,-69,-33,-62,-31,-55,-31,-67,-29,-62,-17,-60,-26,-55,-20,-60,-17,-62,-22,-62,-17,-60,-20,-64,-15,-64,-20,-64,-11,-69,-15,-67,-15,-67,-17,-67,-11,-62,-13,-67,-22,-67,-15,-62,-13,-62,-20,-62,-17,-58,-15,-58,-20,-60,-22,-60,-20,-53,-20,-55,-17,-49,-22,-53,-17,-44,-24,-42,-24,-42,-22,-40,-22,-38,-17,-38,-26,-38,-26,-31,-26,-31,-26,0,0,0,0,0,0,0,0,0,0]"""
1782173651294,2026-06-23T09:14:11.294,warning,breathing,lmh,lying_fast_breath,t001,"CSI_DATA,19105,1a:00:00:00:00:00,-61,11,-98,17,45,11,137126417,47,2,256,0,""[0,0,0,0,0,0,0,0,0,0,0,0,-36,-2,-39,-6,-43,-10,-49,-14,-47,-12,-47,-14,-49,-12,-49,-14,-51,-14,-55,-22,-53,-20,-57,-18,-61,-20,-61,-24,-61,-32,-61,-28,-63,-26,-61,-32,-61,-28,-65,-34,-69,-36,-65,-36,-65,-32,-69,-36,-69,-41,-67,-30,-65,-36,-69,-36,-67,-39,-71,-34,-65,-32,-75,-34,-73,-30,-69,-30,-73,-28,-71,-22,-71,-22,-75,-20,-73,-22,-80,-16,-75,-20,-78,-10,-78,-14,-86,-10,-78,-10,-80,-6,-78,-10,-80,-4,-84,-8,-90,-12,-86,-8,-86,-2,-92,-10,-84,-8,-94,-8,-96,-4,-96,-6,0,0,0,0,0,0,-18,92,-14,84,-8,90,-8,84,-8,82,-6,80,-8,78,-10,80,-10,75,-8,73,-4,71,0,67,4,73,-2,71,-4,69,6,67,8,73,4,67,0,67,8,63,14,63,6,65,12,63,8,63,4,65,10,65,10,61,16,65,12,67,18,63,10,59,12,67,8,67,14,67,10,59,6,71,8,67,10,65,6,67,4,59,6,59,4,61,0,65,4,63,-4,61,-2,57,-6,53,-4,57,-6,53,-8,47,-10,47,-10,41,-12,43,-14,45,-18,39,-18,36,-22,32,0,0,0,0,0,0,0,0,0,0]"""
1782173651303,2026-06-23T09:14:11.303,warning,breathing,lmh,lying_fast_breath,t001,"CSI_DATA,19106,1a:00:00:00:00:00,-61,11,-98,14,45,11,137137416,47,2,256,0,""[0,0,0,0,0,0,0,0,0,0,0,0,24,33,20,33,22,38,20,42,22,42,17,44,20,44,13,49,20,55,17,55,20,58,17,58,24,60,17,64,11,64,8,71,17,69,6,71,11,64,11,73,8,76,6,73,4,76,8,78,4,82,6,78,0,76,2,78,6,78,11,80,2,73,6,80,6,78,8,73,13,80,13,80,11,71,15,76,13,76,22,78,15,76,22,78,17,78,29,80,20,73,24,73,22,80,26,76,29,80,26,87,29,82,24,82,22,87,20,91,29,89,29,87,26,89,0,0,0,0,0,0,89,-15,91,-15,82,-22,85,-13,80,-13,78,-6,78,-20,80,-15,73,-13,71,-8,71,-13,64,-11,69,-15,71,-15,67,-11,64,-15,69,-22,67,-17,60,-13,64,-20,60,-22,62,-15,55,-22,58,-20,62,-17,62,-17,64,-15,60,-24,64,-20,58,-22,62,-15,64,-15,64,-20,62,-20,62,-13,64,-13,64,-13,62,-15,64,-11,64,-4,60,-6,64,-2,64,-2,60,-2,58,2,58,2,53,8,55,6,49,11,47,11,47,11,44,11,42,13,38,17,40,17,35,20,33,24,0,0,0,0,0,0,0,0,0,0]"""
1782173651314,2026-06-23T09:14:11.314,warning,breathing,lmh,lying_fast_breath,t001,"CSI_DATA,19107,1a:00:00:00:00:00,-61,11,-98,18,44,11,137148416,47,2,256,0,""[0,0,0,0,0,0,0,0,0,0,0,0,13,-35,17,-38,22,-38,26,-35,26,-38,31,-40,26,-38,33,-38,38,-42,35,-42,42,-42,42,-47,40,-44,51,-42,51,-35,53,-40,58,-47,58,-40,55,-35,64,-33,64,-38,64,-33,67,-35,64,-35,73,-33,60,-40,69,-31,67,-35,69,-26,69,-38,69,-29,73,-33,71,-35,64,-33,71,-35,71,-38,67,-33,67,-40,64,-38,64,-44,69,-40,67,-47,71,-38,67,-47,67,-40,67,-44,71,-44,67,-44,69,-47,78,-49,69,-49,73,-47,85,-47,85,-42,82,-44,80,-42,82,-47,0,0,0,0,0,0,-29,-87,-29,-82,-35,-73,-26,-78,-31,-80,-20,-73,-22,-76,-24,-78,-26,-76,-20,-69,-22,-64,-22,-64,-22,-69,-22,-67,-22,-67,-20,-64,-24,-67,-17,-60,-17,-62,-22,-62,-29,-60,-22,-64,-20,-53,-17,-60,-17,-60,-20,-64,-22,-64,-22,-58,-17,-64,-24,-62,-15,-58,-15,-62,-13,-64,-17,-64,-13,-60,-11,-67,-8,-67,-8,-67,-6,-67,-4,-64,-2,-60,4,-64,6,-67,2,-62,8,-58,4,-58,11,-53,8,-53,13,-53,15,-49,20,-42,15,-42,20,-40,20,-38,26,-35,26,-33,33,-29,0,0,0,0,0,0,0,0,0,0]"""
1782173651327,2026-06-23T09:14:11.327,warning,breathing,lmh,lying_fast_breath,t001,"CSI_DATA,19108,1a:00:00:00:00:00,-61,11,-98,18,44,11,137162625,47,2,256,0,""[0,0,0,0,0,0,0,0,0,0,0,0,-22,-31,-24,-35,-22,-35,-24,-40,-22,-38,-22,-40,-26,-40,-26,-44,-33,-47,-29,-49,-31,-51,-33,-49,-35,-53,-38,-53,-31,-55,-38,-58,-47,-53,-42,-60,-35,-55,-44,-53,-40,-51,-49,-60,-42,-58,-51,-51,-49,-60,-51,-47,-49,-55,-51,-53,-53,-53,-60,-47,-55,-47,-64,-47,-62,-42,-62,-40,-69,-40,-69,-33,-69,-29,-71,-20,-76,-29,-76,-17,-73,-22,-82,-11,-78,-13,-85,-6,-80,-11,-82,-2,-80,2,-82,4,-82,6,-89,2,-87,11,-87,13,-94,13,-89,11,-89,22,-94,20,-85,29,0,0,0,0,0,0,17,89,20,85,31,78,29,80,35,73,24,73,31,73,31,78,33,64,33,64,38,64,35,58,42,58,42,58,42,55,49,47,53,51,51,49,44,49,51,40,62,35,55,40,55,33,53,40,58,38,58,35,60,33,64,26,62,26,62,15,60,22,62,24,64,22,62,20,60,20,69,22,64,22,67,20,64,20,60,22,60,13,60,13,62,22,60,17,60,22,60,13,53,15,53,13,44,20,49,15,44,15,42,13,40,17,47,15,35,20,42,15,38,24,0,0,0,0,0,0,0,0,0,0]"""
1782173651337,2026-06-23T09:14:11.337,warning,breathing,lmh,lying_fast_breath,t001,"CSI_DATA,19109,1a:00:00:00:00:00,-61,11,-98,16,45,11,137172897,47,2,256,0,""[0,0,0,0,0,0,0,0,0,0,0,0,-38,-4,-40,-8,-38,-10,-46,-14,-44,-16,-42,-21,-44,-23,-42,-27,-46,-29,-44,-31,-48,-35,-46,-35,-50,-38,-50,-42,-46,-48,-46,-48,-54,-48,-44,-52,-44,-50,-46,-61,-42,-57,-40,-63,-40,-63,-42,-63,-42,-67,-40,-63,-33,-67,-38,-73,-33,-65,-42,-69,-29,-65,-38,-71,-33,-67,-31,-69,-38,-69,-33,-69,-33,-63,-35,-67,-35,-69,-40,-65,-35,-71,-38,-67,-38,-73,-44,-71,-35,-73,-35,-71,-31,-78,-35,-71,-35,-76,-38,-82,-38,-82,-35,-80,-31,-88,-23,-88,-33,-86,-35,-88,-27,-86,0,0,0,0,0,0,-92,12,-86,10,-86,16,-82,8,-80,6,-80,2,-76,10,-84,6,-73,4,-78,-2,-71,0,-67,0,-73,4,-71,0,-69,-2,-67,2,-73,4,-67,4,-67,-2,-65,-2,-69,6,-65,-4,-61,2,-63,-2,-63,-4,-65,-4,-63,-8,-65,2,-65,-6,-65,-4,-61,-10,-67,-12,-65,-12,-67,-8,-61,-14,-67,-19,-63,-19,-59,-23,-61,-25,-52,-29,-54,-27,-52,-31,-54,-33,-48,-31,-48,-33,-44,-33,-40,-38,-40,-38,-38,-42,-31,-38,-23,-40,-25,-35,-21,-35,-16,-40,-16,-40,-12,-38,-6,-40,0,0,0,0,0,0,0,0,0,0]"""
1782173651349,2026-06-23T09:14:11.349,warning,breathing,lmh,lying_fast_breath,t001,"CSI_DATA,19110,1a:00:00:00:00:00,-61,11,-98,19,44,11,137181416,47,2,256,0,""[0,0,0,0,0,0,0,0,0,0,0,0,21,-32,23,-34,30,-32,32,-32,36,-32,34,-32,36,-34,43,-32,43,-36,45,-30,50,-32,50,-32,54,-34,52,-34,60,-28,56,-30,60,-36,65,-30,60,-26,67,-32,69,-30,71,-26,69,-28,71,-30,73,-23,67,-28,76,-21,78,-23,71,-21,69,-28,73,-21,76,-30,73,-26,69,-23,78,-34,71,-32,69,-28,71,-36,71,-30,76,-39,71,-36,65,-45,69,-36,73,-39,71,-36,69,-45,76,-39,65,-45,71,-45,78,-43,76,-41,73,-47,84,-47,87,-41,80,-45,84,-47,80,-43,0,0,0,0,0,0,-30,-82,-30,-87,-36,-82,-32,-82,-34,-76,-23,-76,-26,-76,-26,-78,-26,-73,-26,-73,-26,-67,-23,-65,-28,-69,-26,-67,-21,-67,-26,-65,-32,-63,-26,-60,-19,-63,-28,-63,-34,-56,-28,-63,-21,-52,-28,-54,-19,-60,-30,-56,-28,-58,-28,-60,-28,-65,-34,-58,-23,-58,-28,-65,-26,-65,-28,-58,-21,-63,-19,-69,-21,-63,-17,-63,-17,-67,-15,-65,-15,-58,-10,-63,-6,-69,-10,-60,-2,-58,-6,-58,0,-54,4,-58,4,-54,4,-47,8,-47,4,-45,10,-43,17,-41,17,-36,15,-39,21,-30,0,0,0,0,0,0,0,0,0,0]"""
1782173651360,2026-06-23T09:14:11.360,warning,breathing,lmh,lying_fast_breath,t001,"CSI_DATA,19111,1a:00:00:00:00:00,-61,11,-98,18,44,11,137192416,47,2,256,0,""[0,0,0,0,0,0,0,0,0,0,0,0,-29,-29,-29,-31,-26,-33,-29,-38,-29,-29,-24,-35,-31,-38,-22,-40,-35,-38,-29,-47,-33,-49,-35,-47,-42,-49,-42,-51,-35,-51,-35,-60,-47,-58,-38,-58,-33,-60,-40,-55,-35,-53,-42,-62,-40,-69,-49,-60,-49,-69,-51,-51,-38,-58,-47,-60,-49,-60,-51,-53,-44,-55,-49,-67,-51,-53,-55,-58,-55,-51,-62,-42,-49,-47,-49,-53,-67,-53,-76,-44,-71,-35,-58,-35,-55,-51,-87,6,-85,-55,-78,-38,-49,-20,-8,-55,-80,-15,-94,-40,-8,-89,-85,-29,-85,-26,-91,-127,-82,4,-71,2,-172,-85,0,0,0,0,0,0,-55,172,-26,44,-40,40,-60,20,-6,94,-6,78,64,69,-11,80,-17,78,-73,105,-17,80,-8,67,-13,47,-26,55,-20,69,-8,73,-2,78,0,73,0,73,2,67,8,62,11,69,11,58,8,67,6,64,15,71,6,62,15,69,15,69,24,67,17,60,17,67,22,69,22,64,20,55,13,67,20,67,17,67,15,64,11,60,17,58,15,60,11,62,8,60,4,58,17,53,6,51,11,60,6,51,2,47,2,51,-2,49,-2,47,0,53,-4,47,-4,35,-11,40,0,0,0,0,0,0,0,0,0,0]"""
1782173651374,2026-06-23T09:14:11.374,warning,breathing,lmh,lying_fast_breath,t001,"CSI_DATA,19112,1a:00:00:00:00:00,-61,11,-98,14,45,11,137206527,47,2,256,0,""[0,0,0,0,0,0,0,0,0,0,0,0,-33,-20,-33,-22,-33,-26,-33,-31,-38,-33,-33,-33,-35,-35,-35,-38,-38,-42,-35,-44,-33,-47,-35,-49,-40,-51,-38,-51,-33,-58,-33,-60,-42,-55,-31,-62,-35,-58,-31,-64,-31,-69,-35,-69,-29,-69,-33,-67,-33,-76,-35,-64,-26,-69,-31,-71,-31,-71,-35,-69,-26,-67,-33,-76,-33,-69,-33,-69,-40,-73,-38,-69,-35,-64,-40,-67,-40,-67,-47,-67,-42,-67,-47,-64,-42,-69,-53,-69,-40,-62,-44,-60,-49,-67,-51,-62,-53,-67,-53,-73,-51,-71,-49,-71,-49,-78,-44,-76,-55,-78,-55,-76,-53,-76,0,0,0,0,0,0,-82,47,-82,44,-73,47,-73,38,-76,38,-71,33,-71,38,-78,40,-67,35,-67,26,-62,33,-60,29,-64,35,-62,38,-60,31,-55,31,-60,40,-58,35,-58,31,-53,33,-53,38,-60,33,-49,38,-51,35,-55,33,-55,35,-55,31,-51,40,-60,38,-51,35,-53,31,-58,31,-58,35,-53,38,-55,31,-62,31,-58,31,-55,33,-62,29,-60,20,-55,20,-58,20,-60,17,-60,15,-58,11,-58,11,-58,6,-55,13,-47,2,-49,0,-49,0,-44,0,-44,0,-44,-11,-42,-8,-35,-11,-40,-13,0,0,0,0,0,0,0,0,0,0]"""
1782173651386,2026-06-23T09:14:11.386,warning,breathing,lmh,lying_fast_breath,t001,"CSI_DATA,19113,1a:00:00:00:00:00,-61,11,-98,21,44,11,137214876,47,2,256,0,""[0,0,0,0,0,0,0,0,0,0,0,0,-30,-26,-28,-30,-28,-32,-30,-34,-32,-36,-30,-41,-30,-41,-30,-47,-32,-47,-30,-47,-34,-51,-32,-47,-41,-55,-32,-57,-28,-61,-26,-59,-36,-57,-30,-61,-32,-63,-32,-67,-36,-67,-30,-67,-28,-67,-34,-71,-32,-78,-34,-61,-32,-69,-32,-78,-32,-69,-41,-65,-34,-63,-41,-75,-43,-71,-36,-67,-45,-69,-45,-63,-41,-59,-51,-59,-47,-65,-55,-55,-55,-61,-57,-53,-55,-55,-65,-59,-59,-57,-57,-55,-59,-61,-59,-49,-67,-55,-67,-59,-71,-57,-67,-53,-69,-61,-65,-57,-73,-57,-73,-57,-73,-59,0,0,0,0,0,0,-65,63,-61,65,-59,71,-53,61,-53,65,-55,63,-51,61,-59,61,-53,63,-51,51,-45,57,-39,57,-41,61,-43,59,-39,57,-32,59,-36,69,-36,59,-41,55,-30,57,-28,61,-28,57,-26,57,-30,59,-30,55,-34,59,-28,59,-24,61,-32,63,-20,63,-28,59,-28,65,-28,63,-24,65,-26,55,-34,63,-32,63,-30,59,-34,59,-32,55,-28,51,-30,57,-36,55,-30,51,-34,49,-32,49,-36,41,-34,49,-41,41,-34,39,-34,34,-39,34,-32,30,-36,26,-34,24,-34,22,-43,20,0,0,0,0,0,0,0,0,0,0]"""
1782173651397,2026-06-23T09:14:11.397,warning,breathing,lmh,lying_fast_breath,t001,"CSI_DATA,19114,1a:00:00:00:00:00,-61,11,-98,14,45,11,137226463,47,2,256,0,""[0,0,0,0,0,0,0,0,0,0,0,0,38,-8,40,-8,44,-6,49,-4,44,0,49,0,49,0,53,0,55,0,60,2,62,4,62,2,67,6,67,6,67,13,69,8,71,4,73,13,64,11,71,17,76,20,73,13,76,13,73,13,80,17,76,6,76,15,78,13,76,15,78,11,73,8,80,11,76,8,78,8,80,6,80,-2,76,2,78,-4,82,0,82,-11,78,-4,78,-13,80,-11,82,-17,76,-13,78,-17,82,-13,82,-22,80,-20,89,-17,85,-22,85,-24,91,-20,87,-17,94,-26,94,-24,94,-26,0,0,0,0,0,0,-13,-91,-17,-91,-22,-82,-20,-82,-22,-82,-15,-78,-20,-78,-17,-80,-15,-76,-15,-73,-20,-69,-20,-64,-26,-71,-20,-71,-22,-69,-26,-62,-29,-67,-26,-64,-20,-62,-31,-60,-35,-55,-29,-60,-29,-53,-29,-60,-24,-55,-31,-58,-33,-55,-35,-53,-33,-60,-38,-53,-35,-53,-33,-58,-33,-58,-35,-60,-33,-53,-29,-62,-31,-60,-26,-60,-29,-62,-29,-60,-29,-55,-24,-60,-20,-60,-20,-58,-17,-58,-22,-53,-13,-55,-15,-53,-11,-49,-11,-47,-4,-49,-8,-47,-2,-47,0,-44,4,-44,2,-44,6,-35,0,0,0,0,0,0,0,0,0,0]"""
1782173651405,2026-06-23T09:14:11.405,warning,breathing,lmh,lying_fast_breath,t001,"CSI_DATA,19115,1a:00:00:00:00:00,-61,11,-98,15,45,11,137236416,47,2,256,0,""[0,0,0,0,0,0,0,0,0,0,0,0,32,28,30,26,32,30,30,39,26,36,26,41,26,43,23,47,30,52,23,47,23,54,21,56,26,58,23,63,15,67,15,69,21,71,13,76,8,69,4,69,-2,76,8,76,2,80,2,76,0,80,0,76,-6,78,-6,82,-6,76,2,80,-4,73,-4,80,-2,78,-2,73,-4,82,-2,82,-4,73,0,78,-4,76,0,80,-4,80,4,82,0,84,0,82,-6,80,-2,80,-8,84,-6,80,-2,82,-8,91,-4,87,-4,91,-19,93,-17,87,-13,95,-13,95,-17,89,0,0,0,0,0,0,87,30,84,34,87,23,78,30,78,30,73,34,67,28,78,34,69,32,67,36,65,32,65,32,67,32,63,30,63,34,63,30,65,28,60,30,56,36,58,30,60,30,56,36,54,28,54,28,56,34,58,32,56,34,58,30,56,36,58,30,52,39,58,45,52,39,52,36,50,43,47,45,45,45,45,43,45,50,41,52,39,52,36,56,30,54,32,50,26,54,28,54,19,52,21,50,15,52,13,45,8,52,6,47,6,47,0,43,0,41,-4,41,-13,41,0,0,0,0,0,0,0,0,0,0]"""
1782173651414,2026-06-23T09:14:11.414,warning,breathing,lmh,lying_fast_breath,t001,"CSI_DATA,19116,1a:00:00:00:00:00,-61,11,-98,18,44,11,137247416,47,2,256,0,""[0,0,0,0,0,0,0,0,0,0,0,0,24,29,20,31,24,35,24,40,22,40,24,42,22,42,24,40,33,49,29,47,31,53,35,51,35,51,38,53,31,53,35,58,51,55,40,58,38,58,44,58,47,55,47,58,49,55,53,58,55,60,60,49,51,53,55,55,58,49,62,42,62,44,69,44,67,40,67,33,73,33,76,26,67,20,78,26,71,22,78,13,80,11,80,4,80,4,87,-2,82,0,78,-6,78,-6,82,-17,82,-13,91,-15,87,-17,82,-17,91,-20,89,-17,91,-24,85,-33,87,-33,0,0,0,0,0,0,-31,-85,-33,-87,-44,-76,-38,-76,-44,-73,-38,-71,-40,-64,-40,-71,-47,-64,-42,-60,-51,-53,-44,-49,-53,-51,-51,-51,-53,-51,-55,-47,-60,-42,-55,-38,-53,-35,-58,-31,-62,-29,-58,-33,-58,-22,-60,-22,-60,-24,-62,-20,-64,-15,-60,-15,-67,-17,-69,-11,-64,-8,-67,-13,-64,-11,-69,-4,-67,-6,-69,-8,-67,-4,-67,-4,-73,-4,-64,-4,-60,-2,-67,-4,-62,-6,-60,-4,-60,-4,-60,0,-55,-4,-58,-2,-53,-4,-51,-2,-49,-6,-47,-2,-40,-6,-47,-13,-40,-8,-44,-8,-38,-11,0,0,0,0,0,0,0,0,0,0]"""
1782173651423,2026-06-23T09:14:11.423,warning,breathing,lmh,lying_fast_breath,t001,"CSI_DATA,19117,1a:00:00:00:00:00,-61,11,-98,19,44,11,137258416,47,2,256,0,""[0,0,0,0,0,0,0,0,0,0,0,0,8,-36,10,-39,8,-43,17,-45,15,-47,17,-47,10,-47,17,-43,13,-54,19,-54,21,-56,17,-56,19,-63,15,-65,19,-63,19,-63,13,-71,23,-71,19,-69,15,-67,17,-67,19,-78,15,-69,13,-78,15,-80,6,-76,17,-73,13,-78,10,-76,2,-76,6,-71,2,-84,-2,-78,-4,-76,-13,-80,-10,-73,-15,-71,-17,-73,-19,-78,-30,-73,-26,-73,-34,-69,-30,-78,-36,-73,-30,-69,-43,-69,-45,-71,-43,-67,-50,-69,-52,-73,-54,-78,-58,-67,-58,-73,-50,-71,-65,-73,-63,-71,-56,-71,0,0,0,0,0,0,-73,65,-65,65,-60,63,-60,65,-54,63,-56,56,-43,63,-54,63,-47,63,-45,60,-39,58,-36,60,-32,67,-36,65,-36,63,-28,60,-28,69,-23,69,-26,60,-17,65,-13,63,-21,69,-10,65,-13,63,-15,69,-6,69,-8,65,-4,69,-6,71,4,65,-4,65,0,67,-2,69,2,71,4,60,4,69,2,71,8,63,2,69,0,63,2,63,0,63,0,67,0,63,-2,63,4,58,-6,58,0,58,-6,50,-4,47,-6,47,-2,47,-4,45,-8,47,-13,43,-13,36,-19,41,0,0,0,0,0,0,0,0,0,0]"""
1782173651433,2026-06-23T09:14:11.433,warning,breathing,lmh,lying_fast_breath,t001,"CSI_DATA,19118,1a:00:00:00:00:00,-61,11,-98,23,43,11,137269416,47,2,256,0,""[0,0,0,0,0,0,0,0,0,0,0,0,-34,23,-36,21,-41,21,-43,19,-43,19,-47,17,-45,19,-45,21,-50,23,-54,19,-58,19,-58,21,-60,26,-60,23,-60,17,-67,17,-67,28,-73,17,-65,19,-65,21,-67,19,-73,28,-73,26,-71,28,-78,28,-67,34,-76,23,-73,28,-73,28,-67,34,-65,30,-69,36,-65,43,-67,39,-67,45,-65,47,-56,45,-63,50,-60,52,-56,56,-60,52,-54,60,-56,58,-54,69,-47,58,-45,65,-50,71,-43,65,-47,73,-50,78,-47,73,-45,80,-50,78,-54,78,-54,84,-39,89,-39,84,0,0,0,0,0,0,73,45,78,50,80,34,76,41,78,34,71,36,73,32,78,34,73,30,69,32,69,28,67,23,71,19,67,17,71,23,65,17,71,15,67,13,65,15,69,6,69,4,67,10,63,0,63,2,65,0,69,0,69,2,67,-4,71,-2,65,-8,67,-2,71,-6,67,-4,67,-6,67,-4,67,-2,67,-6,65,-6,65,-6,65,-4,60,-2,65,0,65,4,65,-2,56,6,58,-4,54,8,58,2,52,6,52,4,52,4,45,4,45,8,47,10,39,10,41,15,36,19,0,0,0,0,0,0,0,0,0,0]"""
1782173651444,2026-06-23T09:14:11.444,warning,breathing,lmh,lying_fast_breath,t001,"CSI_DATA,19119,1a:00:00:00:00:00,-61,11,-98,14,45,11,137280415,47,2,256,0,""[0,0,0,0,0,0,0,0,0,0,0,0,40,0,40,2,47,8,49,8,49,11,49,11,53,11,49,11,55,11,58,17,60,15,60,17,67,17,64,20,64,31,64,24,71,22,67,26,67,26,60,31,62,33,73,33,69,29,71,29,76,35,71,24,69,31,76,31,71,33,78,26,69,22,78,29,76,24,69,24,80,17,80,15,71,11,78,8,78,15,80,8,78,11,78,2,80,6,85,0,78,2,80,-4,85,0,80,-6,85,-2,94,-2,91,-2,85,-8,91,-2,89,0,98,-6,98,-6,89,-4,0,0,0,0,0,0,2,-91,-4,-91,-6,-91,-4,-85,-8,-80,-4,-78,-4,-78,-4,-85,-4,-76,-6,-73,-13,-71,-8,-67,-13,-71,-11,-71,-13,-67,-20,-67,-22,-69,-17,-64,-15,-69,-20,-60,-26,-62,-22,-64,-22,-58,-22,-60,-15,-62,-22,-60,-26,-60,-26,-58,-24,-64,-33,-55,-24,-58,-26,-62,-24,-62,-26,-62,-24,-55,-20,-67,-24,-64,-22,-60,-20,-64,-20,-60,-22,-55,-17,-60,-13,-64,-15,-60,-11,-62,-17,-53,-6,-53,-11,-53,-6,-53,-6,-51,-2,-44,-2,-47,2,-44,6,-47,6,-42,4,-40,8,-38,0,0,0,0,0,0,0,0,0,0]"""
1782173651456,2026-06-23T09:14:11.456,warning,breathing,lmh,lying_fast_breath,t001,"CSI_DATA,19120,1a:00:00:00:00:00,-61,11,-98,19,44,11,137291415,47,2,256,0,""[0,0,0,0,0,0,0,0,0,0,0,0,-28,-28,-30,-28,-28,-32,-28,-41,-26,-41,-26,-41,-26,-39,-28,-47,-30,-52,-28,-52,-26,-52,-30,-54,-32,-56,-30,-58,-21,-60,-26,-65,-30,-60,-23,-69,-21,-65,-17,-63,-17,-71,-23,-73,-21,-76,-26,-73,-26,-80,-30,-71,-17,-76,-21,-76,-19,-78,-28,-76,-21,-69,-26,-78,-28,-71,-30,-71,-34,-78,-32,-71,-34,-65,-36,-67,-30,-73,-41,-71,-39,-71,-41,-69,-36,-69,-47,-73,-41,-63,-47,-65,-47,-69,-47,-63,-47,-71,-54,-76,-50,-73,-52,-73,-47,-78,-45,-76,-58,-82,-52,-82,-54,-80,0,0,0,0,0,0,-87,41,-82,47,-73,47,-73,41,-73,47,-69,36,-71,39,-73,39,-71,36,-67,32,-60,32,-58,34,-63,41,-63,39,-63,39,-56,41,-60,45,-56,39,-56,36,-52,41,-50,45,-54,34,-45,36,-52,41,-56,39,-54,41,-52,39,-45,47,-52,45,-43,45,-54,39,-56,41,-54,41,-52,41,-52,36,-56,39,-54,39,-52,39,-56,36,-56,30,-52,30,-56,30,-58,30,-56,32,-58,21,-52,21,-54,17,-54,19,-47,10,-47,15,-47,8,-50,13,-47,4,-50,2,-43,-4,-39,-4,-41,-8,0,0,0,0,0,0,0,0,0,0]"""
1782173651464,2026-06-23T09:14:11.464,warning,breathing,lmh,lying_fast_breath,t001,"CSI_DATA,19121,1a:00:00:00:00:00,-61,11,-98,17,44,11,137302415,47,2,256,0,""[0,0,0,0,0,0,0,0,0,0,0,0,13,36,6,41,11,43,9,43,4,48,4,48,2,50,-4,48,2,55,0,59,-4,59,-2,62,-2,66,0,64,-13,69,-11,66,-6,76,-23,73,-16,66,-27,69,-27,66,-18,69,-25,71,-20,76,-23,73,-18,71,-29,73,-27,73,-29,73,-20,73,-25,69,-29,80,-25,73,-25,73,-25,76,-20,80,-27,69,-20,73,-18,73,-13,76,-18,76,-9,82,-13,78,-18,85,-23,78,-18,78,-18,82,-13,80,-11,85,-20,89,-16,87,-13,89,-27,89,-27,89,-20,94,-25,92,-29,92,0,0,0,0,0,0,82,36,82,39,85,29,80,32,78,34,71,36,73,27,71,34,71,32,64,34,66,34,64,29,73,29,64,29,62,27,62,23,69,25,62,25,59,29,64,20,64,18,62,32,55,20,59,25,59,29,62,23,64,27,62,23,64,27,66,18,59,25,59,32,62,29,59,25,55,27,59,41,62,34,57,34,55,41,52,39,48,39,50,41,48,43,52,39,41,43,43,39,36,43,36,41,29,41,29,41,27,43,23,43,18,36,20,43,11,41,13,39,6,41,0,0,0,0,0,0,0,0,0,0]"""
1782173651482,2026-06-23T09:14:11.482,warning,breathing,lmh,lying_fast_breath,t001,"CSI_DATA,19122,1a:00:00:00:00:00,-61,11,-98,18,44,11,137313432,47,2,256,0,""[0,0,0,0,0,0,0,0,0,0,0,0,-35,-17,-33,-22,-38,-20,-38,-24,-33,-33,-35,-31,-38,-31,-33,-38,-42,-42,-40,-44,-38,-49,-38,-47,-42,-55,-44,-53,-33,-53,-33,-58,-38,-62,-31,-69,-26,-62,-31,-60,-22,-62,-26,-73,-29,-71,-26,-71,-22,-78,-24,-71,-15,-76,-20,-80,-17,-76,-20,-73,-17,-71,-22,-78,-17,-78,-15,-73,-22,-78,-20,-73,-15,-69,-22,-73,-24,-76,-26,-78,-24,-78,-29,-73,-24,-76,-29,-85,-22,-76,-20,-73,-24,-78,-29,-76,-24,-82,-22,-91,-24,-89,-22,-89,-17,-91,-15,-85,-20,-96,-15,-89,-11,-89,0,0,0,0,0,0,-89,2,-94,4,-87,6,-87,0,-82,-2,-78,-8,-85,-2,-85,-6,-76,-2,-69,-11,-69,-8,-67,-6,-73,-6,-76,-6,-67,-13,-67,-6,-73,-4,-76,-6,-64,-11,-62,-6,-64,0,-67,-8,-60,-4,-67,-8,-64,-11,-67,-8,-64,-8,-64,-4,-67,-11,-64,-2,-64,-17,-64,-15,-67,-15,-67,-15,-62,-17,-62,-24,-67,-24,-62,-22,-60,-26,-55,-26,-55,-26,-55,-31,-51,-35,-49,-35,-47,-38,-47,-35,-38,-40,-44,-40,-29,-40,-26,-38,-26,-40,-26,-38,-20,-42,-20,-44,-13,-40,-11,-40,-6,-40,0,0,0,0,0,0,0,0,0,0]"""
1782173651490,2026-06-23T09:14:11.490,warning,breathing,lmh,lying_fast_breath,t001,"CSI_DATA,19123,1a:00:00:00:00:00,-61,11,-98,20,44,11,137324415,47,2,256,0,""[0,0,0,0,0,0,0,0,0,0,0,0,27,-29,29,-27,33,-29,35,-31,33,-35,33,-31,38,-33,38,-35,42,-42,44,-40,44,-44,38,-44,44,-52,44,-52,50,-46,48,-48,44,-54,50,-59,46,-50,48,-48,50,-54,46,-63,50,-59,42,-67,48,-69,33,-65,42,-67,42,-69,40,-69,31,-73,29,-67,27,-78,25,-71,23,-73,14,-80,12,-82,6,-78,-2,-82,0,-78,-8,-80,-6,-80,-12,-73,-12,-78,-21,-90,-19,-76,-25,-76,-25,-82,-27,-76,-33,-78,-33,-88,-42,-80,-44,-73,-42,-84,-40,-78,-52,-82,-50,-84,-54,-80,0,0,0,0,0,0,-80,52,-71,50,-63,65,-67,57,-61,61,-59,54,-57,61,-54,63,-48,61,-46,54,-42,57,-42,57,-40,59,-35,65,-31,63,-23,63,-21,71,-23,67,-23,63,-16,63,-10,65,-16,65,-4,63,-10,65,-8,69,-6,65,-2,65,8,67,6,71,10,67,4,65,8,65,12,67,14,67,8,63,10,71,14,65,12,63,12,71,12,63,14,63,12,63,16,61,16,59,14,57,19,57,14,54,16,57,6,48,10,48,2,48,8,40,10,48,4,50,12,42,6,40,0,44,0,0,0,0,0,0,0,0,0,0]"""
1782173651498,2026-06-23T09:14:11.498,warning,breathing,lmh,lying_fast_breath,t001,"CSI_DATA,19124,1a:00:00:00:00:00,-61,11,-98,18,44,11,137335594,47,2,256,0,""[0,0,0,0,0,0,0,0,0,0,0,0,-24,-29,-22,-33,-26,-35,-24,-42,-22,-40,-22,-44,-22,-42,-24,-42,-29,-49,-26,-51,-31,-53,-33,-55,-35,-60,-38,-55,-31,-58,-35,-58,-42,-58,-40,-60,-35,-60,-42,-60,-42,-62,-42,-64,-47,-58,-49,-62,-44,-67,-51,-60,-49,-58,-53,-58,-53,-62,-55,-51,-55,-49,-60,-53,-60,-49,-60,-49,-69,-42,-71,-40,-67,-38,-73,-31,-67,-35,-78,-22,-73,-26,-82,-20,-80,-15,-82,-15,-82,-17,-82,-8,-82,-8,-85,0,-82,-6,-91,-4,-91,4,-89,2,-89,0,-94,-2,-91,6,-91,11,-96,8,0,0,0,0,0,0,13,94,13,85,24,87,24,82,24,82,20,78,24,73,26,80,26,71,24,73,31,69,31,64,35,64,38,62,33,58,38,55,44,60,42,51,40,53,47,51,55,44,51,44,49,40,49,42,49,44,51,42,53,42,58,31,55,38,55,29,53,31,58,33,60,33,64,29,58,26,60,38,60,33,53,33,60,31,55,26,58,26,60,29,55,33,58,29,53,29,55,22,47,31,53,24,47,29,47,22,40,26,40,22,38,26,35,26,33,26,33,24,31,29,0,0,0,0,0,0,0,0,0,0]"""
1782173651513,2026-06-23T09:14:11.513,warning,breathing,lmh,lying_fast_breath,t001,"CSI_DATA,19125,1a:00:00:00:00:00,-61,11,-98,18,44,11,137347973,47,2,256,0,""[0,0,0,0,0,0,0,0,0,0,0,0,11,38,4,40,4,44,4,47,-2,49,0,49,0,51,-2,51,0,58,0,60,-2,60,-2,60,0,67,-2,69,-11,69,-6,71,0,71,-8,71,-8,73,-8,71,-11,69,-4,80,-11,73,-8,82,-8,85,2,76,-8,78,-4,80,-2,78,2,78,0,71,2,85,4,80,4,78,8,82,8,78,13,76,17,78,17,78,24,82,22,78,31,78,26,76,38,80,22,69,35,73,35,76,40,76,38,78,40,82,40,85,44,73,40,85,40,85,49,82,44,82,51,78,0,0,0,0,0,0,80,-44,87,-38,78,-47,73,-38,78,-42,67,-35,71,-42,71,-42,64,-42,62,-35,60,-44,58,-40,55,-47,55,-44,62,-40,49,-44,58,-51,51,-51,49,-44,47,-51,42,-51,49,-49,38,-51,40,-49,47,-51,40,-53,42,-51,33,-58,47,-58,33,-58,38,-49,38,-58,42,-60,35,-60,40,-53,47,-53,40,-55,38,-55,42,-55,40,-49,38,-47,42,-49,44,-49,40,-49,42,-44,40,-42,40,-40,35,-44,40,-33,38,-35,40,-33,40,-29,35,-24,38,-29,40,-20,38,-17,44,-15,0,0,0,0,0,0,0,0,0,0]"""
1782173651526,2026-06-23T09:14:11.526,warning,breathing,lmh,lying_fast_breath,t001,"CSI_DATA,19126,1a:00:00:00:00:00,-61,11,-98,18,44,11,137364981,47,2,256,0,""[0,0,0,0,0,0,0,0,0,0,0,0,35,13,40,20,38,17,40,24,35,24,40,29,44,31,40,31,49,33,42,38,49,40,47,38,53,42,49,40,47,51,51,47,60,42,49,53,51,51,53,51,44,49,58,51,53,51,53,58,60,60,60,51,51,55,58,58,55,51,64,49,53,47,64,55,62,53,62,47,62,47,69,44,58,42,71,40,67,42,73,38,71,38,78,29,78,33,78,33,73,33,76,31,82,31,80,26,82,26,82,35,87,31,87,22,87,35,85,35,94,31,96,24,87,26,0,0,0,0,0,0,33,-91,33,-82,24,-91,26,-76,26,-80,26,-76,22,-78,26,-80,20,-69,26,-76,17,-71,17,-71,13,-73,17,-69,17,-69,8,-67,11,-76,11,-69,13,-64,2,-67,0,-64,11,-64,2,-64,6,-67,8,-69,4,-69,0,-62,-2,-67,2,-69,-8,-67,2,-64,2,-71,2,-71,-2,-67,2,-62,6,-73,4,-71,4,-67,6,-69,6,-62,4,-58,4,-67,11,-64,8,-60,15,-60,6,-58,15,-55,11,-58,17,-53,11,-44,15,-47,17,-42,17,-44,22,-44,22,-40,26,-33,24,-35,0,0,0,0,0,0,0,0,0,0]"""
1782173651538,2026-06-23T09:14:11.538,warning,breathing,lmh,lying_fast_breath,t001,"CSI_DATA,19127,1a:00:00:00:00:00,-61,11,-98,14,45,11,137371518,47,2,256,0,""[0,0,0,0,0,0,0,0,0,0,0,0,6,-40,8,-40,13,-42,20,-42,20,-40,22,-44,20,-47,29,-44,26,-53,31,-47,35,-53,33,-51,40,-55,40,-53,47,-47,44,-53,49,-62,53,-47,53,-47,51,-47,55,-42,60,-51,60,-49,64,-49,67,-49,58,-53,64,-44,64,-49,64,-42,62,-49,62,-44,67,-44,64,-44,60,-42,62,-51,62,-51,60,-44,62,-53,62,-49,60,-53,60,-53,58,-58,64,-55,58,-58,62,-51,62,-60,64,-58,62,-58,60,-53,69,-55,69,-58,69,-55,78,-62,76,-53,76,-60,73,-53,76,-55,0,0,0,0,0,0,-40,-78,-40,-80,-47,-76,-40,-76,-42,-73,-40,-71,-35,-71,-38,-76,-33,-64,-31,-71,-33,-67,-31,-64,-35,-62,-29,-64,-31,-64,-31,-58,-35,-62,-29,-58,-24,-58,-31,-60,-38,-58,-29,-62,-29,-53,-26,-53,-24,-62,-29,-58,-26,-62,-35,-58,-29,-62,-33,-58,-29,-58,-31,-62,-22,-62,-24,-60,-24,-60,-20,-69,-20,-64,-15,-60,-13,-67,-15,-64,-13,-60,-8,-64,-4,-62,-4,-62,2,-60,0,-58,4,-58,6,-55,11,-53,8,-53,13,-47,8,-47,13,-40,17,-44,20,-40,17,-33,24,-33,0,0,0,0,0,0,0,0,0,0]"""
1782173651547,2026-06-23T09:14:11.547,warning,breathing,lmh,lying_fast_breath,t001,"CSI_DATA,19128,1a:00:00:00:00:00,-61,11,-98,20,44,11,137379415,47,2,256,0,""[0,0,0,0,0,0,0,0,0,0,0,0,35,-19,38,-16,42,-16,48,-14,48,-14,48,-10,50,-12,50,-8,59,-12,63,-4,59,-8,61,-8,67,-10,67,-2,65,2,69,-2,71,-4,73,4,73,8,76,6,71,8,78,12,76,10,82,12,78,16,80,8,73,16,80,14,73,16,78,8,73,10,82,10,76,16,76,14,84,10,82,4,73,8,80,2,80,12,80,2,78,8,82,-4,80,0,82,-2,82,6,84,0,82,6,82,-2,84,2,95,2,90,2,88,0,97,8,90,8,103,2,97,6,90,4,0,0,0,0,0,0,19,-95,21,-86,10,-88,10,-84,14,-86,19,-76,14,-80,21,-80,16,-71,19,-76,12,-71,14,-69,14,-71,16,-71,14,-69,10,-67,8,-71,14,-71,14,-65,10,-65,4,-69,12,-67,6,-63,8,-67,16,-67,14,-67,12,-65,4,-69,8,-69,4,-65,14,-63,12,-67,19,-69,14,-63,12,-63,23,-67,23,-67,23,-61,23,-65,25,-63,25,-52,27,-59,31,-54,31,-54,33,-50,27,-50,35,-46,35,-52,31,-40,31,-33,40,-38,35,-35,35,-29,35,-27,40,-23,35,-21,40,-10,0,0,0,0,0,0,0,0,0,0]"""
1782173651558,2026-06-23T09:14:11.558,warning,breathing,lmh,lying_fast_breath,t001,"CSI_DATA,19129,1a:00:00:00:00:00,-61,11,-98,19,44,11,137390428,47,2,256,0,""[0,0,0,0,0,0,0,0,0,0,0,0,-34,-21,-32,-21,-39,-23,-39,-28,-39,-28,-41,-28,-43,-32,-39,-30,-47,-36,-50,-36,-45,-36,-52,-32,-56,-36,-52,-41,-50,-45,-58,-47,-58,-41,-54,-50,-56,-50,-50,-45,-47,-54,-56,-52,-60,-47,-65,-50,-63,-54,-65,-43,-63,-47,-63,-45,-63,-50,-65,-45,-63,-45,-69,-47,-67,-41,-65,-41,-69,-39,-71,-34,-69,-28,-76,-28,-76,-28,-80,-21,-76,-21,-82,-15,-78,-19,-87,-17,-78,-21,-80,-13,-84,-15,-82,-8,-84,-10,-89,-6,-84,-8,-89,-4,-84,-10,-91,-8,-100,-4,-93,-4,-84,0,0,0,0,0,0,0,-10,93,-8,91,0,97,-4,87,2,78,0,78,2,80,0,84,2,82,4,78,4,73,6,69,8,76,8,73,10,73,17,69,21,76,17,67,13,67,19,65,28,67,19,67,19,58,17,65,23,63,23,63,26,58,34,58,28,65,36,58,28,56,30,58,28,63,32,58,30,56,30,65,34,65,28,60,28,63,23,58,23,58,28,60,21,65,23,58,21,56,26,54,19,52,21,56,15,47,10,47,13,50,10,45,8,45,4,52,2,43,0,39,-2,43,0,0,0,0,0,0,0,0,0,0]"""
1782173651568,2026-06-23T09:14:11.568,warning,breathing,lmh,lying_fast_breath,t001,"CSI_DATA,19130,1a:00:00:00:00:00,-61,11,-98,15,44,11,137401415,47,2,256,0,""[0,0,0,0,0,0,0,0,0,0,0,0,-36,14,-41,12,-41,12,-43,9,-43,7,-51,7,-51,7,-53,7,-56,9,-61,7,-61,4,-61,4,-68,9,-68,12,-68,2,-75,0,-73,4,-70,-2,-70,-2,-75,7,-73,0,-75,-2,-75,0,-80,0,-87,0,-80,9,-82,-4,-82,7,-80,-4,-82,2,-70,2,-75,2,-85,9,-78,-2,-85,14,-82,9,-70,17,-73,29,-78,12,-82,17,-85,19,-73,39,-65,31,-124,34,-48,14,-78,26,-75,51,-24,90,-95,26,-78,29,24,51,-70,29,-92,29,-39,-46,-87,68,-70,75,-156,-41,0,0,0,0,0,0,4,168,24,51,9,36,-34,34,48,82,34,73,104,24,39,68,21,78,9,143,24,68,34,65,-7,65,14,68,24,68,36,65,39,63,39,65,39,63,34,65,46,58,39,58,34,48,36,51,36,56,41,56,39,51,43,46,43,53,51,46,43,53,46,53,36,56,41,53,39,51,39,58,43,58,34,51,39,58,31,58,34,48,39,53,34,58,29,56,21,58,29,53,21,56,24,51,19,51,14,46,17,51,12,43,7,43,4,48,7,41,2,43,0,41,0,0,0,0,0,0,0,0,0,0]"""
1782173651579,2026-06-23T09:14:11.579,warning,breathing,lmh,lying_fast_breath,t001,"CSI_DATA,19131,1a:00:00:00:00:00,-61,11,-98,19,44,11,137412445,47,2,256,0,""[0,0,0,0,0,0,0,0,0,0,0,0,-8,-41,-8,-39,-6,-41,-4,-52,-2,-45,-4,-50,-8,-50,-2,-47,-10,-56,-6,-56,-6,-58,-10,-58,-13,-67,-15,-67,-4,-71,-10,-65,-17,-73,-10,-73,-10,-73,-6,-69,0,-71,-15,-78,-10,-73,-21,-73,-13,-82,-28,-71,-17,-71,-23,-76,-21,-73,-34,-73,-28,-69,-34,-78,-32,-71,-34,-65,-41,-71,-47,-65,-43,-60,-52,-56,-52,-58,-60,-56,-56,-60,-63,-50,-67,-54,-73,-47,-67,-47,-69,-41,-67,-47,-71,-41,-76,-41,-82,-43,-80,-41,-84,-34,-89,-43,-80,-34,-89,-26,-91,-34,-89,-26,0,0,0,0,0,0,-32,89,-32,87,-17,91,-17,82,-15,80,-19,82,-13,78,-15,89,-8,76,-10,73,-4,73,-4,71,2,78,2,73,8,73,8,65,10,71,15,69,10,69,19,60,28,67,15,67,23,63,23,60,21,65,23,65,28,56,32,58,30,67,34,54,34,54,36,63,32,58,43,56,36,52,41,58,39,56,41,52,39,58,36,54,32,45,39,52,39,54,41,54,34,54,34,45,34,47,32,45,28,45,26,43,21,43,21,41,23,39,21,43,17,39,19,39,13,41,0,0,0,0,0,0,0,0,0,0]"""
1782173651590,2026-06-23T09:14:11.590,warning,breathing,lmh,lying_fast_breath,t001,"CSI_DATA,19132,1a:00:00:00:00:00,-61,11,-98,18,44,11,137423415,47,2,256,0,""[0,0,0,0,0,0,0,0,0,0,0,0,24,-29,29,-31,31,-35,38,-26,35,-33,33,-31,38,-33,42,-33,40,-35,40,-40,49,-40,44,-44,51,-44,51,-42,51,-40,55,-42,51,-49,60,-47,53,-47,58,-49,58,-53,62,-51,60,-53,55,-51,60,-53,51,-58,58,-51,58,-58,53,-55,49,-58,49,-53,49,-62,49,-62,42,-62,47,-69,40,-71,35,-67,35,-71,31,-71,29,-80,33,-73,24,-80,29,-78,22,-82,17,-69,13,-80,15,-80,8,-78,8,-85,13,-96,4,-89,8,-87,11,-91,15,-89,6,-96,6,-96,2,-91,0,0,0,0,0,0,-91,-13,-96,-8,-85,6,-89,-2,-89,2,-78,-4,-87,2,-85,4,-78,0,-71,6,-69,8,-67,6,-76,13,-69,13,-71,11,-64,20,-71,22,-64,22,-67,15,-62,22,-62,31,-64,24,-55,26,-55,26,-58,26,-60,35,-55,33,-53,35,-62,38,-53,44,-55,31,-55,35,-60,38,-53,40,-55,38,-55,33,-51,38,-55,38,-58,42,-58,33,-51,38,-58,33,-55,33,-53,33,-53,29,-55,35,-51,22,-51,29,-42,20,-47,22,-47,17,-42,24,-44,13,-42,20,-44,13,-42,8,-42,6,0,0,0,0,0,0,0,0,0,0]"""
1782173651601,2026-06-23T09:14:11.601,warning,breathing,lmh,lying_fast_breath,t001,"CSI_DATA,19133,1a:00:00:00:00:00,-59,11,-98,15,43,11,137435314,47,2,256,0,""[0,0,0,0,0,0,0,0,0,0,0,0,41,2,38,5,46,10,46,13,46,19,46,21,46,19,49,24,54,24,57,27,57,30,54,24,60,30,60,32,52,35,57,41,57,41,54,46,54,46,52,41,54,46,60,52,54,46,62,52,60,57,60,46,57,52,57,54,54,60,57,57,54,52,54,57,62,52,57,52,62,52,65,52,62,43,62,46,65,54,73,43,62,49,65,46,65,43,76,46,65,46,76,43,73,46,73,41,71,52,79,49,76,49,76,46,76,54,79,57,82,57,87,57,79,52,0,0,0,0,0,0,62,-60,65,-73,52,-68,57,-60,54,-68,54,-60,52,-65,60,-60,54,-60,54,-52,46,-57,46,-54,49,-62,46,-54,46,-60,38,-54,46,-60,43,-57,43,-52,43,-54,38,-57,49,-54,38,-49,41,-52,43,-54,41,-54,38,-54,35,-57,43,-54,35,-57,38,-52,43,-52,43,-52,43,-49,41,-54,49,-52,52,-54,49,-46,52,-46,52,-41,46,-41,49,-41,54,-38,52,-38,52,-32,49,-35,52,-21,54,-32,46,-24,46,-21,46,-16,46,-19,49,-10,49,-8,43,-8,43,-2,41,0,0,0,0,0,0,0,0,0,0,0]"""
1782173651613,2026-06-23T09:14:11.613,warning,breathing,lmh,lying_fast_breath,t001,"CSI_DATA,19134,1a:00:00:00:00:00,-61,11,-98,14,45,11,137448258,47,2,256,0,""[0,0,0,0,0,0,0,0,0,0,0,0,26,-31,29,-29,33,-31,38,-31,38,-31,42,-31,40,-31,42,-31,47,-35,47,-35,51,-38,49,-38,55,-42,51,-42,55,-33,62,-40,60,-47,64,-42,55,-38,60,-44,58,-44,64,-42,64,-47,62,-47,67,-49,60,-49,64,-44,64,-49,64,-49,55,-53,62,-49,55,-53,55,-58,55,-55,53,-64,53,-62,47,-60,44,-62,44,-64,40,-71,40,-69,38,-73,42,-69,35,-80,35,-71,31,-78,33,-78,22,-78,26,-80,26,-91,24,-87,24,-87,33,-85,38,-89,26,-91,15,-91,22,-91,0,0,0,0,0,0,-89,-26,-89,-26,-82,-15,-85,-22,-85,-20,-76,-22,-78,-11,-82,-13,-76,-11,-71,-11,-73,-8,-71,-8,-76,-4,-71,-2,-69,-6,-67,0,-73,11,-69,6,-64,0,-69,4,-67,13,-71,2,-58,13,-62,13,-62,13,-64,15,-69,15,-60,22,-64,17,-62,26,-62,17,-64,17,-64,20,-60,24,-62,20,-62,20,-64,17,-62,22,-64,22,-67,15,-62,15,-62,13,-62,15,-60,17,-55,11,-60,13,-53,6,-53,11,-51,4,-49,8,-49,2,-49,4,-44,6,-47,-2,-44,-4,-42,-4,-40,-6,0,0,0,0,0,0,0,0,0,0]"""
1782173651623,2026-06-23T09:14:11.623,warning,breathing,lmh,lying_fast_breath,t001,"CSI_DATA,19135,1a:00:00:00:00:00,-61,11,-98,14,45,11,137457032,47,2,256,0,""[0,0,0,0,0,0,0,0,0,0,0,0,20,33,20,38,20,40,20,40,22,44,17,44,22,44,22,44,26,53,24,53,29,53,31,53,33,60,31,58,26,62,38,62,40,58,38,67,33,62,33,64,31,69,40,64,47,64,44,64,49,69,55,55,49,60,53,60,51,58,58,53,55,49,60,53,60,51,60,49,69,44,73,38,64,35,73,29,71,31,78,24,76,26,82,11,80,15,87,11,82,8,82,4,85,4,80,0,85,0,89,2,89,-6,89,-11,94,-11,94,-6,96,-17,91,-20,94,-20,0,0,0,0,0,0,-13,-89,-22,-89,-29,-78,-31,-80,-33,-80,-29,-73,-31,-73,-33,-76,-31,-69,-33,-69,-38,-62,-35,-58,-44,-60,-40,-58,-42,-55,-47,-49,-53,-49,-49,-49,-42,-49,-53,-40,-55,-31,-58,-44,-51,-31,-53,-33,-53,-38,-55,-33,-60,-31,-60,-22,-62,-29,-62,-15,-62,-22,-62,-22,-64,-22,-64,-17,-62,-15,-69,-22,-62,-20,-62,-20,-64,-20,-60,-15,-60,-13,-64,-13,-62,-17,-60,-13,-55,-17,-60,-8,-51,-13,-55,-13,-49,-8,-49,-13,-47,-15,-44,-13,-40,-15,-42,-17,-42,-17,-38,-15,-35,-15,0,0,0,0,0,0,0,0,0,0]"""
1782173651632,2026-06-23T09:14:11.632,warning,breathing,lmh,lying_fast_breath,t001,"CSI_DATA,19136,1a:00:00:00:00:00,-61,11,-98,19,44,11,137467414,47,2,256,0,""[0,0,0,0,0,0,0,0,0,0,0,0,-10,36,-13,39,-17,41,-26,41,-21,41,-26,43,-28,39,-32,43,-34,47,-36,45,-41,45,-41,47,-41,47,-50,50,-54,41,-54,45,-52,52,-58,45,-58,45,-67,39,-69,41,-65,43,-65,39,-67,43,-71,39,-65,39,-69,34,-73,36,-67,32,-71,39,-69,30,-76,36,-67,36,-67,34,-71,39,-67,41,-67,39,-69,39,-67,36,-65,41,-69,36,-69,45,-73,43,-73,47,-71,41,-67,41,-76,43,-67,41,-69,43,-80,43,-82,45,-78,43,-87,39,-87,32,-89,45,-87,43,-82,34,0,0,0,0,0,0,19,91,19,87,32,87,19,80,19,82,13,78,17,78,19,84,15,78,10,73,17,73,10,67,15,71,8,69,10,71,15,63,17,76,15,67,2,69,13,65,19,67,10,69,6,58,10,65,8,65,8,69,6,63,10,67,4,71,13,67,6,65,6,69,2,67,4,69,2,65,-2,73,-4,67,-4,67,-13,67,-10,67,-4,63,-13,63,-19,63,-17,60,-23,58,-19,56,-21,52,-26,52,-32,47,-26,39,-28,43,-30,36,-32,36,-39,32,-32,23,-30,26,-34,21,0,0,0,0,0,0,0,0,0,0]"""
1782173651643,2026-06-23T09:14:11.643,warning,breathing,lmh,lying_fast_breath,t001,"CSI_DATA,19137,1a:00:00:00:00:00,-61,11,-98,19,44,11,137479797,47,2,256,0,""[0,0,0,0,0,0,0,0,0,0,0,0,36,13,39,21,34,23,43,28,34,30,34,36,39,32,45,34,43,39,41,43,43,45,45,43,47,47,50,52,41,56,41,54,50,54,41,60,43,60,39,56,34,67,47,60,41,63,43,67,45,71,47,63,36,67,45,69,41,69,52,69,41,60,47,71,47,65,45,63,50,63,54,60,47,56,52,58,54,65,58,58,58,60,56,50,58,58,60,60,54,58,58,54,63,56,63,52,65,58,67,58,65,60,67,60,71,67,60,63,69,65,80,69,69,60,0,0,0,0,0,0,71,-65,73,-65,58,-63,60,-56,65,-58,60,-54,60,-54,67,-56,63,-47,58,-50,54,-52,54,-47,52,-54,56,-50,54,-47,43,-50,52,-56,54,-52,50,-50,45,-50,41,-54,45,-47,39,-50,43,-52,47,-47,45,-52,45,-50,41,-52,45,-54,34,-56,43,-50,45,-56,50,-52,41,-52,43,-43,52,-50,50,-50,47,-47,52,-47,52,-43,45,-39,50,-41,52,-41,54,-39,54,-32,47,-30,52,-26,50,-30,47,-21,43,-23,47,-19,41,-17,47,-17,45,-10,47,-13,43,-6,45,2,0,0,0,0,0,0,0,0,0,0]"""
1782173651653,2026-06-23T09:14:11.653,warning,breathing,lmh,lying_fast_breath,t001,"CSI_DATA,19138,1a:00:00:00:00:00,-61,11,-98,18,44,11,137489414,47,2,256,0,""[0,0,0,0,0,0,0,0,0,0,0,0,42,4,42,11,44,13,47,15,44,15,44,13,47,15,53,15,58,15,55,13,62,13,58,11,62,11,64,13,58,17,67,20,71,13,71,22,69,15,62,17,69,13,78,15,71,13,80,8,85,11,80,4,78,8,80,4,78,6,82,-2,78,0,80,-4,78,-8,76,-11,80,-15,80,-15,69,-20,76,-24,78,-26,76,-33,73,-35,73,-38,76,-38,71,-49,62,-40,67,-47,64,-49,60,-55,62,-55,67,-60,64,-60,62,-62,71,-60,67,-67,67,-67,58,-73,58,-73,0,0,0,0,0,0,-73,-60,-76,-60,-73,-44,-69,-49,-71,-47,-64,-44,-71,-38,-71,-42,-69,-35,-67,-33,-67,-31,-62,-24,-73,-24,-69,-20,-69,-22,-69,-13,-71,-13,-71,-8,-71,-8,-71,-6,-71,2,-67,-2,-58,4,-67,0,-69,4,-71,4,-64,8,-64,15,-67,13,-62,17,-64,17,-73,20,-64,13,-67,15,-62,17,-71,15,-64,20,-64,17,-64,17,-64,17,-60,20,-62,22,-62,17,-64,20,-58,15,-58,17,-58,11,-53,17,-49,8,-53,15,-49,11,-44,11,-47,8,-47,4,-40,4,-44,4,-40,0,0,0,0,0,0,0,0,0,0,0]"""
1782173651665,2026-06-23T09:14:11.665,warning,breathing,lmh,lying_fast_breath,t001,"CSI_DATA,19139,1a:00:00:00:00:00,-60,11,-98,13,44,11,137500414,47,2,256,0,""[0,0,0,0,0,0,0,0,0,0,0,0,5,-38,5,-38,10,-41,5,-46,7,-43,10,-51,5,-49,10,-49,2,-62,5,-59,2,-62,0,-62,-2,-67,-7,-69,2,-67,-5,-72,-15,-74,-7,-72,-5,-67,-15,-69,-10,-67,-15,-77,-20,-74,-25,-74,-25,-80,-31,-67,-33,-69,-36,-72,-36,-69,-49,-64,-46,-64,-46,-67,-49,-64,-54,-56,-56,-54,-67,-43,-54,-46,-67,-38,-74,-41,-69,-49,-80,-38,-74,-10,-62,-59,-93,-7,-80,-2,-118,-64,-93,0,-93,-7,-15,2,-54,-25,-82,-18,-103,-49,-62,77,-103,-5,-118,0,-15,85,-111,31,0,0,0,0,0,0,36,87,10,-10,62,93,31,56,103,124,5,41,85,59,108,31,62,10,43,43,62,33,18,5,80,41,54,46,28,36,64,36,74,31,85,18,67,25,64,12,69,10,69,10,62,0,67,0,64,0,69,-5,64,-7,67,-12,69,-10,67,-23,67,-18,69,-20,62,-25,64,-25,62,-28,64,-28,64,-25,59,-28,59,-28,59,-31,54,-36,56,-36,59,-36,51,-31,54,-31,43,-38,46,-33,54,-36,46,-28,41,-25,43,-28,38,-25,38,-25,38,-25,38,-23,36,-25,36,-18,0,0,0,0,0,0,0,0,0,0]"""
1782173651677,2026-06-23T09:14:11.677,warning,breathing,lmh,lying_fast_breath,t001,"CSI_DATA,19140,1a:00:00:00:00:00,-61,11,-98,16,44,11,137514265,47,2,256,0,""[0,0,0,0,0,0,0,0,0,0,0,0,-21,-33,-21,-37,-18,-37,-16,-47,-16,-47,-14,-45,-16,-49,-11,-54,-14,-59,-14,-59,-14,-59,-14,-59,-18,-61,-18,-66,-2,-68,-4,-73,-11,-71,-2,-78,-2,-68,-2,-68,2,-71,0,-78,2,-78,2,-80,0,-85,-7,-78,4,-75,2,-78,2,-75,-2,-75,0,-73,0,-82,0,-82,0,-78,-7,-82,-4,-78,-7,-73,-7,-78,-4,-80,-14,-80,-14,-80,-18,-78,-11,-80,-18,-82,-11,-78,-14,-78,-16,-82,-16,-78,-16,-82,-11,-92,-21,-90,-18,-87,-11,-97,-9,-92,-18,-97,-18,-94,-16,-99,0,0,0,0,0,0,-94,2,-92,4,-87,9,-80,4,-85,4,-80,4,-82,4,-80,4,-78,4,-75,2,-75,4,-73,4,-75,9,-71,7,-71,0,-66,9,-80,11,-68,9,-71,4,-66,9,-71,14,-68,7,-61,14,-66,9,-66,11,-68,9,-64,9,-68,16,-71,11,-64,16,-64,9,-68,7,-68,7,-68,9,-64,4,-73,4,-71,7,-66,7,-73,2,-66,-2,-61,0,-66,-4,-66,-9,-66,-7,-61,-7,-64,-9,-56,-14,-56,-9,-54,-16,-47,-18,-45,-16,-45,-14,-45,-18,-40,-23,-35,-26,-33,-28,-30,-33,0,0,0,0,0,0,0,0,0,0]"""
1782173651697,2026-06-23T09:14:11.697,warning,breathing,lmh,lying_fast_breath,t001,"CSI_DATA,19142,1a:00:00:00:00:00,-61,11,-98,19,44,11,137533663,47,2,256,0,""[0,0,0,0,0,0,0,0,0,0,0,0,-41,-4,-43,-6,-45,-10,-47,-15,-47,-15,-47,-17,-47,-17,-45,-21,-56,-23,-54,-30,-58,-28,-58,-26,-65,-26,-63,-28,-56,-39,-58,-32,-67,-32,-63,-41,-58,-39,-65,-43,-60,-41,-65,-47,-58,-47,-65,-45,-67,-54,-63,-43,-60,-47,-60,-54,-65,-52,-67,-43,-60,-43,-69,-52,-65,-47,-63,-47,-67,-47,-73,-43,-65,-39,-71,-34,-71,-39,-73,-36,-73,-36,-78,-28,-76,-30,-80,-32,-71,-34,-73,-28,-78,-36,-71,-30,-80,-30,-84,-41,-87,-32,-87,-28,-82,-41,-82,-43,-93,-32,-87,-41,-91,-39,0,0,0,0,0,0,-47,84,-45,80,-39,82,-45,76,-36,76,-39,71,-36,73,-39,80,-41,67,-41,65,-32,63,-34,65,-36,69,-34,63,-32,63,-23,63,-26,69,-28,67,-30,63,-21,67,-13,67,-30,65,-21,60,-23,60,-30,60,-28,67,-23,67,-15,67,-23,65,-19,67,-17,58,-26,69,-23,65,-21,69,-23,63,-32,67,-30,65,-28,60,-32,60,-32,54,-32,54,-32,56,-39,56,-34,54,-41,54,-32,50,-32,43,-34,47,-36,39,-34,34,-34,36,-36,28,-41,28,-43,26,-36,28,-36,23,-41,13,0,0,0,0,0,0,0,0,0,0]"""
1782173651707,2026-06-23T09:14:11.707,warning,breathing,lmh,lying_fast_breath,t001,"CSI_DATA,19143,1a:00:00:00:00:00,-61,11,-98,18,44,11,137544414,47,2,256,0,""[0,0,0,0,0,0,0,0,0,0,0,0,-15,38,-15,40,-17,44,-22,44,-24,44,-29,44,-26,47,-29,44,-31,53,-29,49,-31,58,-33,53,-31,60,-38,62,-40,55,-40,60,-31,64,-42,62,-33,60,-44,60,-47,67,-38,69,-42,67,-42,69,-44,73,-31,67,-44,69,-42,71,-38,69,-31,76,-38,69,-31,78,-29,76,-22,73,-24,80,-20,82,-17,73,-15,80,-20,80,-6,82,-8,76,0,85,-4,82,6,87,-2,80,2,85,2,87,6,82,8,85,4,94,11,89,17,89,8,91,4,98,15,98,17,94,22,96,0,0,0,0,0,0,96,-13,96,-15,85,-26,87,-15,82,-20,80,-6,78,-15,85,-22,78,-22,73,-13,67,-20,64,-20,73,-24,69,-29,67,-24,62,-26,67,-33,64,-35,67,-26,55,-33,58,-40,58,-31,51,-33,55,-40,55,-38,55,-40,55,-42,51,-44,55,-47,49,-47,51,-42,51,-40,51,-42,49,-47,47,-42,51,-47,49,-47,49,-47,53,-44,53,-40,47,-40,53,-40,53,-42,49,-40,51,-33,51,-35,47,-31,44,-38,47,-26,44,-24,42,-20,42,-20,40,-17,40,-20,42,-17,40,-13,42,-13,0,0,0,0,0,0,0,0,0,0]"""
1782173651716,2026-06-23T09:14:11.716,warning,breathing,lmh,lying_fast_breath,t001,"CSI_DATA,19144,1a:00:00:00:00:00,-61,11,-98,16,44,11,137555522,47,2,256,0,""[0,0,0,0,0,0,0,0,0,0,0,0,42,-11,40,-4,52,-2,47,0,47,0,49,4,49,7,49,9,59,14,59,16,59,18,56,21,64,18,66,26,59,30,61,37,66,33,66,40,61,37,68,45,66,42,66,54,61,47,64,49,61,56,59,47,49,54,56,54,56,61,61,56,47,54,56,56,59,59,54,56,61,59,56,54,52,54,54,54,54,56,64,54,59,56,59,52,52,56,68,59,56,54,59,54,59,61,61,56,59,61,66,71,61,71,56,68,54,75,54,73,56,82,56,78,54,75,0,0,0,0,0,0,90,-42,85,-37,78,-40,80,-35,78,-35,73,-26,80,-28,78,-30,71,-23,71,-18,64,-21,66,-21,73,-23,73,-21,71,-14,59,-18,73,-23,68,-21,61,-14,66,-16,64,-26,64,-16,61,-18,64,-14,66,-14,64,-16,64,-14,66,-14,71,-9,66,-18,68,-2,66,-7,66,-2,71,-11,66,-4,71,4,71,0,66,2,71,9,66,11,64,11,66,11,66,16,61,14,59,21,56,23,52,28,54,21,42,26,45,26,40,33,40,30,37,35,33,42,30,35,26,35,16,42,0,0,0,0,0,0,0,0,0,0]"""
1782173651730,2026-06-23T09:14:11.730,warning,breathing,lmh,lying_fast_breath,t001,"CSI_DATA,19145,1a:00:00:00:00:00,-61,11,-98,18,44,11,137566847,47,2,256,0,""[0,0,0,0,0,0,0,0,0,0,0,0,-35,22,-40,20,-40,17,-49,15,-47,15,-51,11,-49,11,-51,2,-60,8,-60,2,-62,2,-62,0,-67,0,-71,-4,-69,-11,-69,-8,-73,-2,-78,-17,-67,-13,-71,-26,-73,-35,-73,-29,-71,-29,-73,-29,-80,-38,-69,-26,-64,-35,-73,-40,-71,-35,-73,-31,-60,-40,-73,-42,-67,-42,-67,-42,-69,-42,-73,-40,-64,-35,-73,-35,-71,-40,-73,-40,-73,-44,-69,-33,-69,-42,-76,-42,-62,-42,-71,-40,-67,-51,-71,-47,-73,-49,-76,-53,-76,-49,-73,-49,-69,-67,-67,-60,-76,-60,-67,-62,-73,-64,0,0,0,0,0,0,-80,55,-76,58,-73,58,-69,47,-69,49,-71,38,-73,40,-78,42,-64,42,-67,33,-62,33,-64,26,-67,38,-69,31,-67,29,-60,33,-69,35,-62,29,-67,29,-60,26,-58,33,-62,24,-60,24,-64,22,-64,22,-64,20,-62,20,-60,26,-69,20,-62,22,-64,17,-71,13,-67,15,-69,17,-62,6,-71,6,-67,6,-69,2,-69,-2,-62,-8,-62,-2,-64,-8,-62,-15,-62,-13,-58,-17,-60,-15,-51,-26,-55,-24,-47,-29,-47,-22,-42,-33,-38,-31,-38,-31,-33,-35,-26,-35,-26,-35,-20,-38,0,0,0,0,0,0,0,0,0,0]"""
1782173651740,2026-06-23T09:14:11.740,warning,breathing,lmh,lying_fast_breath,t001,"CSI_DATA,19146,1a:00:00:00:00:00,-61,11,-98,18,44,11,137577413,47,2,256,0,""[0,0,0,0,0,0,0,0,0,0,0,0,-22,35,-24,33,-26,40,-26,35,-31,42,-33,38,-31,38,-35,40,-40,44,-38,51,-38,44,-40,49,-40,58,-40,58,-44,49,-44,55,-47,60,-53,55,-49,51,-49,53,-53,47,-49,62,-53,60,-47,60,-51,67,-44,64,-47,62,-47,64,-47,64,-38,69,-38,64,-38,69,-35,73,-33,69,-35,76,-29,76,-22,71,-20,78,-22,80,-13,82,-15,82,-6,82,-13,82,-4,91,-8,78,2,85,-2,85,6,80,6,91,2,94,8,89,13,89,6,94,4,91,20,96,20,94,17,98,0,0,0,0,0,0,96,-15,94,-17,89,-26,85,-17,87,-26,78,-17,80,-24,85,-24,78,-24,69,-22,69,-24,62,-24,69,-35,71,-33,62,-31,58,-35,62,-42,58,-44,55,-40,55,-40,49,-47,55,-44,44,-42,51,-44,51,-42,55,-47,47,-47,42,-55,44,-53,38,-53,44,-53,44,-51,44,-53,40,-55,40,-53,42,-53,47,-53,42,-53,44,-53,42,-51,40,-51,42,-47,44,-51,40,-53,40,-47,38,-44,42,-38,40,-47,35,-35,38,-35,40,-33,38,-29,35,-33,38,-29,35,-24,33,-26,38,-20,0,0,0,0,0,0,0,0,0,0]"""
1782173651752,2026-06-23T09:14:11.752,warning,breathing,lmh,lying_fast_breath,t001,"CSI_DATA,19147,1a:00:00:00:00:00,-61,11,-98,17,44,11,137588413,47,2,256,0,""[0,0,0,0,0,0,0,0,0,0,0,0,32,-27,32,-27,36,-23,41,-25,41,-25,46,-25,43,-25,48,-25,55,-32,50,-27,57,-29,55,-29,59,-34,62,-29,64,-23,64,-27,62,-39,71,-29,66,-32,66,-27,76,-23,71,-34,73,-29,73,-36,78,-32,66,-39,73,-34,80,-34,69,-32,71,-41,66,-34,69,-43,66,-41,64,-39,69,-46,66,-52,57,-46,59,-52,62,-50,55,-59,59,-59,48,-64,57,-62,55,-71,50,-59,50,-66,52,-69,43,-71,46,-73,52,-73,48,-76,46,-80,57,-80,55,-73,46,-87,43,-87,39,-82,0,0,0,0,0,0,-87,-48,-82,-48,-80,-36,-76,-43,-76,-41,-71,-43,-71,-34,-73,-41,-71,-36,-64,-36,-69,-29,-69,-32,-73,-27,-71,-25,-66,-29,-69,-23,-69,-18,-69,-18,-64,-20,-69,-11,-73,-6,-66,-16,-64,-9,-62,-9,-64,-9,-69,-4,-66,-4,-64,-4,-69,-9,-66,4,-69,-4,-71,-4,-71,-4,-71,2,-69,-2,-71,-6,-71,-4,-64,-2,-71,-6,-64,-6,-62,-6,-64,-9,-66,-9,-64,-11,-62,-11,-59,-6,-55,-11,-55,-11,-50,-16,-48,-16,-46,-20,-48,-16,-41,-16,-41,-16,-41,-18,-41,-23,-39,-27,0,0,0,0,0,0,0,0,0,0]"""
1782173651764,2026-06-23T09:14:11.764,warning,breathing,lmh,lying_fast_breath,t001,"CSI_DATA,19148,1a:00:00:00:00:00,-61,11,-98,19,44,11,137601412,47,2,256,0,""[0,0,0,0,0,0,0,0,0,0,0,0,19,-34,21,-34,26,-36,30,-41,30,-41,32,-39,30,-41,28,-41,32,-52,30,-47,34,-52,28,-54,32,-60,32,-60,41,-58,39,-60,34,-67,36,-63,32,-63,32,-69,32,-67,36,-71,32,-71,30,-76,28,-82,21,-71,23,-69,26,-82,21,-80,10,-80,15,-73,8,-84,4,-82,6,-76,-2,-84,-10,-80,-6,-76,-19,-80,-19,-82,-26,-76,-28,-78,-36,-71,-32,-78,-45,-73,-36,-76,-45,-69,-45,-76,-47,-67,-52,-71,-56,-73,-63,-69,-63,-69,-60,-69,-65,-65,-71,-69,-76,-69,-76,-60,0,0,0,0,0,0,-58,78,-58,76,-47,78,-45,69,-43,76,-45,73,-34,76,-41,80,-34,73,-34,65,-21,69,-28,67,-15,80,-19,73,-17,73,-6,69,-4,80,-4,69,-4,69,2,69,15,69,2,69,13,63,8,65,13,69,13,67,17,69,28,65,23,65,32,60,23,63,26,65,30,65,36,58,30,58,32,69,28,65,34,60,34,60,30,60,30,56,34,58,34,60,34,54,28,56,39,50,30,50,34,56,28,47,26,45,26,47,26,43,23,43,17,45,21,45,21,39,17,41,0,0,0,0,0,0,0,0,0,0]"""
1782173651773,2026-06-23T09:14:11.773,warning,breathing,lmh,lying_fast_breath,t001,"CSI_DATA,19149,1a:00:00:00:00:00,-61,11,-98,19,44,11,137610413,47,2,256,0,""[0,0,0,0,0,0,0,0,0,0,0,0,43,6,43,10,45,15,43,21,45,21,43,23,47,23,43,30,54,30,52,36,56,32,56,32,58,36,60,36,58,43,58,43,63,41,56,54,50,50,50,52,47,54,58,54,52,56,56,58,58,60,56,50,52,60,56,58,56,58,60,56,52,56,60,60,58,56,56,56,65,58,63,56,65,50,63,47,65,52,69,52,67,52,69,41,67,50,76,50,67,50,69,45,73,50,71,47,80,50,80,52,78,47,78,47,80,60,73,60,84,58,87,58,82,54,0,0,0,0,0,0,63,-69,65,-73,54,-76,60,-63,56,-65,58,-58,52,-65,60,-67,52,-58,56,-54,45,-56,50,-56,47,-58,50,-56,47,-52,43,-56,45,-63,43,-56,45,-52,41,-58,39,-60,45,-56,34,-54,41,-56,43,-54,43,-58,41,-54,36,-58,41,-58,34,-60,41,-56,41,-58,41,-60,41,-58,43,-50,50,-52,47,-54,50,-50,50,-52,50,-45,45,-43,50,-45,50,-43,54,-41,54,-36,45,-34,50,-32,52,-32,45,-23,45,-23,47,-21,43,-19,45,-15,50,-13,45,-13,47,-6,45,0,0,0,0,0,0,0,0,0,0,0]"""
1782173651784,2026-06-23T09:14:11.784,warning,breathing,lmh,lying_fast_breath,t001,"CSI_DATA,19150,1a:00:00:00:00:00,-61,11,-98,18,44,11,137622204,47,2,256,0,""[0,0,0,0,0,0,0,0,0,0,0,0,-38,20,-38,20,-38,22,-42,24,-47,24,-42,22,-42,22,-47,26,-53,31,-51,31,-53,31,-55,31,-55,38,-58,35,-60,33,-67,33,-64,42,-67,35,-58,38,-67,40,-67,42,-64,44,-64,42,-60,49,-69,47,-60,51,-64,47,-58,55,-62,55,-55,58,-51,53,-53,58,-49,64,-44,67,-44,69,-40,71,-35,67,-33,71,-35,73,-26,80,-24,78,-15,80,-22,78,-13,87,-15,76,-8,87,-11,85,-2,85,-4,85,-6,96,0,91,4,91,-2,94,0,98,11,98,15,96,15,105,0,0,0,0,0,0,100,-13,94,-15,87,-22,82,-20,82,-20,80,-17,80,-29,82,-29,71,-24,71,-26,62,-26,62,-33,67,-38,67,-40,62,-38,55,-40,58,-51,51,-47,53,-42,49,-53,49,-53,47,-49,40,-51,42,-53,42,-55,38,-55,42,-53,31,-58,38,-64,29,-62,31,-58,35,-64,31,-60,31,-64,26,-55,31,-67,26,-67,26,-64,29,-64,29,-62,24,-58,26,-60,26,-62,22,-60,24,-60,22,-55,24,-49,20,-53,22,-42,20,-44,22,-49,22,-42,24,-42,24,-42,24,-40,20,-35,26,-33,0,0,0,0,0,0,0,0,0,0]"""
1782173651794,2026-06-23T09:14:11.794,warning,breathing,lmh,lying_fast_breath,t001,"CSI_DATA,19151,1a:00:00:00:00:00,-61,11,-98,18,44,11,137632413,47,2,256,0,""[0,0,0,0,0,0,0,0,0,0,0,0,0,42,-4,40,-8,49,-11,44,-15,51,-20,47,-20,49,-22,49,-22,53,-31,53,-31,58,-33,51,-35,58,-35,55,-44,47,-44,58,-40,62,-49,55,-55,47,-49,51,-58,44,-60,51,-64,49,-60,51,-69,51,-58,47,-67,42,-64,44,-71,42,-62,47,-60,44,-69,49,-67,42,-67,40,-69,44,-69,44,-64,42,-67,47,-67,42,-64,53,-67,42,-64,51,-71,47,-73,49,-71,44,-69,47,-73,40,-69,47,-73,42,-85,47,-78,42,-78,42,-89,38,-89,31,-82,44,-87,33,-89,38,0,0,0,0,0,0,15,91,17,89,22,91,17,87,15,85,13,80,11,78,11,85,11,82,4,73,8,73,2,71,8,71,2,78,4,69,6,71,8,69,6,67,-4,69,6,62,11,71,0,73,0,62,2,67,-6,67,-2,69,-4,71,2,67,-2,69,0,67,-6,62,-6,67,-8,69,-4,67,-8,64,-20,71,-22,67,-17,67,-26,67,-22,62,-24,60,-29,60,-38,58,-31,51,-35,44,-35,51,-38,44,-38,51,-40,38,-35,33,-38,31,-38,29,-42,26,-49,20,-40,22,-35,15,-40,13,0,0,0,0,0,0,0,0,0,0]"""
1782173651804,2026-06-23T09:14:11.804,warning,breathing,lmh,lying_fast_breath,t001,"CSI_DATA,19152,1a:00:00:00:00:00,-61,11,-98,18,44,11,137643450,47,2,256,0,""[0,0,0,0,0,0,0,0,0,0,0,0,-40,11,-42,4,-47,4,-47,2,-49,-2,-51,0,-51,0,-53,-4,-58,0,-58,-4,-64,-6,-60,-4,-64,-2,-69,-8,-62,-17,-71,-11,-71,-8,-73,-15,-73,-17,-69,-20,-69,-24,-78,-20,-76,-20,-78,-20,-80,-26,-76,-15,-71,-20,-80,-22,-76,-22,-80,-17,-73,-15,-85,-17,-80,-17,-76,-13,-82,-11,-78,-8,-71,-8,-80,-4,-80,-6,-85,-2,-80,-4,-82,6,-82,2,-89,2,-85,0,-80,8,-87,6,-82,4,-85,2,-94,2,-96,6,-89,11,-96,4,-91,-2,-102,6,-98,6,-96,11,0,0,0,0,0,0,-2,94,-4,91,4,91,0,87,2,73,0,82,2,82,2,85,2,73,-2,78,2,78,0,69,4,76,4,73,4,73,13,67,8,76,6,71,4,67,11,67,17,67,11,71,15,67,8,64,8,67,11,67,11,64,17,67,11,69,22,64,13,60,13,67,11,67,15,64,11,64,6,73,6,71,11,67,11,73,4,64,4,60,2,69,0,62,0,64,-2,58,2,60,0,55,-4,60,-8,49,-11,49,-13,51,-11,47,-13,44,-22,47,-24,42,-15,38,-26,38,0,0,0,0,0,0,0,0,0,0]"""
1782173651818,2026-06-23T09:14:11.818,warning,breathing,lmh,lying_fast_breath,t001,"CSI_DATA,19153,1a:00:00:00:00:00,-61,11,-98,22,43,11,137656764,47,2,256,0,""[0,0,0,0,0,0,0,0,0,0,0,0,-42,6,-42,8,-42,6,-51,6,-49,4,-51,4,-53,4,-49,4,-60,8,-60,6,-64,6,-64,11,-64,13,-67,13,-69,8,-71,8,-71,17,-76,13,-71,11,-71,22,-69,15,-82,17,-73,17,-80,22,-80,22,-73,29,-76,20,-78,24,-73,29,-71,38,-69,31,-78,38,-71,38,-69,42,-69,51,-69,47,-58,44,-62,58,-58,55,-51,64,-51,60,-49,71,-49,69,-44,76,-44,71,-38,71,-40,76,-40,76,-33,78,-31,82,-35,91,-35,89,-38,87,-35,89,-22,98,-24,98,-17,98,0,0,0,0,0,0,91,22,94,20,91,6,89,22,87,11,85,13,80,2,91,2,78,4,78,8,73,0,69,-2,80,-8,71,-8,71,-11,69,-20,71,-22,67,-20,69,-17,64,-24,60,-31,69,-26,58,-31,60,-29,62,-29,58,-31,60,-33,55,-40,58,-44,49,-44,55,-40,58,-40,53,-42,49,-47,55,-44,55,-53,53,-47,44,-47,51,-49,49,-44,47,-42,53,-47,51,-47,49,-47,47,-38,40,-44,49,-38,40,-42,42,-33,38,-31,42,-33,38,-35,40,-24,40,-24,38,-20,35,-22,44,-17,0,0,0,0,0,0,0,0,0,0]"""
1782173651828,2026-06-23T09:14:11.828,warning,breathing,lmh,lying_fast_breath,t001,"CSI_DATA,19154,1a:00:00:00:00:00,-61,11,-98,14,45,11,137667303,47,2,256,0,""[0,0,0,0,0,0,0,0,0,0,0,0,29,33,22,35,24,40,22,40,22,44,17,47,20,51,15,53,15,58,17,58,15,62,15,60,15,64,11,67,4,67,6,76,8,78,-2,80,-2,73,-6,67,-13,69,-6,78,-11,80,-8,78,-11,82,-11,80,-15,80,-17,82,-17,78,-13,80,-20,76,-17,80,-15,80,-20,73,-15,82,-17,82,-20,76,-15,80,-15,80,-8,82,-17,80,-11,82,-15,82,-11,85,-17,80,-13,82,-22,87,-13,82,-15,85,-15,89,-15,85,-17,91,-31,96,-33,89,-29,96,-26,94,-29,91,0,0,0,0,0,0,87,44,85,42,80,33,78,47,78,42,71,49,64,42,71,44,64,38,64,42,60,38,60,42,67,42,60,38,60,42,55,38,60,35,58,38,55,38,58,38,67,38,55,44,51,33,49,38,51,40,55,40,55,42,55,35,53,42,58,40,51,44,55,47,49,44,53,42,49,44,49,51,47,49,42,49,42,53,38,58,38,53,33,58,29,55,31,53,24,53,29,55,20,55,20,49,13,51,8,53,6,51,4,47,6,44,-2,47,-4,40,-6,42,-15,38,0,0,0,0,0,0,0,0,0,0]"""
1782173651839,2026-06-23T09:14:11.839,warning,breathing,lmh,lying_fast_breath,t001,"CSI_DATA,19155,1a:00:00:00:00:00,-61,11,-98,17,44,11,137676413,47,2,256,0,""[0,0,0,0,0,0,0,0,0,0,0,0,29,27,29,27,29,34,29,41,29,41,25,41,27,41,25,43,36,50,29,52,32,50,34,52,39,62,34,62,27,62,32,69,36,64,27,71,23,64,29,64,29,69,29,76,32,71,34,71,32,80,34,71,29,76,32,73,29,78,39,71,34,66,39,73,39,76,36,69,41,71,43,71,41,66,48,64,48,69,55,62,55,66,57,59,52,62,62,62,50,57,59,57,59,57,62,52,64,64,64,71,66,64,71,57,69,66,59,64,76,69,76,66,71,64,0,0,0,0,0,0,69,-62,69,-69,59,-62,59,-64,59,-66,52,-55,52,-64,62,-57,55,-57,52,-52,43,-55,46,-52,41,-62,50,-57,46,-57,41,-57,43,-62,41,-64,41,-57,34,-59,34,-57,41,-59,27,-55,34,-55,36,-57,34,-62,36,-59,27,-59,34,-59,23,-62,32,-55,34,-62,34,-64,32,-62,29,-57,39,-64,34,-62,32,-55,39,-62,39,-52,32,-52,36,-52,41,-55,39,-52,36,-48,36,-48,36,-41,39,-43,39,-39,41,-39,41,-34,34,-34,41,-32,41,-27,36,-32,39,-23,36,-16,0,0,0,0,0,0,0,0,0,0]"""
1782173651852,2026-06-23T09:14:11.852,warning,breathing,lmh,lying_fast_breath,t001,"CSI_DATA,19156,1a:00:00:00:00:00,-61,11,-98,17,44,11,137688860,47,2,256,0,""[0,0,0,0,0,0,0,0,0,0,0,0,13,-39,16,-41,13,-36,20,-46,23,-46,23,-41,23,-43,25,-46,23,-52,27,-52,29,-57,27,-59,25,-64,29,-62,34,-59,32,-64,25,-64,36,-66,32,-69,29,-59,39,-62,36,-76,34,-69,32,-71,36,-76,25,-76,36,-73,29,-73,32,-73,23,-80,25,-69,20,-78,20,-76,20,-78,11,-82,9,-80,6,-73,0,-76,2,-82,-6,-85,-2,-82,-13,-85,-6,-80,-16,-89,-11,-78,-18,-78,-18,-85,-23,-78,-25,-82,-27,-96,-32,-87,-34,-87,-27,-92,-23,-87,-34,-99,-36,-96,-39,-89,0,0,0,0,0,0,-85,29,-87,34,-76,43,-78,34,-78,36,-73,32,-73,39,-76,43,-69,41,-66,36,-59,43,-59,43,-57,43,-62,50,-57,43,-48,43,-52,50,-50,46,-50,46,-41,48,-41,55,-48,52,-39,48,-41,50,-43,52,-41,52,-36,57,-34,66,-39,59,-27,62,-34,57,-36,59,-34,66,-32,62,-29,59,-34,64,-34,66,-29,55,-29,64,-32,59,-27,55,-32,52,-32,55,-29,62,-36,52,-32,55,-32,43,-32,50,-25,46,-32,41,-36,39,-27,41,-29,34,-32,39,-32,32,-34,32,-36,23,0,0,0,0,0,0,0,0,0,0]"""
1782173651861,2026-06-23T09:14:11.861,warning,breathing,lmh,lying_fast_breath,t001,"CSI_DATA,19157,1a:00:00:00:00:00,-61,11,-98,22,43,11,137698413,47,2,256,0,""[0,0,0,0,0,0,0,0,0,0,0,0,-40,-2,-42,-4,-44,-6,-49,-6,-49,-8,-49,-6,-49,-8,-51,-8,-60,-8,-58,-13,-60,-15,-64,-6,-71,-11,-69,-11,-64,-20,-76,-22,-73,-13,-73,-15,-67,-17,-76,-11,-76,-13,-76,-15,-78,-13,-78,-13,-85,-15,-78,-8,-80,-15,-80,-13,-80,-11,-80,-2,-78,-2,-82,-2,-85,0,-82,0,-85,6,-87,11,-78,6,-80,15,-80,15,-80,29,-78,20,-80,33,-78,22,-76,40,-73,31,-76,40,-78,35,-73,40,-78,40,-82,40,-78,44,-78,47,-85,51,-80,47,-85,58,-78,53,-78,55,0,0,0,0,0,0,49,78,51,78,55,73,55,69,58,73,44,62,51,67,53,62,53,58,51,60,53,55,49,51,62,49,53,47,55,49,58,42,62,42,55,40,51,42,60,38,69,29,62,40,55,24,55,29,60,31,64,26,64,26,64,20,64,26,67,15,62,20,67,22,64,24,64,20,62,17,71,22,71,22,62,15,71,22,62,24,62,22,64,20,62,24,62,24,55,22,58,17,55,20,58,20,47,20,44,22,42,29,40,22,35,22,44,26,35,26,33,24,33,29,0,0,0,0,0,0,0,0,0,0]"""
1782173651873,2026-06-23T09:14:11.873,warning,breathing,lmh,lying_fast_breath,t001,"CSI_DATA,19158,1a:00:00:00:00:00,-61,11,-98,17,44,11,137709413,47,2,256,0,""[0,0,0,0,0,0,0,0,0,0,0,0,39,4,41,11,43,13,50,16,48,16,46,20,48,16,48,18,57,20,55,23,59,25,59,20,69,20,62,25,59,29,64,29,71,29,66,36,62,29,69,27,66,29,73,39,69,32,71,32,76,36,69,27,71,34,73,34,73,32,73,27,69,29,78,29,76,27,73,23,82,25,78,16,73,18,82,9,80,13,85,11,78,9,82,-2,85,2,85,4,82,2,80,2,82,0,85,-4,82,-2,89,-6,92,-4,89,-9,101,0,92,0,99,-6,101,-9,94,-9,0,0,0,0,0,0,0,-101,-4,-96,-9,-89,-9,-85,-11,-85,-9,-80,-9,-78,-6,-85,-6,-76,-6,-76,-6,-69,-13,-66,-18,-71,-13,-69,-16,-71,-20,-62,-27,-69,-23,-64,-16,-66,-23,-62,-29,-62,-25,-66,-29,-62,-23,-59,-20,-59,-29,-62,-32,-62,-36,-59,-34,-62,-41,-55,-36,-57,-32,-62,-36,-62,-34,-62,-32,-57,-32,-66,-29,-64,-29,-59,-27,-62,-29,-62,-29,-55,-27,-59,-23,-55,-25,-57,-18,-57,-25,-55,-11,-52,-18,-59,-13,-55,-11,-50,-11,-52,-11,-46,-9,-46,-6,-48,-2,-43,-2,-39,4,-41,0,0,0,0,0,0,0,0,0,0]"""
1782173651884,2026-06-23T09:14:11.884,warning,breathing,lmh,lying_fast_breath,t001,"CSI_DATA,19159,1a:00:00:00:00:00,-61,11,-98,16,44,11,137722199,47,2,256,0,""[0,0,0,0,0,0,0,0,0,0,0,0,-18,37,-23,33,-23,40,-28,42,-28,40,-30,40,-28,42,-30,42,-30,49,-33,47,-35,54,-30,54,-35,61,-33,59,-40,56,-42,59,-35,68,-40,61,-35,61,-35,66,-37,56,-40,71,-35,64,-33,73,-40,80,-26,73,-30,71,-30,73,-26,73,-23,78,-21,73,-21,82,-16,80,-11,80,-7,85,-2,78,0,73,9,82,9,80,16,82,9,80,18,78,21,80,30,85,23,78,23,73,30,78,33,71,37,78,40,82,45,85,47,75,47,80,42,82,54,78,59,78,61,82,0,0,0,0,0,0,75,-59,73,-56,68,-68,66,-56,64,-56,61,-59,56,-59,59,-64,52,-56,47,-56,42,-59,42,-54,40,-64,40,-66,35,-59,28,-61,28,-73,21,-61,26,-61,16,-64,11,-68,18,-66,11,-66,14,-68,11,-66,7,-66,4,-64,0,-68,0,-71,-4,-68,0,-64,0,-68,-2,-68,-9,-68,-7,-64,-4,-78,-9,-66,-4,-68,-4,-66,-4,-66,-9,-61,-7,-66,-7,-66,-9,-66,-7,-61,-7,-61,-4,-59,-9,-61,-4,-54,-2,-49,-2,-56,-2,-47,-2,-45,-2,-47,-2,-47,0,-40,7,-42,0,0,0,0,0,0,0,0,0,0]"""
1782173651894,2026-06-23T09:14:11.894,warning,breathing,lmh,lying_fast_breath,t001,"CSI_DATA,19160,1a:00:00:00:00:00,-61,11,-98,13,45,11,137732246,47,2,256,0,""[0,0,0,0,0,0,0,0,0,0,0,0,41,6,39,9,46,11,48,16,46,18,43,20,46,18,48,20,57,20,52,25,55,27,59,25,66,29,62,29,62,39,62,36,66,34,64,41,59,41,62,41,59,43,66,48,66,41,66,41,71,48,69,36,66,46,71,46,66,46,71,43,66,36,73,41,71,36,71,39,76,34,73,27,69,27,76,25,78,29,85,23,80,25,80,16,80,23,87,18,78,16,80,11,85,11,82,11,87,16,92,16,92,13,89,6,96,16,89,16,99,13,99,11,96,13,0,0,0,0,0,0,20,-92,20,-94,11,-87,13,-85,11,-85,13,-80,11,-80,16,-85,13,-78,9,-73,4,-73,4,-71,2,-76,9,-71,4,-69,-2,-69,-4,-76,0,-69,4,-69,-6,-66,-11,-69,-4,-64,-6,-62,-2,-66,-2,-66,-6,-66,-11,-64,-11,-69,-9,-69,-16,-62,-11,-64,-11,-69,-9,-66,-11,-69,-11,-62,-4,-73,-6,-69,-6,-66,-4,-69,-4,-62,-4,-59,-2,-64,0,-69,2,-64,4,-59,0,-59,6,-52,4,-59,4,-50,6,-46,9,-50,9,-43,16,-46,13,-43,18,-41,16,-39,23,-34,0,0,0,0,0,0,0,0,0,0]"""
1782173651905,2026-06-23T09:14:11.905,warning,breathing,lmh,lying_fast_breath,t001,"CSI_DATA,19161,1a:00:00:00:00:00,-61,11,-98,19,44,11,137743001,47,2,256,0,""[0,0,0,0,0,0,0,0,0,0,0,0,-15,-39,-15,-36,-15,-41,-15,-52,-8,-45,-10,-50,-10,-52,-13,-50,-13,-56,-13,-58,-13,-63,-17,-65,-21,-67,-19,-65,-15,-67,-19,-71,-26,-69,-19,-73,-17,-69,-26,-71,-28,-71,-21,-76,-26,-71,-30,-73,-30,-78,-32,-73,-28,-76,-34,-73,-28,-71,-41,-73,-34,-67,-43,-71,-45,-67,-45,-65,-52,-67,-50,-60,-54,-56,-58,-54,-58,-58,-65,-47,-65,-52,-69,-45,-67,-47,-73,-43,-69,-45,-76,-36,-76,-41,-76,-32,-73,-39,-87,-36,-84,-36,-82,-34,-87,-41,-91,-34,-91,-26,-89,-30,-97,-21,0,0,0,0,0,0,-32,91,-26,93,-13,93,-17,87,-15,82,-8,78,-13,82,-15,87,-8,78,-10,73,-2,71,-2,71,2,76,6,78,2,67,13,69,17,76,13,67,8,71,17,65,26,63,15,65,21,63,23,65,21,67,26,60,26,58,34,63,34,65,39,54,34,56,34,60,32,58,34,60,36,54,39,65,39,60,36,56,39,60,32,54,36,50,36,56,30,54,32,56,32,54,34,47,30,50,30,52,21,47,23,43,26,45,23,43,17,45,19,50,15,43,15,43,6,41,0,0,0,0,0,0,0,0,0,0]"""
1782173651916,2026-06-23T09:14:11.916,warning,breathing,lmh,lying_fast_breath,t001,"CSI_DATA,19162,1a:00:00:00:00:00,-61,11,-98,18,44,11,137753866,47,2,256,0,""[0,0,0,0,0,0,0,0,0,0,0,0,-20,29,-31,35,-29,33,-33,38,-33,35,-35,35,-38,33,-40,33,-42,42,-40,38,-44,40,-47,42,-49,44,-49,47,-58,44,-53,47,-53,49,-60,49,-51,44,-62,49,-62,49,-60,49,-60,49,-58,55,-62,53,-51,55,-55,55,-62,58,-58,53,-53,60,-51,55,-55,64,-55,64,-49,58,-49,64,-51,67,-42,60,-42,73,-40,71,-33,71,-40,76,-26,78,-33,76,-29,82,-33,76,-26,80,-31,85,-24,76,-20,85,-26,87,-17,89,-22,87,-31,94,-33,85,-20,98,-20,94,-17,96,0,0,0,0,0,0,94,20,87,24,91,11,87,17,80,15,82,13,80,11,85,6,76,13,76,13,76,8,71,8,76,6,67,2,76,2,71,-4,76,-8,64,-4,71,-4,67,-8,67,-17,67,-8,60,-15,67,-13,64,-13,69,-15,62,-13,67,-26,67,-20,62,-29,64,-17,67,-20,64,-22,67,-24,58,-22,71,-20,69,-22,64,-20,64,-20,67,-15,62,-15,67,-20,64,-15,62,-13,60,-15,55,-15,60,-11,55,-11,55,-6,51,-4,51,-4,49,-2,49,0,47,0,49,4,44,4,44,6,0,0,0,0,0,0,0,0,0,0]"""
1782173651926,2026-06-23T09:14:11.926,warning,breathing,lmh,lying_fast_breath,t001,"CSI_DATA,19163,1a:00:00:00:00:00,-61,11,-98,20,44,11,137764412,47,2,256,0,""[0,0,0,0,0,0,0,0,0,0,0,0,-25,33,-29,33,-29,35,-31,38,-33,38,-33,35,-33,40,-33,38,-38,44,-35,48,-38,44,-40,48,-42,54,-38,54,-46,48,-44,59,-42,59,-44,59,-44,59,-46,54,-52,52,-46,65,-48,65,-42,71,-46,71,-35,67,-40,63,-42,71,-38,71,-27,80,-31,69,-31,82,-27,76,-21,73,-21,84,-14,78,-14,73,-4,80,-8,78,6,82,2,84,12,82,6,86,19,88,12,82,16,80,19,86,21,80,27,84,27,90,35,88,29,86,23,90,33,90,40,90,40,84,44,84,0,0,0,0,0,0,86,-35,84,-44,73,-50,73,-44,67,-50,69,-42,67,-48,73,-57,61,-48,59,-44,57,-46,52,-44,50,-57,50,-54,48,-57,40,-54,40,-65,38,-61,40,-57,31,-61,25,-67,29,-63,21,-61,29,-61,27,-65,25,-63,23,-63,10,-67,19,-67,10,-63,16,-63,12,-67,10,-69,4,-71,10,-61,8,-73,10,-69,10,-67,12,-69,12,-63,6,-61,6,-65,4,-65,4,-65,8,-61,8,-61,8,-54,2,-59,12,-54,8,-52,12,-50,10,-44,10,-46,12,-46,12,-46,10,-38,21,-38,0,0,0,0,0,0,0,0,0,0]"""
1782173651940,2026-06-23T09:14:11.940,warning,breathing,lmh,lying_fast_breath,t001,"CSI_DATA,19164,1a:00:00:00:00:00,-61,11,-98,13,45,11,137776290,47,2,256,0,""[0,0,0,0,0,0,0,0,0,0,0,0,13,-41,18,-39,20,-36,25,-41,25,-41,29,-41,27,-46,34,-41,36,-48,36,-43,39,-50,41,-50,41,-52,43,-55,50,-48,50,-50,50,-59,55,-50,52,-48,50,-50,52,-48,57,-55,57,-48,57,-52,64,-50,55,-55,62,-48,64,-57,57,-50,55,-57,55,-52,62,-59,55,-55,52,-52,52,-59,55,-64,48,-55,48,-66,48,-64,41,-69,48,-64,36,-73,43,-73,43,-73,41,-71,36,-73,43,-76,36,-78,36,-76,46,-78,41,-80,43,-80,50,-85,46,-78,41,-87,39,-82,41,-82,0,0,0,0,0,0,-78,-52,-73,-48,-82,-39,-76,-41,-73,-41,-71,-41,-66,-36,-71,-39,-66,-36,-69,-39,-64,-34,-62,-32,-73,-29,-64,-29,-66,-32,-66,-27,-66,-27,-62,-23,-59,-27,-62,-20,-66,-16,-66,-23,-59,-13,-59,-20,-62,-23,-62,-20,-62,-20,-66,-13,-64,-18,-66,-11,-64,-18,-66,-20,-64,-18,-64,-16,-62,-16,-69,-23,-64,-20,-59,-18,-64,-25,-59,-27,-57,-23,-62,-25,-55,-27,-52,-25,-52,-32,-52,-25,-50,-27,-48,-27,-43,-29,-43,-27,-41,-29,-36,-29,-32,-27,-29,-32,-27,-32,-27,-32,-23,-39,0,0,0,0,0,0,0,0,0,0]"""
1782173651950,2026-06-23T09:14:11.950,warning,breathing,lmh,lying_fast_breath,t001,"CSI_DATA,19165,1a:00:00:00:00:00,-61,11,-98,13,45,11,137786741,47,2,256,0,""[0,0,0,0,0,0,0,0,0,0,0,0,-16,39,-20,36,-20,41,-25,39,-23,41,-27,41,-27,41,-29,43,-34,52,-34,48,-34,50,-36,52,-36,59,-36,59,-43,52,-41,57,-39,64,-48,62,-41,57,-43,55,-48,52,-46,66,-48,62,-43,66,-50,69,-41,66,-43,66,-46,69,-41,66,-36,71,-41,64,-36,73,-34,73,-32,69,-32,76,-29,76,-25,73,-20,78,-20,76,-13,80,-16,78,-6,82,-9,82,-4,89,-6,80,-4,82,-6,87,-2,82,2,87,0,94,6,89,6,87,0,96,-2,92,13,96,13,92,13,92,0,0,0,0,0,0,92,-4,92,-6,85,-18,85,-4,82,-9,80,-6,78,-18,80,-16,76,-16,73,-13,69,-13,69,-13,71,-23,69,-25,66,-18,66,-25,62,-36,59,-29,64,-27,59,-32,57,-36,62,-29,52,-36,52,-32,57,-32,55,-36,55,-36,48,-43,55,-43,50,-46,55,-39,55,-41,50,-39,48,-46,48,-41,52,-41,52,-39,48,-41,57,-41,52,-36,48,-34,55,-36,50,-39,46,-36,48,-32,48,-34,50,-27,43,-34,48,-23,48,-20,46,-20,43,-20,39,-20,41,-18,39,-13,39,-11,43,-6,0,0,0,0,0,0,0,0,0,0]"""
1782173651963,2026-06-23T09:14:11.963,warning,breathing,lmh,lying_fast_breath,t001,"CSI_DATA,19166,1a:00:00:00:00:00,-61,11,-98,14,45,11,137799502,47,2,256,0,""[0,0,0,0,0,0,0,0,0,0,0,0,15,-35,17,-35,20,-35,24,-40,26,-40,31,-44,31,-44,31,-40,35,-49,35,-44,40,-51,40,-51,42,-51,42,-53,51,-49,49,-51,49,-58,55,-49,49,-51,58,-51,58,-49,58,-49,55,-51,58,-53,58,-55,51,-55,58,-53,62,-53,55,-51,51,-60,55,-53,55,-62,55,-58,49,-55,53,-62,49,-62,47,-58,42,-69,47,-64,38,-69,42,-67,35,-76,40,-76,35,-76,40,-76,38,-76,40,-78,33,-78,33,-76,38,-82,33,-85,31,-85,42,-87,42,-82,31,-91,33,-87,33,-87,0,0,0,0,0,0,-80,-42,-80,-40,-85,-35,-80,-40,-76,-33,-73,-38,-71,-29,-78,-35,-69,-26,-69,-31,-69,-29,-69,-29,-71,-24,-62,-24,-69,-26,-67,-17,-69,-20,-67,-17,-62,-22,-64,-13,-67,-8,-67,-17,-60,-11,-64,-13,-60,-15,-60,-8,-62,-11,-67,-4,-64,-8,-67,0,-64,-6,-67,-8,-64,-8,-67,-4,-67,-6,-69,-13,-64,-13,-60,-13,-67,-15,-64,-15,-58,-13,-62,-17,-60,-20,-55,-15,-55,-22,-58,-13,-55,-17,-51,-20,-47,-24,-42,-22,-44,-26,-42,-22,-38,-22,-33,-26,-38,-26,-35,-26,-31,-29,0,0,0,0,0,0,0,0,0,0]"""
1782173651975,2026-06-23T09:14:11.975,warning,breathing,lmh,lying_fast_breath,t001,"CSI_DATA,19167,1a:00:00:00:00:00,-61,11,-98,17,44,11,137808412,47,2,256,0,""[0,0,0,0,0,0,0,0,0,0,0,0,-39,6,-39,2,-48,0,-52,-4,-48,-9,-48,-11,-50,-13,-55,-20,-57,-25,-55,-23,-57,-23,-59,-25,-59,-27,-57,-34,-48,-43,-57,-48,-57,-43,-48,-59,-48,-57,-43,-52,-36,-57,-43,-64,-36,-59,-41,-59,-36,-69,-39,-66,-27,-71,-29,-80,-29,-71,-29,-66,-29,-73,-32,-78,-18,-78,-23,-69,-27,-82,-16,-71,-27,-73,-32,-78,-27,-62,-39,-66,-13,-78,-43,-73,-34,-87,-41,-62,23,-80,-13,-96,-52,-50,-39,-80,-57,-48,76,-122,-20,-131,-6,-48,-62,-89,-11,-92,-25,-32,-20,-117,-62,-112,0,0,0,0,0,0,-62,-112,-94,-52,-11,-13,-117,-2,-99,4,-110,-69,-71,-55,-115,4,-23,-71,-76,-39,-94,-18,-39,-52,-48,-62,-36,-50,-52,-34,-59,-34,-62,-34,-48,-41,-34,-55,-52,-39,-55,-39,-50,-52,-46,-46,-41,-48,-43,-50,-41,-55,-41,-46,-46,-46,-39,-57,-41,-52,-39,-59,-34,-62,-29,-59,-32,-59,-29,-59,-27,-64,-20,-69,-16,-59,-16,-69,-9,-64,-11,-62,-9,-64,-4,-64,0,-59,9,-57,0,-62,11,-52,13,-59,18,-50,25,-43,25,-41,25,-43,20,-36,27,-39,29,-29,27,-29,39,-23,0,0,0,0,0,0,0,0,0,0]"""
1782173651987,2026-06-23T09:14:11.987,warning,breathing,lmh,lying_fast_breath,t001,"CSI_DATA,19168,1a:00:00:00:00:00,-61,11,-98,18,44,11,137820897,47,2,256,0,""[0,0,0,0,0,0,0,0,0,0,0,0,-38,-15,-33,-22,-35,-24,-35,-29,-33,-31,-33,-35,-38,-35,-31,-42,-40,-42,-38,-44,-35,-47,-38,-47,-44,-55,-35,-58,-31,-60,-31,-62,-31,-62,-26,-69,-26,-64,-24,-69,-22,-78,-22,-76,-17,-78,-20,-76,-17,-82,-22,-73,-13,-78,-13,-78,-13,-76,-20,-80,-13,-76,-13,-78,-11,-80,-13,-73,-11,-80,-13,-78,-13,-76,-13,-73,-11,-78,-17,-80,-15,-82,-22,-76,-17,-76,-20,-82,-13,-76,-13,-82,-13,-82,-13,-82,-15,-85,-13,-89,-8,-89,-11,-91,0,-96,2,-91,-4,-98,-4,-94,-2,-91,0,0,0,0,0,0,-94,-17,-89,-15,-82,-8,-89,-20,-89,-20,-76,-20,-80,-20,-78,-20,-76,-17,-71,-22,-71,-22,-67,-22,-73,-22,-73,-20,-62,-24,-67,-20,-71,-17,-69,-20,-60,-24,-67,-22,-67,-13,-62,-26,-60,-15,-62,-20,-58,-24,-58,-26,-62,-31,-62,-22,-62,-26,-60,-24,-62,-29,-62,-33,-60,-33,-58,-31,-58,-29,-55,-38,-55,-40,-53,-35,-53,-42,-49,-44,-42,-40,-42,-47,-42,-47,-42,-49,-33,-49,-33,-44,-26,-49,-24,-51,-20,-49,-20,-51,-13,-49,-15,-47,-8,-49,-8,-44,-2,-47,-2,-42,6,-44,0,0,0,0,0,0,0,0,0,0]"""
1782173651995,2026-06-23T09:14:11.995,warning,breathing,lmh,lying_fast_breath,t001,"CSI_DATA,19169,1a:00:00:00:00:00,-61,11,-98,19,44,11,137830412,47,2,256,0,""[0,0,0,0,0,0,0,0,0,0,0,0,34,17,34,21,39,26,36,32,39,32,39,32,41,34,36,34,43,34,43,43,45,41,47,39,50,47,52,45,45,52,41,52,54,47,50,56,47,56,43,60,39,65,52,56,54,56,56,58,54,65,54,54,50,60,56,63,50,63,56,54,50,50,60,60,58,56,56,54,63,50,65,50,63,41,69,41,69,45,76,43,71,43,71,32,71,36,76,36,73,36,71,30,76,32,80,28,82,34,84,39,84,28,87,26,91,32,89,41,93,32,89,32,87,36,0,0,0,0,0,0,39,-89,36,-84,30,-87,28,-82,28,-78,32,-76,19,-76,28,-82,21,-71,28,-71,21,-71,19,-65,17,-73,19,-71,19,-73,10,-69,10,-71,13,-67,19,-69,6,-65,2,-67,8,-69,4,-65,8,-67,8,-67,6,-71,4,-65,-8,-69,0,-73,-8,-67,0,-63,0,-73,2,-65,2,-69,0,-65,8,-76,0,-67,0,-69,4,-71,6,-67,4,-60,8,-67,10,-65,2,-63,10,-60,6,-56,15,-52,10,-56,15,-54,15,-47,17,-47,19,-41,15,-43,21,-43,23,-36,21,-32,23,-34,0,0,0,0,0,0,0,0,0,0]"""
1782173652006,2026-06-23T09:14:12.006,warning,breathing,lmh,lying_fast_breath,t001,"CSI_DATA,19170,1a:00:00:00:00:00,-61,11,-98,19,44,11,137841450,47,2,256,0,""[0,0,0,0,0,0,0,0,0,0,0,0,39,21,34,26,39,28,36,30,39,34,32,32,36,32,36,41,41,39,41,45,39,47,41,47,43,50,47,56,39,58,41,60,47,56,41,65,34,56,41,65,41,71,45,65,43,67,39,67,43,71,43,60,34,71,43,69,41,71,43,65,39,63,43,67,47,67,45,65,50,67,54,60,47,60,50,60,50,65,60,60,56,65,65,58,58,60,67,60,56,52,63,50,60,58,63,52,71,56,69,63,67,58,71,60,63,69,67,63,76,65,67,63,76,60,0,0,0,0,0,0,73,-65,71,-65,60,-63,58,-60,63,-67,58,-52,60,-54,65,-60,56,-50,54,-45,50,-52,45,-52,52,-56,56,-56,45,-47,43,-52,47,-60,43,-58,43,-50,45,-54,34,-56,45,-52,36,-52,39,-50,43,-52,43,-56,41,-54,32,-54,45,-58,34,-56,36,-52,36,-56,43,-60,41,-54,36,-52,47,-54,45,-60,41,-52,43,-56,43,-45,41,-45,43,-45,52,-43,45,-43,50,-41,45,-39,50,-34,45,-39,41,-28,41,-26,45,-23,41,-26,45,-21,47,-19,43,-8,41,-8,43,-8,0,0,0,0,0,0,0,0,0,0]"""
1782173652017,2026-06-23T09:14:12.017,warning,breathing,lmh,lying_fast_breath,t001,"CSI_DATA,19171,1a:00:00:00:00:00,-61,11,-98,18,44,11,137852436,47,2,256,0,""[0,0,0,0,0,0,0,0,0,0,0,0,29,29,26,26,26,35,31,40,29,42,24,40,26,38,26,44,35,49,31,53,33,51,35,49,44,51,38,53,31,60,40,62,49,58,40,64,42,60,35,62,35,62,47,60,44,64,49,62,49,67,55,58,47,58,53,62,51,62,58,53,53,51,60,55,58,51,60,51,64,51,69,42,62,42,71,35,69,40,76,33,71,35,82,22,76,26,85,22,73,24,80,17,78,22,82,8,80,13,89,17,89,8,85,11,94,15,87,15,98,8,91,6,94,4,0,0,0,0,0,0,6,-91,6,-91,-4,-89,-2,-87,-2,-82,-2,-80,-4,-82,-6,-87,-8,-76,-8,-71,-11,-67,-6,-71,-20,-73,-13,-69,-15,-69,-22,-64,-31,-69,-26,-62,-17,-64,-26,-62,-33,-55,-31,-64,-29,-51,-31,-55,-31,-58,-33,-55,-35,-55,-40,-55,-40,-55,-42,-49,-42,-53,-42,-53,-42,-58,-49,-51,-44,-49,-42,-53,-44,-53,-44,-51,-47,-55,-40,-53,-35,-49,-42,-51,-40,-49,-33,-49,-31,-49,-42,-42,-31,-44,-33,-47,-31,-44,-31,-40,-31,-42,-22,-40,-24,-38,-17,-42,-20,-38,-13,-42,-11,-40,0,0,0,0,0,0,0,0,0,0]"""
1782173652029,2026-06-23T09:14:12.029,warning,breathing,lmh,lying_fast_breath,t001,"CSI_DATA,19172,1a:00:00:00:00:00,-61,11,-98,14,45,11,137863925,47,2,256,0,""[0,0,0,0,0,0,0,0,0,0,0,0,-2,-44,0,-42,4,-47,6,-49,11,-47,11,-47,13,-49,17,-51,20,-58,22,-58,22,-58,22,-60,24,-64,29,-64,35,-60,38,-62,33,-67,44,-64,38,-55,35,-58,40,-58,47,-64,49,-62,47,-60,53,-64,47,-64,51,-62,53,-62,51,-58,49,-60,49,-60,49,-60,47,-60,49,-58,47,-64,47,-67,44,-64,44,-64,49,-67,42,-69,47,-67,40,-73,44,-67,42,-73,42,-64,42,-69,47,-73,42,-73,42,-76,49,-76,44,-71,49,-78,60,-78,55,-71,58,-80,49,-76,53,-69,0,0,0,0,0,0,-67,-67,-67,-62,-67,-51,-64,-58,-67,-60,-58,-58,-58,-53,-53,-60,-55,-58,-51,-55,-55,-49,-49,-51,-58,-51,-51,-51,-49,-51,-51,-44,-53,-47,-51,-47,-44,-49,-51,-47,-53,-40,-47,-51,-44,-38,-44,-38,-47,-42,-47,-47,-49,-47,-49,-40,-49,-49,-51,-42,-47,-49,-51,-47,-47,-51,-44,-47,-47,-49,-42,-51,-40,-49,-40,-51,-40,-55,-35,-58,-33,-51,-33,-53,-29,-55,-29,-58,-24,-55,-26,-53,-17,-53,-20,-53,-11,-51,-11,-47,-6,-47,-8,-44,-4,-47,-2,-42,2,-44,2,-40,8,-42,0,0,0,0,0,0,0,0,0,0]"""
1782173652039,2026-06-23T09:14:12.039,warning,breathing,lmh,lying_fast_breath,t001,"CSI_DATA,19173,1a:00:00:00:00:00,-61,11,-98,22,43,11,137877511,47,2,256,0,""[0,0,0,0,0,0,0,0,0,0,0,0,-35,29,-33,26,-33,31,-40,24,-40,24,-42,24,-44,26,-47,26,-53,29,-51,26,-53,31,-51,33,-55,42,-55,38,-62,26,-60,33,-60,47,-64,38,-62,40,-60,31,-62,33,-64,44,-64,40,-62,44,-67,47,-62,49,-64,44,-62,53,-58,47,-55,55,-58,51,-60,58,-55,62,-51,55,-51,60,-49,62,-42,58,-38,73,-44,71,-31,73,-35,71,-31,78,-26,82,-20,85,-22,78,-24,82,-24,85,-15,80,-15,87,-20,91,-11,94,-6,87,-20,96,-13,96,-2,98,-2,96,-2,94,0,0,0,0,0,0,96,6,87,4,89,-2,82,0,80,-2,82,0,87,-6,85,-8,76,-6,76,-6,73,-11,67,-6,71,-15,71,-17,69,-20,67,-22,67,-31,67,-26,64,-24,60,-26,58,-35,64,-29,55,-31,62,-38,55,-29,60,-35,58,-35,55,-44,58,-44,49,-47,49,-42,53,-42,49,-44,49,-49,44,-42,58,-47,53,-44,51,-44,49,-44,51,-40,51,-40,51,-44,49,-42,44,-42,51,-40,44,-40,47,-35,44,-38,49,-31,40,-26,44,-26,35,-24,42,-24,44,-24,38,-20,35,-17,42,-15,0,0,0,0,0,0,0,0,0,0]"""
1782173652049,2026-06-23T09:14:12.049,warning,breathing,lmh,lying_fast_breath,t001,"CSI_DATA,19174,1a:00:00:00:00:00,-61,11,-98,22,43,11,137885412,47,2,256,0,""[0,0,0,0,0,0,0,0,0,0,0,0,-42,-2,-40,-2,-42,0,-47,-4,-51,-4,-49,-8,-49,-4,-49,-8,-58,-8,-58,-8,-62,-6,-64,-4,-67,-2,-69,-4,-69,-11,-73,-6,-76,0,-80,-11,-69,-6,-69,-4,-71,-8,-82,-2,-80,-4,-82,2,-85,-2,-78,4,-76,2,-80,4,-82,4,-78,8,-73,8,-76,15,-78,20,-76,15,-78,24,-78,29,-67,26,-69,35,-73,35,-69,47,-67,42,-64,53,-67,47,-69,60,-64,49,-62,58,-67,55,-58,62,-60,62,-64,69,-60,69,-58,73,-62,76,-60,71,-55,82,-55,85,-51,80,0,0,0,0,0,0,78,53,76,51,80,40,76,47,73,38,69,40,71,35,80,35,73,31,71,33,67,26,71,22,78,22,73,20,71,17,71,11,71,6,69,2,69,8,71,6,69,-4,71,4,62,-6,64,-4,69,-4,67,-8,67,-11,64,-17,67,-17,64,-24,62,-15,67,-15,67,-15,62,-20,67,-20,71,-17,67,-20,64,-24,71,-17,64,-17,60,-17,67,-20,62,-17,58,-22,58,-17,55,-22,55,-15,53,-17,55,-15,49,-11,51,-11,49,-8,44,-8,53,-6,44,-8,42,-2,42,0,0,0,0,0,0,0,0,0,0,0]"""
1782173652060,2026-06-23T09:14:12.060,warning,breathing,lmh,lying_fast_breath,t001,"CSI_DATA,19175,1a:00:00:00:00:00,-61,11,-98,19,44,11,137896411,47,2,256,0,""[0,0,0,0,0,0,0,0,0,0,0,0,26,-26,30,-30,36,-30,41,-21,41,-26,45,-23,52,-26,47,-21,52,-30,54,-23,56,-26,58,-23,65,-30,60,-21,67,-15,69,-17,69,-19,73,-13,71,-10,67,-10,67,-2,73,-6,78,-4,80,-8,84,-4,76,-15,78,-4,82,-4,82,0,80,-2,76,2,82,-2,84,-4,78,0,78,-6,82,-4,76,-10,78,-8,80,-6,80,-17,80,-8,84,-15,82,-10,84,-10,78,-13,82,-13,82,-8,80,-17,87,-10,91,-13,91,-10,89,-10,95,-4,95,-2,97,-6,97,-8,93,-4,0,0,0,0,0,0,10,-89,8,-93,4,-87,10,-84,6,-87,10,-78,6,-80,13,-84,10,-73,19,-78,10,-71,10,-69,10,-80,8,-69,13,-71,2,-67,2,-78,6,-71,13,-65,10,-67,4,-67,8,-67,6,-60,13,-67,13,-67,10,-67,10,-69,6,-67,10,-69,6,-69,13,-63,13,-69,17,-69,13,-67,19,-65,21,-69,23,-65,23,-65,28,-63,28,-60,23,-56,23,-60,30,-56,32,-60,36,-50,30,-52,39,-43,34,-43,39,-39,36,-36,41,-32,36,-30,39,-26,36,-23,39,-23,32,-19,39,-13,0,0,0,0,0,0,0,0,0,0]"""
1782173652071,2026-06-23T09:14:12.071,warning,breathing,lmh,lying_fast_breath,t001,"CSI_DATA,19176,1a:00:00:00:00:00,-61,11,-98,17,44,11,137908896,47,2,256,0,""[0,0,0,0,0,0,0,0,0,0,0,0,23,34,18,34,20,41,18,39,20,43,20,43,20,48,23,50,27,55,27,52,27,55,32,52,36,57,34,62,29,64,32,62,43,59,41,64,36,55,41,66,43,64,39,66,46,64,48,59,55,66,55,55,48,62,57,59,52,64,57,52,55,48,64,50,62,46,64,41,73,36,73,41,66,32,71,23,78,32,82,18,82,13,94,13,94,9,76,50,36,4,92,-23,112,43,142,-18,96,6,73,-9,175,43,103,0,99,-11,179,11,71,-16,66,-27,188,-23,0,0,0,0,0,0,6,-175,-32,-50,-48,-34,-48,0,-34,-89,-25,-82,-55,-163,-43,-71,-32,-76,-52,-18,-27,-46,-55,-59,-50,-99,-73,-52,-55,-36,-48,-34,-46,-48,-48,-50,-46,-52,-59,-43,-62,-29,-59,-43,-55,-32,-57,-34,-55,-29,-64,-36,-62,-23,-59,-16,-64,-27,-66,-13,-62,-20,-64,-18,-66,-23,-62,-16,-62,-13,-71,-18,-66,-18,-64,-9,-69,-16,-64,-13,-62,-11,-62,-9,-64,-13,-64,-9,-59,-16,-59,-6,-52,-9,-57,-11,-55,-11,-48,-11,-50,-11,-46,-13,-46,-11,-46,-13,-39,-16,-39,-11,-41,-16,0,0,0,0,0,0,0,0,0,0]"""
1782173652081,2026-06-23T09:14:12.081,warning,breathing,lmh,lying_fast_breath,t001,"CSI_DATA,19177,1a:00:00:00:00:00,-61,11,-98,18,44,11,137918679,47,2,256,0,""[0,0,0,0,0,0,0,0,0,0,0,0,40,0,40,2,44,6,49,6,44,11,49,11,49,11,47,11,58,13,60,20,62,15,62,17,69,17,62,17,64,26,62,26,71,22,64,24,64,26,71,26,67,26,69,31,69,29,69,29,78,33,71,24,73,33,73,31,73,33,76,26,71,24,73,29,73,26,73,17,80,22,76,17,73,15,78,11,82,17,82,6,80,11,80,2,85,6,87,2,82,6,82,2,82,2,85,0,87,-2,94,2,91,-4,91,-2,100,-2,91,0,96,-6,94,-2,94,-2,0,0,0,0,0,0,4,-96,4,-89,-6,-89,-4,-85,0,-85,0,-78,-2,-80,8,-87,2,-76,2,-76,-4,-71,-4,-71,-6,-76,0,-69,-2,-67,-13,-67,-15,-71,-8,-71,-11,-69,-13,-67,-22,-64,-13,-64,-22,-60,-13,-64,-13,-67,-13,-67,-15,-62,-22,-62,-17,-69,-24,-64,-15,-64,-22,-67,-15,-67,-20,-67,-17,-58,-15,-73,-13,-69,-20,-67,-15,-69,-8,-64,-13,-60,-13,-64,-6,-64,-6,-62,-6,-60,-11,-60,-2,-58,-2,-58,2,-53,2,-53,8,-49,4,-49,6,-42,11,-47,8,-40,13,-40,17,-35,0,0,0,0,0,0,0,0,0,0]"""
1782173652095,2026-06-23T09:14:12.095,warning,breathing,lmh,lying_fast_breath,t001,"CSI_DATA,19178,1a:00:00:00:00:00,-61,11,-98,13,45,11,137929411,47,2,256,0,""[0,0,0,0,0,0,0,0,0,0,0,0,39,18,36,20,39,23,41,29,41,25,41,27,46,29,46,29,48,32,50,34,52,32,55,32,59,36,55,36,55,46,59,41,64,39,62,41,59,39,62,46,64,43,62,43,66,39,66,39,69,43,71,32,71,39,73,34,69,39,71,32,66,27,76,32,76,29,73,25,78,23,80,16,78,13,80,9,78,13,82,2,82,2,80,-4,85,-2,87,-9,80,-6,82,-16,87,-11,80,-18,82,-13,89,-18,87,-20,85,-25,94,-23,92,-20,92,-27,92,-27,87,-29,0,0,0,0,0,0,-23,-89,-25,-87,-36,-80,-32,-78,-34,-80,-32,-73,-34,-73,-32,-73,-34,-73,-34,-66,-39,-64,-39,-57,-46,-59,-39,-55,-43,-59,-48,-48,-50,-52,-46,-50,-39,-50,-48,-46,-57,-39,-50,-46,-50,-36,-50,-46,-50,-41,-50,-41,-55,-34,-57,-32,-57,-39,-59,-23,-57,-32,-59,-29,-59,-34,-57,-29,-55,-27,-62,-34,-59,-32,-57,-27,-62,-32,-59,-29,-55,-25,-59,-29,-55,-32,-52,-29,-50,-32,-52,-27,-46,-29,-50,-27,-46,-27,-41,-25,-41,-32,-39,-27,-36,-29,-32,-27,-29,-29,-32,-25,-29,-27,0,0,0,0,0,0,0,0,0,0]"""
1782173652104,2026-06-23T09:14:12.104,warning,breathing,lmh,lying_fast_breath,t001,"CSI_DATA,19179,1a:00:00:00:00:00,-61,11,-98,20,44,11,137940448,47,2,256,0,""[0,0,0,0,0,0,0,0,0,0,0,0,27,-31,27,-27,38,-27,42,-27,40,-25,42,-23,42,-23,48,-23,54,-27,57,-19,59,-21,59,-25,65,-23,67,-21,67,-8,67,-14,71,-19,76,-10,71,-10,73,-2,80,4,76,-2,78,-2,80,-4,80,2,80,-6,80,2,82,2,82,8,76,-2,78,2,82,4,84,2,78,8,82,6,84,2,73,2,82,-4,82,0,86,-2,84,0,80,-8,82,2,86,-6,80,0,84,-4,88,2,84,-4,82,2,95,-2,86,0,88,0,95,4,97,6,95,4,97,6,90,14,0,0,0,0,0,0,29,-95,21,-84,14,-82,21,-82,23,-84,21,-73,27,-76,25,-78,25,-71,27,-71,23,-69,23,-61,19,-71,27,-71,27,-69,14,-69,23,-73,19,-65,27,-61,16,-67,19,-63,23,-67,19,-59,25,-63,27,-61,23,-63,25,-63,16,-65,23,-69,19,-65,25,-61,31,-61,31,-63,29,-63,29,-57,35,-59,35,-57,42,-57,42,-54,46,-52,38,-50,44,-50,46,-46,46,-46,46,-40,46,-42,42,-33,46,-33,48,-29,46,-29,48,-23,48,-23,42,-16,48,-14,42,-6,42,-8,40,0,0,0,0,0,0,0,0,0,0,0]"""
1782173652114,2026-06-23T09:14:12.114,warning,breathing,lmh,lying_fast_breath,t001,"CSI_DATA,19180,1a:00:00:00:00:00,-61,11,-98,13,45,11,137951578,47,2,256,0,""[0,0,0,0,0,0,0,0,0,0,0,0,-23,32,-25,34,-29,32,-39,34,-36,32,-41,27,-41,29,-41,25,-52,32,-55,29,-55,27,-55,27,-62,29,-64,25,-71,18,-69,18,-69,25,-76,13,-73,11,-73,9,-73,4,-82,11,-76,4,-78,2,-85,0,-76,4,-78,-4,-82,-4,-78,-4,-80,0,-73,-6,-87,-6,-80,-4,-76,-4,-82,-6,-78,-2,-73,-2,-76,0,-80,-6,-82,-2,-82,-4,-80,0,-82,-2,-87,-4,-80,-6,-76,0,-82,-9,-80,-4,-87,-6,-94,-11,-89,-13,-89,-9,-89,-23,-82,-20,-96,-20,-94,-20,-92,-20,0,0,0,0,0,0,-43,82,-39,82,-34,85,-39,76,-36,73,-39,73,-39,73,-43,73,-41,66,-39,59,-34,62,-36,59,-36,62,-41,62,-41,57,-34,57,-41,64,-39,59,-43,55,-36,57,-32,57,-41,55,-36,52,-41,52,-43,52,-43,52,-41,48,-43,55,-50,50,-41,52,-46,46,-50,48,-50,46,-50,50,-46,39,-59,43,-57,41,-55,41,-62,36,-57,29,-55,27,-57,25,-64,25,-59,25,-57,16,-55,18,-55,9,-57,16,-50,4,-50,2,-50,0,-48,-2,-46,-6,-50,-9,-43,-13,-41,-11,-34,-18,0,0,0,0,0,0,0,0,0,0]"""
1782173652126,2026-06-23T09:14:12.126,warning,breathing,lmh,lying_fast_breath,t001,"CSI_DATA,19181,1a:00:00:00:00:00,-61,11,-98,14,45,11,137962411,47,2,256,0,""[0,0,0,0,0,0,0,0,0,0,0,0,24,-33,26,-31,33,-33,35,-31,38,-31,38,-31,42,-31,42,-33,49,-38,53,-31,53,-35,51,-35,55,-38,58,-33,62,-26,67,-31,67,-40,69,-31,64,-24,69,-31,69,-26,73,-29,76,-29,76,-29,80,-24,71,-29,73,-24,78,-26,80,-24,73,-31,73,-26,76,-26,76,-29,76,-29,73,-33,73,-35,69,-33,71,-40,71,-33,71,-42,71,-35,69,-47,69,-40,73,-47,67,-44,69,-47,71,-47,64,-55,69,-42,76,-49,71,-51,73,-53,80,-49,82,-44,80,-51,78,-49,80,-51,0,0,0,0,0,0,-42,-80,-42,-82,-44,-76,-44,-78,-44,-78,-40,-73,-33,-71,-33,-76,-35,-69,-33,-67,-35,-64,-35,-62,-40,-64,-33,-62,-33,-62,-35,-58,-38,-60,-35,-60,-31,-58,-38,-60,-44,-55,-38,-60,-33,-49,-33,-51,-35,-58,-33,-55,-38,-53,-40,-51,-38,-55,-42,-51,-35,-55,-40,-58,-33,-58,-35,-53,-35,-55,-31,-60,-33,-60,-31,-58,-26,-58,-26,-60,-29,-60,-26,-60,-17,-60,-22,-55,-15,-60,-17,-55,-8,-55,-13,-53,-4,-51,-6,-53,-4,-51,-4,-44,0,-47,8,-44,4,-42,2,-42,11,-40,0,0,0,0,0,0,0,0,0,0]"""
1782173652137,2026-06-23T09:14:12.137,warning,breathing,lmh,lying_fast_breath,t001,"CSI_DATA,19182,1a:00:00:00:00:00,-61,11,-98,22,43,11,137974525,47,2,256,0,""[0,0,0,0,0,0,0,0,0,0,0,0,40,-4,40,-2,44,0,51,0,49,-2,49,0,53,-2,53,2,60,-2,64,-2,62,-2,64,-6,67,-11,69,-8,76,-4,71,-8,73,-15,76,-11,69,-8,73,-6,71,-4,78,-17,71,-13,76,-24,82,-22,73,-26,76,-26,78,-31,69,-31,69,-40,67,-38,73,-42,67,-42,67,-44,62,-51,62,-49,53,-51,53,-60,51,-62,47,-69,51,-67,33,-73,38,-73,33,-80,33,-78,31,-73,31,-78,29,-80,20,-80,29,-82,13,-89,13,-91,13,-96,17,-89,2,-100,4,-102,8,-91,0,0,0,0,0,0,-91,-4,-89,4,-91,11,-85,6,-87,13,-85,15,-80,17,-82,17,-76,20,-73,17,-73,24,-71,24,-69,33,-62,29,-64,31,-60,40,-58,47,-55,44,-60,40,-49,42,-47,53,-49,47,-42,55,-44,51,-47,53,-38,51,-38,55,-31,60,-40,62,-24,62,-29,60,-31,64,-26,64,-24,69,-22,60,-29,69,-26,67,-26,64,-24,64,-24,60,-20,60,-24,64,-17,62,-17,62,-20,60,-15,62,-17,55,-13,60,-22,53,-15,51,-20,49,-17,44,-15,42,-15,44,-20,42,-15,38,-22,40,0,0,0,0,0,0,0,0,0,0]"""
1782173652148,2026-06-23T09:14:12.148,warning,breathing,lmh,lying_fast_breath,t001,"CSI_DATA,19183,1a:00:00:00:00:00,-61,11,-98,19,44,11,137986976,47,2,256,0,""[0,0,0,0,0,0,0,0,0,0,0,0,0,39,0,45,0,45,-6,52,-6,45,-10,47,-6,50,-15,50,-13,58,-15,56,-17,56,-17,58,-19,65,-23,65,-34,60,-28,67,-30,67,-36,65,-36,63,-30,58,-41,60,-39,69,-41,67,-39,63,-45,69,-41,69,-45,67,-47,67,-47,65,-39,67,-43,60,-45,69,-43,69,-43,63,-43,71,-43,73,-39,67,-39,69,-43,71,-36,78,-41,69,-30,78,-36,71,-32,82,-34,73,-34,78,-36,80,-36,80,-36,78,-45,82,-39,84,-47,82,-50,82,-50,78,-47,89,-50,89,-41,78,0,0,0,0,0,0,78,60,73,56,78,43,67,52,71,54,65,56,60,47,67,54,60,52,54,52,56,50,56,47,65,50,58,39,50,45,54,41,60,45,60,43,54,43,58,39,63,39,52,45,50,34,54,36,54,45,52,45,56,41,58,39,52,45,56,36,52,41,58,47,54,45,58,43,50,45,52,54,47,47,45,54,43,54,41,54,39,45,34,56,36,56,36,52,30,58,34,54,26,52,28,52,17,50,17,47,15,54,15,52,10,43,4,52,4,41,0,41,-2,43,0,0,0,0,0,0,0,0,0,0]"""
1782173652161,2026-06-23T09:14:12.161,warning,breathing,lmh,lying_fast_breath,t001,"CSI_DATA,19184,1a:00:00:00:00:00,-61,11,-98,19,44,11,137995411,47,2,256,0,""[0,0,0,0,0,0,0,0,0,0,0,0,36,-21,36,-17,39,-19,45,-19,45,-17,45,-15,47,-15,52,-15,58,-15,56,-15,63,-10,58,-15,63,-15,69,-15,67,-6,73,-8,71,-15,78,-10,67,-8,76,-4,80,-4,76,-8,84,-8,78,-10,84,-6,78,-13,76,-2,82,-6,84,-2,80,-13,73,-8,82,-6,80,-13,78,-10,82,-17,82,-19,76,-19,76,-23,80,-19,80,-30,80,-28,78,-28,78,-23,78,-32,73,-23,76,-36,78,-30,71,-41,78,-32,82,-41,82,-36,82,-36,91,-36,87,-36,84,-39,91,-43,87,-43,0,0,0,0,0,0,-30,-89,-34,-84,-39,-76,-34,-80,-34,-84,-28,-78,-32,-80,-30,-82,-30,-78,-23,-71,-32,-67,-28,-69,-41,-65,-36,-69,-30,-67,-36,-60,-41,-67,-32,-60,-30,-58,-34,-60,-43,-56,-34,-60,-36,-54,-36,-56,-39,-58,-36,-56,-39,-56,-43,-52,-39,-56,-45,-50,-39,-56,-43,-58,-36,-58,-39,-58,-39,-54,-34,-63,-36,-60,-34,-56,-39,-58,-32,-63,-30,-56,-30,-63,-26,-63,-26,-56,-21,-60,-26,-54,-15,-54,-19,-56,-13,-52,-10,-52,-10,-52,-13,-50,-4,-50,-4,-45,-2,-47,0,-45,8,-43,0,0,0,0,0,0,0,0,0,0]"""
1782173652170,2026-06-23T09:14:12.170,warning,breathing,lmh,lying_fast_breath,t001,"CSI_DATA,19185,1a:00:00:00:00:00,-61,11,-98,17,44,11,138006411,47,2,256,0,""[0,0,0,0,0,0,0,0,0,0,0,0,0,-39,0,-43,-2,-43,4,-46,0,-48,2,-50,4,-50,4,-52,4,-59,4,-62,4,-62,2,-62,2,-64,4,-69,9,-66,4,-66,-2,-76,9,-71,6,-76,6,-71,11,-76,2,-78,0,-78,-4,-82,0,-87,-9,-76,-2,-80,-6,-80,-4,-78,-13,-82,-16,-73,-18,-85,-18,-76,-18,-73,-25,-80,-29,-78,-32,-66,-36,-69,-34,-76,-41,-69,-46,-71,-50,-64,-50,-66,-55,-64,-50,-66,-55,-64,-52,-66,-59,-55,-62,-62,-64,-64,-69,-62,-69,-59,-73,-66,-66,-66,-78,-59,-80,-59,-73,-62,0,0,0,0,0,0,-52,80,-55,78,-50,80,-48,78,-41,73,-46,71,-36,73,-39,76,-36,71,-34,66,-29,69,-27,66,-23,71,-23,69,-18,69,-11,69,-9,76,-9,71,-16,69,-9,66,2,71,-9,69,-2,71,0,69,0,71,-2,71,4,71,13,69,6,73,16,64,9,64,13,69,9,71,16,71,16,64,11,76,16,66,16,66,13,69,11,66,11,62,18,64,13,69,13,62,9,64,13,55,9,57,11,59,2,52,9,50,6,50,2,46,0,48,-2,46,0,50,-2,43,-4,46,0,0,0,0,0,0,0,0,0,0]"""
1782173652181,2026-06-23T09:14:12.181,warning,breathing,lmh,lying_fast_breath,t001,"CSI_DATA,19186,1a:00:00:00:00:00,-61,11,-98,13,45,11,138017434,47,2,256,0,""[0,0,0,0,0,0,0,0,0,0,0,0,2,-39,4,-41,11,-41,16,-48,13,-48,20,-48,18,-50,20,-48,23,-57,29,-50,29,-55,34,-55,36,-57,39,-57,46,-57,43,-55,43,-62,48,-55,52,-50,52,-52,52,-48,62,-52,59,-46,57,-50,66,-50,59,-55,64,-46,69,-52,64,-46,64,-50,59,-43,71,-48,64,-46,62,-43,64,-48,62,-55,59,-48,57,-55,64,-50,59,-52,66,-55,57,-59,62,-57,62,-59,64,-52,57,-59,66,-57,62,-59,64,-55,69,-57,71,-59,69,-55,80,-62,76,-48,80,-59,82,-57,78,-55,0,0,0,0,0,0,-41,-89,-36,-82,-43,-78,-39,-76,-39,-76,-32,-78,-29,-71,-32,-82,-29,-69,-27,-73,-32,-66,-27,-62,-34,-71,-25,-66,-23,-69,-29,-66,-29,-69,-25,-64,-20,-66,-29,-59,-34,-59,-25,-62,-27,-59,-23,-62,-23,-64,-25,-66,-25,-62,-27,-62,-18,-69,-29,-59,-20,-62,-23,-66,-16,-66,-20,-66,-16,-62,-9,-69,-6,-66,-6,-64,-6,-69,-4,-66,-4,-62,-2,-66,6,-66,4,-64,9,-64,2,-59,9,-55,13,-55,13,-52,16,-48,16,-48,18,-46,20,-39,25,-36,27,-36,23,-32,29,-32,0,0,0,0,0,0,0,0,0,0]"""
1782173652192,2026-06-23T09:14:12.192,warning,breathing,lmh,lying_fast_breath,t001,"CSI_DATA,19187,1a:00:00:00:00:00,-61,11,-98,18,44,11,138029416,47,2,256,0,""[0,0,0,0,0,0,0,0,0,0,0,0,33,-26,33,-24,38,-24,40,-24,44,-22,42,-22,47,-26,49,-17,51,-26,58,-20,55,-20,55,-20,69,-22,69,-20,67,-8,69,-20,69,-24,76,-13,69,-11,67,-11,69,-4,82,-13,78,-6,78,-8,82,-4,78,-11,82,0,82,-6,78,-6,80,-8,78,-6,82,-11,80,-8,76,-4,87,-8,82,-17,76,-11,76,-13,82,-13,78,-15,80,-15,78,-26,82,-22,85,-24,78,-22,82,-22,82,-20,82,-24,87,-22,94,-20,85,-20,91,-24,98,-20,94,-20,98,-24,98,-22,89,-20,0,0,0,0,0,0,-6,-96,-6,-91,-11,-91,-11,-89,-8,-85,-4,-85,-8,-91,0,-91,-6,-80,0,-76,-6,-73,-2,-71,-8,-78,-4,-73,-6,-73,-6,-69,-8,-73,-11,-73,0,-69,-11,-71,-17,-71,-4,-71,-13,-62,-8,-67,-4,-69,-8,-69,-8,-64,-13,-64,-6,-69,-17,-67,-6,-67,-8,-73,-4,-73,-11,-69,-4,-64,-2,-73,0,-69,2,-69,6,-73,2,-67,4,-62,6,-67,15,-69,11,-62,13,-62,13,-62,15,-55,15,-58,17,-49,20,-47,20,-42,20,-42,26,-40,24,-35,29,-33,29,-33,26,-29,0,0,0,0,0,0,0,0,0,0]"""
1782173652203,2026-06-23T09:14:12.203,warning,breathing,lmh,lying_fast_breath,t001,"CSI_DATA,19188,1a:00:00:00:00:00,-61,11,-98,17,44,11,138039411,47,2,256,0,""[0,0,0,0,0,0,0,0,0,0,0,0,39,-25,36,-20,39,-25,39,-25,43,-27,46,-23,48,-27,52,-27,50,-32,55,-32,55,-29,52,-36,55,-36,59,-39,59,-32,64,-36,59,-43,66,-39,59,-36,59,-46,57,-43,64,-50,64,-41,59,-52,66,-52,57,-48,64,-50,64,-52,59,-55,55,-59,52,-52,52,-69,48,-64,46,-64,46,-73,39,-66,34,-69,32,-73,36,-71,25,-80,25,-80,20,-80,20,-80,13,-89,18,-76,9,-82,9,-85,-2,-82,2,-89,2,-89,4,-89,-6,-87,-4,-94,0,-92,-9,-105,-16,-101,-13,-99,0,0,0,0,0,0,-96,11,-94,9,-89,27,-82,20,-80,23,-80,20,-78,27,-80,29,-76,27,-76,27,-66,27,-59,29,-66,39,-64,41,-64,36,-57,41,-59,48,-55,48,-55,39,-52,46,-46,52,-55,48,-41,50,-43,55,-48,57,-36,55,-39,57,-32,62,-36,66,-29,62,-36,59,-32,64,-32,62,-27,69,-25,62,-34,64,-29,64,-27,66,-29,69,-27,62,-23,62,-32,59,-29,64,-27,59,-25,57,-23,55,-29,48,-25,55,-27,46,-20,48,-27,50,-23,43,-18,41,-27,41,-23,36,-27,36,-29,29,0,0,0,0,0,0,0,0,0,0]"""
1782173652216,2026-06-23T09:14:12.216,warning,breathing,lmh,lying_fast_breath,t001,"CSI_DATA,19189,1a:00:00:00:00:00,-61,11,-98,16,44,11,138053531,47,2,256,0,""[0,0,0,0,0,0,0,0,0,0,0,0,-4,-42,-2,-42,0,-45,0,-47,0,-49,4,-49,7,-47,7,-52,4,-61,7,-61,7,-61,9,-61,4,-71,9,-66,14,-66,18,-71,7,-71,16,-73,14,-68,14,-73,16,-71,14,-78,18,-75,18,-82,18,-80,14,-78,21,-78,16,-80,18,-80,9,-80,14,-73,11,-82,7,-80,7,-82,0,-85,0,-82,-2,-73,-4,-80,-2,-80,-11,-80,-7,-78,-11,-82,-9,-85,-21,-90,-14,-78,-26,-80,-16,-87,-26,-80,-21,-85,-21,-92,-26,-90,-23,-87,-26,-92,-21,-92,-35,-99,-30,-90,-35,-90,0,0,0,0,0,0,-94,21,-90,26,-90,33,-82,26,-82,26,-78,21,-85,30,-80,23,-75,30,-71,23,-68,28,-68,23,-71,35,-71,30,-66,30,-59,33,-68,35,-64,35,-59,30,-61,40,-56,40,-61,40,-52,35,-52,42,-61,40,-59,40,-56,37,-54,49,-59,42,-52,47,-54,42,-59,42,-61,45,-56,45,-49,45,-59,40,-56,42,-52,42,-56,42,-52,37,-54,40,-61,37,-59,35,-59,35,-54,33,-54,35,-52,28,-54,30,-54,18,-45,21,-45,16,-47,16,-45,14,-52,16,-42,9,-42,7,-45,0,0,0,0,0,0,0,0,0,0,0]"""
1782173652226,2026-06-23T09:14:12.226,warning,breathing,lmh,lying_fast_breath,t001,"CSI_DATA,19190,1a:00:00:00:00:00,-61,11,-98,17,44,11,138062007,47,2,256,0,""[0,0,0,0,0,0,0,0,0,0,0,0,2,-41,4,-39,2,-43,9,-48,11,-50,4,-46,9,-48,11,-52,6,-59,9,-57,16,-59,9,-57,9,-66,9,-69,16,-64,13,-69,4,-78,16,-73,13,-71,18,-71,20,-76,13,-78,11,-78,11,-78,11,-82,6,-73,11,-78,4,-82,9,-85,2,-80,2,-71,-2,-85,-6,-80,-4,-82,-13,-82,-16,-80,-16,-73,-20,-78,-20,-76,-32,-73,-29,-78,-34,-73,-32,-76,-41,-76,-34,-69,-50,-66,-41,-76,-50,-66,-46,-71,-52,-78,-50,-73,-59,-73,-55,-80,-50,-76,-64,-82,-66,-73,-62,-69,0,0,0,0,0,0,-73,62,-71,62,-59,66,-64,59,-62,62,-59,55,-55,59,-59,66,-55,59,-50,55,-43,62,-39,57,-43,69,-41,62,-34,62,-32,62,-29,71,-32,62,-32,64,-25,59,-20,69,-25,66,-18,64,-13,66,-18,62,-20,64,-11,66,-6,71,-16,71,-2,69,-11,73,-9,73,-13,71,-2,71,-6,64,-11,73,-9,71,-4,69,-6,71,-11,66,-6,62,-11,64,-9,69,-9,69,-9,64,-6,62,-13,52,-11,62,-13,50,-13,55,-11,46,-6,55,-16,48,-11,46,-20,39,-20,43,-20,36,0,0,0,0,0,0,0,0,0,0]"""
1782173652238,2026-06-23T09:14:12.238,warning,breathing,lmh,lying_fast_breath,t001,"CSI_DATA,19191,1a:00:00:00:00:00,-61,11,-98,20,44,11,138072484,47,2,256,0,""[0,0,0,0,0,0,0,0,0,0,0,0,-23,-31,-23,-35,-21,-40,-23,-46,-19,-44,-16,-44,-21,-46,-16,-52,-21,-54,-19,-59,-19,-54,-19,-61,-23,-59,-19,-63,-12,-67,-14,-67,-25,-71,-12,-76,-16,-69,-14,-65,-12,-69,-19,-80,-19,-76,-16,-78,-19,-84,-19,-76,-12,-76,-16,-82,-10,-78,-19,-82,-16,-71,-16,-82,-25,-76,-21,-76,-27,-78,-29,-78,-25,-71,-33,-73,-31,-76,-40,-76,-35,-73,-42,-69,-38,-76,-46,-78,-38,-67,-46,-67,-46,-73,-50,-65,-44,-73,-54,-73,-52,-73,-57,-73,-52,-78,-44,-76,-57,-84,-61,-78,-52,-84,0,0,0,0,0,0,-84,46,-88,50,-76,54,-73,44,-71,44,-73,42,-67,50,-76,46,-71,44,-65,40,-61,44,-57,40,-61,50,-59,48,-61,42,-52,42,-54,54,-54,48,-52,44,-52,42,-44,52,-52,48,-48,50,-44,44,-48,52,-50,48,-48,52,-42,54,-50,59,-38,50,-48,48,-50,52,-48,54,-44,57,-42,44,-54,52,-48,50,-46,50,-54,52,-52,46,-46,46,-54,42,-57,40,-52,42,-52,40,-48,35,-50,33,-50,33,-50,27,-44,25,-48,19,-44,23,-46,19,-48,16,-44,16,-44,12,-44,4,0,0,0,0,0,0,0,0,0,0]"""
1782173652250,2026-06-23T09:14:12.250,warning,breathing,lmh,lying_fast_breath,t001,"CSI_DATA,19192,1a:00:00:00:00:00,-61,11,-98,17,44,11,138084705,47,2,256,0,""[0,0,0,0,0,0,0,0,0,0,0,0,43,-11,39,-11,41,-11,50,-9,46,-9,48,-9,50,-9,50,-6,59,-11,57,-6,62,-6,66,-11,64,-11,71,-11,71,-2,71,-11,71,-13,76,-9,71,-11,69,-6,66,-2,85,-11,78,-4,76,-11,85,-9,76,-20,78,-11,82,-11,78,-9,78,-20,73,-20,80,-23,71,-25,71,-27,80,-32,80,-34,71,-32,71,-39,73,-36,69,-43,71,-41,62,-48,66,-46,69,-50,66,-50,62,-55,69,-59,59,-59,59,-59,76,-62,64,-62,64,-66,73,-64,66,-62,69,-73,64,-78,59,-66,0,0,0,0,0,0,-69,-66,-69,-64,-69,-50,-66,-57,-69,-55,-57,-55,-64,-52,-64,-57,-64,-48,-57,-50,-64,-39,-62,-39,-71,-39,-62,-36,-62,-34,-64,-32,-69,-34,-69,-29,-66,-32,-66,-25,-69,-20,-64,-27,-59,-20,-64,-20,-62,-23,-71,-23,-66,-23,-66,-9,-73,-16,-71,-6,-66,-16,-73,-13,-69,-16,-66,-11,-64,-13,-71,-16,-71,-13,-69,-11,-69,-13,-66,-13,-66,-13,-64,-18,-64,-18,-62,-16,-59,-20,-57,-13,-55,-16,-55,-13,-52,-18,-46,-20,-48,-18,-48,-16,-46,-23,-46,-25,-36,-25,-39,-25,-32,-25,0,0,0,0,0,0,0,0,0,0]"""
1782173652260,2026-06-23T09:14:12.260,warning,breathing,lmh,lying_fast_breath,t001,"CSI_DATA,19193,1a:00:00:00:00:00,-61,11,-98,17,44,11,138094410,47,2,256,0,""[0,0,0,0,0,0,0,0,0,0,0,0,-23,36,-25,32,-23,36,-27,41,-34,34,-32,36,-34,39,-36,41,-39,48,-39,43,-39,46,-39,46,-43,55,-43,52,-48,48,-50,52,-43,57,-55,55,-43,52,-52,52,-57,57,-55,55,-50,57,-48,64,-57,59,-46,62,-55,57,-50,62,-52,62,-43,59,-48,62,-48,69,-46,69,-41,69,-41,73,-36,71,-34,66,-32,71,-32,76,-23,82,-27,76,-20,82,-23,78,-13,87,-20,76,-9,80,-18,87,-6,82,-11,87,-9,94,-4,85,-6,94,-9,94,-6,96,-4,101,0,103,-2,96,0,0,0,0,0,0,96,2,99,2,87,-9,85,0,92,-2,82,2,87,-11,87,-6,80,-4,73,-4,71,-9,71,-6,76,-16,73,-16,71,-13,66,-16,71,-23,66,-20,66,-18,66,-23,66,-34,64,-25,55,-32,59,-27,57,-32,62,-29,59,-32,55,-41,62,-36,52,-36,59,-34,59,-36,59,-36,57,-41,55,-36,59,-34,57,-39,59,-36,57,-36,59,-34,59,-34,59,-32,62,-32,57,-32,55,-27,57,-29,52,-23,52,-27,52,-20,48,-18,48,-18,43,-20,46,-16,43,-13,41,-9,43,-6,43,0,0,0,0,0,0,0,0,0,0,0]"""
1782173652270,2026-06-23T09:14:12.270,warning,breathing,lmh,lying_fast_breath,t001,"CSI_DATA,19194,1a:00:00:00:00:00,-61,11,-98,18,44,11,138106883,47,2,256,0,""[0,0,0,0,0,0,0,0,0,0,0,0,-38,20,-38,17,-40,11,-49,13,-44,13,-47,17,-49,15,-49,13,-55,13,-55,13,-58,8,-58,15,-64,13,-67,13,-71,4,-67,6,-73,13,-71,4,-69,6,-69,-2,-73,-6,-78,0,-76,-2,-78,2,-85,2,-78,6,-80,0,-82,-2,-73,-2,-82,2,-73,4,-85,6,-76,11,-78,6,-85,6,-78,15,-69,13,-76,17,-78,20,-78,20,-78,13,-73,29,-80,29,-78,26,-80,26,-76,33,-80,26,-76,29,-80,29,-91,31,-91,31,-85,35,-96,31,-82,24,-91,35,-96,29,-82,35,0,0,0,0,0,0,20,89,17,89,33,89,22,87,29,85,22,80,22,71,22,87,22,69,22,76,24,71,24,71,26,73,22,69,20,67,31,64,31,67,24,67,20,69,29,64,40,62,24,64,29,53,26,58,24,62,33,62,29,60,35,55,31,67,40,55,29,60,35,67,24,58,31,60,29,58,31,69,29,60,26,62,26,67,22,67,20,55,22,64,17,60,15,60,13,64,15,58,8,58,11,53,2,55,4,51,2,51,0,49,-4,47,-6,47,-11,47,-4,42,-15,40,0,0,0,0,0,0,0,0,0,0]"""
1782173652282,2026-06-23T09:14:12.282,warning,breathing,lmh,lying_fast_breath,t001,"CSI_DATA,19195,1a:00:00:00:00:00,-61,11,-98,20,44,11,138116410,47,2,256,0,""[0,0,0,0,0,0,0,0,0,0,0,0,-38,-14,-35,-21,-38,-21,-40,-31,-38,-27,-38,-31,-40,-33,-40,-35,-44,-40,-42,-42,-40,-42,-44,-42,-50,-46,-52,-46,-42,-54,-46,-54,-50,-57,-46,-65,-42,-59,-42,-59,-35,-63,-48,-63,-40,-63,-46,-65,-46,-71,-46,-61,-42,-67,-42,-71,-44,-67,-50,-65,-40,-61,-50,-67,-46,-65,-48,-61,-57,-63,-57,-59,-52,-50,-54,-57,-54,-59,-61,-52,-61,-61,-63,-48,-65,-57,-69,-57,-61,-57,-63,-52,-65,-54,-63,-50,-61,-57,-71,-63,-71,-57,-71,-48,-73,-63,-63,-63,-76,-61,-80,-57,-73,-65,0,0,0,0,0,0,-63,67,-63,69,-65,67,-59,63,-54,59,-57,57,-59,61,-63,69,-50,57,-54,57,-52,57,-50,50,-48,59,-48,52,-52,54,-42,57,-48,63,-42,59,-48,50,-40,57,-35,63,-42,52,-38,59,-42,57,-46,52,-40,57,-40,52,-33,59,-38,61,-31,57,-35,54,-44,59,-38,52,-38,61,-40,52,-50,61,-44,57,-42,54,-50,52,-46,46,-44,44,-50,46,-52,48,-44,44,-48,42,-42,44,-46,38,-48,38,-46,29,-42,25,-48,25,-42,21,-44,23,-46,21,-44,14,-42,12,-40,6,0,0,0,0,0,0,0,0,0,0]"""
1782173652292,2026-06-23T09:14:12.292,warning,breathing,lmh,lying_fast_breath,t001,"CSI_DATA,19196,1a:00:00:00:00:00,-61,11,-98,18,44,11,138127764,47,2,256,0,""[0,0,0,0,0,0,0,0,0,0,0,0,20,-35,20,-38,20,-40,26,-40,26,-42,29,-42,22,-44,26,-44,33,-51,31,-55,31,-53,29,-53,35,-60,35,-60,40,-55,38,-60,33,-64,38,-64,35,-64,40,-60,42,-62,35,-71,35,-67,33,-71,38,-78,26,-71,35,-71,26,-73,29,-78,17,-73,22,-73,17,-78,11,-78,15,-73,6,-82,2,-82,2,-78,-2,-78,-2,-80,-11,-85,-6,-85,-20,-82,-17,-82,-26,-89,-20,-78,-26,-76,-29,-78,-31,-76,-38,-78,-35,-89,-38,-82,-38,-78,-40,-87,-35,-82,-47,-87,-51,-76,-49,-82,0,0,0,0,0,0,-82,51,-85,55,-71,58,-73,51,-67,51,-60,49,-62,58,-64,60,-58,55,-53,49,-49,55,-47,51,-47,60,-51,62,-44,51,-35,55,-38,67,-33,62,-33,58,-26,64,-22,62,-29,64,-15,62,-20,60,-22,64,-17,69,-15,64,-11,67,-15,71,-8,67,-13,69,-6,71,-6,71,-6,71,-8,69,-8,71,-6,67,-2,69,-8,69,-6,64,-4,64,-6,67,-6,62,-4,64,-8,62,-4,62,-11,55,-2,60,-11,49,-8,51,-13,49,-2,47,-8,44,-8,44,-11,47,-15,44,-15,40,0,0,0,0,0,0,0,0,0,0]"""
1782173652302,2026-06-23T09:14:12.302,warning,breathing,lmh,lying_fast_breath,t001,"CSI_DATA,19197,1a:00:00:00:00:00,-60,11,-98,-9,41,11,138138410,47,2,256,0,""[0,0,0,0,0,0,0,0,0,0,0,0,-316,-116,-337,-178,-27,-144,309,27,-82,199,75,-13,-89,13,75,6,41,61,75,-27,27,27,68,103,110,20,34,82,89,226,82,13,-34,116,0,-55,82,6,61,20,75,82,89,61,61,75,55,75,41,96,68,61,68,75,82,68,34,68,48,61,61,41,55,34,75,61,48,55,75,48,55,61,55,20,68,27,41,41,55,41,61,48,82,20,75,20,96,41,82,34,68,41,68,20,82,48,89,34,68,41,103,13,75,41,82,41,89,48,123,0,123,6,96,6,0,0,0,0,0,0,34,-75,48,-82,48,-75,6,-68,34,-82,34,-68,20,-61,13,-89,20,-82,6,-61,13,-75,13,-68,0,-82,6,-75,13,-75,0,-82,-6,-75,0,-82,-13,-82,0,-68,-6,-75,-13,-61,-6,-55,-13,-68,6,-68,-13,-61,0,-75,-13,-68,-13,-75,-20,-68,-20,-68,-20,-68,-6,-75,-20,-75,-13,-55,0,-68,-20,-68,-6,-68,-6,-55,-6,-75,-6,-55,-6,-55,0,-68,0,-68,0,-68,-6,-55,0,-48,-13,-61,-6,-48,6,-55,6,-41,6,-55,6,-48,13,-55,0,-34,6,-41,20,-41,0,0,0,0,0,0,0,0,0,0]"""
1782173652314,2026-06-23T09:14:12.314,warning,breathing,lmh,lying_fast_breath,t001,"CSI_DATA,19198,1a:00:00:00:00:00,-61,11,-98,19,44,11,138149410,47,2,256,0,""[0,0,0,0,0,0,0,0,0,0,0,0,-8,-39,-10,-39,-6,-43,-10,-50,-8,-47,-2,-50,-4,-52,-4,-54,0,-56,-6,-60,2,-63,-4,-67,-4,-69,-2,-67,4,-69,4,-69,-2,-73,4,-78,6,-67,2,-69,8,-69,8,-78,10,-76,6,-78,10,-84,0,-76,10,-78,10,-80,8,-80,2,-80,8,-76,0,-82,2,-78,2,-80,-4,-80,-6,-80,-4,-80,-10,-80,-10,-80,-15,-82,-13,-80,-19,-78,-15,-82,-21,-91,-13,-80,-17,-80,-19,-82,-26,-76,-26,-82,-23,-89,-28,-89,-28,-82,-21,-93,-21,-87,-30,-97,-34,-91,-28,-89,0,0,0,0,0,0,-93,19,-87,19,-82,30,-82,19,-84,23,-76,21,-76,26,-82,23,-80,19,-73,19,-71,21,-69,17,-73,26,-71,23,-65,23,-65,32,-71,34,-65,32,-65,26,-63,28,-60,34,-65,28,-54,30,-58,30,-63,30,-58,34,-58,32,-54,39,-56,32,-56,36,-58,32,-63,32,-65,36,-58,34,-58,28,-65,36,-63,30,-56,32,-65,32,-58,21,-60,26,-63,26,-63,23,-63,21,-58,15,-60,19,-54,13,-56,15,-52,8,-50,8,-50,6,-52,4,-52,6,-50,0,-41,-2,-47,-4,-43,-8,0,0,0,0,0,0,0,0,0,0]"""
1782173652323,2026-06-23T09:14:12.323,warning,breathing,lmh,lying_fast_breath,t001,"CSI_DATA,19199,1a:00:00:00:00:00,-61,11,-98,17,44,11,138160967,47,2,256,0,""[0,0,0,0,0,0,0,0,0,0,0,0,-39,6,-43,2,-48,0,-48,0,-48,-2,-48,-2,-50,-4,-55,-4,-57,-4,-62,-9,-59,-9,-59,-6,-69,-11,-69,-9,-64,-18,-66,-18,-73,-9,-71,-20,-69,-18,-64,-20,-64,-25,-78,-23,-71,-25,-78,-23,-76,-23,-73,-18,-78,-23,-78,-23,-69,-23,-76,-16,-73,-16,-78,-18,-78,-16,-73,-16,-80,-11,-80,-9,-71,-6,-78,-2,-78,-11,-82,2,-78,-4,-80,2,-82,2,-87,11,-78,2,-85,9,-82,4,-82,9,-87,9,-87,9,-87,9,-89,13,-96,4,-92,4,-94,9,-94,4,-89,13,0,0,0,0,0,0,0,92,2,92,9,82,6,87,13,85,4,80,9,80,2,85,6,78,0,76,9,71,6,66,13,76,11,73,9,73,16,66,16,73,16,71,9,66,20,69,27,64,20,69,18,62,20,62,16,64,18,64,18,64,27,62,23,64,27,59,20,64,25,64,20,71,25,66,20,62,20,66,16,66,16,64,16,64,13,62,16,59,16,62,6,69,11,62,6,64,11,59,2,52,4,55,2,52,2,50,-4,52,-2,48,-4,48,-11,48,-6,43,-11,46,-16,39,0,0,0,0,0,0,0,0,0,0]"""
1782173652334,2026-06-23T09:14:12.334,warning,breathing,lmh,lying_fast_breath,t001,"CSI_DATA,19200,1a:00:00:00:00:00,-61,11,-98,18,44,11,138172657,47,2,256,0,""[0,0,0,0,0,0,0,0,0,0,0,0,29,31,24,31,24,35,26,42,26,42,26,44,26,47,24,47,29,47,31,55,26,53,29,55,31,58,33,64,29,67,26,69,31,64,29,71,29,64,29,73,26,71,26,76,29,73,31,73,26,80,35,67,24,71,26,76,29,73,33,76,31,67,35,76,38,73,33,67,42,73,44,69,38,60,49,62,44,64,55,64,49,62,55,62,51,62,58,67,53,60,60,58,60,62,62,55,62,60,64,64,69,62,67,60,62,69,62,64,67,64,69,60,67,64,0,0,0,0,0,0,62,-69,64,-67,58,-67,60,-60,55,-58,53,-55,58,-62,62,-64,55,-60,51,-53,44,-55,42,-53,44,-58,47,-58,44,-55,38,-55,40,-64,35,-53,35,-51,35,-53,31,-60,38,-58,29,-55,33,-60,33,-58,33,-60,29,-60,26,-60,33,-60,24,-62,29,-55,26,-60,33,-64,29,-62,24,-55,35,-62,33,-60,31,-55,38,-60,38,-55,33,-51,35,-60,38,-55,33,-53,35,-49,35,-49,38,-42,35,-49,35,-35,33,-35,38,-33,38,-33,40,-33,35,-29,42,-22,38,-24,40,-20,0,0,0,0,0,0,0,0,0,0]"""
1782173652343,2026-06-23T09:14:12.343,warning,breathing,lmh,lying_fast_breath,t001,"CSI_DATA,19201,1a:00:00:00:00:00,-61,11,-98,14,45,11,138182434,47,2,256,0,""[0,0,0,0,0,0,0,0,0,0,0,0,42,6,42,11,42,13,47,17,44,15,47,24,47,26,42,29,51,31,49,33,49,40,51,40,53,40,53,44,49,51,51,53,53,53,44,62,47,60,47,60,40,60,42,64,40,67,40,69,44,73,40,69,31,73,33,76,33,71,38,73,29,73,35,78,33,76,26,67,31,73,33,73,31,69,38,76,35,71,35,71,33,73,40,73,35,78,42,76,31,76,38,73,33,76,31,76,33,76,33,87,31,85,31,85,24,91,20,91,26,89,29,91,26,89,0,0,0,0,0,0,91,-8,91,-6,87,-15,82,-2,85,-2,80,2,80,-4,85,-2,78,2,78,4,71,6,69,8,76,2,76,4,69,11,71,4,71,2,67,4,67,11,64,4,69,2,67,15,62,2,62,6,62,11,64,11,64,15,67,6,69,11,64,11,64,17,67,17,64,17,62,17,60,24,67,24,67,26,58,26,60,33,53,38,53,33,53,40,49,38,49,35,44,38,44,38,35,47,40,38,29,44,26,42,24,44,17,40,22,42,13,40,11,40,11,38,0,40,0,0,0,0,0,0,0,0,0,0]"""
1782173652357,2026-06-23T09:14:12.357,warning,breathing,lmh,lying_fast_breath,t001,"CSI_DATA,19202,1a:00:00:00:00:00,-61,11,-98,18,44,11,138194982,47,2,256,0,""[0,0,0,0,0,0,0,0,0,0,0,0,-26,31,-26,26,-33,31,-35,33,-40,31,-38,31,-38,33,-40,31,-44,40,-44,38,-47,40,-44,42,-47,49,-51,47,-53,40,-55,44,-51,55,-60,49,-51,49,-55,40,-62,44,-55,55,-58,53,-53,60,-58,64,-49,60,-53,55,-51,60,-55,64,-49,64,-49,58,-47,67,-38,69,-38,69,-35,73,-29,73,-31,71,-22,76,-24,78,-17,80,-17,80,-8,82,-17,78,-8,91,-6,78,-2,82,-4,85,2,85,4,87,6,94,6,89,15,89,2,91,11,91,17,94,15,98,17,96,0,0,0,0,0,0,96,-22,96,-17,87,-24,78,-20,82,-22,73,-17,76,-26,82,-24,73,-26,69,-20,64,-31,64,-24,67,-38,62,-38,60,-35,53,-38,58,-47,53,-47,53,-40,49,-44,47,-51,51,-44,40,-47,44,-47,47,-47,42,-49,40,-53,35,-60,42,-60,29,-62,35,-55,40,-60,38,-60,33,-55,33,-58,38,-58,33,-60,33,-60,35,-58,35,-49,29,-53,33,-55,35,-55,29,-58,31,-55,33,-53,31,-44,31,-51,29,-42,29,-40,31,-38,26,-40,31,-38,31,-35,29,-33,29,-33,29,-24,0,0,0,0,0,0,0,0,0,0]"""
1782173652369,2026-06-23T09:14:12.369,warning,breathing,lmh,lying_fast_breath,t001,"CSI_DATA,19203,1a:00:00:00:00:00,-61,11,-98,13,45,11,138204409,47,2,256,0,""[0,0,0,0,0,0,0,0,0,0,0,0,9,-43,13,-36,16,-41,23,-43,25,-43,25,-43,23,-46,29,-46,29,-50,39,-48,39,-50,39,-50,43,-52,46,-50,52,-48,48,-50,48,-57,57,-50,52,-46,59,-43,62,-39,59,-48,64,-48,64,-52,69,-48,62,-50,64,-43,66,-48,64,-46,62,-46,64,-46,71,-48,69,-48,64,-43,64,-50,59,-52,59,-46,59,-55,62,-50,59,-55,59,-50,50,-59,57,-57,64,-62,59,-59,62,-62,59,-59,59,-59,59,-57,66,-62,66,-62,62,-62,73,-59,69,-59,71,-62,73,-59,71,-64,0,0,0,0,0,0,-48,-73,-48,-71,-50,-71,-50,-73,-48,-69,-43,-66,-41,-66,-43,-71,-41,-64,-36,-64,-41,-62,-36,-59,-43,-64,-39,-64,-41,-57,-41,-52,-43,-59,-36,-57,-34,-57,-39,-52,-46,-52,-39,-59,-32,-48,-34,-55,-32,-55,-32,-57,-36,-50,-43,-50,-36,-57,-43,-50,-34,-55,-39,-57,-34,-57,-34,-55,-34,-55,-29,-64,-29,-59,-29,-59,-25,-64,-25,-57,-25,-57,-23,-62,-16,-59,-16,-59,-11,-59,-13,-57,-9,-52,-4,-55,-2,-52,-2,-50,2,-50,2,-48,9,-43,11,-43,11,-43,9,-39,16,-36,0,0,0,0,0,0,0,0,0,0]"""
1782173652378,2026-06-23T09:14:12.378,warning,breathing,lmh,lying_fast_breath,t001,"CSI_DATA,19204,1a:00:00:00:00:00,-61,11,-98,14,45,11,138215425,47,2,256,0,""[0,0,0,0,0,0,0,0,0,0,0,0,-31,29,-33,26,-35,29,-40,29,-40,26,-42,22,-47,31,-47,29,-49,33,-53,33,-53,33,-51,33,-55,38,-55,38,-60,26,-62,35,-62,40,-69,31,-62,35,-62,33,-64,29,-69,38,-73,35,-69,40,-73,42,-67,42,-71,38,-71,42,-71,38,-64,47,-67,42,-64,49,-62,51,-58,51,-62,58,-60,53,-53,53,-53,60,-53,60,-47,67,-49,62,-47,71,-49,64,-44,73,-44,67,-40,71,-44,71,-40,73,-40,73,-42,82,-38,80,-38,82,-44,85,-47,85,-38,87,-33,87,-38,85,0,0,0,0,0,0,82,40,80,38,82,31,78,38,80,31,73,31,78,26,78,29,76,26,71,29,71,22,67,20,73,20,69,15,69,17,69,11,73,6,67,6,62,8,69,8,69,0,67,8,60,-4,64,0,62,2,64,0,67,0,67,-11,69,-4,67,-8,67,-4,69,-2,67,-2,64,-11,67,-8,69,-4,67,-8,60,-8,67,-4,67,-2,62,-2,67,0,64,0,62,-2,55,2,60,0,55,6,51,0,51,4,51,4,49,8,47,8,44,11,44,11,42,13,38,13,38,17,0,0,0,0,0,0,0,0,0,0]"""
1782173652389,2026-06-23T09:14:12.389,warning,breathing,lmh,lying_fast_breath,t001,"CSI_DATA,19205,1a:00:00:00:00:00,-61,11,-98,20,44,11,138226409,47,2,256,0,""[0,0,0,0,0,0,0,0,0,0,0,0,-29,25,-33,25,-38,31,-40,33,-38,31,-42,27,-42,31,-44,33,-44,33,-46,40,-46,40,-52,40,-48,50,-52,46,-52,44,-54,48,-50,54,-50,54,-54,50,-48,48,-50,44,-50,61,-50,57,-48,67,-54,67,-38,65,-44,65,-44,67,-40,67,-38,73,-38,67,-38,80,-27,73,-29,73,-25,78,-16,80,-14,67,-6,84,-6,82,6,82,0,82,10,82,6,84,19,90,14,80,21,82,14,84,25,80,29,82,33,88,42,78,38,78,38,86,40,80,48,84,54,82,48,82,0,0,0,0,0,0,82,-50,71,-52,69,-59,65,-50,63,-59,61,-52,61,-52,59,-63,54,-57,52,-54,44,-57,42,-57,40,-61,35,-63,35,-59,27,-65,27,-71,23,-65,23,-63,16,-61,10,-67,14,-65,6,-65,10,-63,10,-67,6,-67,0,-65,-8,-67,0,-69,-12,-63,-4,-63,-10,-67,-8,-67,-14,-67,-12,-59,-6,-76,-12,-65,-12,-63,-12,-67,-14,-63,-14,-59,-14,-61,-12,-63,-19,-59,-14,-59,-14,-57,-14,-54,-12,-54,-12,-50,-10,-48,-10,-50,-12,-46,-12,-46,-4,-46,-6,-44,-8,-40,-4,-38,0,0,0,0,0,0,0,0,0,0]"""
1782173652409,2026-06-23T09:14:12.409,warning,breathing,lmh,lying_fast_breath,t001,"CSI_DATA,19207,1a:00:00:00:00:00,-61,11,-98,14,45,11,138248541,47,2,256,0,""[0,0,0,0,0,0,0,0,0,0,0,0,6,42,2,40,0,44,-2,49,-4,49,-8,49,-8,53,-11,53,-11,60,-15,58,-17,62,-15,60,-17,67,-20,64,-26,62,-29,67,-26,69,-35,71,-29,62,-38,64,-42,67,-40,69,-42,69,-40,69,-44,69,-35,69,-44,69,-44,67,-44,67,-38,69,-44,64,-44,64,-42,69,-40,64,-40,71,-40,76,-38,67,-35,71,-40,71,-35,78,-33,71,-31,78,-38,76,-33,78,-35,73,-31,78,-40,78,-31,78,-35,78,-38,82,-38,78,-42,85,-49,80,-47,80,-44,85,-40,82,-47,80,0,0,0,0,0,0,76,58,78,51,71,47,71,55,71,53,62,51,62,51,64,55,60,51,55,49,60,44,58,44,64,47,60,44,55,47,55,38,60,40,51,40,49,42,55,40,60,35,53,44,49,33,49,35,51,42,53,38,55,42,55,35,53,40,58,35,51,40,55,44,51,47,53,42,49,44,49,49,49,47,47,44,47,49,42,49,38,51,38,53,35,55,33,49,29,51,33,53,24,53,24,47,17,49,22,49,15,49,15,44,8,40,2,47,4,42,0,42,-2,42,0,0,0,0,0,0,0,0,0,0]"""
1782173652420,2026-06-23T09:14:12.420,warning,breathing,lmh,lying_fast_breath,t001,"CSI_DATA,19208,1a:00:00:00:00:00,-61,11,-98,18,44,11,138259409,47,2,256,0,""[0,0,0,0,0,0,0,0,0,0,0,0,33,22,35,26,33,29,38,33,38,33,31,40,35,35,33,42,38,47,38,47,44,47,40,44,47,49,47,49,38,53,42,58,47,58,42,58,40,58,49,64,49,62,42,67,44,60,47,58,51,67,51,60,44,60,51,64,49,60,51,60,49,55,58,62,55,58,53,55,60,58,62,53,58,47,69,47,64,49,69,42,67,47,73,38,69,40,80,40,73,40,73,35,78,40,73,33,78,38,87,38,87,35,82,35,82,38,82,42,91,40,94,35,89,29,0,0,0,0,0,0,38,-82,38,-80,31,-87,33,-78,24,-82,29,-71,31,-76,24,-80,26,-71,26,-73,17,-71,20,-67,20,-71,17,-71,15,-71,8,-67,11,-71,8,-69,15,-69,6,-69,4,-67,8,-67,2,-64,2,-64,4,-64,4,-64,-2,-64,-11,-67,0,-69,-8,-67,-2,-62,-4,-67,-2,-64,-4,-67,-6,-64,-2,-73,-4,-71,-2,-67,0,-69,2,-64,-2,-62,2,-67,4,-64,2,-60,8,-62,2,-60,6,-55,6,-60,11,-53,8,-51,11,-47,13,-44,13,-44,17,-47,17,-44,15,-38,20,-38,0,0,0,0,0,0,0,0,0,0]"""
1782173652432,2026-06-23T09:14:12.432,warning,breathing,lmh,lying_fast_breath,t001,"CSI_DATA,19209,1a:00:00:00:00:00,-61,11,-98,18,44,11,138270696,47,2,256,0,""[0,0,0,0,0,0,0,0,0,0,0,0,38,-15,42,-13,42,-11,49,-11,51,-8,51,-2,53,0,51,-2,60,0,62,6,62,6,60,11,64,11,67,11,64,24,71,20,71,17,69,26,67,29,71,31,64,29,71,42,64,40,67,38,73,47,64,40,62,47,67,47,64,47,69,47,60,47,67,53,67,51,60,49,67,51,62,51,60,47,64,44,62,49,71,47,64,51,67,40,64,51,80,55,58,55,62,49,69,58,62,53,67,55,69,64,69,55,67,62,64,71,58,69,69,71,62,76,55,76,0,0,0,0,0,0,85,-49,78,-44,78,-44,80,-40,76,-35,73,-31,76,-35,76,-35,71,-31,71,-26,67,-24,64,-24,71,-26,67,-26,69,-24,64,-24,67,-26,69,-26,67,-17,62,-22,62,-22,64,-15,64,-20,62,-15,64,-13,69,-15,67,-11,64,-20,71,-13,64,-15,64,-8,69,-11,69,-11,67,-8,67,-2,71,0,69,4,67,2,71,6,64,13,58,11,64,13,60,20,60,15,60,26,58,17,51,29,53,29,44,31,40,26,35,33,31,31,33,35,29,38,26,33,22,33,15,38,0,0,0,0,0,0,0,0,0,0]"""
1782173652443,2026-06-23T09:14:12.443,warning,breathing,lmh,lying_fast_breath,t001,"CSI_DATA,19210,1a:00:00:00:00:00,-61,11,-98,17,44,11,138283054,47,2,256,0,""[0,0,0,0,0,0,0,0,0,0,0,0,36,18,36,23,36,25,39,32,39,32,39,36,39,34,34,39,41,43,41,43,39,48,36,48,46,52,41,57,32,62,36,59,46,59,32,66,36,64,29,69,27,73,32,69,32,71,32,76,34,80,34,69,25,73,25,73,25,73,32,76,23,71,29,80,27,76,29,76,34,73,32,73,29,69,34,76,34,73,39,76,36,78,39,66,36,73,41,76,36,73,39,73,34,78,39,73,46,76,43,87,46,82,39,78,39,80,29,87,41,92,41,92,34,89,0,0,0,0,0,0,89,-27,87,-23,87,-25,82,-25,78,-25,76,-18,78,-25,82,-18,73,-16,80,-13,73,-23,69,-18,73,-18,76,-16,69,-16,62,-23,69,-20,73,-20,69,-11,66,-20,66,-25,66,-16,59,-18,64,-16,64,-16,64,-16,66,-16,64,-25,69,-18,64,-23,64,-13,64,-18,66,-11,69,-13,62,-9,71,-4,71,-9,66,-9,71,-9,62,2,64,0,62,4,66,6,64,9,62,11,59,11,55,16,57,9,52,16,46,18,41,18,46,18,43,25,34,20,39,27,32,25,27,29,0,0,0,0,0,0,0,0,0,0]"""
1782173652458,2026-06-23T09:14:12.458,warning,breathing,lmh,lying_fast_breath,t001,"CSI_DATA,19211,1a:00:00:00:00:00,-61,11,-98,22,43,11,138296281,47,2,256,0,""[0,0,0,0,0,0,0,0,0,0,0,0,-29,31,-33,26,-35,33,-38,29,-38,26,-44,31,-44,31,-47,31,-49,38,-49,29,-58,35,-53,38,-51,42,-53,42,-62,38,-58,40,-62,47,-62,35,-60,38,-60,42,-58,35,-69,47,-62,42,-67,44,-71,47,-60,47,-69,42,-73,51,-62,49,-58,53,-60,51,-62,55,-62,53,-53,51,-60,60,-58,60,-51,58,-47,64,-53,69,-42,69,-47,73,-35,73,-38,73,-31,73,-35,71,-33,76,-40,80,-31,80,-26,80,-33,87,-26,85,-26,89,-33,91,-33,80,-24,96,-15,94,-22,89,0,0,0,0,0,0,89,24,91,26,94,15,80,24,80,20,80,22,76,8,89,15,76,13,76,17,73,11,69,13,78,4,71,6,71,4,67,0,76,-2,69,-4,71,-2,62,-6,71,-15,69,-4,64,-13,64,-11,64,-6,64,-11,69,-11,67,-22,67,-15,64,-24,62,-17,69,-20,64,-22,67,-24,62,-20,69,-17,64,-17,62,-20,69,-15,64,-15,60,-17,64,-17,69,-15,60,-17,62,-17,55,-17,58,-6,55,-11,51,-8,51,-6,53,-2,47,-2,42,0,42,2,51,4,44,4,40,8,0,0,0,0,0,0,0,0,0,0]"""
1782173652469,2026-06-23T09:14:12.469,warning,breathing,lmh,lying_fast_breath,t001,"CSI_DATA,19212,1a:00:00:00:00:00,-61,11,-98,14,45,11,138304230,47,2,256,0,""[0,0,0,0,0,0,0,0,0,0,0,0,-17,-38,-15,-40,-15,-42,-15,-44,-15,-47,-13,-49,-17,-49,-15,-51,-20,-55,-17,-58,-17,-62,-20,-58,-26,-64,-22,-67,-17,-67,-20,-67,-26,-71,-20,-71,-22,-69,-26,-73,-24,-71,-24,-78,-22,-71,-26,-76,-24,-82,-29,-69,-22,-76,-26,-78,-29,-71,-38,-73,-29,-67,-38,-73,-42,-71,-40,-67,-49,-69,-49,-62,-42,-55,-51,-60,-53,-60,-58,-55,-58,-58,-64,-49,-62,-51,-71,-53,-64,-49,-67,-44,-69,-49,-69,-40,-76,-47,-80,-49,-80,-47,-82,-42,-82,-51,-76,-44,-85,-44,-89,-42,-87,-35,0,0,0,0,0,0,-44,85,-40,82,-31,87,-29,80,-26,78,-33,73,-24,78,-29,85,-24,73,-24,69,-13,69,-15,64,-8,73,-15,71,-13,71,-4,64,-2,76,-4,69,-6,69,2,62,8,67,0,67,6,62,6,67,2,64,8,69,8,62,17,64,11,69,17,62,13,62,15,67,17,64,22,67,15,53,15,69,15,69,20,64,15,67,11,60,15,55,13,58,15,64,15,60,11,62,13,55,6,53,11,58,4,49,6,49,2,49,6,47,2,47,-4,47,0,40,-2,38,-8,35,0,0,0,0,0,0,0,0,0,0]"""
1782173652479,2026-06-23T09:14:12.479,warning,breathing,lmh,lying_fast_breath,t001,"CSI_DATA,19213,1a:00:00:00:00:00,-61,11,-98,17,44,11,138316810,47,2,256,0,""[0,0,0,0,0,0,0,0,0,0,0,0,18,-34,20,-34,23,-36,27,-41,29,-34,34,-39,34,-34,36,-34,43,-36,46,-34,48,-39,50,-39,55,-36,59,-36,64,-29,64,-32,66,-36,76,-27,66,-23,71,-18,71,-13,76,-18,73,-13,76,-18,82,-16,76,-20,80,-6,82,-13,80,-6,80,-9,73,-4,82,-9,80,-2,82,-4,80,-4,82,-6,73,-4,80,-9,85,-6,85,-9,82,-6,82,-13,85,-9,92,-9,82,-4,82,-2,87,-4,82,-6,87,2,94,0,89,0,87,0,94,9,92,13,99,9,99,11,92,11,0,0,0,0,0,0,25,-89,27,-87,25,-87,29,-78,25,-78,29,-76,25,-76,34,-78,34,-71,36,-66,29,-71,32,-59,32,-66,32,-66,34,-64,25,-62,32,-66,32,-62,39,-59,29,-55,32,-62,34,-55,32,-55,39,-55,43,-52,43,-55,39,-52,36,-57,41,-50,32,-55,39,-46,48,-52,46,-50,48,-50,41,-48,57,-50,57,-41,52,-39,57,-36,52,-32,52,-29,55,-34,57,-29,57,-27,59,-18,55,-23,57,-13,57,-16,57,-6,50,-4,48,0,46,2,46,4,46,6,48,13,39,9,41,18,0,0,0,0,0,0,0,0,0,0]"""
1782173652490,2026-06-23T09:14:12.490,warning,breathing,lmh,lying_fast_breath,t001,"CSI_DATA,19214,1a:00:00:00:00:00,-61,11,-98,22,43,11,138327955,47,2,256,0,""[0,0,0,0,0,0,0,0,0,0,0,0,-42,-11,-38,-13,-40,-20,-44,-20,-42,-22,-44,-24,-49,-22,-49,-22,-53,-24,-55,-26,-58,-26,-55,-22,-62,-24,-60,-24,-58,-31,-64,-29,-76,-22,-71,-26,-71,-26,-64,-26,-67,-26,-78,-22,-71,-26,-78,-17,-80,-22,-78,-11,-76,-20,-80,-13,-78,-15,-80,-6,-71,-6,-85,-4,-80,2,-78,4,-82,6,-82,8,-71,13,-82,20,-78,15,-73,26,-76,29,-78,38,-76,35,-73,42,-78,40,-73,42,-73,44,-67,49,-73,51,-73,55,-69,60,-67,60,-78,58,-73,62,-69,71,-62,69,-67,69,0,0,0,0,0,0,64,64,69,60,71,49,67,51,69,49,67,49,69,38,71,40,69,35,67,42,69,29,67,29,69,26,71,24,73,24,69,17,71,13,67,11,69,15,67,6,71,2,67,11,62,-2,64,0,71,0,62,-2,67,-4,69,-15,69,-13,67,-20,69,-13,67,-20,69,-13,67,-20,58,-15,71,-13,64,-20,60,-22,64,-22,64,-15,60,-20,62,-20,64,-17,58,-20,58,-17,55,-22,53,-13,55,-17,53,-15,49,-11,47,-11,47,-15,44,-8,47,-8,44,-4,42,-4,42,0,0,0,0,0,0,0,0,0,0,0]"""
1782173652501,2026-06-23T09:14:12.501,warning,breathing,lmh,lying_fast_breath,t001,"CSI_DATA,19215,1a:00:00:00:00:00,-61,11,-98,14,45,11,138336639,47,2,256,0,""[0,0,0,0,0,0,0,0,0,0,0,0,6,-44,13,-38,13,-44,22,-44,22,-44,24,-44,24,-47,26,-47,31,-53,35,-49,38,-49,38,-49,44,-53,47,-51,51,-44,51,-49,49,-58,60,-49,53,-40,55,-44,58,-40,67,-47,64,-44,67,-42,71,-42,62,-44,71,-42,71,-40,69,-38,69,-40,67,-33,73,-38,69,-40,69,-38,71,-42,69,-47,64,-40,69,-42,69,-40,69,-44,69,-44,64,-49,69,-47,69,-49,69,-44,64,-47,69,-44,67,-51,73,-47,80,-47,76,-47,76,-49,87,-47,82,-40,87,-44,85,-42,85,-42,0,0,0,0,0,0,-26,-85,-26,-89,-31,-82,-26,-80,-26,-82,-22,-76,-17,-78,-17,-80,-17,-73,-17,-73,-17,-67,-17,-69,-24,-73,-15,-71,-13,-71,-20,-67,-20,-69,-15,-67,-8,-64,-17,-62,-26,-67,-15,-67,-17,-58,-13,-60,-8,-62,-13,-64,-15,-67,-17,-62,-8,-64,-15,-64,-11,-62,-13,-69,-6,-67,-8,-67,-6,-62,0,-67,-2,-64,0,-64,2,-67,4,-64,4,-62,6,-62,13,-62,15,-60,22,-58,13,-58,17,-53,17,-51,20,-47,20,-42,26,-42,22,-40,24,-35,33,-35,31,-29,33,-26,35,-24,0,0,0,0,0,0,0,0,0,0]"""
1782173652512,2026-06-23T09:14:12.512,warning,breathing,lmh,lying_fast_breath,t001,"CSI_DATA,19216,1a:00:00:00:00:00,-61,11,-98,19,44,11,138347484,47,2,256,0,""[0,0,0,0,0,0,0,0,0,0,0,0,2,-41,6,-43,6,-43,13,-47,15,-50,19,-47,21,-50,26,-50,23,-54,34,-52,32,-54,34,-54,34,-58,43,-56,47,-50,47,-54,47,-56,54,-50,54,-45,63,-45,67,-45,65,-41,65,-43,65,-45,71,-41,69,-43,71,-34,73,-39,69,-32,73,-39,67,-32,78,-34,73,-32,71,-32,76,-32,73,-32,71,-28,69,-39,71,-32,71,-39,78,-28,67,-41,76,-34,78,-34,76,-34,80,-34,78,-34,78,-30,78,-28,93,-26,87,-26,87,-26,89,-23,91,-15,93,-28,95,-17,93,-13,0,0,0,0,0,0,4,-95,2,-89,-2,-93,2,-87,8,-84,10,-82,4,-78,15,-84,10,-80,15,-78,8,-73,8,-69,10,-76,15,-67,15,-69,8,-67,13,-76,13,-67,21,-67,17,-60,8,-67,19,-63,15,-63,19,-65,23,-63,23,-63,23,-60,19,-65,23,-65,15,-63,23,-58,30,-63,28,-56,28,-60,30,-56,43,-60,41,-54,39,-52,47,-50,43,-47,41,-45,45,-45,50,-41,50,-39,52,-36,47,-36,52,-23,54,-26,50,-19,47,-21,50,-15,43,-8,39,-10,47,-2,45,0,39,0,39,10,0,0,0,0,0,0,0,0,0,0]"""
1782173652522,2026-06-23T09:14:12.522,warning,breathing,lmh,lying_fast_breath,t001,"CSI_DATA,19217,1a:00:00:00:00:00,-61,11,-98,18,44,11,138361402,47,2,256,0,""[0,0,0,0,0,0,0,0,0,0,0,0,13,42,15,40,13,44,8,49,4,51,8,47,8,51,8,53,11,58,6,58,4,62,8,60,8,67,11,67,-2,67,6,71,13,71,4,78,2,76,0,69,0,73,4,80,4,78,4,78,6,87,13,80,6,80,6,76,8,82,13,78,11,76,15,85,17,78,15,78,22,76,24,78,26,69,31,71,31,78,38,76,35,76,40,71,38,71,49,80,40,60,51,62,44,69,55,64,53,71,53,78,55,78,58,73,51,73,53,78,58,80,55,73,64,71,0,0,0,0,0,0,73,-58,80,-60,67,-62,62,-53,62,-55,62,-49,62,-53,62,-55,60,-53,55,-49,51,-53,44,-53,47,-53,49,-49,47,-55,40,-53,42,-60,42,-58,44,-55,35,-53,33,-58,38,-58,29,-55,31,-58,33,-60,31,-62,31,-58,29,-60,31,-60,22,-60,29,-60,31,-60,26,-62,26,-62,26,-60,33,-60,26,-62,26,-58,26,-60,29,-58,24,-55,33,-55,35,-55,33,-53,33,-53,31,-51,33,-42,31,-49,31,-40,31,-40,33,-38,29,-38,29,-38,38,-31,35,-29,31,-26,33,-20,0,0,0,0,0,0,0,0,0,0]"""
1782173652534,2026-06-23T09:14:12.534,warning,breathing,lmh,lying_fast_breath,t001,"CSI_DATA,19218,1a:00:00:00:00:00,-61,11,-98,19,44,11,138369458,47,2,256,0,""[0,0,0,0,0,0,0,0,0,0,0,0,10,-43,15,-36,17,-41,15,-43,21,-47,19,-41,21,-43,21,-50,26,-52,26,-56,26,-52,23,-54,26,-63,26,-63,32,-58,32,-65,28,-67,36,-69,30,-65,39,-63,41,-69,34,-69,34,-71,30,-73,36,-80,26,-78,34,-71,28,-73,32,-73,26,-78,28,-71,23,-76,19,-78,17,-76,15,-84,13,-80,6,-73,4,-76,4,-82,-2,-82,4,-84,-8,-82,-2,-80,-10,-89,-6,-73,-10,-80,-13,-80,-21,-80,-23,-82,-17,-91,-21,-91,-28,-82,-21,-87,-21,-91,-28,-97,-30,-93,-32,-87,0,0,0,0,0,0,-93,28,-95,32,-80,34,-82,28,-78,36,-76,28,-73,34,-78,34,-76,32,-67,32,-60,32,-63,34,-60,41,-65,39,-56,39,-52,41,-58,50,-54,45,-50,43,-47,45,-43,50,-52,50,-39,45,-43,50,-47,47,-45,50,-43,52,-34,58,-41,58,-32,58,-32,52,-39,54,-43,63,-34,52,-36,56,-39,54,-39,56,-36,56,-39,56,-34,52,-39,52,-36,50,-39,52,-34,52,-36,50,-36,45,-39,43,-34,45,-34,34,-34,43,-39,34,-34,32,-36,32,-34,30,-32,30,-36,23,-36,21,0,0,0,0,0,0,0,0,0,0]"""
1782173652546,2026-06-23T09:14:12.546,warning,breathing,lmh,lying_fast_breath,t001,"CSI_DATA,19219,1a:00:00:00:00:00,-61,11,-98,14,45,11,138384151,47,2,256,0,""[0,0,0,0,0,0,0,0,0,0,0,0,8,40,0,42,-2,44,-8,49,-6,49,-11,47,-13,51,-15,51,-15,58,-22,53,-26,58,-24,58,-29,60,-38,60,-42,58,-40,58,-35,64,-49,60,-49,55,-49,51,-51,47,-58,55,-55,51,-58,51,-64,51,-55,51,-64,47,-67,49,-67,40,-64,44,-60,42,-69,47,-67,44,-64,38,-67,49,-67,49,-62,44,-62,49,-64,44,-64,49,-71,42,-62,49,-67,47,-71,49,-67,44,-67,42,-73,49,-67,44,-73,42,-80,44,-80,42,-80,49,-85,42,-85,33,-87,40,-87,33,-85,31,0,0,0,0,0,0,17,91,13,89,20,82,13,82,15,82,8,85,6,78,8,78,4,76,6,73,4,73,4,69,6,73,0,71,0,71,6,67,4,76,0,69,-8,64,4,67,8,69,-4,69,0,62,-4,62,-6,62,-8,64,-4,62,-2,67,-11,67,2,64,-11,64,-11,69,-15,64,-15,67,-15,62,-24,64,-24,60,-24,60,-26,60,-31,55,-26,51,-31,58,-38,51,-38,51,-42,44,-38,44,-38,38,-42,35,-42,35,-40,29,-40,26,-40,24,-40,17,-42,13,-44,13,-38,13,-40,6,0,0,0,0,0,0,0,0,0,0]"""
1782173652557,2026-06-23T09:14:12.557,warning,breathing,lmh,lying_fast_breath,t001,"CSI_DATA,19220,1a:00:00:00:00:00,-61,11,-98,18,44,11,138393863,47,2,256,0,""[0,0,0,0,0,0,0,0,0,0,0,0,-31,24,-31,24,-38,20,-42,22,-42,22,-47,17,-47,17,-49,15,-58,17,-58,11,-60,13,-60,13,-64,15,-69,13,-69,2,-71,4,-76,4,-73,-4,-69,-4,-73,-4,-67,-8,-80,-11,-73,-11,-78,-15,-80,-20,-73,-11,-71,-22,-82,-29,-78,-22,-76,-22,-67,-20,-80,-29,-73,-26,-69,-24,-78,-24,-78,-26,-69,-24,-78,-17,-76,-26,-78,-17,-78,-24,-80,-20,-78,-26,-85,-22,-76,-22,-76,-22,-80,-22,-73,-24,-78,-26,-82,-33,-82,-31,-85,-33,-85,-47,-82,-44,-85,-40,-82,-40,-85,-42,0,0,0,0,0,0,-55,78,-53,73,-51,76,-49,64,-51,62,-60,58,-47,60,-62,64,-49,55,-53,49,-53,55,-53,47,-49,53,-53,49,-51,44,-44,51,-51,53,-49,53,-51,44,-44,42,-44,49,-53,42,-47,44,-51,42,-55,42,-51,40,-51,40,-49,42,-60,40,-47,38,-53,33,-58,38,-55,35,-55,35,-55,29,-64,31,-58,31,-60,24,-67,22,-58,17,-51,13,-60,17,-64,11,-64,11,-64,2,-55,8,-53,2,-58,0,-49,-4,-49,-8,-47,-11,-42,-8,-44,-15,-42,-20,-40,-15,-35,-17,-31,-26,0,0,0,0,0,0,0,0,0,0]"""
1782173652567,2026-06-23T09:14:12.567,warning,breathing,lmh,lying_fast_breath,t001,"CSI_DATA,19221,1a:00:00:00:00:00,-61,11,-98,18,44,11,138402408,47,2,256,0,""[0,0,0,0,0,0,0,0,0,0,0,0,-40,-4,-42,-4,-42,-8,-49,-8,-47,-11,-49,-13,-51,-11,-53,-15,-58,-13,-55,-15,-64,-11,-60,-11,-67,-8,-64,-15,-67,-20,-67,-22,-73,-13,-71,-17,-71,-22,-67,-15,-67,-20,-80,-17,-71,-17,-78,-13,-82,-15,-78,-4,-78,-11,-82,-13,-78,-6,-78,0,-73,-4,-82,0,-80,2,-78,2,-82,8,-82,13,-73,11,-82,22,-76,20,-78,26,-76,26,-73,38,-78,29,-78,35,-71,33,-67,40,-73,42,-69,44,-71,42,-80,47,-76,53,-73,51,-78,53,-78,49,-71,55,-76,60,-67,62,0,0,0,0,0,0,58,73,55,69,60,62,53,64,62,62,58,58,58,51,62,60,55,47,51,51,58,47,55,42,58,47,58,40,55,42,58,33,64,33,62,29,60,31,58,26,69,20,64,26,58,20,60,15,62,22,62,15,60,13,64,8,67,13,64,4,67,13,71,8,67,6,64,6,64,4,67,11,67,8,62,8,67,8,64,8,58,4,67,8,64,11,60,6,58,11,55,6,58,11,58,8,49,15,49,11,47,15,44,13,47,15,40,22,38,15,35,13,35,20,0,0,0,0,0,0,0,0,0,0]"""
1782173652577,2026-06-23T09:14:12.577,warning,breathing,lmh,lying_fast_breath,t001,"CSI_DATA,19222,1a:00:00:00:00:00,-61,11,-98,15,45,11,138413911,47,2,256,0,""[0,0,0,0,0,0,0,0,0,0,0,0,32,-23,34,-21,41,-21,43,-19,47,-19,45,-17,47,-17,50,-17,56,-19,60,-13,56,-15,60,-15,67,-15,69,-10,69,-6,73,-10,69,-13,78,-2,71,0,73,0,73,0,78,0,78,2,78,6,87,8,76,0,80,8,80,6,84,10,82,4,73,6,84,4,82,4,78,4,82,4,78,-4,78,0,78,-4,80,2,82,-4,82,2,82,-10,78,-4,89,-6,80,-4,82,-13,82,-8,80,-10,87,-6,95,-4,89,2,87,-6,91,-2,93,2,97,-4,95,2,93,-2,0,0,0,0,0,0,13,-91,13,-89,4,-87,8,-82,8,-87,13,-76,13,-78,10,-82,15,-76,8,-69,8,-69,10,-71,4,-71,10,-73,13,-69,6,-67,6,-71,10,-69,10,-65,2,-69,-2,-69,6,-65,4,-58,8,-63,10,-60,8,-63,6,-65,6,-63,10,-69,4,-65,10,-63,6,-65,15,-67,10,-63,10,-60,19,-67,15,-63,17,-65,21,-65,17,-58,21,-58,23,-58,30,-56,30,-56,32,-50,26,-52,28,-45,32,-50,32,-41,30,-36,30,-39,30,-32,34,-28,41,-26,36,-23,30,-21,36,-15,0,0,0,0,0,0,0,0,0,0]"""
1782173652589,2026-06-23T09:14:12.589,warning,breathing,lmh,lying_fast_breath,t001,"CSI_DATA,19223,1a:00:00:00:00:00,-61,11,-98,14,45,11,138424958,47,2,256,0,""[0,0,0,0,0,0,0,0,0,0,0,0,-8,-42,-4,-42,-4,-47,0,-49,4,-49,6,-49,4,-51,8,-55,6,-60,13,-58,15,-60,15,-62,17,-64,26,-64,29,-62,29,-67,29,-71,38,-67,33,-58,35,-64,38,-64,44,-69,40,-64,44,-62,51,-64,40,-64,53,-62,51,-64,51,-60,49,-60,47,-58,53,-58,51,-62,47,-55,47,-64,47,-69,47,-60,47,-64,47,-60,47,-67,51,-64,44,-69,49,-62,49,-69,44,-62,47,-69,51,-64,47,-67,51,-69,55,-69,53,-64,60,-71,67,-71,64,-67,62,-67,62,-64,64,-62,0,0,0,0,0,0,-51,-76,-51,-73,-51,-62,-49,-69,-51,-67,-44,-69,-40,-67,-38,-67,-40,-64,-35,-62,-40,-60,-38,-58,-40,-60,-35,-58,-33,-58,-38,-55,-38,-62,-35,-58,-29,-58,-35,-53,-38,-55,-33,-60,-29,-47,-29,-53,-26,-53,-29,-58,-31,-58,-33,-53,-29,-58,-33,-55,-29,-58,-31,-62,-22,-62,-26,-58,-22,-58,-15,-60,-17,-62,-15,-58,-15,-62,-13,-62,-13,-60,-6,-62,-2,-60,0,-60,4,-58,0,-60,6,-55,6,-53,8,-49,8,-49,15,-47,13,-42,20,-40,20,-38,22,-33,20,-33,26,-31,0,0,0,0,0,0,0,0,0,0]"""
1782173652598,2026-06-23T09:14:12.598,warning,breathing,lmh,lying_fast_breath,t001,"CSI_DATA,19224,1a:00:00:00:00:00,-61,11,-98,14,45,11,138435526,47,2,256,0,""[0,0,0,0,0,0,0,0,0,0,0,0,-35,-20,-35,-20,-40,-24,-42,-26,-40,-26,-44,-24,-44,-24,-40,-26,-51,-29,-47,-33,-53,-33,-55,-29,-60,-33,-58,-33,-55,-40,-62,-35,-69,-33,-67,-38,-62,-35,-67,-35,-64,-33,-71,-35,-69,-35,-71,-33,-73,-35,-73,-22,-69,-31,-78,-29,-69,-26,-78,-20,-71,-17,-80,-20,-76,-15,-73,-11,-82,-11,-80,0,-73,0,-76,6,-78,6,-78,15,-80,11,-76,24,-80,22,-80,26,-80,24,-80,26,-80,31,-73,33,-78,35,-80,35,-78,42,-76,47,-82,47,-80,44,-78,51,-76,51,-76,51,0,0,0,0,0,0,49,76,53,71,60,62,55,64,58,64,55,58,53,53,55,58,53,49,58,51,55,44,51,44,64,40,58,42,62,38,60,31,62,29,58,24,58,31,64,22,67,13,64,24,58,15,60,15,58,17,62,11,64,6,64,6,67,8,69,-2,64,4,69,2,64,4,67,0,62,-2,69,4,64,2,60,0,62,0,64,-2,58,-4,64,0,62,2,60,-2,58,2,58,-6,55,0,55,0,51,0,49,2,49,2,44,2,44,6,44,6,47,6,42,6,42,8,0,0,0,0,0,0,0,0,0,0]"""
1782173652611,2026-06-23T09:14:12.611,warning,breathing,lmh,lying_fast_breath,t001,"CSI_DATA,19225,1a:00:00:00:00:00,-61,11,-98,15,45,11,138447373,47,2,256,0,""[0,0,0,0,0,0,0,0,0,0,0,0,-36,-15,-36,-17,-39,-21,-41,-28,-41,-30,-36,-28,-41,-30,-41,-32,-47,-34,-47,-39,-47,-39,-50,-36,-54,-43,-54,-43,-45,-50,-50,-50,-56,-45,-50,-56,-50,-52,-45,-56,-45,-63,-54,-60,-52,-56,-54,-58,-56,-63,-56,-52,-52,-58,-52,-60,-52,-63,-56,-56,-50,-52,-58,-58,-58,-58,-58,-56,-63,-52,-60,-50,-56,-45,-63,-45,-65,-50,-69,-43,-67,-47,-69,-39,-69,-43,-76,-41,-67,-39,-73,-39,-73,-43,-73,-36,-73,-41,-82,-43,-82,-43,-80,-32,-80,-45,-78,-45,-87,-43,-84,-41,-80,-43,0,0,0,0,0,0,-52,78,-50,76,-39,80,-39,73,-39,76,-39,69,-41,73,-43,71,-41,69,-36,60,-32,60,-28,58,-30,67,-32,67,-30,60,-21,60,-21,69,-21,65,-28,60,-19,60,-13,63,-23,63,-19,58,-17,63,-23,63,-21,63,-17,60,-13,65,-21,65,-8,65,-19,63,-17,63,-21,67,-17,65,-17,56,-23,65,-21,63,-21,63,-23,60,-21,54,-21,56,-23,56,-28,58,-28,58,-30,54,-26,52,-28,43,-32,50,-28,36,-26,36,-28,36,-23,32,-32,34,-36,32,-30,26,-30,26,-32,21,0,0,0,0,0,0,0,0,0,0]"""
1782173652620,2026-06-23T09:14:12.620,warning,breathing,lmh,lying_fast_breath,t001,"CSI_DATA,19226,1a:00:00:00:00:00,-61,11,-98,15,45,11,138457548,47,2,256,0,""[0,0,0,0,0,0,0,0,0,0,0,0,-30,28,-32,23,-39,30,-39,30,-41,26,-45,23,-45,28,-47,28,-52,30,-52,28,-54,28,-52,34,-58,34,-58,34,-60,28,-65,34,-65,39,-69,34,-58,28,-69,32,-69,28,-69,34,-73,32,-67,36,-73,36,-67,43,-71,36,-71,36,-69,36,-63,43,-65,41,-67,43,-67,45,-63,41,-67,47,-63,52,-60,47,-58,56,-56,54,-50,63,-52,54,-50,69,-54,60,-50,69,-47,60,-45,65,-54,65,-45,69,-45,71,-50,73,-43,76,-43,82,-56,76,-52,78,-41,87,-41,78,-43,84,0,0,0,0,0,0,78,50,78,47,76,34,71,45,80,43,67,39,71,34,71,36,69,32,65,36,65,30,65,30,71,26,67,26,65,23,67,21,69,17,65,13,60,19,67,13,65,6,69,17,56,4,63,10,63,13,63,8,67,8,67,-4,67,8,65,-2,65,4,67,6,67,4,65,-2,65,2,67,4,65,6,63,6,63,6,67,10,63,6,67,10,63,10,63,8,56,15,58,4,52,10,54,13,47,17,50,13,47,15,43,17,39,19,39,17,39,17,34,21,36,23,0,0,0,0,0,0,0,0,0,0]"""
1782173652631,2026-06-23T09:14:12.631,warning,breathing,lmh,lying_fast_breath,t001,"CSI_DATA,19227,1a:00:00:00:00:00,-61,11,-98,14,45,11,138468552,47,2,256,0,""[0,0,0,0,0,0,0,0,0,0,0,0,29,31,26,33,29,35,29,40,29,38,31,40,31,42,31,44,38,47,35,47,42,49,44,44,47,49,47,51,38,55,49,51,53,49,51,58,49,55,47,53,47,53,53,55,58,53,60,53,62,53,67,42,62,49,69,49,62,42,67,38,64,35,76,40,71,33,69,33,78,29,82,20,71,15,80,8,80,13,80,4,80,6,78,-6,85,-2,85,-6,82,-8,80,-15,82,-15,78,-22,80,-22,87,-24,85,-29,80,-35,91,-29,85,-33,85,-42,87,-40,82,-42,0,0,0,0,0,0,-42,-82,-42,-78,-49,-73,-47,-73,-53,-64,-49,-64,-49,-58,-51,-64,-49,-53,-51,-55,-51,-47,-51,-44,-60,-47,-51,-44,-60,-42,-58,-33,-67,-31,-62,-31,-58,-33,-62,-24,-64,-15,-62,-24,-58,-15,-62,-15,-62,-20,-60,-13,-64,-8,-64,-4,-67,-6,-62,4,-62,0,-67,0,-62,-2,-67,0,-60,4,-69,-2,-67,0,-60,2,-64,2,-64,4,-58,6,-62,4,-60,4,-58,6,-60,0,-55,6,-55,4,-53,6,-49,4,-51,4,-47,4,-44,2,-42,0,-44,-4,-42,0,-40,0,-38,-4,0,0,0,0,0,0,0,0,0,0]"""
1782173652642,2026-06-23T09:14:12.642,warning,breathing,lmh,lying_fast_breath,t001,"CSI_DATA,19228,1a:00:00:00:00:00,-61,11,-98,14,45,11,138479408,47,2,256,0,""[0,0,0,0,0,0,0,0,0,0,0,0,42,11,35,15,44,17,42,20,44,20,42,22,44,20,51,26,53,24,53,26,58,26,58,24,60,29,62,29,58,33,67,31,67,26,69,35,62,31,60,31,67,35,71,33,73,31,76,29,76,35,73,22,76,29,78,26,76,26,73,20,73,20,78,17,78,15,73,17,80,8,85,6,78,2,78,-4,80,-2,82,-11,80,-6,82,-17,80,-11,82,-20,73,-17,76,-26,80,-24,76,-31,80,-31,82,-31,80,-31,82,-38,87,-35,87,-33,85,-42,82,-42,80,-47,0,0,0,0,0,0,-42,-80,-40,-82,-49,-69,-44,-71,-49,-69,-47,-64,-44,-67,-44,-64,-47,-58,-42,-58,-49,-51,-47,-51,-55,-49,-51,-51,-51,-49,-53,-40,-58,-42,-55,-38,-51,-38,-55,-38,-60,-29,-58,-33,-47,-24,-53,-29,-53,-29,-58,-26,-64,-22,-62,-17,-60,-20,-64,-15,-62,-20,-62,-17,-62,-22,-58,-15,-62,-15,-60,-22,-64,-17,-58,-17,-62,-17,-67,-17,-62,-15,-60,-17,-58,-22,-58,-17,-53,-20,-55,-15,-51,-20,-51,-17,-44,-15,-47,-15,-44,-22,-44,-17,-38,-20,-40,-22,-31,-20,-33,-20,-33,-22,0,0,0,0,0,0,0,0,0,0]"""
1782173652651,2026-06-23T09:14:12.651,warning,breathing,lmh,lying_fast_breath,t001,"CSI_DATA,19229,1a:00:00:00:00:00,-61,11,-98,15,45,11,138490547,47,2,256,0,""[0,0,0,0,0,0,0,0,0,0,0,0,21,39,15,39,13,41,10,47,13,47,8,50,6,54,6,54,6,60,2,60,2,65,2,63,4,71,0,67,-8,67,-8,71,-6,76,-13,73,-17,69,-13,73,-15,73,-19,73,-23,76,-17,76,-26,80,-19,76,-30,73,-30,78,-32,73,-23,76,-23,71,-30,80,-23,76,-23,71,-28,73,-28,76,-21,69,-19,80,-26,78,-19,80,-21,76,-15,82,-19,80,-17,82,-23,78,-19,82,-21,84,-19,80,-23,78,-26,87,-21,89,-26,84,-39,89,-36,87,-30,91,-30,87,-28,87,0,0,0,0,0,0,80,45,76,41,76,36,78,43,71,41,67,43,69,39,67,41,63,39,63,45,63,43,56,41,60,39,58,36,58,41,58,34,60,36,58,32,52,34,56,34,63,30,56,41,54,32,54,32,52,36,52,39,52,36,58,30,54,39,58,34,52,39,54,43,50,41,54,36,52,41,47,47,47,43,43,45,45,50,36,54,36,47,39,52,32,52,34,47,28,47,30,52,26,50,21,45,15,52,15,50,10,52,8,45,8,41,4,45,2,43,0,41,-6,36,0,0,0,0,0,0,0,0,0,0]"""
1782173652666,2026-06-23T09:14:12.666,warning,breathing,lmh,lying_fast_breath,t001,"CSI_DATA,19230,1a:00:00:00:00:00,-61,11,-98,14,45,11,138501434,47,2,256,0,""[0,0,0,0,0,0,0,0,0,0,0,0,-42,-11,-38,-13,-42,-15,-42,-20,-44,-22,-40,-26,-42,-29,-42,-33,-51,-35,-44,-35,-42,-44,-44,-44,-49,-47,-47,-49,-40,-55,-40,-60,-47,-55,-38,-67,-35,-58,-35,-64,-31,-71,-33,-69,-31,-76,-33,-67,-29,-80,-31,-73,-22,-78,-22,-82,-22,-76,-26,-73,-17,-76,-22,-78,-20,-73,-22,-76,-22,-78,-20,-78,-20,-73,-20,-76,-20,-76,-26,-76,-17,-76,-26,-76,-20,-78,-29,-80,-17,-78,-22,-80,-17,-85,-20,-78,-22,-80,-20,-89,-17,-87,-13,-89,-6,-94,-4,-94,-11,-96,-11,-94,-6,-91,0,0,0,0,0,0,-94,-11,-89,-11,-87,-2,-82,-15,-85,-15,-78,-20,-78,-13,-78,-17,-73,-17,-67,-22,-69,-20,-67,-20,-71,-17,-64,-20,-64,-24,-64,-20,-71,-17,-67,-17,-60,-24,-62,-22,-62,-17,-62,-26,-55,-15,-58,-20,-55,-22,-60,-22,-60,-29,-58,-20,-60,-29,-60,-24,-55,-35,-58,-35,-55,-31,-55,-33,-53,-38,-51,-40,-51,-42,-47,-38,-49,-44,-44,-47,-40,-44,-40,-49,-35,-49,-35,-49,-29,-47,-29,-49,-22,-49,-24,-49,-15,-51,-11,-47,-8,-44,-6,-44,-4,-42,-2,-44,0,-44,2,-40,11,-40,0,0,0,0,0,0,0,0,0,0]"""
1782173652675,2026-06-23T09:14:12.675,warning,breathing,lmh,lying_fast_breath,t001,"CSI_DATA,19231,1a:00:00:00:00:00,-61,11,-98,19,44,11,138513374,47,2,256,0,""[0,0,0,0,0,0,0,0,0,0,0,0,4,43,-2,43,-6,43,-6,47,-8,47,-10,52,-8,52,-17,50,-17,56,-23,54,-17,56,-23,56,-23,65,-28,63,-39,56,-36,60,-36,63,-43,58,-41,58,-43,65,-41,60,-52,63,-45,58,-52,58,-58,58,-45,65,-56,54,-58,58,-52,54,-52,58,-54,56,-58,60,-56,54,-56,52,-58,56,-54,56,-52,56,-52,60,-52,56,-52,60,-54,56,-50,71,-54,63,-58,65,-60,58,-54,63,-60,63,-56,60,-54,60,-60,63,-60,63,-63,65,-71,67,-67,56,-69,67,-67,60,-69,56,0,0,0,0,0,0,45,78,47,71,50,71,43,78,45,71,39,73,39,67,39,76,32,67,32,69,32,65,30,60,34,65,30,65,28,63,30,60,34,65,26,60,23,60,30,56,39,58,28,58,26,58,23,58,23,56,26,60,23,60,28,58,21,63,30,58,19,63,21,67,17,63,23,56,19,63,10,67,15,67,8,63,6,63,2,65,4,65,2,63,-2,63,-4,58,-8,58,-4,60,-10,56,-13,52,-17,54,-13,47,-19,47,-15,41,-19,39,-26,39,-23,36,-23,32,-30,28,0,0,0,0,0,0,0,0,0,0]"""
1782173652686,2026-06-23T09:14:12.686,warning,breathing,lmh,lying_fast_breath,t001,"CSI_DATA,19232,1a:00:00:00:00:00,-61,11,-98,11,45,11,138523407,47,2,256,0,""[0,0,0,0,0,0,0,0,0,0,0,0,9,39,9,41,0,46,-2,51,-2,48,-7,46,-4,51,-12,51,-12,56,-19,61,-24,61,-21,61,-29,61,-31,61,-41,53,-46,56,-43,63,-56,51,-51,46,-51,43,-63,46,-63,46,-63,46,-63,46,-70,41,-61,41,-68,31,-68,29,-78,31,-73,36,-73,21,-78,24,-70,21,-73,26,-82,21,-73,29,-78,21,-90,31,-82,19,-82,26,-80,21,-92,7,-102,9,-43,-4,-75,41,-95,14,-68,-21,-112,-46,-70,4,-97,14,-85,-97,-87,-4,-87,-9,-124,-107,-90,7,-82,12,-146,-112,0,0,0,0,0,0,-129,87,-7,70,7,58,41,56,-63,73,-63,65,-109,114,-53,61,-46,61,12,34,-41,41,-41,56,-68,78,-46,73,-41,53,-31,48,-51,46,-53,34,-56,29,-51,51,-43,46,-61,36,-56,34,-51,26,-61,34,-61,24,-56,34,-51,26,-63,21,-56,24,-58,17,-63,17,-63,12,-63,12,-61,14,-65,0,-65,0,-61,0,-68,-4,-58,-7,-61,-2,-58,-14,-61,-19,-56,-21,-53,-24,-51,-24,-46,-24,-43,-31,-39,-29,-36,-29,-34,-31,-29,-31,-24,-36,-19,-39,-17,-39,-12,-34,-12,-39,0,0,0,0,0,0,0,0,0,0]"""
1782173652699,2026-06-23T09:14:12.699,warning,breathing,lmh,lying_fast_breath,t001,"CSI_DATA,19233,1a:00:00:00:00:00,-61,11,-98,14,45,11,138537746,47,2,256,0,""[0,0,0,0,0,0,0,0,0,0,0,0,38,-15,38,-8,44,-11,49,-6,49,-8,49,-4,51,-6,51,-2,58,-4,60,0,64,-4,60,-4,67,-2,69,-4,67,6,73,4,76,-2,76,6,67,6,69,4,69,11,78,11,76,8,78,8,80,13,76,4,78,8,78,8,80,13,76,2,76,4,80,6,78,4,76,6,82,2,80,-4,76,-2,78,-11,82,-6,80,-11,78,-6,78,-20,80,-13,82,-20,78,-15,82,-20,80,-15,78,-24,80,-20,87,-20,85,-20,87,-24,89,-22,89,-17,89,-24,89,-22,89,-22,0,0,0,0,0,0,-13,-87,-15,-87,-22,-82,-20,-82,-17,-82,-15,-76,-15,-80,-13,-78,-17,-73,-13,-71,-17,-67,-15,-67,-24,-67,-15,-69,-20,-67,-24,-60,-29,-64,-22,-62,-17,-62,-26,-60,-31,-60,-22,-64,-24,-53,-22,-60,-22,-60,-26,-55,-29,-60,-33,-55,-26,-60,-33,-55,-29,-55,-31,-58,-24,-60,-29,-60,-29,-58,-22,-62,-24,-60,-17,-55,-20,-62,-17,-60,-20,-58,-20,-60,-15,-60,-13,-60,-8,-58,-15,-55,-6,-51,-8,-58,-4,-51,-6,-44,2,-47,-2,-49,4,-42,4,-42,6,-40,6,-40,11,-38,0,0,0,0,0,0,0,0,0,0]"""
1782173652712,2026-06-23T09:14:12.712,warning,breathing,lmh,lying_fast_breath,t001,"CSI_DATA,19234,1a:00:00:00:00:00,-61,11,-98,14,45,11,138545407,47,2,256,0,""[0,0,0,0,0,0,0,0,0,0,0,0,20,-38,22,-33,26,-40,29,-38,31,-38,31,-35,33,-38,35,-40,40,-49,38,-42,42,-47,44,-47,47,-47,49,-44,55,-40,55,-49,51,-49,62,-49,53,-44,58,-40,62,-42,60,-47,64,-49,62,-49,67,-49,58,-51,64,-44,67,-47,67,-49,60,-53,60,-47,62,-49,55,-53,58,-49,58,-58,58,-58,53,-53,53,-60,53,-58,51,-67,49,-58,47,-67,51,-64,44,-71,47,-60,44,-69,51,-67,40,-71,47,-71,49,-76,44,-73,49,-78,53,-76,53,-71,51,-80,49,-80,47,-76,0,0,0,0,0,0,-71,-49,-71,-53,-71,-42,-69,-51,-69,-51,-62,-49,-67,-47,-64,-44,-60,-42,-58,-40,-60,-42,-60,-40,-62,-35,-60,-35,-60,-40,-58,-33,-64,-29,-62,-29,-53,-31,-62,-26,-62,-20,-60,-33,-49,-22,-53,-24,-55,-29,-55,-26,-60,-26,-62,-20,-60,-24,-64,-17,-60,-26,-62,-22,-60,-24,-60,-20,-60,-24,-58,-29,-62,-26,-53,-26,-58,-26,-58,-33,-51,-31,-55,-31,-49,-35,-49,-33,-44,-35,-51,-33,-42,-35,-42,-33,-35,-35,-38,-31,-31,-33,-33,-33,-26,-35,-26,-35,-22,-35,-22,-35,-15,-38,0,0,0,0,0,0,0,0,0,0]"""
1782173652722,2026-06-23T09:14:12.722,warning,breathing,lmh,lying_fast_breath,t001,"CSI_DATA,19235,1a:00:00:00:00:00,-61,11,-98,18,44,11,138557034,47,2,256,0,""[0,0,0,0,0,0,0,0,0,0,0,0,-11,-35,-8,-42,-11,-42,-8,-49,-8,-47,-11,-51,-11,-51,-8,-51,-20,-60,-15,-58,-15,-62,-17,-62,-20,-64,-22,-64,-15,-67,-22,-62,-31,-67,-24,-71,-24,-67,-20,-69,-20,-76,-26,-71,-29,-73,-35,-78,-38,-71,-40,-64,-35,-64,-44,-67,-40,-62,-51,-62,-44,-58,-51,-62,-51,-60,-51,-53,-55,-53,-58,-49,-60,-42,-64,-40,-64,-42,-71,-33,-71,-38,-76,-24,-78,-31,-80,-22,-80,-24,-80,-20,-82,-15,-80,-8,-78,-11,-87,-8,-89,-8,-87,2,-94,-4,-91,-2,-96,4,-91,11,-87,8,0,0,0,0,0,0,8,91,15,87,24,87,20,87,22,78,20,80,26,78,29,78,24,64,26,73,29,67,31,67,33,60,35,58,40,60,44,51,47,53,47,51,40,53,49,42,58,42,49,42,51,35,51,38,49,40,51,33,55,33,60,24,60,31,60,20,58,26,60,24,55,20,62,20,60,20,67,24,62,22,62,20,64,17,55,17,62,15,64,15,64,17,62,17,55,20,58,13,53,15,53,13,49,17,49,13,47,15,42,13,42,20,47,15,40,17,35,13,40,17,0,0,0,0,0,0,0,0,0,0]"""
1782173652732,2026-06-23T09:14:12.732,warning,breathing,lmh,lying_fast_breath,t001,"CSI_DATA,19236,1a:00:00:00:00:00,-61,11,-98,18,44,11,138567407,47,2,256,0,""[0,0,0,0,0,0,0,0,0,0,0,0,40,-8,40,-13,44,-8,47,-6,47,0,49,2,51,0,49,2,60,0,58,11,62,8,60,6,71,11,69,11,67,22,67,22,71,15,71,31,67,24,69,24,69,22,73,33,67,33,69,33,76,40,67,31,67,35,71,40,67,42,71,35,62,38,73,42,69,40,69,40,71,38,69,35,64,31,69,31,73,35,76,31,71,38,73,24,73,31,80,35,76,31,76,31,76,35,71,33,78,31,80,42,82,40,82,35,82,47,76,51,89,44,82,49,69,53,0,0,0,0,0,0,51,-69,58,-69,51,-80,49,-64,55,-67,53,-58,49,-62,58,-62,53,-55,49,-55,44,-51,42,-49,47,-55,47,-49,47,-51,44,-47,47,-58,42,-49,47,-49,40,-49,42,-55,40,-49,40,-44,44,-47,44,-49,40,-47,44,-44,42,-51,47,-49,38,-49,47,-44,47,-44,49,-49,49,-47,44,-42,64,-38,53,-40,53,-40,58,-33,53,-33,49,-26,55,-29,58,-26,53,-24,55,-20,53,-22,53,-11,53,-15,51,-6,49,-6,44,-2,42,0,51,0,44,4,44,2,42,4,38,13,0,0,0,0,0,0,0,0,0,0]"""
1782173652744,2026-06-23T09:14:12.744,warning,breathing,lmh,lying_fast_breath,t001,"CSI_DATA,19237,1a:00:00:00:00:00,-61,11,-98,15,45,11,138578407,47,2,256,0,""[0,0,0,0,0,0,0,0,0,0,0,0,-30,-30,-26,-30,-28,-36,-28,-36,-23,-39,-23,-43,-26,-45,-21,-50,-23,-54,-21,-56,-19,-60,-17,-60,-19,-65,-19,-65,-10,-67,-8,-73,-13,-76,0,-76,-2,-71,-2,-69,2,-71,6,-78,8,-78,6,-78,10,-82,6,-76,15,-78,15,-82,19,-76,10,-80,17,-73,21,-78,17,-78,15,-76,15,-78,15,-76,15,-71,15,-78,19,-78,13,-84,13,-80,13,-84,21,-78,13,-82,21,-78,17,-80,21,-80,17,-80,19,-80,26,-87,23,-82,28,-84,39,-84,39,-82,30,-89,32,-87,34,-87,0,0,0,0,0,0,-71,-52,-73,-47,-73,-43,-69,-50,-67,-50,-58,-50,-63,-45,-63,-52,-58,-47,-54,-50,-54,-45,-52,-47,-54,-47,-52,-47,-50,-50,-50,-45,-52,-43,-45,-43,-43,-47,-47,-47,-50,-41,-45,-50,-43,-39,-43,-43,-41,-47,-41,-47,-41,-50,-45,-45,-39,-52,-43,-50,-39,-52,-41,-56,-36,-54,-34,-52,-32,-54,-28,-60,-32,-56,-28,-54,-28,-60,-19,-60,-19,-58,-15,-63,-10,-63,-10,-58,-6,-54,-6,-60,0,-56,0,-54,6,-50,6,-50,13,-50,10,-45,13,-39,17,-39,19,-36,21,-36,28,-32,0,0,0,0,0,0,0,0,0,0]"""
1782173652753,2026-06-23T09:14:12.753,warning,breathing,lmh,lying_fast_breath,t001,"CSI_DATA,19238,1a:00:00:00:00:00,-61,11,-98,15,45,11,138590922,47,2,256,0,""[0,0,0,0,0,0,0,0,0,0,0,0,10,43,6,43,8,45,4,47,4,47,2,47,0,50,-2,54,-2,60,-2,58,-6,63,-4,63,-4,65,-8,67,-17,65,-19,71,-10,73,-26,76,-17,65,-23,63,-30,71,-21,73,-28,78,-23,73,-30,78,-23,76,-32,76,-32,73,-34,73,-26,71,-30,71,-28,71,-26,73,-23,69,-26,76,-23,80,-23,73,-21,76,-23,76,-15,82,-19,76,-17,82,-19,78,-15,84,-17,71,-15,78,-19,82,-13,78,-17,84,-19,93,-17,84,-19,87,-26,91,-30,87,-21,95,-19,87,-23,89,0,0,0,0,0,0,82,36,84,32,78,28,80,30,80,28,71,28,71,26,76,28,69,34,65,32,67,28,63,28,71,26,65,21,65,28,63,23,67,21,63,21,58,23,65,21,65,17,63,28,54,13,58,19,60,23,63,19,60,23,58,17,63,21,65,15,63,21,63,23,60,26,58,21,63,23,56,28,58,28,56,28,58,30,54,36,52,34,54,34,47,36,47,36,43,36,45,39,39,41,41,36,30,41,28,39,28,39,23,34,23,36,21,41,17,39,15,41,10,41,0,0,0,0,0,0,0,0,0,0]"""
1782173652765,2026-06-23T09:14:12.765,warning,breathing,lmh,lying_fast_breath,t001,"CSI_DATA,19239,1a:00:00:00:00:00,-61,11,-98,20,44,11,138602004,47,2,256,0,""[0,0,0,0,0,0,0,0,0,0,0,0,-40,6,-40,-2,-44,-2,-48,-8,-48,-8,-50,-8,-50,-8,-48,-14,-59,-14,-54,-14,-61,-25,-59,-19,-63,-21,-61,-29,-57,-31,-61,-35,-67,-33,-63,-40,-59,-40,-65,-38,-61,-35,-63,-46,-59,-44,-61,-50,-61,-54,-63,-44,-54,-52,-59,-54,-57,-57,-59,-50,-57,-50,-65,-59,-63,-52,-57,-48,-61,-52,-61,-48,-57,-48,-65,-44,-61,-50,-63,-44,-67,-48,-65,-44,-59,-50,-69,-50,-65,-48,-67,-44,-65,-50,-63,-44,-67,-52,-69,-57,-67,-59,-69,-54,-69,-63,-61,-63,-76,-63,-69,-61,-69,-65,0,0,0,0,0,0,-73,65,-73,54,-65,61,-57,50,-63,52,-61,50,-63,48,-69,48,-61,44,-63,40,-59,42,-59,38,-59,40,-59,42,-59,40,-52,42,-54,48,-57,42,-57,33,-54,35,-54,42,-57,35,-50,40,-54,38,-54,33,-52,38,-52,33,-48,40,-54,31,-52,38,-52,29,-59,33,-54,31,-59,35,-54,25,-67,27,-63,29,-61,21,-63,21,-61,16,-57,16,-59,16,-63,8,-59,14,-59,8,-57,8,-57,2,-57,4,-50,-6,-46,-4,-48,-6,-42,-6,-50,-12,-44,-16,-42,-10,-31,-16,-35,-21,0,0,0,0,0,0,0,0,0,0]"""
1782173652775,2026-06-23T09:14:12.775,warning,breathing,lmh,lying_fast_breath,t001,"CSI_DATA,19240,1a:00:00:00:00:00,-61,11,-98,19,44,11,138611968,47,2,256,0,""[0,0,0,0,0,0,0,0,0,0,0,0,43,-4,39,-2,43,-2,50,0,47,0,50,2,52,0,54,2,60,-2,60,0,63,2,63,0,69,-2,67,0,71,4,73,4,76,-4,76,0,69,0,73,-4,82,-2,82,-2,76,-2,82,-4,80,-2,76,-8,78,-4,78,-10,80,-8,80,-17,71,-13,80,-19,80,-23,71,-23,76,-30,73,-34,65,-28,71,-36,73,-34,67,-41,71,-41,60,-47,65,-47,60,-54,65,-50,63,-56,63,-56,54,-60,56,-60,60,-67,60,-65,58,-63,67,-63,60,-65,58,-71,56,-80,54,-80,0,0,0,0,0,0,-76,-52,-71,-54,-78,-45,-71,-45,-73,-47,-69,-45,-67,-36,-73,-43,-63,-32,-67,-34,-63,-32,-63,-28,-69,-30,-69,-23,-65,-23,-60,-15,-67,-17,-65,-17,-63,-17,-63,-8,-71,-4,-63,-8,-58,-2,-63,-4,-69,-8,-67,0,-60,2,-67,10,-69,0,-65,6,-65,4,-69,6,-69,8,-67,10,-60,8,-69,6,-67,4,-63,6,-67,6,-67,2,-56,6,-63,4,-65,0,-63,4,-58,6,-60,4,-58,0,-50,4,-52,0,-50,0,-47,-6,-47,0,-41,-2,-45,-6,-39,-8,-39,-8,-39,-10,0,0,0,0,0,0,0,0,0,0]"""
1782173652787,2026-06-23T09:14:12.787,warning,breathing,lmh,lying_fast_breath,t001,"CSI_DATA,19241,1a:00:00:00:00:00,-61,11,-98,14,45,11,138624634,47,2,256,0,""[0,0,0,0,0,0,0,0,0,0,0,0,-4,-42,-4,-42,0,-47,4,-47,4,-49,8,-47,8,-51,13,-53,15,-55,22,-55,22,-55,22,-58,24,-62,33,-62,40,-58,35,-62,33,-67,44,-62,42,-53,51,-51,55,-51,49,-58,55,-58,53,-55,62,-58,51,-53,60,-51,62,-53,62,-51,60,-55,60,-49,62,-51,60,-49,60,-44,62,-51,62,-55,58,-47,58,-55,62,-47,60,-55,64,-51,55,-58,62,-53,62,-55,60,-49,60,-53,67,-53,62,-55,64,-51,73,-51,69,-49,71,-55,80,-53,78,-42,80,-49,76,-49,73,-44,0,0,0,0,0,0,-29,-85,-26,-85,-33,-78,-26,-78,-31,-78,-22,-73,-20,-73,-20,-78,-17,-71,-15,-71,-20,-69,-13,-62,-20,-71,-11,-69,-15,-69,-15,-64,-15,-67,-11,-67,-6,-64,-15,-64,-20,-64,-8,-67,-8,-58,-8,-60,-4,-62,-6,-62,-6,-64,-6,-62,0,-69,-11,-67,-2,-62,-2,-67,4,-64,0,-64,2,-62,11,-64,13,-64,13,-58,15,-62,17,-60,17,-55,17,-58,29,-55,24,-53,29,-49,24,-51,29,-44,31,-44,31,-38,31,-35,33,-33,33,-31,35,-24,38,-22,35,-20,33,-17,38,-11,0,0,0,0,0,0,0,0,0,0]"""
1782173652797,2026-06-23T09:14:12.797,warning,breathing,lmh,lying_fast_breath,t001,"CSI_DATA,19242,1a:00:00:00:00:00,-61,11,-98,15,45,11,138633407,47,2,256,0,""[0,0,0,0,0,0,0,0,0,0,0,0,41,2,39,6,45,6,52,8,50,10,45,15,47,15,47,19,54,21,56,28,58,26,56,23,65,28,65,30,60,36,60,34,65,32,60,41,60,39,65,45,63,41,65,50,58,43,67,47,67,54,63,43,58,52,63,52,63,50,67,45,60,47,69,52,67,50,60,47,65,50,65,43,63,39,69,36,69,43,73,34,71,41,71,30,71,36,82,36,69,39,73,34,73,36,73,34,73,34,82,41,84,39,80,36,80,41,78,45,89,41,87,45,84,43,0,0,0,0,0,0,52,-78,50,-71,43,-78,43,-69,41,-67,43,-63,45,-67,47,-69,41,-63,43,-58,36,-60,39,-56,34,-63,39,-60,36,-58,30,-56,34,-63,32,-60,32,-56,30,-56,26,-58,32,-56,23,-56,30,-58,34,-56,30,-60,28,-54,26,-63,32,-60,23,-60,28,-54,32,-58,34,-56,28,-58,30,-52,41,-58,39,-60,36,-54,39,-52,39,-43,34,-43,39,-47,45,-43,39,-45,43,-41,39,-41,41,-28,43,-36,41,-30,41,-26,41,-23,36,-21,39,-21,41,-17,43,-15,41,-10,39,-8,0,0,0,0,0,0,0,0,0,0]"""
1782173652808,2026-06-23T09:14:12.808,warning,breathing,lmh,lying_fast_breath,t001,"CSI_DATA,19243,1a:00:00:00:00:00,-61,11,-98,17,44,11,138646752,47,2,256,0,""[0,0,0,0,0,0,0,0,0,0,0,0,-41,-6,-36,-9,-48,-9,-43,-13,-48,-13,-43,-16,-48,-16,-48,-18,-57,-13,-57,-18,-59,-16,-57,-18,-62,-13,-66,-16,-64,-16,-66,-23,-71,-13,-73,-25,-66,-18,-69,-18,-73,-20,-73,-20,-78,-13,-78,-13,-78,-18,-73,-6,-82,-16,-80,-11,-73,-13,-76,2,-73,-4,-80,-2,-82,6,-73,-2,-80,11,-82,9,-71,11,-78,23,-78,23,-76,29,-78,23,-78,32,-76,32,-76,39,-69,34,-69,39,-69,41,-64,48,-71,48,-80,50,-73,52,-69,55,-80,57,-78,55,-71,66,-69,59,-64,57,0,0,0,0,0,0,57,73,59,66,64,48,59,59,64,52,57,57,59,52,59,48,62,46,55,48,59,41,59,41,64,43,59,32,62,34,59,27,69,25,64,25,59,23,64,23,69,13,66,25,55,13,62,11,66,13,59,13,62,6,64,2,64,9,64,-2,69,2,71,0,66,0,64,0,64,2,66,6,64,-4,59,-2,64,0,64,2,59,4,66,4,62,2,59,2,62,9,57,2,55,6,55,0,50,2,52,2,48,6,46,2,46,6,46,6,43,11,41,9,36,13,0,0,0,0,0,0,0,0,0,0]"""
1782173652818,2026-06-23T09:14:12.818,warning,breathing,lmh,lying_fast_breath,t001,"CSI_DATA,19244,1a:00:00:00:00:00,-61,11,-98,14,45,11,138655406,47,2,256,0,""[0,0,0,0,0,0,0,0,0,0,0,0,17,40,13,38,8,42,4,51,4,44,4,51,4,53,0,47,2,60,-4,55,-4,62,-4,62,-8,64,-13,69,-22,64,-20,64,-17,73,-26,73,-31,69,-29,62,-35,58,-38,69,-38,64,-33,67,-42,69,-38,71,-44,62,-44,69,-47,58,-47,69,-42,58,-51,71,-47,60,-44,60,-49,67,-47,64,-42,62,-42,71,-44,62,-40,67,-44,67,-33,71,-47,67,-49,71,-51,71,-49,64,-49,69,-44,67,-51,62,-55,71,-55,69,-49,71,-62,67,-64,60,-60,64,-64,69,-64,62,0,0,0,0,0,0,49,76,47,69,53,73,47,71,44,67,42,69,38,67,40,73,31,64,35,71,35,64,29,60,35,64,26,62,31,62,33,58,35,62,26,60,22,60,26,58,35,60,24,60,24,58,24,58,22,55,20,62,22,60,26,55,20,62,26,55,17,60,20,67,13,62,15,62,11,60,8,71,6,64,6,62,2,64,0,60,0,58,-2,64,-8,60,-8,55,-17,53,-8,55,-15,53,-20,53,-20,47,-22,42,-22,42,-22,38,-26,31,-31,33,-29,29,-29,29,-31,20,0,0,0,0,0,0,0,0,0,0]"""
1782173652831,2026-06-23T09:14:12.831,warning,breathing,lmh,lying_fast_breath,t001,"CSI_DATA,19245,1a:00:00:00:00:00,-61,11,-98,14,45,11,138667500,47,2,256,0,""[0,0,0,0,0,0,0,0,0,0,0,0,-42,0,-42,-2,-47,-6,-49,-8,-47,-8,-47,-15,-47,-13,-51,-20,-51,-17,-55,-22,-55,-24,-55,-22,-64,-26,-62,-31,-60,-35,-60,-38,-62,-33,-62,-42,-60,-40,-58,-42,-58,-44,-64,-49,-55,-47,-64,-51,-62,-58,-60,-49,-53,-55,-58,-58,-53,-55,-60,-53,-51,-51,-60,-58,-60,-53,-58,-51,-64,-53,-60,-51,-55,-49,-60,-49,-60,-53,-64,-49,-64,-49,-64,-42,-62,-47,-71,-49,-62,-51,-62,-44,-67,-49,-67,-47,-67,-51,-73,-58,-73,-58,-69,-53,-64,-62,-67,-62,-76,-62,-73,-62,-69,-62,0,0,0,0,0,0,-73,60,-71,55,-62,62,-62,53,-62,51,-62,47,-62,53,-64,51,-60,47,-60,38,-55,42,-53,40,-55,47,-58,44,-53,38,-47,40,-55,49,-55,44,-55,40,-51,35,-49,42,-53,38,-47,38,-49,38,-53,40,-53,38,-51,33,-49,42,-55,38,-49,40,-51,33,-55,33,-55,35,-53,40,-51,31,-64,31,-60,31,-58,29,-62,26,-55,20,-55,20,-58,17,-62,15,-58,17,-58,11,-55,8,-55,2,-55,6,-51,0,-44,-2,-47,-8,-44,-4,-47,-6,-44,-8,-42,-13,-38,-17,-33,-15,0,0,0,0,0,0,0,0,0,0]"""
1782173652841,2026-06-23T09:14:12.841,warning,breathing,lmh,lying_fast_breath,t001,"CSI_DATA,19246,1a:00:00:00:00:00,-61,11,-98,21,44,11,138677406,47,2,256,0,""[0,0,0,0,0,0,0,0,0,0,0,0,-22,-34,-18,-36,-20,-41,-18,-45,-14,-47,-14,-47,-14,-51,-10,-53,-16,-57,-10,-57,-8,-63,-12,-61,-10,-67,-8,-67,0,-67,0,-69,-4,-73,0,-73,0,-69,-2,-75,-4,-73,4,-80,6,-75,2,-80,10,-82,2,-78,12,-75,14,-80,12,-73,8,-78,10,-75,6,-84,8,-82,4,-78,0,-80,6,-78,-2,-73,2,-78,-2,-80,-10,-82,-2,-84,-6,-80,-2,-82,-6,-84,-4,-82,-6,-78,-6,-84,-6,-82,-8,-86,-6,-92,-6,-92,0,-92,-2,-98,6,-94,-6,-96,-8,-96,-6,-86,0,0,0,0,0,0,-86,-10,-86,-10,-88,0,-82,-10,-78,-4,-82,-10,-75,-4,-90,-10,-78,-6,-69,-10,-73,-10,-67,-8,-71,-4,-69,-8,-67,-6,-65,-8,-73,-2,-67,0,-67,-6,-63,-6,-65,6,-67,-4,-61,0,-63,-2,-65,-8,-67,-2,-59,-8,-65,2,-65,-4,-65,-2,-63,-8,-67,-2,-67,-8,-69,-4,-63,-6,-69,-10,-65,-12,-63,-12,-67,-12,-59,-18,-55,-14,-57,-24,-55,-24,-53,-20,-57,-24,-53,-24,-47,-28,-51,-26,-45,-28,-43,-24,-34,-28,-30,-28,-32,-28,-34,-34,-26,-30,-26,-34,-18,-34,0,0,0,0,0,0,0,0,0,0]"""
1782173652853,2026-06-23T09:14:12.853,warning,breathing,lmh,lying_fast_breath,t001,"CSI_DATA,19247,1a:00:00:00:00:00,-61,11,-98,20,44,11,138691539,47,2,256,0,""[0,0,0,0,0,0,0,0,0,0,0,0,-40,4,-42,2,-44,-2,-50,-4,-48,-8,-46,-6,-50,-4,-50,-12,-59,-8,-57,-10,-59,-14,-61,-10,-67,-14,-67,-16,-63,-25,-71,-25,-69,-19,-73,-25,-65,-23,-65,-31,-67,-38,-71,-27,-76,-29,-76,-29,-78,-31,-73,-23,-73,-31,-76,-27,-76,-33,-76,-23,-73,-23,-76,-23,-76,-23,-76,-23,-80,-19,-80,-16,-73,-16,-78,-10,-78,-16,-82,-6,-80,-12,-82,-4,-78,-8,-86,-2,-76,-4,-82,0,-86,-2,-80,4,-84,-2,-92,0,-86,2,-88,4,-97,-2,-97,-2,-97,2,-92,2,-97,2,0,0,0,0,0,0,-8,95,-10,86,4,86,-2,82,-2,84,-2,78,-4,76,-2,80,-6,76,-4,76,4,73,4,69,4,76,4,67,0,69,6,69,8,71,8,69,4,69,10,69,16,65,8,67,14,57,12,59,6,63,10,67,16,63,19,59,12,69,19,61,12,65,14,67,12,65,12,65,8,59,8,63,6,67,8,63,6,65,4,65,6,63,4,67,2,65,2,65,-4,61,4,61,-8,54,-6,57,-10,52,-8,48,-8,48,-8,46,-14,44,-19,40,-16,35,-14,40,-16,35,0,0,0,0,0,0,0,0,0,0]"""
1782173652863,2026-06-23T09:14:12.863,warning,breathing,lmh,lying_fast_breath,t001,"CSI_DATA,19248,1a:00:00:00:00:00,-61,11,-98,16,45,11,138699406,47,2,256,0,""[0,0,0,0,0,0,0,0,0,0,0,0,29,-25,33,-23,38,-25,44,-23,44,-19,42,-19,46,-16,50,-12,54,-14,57,-14,57,-12,59,-14,67,-10,67,-12,69,2,71,2,73,-2,71,8,73,6,71,16,76,21,78,14,73,16,78,14,82,25,76,14,71,25,78,27,73,31,76,27,67,29,76,33,76,31,71,31,76,31,73,29,65,29,73,27,76,31,78,27,76,33,71,25,73,31,80,29,69,31,73,31,73,38,76,31,82,38,78,44,80,42,76,40,73,48,76,54,80,50,78,52,71,54,0,0,0,0,0,0,71,-65,65,-61,61,-65,61,-48,57,-57,63,-48,63,-48,67,-50,63,-44,59,-35,54,-42,54,-38,57,-40,59,-40,59,-35,50,-38,57,-40,59,-38,61,-31,54,-31,52,-35,59,-29,50,-31,57,-29,59,-29,59,-27,54,-27,59,-29,61,-27,54,-31,59,-23,61,-21,67,-21,65,-21,57,-16,67,-12,65,-10,65,-10,67,-6,61,0,57,-2,61,0,61,6,63,4,59,10,52,10,48,16,52,14,44,19,44,21,40,25,38,19,40,29,35,27,31,31,23,29,25,33,0,0,0,0,0,0,0,0,0,0]"""
1782173652888,2026-06-23T09:14:12.888,warning,breathing,lmh,lying_fast_breath,t001,"CSI_DATA,19249,1a:00:00:00:00:00,-61,11,-98,15,45,11,138726516,47,2,256,0,""[0,0,0,0,0,0,0,0,0,0,0,0,39,0,39,2,43,4,47,13,47,10,47,8,52,8,52,13,56,15,56,19,60,17,60,15,67,17,67,21,63,28,67,23,71,17,69,26,63,26,67,28,67,26,73,32,73,26,76,26,76,32,76,21,73,30,76,28,73,30,76,23,71,19,80,23,78,21,76,21,80,17,80,13,71,10,78,4,78,10,82,4,82,8,80,-4,82,-2,89,-4,82,-2,78,-6,84,-4,78,-10,82,-8,93,-8,89,-10,91,-15,95,-10,93,-8,95,-15,93,-10,93,-13,0,0,0,0,0,0,-2,-91,-10,-91,-15,-87,-17,-82,-13,-82,-10,-76,-15,-78,-8,-82,-13,-73,-10,-73,-15,-71,-17,-65,-19,-69,-15,-67,-19,-67,-23,-60,-23,-69,-21,-63,-17,-60,-23,-60,-30,-58,-23,-63,-26,-56,-26,-58,-28,-58,-26,-58,-30,-54,-34,-56,-28,-56,-39,-52,-28,-54,-32,-56,-28,-60,-32,-56,-32,-54,-26,-63,-28,-60,-26,-58,-28,-60,-26,-54,-23,-54,-26,-56,-19,-60,-21,-56,-15,-56,-21,-54,-15,-50,-13,-54,-13,-50,-13,-47,-8,-45,-8,-45,-2,-43,0,-45,0,-47,2,-39,4,-39,0,0,0,0,0,0,0,0,0,0]"""
1782173652898,2026-06-23T09:14:12.898,warning,breathing,lmh,lying_fast_breath,t001,"CSI_DATA,19250,1a:00:00:00:00:00,-61,11,-98,15,45,11,138726636,47,2,256,0,""[0,0,0,0,0,0,0,0,0,0,0,0,32,23,30,26,34,32,32,36,34,36,32,36,34,39,32,41,36,43,39,50,36,50,39,45,45,52,41,56,34,56,39,58,47,56,41,63,39,63,43,63,41,63,43,69,43,65,45,65,45,69,47,63,41,67,45,65,45,69,47,60,45,58,50,67,52,60,50,60,58,60,56,54,54,50,63,50,63,52,65,47,65,50,69,41,65,43,76,43,67,39,71,39,69,41,71,34,78,43,80,45,80,39,82,39,80,41,80,43,89,41,89,39,84,39,0,0,0,0,0,0,43,-82,43,-82,34,-80,30,-73,32,-78,32,-71,32,-78,30,-76,28,-71,28,-63,21,-67,23,-63,17,-67,21,-67,19,-67,8,-63,13,-69,10,-67,17,-63,10,-63,2,-63,6,-60,6,-60,10,-63,10,-65,6,-67,4,-63,-4,-65,2,-69,-4,-63,0,-60,0,-65,2,-69,-2,-69,0,-58,6,-71,4,-69,4,-63,4,-65,6,-60,2,-56,6,-63,10,-60,8,-60,13,-58,8,-58,13,-50,13,-56,13,-47,13,-47,15,-41,13,-43,17,-43,17,-43,19,-41,19,-32,23,-34,0,0,0,0,0,0,0,0,0,0]"""
1782173652908,2026-06-23T09:14:12.908,warning,breathing,lmh,lying_fast_breath,t001,"CSI_DATA,19251,1a:00:00:00:00:00,-61,11,-98,19,44,11,138732406,47,2,256,0,""[0,0,0,0,0,0,0,0,0,0,0,0,26,32,28,32,26,34,26,41,23,43,23,43,28,43,28,45,28,50,28,52,28,56,28,52,30,60,34,58,21,65,23,65,39,65,23,67,21,67,30,69,23,65,28,71,28,71,28,71,32,78,36,67,32,73,34,71,32,71,36,67,32,67,39,76,39,69,43,67,41,67,47,63,45,58,50,60,54,58,60,56,54,60,60,52,56,54,65,58,56,52,63,52,63,54,60,45,67,52,71,54,69,47,71,50,69,54,71,54,82,52,76,56,76,52,0,0,0,0,0,0,54,-73,52,-73,45,-71,45,-67,47,-67,43,-65,39,-67,45,-65,36,-67,36,-63,32,-60,32,-56,30,-60,30,-63,30,-63,21,-58,23,-69,26,-65,26,-58,19,-63,13,-63,21,-63,17,-63,19,-58,21,-60,15,-67,10,-58,6,-65,13,-67,4,-65,10,-60,8,-65,13,-63,6,-65,10,-58,13,-67,13,-67,15,-60,15,-69,13,-60,13,-56,15,-58,15,-63,15,-56,21,-58,13,-56,21,-50,17,-56,19,-47,19,-45,28,-39,15,-39,21,-36,30,-41,26,-32,21,-30,32,-26,0,0,0,0,0,0,0,0,0,0]"""
1782173652920,2026-06-23T09:14:12.920,warning,breathing,lmh,lying_fast_breath,t001,"CSI_DATA,19252,1a:00:00:00:00:00,-61,11,-98,18,44,11,138743406,47,2,256,0,""[0,0,0,0,0,0,0,0,0,0,0,0,40,-15,40,-11,42,-15,44,-17,44,-15,51,-13,51,-20,53,-17,55,-24,53,-20,55,-17,53,-24,60,-31,60,-26,62,-22,62,-26,64,-35,69,-29,62,-31,62,-31,69,-24,67,-40,69,-33,64,-40,71,-40,62,-44,67,-40,71,-47,62,-47,58,-53,60,-42,58,-58,53,-58,53,-60,44,-64,47,-62,40,-60,35,-67,40,-69,31,-76,33,-76,17,-76,26,-71,13,-80,20,-78,13,-80,15,-80,4,-80,2,-82,6,-91,2,-87,-4,-89,-2,-94,2,-87,-11,-91,-13,-94,-13,-89,0,0,0,0,0,0,-89,8,-87,17,-85,24,-78,20,-78,22,-78,24,-73,24,-80,33,-69,26,-67,24,-69,33,-62,26,-55,40,-58,40,-60,40,-51,42,-51,47,-47,47,-53,42,-44,49,-42,53,-44,42,-38,49,-38,49,-38,49,-35,53,-33,53,-26,58,-31,58,-22,55,-33,53,-29,60,-24,62,-20,64,-20,62,-24,67,-22,62,-20,60,-22,62,-20,58,-17,55,-22,60,-17,58,-20,58,-17,55,-13,53,-20,51,-15,53,-20,49,-15,51,-17,44,-15,42,-17,42,-17,38,-15,40,-20,40,-22,33,0,0,0,0,0,0,0,0,0,0]"""
1782173652930,2026-06-23T09:14:12.930,warning,breathing,lmh,lying_fast_breath,t001,"CSI_DATA,19253,1a:00:00:00:00:00,-61,11,-98,21,44,11,138754406,47,2,256,0,""[0,0,0,0,0,0,0,0,0,0,0,0,-18,34,-24,34,-22,36,-30,34,-24,36,-32,36,-34,34,-36,32,-43,45,-43,34,-47,36,-47,41,-53,43,-57,39,-55,34,-59,36,-61,43,-61,36,-63,32,-57,39,-61,36,-71,36,-65,32,-73,34,-75,39,-65,39,-69,26,-73,30,-67,30,-69,39,-65,32,-71,36,-67,30,-67,32,-71,39,-65,43,-61,41,-65,43,-67,39,-67,45,-69,41,-63,49,-63,47,-71,49,-67,47,-61,47,-69,49,-65,51,-63,51,-71,51,-73,55,-73,57,-75,47,-75,51,-78,57,-80,57,-73,51,0,0,0,0,0,0,45,82,41,82,47,73,41,71,34,71,34,67,36,67,39,71,32,63,32,69,36,59,32,61,39,61,28,61,30,63,32,59,32,63,36,59,28,57,34,53,41,53,30,57,36,49,34,55,30,57,36,55,30,57,36,55,34,59,36,51,28,53,34,59,32,57,32,57,24,57,26,61,28,57,28,55,24,63,22,61,20,53,16,61,12,61,12,57,12,59,12,55,6,53,8,57,2,53,6,49,-2,49,0,45,-4,45,-6,45,-12,43,-8,41,-12,41,0,0,0,0,0,0,0,0,0,0]"""
1782173652941,2026-06-23T09:14:12.941,warning,breathing,lmh,lying_fast_breath,t001,"CSI_DATA,19254,1a:00:00:00:00:00,-61,11,-98,14,45,11,138765421,47,2,256,0,""[0,0,0,0,0,0,0,0,0,0,0,0,-2,-42,2,-40,6,-44,8,-44,11,-47,13,-47,13,-49,15,-51,17,-58,22,-53,24,-55,22,-58,29,-62,31,-60,35,-55,40,-62,38,-62,44,-62,38,-53,49,-58,51,-60,51,-58,51,-60,51,-58,58,-55,51,-55,58,-53,55,-58,60,-51,53,-53,53,-53,62,-51,58,-53,55,-51,60,-55,55,-60,53,-51,53,-60,53,-55,51,-60,55,-55,53,-64,55,-58,53,-64,53,-53,53,-60,58,-62,53,-62,55,-60,62,-64,60,-60,60,-64,71,-64,71,-60,69,-62,67,-60,67,-58,0,0,0,0,0,0,-44,-76,-49,-78,-51,-64,-44,-71,-47,-71,-40,-64,-40,-67,-35,-69,-35,-67,-33,-64,-35,-60,-33,-58,-38,-62,-33,-62,-33,-62,-33,-55,-33,-60,-29,-58,-26,-58,-31,-58,-33,-55,-31,-60,-26,-47,-26,-51,-26,-55,-24,-55,-29,-58,-33,-58,-24,-60,-33,-55,-24,-58,-26,-60,-20,-62,-20,-58,-24,-58,-13,-60,-15,-60,-13,-60,-11,-62,-8,-64,-11,-58,-6,-62,0,-60,-2,-58,2,-55,0,-58,6,-53,6,-53,11,-47,8,-47,17,-47,13,-42,17,-38,22,-40,20,-33,22,-31,26,-29,0,0,0,0,0,0,0,0,0,0]"""
1782173652952,2026-06-23T09:14:12.952,warning,breathing,lmh,lying_fast_breath,t001,"CSI_DATA,19255,1a:00:00:00:00:00,-61,11,-98,18,44,11,138776406,47,2,256,0,""[0,0,0,0,0,0,0,0,0,0,0,0,15,-40,13,-38,15,-42,20,-42,20,-44,17,-40,22,-44,24,-44,29,-51,26,-49,33,-51,31,-53,35,-58,35,-60,40,-55,38,-55,35,-60,42,-64,40,-58,47,-62,47,-60,44,-62,44,-60,44,-64,49,-64,44,-62,44,-60,47,-67,44,-64,40,-69,40,-62,40,-69,40,-67,38,-69,35,-73,33,-73,29,-67,26,-71,26,-71,22,-80,24,-76,20,-80,20,-76,15,-85,20,-80,17,-78,15,-80,13,-80,11,-85,13,-94,8,-85,8,-80,20,-89,20,-87,13,-94,8,-94,11,-89,0,0,0,0,0,0,-91,-15,-91,-15,-82,-8,-80,-13,-78,-15,-78,-15,-80,-13,-80,-8,-69,-8,-73,-8,-71,-8,-69,-8,-71,-4,-73,-4,-67,-6,-67,2,-73,6,-67,4,-64,2,-62,4,-67,11,-67,0,-58,8,-67,11,-62,8,-64,6,-67,6,-64,15,-67,8,-62,15,-60,11,-67,11,-60,11,-62,11,-60,8,-69,11,-62,11,-62,11,-67,4,-62,2,-60,4,-60,2,-64,-2,-58,0,-53,-2,-58,2,-53,-2,-53,0,-49,-8,-47,-8,-51,-8,-44,-11,-42,-13,-44,-13,-35,-13,-33,-15,-38,-20,0,0,0,0,0,0,0,0,0,0]"""
1782173652962,2026-06-23T09:14:12.962,warning,breathing,lmh,lying_fast_breath,t001,"CSI_DATA,19256,1a:00:00:00:00:00,-61,11,-98,19,44,11,138787412,47,2,256,0,""[0,0,0,0,0,0,0,0,0,0,0,0,-41,0,-41,-2,-43,-2,-47,-4,-43,-4,-52,-6,-52,-4,-54,-4,-54,-2,-58,-2,-67,-6,-63,-4,-65,2,-67,2,-67,-10,-67,-6,-78,4,-73,-6,-71,-2,-69,-4,-67,-10,-78,6,-73,-2,-78,6,-80,4,-73,13,-76,8,-80,8,-76,13,-78,21,-69,15,-82,23,-71,23,-71,26,-76,30,-67,32,-65,32,-69,45,-65,41,-58,50,-60,47,-52,54,-60,56,-54,60,-58,58,-58,60,-56,60,-47,65,-47,69,-50,73,-45,78,-41,76,-50,80,-43,76,-39,84,-36,84,-36,78,0,0,0,0,0,0,80,41,76,34,91,28,80,30,73,21,76,26,73,23,80,17,71,15,73,15,76,10,69,10,76,10,67,4,71,0,65,0,71,-8,65,-4,65,-4,65,-10,63,-17,63,-13,63,-19,67,-21,67,-13,60,-17,60,-23,56,-30,63,-28,54,-34,54,-30,56,-32,56,-32,56,-32,52,-36,63,-36,58,-36,52,-32,60,-39,56,-26,50,-32,54,-32,56,-32,47,-34,52,-26,45,-34,50,-28,45,-26,45,-21,45,-19,45,-21,39,-19,39,-15,34,-21,45,-15,41,-15,39,-10,0,0,0,0,0,0,0,0,0,0]"""
1782173652974,2026-06-23T09:14:12.974,warning,breathing,lmh,lying_fast_breath,t001,"CSI_DATA,19257,1a:00:00:00:00:00,-61,11,-98,15,45,11,138798496,47,2,256,0,""[0,0,0,0,0,0,0,0,0,0,0,0,-36,-17,-34,-19,-39,-23,-39,-30,-36,-28,-36,-32,-36,-36,-34,-39,-41,-41,-41,-43,-39,-45,-41,-45,-45,-50,-43,-52,-36,-54,-36,-60,-43,-60,-32,-65,-34,-60,-34,-63,-32,-65,-39,-71,-32,-69,-36,-69,-34,-78,-34,-69,-30,-73,-32,-71,-28,-73,-36,-71,-28,-67,-30,-71,-36,-71,-32,-69,-39,-71,-34,-73,-34,-67,-39,-67,-41,-69,-45,-67,-43,-69,-43,-65,-39,-71,-50,-71,-36,-65,-43,-65,-41,-67,-47,-63,-45,-69,-50,-76,-52,-73,-47,-71,-41,-82,-39,-78,-47,-84,-52,-80,-50,-82,0,0,0,0,0,0,-89,39,-82,34,-78,41,-78,28,-76,30,-76,26,-76,28,-80,28,-71,26,-67,21,-63,23,-63,28,-65,28,-67,28,-65,21,-56,26,-65,30,-60,28,-60,23,-58,21,-58,30,-65,23,-56,28,-60,28,-56,26,-58,26,-56,23,-54,28,-60,28,-54,28,-58,19,-60,21,-63,21,-60,26,-54,15,-69,19,-65,17,-60,17,-63,15,-60,6,-60,8,-60,4,-63,4,-58,4,-60,0,-54,-2,-52,-6,-58,-2,-45,-10,-45,-8,-43,-10,-43,-6,-43,-15,-41,-19,-36,-15,-32,-19,-30,-26,0,0,0,0,0,0,0,0,0,0]"""
1782173652985,2026-06-23T09:14:12.985,warning,breathing,lmh,lying_fast_breath,t001,"CSI_DATA,19258,1a:00:00:00:00:00,-61,11,-98,18,44,11,138809405,47,2,256,0,""[0,0,0,0,0,0,0,0,0,0,0,0,13,-40,17,-35,17,-42,22,-42,22,-42,24,-44,22,-44,26,-44,29,-49,31,-47,33,-51,33,-51,33,-55,35,-55,42,-55,38,-55,35,-62,42,-60,38,-58,51,-55,51,-55,42,-58,47,-60,42,-69,44,-69,40,-64,42,-62,44,-64,47,-64,38,-69,35,-62,38,-71,38,-67,33,-71,33,-71,31,-71,20,-67,26,-78,20,-71,17,-76,20,-76,13,-78,13,-80,8,-80,13,-80,8,-78,8,-85,4,-80,4,-78,2,-94,2,-91,2,-82,6,-87,6,-89,-2,-94,-4,-91,-4,-94,0,0,0,0,0,0,-91,-2,-91,-6,-87,2,-82,2,-82,2,-76,2,-78,4,-82,6,-73,2,-78,0,-73,8,-67,6,-69,13,-67,13,-71,11,-60,20,-69,24,-62,15,-62,13,-60,22,-58,29,-62,17,-55,22,-53,22,-62,22,-58,24,-55,24,-53,35,-62,29,-58,33,-55,29,-58,26,-58,29,-55,33,-53,29,-67,26,-62,33,-53,24,-60,26,-58,22,-53,24,-58,22,-58,17,-51,24,-55,15,-53,20,-53,15,-53,17,-49,11,-53,13,-47,8,-42,6,-42,0,-47,2,-47,6,-40,4,-40,-6,0,0,0,0,0,0,0,0,0,0]"""
1782173652995,2026-06-23T09:14:12.995,warning,breathing,lmh,lying_fast_breath,t001,"CSI_DATA,19259,1a:00:00:00:00:00,-61,11,-98,17,45,11,138820405,47,2,256,0,""[0,0,0,0,0,0,0,0,0,0,0,0,-16,-36,-18,-36,-16,-41,-16,-45,-16,-47,-18,-47,-18,-47,-20,-49,-24,-55,-20,-53,-26,-55,-28,-55,-28,-59,-28,-63,-22,-65,-32,-63,-39,-63,-32,-67,-32,-59,-28,-65,-28,-69,-36,-67,-43,-67,-43,-65,-45,-67,-49,-59,-45,-65,-49,-63,-47,-61,-55,-55,-51,-51,-57,-55,-57,-51,-59,-47,-65,-45,-69,-43,-65,-34,-69,-30,-71,-32,-75,-26,-73,-26,-80,-18,-80,-20,-84,-12,-75,-12,-78,-6,-82,-8,-80,2,-82,-4,-88,-4,-84,4,-88,6,-92,6,-88,4,-92,14,-90,12,-90,18,0,0,0,0,0,0,18,90,20,86,28,75,26,80,32,80,24,75,28,73,30,75,26,67,30,63,34,61,36,57,45,61,39,53,41,53,47,47,51,49,49,49,45,47,47,41,57,32,55,43,49,30,53,32,53,34,55,32,57,26,59,22,57,28,61,14,59,18,63,16,61,24,61,18,59,16,63,18,59,18,61,18,63,18,59,14,61,12,59,12,59,16,59,14,57,14,55,12,51,12,51,14,45,10,45,8,47,12,47,10,41,16,41,14,43,14,36,12,36,16,0,0,0,0,0,0,0,0,0,0]"""
1782173653005,2026-06-23T09:14:13.005,warning,breathing,lmh,lying_fast_breath,t001,"CSI_DATA,19260,1a:00:00:00:00:00,-61,11,-98,18,44,11,138831405,47,2,256,0,""[0,0,0,0,0,0,0,0,0,0,0,0,13,-38,20,-33,26,-35,31,-38,33,-38,31,-33,38,-31,40,-33,42,-35,49,-33,49,-35,51,-33,58,-33,64,-29,64,-24,64,-20,67,-24,73,-17,69,-11,71,-17,73,-13,76,-4,78,-6,76,-2,80,4,73,-6,76,8,80,11,78,8,78,6,71,8,76,17,78,11,73,13,85,13,78,15,73,15,73,8,73,15,98,8,80,20,76,22,118,24,73,22,62,22,141,-8,82,22,87,22,40,78,71,89,85,80,116,102,49,-2,82,71,89,89,35,-31,87,64,0,0,0,0,0,0,82,-62,-17,-17,71,-67,51,-47,132,-71,22,-20,85,-71,87,-96,58,-76,53,-35,62,-49,31,-76,76,-40,55,-24,31,-42,53,-24,67,-24,69,-17,64,-17,55,-26,53,-26,62,-20,55,-20,60,-15,64,-15,62,-15,60,-11,58,-13,69,-8,60,-13,64,-2,67,-8,69,0,69,-2,60,2,67,8,67,6,60,8,64,11,60,20,55,20,55,20,53,31,55,31,53,31,47,24,40,33,42,33,33,35,35,35,29,38,26,35,24,40,17,42,15,44,8,38,2,40,0,0,0,0,0,0,0,0,0,0]"""
1782173653015,2026-06-23T09:14:13.015,warning,breathing,lmh,lying_fast_breath,t001,"CSI_DATA,19261,1a:00:00:00:00:00,-61,11,-98,14,45,11,138846331,47,2,256,0,""[0,0,0,0,0,0,0,0,0,0,0,0,35,20,33,20,38,24,38,26,38,33,33,35,35,35,38,38,40,40,40,44,40,47,38,49,44,51,40,53,33,58,35,64,38,60,31,69,31,62,29,62,26,67,33,73,24,73,29,71,31,78,29,71,22,76,22,73,22,78,29,73,20,73,26,76,29,73,24,71,26,73,26,76,26,69,29,71,26,76,35,71,29,73,33,71,26,73,38,80,29,67,33,73,31,76,35,73,35,78,38,87,38,82,31,80,26,87,24,91,40,91,31,85,31,87,0,0,0,0,0,0,87,-17,89,-17,80,-26,80,-13,82,-15,73,-11,80,-17,78,-11,78,-11,71,-4,69,-8,67,-4,71,-11,71,-13,67,-6,64,-8,69,-15,67,-11,64,-8,67,-8,62,-13,67,-6,58,-13,62,-8,62,-6,67,-8,64,-2,60,-15,67,-8,62,-8,60,-2,64,-2,64,-4,67,-6,62,0,67,-2,64,2,64,2,67,2,62,11,60,8,60,15,58,13,60,13,53,15,53,20,47,24,53,20,42,24,40,24,38,31,33,26,33,29,35,29,26,31,29,29,24,35,0,0,0,0,0,0,0,0,0,0]"""
1782173653026,2026-06-23T09:14:13.026,warning,breathing,lmh,lying_fast_breath,t001,"CSI_DATA,19262,1a:00:00:00:00:00,-61,11,-98,14,45,11,138853405,47,2,256,0,""[0,0,0,0,0,0,0,0,0,0,0,0,8,38,6,40,0,47,-2,49,-4,47,-4,51,-4,53,-11,51,-8,55,-20,58,-17,58,-15,60,-22,64,-24,60,-33,60,-31,62,-29,69,-38,62,-40,58,-40,58,-47,58,-51,60,-47,58,-49,58,-55,62,-49,60,-53,53,-58,58,-58,51,-53,53,-51,51,-60,55,-58,51,-58,49,-58,53,-58,55,-53,53,-55,55,-58,51,-55,58,-60,55,-51,58,-60,53,-62,58,-60,53,-55,55,-62,55,-58,55,-62,51,-69,53,-67,53,-69,58,-78,53,-76,49,-78,51,-78,51,-71,44,0,0,0,0,0,0,33,85,31,85,33,80,31,78,31,76,26,76,26,71,22,78,17,71,20,71,22,69,15,64,24,67,13,64,15,67,20,64,20,69,11,67,8,64,15,62,22,62,11,64,13,58,6,60,4,62,6,60,11,62,11,60,2,67,11,60,2,62,2,67,-4,62,2,67,0,58,-11,69,-11,64,-8,62,-13,62,-15,60,-15,58,-20,60,-24,55,-24,53,-29,51,-22,51,-26,47,-33,44,-29,42,-26,38,-31,31,-31,33,-33,24,-35,22,-40,22,-35,22,-40,11,0,0,0,0,0,0,0,0,0,0]"""
1782173653035,2026-06-23T09:14:13.035,warning,breathing,lmh,lying_fast_breath,t001,"CSI_DATA,19263,1a:00:00:00:00:00,-61,11,-98,15,45,11,138864845,47,2,256,0,""[0,0,0,0,0,0,0,0,0,0,0,0,23,-32,28,-30,30,-32,39,-32,39,-30,39,-26,43,-28,43,-23,50,-30,52,-28,58,-26,54,-28,60,-30,63,-21,67,-15,67,-17,67,-21,73,-10,73,-10,73,-6,71,0,80,-8,73,-2,78,-2,87,2,78,-4,76,2,80,6,78,8,80,2,73,8,82,10,78,8,80,8,82,8,76,6,73,4,78,2,80,10,82,4,80,13,80,0,78,6,87,6,76,8,76,8,82,8,80,8,82,13,91,17,91,15,87,15,87,26,84,26,91,28,91,26,89,28,0,0,0,0,0,0,45,-82,41,-78,36,-82,41,-71,36,-69,43,-63,45,-65,50,-69,45,-60,45,-54,34,-58,41,-50,41,-60,43,-54,41,-52,34,-50,43,-56,41,-52,45,-45,39,-50,36,-54,43,-47,39,-47,45,-45,45,-43,47,-50,43,-45,43,-47,52,-47,43,-47,45,-41,50,-41,54,-41,52,-43,50,-34,63,-34,58,-34,56,-30,60,-30,54,-23,52,-23,56,-19,63,-17,58,-15,60,-10,54,-13,52,-2,56,-6,50,0,45,2,43,4,43,8,47,10,43,15,39,19,34,17,30,23,0,0,0,0,0,0,0,0,0,0]"""
1782173653046,2026-06-23T09:14:13.046,warning,breathing,lmh,lying_fast_breath,t001,"CSI_DATA,19264,1a:00:00:00:00:00,-61,11,-98,18,44,11,138878381,47,2,256,0,""[0,0,0,0,0,0,0,0,0,0,0,0,-13,38,-15,35,-20,40,-20,42,-22,40,-24,38,-26,40,-29,47,-33,49,-31,49,-35,51,-35,53,-35,60,-35,55,-42,49,-44,55,-40,58,-49,55,-42,51,-47,62,-44,62,-51,58,-49,60,-47,62,-47,64,-42,67,-55,60,-49,58,-49,62,-44,64,-42,60,-44,69,-42,69,-38,62,-40,69,-35,69,-29,69,-29,73,-33,73,-22,78,-31,76,-24,76,-24,76,-20,80,-26,76,-17,78,-20,82,-17,78,-15,85,-20,87,-13,85,-13,87,-17,82,-17,89,-17,96,-11,89,-13,87,0,0,0,0,0,0,82,22,91,17,85,13,80,17,85,11,76,13,78,11,80,8,73,15,67,13,73,6,69,6,71,6,71,2,62,6,62,0,69,-6,67,-2,62,0,67,-4,62,-8,62,2,58,-8,62,-6,64,-4,62,-8,67,-11,62,-15,62,-15,62,-17,64,-11,67,-13,67,-8,60,-15,60,-11,64,-6,64,-11,58,-11,64,-6,62,-4,62,-8,62,-4,62,-4,60,-2,55,-2,58,-4,53,2,60,2,53,4,53,4,47,8,42,8,42,8,44,11,38,13,33,17,35,17,0,0,0,0,0,0,0,0,0,0]"""
1782173653057,2026-06-23T09:14:13.057,warning,breathing,lmh,lying_fast_breath,t001,"CSI_DATA,19265,1a:00:00:00:00:00,-61,11,-98,15,45,11,138889156,47,2,256,0,""[0,0,0,0,0,0,0,0,0,0,0,0,-13,-39,-10,-36,-13,-45,-10,-45,-8,-45,-10,-45,-15,-47,-10,-50,-17,-58,-13,-60,-10,-60,-15,-58,-17,-65,-17,-67,-10,-65,-15,-69,-21,-65,-17,-73,-17,-63,-21,-69,-19,-69,-23,-78,-23,-71,-21,-73,-23,-80,-30,-69,-28,-73,-30,-76,-30,-73,-41,-69,-36,-67,-39,-69,-41,-65,-41,-63,-50,-67,-52,-58,-50,-54,-56,-54,-52,-58,-63,-52,-60,-50,-69,-43,-67,-43,-71,-43,-63,-36,-73,-34,-71,-36,-73,-28,-76,-34,-82,-36,-76,-32,-80,-30,-80,-32,-82,-30,-89,-28,-89,-26,-89,-21,0,0,0,0,0,0,-19,87,-26,84,-6,82,-10,82,-13,87,-13,71,-10,80,-10,80,-8,76,-4,69,2,67,2,67,13,71,4,73,4,65,15,63,17,69,15,65,10,65,19,60,28,58,23,63,26,54,23,56,26,56,32,60,30,52,34,54,32,60,39,47,32,50,36,50,36,58,39,52,36,47,36,54,39,56,36,52,41,54,41,47,36,45,34,47,34,54,36,50,34,50,34,43,30,41,30,47,23,39,26,39,23,39,21,39,21,39,23,45,17,34,19,36,13,39,0,0,0,0,0,0,0,0,0,0]"""
1782173653066,2026-06-23T09:14:13.066,warning,breathing,lmh,lying_fast_breath,t001,"CSI_DATA,19266,1a:00:00:00:00:00,-61,11,-98,14,45,11,138897405,47,2,256,0,""[0,0,0,0,0,0,0,0,0,0,0,0,38,4,38,6,44,13,47,15,47,15,44,15,47,17,44,20,53,17,55,26,55,22,58,22,64,24,60,29,58,33,62,31,67,26,67,38,60,38,58,42,55,47,67,42,67,40,69,42,69,47,71,33,67,40,69,40,69,44,69,38,64,35,71,40,71,38,69,38,73,33,73,29,67,24,73,20,78,26,80,17,76,24,78,15,76,17,85,15,76,13,78,13,80,15,78,11,85,13,89,15,89,15,85,8,87,15,89,17,94,8,96,13,94,11,0,0,0,0,0,0,22,-89,17,-80,8,-87,15,-80,11,-82,15,-73,11,-76,13,-78,11,-73,11,-69,4,-71,6,-62,4,-69,8,-71,4,-69,-2,-67,0,-73,2,-67,6,-64,-2,-64,-11,-62,-4,-64,-6,-58,-8,-67,2,-60,-2,-64,-8,-64,-8,-67,-4,-67,-13,-60,-8,-60,-8,-62,-6,-67,-8,-67,-8,-60,0,-69,-2,-69,2,-62,0,-67,2,-58,0,-60,2,-62,4,-62,4,-62,6,-58,0,-55,6,-51,8,-58,11,-49,15,-47,13,-47,15,-42,17,-42,17,-40,17,-40,15,-33,24,-29,0,0,0,0,0,0,0,0,0,0]"""
1782173653077,2026-06-23T09:14:13.077,warning,breathing,lmh,lying_fast_breath,t001,"CSI_DATA,19267,1a:00:00:00:00:00,-61,11,-98,18,44,11,138908405,47,2,256,0,""[0,0,0,0,0,0,0,0,0,0,0,0,15,-35,17,-40,17,-42,20,-42,20,-42,20,-42,22,-44,20,-44,24,-53,26,-51,33,-53,24,-55,24,-64,22,-62,31,-58,26,-64,22,-69,31,-64,26,-64,29,-71,22,-71,29,-71,22,-67,22,-73,26,-78,15,-73,20,-73,17,-76,17,-78,8,-78,11,-71,11,-87,4,-78,2,-78,-4,-82,-6,-76,-6,-76,-11,-78,-11,-76,-17,-80,-20,-76,-29,-76,-26,-73,-35,-78,-24,-71,-38,-73,-33,-76,-40,-62,-44,-73,-44,-76,-51,-71,-47,-69,-49,-78,-51,-76,-58,-76,-60,-76,-58,-73,0,0,0,0,0,0,-78,58,-62,58,-58,67,-58,62,-62,60,-53,55,-53,55,-55,62,-51,60,-47,58,-42,58,-35,53,-38,60,-35,62,-31,58,-24,60,-29,67,-22,62,-26,53,-17,60,-11,67,-15,67,-8,62,-11,64,-13,64,-8,67,-6,60,0,67,-6,69,4,62,-2,62,-4,67,-2,67,8,67,4,60,0,67,2,67,6,62,2,69,0,58,4,55,4,62,2,62,2,58,-2,62,6,55,-4,55,2,58,-2,53,-2,42,-2,49,2,44,-6,47,-4,49,-6,42,-6,35,-8,38,0,0,0,0,0,0,0,0,0,0]"""
1782173653087,2026-06-23T09:14:13.087,warning,breathing,lmh,lying_fast_breath,t001,"CSI_DATA,19268,1a:00:00:00:00:00,-61,11,-98,18,44,11,138919405,47,2,256,0,""[0,0,0,0,0,0,0,0,0,0,0,0,15,35,13,38,13,44,8,49,8,47,4,47,8,49,6,49,11,60,0,58,0,62,2,58,-2,64,0,69,-8,69,-13,71,-8,73,-15,71,-13,64,-11,76,-15,71,-22,73,-20,76,-20,78,-22,76,-20,76,-29,73,-26,73,-31,73,-22,73,-24,69,-24,78,-22,76,-22,73,-22,78,-17,76,-20,69,-20,73,-20,69,-13,80,-20,78,-13,80,-17,76,-13,80,-17,78,-17,80,-15,82,-15,78,-17,82,-22,89,-17,82,-20,87,-26,87,-29,82,-24,89,-24,91,-29,89,0,0,0,0,0,0,78,35,76,44,78,29,78,38,76,35,71,38,67,33,71,35,64,35,58,35,64,31,62,33,69,33,60,33,60,35,60,29,64,26,55,29,58,33,58,31,67,22,55,33,55,26,58,29,55,26,60,29,58,31,55,29,58,33,62,24,58,35,58,35,55,35,60,31,55,33,53,42,53,38,53,35,51,42,47,44,47,42,44,44,42,47,40,49,33,47,35,44,31,44,29,44,20,42,24,47,20,44,24,42,15,42,6,40,6,40,4,40,-2,44,0,0,0,0,0,0,0,0,0,0]"""
1782173653098,2026-06-23T09:14:13.098,warning,breathing,lmh,lying_fast_breath,t001,"CSI_DATA,19269,1a:00:00:00:00:00,-61,11,-98,18,44,11,138930405,47,2,256,0,""[0,0,0,0,0,0,0,0,0,0,0,0,42,-4,40,-6,44,-2,47,-2,47,2,51,4,51,2,53,4,55,2,58,6,62,8,62,6,69,0,67,6,62,11,67,11,73,6,73,13,69,13,71,13,67,13,78,13,73,15,73,8,78,13,76,11,73,17,82,15,76,11,78,4,73,8,85,6,80,6,78,6,80,-2,78,-6,69,-11,80,-8,76,-6,78,-11,80,-8,76,-22,78,-24,80,-22,78,-17,78,-22,82,-26,78,-29,78,-26,82,-29,85,-35,85,-35,89,-29,85,-26,87,-33,94,-35,82,-33,0,0,0,0,0,0,-24,-87,-29,-80,-38,-78,-35,-80,-29,-76,-31,-71,-31,-69,-33,-78,-31,-71,-29,-69,-31,-62,-31,-58,-35,-64,-31,-64,-33,-58,-40,-53,-44,-62,-40,-53,-33,-58,-40,-47,-47,-47,-40,-49,-38,-44,-42,-49,-38,-47,-44,-49,-44,-47,-47,-47,-44,-53,-51,-40,-42,-42,-47,-44,-49,-47,-47,-44,-44,-40,-47,-51,-44,-49,-42,-44,-40,-49,-40,-47,-40,-42,-40,-49,-38,-49,-40,-47,-33,-47,-38,-42,-29,-44,-31,-42,-26,-42,-24,-40,-24,-42,-20,-42,-17,-44,-11,-44,-15,-38,-8,-40,-8,-38,0,0,0,0,0,0,0,0,0,0]"""
1782173653109,2026-06-23T09:14:13.109,warning,breathing,lmh,lying_fast_breath,t001,"CSI_DATA,19270,1a:00:00:00:00:00,-61,11,-98,15,45,11,138941405,47,2,256,0,""[0,0,0,0,0,0,0,0,0,0,0,0,17,-34,21,-32,21,-41,26,-41,28,-41,28,-41,23,-41,28,-43,30,-50,30,-52,30,-50,28,-52,30,-63,28,-63,34,-60,36,-63,30,-65,34,-63,34,-63,32,-67,32,-67,34,-76,30,-69,30,-76,30,-78,19,-71,28,-71,26,-76,23,-78,13,-78,13,-73,10,-82,8,-80,6,-73,2,-82,-4,-80,-6,-73,-13,-76,-13,-78,-23,-80,-17,-78,-30,-76,-23,-76,-36,-80,-30,-69,-36,-71,-34,-73,-41,-69,-45,-73,-50,-78,-52,-73,-54,-69,-50,-76,-50,-71,-60,-71,-63,-67,-65,-67,0,0,0,0,0,0,-67,63,-67,63,-54,69,-54,60,-54,65,-47,60,-45,65,-50,69,-45,65,-39,56,-32,63,-32,58,-30,67,-28,67,-28,60,-15,60,-15,71,-15,67,-17,63,-13,65,-2,65,-8,67,-2,60,-4,65,-4,67,0,65,0,60,10,67,8,69,17,60,8,63,10,65,13,67,17,65,13,58,10,69,17,65,17,63,13,67,13,60,15,54,13,56,15,63,17,60,13,56,13,54,10,52,15,56,8,43,8,47,6,45,13,41,4,47,2,45,8,45,4,39,0,36,0,0,0,0,0,0,0,0,0,0]"""
1782173653125,2026-06-23T09:14:13.125,warning,breathing,lmh,lying_fast_breath,t001,"CSI_DATA,19271,1a:00:00:00:00:00,-61,11,-98,18,44,11,138962489,47,2,256,0,""[0,0,0,0,0,0,0,0,0,0,0,0,-24,-31,-24,-33,-24,-38,-26,-40,-24,-38,-29,-40,-26,-38,-29,-44,-35,-44,-33,-49,-38,-51,-38,-49,-42,-53,-44,-51,-38,-60,-42,-60,-53,-55,-44,-55,-44,-53,-47,-51,-42,-51,-53,-60,-51,-53,-53,-55,-55,-60,-55,-47,-55,-53,-64,-53,-55,-47,-67,-44,-60,-42,-71,-44,-67,-35,-67,-33,-71,-33,-73,-24,-67,-22,-80,-20,-73,-20,-76,-13,-78,-13,-80,-4,-82,-4,-87,0,-82,0,-76,8,-85,6,-80,11,-80,11,-85,13,-87,13,-87,17,-96,20,-89,17,-96,29,-89,31,-85,35,0,0,0,0,0,0,26,89,29,85,40,78,35,80,40,71,33,71,42,71,40,71,38,62,38,67,44,55,42,58,51,55,47,51,49,55,55,40,58,42,53,44,49,44,53,35,60,29,58,38,60,33,53,26,58,29,55,29,58,26,62,20,62,26,62,11,64,20,67,20,64,17,62,11,60,6,69,17,67,15,62,8,64,11,62,13,55,6,62,6,60,13,60,11,60,11,58,8,51,11,51,8,49,15,47,8,49,11,42,11,47,13,38,17,42,13,42,8,38,13,0,0,0,0,0,0,0,0,0,0]"""
1782173653136,2026-06-23T09:14:13.136,warning,breathing,lmh,lying_fast_breath,t001,"CSI_DATA,19272,1a:00:00:00:00:00,-61,11,-98,18,44,11,138963405,47,2,256,0,""[0,0,0,0,0,0,0,0,0,0,0,0,2,-38,4,-40,4,-49,13,-47,8,-44,15,-44,15,-49,22,-49,22,-55,24,-51,31,-51,29,-55,31,-60,33,-58,38,-53,40,-60,38,-64,49,-55,49,-51,44,-47,44,-47,55,-60,55,-55,53,-53,62,-55,51,-55,64,-49,58,-51,60,-49,55,-53,58,-47,62,-47,55,-49,60,-47,58,-53,58,-53,55,-49,58,-55,58,-58,55,-62,60,-53,53,-62,58,-53,58,-58,55,-51,60,-58,58,-55,60,-60,60,-60,67,-58,62,-60,67,-60,73,-51,73,-49,76,-60,69,-58,78,-55,0,0,0,0,0,0,-35,-73,-44,-82,-44,-69,-40,-69,-40,-73,-38,-71,-38,-69,-35,-73,-29,-71,-31,-67,-33,-62,-26,-64,-31,-62,-29,-64,-24,-62,-29,-62,-31,-62,-29,-60,-22,-60,-26,-60,-33,-58,-22,-60,-26,-49,-22,-55,-24,-60,-24,-62,-22,-62,-29,-53,-26,-64,-29,-60,-20,-62,-15,-60,-20,-60,-22,-62,-17,-60,-11,-64,-11,-64,-8,-58,-11,-67,-4,-64,-4,-60,-2,-64,-2,-62,0,-60,6,-55,4,-60,11,-53,8,-58,15,-51,13,-47,22,-47,15,-49,22,-40,26,-40,24,-38,24,-35,24,-29,0,0,0,0,0,0,0,0,0,0]"""
1782173653147,2026-06-23T09:14:13.147,warning,breathing,lmh,lying_fast_breath,t001,"CSI_DATA,19273,1a:00:00:00:00:00,-61,11,-98,14,45,11,138974404,47,2,256,0,""[0,0,0,0,0,0,0,0,0,0,0,0,-35,-15,-33,-17,-38,-24,-40,-29,-40,-26,-38,-29,-40,-29,-40,-31,-44,-35,-44,-38,-47,-40,-47,-38,-51,-42,-53,-44,-44,-47,-47,-49,-53,-47,-51,-53,-47,-51,-53,-58,-53,-58,-53,-60,-51,-53,-53,-58,-55,-62,-55,-53,-51,-55,-53,-55,-49,-62,-58,-58,-53,-51,-58,-55,-60,-55,-55,-51,-62,-53,-60,-47,-60,-40,-67,-40,-64,-47,-71,-38,-69,-42,-73,-33,-69,-38,-78,-38,-69,-33,-73,-31,-76,-35,-71,-31,-78,-38,-82,-38,-85,-35,-82,-31,-85,-40,-80,-35,-87,-40,-87,-35,-87,-35,0,0,0,0,0,0,-42,80,-38,82,-29,85,-31,73,-26,78,-29,71,-31,73,-31,78,-29,71,-26,67,-26,69,-22,67,-20,69,-22,69,-20,64,-13,62,-11,71,-11,67,-17,64,-11,62,-4,64,-11,62,-8,62,-11,64,-11,67,-11,64,-6,62,-2,64,-6,67,2,64,-4,62,-6,64,-11,67,-2,67,-8,58,-13,71,-11,67,-11,64,-11,67,-13,58,-11,53,-8,60,-17,62,-13,62,-15,58,-11,53,-20,49,-15,53,-17,47,-22,47,-22,40,-22,42,-22,38,-26,40,-29,40,-24,31,-26,26,0,0,0,0,0,0,0,0,0,0]"""
1782173653157,2026-06-23T09:14:13.157,warning,breathing,lmh,lying_fast_breath,t001,"CSI_DATA,19274,1a:00:00:00:00:00,-61,11,-98,20,44,11,138987353,47,2,256,0,""[0,0,0,0,0,0,0,0,0,0,0,0,-2,42,-4,42,-8,46,-10,44,-10,46,-12,48,-8,48,-14,48,-12,57,-12,59,-12,61,-10,61,-16,67,-10,63,-19,67,-12,69,-10,69,-14,71,-10,71,-10,80,-14,78,-12,73,-8,73,-4,82,-8,84,0,73,-4,76,-4,82,-2,78,10,80,6,73,14,86,10,76,12,76,21,76,29,76,21,69,31,73,29,78,40,69,35,71,46,63,46,67,52,71,48,65,52,59,52,63,59,61,59,59,67,65,71,65,69,57,63,61,71,61,76,52,78,52,80,52,0,0,0,0,0,0,54,-73,50,-73,40,-76,40,-69,31,-71,35,-65,27,-73,33,-78,29,-69,27,-67,23,-69,23,-63,16,-76,16,-73,16,-71,4,-63,2,-71,4,-65,6,-61,-6,-63,-8,-65,-2,-65,-8,-61,-8,-61,-4,-63,-12,-67,-8,-63,-19,-61,-19,-71,-25,-59,-16,-61,-23,-65,-25,-63,-25,-63,-23,-57,-23,-69,-25,-61,-25,-61,-25,-65,-19,-59,-25,-54,-27,-57,-27,-59,-25,-54,-21,-57,-23,-50,-19,-54,-23,-50,-16,-46,-12,-44,-14,-48,-16,-44,-12,-40,-4,-44,-10,-46,-10,-42,0,-40,0,0,0,0,0,0,0,0,0,0]"""
1782173653168,2026-06-23T09:14:13.168,warning,breathing,lmh,lying_fast_breath,t001,"CSI_DATA,19275,1a:00:00:00:00:00,-61,11,-98,14,45,11,138998503,47,2,256,0,""[0,0,0,0,0,0,0,0,0,0,0,0,0,40,-4,40,-6,40,-8,49,-11,47,-13,49,-13,49,-15,51,-17,58,-20,55,-24,58,-22,60,-26,62,-29,60,-35,58,-33,60,-31,69,-40,62,-40,58,-40,60,-40,58,-44,62,-47,58,-47,60,-51,64,-44,64,-51,58,-51,64,-51,58,-47,64,-47,58,-53,64,-49,62,-47,58,-47,64,-47,67,-42,60,-44,67,-44,64,-40,69,-42,69,-35,73,-40,71,-40,71,-42,69,-40,71,-40,71,-35,76,-42,73,-47,76,-42,76,-42,78,-51,78,-55,71,-49,78,-49,76,-47,73,0,0,0,0,0,0,69,64,64,55,69,47,67,51,64,51,60,55,55,44,62,53,55,51,55,51,55,49,51,47,58,44,51,42,53,49,53,42,55,42,55,40,42,47,55,38,60,38,51,44,47,38,51,38,44,42,51,40,47,38,51,35,51,42,55,38,47,38,53,44,44,42,51,42,49,40,47,49,42,49,38,47,42,49,38,47,40,47,38,51,35,53,33,51,26,51,31,49,22,51,24,47,20,49,20,44,15,47,13,42,8,40,4,42,2,42,4,38,-2,40,0,0,0,0,0,0,0,0,0,0]"""
1782173653178,2026-06-23T09:14:13.178,warning,breathing,lmh,lying_fast_breath,t001,"CSI_DATA,19276,1a:00:00:00:00:00,-61,11,-98,14,45,11,139007404,47,2,256,0,""[0,0,0,0,0,0,0,0,0,0,0,0,-8,42,-13,38,-20,40,-22,40,-29,42,-26,40,-26,44,-31,42,-35,47,-38,44,-40,44,-40,47,-47,49,-51,49,-55,38,-60,44,-58,49,-60,42,-58,35,-60,40,-62,33,-71,35,-67,38,-71,31,-78,31,-69,35,-73,26,-71,29,-80,24,-73,26,-71,26,-76,26,-73,26,-73,24,-76,31,-76,33,-71,29,-73,33,-76,29,-73,33,-73,26,-76,35,-76,26,-78,33,-73,29,-73,35,-80,29,-73,35,-80,29,-85,31,-85,29,-82,29,-91,22,-91,20,-91,22,-89,20,-91,20,0,0,0,0,0,0,4,89,4,91,8,85,4,85,6,89,-2,80,-2,80,-4,80,-4,76,-4,73,0,71,0,67,-2,73,-6,69,-6,69,0,69,-4,73,-6,67,-8,62,-4,69,0,69,-8,67,-6,55,-6,60,-13,62,-6,62,-6,62,-6,62,-13,62,-4,64,-11,62,-11,64,-20,64,-17,64,-15,60,-24,60,-26,60,-26,60,-26,60,-29,58,-26,55,-33,53,-38,51,-35,49,-38,40,-35,44,-38,33,-40,38,-35,31,-35,31,-42,24,-35,31,-42,20,-42,15,-38,13,-38,13,-40,8,0,0,0,0,0,0,0,0,0,0]"""
1782173653189,2026-06-23T09:14:13.189,warning,breathing,lmh,lying_fast_breath,t001,"CSI_DATA,19277,1a:00:00:00:00:00,-61,11,-98,18,44,11,139018404,47,2,256,0,""[0,0,0,0,0,0,0,0,0,0,0,0,-13,38,-17,33,-17,44,-20,44,-20,42,-20,42,-20,44,-24,49,-22,53,-26,53,-26,55,-22,55,-24,64,-26,64,-29,60,-26,64,-20,69,-26,67,-24,64,-29,69,-29,76,-22,71,-20,73,-17,78,-20,80,-8,78,-17,76,-11,80,-13,80,-4,80,-4,76,0,82,2,80,6,76,13,80,17,78,20,69,22,73,22,78,33,78,26,76,42,69,40,71,49,69,42,64,49,67,49,69,53,60,60,67,62,69,64,64,64,64,71,60,69,62,71,58,73,55,73,55,0,0,0,0,0,0,60,-76,51,-78,38,-76,42,-73,38,-73,33,-67,35,-73,35,-76,31,-71,24,-64,20,-69,17,-67,13,-71,20,-69,8,-67,6,-64,0,-71,4,-67,2,-64,-4,-67,-8,-62,-4,-64,-11,-55,-11,-62,-8,-67,-20,-60,-15,-58,-24,-62,-24,-64,-29,-55,-26,-58,-29,-64,-29,-62,-31,-60,-29,-55,-29,-62,-33,-60,-31,-55,-31,-60,-31,-55,-31,-51,-33,-49,-31,-55,-33,-51,-31,-51,-29,-51,-24,-49,-29,-47,-22,-40,-24,-40,-22,-44,-22,-40,-20,-35,-22,-40,-17,-40,-15,-33,-15,-38,0,0,0,0,0,0,0,0,0,0]"""
1782173653200,2026-06-23T09:14:13.200,warning,breathing,lmh,lying_fast_breath,t001,"CSI_DATA,19278,1a:00:00:00:00:00,-61,11,-98,18,44,11,139031116,47,2,256,0,""[0,0,0,0,0,0,0,0,0,0,0,0,-38,-11,-35,-15,-42,-15,-44,-20,-44,-22,-42,-20,-47,-17,-42,-26,-55,-22,-55,-24,-53,-26,-60,-26,-62,-29,-60,-26,-55,-35,-64,-35,-67,-24,-67,-35,-60,-31,-73,-29,-67,-31,-67,-33,-69,-29,-67,-31,-76,-31,-73,-26,-71,-33,-76,-29,-73,-26,-71,-22,-73,-17,-76,-17,-76,-13,-76,-11,-80,-6,-78,0,-78,-2,-78,0,-78,0,-82,8,-82,6,-80,20,-78,13,-85,20,-76,15,-80,24,-80,24,-76,29,-78,31,-89,26,-82,33,-85,38,-89,33,-82,35,-89,40,-80,42,-78,47,0,0,0,0,0,0,35,78,42,80,44,67,40,73,47,73,42,67,44,64,44,64,44,62,40,60,44,60,44,55,49,51,49,51,44,51,49,44,53,44,55,44,44,42,51,40,58,31,58,42,53,33,53,29,53,33,55,29,62,33,58,22,60,31,62,20,58,26,62,22,62,29,60,20,60,24,62,24,60,20,60,17,60,20,60,22,58,22,60,26,58,26,58,26,51,22,53,22,51,22,51,24,47,24,42,20,49,26,42,22,38,22,33,29,35,22,33,26,26,26,0,0,0,0,0,0,0,0,0,0]"""
1782173653209,2026-06-23T09:14:13.209,warning,breathing,lmh,lying_fast_breath,t001,"CSI_DATA,19279,1a:00:00:00:00:00,-61,11,-98,15,45,11,139040404,47,2,256,0,""[0,0,0,0,0,0,0,0,0,0,0,0,21,34,19,36,19,39,17,43,17,45,19,50,13,50,8,56,13,56,13,56,10,60,8,63,13,67,8,67,2,67,0,69,6,73,-4,73,-6,67,-8,76,-8,76,-8,76,-10,76,-10,73,-15,80,-8,78,-17,78,-19,78,-19,78,-15,76,-17,73,-17,80,-17,78,-13,71,-15,78,-15,80,-15,71,-13,80,-10,78,-8,80,-13,76,-6,82,-15,80,-8,82,-15,78,-10,80,-15,82,-10,82,-13,78,-17,91,-13,87,-15,89,-26,89,-28,89,-17,93,-19,91,-21,87,0,0,0,0,0,0,80,34,82,32,80,26,76,34,76,32,71,36,69,32,71,34,65,34,67,36,65,32,60,32,65,34,63,30,60,32,60,26,65,26,58,28,56,32,58,30,60,26,58,34,54,23,56,28,54,32,56,30,58,32,58,26,58,28,63,26,54,32,56,34,52,36,52,34,54,36,52,41,50,39,47,36,50,43,45,45,43,41,43,47,39,47,36,43,32,47,32,50,23,52,28,45,21,47,21,47,15,43,17,43,10,41,8,41,6,41,4,43,0,36,0,0,0,0,0,0,0,0,0,0]"""
1782173653220,2026-06-23T09:14:13.220,warning,breathing,lmh,lying_fast_breath,t001,"CSI_DATA,19280,1a:00:00:00:00:00,-61,11,-98,15,45,11,139051404,47,2,256,0,""[0,0,0,0,0,0,0,0,0,0,0,0,-2,-43,4,-41,8,-45,13,-47,13,-43,15,-45,19,-50,19,-50,23,-52,28,-52,30,-52,32,-54,34,-58,36,-56,45,-52,45,-54,43,-60,54,-54,52,-45,52,-45,58,-43,58,-52,60,-45,60,-45,69,-43,58,-45,67,-43,65,-43,67,-36,69,-41,63,-39,71,-36,69,-39,67,-34,69,-39,67,-45,65,-36,67,-43,69,-36,67,-43,69,-39,65,-45,71,-41,69,-43,71,-39,65,-41,71,-39,69,-43,71,-34,82,-39,80,-34,80,-36,84,-32,84,-30,89,-34,87,-28,87,-28,0,0,0,0,0,0,-10,-89,-8,-89,-13,-84,-13,-82,-10,-82,-6,-76,-6,-78,-2,-80,-4,-76,0,-71,-4,-69,2,-65,-4,-71,2,-69,0,-67,-4,-65,-2,-69,0,-63,6,-63,2,-67,-4,-67,4,-67,4,-60,6,-60,8,-60,8,-60,8,-65,4,-65,13,-63,6,-65,13,-63,13,-67,17,-65,15,-65,15,-60,26,-65,26,-60,26,-56,30,-58,30,-52,28,-50,32,-54,39,-50,39,-45,39,-43,32,-43,39,-34,39,-36,41,-32,41,-28,39,-23,41,-17,43,-17,39,-13,41,-10,39,-10,39,-6,0,0,0,0,0,0,0,0,0,0]"""
1782173653232,2026-06-23T09:14:13.232,warning,breathing,lmh,lying_fast_breath,t001,"CSI_DATA,19281,1a:00:00:00:00:00,-61,11,-98,15,45,11,139062404,47,2,256,0,""[0,0,0,0,0,0,0,0,0,0,0,0,-41,-4,-39,-4,-43,-4,-50,-10,-45,-15,-47,-13,-47,-13,-45,-19,-58,-17,-56,-17,-56,-23,-58,-21,-63,-23,-65,-26,-60,-32,-60,-30,-65,-26,-63,-34,-60,-34,-65,-36,-58,-36,-71,-39,-63,-39,-67,-43,-71,-45,-69,-34,-65,-43,-69,-41,-65,-45,-69,-39,-63,-41,-71,-43,-69,-41,-69,-36,-73,-34,-69,-28,-65,-26,-71,-26,-71,-32,-80,-28,-73,-32,-76,-21,-73,-23,-80,-26,-76,-21,-76,-19,-78,-19,-78,-17,-82,-21,-87,-26,-89,-23,-89,-19,-89,-26,-84,-28,-89,-28,-93,-26,-87,-23,0,0,0,0,0,0,-36,87,-34,82,-23,84,-28,78,-23,73,-30,73,-30,76,-32,80,-28,69,-23,65,-19,63,-17,63,-19,67,-23,67,-21,65,-13,60,-15,71,-15,65,-21,63,-10,60,-6,63,-17,63,-13,63,-15,65,-15,65,-10,63,-10,58,-6,63,-17,65,-2,63,-10,58,-10,67,-15,63,-13,67,-15,58,-19,67,-17,63,-17,63,-19,63,-15,56,-19,54,-21,56,-26,58,-26,56,-28,52,-23,47,-28,43,-28,47,-28,41,-26,36,-32,34,-28,32,-32,34,-34,32,-39,30,-30,21,-30,21,0,0,0,0,0,0,0,0,0,0]"""
1782173653243,2026-06-23T09:14:13.243,warning,breathing,lmh,lying_fast_breath,t001,"CSI_DATA,19282,1a:00:00:00:00:00,-61,11,-98,15,45,11,139073404,47,2,256,0,""[0,0,0,0,0,0,0,0,0,0,0,0,-6,39,-6,39,-13,43,-13,45,-10,47,-17,43,-15,47,-17,47,-17,58,-17,56,-21,56,-19,58,-17,65,-21,67,-26,60,-26,63,-19,69,-23,69,-19,65,-26,69,-28,73,-23,76,-23,73,-21,76,-26,78,-17,73,-23,71,-19,78,-15,78,-13,76,-15,71,-10,82,-6,76,-2,78,0,82,2,80,4,73,8,73,8,78,19,82,15,76,21,76,19,73,30,80,21,71,28,69,30,73,32,73,36,76,43,84,41,78,39,76,39,84,39,78,50,82,50,80,50,78,0,0,0,0,0,0,78,-47,76,-50,69,-50,69,-43,63,-50,63,-43,60,-50,67,-54,58,-50,54,-41,47,-47,47,-43,47,-56,50,-52,45,-47,39,-50,39,-58,41,-56,36,-52,34,-54,28,-60,34,-58,26,-54,26,-56,28,-58,28,-63,26,-56,17,-63,23,-65,15,-60,23,-60,21,-63,19,-65,15,-63,19,-56,21,-67,15,-63,13,-65,17,-65,21,-56,19,-56,19,-56,21,-58,17,-60,21,-56,19,-54,26,-47,15,-52,23,-43,19,-41,23,-43,19,-39,19,-41,26,-39,17,-39,23,-32,28,-30,0,0,0,0,0,0,0,0,0,0]"""
1782173653258,2026-06-23T09:14:13.258,warning,breathing,lmh,lying_fast_breath,t001,"CSI_DATA,19283,1a:00:00:00:00:00,-61,11,-98,14,45,11,139096670,47,2,256,0,""[0,0,0,0,0,0,0,0,0,0,0,0,-31,29,-31,24,-33,26,-38,26,-38,31,-40,26,-42,29,-44,29,-47,33,-44,33,-51,38,-49,38,-49,40,-51,40,-55,35,-55,40,-55,49,-60,40,-60,44,-55,40,-58,38,-55,49,-62,47,-58,53,-62,55,-55,53,-58,51,-58,55,-55,53,-49,60,-49,51,-51,64,-47,64,-40,62,-42,71,-40,69,-35,64,-33,71,-33,73,-22,76,-26,73,-17,78,-20,78,-13,82,-17,78,-13,78,-15,85,-6,80,-6,82,-4,91,0,89,0,89,-4,91,-2,89,4,94,8,94,6,91,0,0,0,0,0,0,89,-4,87,-4,85,-20,85,-8,80,-11,80,-8,73,-22,82,-24,71,-20,71,-13,71,-17,67,-20,69,-22,62,-29,64,-26,58,-31,60,-38,53,-38,55,-29,55,-38,49,-40,55,-35,44,-40,44,-42,44,-38,44,-42,44,-49,38,-49,42,-51,35,-49,42,-49,44,-51,42,-49,38,-53,38,-47,44,-51,40,-51,35,-49,38,-51,42,-44,35,-44,38,-49,40,-49,33,-47,38,-44,33,-44,38,-40,33,-42,38,-38,35,-38,33,-33,33,-26,35,-33,35,-26,33,-26,33,-22,38,-20,0,0,0,0,0,0,0,0,0,0]"""
1782173653268,2026-06-23T09:14:13.268,warning,breathing,lmh,lying_fast_breath,t001,"CSI_DATA,19284,1a:00:00:00:00:00,-61,11,-98,16,45,11,139102574,47,2,256,0,""[0,0,0,0,0,0,0,0,0,0,0,0,40,12,38,14,42,16,44,21,42,25,40,23,42,25,38,29,46,35,48,35,48,35,48,35,54,40,54,42,48,48,48,46,57,48,48,52,46,50,48,50,48,54,54,61,48,59,50,57,50,65,48,54,46,63,48,63,48,63,54,59,46,54,52,61,50,59,52,57,57,59,59,57,50,50,54,48,59,54,65,50,63,52,65,44,63,50,73,52,57,46,61,44,65,52,63,44,73,50,71,59,69,52,71,52,71,59,69,57,76,59,78,57,73,57,0,0,0,0,0,0,67,-65,67,-67,52,-63,52,-57,59,-63,50,-52,54,-57,57,-63,52,-54,46,-48,42,-46,44,-44,50,-57,46,-52,44,-48,38,-50,42,-54,46,-54,46,-48,40,-54,33,-48,42,-48,35,-50,42,-50,44,-50,42,-52,35,-44,35,-54,42,-52,33,-52,40,-48,40,-48,44,-50,40,-52,40,-46,46,-48,46,-46,44,-44,50,-46,46,-40,46,-38,48,-35,50,-38,50,-38,50,-33,46,-31,46,-25,50,-29,44,-16,40,-19,46,-14,42,-16,42,-12,50,-8,40,-8,38,-4,40,2,0,0,0,0,0,0,0,0,0,0]"""
1782173653279,2026-06-23T09:14:13.279,warning,breathing,lmh,lying_fast_breath,t001,"CSI_DATA,19285,1a:00:00:00:00:00,-61,11,-98,16,45,11,139106404,47,2,256,0,""[0,0,0,0,0,0,0,0,0,0,0,0,8,38,4,40,4,44,2,50,4,46,0,46,4,46,2,50,0,57,2,59,6,61,6,61,8,65,8,67,2,67,4,67,10,69,4,73,10,71,0,73,4,78,4,73,10,73,14,76,12,82,21,71,12,76,14,73,19,78,25,73,23,67,27,78,25,76,27,71,35,71,38,63,40,61,44,61,48,65,52,59,50,65,54,54,54,54,65,59,59,48,63,50,61,52,67,42,71,48,71,52,78,44,71,38,76,46,78,44,84,44,82,44,84,40,0,0,0,0,0,0,42,-78,38,-82,29,-82,29,-76,21,-80,25,-73,21,-76,23,-82,19,-73,16,-69,12,-69,12,-65,4,-69,8,-69,2,-67,-4,-63,-6,-69,-6,-69,0,-63,-6,-63,-16,-61,-10,-61,-12,-61,-10,-63,-10,-63,-16,-63,-21,-54,-25,-57,-23,-65,-33,-54,-23,-54,-27,-57,-25,-61,-27,-59,-27,-50,-25,-63,-29,-63,-25,-59,-29,-63,-25,-54,-29,-48,-29,-52,-29,-57,-27,-54,-21,-57,-25,-46,-21,-44,-25,-52,-19,-46,-19,-42,-16,-42,-19,-42,-12,-44,-14,-46,-10,-42,-10,-40,-4,-38,0,0,0,0,0,0,0,0,0,0]"""
1782173653290,2026-06-23T09:14:13.290,warning,breathing,lmh,lying_fast_breath,t001,"CSI_DATA,19286,1a:00:00:00:00:00,-61,11,-98,18,44,11,139118424,47,2,256,0,""[0,0,0,0,0,0,0,0,0,0,0,0,-24,26,-33,26,-35,26,-40,26,-40,24,-40,29,-44,26,-44,22,-49,29,-51,26,-55,29,-53,26,-58,33,-58,29,-60,22,-62,29,-67,31,-67,29,-69,22,-62,20,-67,17,-69,29,-69,24,-69,26,-78,26,-71,29,-71,22,-76,26,-71,26,-71,31,-67,26,-78,33,-73,33,-69,33,-71,35,-67,40,-62,33,-69,44,-67,38,-62,51,-67,44,-60,51,-62,51,-64,51,-64,51,-62,51,-64,53,-58,53,-58,53,-67,58,-67,60,-62,62,-64,60,-73,58,-67,67,-69,67,-64,60,0,0,0,0,0,0,53,64,58,67,62,64,49,64,51,60,47,60,53,55,53,64,44,53,49,58,47,53,44,51,55,49,47,49,49,51,49,42,55,44,47,40,44,42,49,42,58,38,53,47,49,35,51,38,51,42,51,40,49,35,53,31,53,40,55,29,47,33,55,38,53,38,58,35,51,33,55,44,51,40,49,40,49,40,47,42,47,38,49,42,47,42,42,40,40,42,40,38,38,42,35,42,31,42,29,38,29,40,26,35,20,40,20,44,15,38,20,40,13,44,0,0,0,0,0,0,0,0,0,0]"""
1782173653300,2026-06-23T09:14:13.300,warning,breathing,lmh,lying_fast_breath,t001,"CSI_DATA,19287,1a:00:00:00:00:00,-61,11,-98,15,45,11,139130768,47,2,256,0,""[0,0,0,0,0,0,0,0,0,0,0,0,-23,-28,-21,-32,-26,-36,-26,-43,-23,-41,-21,-41,-26,-41,-23,-47,-28,-50,-30,-52,-32,-52,-30,-52,-34,-58,-34,-60,-28,-63,-32,-60,-36,-60,-32,-65,-34,-60,-30,-69,-28,-73,-34,-69,-34,-69,-39,-67,-39,-78,-43,-63,-36,-65,-39,-69,-39,-65,-47,-63,-39,-58,-45,-67,-50,-63,-45,-60,-54,-60,-56,-54,-52,-54,-58,-50,-58,-54,-67,-47,-67,-50,-69,-39,-65,-43,-76,-41,-65,-36,-69,-36,-69,-39,-73,-32,-76,-36,-82,-41,-82,-36,-82,-32,-82,-34,-78,-36,-89,-32,-91,-32,-91,-30,0,0,0,0,0,0,-39,80,-34,82,-26,87,-26,78,-19,76,-26,76,-21,78,-21,82,-21,73,-17,71,-15,69,-13,63,-8,73,-8,69,-10,67,2,65,-4,71,-2,71,-4,69,2,63,10,63,0,65,6,60,8,63,2,69,8,67,8,60,15,63,10,67,17,60,15,60,13,65,13,67,19,67,15,56,13,67,13,67,15,63,13,65,13,63,13,56,10,60,8,63,10,60,4,60,10,54,4,52,8,56,4,47,4,47,0,47,2,45,-2,45,-4,50,-6,43,-4,39,-8,39,0,0,0,0,0,0,0,0,0,0]"""
1782173653311,2026-06-23T09:14:13.311,warning,breathing,lmh,lying_fast_breath,t001,"CSI_DATA,19288,1a:00:00:00:00:00,-59,11,-98,18,42,11,139139403,47,2,256,0,""[0,0,0,0,0,0,0,0,0,0,0,0,-14,-36,-14,-36,-8,-42,-5,-47,-8,-50,-5,-47,0,-50,2,-53,0,-56,8,-62,2,-64,8,-59,11,-67,14,-62,22,-59,25,-70,25,-67,39,-64,33,-59,31,-64,33,-64,42,-59,42,-62,42,-64,50,-62,47,-62,53,-50,56,-62,53,-53,53,-56,53,-50,62,-62,59,-53,50,-53,59,-59,56,-53,53,-53,56,-64,56,-56,62,-47,62,-47,56,-64,76,-25,64,-62,67,-45,81,0,84,-53,45,-39,36,-118,25,-67,42,-42,8,-42,155,-25,39,-56,28,-73,140,8,73,-70,0,0,0,0,0,0,-16,-73,50,-124,-62,-67,16,-93,-98,-73,31,-64,-45,-90,-70,-67,-25,-33,16,-62,-36,-64,-22,-33,-16,-76,2,-76,-14,-47,-2,-67,0,-73,5,-73,0,-64,2,-70,-8,-64,14,-64,0,-59,5,-64,5,-64,8,-62,5,-67,0,-67,11,-64,8,-64,14,-59,14,-62,16,-62,14,-67,22,-62,28,-64,31,-62,25,-59,36,-62,33,-47,36,-53,39,-56,45,-50,39,-45,39,-39,45,-42,42,-33,47,-36,50,-28,39,-22,47,-22,45,-19,39,-14,45,-11,47,0,45,-2,39,2,0,0,0,0,0,0,0,0,0,0]"""
1782173653322,2026-06-23T09:14:13.322,warning,breathing,lmh,lying_fast_breath,t001,"CSI_DATA,19289,1a:00:00:00:00:00,-61,11,-98,18,44,11,139151950,47,2,256,0,""[0,0,0,0,0,0,0,0,0,0,0,0,40,-8,40,-4,42,-6,47,-4,44,-4,49,-2,49,-4,51,0,53,-4,55,0,62,-2,60,0,64,-2,69,-4,67,0,71,-6,73,-6,76,0,67,0,71,2,78,2,73,-2,76,-4,78,-6,85,-6,71,-13,78,-4,80,-4,76,-6,82,-13,71,-11,80,-11,76,-22,73,-20,76,-17,76,-26,69,-26,73,-29,73,-29,71,-40,71,-35,64,-49,67,-44,67,-49,64,-42,62,-53,67,-47,64,-55,64,-55,67,-55,64,-62,60,-60,71,-60,71,-58,62,-73,62,-67,60,-67,0,0,0,0,0,0,-62,-64,-64,-60,-67,-60,-60,-55,-67,-53,-58,-55,-62,-49,-64,-49,-55,-47,-55,-49,-55,-40,-58,-42,-62,-38,-62,-35,-58,-38,-60,-26,-60,-29,-60,-22,-58,-29,-62,-22,-69,-17,-60,-22,-58,-13,-62,-15,-62,-20,-64,-15,-64,-15,-60,-6,-62,-15,-64,-2,-60,-11,-62,-11,-64,-8,-67,-2,-62,-6,-64,-13,-67,-8,-64,-8,-64,-11,-62,-13,-58,-8,-64,-11,-58,-15,-60,-8,-55,-15,-58,-8,-53,-17,-51,-13,-49,-15,-51,-13,-49,-15,-44,-15,-42,-15,-38,-20,-42,-22,-38,-24,-33,-20,0,0,0,0,0,0,0,0,0,0]"""
1782173653332,2026-06-23T09:14:13.332,warning,breathing,lmh,lying_fast_breath,t001,"CSI_DATA,19290,1a:00:00:00:00:00,-60,11,-98,-11,42,11,139161403,47,2,256,0,""[0,0,0,0,0,0,0,0,0,0,0,0,12,350,-168,-175,0,-45,-344,149,246,51,-32,-64,12,25,-32,25,77,58,0,12,19,103,-38,116,-19,90,103,64,142,188,-45,149,-6,19,0,155,45,12,90,45,-64,71,32,58,32,71,38,110,25,77,25,77,45,64,45,71,19,84,38,90,25,51,19,64,51,58,19,77,45,58,51,71,32,45,32,64,45,71,51,71,58,64,51,45,45,51,71,45,58,51,64,64,64,32,84,58,77,51,51,32,71,45,97,32,64,71,77,64,116,84,77,38,32,64,0,0,0,0,0,0,77,-90,71,-90,45,-58,38,-77,25,-84,51,-71,51,-64,58,-97,19,-51,38,-51,19,-71,45,-64,19,-58,38,-71,25,-71,12,-71,12,-77,6,-58,0,-58,12,-71,6,-71,25,-51,12,-58,0,-64,12,-64,6,-58,0,-77,-6,-64,-12,-71,-19,-58,0,-58,0,-58,0,-77,-6,-71,6,-64,12,-77,-6,-58,0,-71,6,-58,-6,-64,12,-64,12,-64,12,-71,0,-71,6,-71,6,-51,12,-58,6,-45,6,-38,6,-58,19,-38,6,-38,19,-45,0,-38,12,-32,25,-32,25,-25,0,0,0,0,0,0,0,0,0,0]"""
1782173653348,2026-06-23T09:14:13.348,warning,breathing,lmh,lying_fast_breath,t001,"CSI_DATA,19291,1a:00:00:00:00:00,-61,11,-98,16,45,11,139186624,47,2,256,0,""[0,0,0,0,0,0,0,0,0,0,0,0,33,-25,33,-21,40,-25,40,-23,44,-21,44,-16,44,-19,50,-12,54,-19,57,-14,57,-12,59,-14,67,-16,67,-12,67,-4,67,-6,69,-12,73,0,69,0,69,6,73,10,78,2,76,4,80,2,80,8,78,2,76,8,78,8,78,12,80,4,71,8,80,10,78,8,76,10,80,6,78,2,71,2,78,2,80,6,82,2,80,4,82,-4,80,2,86,0,78,4,80,-2,82,0,80,0,86,2,90,0,88,4,88,2,90,10,88,12,92,8,97,8,90,8,0,0,0,0,0,0,25,-86,21,-86,16,-84,19,-78,16,-80,21,-73,19,-76,27,-80,21,-71,21,-67,19,-67,21,-63,16,-69,25,-69,21,-63,12,-63,16,-71,19,-65,23,-65,14,-61,8,-63,16,-61,14,-59,16,-59,23,-63,21,-63,16,-63,12,-65,23,-65,10,-63,19,-61,23,-63,27,-63,21,-63,21,-59,31,-61,31,-61,29,-59,33,-59,31,-54,31,-52,31,-50,40,-50,38,-48,42,-44,35,-46,40,-38,44,-42,35,-31,38,-29,40,-29,33,-23,40,-19,40,-23,44,-14,35,-12,42,-6,0,0,0,0,0,0,0,0,0,0]"""
1782173653361,2026-06-23T09:14:13.361,warning,breathing,lmh,lying_fast_breath,t001,"CSI_DATA,19292,1a:00:00:00:00:00,-61,11,-98,20,44,11,139190666,47,2,256,0,""[0,0,0,0,0,0,0,0,0,0,0,0,-40,0,-40,-2,-42,-6,-50,-8,-48,-10,-46,-14,-46,-12,-50,-21,-57,-16,-52,-21,-52,-23,-54,-16,-61,-23,-61,-27,-54,-38,-61,-31,-65,-31,-57,-42,-57,-42,-54,-42,-52,-44,-63,-44,-59,-44,-63,-46,-63,-50,-67,-40,-59,-48,-65,-48,-59,-52,-65,-50,-57,-44,-61,-52,-63,-44,-59,-46,-65,-48,-65,-50,-59,-42,-69,-40,-65,-44,-71,-42,-67,-48,-71,-38,-71,-46,-73,-40,-65,-40,-67,-40,-73,-42,-71,-38,-78,-46,-73,-46,-80,-48,-78,-44,-78,-50,-71,-46,-82,-50,-84,-44,-76,-42,0,0,0,0,0,0,-59,69,-57,69,-54,71,-57,61,-54,67,-57,57,-48,61,-54,63,-50,54,-50,46,-46,54,-48,50,-46,61,-50,57,-48,50,-40,52,-44,57,-46,54,-46,48,-35,50,-38,54,-44,50,-38,54,-42,50,-44,48,-42,54,-38,48,-38,59,-44,48,-38,54,-40,48,-42,50,-44,52,-48,52,-40,48,-50,48,-50,48,-48,44,-52,42,-52,40,-46,35,-50,35,-54,35,-50,38,-54,29,-50,29,-48,21,-57,23,-42,19,-44,14,-44,14,-40,12,-48,12,-46,4,-48,-2,-42,2,-42,-4,0,0,0,0,0,0,0,0,0,0]"""
1782173653370,2026-06-23T09:14:13.370,warning,breathing,lmh,lying_fast_breath,t001,"CSI_DATA,19293,1a:00:00:00:00:00,-61,11,-98,19,44,11,139195819,47,2,256,0,""[0,0,0,0,0,0,0,0,0,0,0,0,-39,0,-41,0,-43,-2,-52,-10,-47,-8,-47,-6,-50,-8,-52,-10,-58,-8,-56,-8,-60,-13,-60,-10,-65,-13,-63,-10,-60,-19,-67,-17,-71,-17,-76,-21,-67,-19,-73,-17,-67,-17,-71,-21,-71,-23,-76,-21,-78,-21,-73,-13,-73,-23,-78,-17,-71,-19,-78,-13,-73,-8,-80,-10,-73,-8,-78,-8,-82,-6,-80,-2,-73,-2,-78,4,-80,0,-78,10,-78,4,-78,15,-78,17,-84,17,-82,13,-80,21,-84,26,-78,30,-82,26,-87,26,-84,28,-87,32,-89,26,-89,21,-89,30,-87,30,-89,30,0,0,0,0,0,0,23,87,30,89,36,78,36,82,32,78,28,80,30,76,28,73,28,69,28,71,30,65,32,58,39,65,30,60,30,60,36,54,39,60,39,60,34,56,41,54,45,47,43,52,39,47,41,43,43,50,45,47,47,50,45,43,45,52,52,39,45,45,52,43,47,50,52,43,45,43,45,52,52,45,43,45,47,50,45,47,43,43,45,45,41,52,39,45,36,47,39,45,26,47,36,45,26,47,32,39,26,39,26,36,21,39,19,39,17,41,17,39,8,39,0,0,0,0,0,0,0,0,0,0]"""
1782173653379,2026-06-23T09:14:13.379,warning,breathing,lmh,lying_fast_breath,t001,"CSI_DATA,19294,1a:00:00:00:00:00,-61,11,-98,17,44,11,139212836,47,2,256,0,""[0,0,0,0,0,0,0,0,0,0,0,0,34,-11,39,-9,43,-9,48,-2,48,0,52,2,52,4,48,6,57,9,57,9,59,9,59,13,64,13,64,11,62,27,62,25,66,20,64,32,64,32,62,41,55,46,64,36,59,46,66,41,64,46,62,41,57,48,59,52,55,50,66,46,55,46,66,50,59,52,55,48,59,52,62,50,52,48,62,48,57,50,59,48,59,55,62,48,64,52,69,52,59,57,59,57,64,55,57,55,59,57,66,64,69,64,59,62,59,73,55,69,64,76,59,76,59,73,0,0,0,0,0,0,87,-46,76,-43,80,-43,76,-39,71,-34,73,-29,78,-34,80,-34,69,-27,69,-23,66,-25,66,-18,69,-27,71,-20,69,-18,64,-23,69,-25,66,-23,66,-11,62,-18,64,-29,66,-13,62,-18,59,-18,66,-11,66,-16,62,-11,69,-16,69,-9,62,-13,62,-11,69,-6,66,-6,66,-9,62,-2,76,2,69,4,66,4,66,9,59,13,57,9,64,18,62,16,62,16,55,25,55,20,50,25,55,27,46,32,39,23,36,32,32,27,34,32,34,41,29,39,25,32,18,43,0,0,0,0,0,0,0,0,0,0]"""
1782173653391,2026-06-23T09:14:13.391,warning,breathing,lmh,lying_fast_breath,t001,"CSI_DATA,19295,1a:00:00:00:00:00,-61,11,-98,22,43,11,139216403,47,2,256,0,""[0,0,0,0,0,0,0,0,0,0,0,0,-40,-11,-38,-13,-42,-15,-44,-20,-47,-17,-44,-15,-44,-20,-47,-17,-53,-17,-55,-15,-58,-20,-55,-15,-64,-15,-64,-15,-62,-22,-69,-20,-71,-15,-71,-20,-69,-17,-64,-20,-73,-20,-73,-13,-80,-11,-76,-8,-82,-11,-78,0,-76,-6,-80,0,-82,-2,-78,6,-71,4,-80,6,-78,13,-76,13,-76,20,-78,22,-69,20,-73,33,-76,31,-69,42,-67,33,-67,49,-69,42,-67,55,-64,44,-60,55,-62,55,-53,62,-58,60,-60,67,-55,64,-53,69,-62,69,-60,71,-58,76,-47,78,-47,80,0,0,0,0,0,0,82,49,78,47,80,31,76,40,80,35,76,26,80,22,78,26,76,24,69,22,73,13,69,11,80,11,69,4,67,6,69,-2,76,-6,69,-4,69,-6,71,-11,64,-17,64,-8,58,-17,64,-20,64,-20,60,-24,62,-20,58,-31,64,-29,55,-35,60,-33,60,-35,62,-35,53,-38,53,-31,58,-35,58,-38,51,-38,51,-42,55,-40,51,-38,55,-38,55,-35,51,-40,53,-33,47,-40,49,-29,44,-40,44,-26,47,-29,42,-26,42,-26,40,-24,44,-24,40,-22,38,-17,42,-15,0,0,0,0,0,0,0,0,0,0]"""
1782173653403,2026-06-23T09:14:13.403,warning,breathing,lmh,lying_fast_breath,t001,"CSI_DATA,19296,1a:00:00:00:00:00,-61,11,-98,17,44,11,139227403,47,2,256,0,""[0,0,0,0,0,0,0,0,0,0,0,0,25,32,23,32,20,36,27,41,25,39,25,46,25,41,25,48,32,48,32,48,32,52,32,52,39,55,39,52,29,59,36,59,43,59,39,62,36,57,39,66,41,69,41,64,48,64,46,57,48,64,52,55,50,59,52,64,50,57,62,48,55,50,57,52,59,50,59,50,66,46,66,41,64,34,69,34,71,36,76,27,76,29,76,23,78,27,82,18,78,18,80,13,85,16,82,6,85,9,92,11,82,6,89,4,94,4,89,6,94,-2,92,-2,94,-4,0,0,0,0,0,0,-2,-94,-4,-92,-13,-87,-9,-82,-16,-85,-6,-80,-18,-76,-18,-87,-16,-78,-16,-69,-23,-71,-18,-66,-27,-69,-25,-71,-23,-64,-27,-55,-36,-59,-34,-59,-29,-62,-36,-57,-39,-46,-34,-57,-36,-46,-39,-52,-36,-55,-43,-48,-48,-46,-50,-43,-48,-48,-52,-41,-46,-46,-55,-46,-50,-46,-52,-41,-50,-39,-52,-46,-55,-43,-50,-43,-52,-41,-52,-43,-52,-36,-48,-39,-50,-43,-46,-39,-46,-43,-48,-34,-41,-39,-43,-36,-36,-34,-34,-36,-34,-34,-34,-32,-29,-34,-27,-34,-25,-34,-27,-29,-23,-39,0,0,0,0,0,0,0,0,0,0]"""
1782173653412,2026-06-23T09:14:13.412,warning,breathing,lmh,lying_fast_breath,t001,"CSI_DATA,19297,1a:00:00:00:00:00,-62,11,-98,18,44,11,139240095,47,2,256,0,""[0,0,0,0,0,0,0,0,0,0,0,0,31,-24,31,-24,33,-26,42,-26,38,-26,38,-29,42,-29,42,-26,47,-38,49,-35,47,-38,44,-40,47,-47,49,-49,51,-42,44,-49,44,-55,44,-53,44,-53,49,-62,40,-53,49,-60,44,-53,47,-64,49,-67,35,-64,35,-67,35,-71,33,-67,24,-71,22,-71,20,-76,20,-80,13,-71,8,-82,4,-71,-4,-73,-15,-73,-13,-78,-2,-73,-13,-76,-33,-69,-53,-107,-31,-80,-22,-85,-51,6,-47,-73,-26,-71,-111,-29,-55,-38,-42,-58,-2,-85,-94,4,-67,-107,-105,-100,8,-40,-85,-55,0,0,0,0,0,0,-62,64,-2,161,-62,67,-17,73,-105,116,-40,35,-6,87,15,55,-11,29,-26,60,-26,73,-64,85,2,60,-13,82,24,89,11,71,11,73,8,78,8,60,17,69,22,69,8,62,17,60,24,60,22,67,24,60,29,58,42,55,40,62,40,49,35,49,35,51,44,51,47,47,40,51,44,60,47,47,47,49,47,51,49,44,44,40,49,44,47,47,49,42,44,40,44,38,40,35,44,35,38,33,35,33,35,33,33,26,29,31,33,35,33,29,29,26,26,35,0,0,0,0,0,0,0,0,0,0]"""
1782173653422,2026-06-23T09:14:13.422,warning,breathing,lmh,lying_fast_breath,t001,"CSI_DATA,19298,1a:00:00:00:00:00,-60,11,-98,15,43,11,139249403,47,2,256,0,""[0,0,0,0,0,0,0,0,0,0,0,0,-19,35,-19,35,-19,41,-27,41,-24,43,-24,38,-30,43,-27,41,-32,46,-35,49,-38,52,-35,49,-35,57,-41,57,-41,52,-49,54,-43,57,-52,54,-41,49,-49,60,-52,57,-54,57,-46,60,-46,62,-52,62,-43,60,-54,57,-52,60,-52,62,-49,62,-52,60,-46,68,-46,68,-41,62,-38,68,-38,68,-32,68,-32,68,-35,71,-24,76,-32,71,-30,79,-27,73,-24,82,-24,68,-19,76,-27,79,-16,79,-21,84,-24,95,-19,84,-19,90,-24,90,-24,90,-19,95,-13,90,-19,95,0,0,0,0,0,0,87,30,95,27,87,13,79,27,84,21,73,24,79,13,79,16,79,13,71,13,73,10,68,13,76,5,71,8,68,10,68,0,71,0,68,-2,68,5,68,0,62,-5,68,2,62,-5,62,-8,65,-2,68,-5,65,-2,65,-13,71,-8,65,-19,68,-8,68,-10,68,-5,65,-13,65,-8,68,-8,71,-10,65,-5,68,-8,65,0,60,-5,68,2,62,0,62,-2,62,5,60,2,57,8,60,2,52,5,49,5,49,8,49,8,43,16,43,13,41,13,38,13,43,19,0,0,0,0,0,0,0,0,0,0]"""
1782173653433,2026-06-23T09:14:13.433,warning,breathing,lmh,lying_fast_breath,t001,"CSI_DATA,19299,1a:00:00:00:00:00,-61,11,-98,19,44,11,139260918,47,2,256,0,""[0,0,0,0,0,0,0,0,0,0,0,0,-8,-41,-8,-39,-6,-43,-2,-47,-4,-45,-4,-50,-2,-47,2,-52,-4,-56,0,-58,-2,-58,0,-58,-2,-69,2,-69,4,-63,6,-65,0,-71,4,-76,4,-69,15,-71,15,-73,4,-78,8,-76,6,-78,4,-82,0,-80,8,-76,6,-78,8,-76,0,-80,2,-73,0,-82,0,-78,-4,-78,-8,-80,-6,-82,-8,-69,-13,-76,-13,-76,-21,-76,-17,-80,-21,-76,-17,-80,-32,-80,-17,-76,-30,-73,-26,-82,-28,-73,-30,-80,-34,-84,-36,-84,-36,-80,-34,-87,-28,-89,-36,-93,-39,-84,-34,-84,0,0,0,0,0,0,-84,30,-84,32,-80,41,-80,34,-76,30,-78,30,-73,34,-78,36,-73,32,-71,30,-67,30,-60,34,-63,39,-63,34,-58,32,-54,43,-58,43,-54,39,-58,32,-52,43,-50,47,-54,36,-47,39,-50,41,-54,43,-52,45,-47,43,-45,50,-54,45,-41,50,-50,43,-50,47,-54,45,-45,50,-47,43,-54,50,-52,45,-50,43,-52,45,-50,36,-47,39,-50,39,-56,39,-52,34,-52,32,-50,34,-52,28,-54,30,-52,26,-45,21,-47,21,-47,19,-47,17,-43,15,-45,15,-39,10,-43,6,0,0,0,0,0,0,0,0,0,0]"""
1782173653445,2026-06-23T09:14:13.445,warning,breathing,lmh,lying_fast_breath,t001,"CSI_DATA,19300,1a:00:00:00:00:00,-61,11,-98,19,44,11,139279486,47,2,256,0,""[0,0,0,0,0,0,0,0,0,0,0,0,-28,-28,-26,-28,-28,-34,-30,-36,-28,-39,-26,-41,-26,-43,-28,-45,-26,-50,-30,-50,-26,-56,-21,-54,-32,-60,-32,-60,-26,-63,-23,-65,-34,-65,-23,-73,-21,-65,-19,-69,-19,-78,-19,-73,-21,-73,-26,-73,-21,-82,-23,-73,-19,-78,-19,-73,-19,-78,-26,-73,-21,-71,-19,-78,-23,-73,-21,-76,-30,-78,-32,-71,-28,-69,-30,-71,-28,-78,-36,-71,-34,-71,-43,-71,-32,-69,-45,-71,-36,-67,-43,-69,-39,-71,-41,-69,-47,-71,-45,-82,-43,-78,-45,-76,-36,-84,-39,-82,-45,-80,-45,-82,-52,-80,0,0,0,0,0,0,-87,30,-87,41,-80,43,-71,34,-73,36,-73,28,-73,36,-78,32,-73,32,-69,28,-60,30,-65,26,-63,39,-67,32,-63,30,-54,36,-63,36,-60,34,-58,30,-56,34,-52,41,-60,32,-52,34,-52,34,-58,36,-54,34,-58,34,-52,41,-60,36,-54,39,-54,34,-56,36,-58,32,-58,39,-54,34,-65,30,-56,32,-58,30,-60,32,-60,23,-56,23,-60,26,-63,23,-56,17,-60,15,-54,17,-56,8,-54,15,-50,8,-47,6,-50,2,-45,2,-43,-2,-47,-2,-45,-2,-41,-10,-39,-13,0,0,0,0,0,0,0,0,0,0]"""
1782173653454,2026-06-23T09:14:13.454,warning,breathing,lmh,lying_fast_breath,t001,"CSI_DATA,19301,1a:00:00:00:00:00,-61,11,-98,20,44,11,139282402,47,2,256,0,""[0,0,0,0,0,0,0,0,0,0,0,0,42,-4,42,-2,44,2,48,4,48,6,46,8,46,10,52,14,57,14,59,21,57,19,54,25,63,23,63,25,61,29,61,35,63,31,63,40,57,40,63,35,57,42,67,46,59,48,61,52,61,57,61,48,57,52,54,57,59,54,61,54,52,52,52,57,61,54,54,54,61,54,59,57,52,50,61,48,61,52,67,50,63,54,63,48,61,52,71,54,59,57,61,48,61,59,61,50,63,59,69,63,63,63,69,61,63,65,59,69,67,69,63,71,63,67,0,0,0,0,0,0,82,-52,76,-48,67,-50,71,-44,71,-44,71,-40,73,-38,73,-40,65,-38,65,-29,65,-33,61,-31,65,-38,65,-35,65,-29,59,-33,65,-33,63,-31,63,-29,61,-31,57,-35,63,-27,54,-29,59,-27,61,-23,61,-27,61,-27,59,-31,67,-23,59,-31,61,-23,67,-27,65,-21,63,-23,61,-21,69,-10,65,-14,67,-14,69,-6,65,-6,59,-6,63,-2,67,2,67,2,63,2,61,0,54,14,59,8,46,16,52,10,46,19,40,16,46,16,40,25,35,25,31,31,27,29,0,0,0,0,0,0,0,0,0,0]"""
1782173653464,2026-06-23T09:14:13.464,warning,breathing,lmh,lying_fast_breath,t001,"CSI_DATA,19302,1a:00:00:00:00:00,-61,11,-98,18,44,11,139293999,47,2,256,0,""[0,0,0,0,0,0,0,0,0,0,0,0,24,31,20,33,17,38,20,42,17,47,11,42,15,44,13,51,13,60,13,62,8,55,11,58,13,64,4,67,0,67,-2,71,4,71,-2,76,-4,67,-6,64,-11,71,-8,78,-15,76,-13,76,-17,82,-11,78,-15,76,-17,78,-26,78,-13,73,-22,76,-15,73,-15,73,-17,73,-17,80,-17,85,-17,71,-13,73,-15,80,-11,85,-20,80,-11,82,-15,80,-8,89,-17,71,-11,80,-17,80,-13,78,-15,87,-22,91,-20,85,-20,89,-29,85,-33,82,-29,94,-24,91,-33,91,0,0,0,0,0,0,85,38,85,38,78,31,76,40,76,38,64,40,73,38,71,42,67,40,60,40,62,35,58,38,64,40,62,33,58,35,58,31,64,35,58,38,55,38,60,35,58,29,55,40,51,24,51,35,53,35,55,38,58,38,58,31,58,42,58,33,53,40,53,44,51,44,51,40,51,42,47,44,49,47,49,47,47,53,42,53,40,51,40,51,35,55,33,55,29,51,26,55,20,49,24,55,13,44,11,49,6,51,8,47,4,47,0,47,0,42,-2,44,-11,40,0,0,0,0,0,0,0,0,0,0]"""
1782173653474,2026-06-23T09:14:13.474,warning,breathing,lmh,lying_fast_breath,t001,"CSI_DATA,19303,1a:00:00:00:00:00,-61,11,-98,19,44,11,139305725,47,2,256,0,""[0,0,0,0,0,0,0,0,0,0,0,0,6,36,8,39,4,43,0,50,-2,47,-4,50,-4,47,-10,52,-6,56,-10,56,-10,56,-8,63,-13,65,-17,65,-23,60,-28,65,-21,67,-30,67,-30,65,-34,60,-39,63,-34,65,-41,65,-36,69,-41,69,-32,67,-45,65,-43,65,-47,63,-41,69,-41,60,-41,67,-41,67,-39,65,-41,71,-43,69,-41,65,-32,71,-41,69,-34,73,-36,69,-34,76,-36,71,-36,76,-36,69,-41,73,-39,73,-34,76,-41,71,-47,80,-43,78,-43,76,-56,76,-54,80,-47,76,-47,82,-43,78,0,0,0,0,0,0,69,56,69,60,71,50,65,56,67,54,58,56,54,56,60,56,52,56,50,52,47,52,52,52,54,52,52,47,50,47,54,43,56,50,52,47,45,41,50,52,52,47,50,54,45,43,47,45,47,43,45,47,47,43,47,43,45,52,50,45,43,52,47,47,45,56,43,50,39,50,39,58,41,52,36,52,39,58,28,56,32,54,28,63,28,63,26,58,19,56,21,56,10,56,10,56,8,52,8,47,0,54,2,47,2,50,-4,43,-8,43,-6,43,-10,41,0,0,0,0,0,0,0,0,0,0]"""
1782173653484,2026-06-23T09:14:13.484,warning,breathing,lmh,lying_fast_breath,t001,"CSI_DATA,19304,1a:00:00:00:00:00,-61,11,-98,17,44,11,139315402,47,2,256,0,""[0,0,0,0,0,0,0,0,0,0,0,0,36,-18,36,-13,41,-16,46,-13,46,-11,48,-11,48,-9,52,-4,55,-9,57,-2,62,-6,62,-2,64,-6,69,-2,66,6,66,4,73,0,71,11,71,13,69,13,64,18,76,20,73,18,78,16,80,23,76,11,73,20,78,23,76,23,76,20,71,20,80,23,80,25,76,23,76,25,78,20,69,16,78,13,76,18,82,6,78,18,76,4,76,16,85,13,80,13,80,13,78,18,80,11,82,20,85,18,87,16,89,13,87,29,87,23,96,18,92,20,87,29,0,0,0,0,0,0,36,-87,36,-82,29,-85,34,-78,34,-76,32,-69,29,-71,36,-73,34,-71,34,-69,32,-66,34,-59,27,-71,29,-66,32,-64,20,-62,25,-71,29,-62,34,-59,27,-64,20,-64,29,-59,27,-55,29,-59,34,-59,32,-62,27,-57,25,-62,27,-62,25,-64,27,-57,32,-59,34,-59,32,-64,29,-57,41,-59,41,-55,43,-52,46,-52,46,-48,39,-48,43,-48,46,-46,43,-46,50,-39,41,-36,48,-39,46,-36,46,-25,43,-23,46,-25,46,-18,46,-18,43,-11,43,-4,41,-9,43,0,0,0,0,0,0,0,0,0,0,0]"""
1782173653496,2026-06-23T09:14:13.496,warning,breathing,lmh,lying_fast_breath,t001,"CSI_DATA,19305,1a:00:00:00:00:00,-61,11,-98,17,44,11,139326402,47,2,256,0,""[0,0,0,0,0,0,0,0,0,0,0,0,-11,-36,-9,-39,-9,-46,-6,-48,-6,-48,-2,-46,-4,-50,-6,-52,-6,-59,-2,-59,-4,-59,-6,-62,-9,-64,-4,-64,0,-64,0,-73,-9,-69,4,-78,0,-69,4,-69,6,-71,2,-73,2,-76,-2,-78,-4,-82,-11,-78,2,-76,2,-78,-2,-80,-9,-78,-4,-73,-4,-80,-11,-78,-6,-76,-13,-80,-16,-76,-16,-71,-25,-71,-23,-80,-32,-80,-27,-73,-29,-73,-29,-78,-43,-80,-29,-66,-39,-69,-34,-73,-41,-69,-39,-78,-41,-78,-41,-76,-48,-78,-36,-80,-41,-78,-48,-78,-50,-80,-48,-82,0,0,0,0,0,0,-87,43,-80,46,-73,41,-66,46,-71,48,-69,43,-69,43,-71,46,-66,41,-62,39,-62,41,-55,39,-57,46,-57,46,-55,46,-43,48,-52,52,-46,50,-48,46,-43,48,-41,52,-50,46,-39,48,-41,48,-46,50,-43,52,-41,55,-34,57,-43,55,-32,57,-39,52,-36,57,-41,59,-39,55,-36,48,-43,55,-36,57,-43,52,-43,55,-46,50,-39,48,-41,46,-43,48,-41,50,-46,46,-41,41,-43,36,-43,46,-39,29,-34,32,-43,27,-36,34,-41,27,-39,23,-39,23,-36,20,-36,13,0,0,0,0,0,0,0,0,0,0]"""
1782173653507,2026-06-23T09:14:13.507,warning,breathing,lmh,lying_fast_breath,t001,"CSI_DATA,19306,1a:00:00:00:00:00,-61,11,-98,14,45,11,139337402,47,2,256,0,""[0,0,0,0,0,0,0,0,0,0,0,0,-35,17,-38,17,-40,17,-47,17,-42,15,-49,17,-51,17,-49,11,-55,22,-53,17,-60,22,-55,22,-58,29,-58,29,-64,20,-64,26,-64,35,-67,26,-67,33,-62,31,-60,29,-67,33,-67,35,-71,42,-71,44,-64,44,-67,40,-67,44,-62,42,-60,53,-58,44,-60,58,-58,55,-49,58,-47,64,-47,62,-40,60,-40,71,-40,69,-29,69,-35,73,-22,76,-31,78,-17,82,-24,80,-15,85,-17,82,-13,82,-6,80,-8,87,-2,91,-2,87,-6,94,-8,91,4,98,8,94,8,89,0,0,0,0,0,0,89,-4,85,-8,85,-20,85,-8,78,-15,82,-13,76,-22,80,-26,71,-22,76,-22,69,-26,62,-26,67,-33,60,-31,64,-35,58,-38,55,-47,49,-42,55,-35,49,-42,47,-51,47,-44,42,-47,42,-51,42,-51,38,-51,42,-49,31,-58,33,-58,29,-58,31,-55,35,-60,26,-55,24,-62,29,-58,31,-64,31,-60,24,-62,29,-60,31,-53,24,-55,26,-58,24,-60,22,-55,26,-53,22,-55,24,-51,20,-51,31,-47,22,-47,24,-44,20,-42,22,-42,24,-40,26,-35,22,-33,26,-31,0,0,0,0,0,0,0,0,0,0]"""
1782173653519,2026-06-23T09:14:13.519,warning,breathing,lmh,lying_fast_breath,t001,"CSI_DATA,19307,1a:00:00:00:00:00,-61,11,-98,14,45,11,139348402,47,2,256,0,""[0,0,0,0,0,0,0,0,0,0,0,0,8,-40,11,-40,13,-42,15,-42,20,-44,22,-47,22,-47,26,-44,29,-53,31,-49,33,-53,35,-53,33,-58,38,-53,42,-51,44,-58,42,-58,51,-58,49,-51,49,-47,53,-47,51,-51,58,-51,55,-55,62,-51,55,-55,60,-49,60,-53,62,-51,55,-51,55,-51,60,-53,58,-53,58,-51,58,-55,58,-55,53,-51,51,-60,55,-53,49,-64,53,-58,47,-67,53,-62,49,-69,53,-58,51,-64,60,-64,51,-67,51,-62,58,-69,53,-69,55,-71,62,-69,67,-67,62,-76,60,-71,60,-67,0,0,0,0,0,0,-58,-69,-60,-67,-62,-62,-60,-64,-55,-62,-53,-60,-53,-60,-49,-62,-49,-58,-47,-58,-49,-53,-44,-53,-51,-55,-44,-55,-49,-53,-49,-51,-53,-49,-47,-49,-42,-49,-47,-49,-51,-42,-44,-49,-42,-42,-42,-44,-42,-49,-44,-47,-47,-49,-49,-44,-44,-49,-49,-44,-44,-51,-47,-51,-44,-49,-44,-44,-47,-44,-42,-55,-42,-53,-35,-53,-35,-55,-31,-55,-31,-53,-33,-55,-24,-55,-26,-53,-22,-53,-26,-53,-20,-53,-17,-51,-13,-53,-11,-51,-6,-51,-11,-47,-2,-42,-4,-47,4,-44,2,-40,8,-42,0,0,0,0,0,0,0,0,0,0]"""
1782173653531,2026-06-23T09:14:13.531,warning,breathing,lmh,lying_fast_breath,t001,"CSI_DATA,19308,1a:00:00:00:00:00,-61,11,-98,14,45,11,139360644,47,2,256,0,""[0,0,0,0,0,0,0,0,0,0,0,0,-24,-31,-24,-33,-24,-38,-26,-38,-24,-42,-20,-42,-22,-44,-20,-47,-24,-51,-24,-53,-22,-58,-24,-55,-29,-60,-24,-60,-17,-62,-20,-67,-24,-67,-17,-69,-20,-69,-22,-69,-20,-69,-20,-76,-17,-73,-22,-76,-20,-82,-24,-71,-15,-73,-17,-76,-20,-80,-26,-71,-20,-69,-24,-78,-26,-78,-24,-76,-31,-73,-31,-73,-31,-64,-35,-71,-33,-71,-42,-69,-38,-71,-47,-64,-42,-69,-51,-71,-38,-67,-44,-67,-42,-71,-49,-64,-51,-64,-55,-78,-55,-73,-51,-71,-49,-73,-51,-76,-58,-78,-58,-76,-60,-73,0,0,0,0,0,0,-76,51,-78,51,-69,53,-69,47,-67,47,-64,42,-67,47,-69,47,-64,44,-62,38,-55,42,-55,42,-55,47,-60,47,-53,44,-47,47,-51,53,-49,47,-51,44,-49,44,-42,51,-47,44,-42,47,-42,49,-47,49,-42,47,-44,47,-42,60,-47,53,-38,53,-40,47,-42,49,-49,51,-40,53,-42,47,-51,51,-44,51,-44,47,-47,49,-44,40,-44,42,-49,42,-49,40,-47,42,-47,38,-44,35,-44,29,-49,35,-44,24,-42,24,-44,22,-40,26,-40,17,-44,17,-47,11,-40,11,-38,2,0,0,0,0,0,0,0,0,0,0]"""
1782173653539,2026-06-23T09:14:13.539,warning,breathing,lmh,lying_fast_breath,t001,"CSI_DATA,19309,1a:00:00:00:00:00,-61,11,-98,18,44,11,139370402,47,2,256,0,""[0,0,0,0,0,0,0,0,0,0,0,0,35,24,31,24,35,26,35,31,38,35,31,31,38,35,33,40,42,40,42,47,38,47,44,44,44,49,44,49,38,51,44,58,42,53,42,64,40,58,44,58,44,60,44,69,40,62,44,64,44,69,49,55,44,64,42,64,47,64,47,58,47,58,49,64,49,60,51,58,53,58,55,53,53,51,62,51,60,53,67,47,60,51,67,47,60,49,67,51,60,42,71,42,69,49,71,35,76,44,78,49,76,42,80,42,76,47,78,51,85,44,78,42,82,49,0,0,0,0,0,0,53,-69,51,-71,44,-78,44,-76,49,-76,42,-64,42,-69,40,-69,42,-69,38,-58,31,-64,29,-62,26,-69,31,-69,29,-67,24,-62,22,-69,22,-62,24,-60,24,-64,17,-64,22,-60,13,-58,22,-62,17,-64,20,-64,11,-62,13,-64,15,-67,8,-67,11,-62,13,-67,20,-67,13,-67,13,-62,20,-64,20,-64,17,-64,20,-67,15,-60,15,-60,17,-60,20,-62,20,-62,24,-58,22,-58,26,-47,24,-51,24,-40,26,-47,29,-40,24,-40,31,-40,31,-38,29,-33,31,-31,29,-29,0,0,0,0,0,0,0,0,0,0]"""
1782173653551,2026-06-23T09:14:13.551,warning,breathing,lmh,lying_fast_breath,t001,"CSI_DATA,19310,1a:00:00:00:00:00,-61,11,-98,18,44,11,139381402,47,2,256,0,""[0,0,0,0,0,0,0,0,0,0,0,0,29,-31,26,-31,31,-33,31,-31,38,-35,35,-33,35,-33,40,-38,42,-42,40,-42,38,-40,40,-44,42,-51,42,-49,49,-44,49,-51,44,-55,49,-55,38,-53,49,-51,53,-53,47,-58,47,-60,47,-64,49,-69,38,-64,42,-62,42,-67,42,-67,33,-69,29,-64,35,-73,24,-73,24,-71,17,-78,17,-73,17,-69,13,-76,8,-82,-2,-82,2,-82,-6,-80,-4,-80,-8,-87,-11,-73,-20,-76,-17,-80,-24,-76,-20,-80,-26,-89,-24,-82,-31,-87,-22,-85,-26,-85,-33,-91,-40,-85,-38,-85,0,0,0,0,0,0,-82,42,-80,42,-69,44,-73,33,-73,44,-67,38,-67,44,-73,47,-64,49,-60,40,-49,47,-49,47,-53,55,-51,53,-49,47,-38,51,-42,62,-40,55,-40,51,-33,53,-26,60,-33,55,-26,55,-24,60,-29,60,-24,62,-22,64,-15,62,-20,67,-11,64,-15,67,-17,67,-17,69,-13,67,-8,62,-15,67,-8,67,-4,64,-6,67,-13,64,-8,60,-11,62,-13,64,-6,62,-11,62,-8,58,-13,55,-8,58,-13,49,-13,51,-13,49,-8,47,-13,49,-13,47,-17,44,-15,40,-17,38,0,0,0,0,0,0,0,0,0,0]"""
1782173653561,2026-06-23T09:14:13.561,warning,breathing,lmh,lying_fast_breath,t001,"CSI_DATA,19311,1a:00:00:00:00:00,-61,11,-98,14,45,11,139392402,47,2,256,0,""[0,0,0,0,0,0,0,0,0,0,0,0,-13,38,-20,40,-17,40,-22,40,-24,42,-26,40,-31,44,-26,42,-29,51,-33,49,-35,51,-33,53,-33,58,-33,55,-42,53,-40,58,-38,67,-42,58,-35,60,-44,60,-47,60,-40,64,-44,64,-40,67,-42,69,-35,67,-38,67,-40,69,-38,69,-29,71,-33,67,-31,73,-26,71,-24,71,-22,76,-20,76,-20,71,-13,78,-13,78,-4,80,-8,80,2,80,-2,82,6,87,-2,82,4,78,4,82,8,80,13,82,11,89,15,87,15,85,11,91,13,89,26,94,24,91,29,89,0,0,0,0,0,0,87,-26,87,-22,85,-29,80,-20,78,-26,76,-17,73,-31,73,-29,67,-29,69,-24,69,-26,62,-26,67,-35,60,-35,62,-31,55,-38,58,-44,55,-42,55,-35,49,-44,47,-47,53,-42,40,-42,44,-47,47,-44,44,-49,47,-44,38,-53,42,-51,38,-53,40,-51,44,-51,38,-51,33,-55,40,-53,42,-55,38,-51,35,-53,42,-55,42,-51,38,-49,40,-49,42,-49,38,-49,35,-42,38,-47,40,-40,35,-44,40,-35,35,-35,40,-35,31,-35,38,-31,35,-26,35,-26,33,-22,38,-17,0,0,0,0,0,0,0,0,0,0]"""
1782173653573,2026-06-23T09:14:13.573,warning,breathing,lmh,lying_fast_breath,t001,"CSI_DATA,19312,1a:00:00:00:00:00,-61,11,-98,14,45,11,139403402,47,2,256,0,""[0,0,0,0,0,0,0,0,0,0,0,0,31,-26,33,-24,35,-24,42,-24,42,-24,44,-24,42,-26,47,-22,53,-26,51,-24,53,-24,53,-31,58,-33,60,-29,62,-24,64,-29,62,-33,71,-26,64,-22,60,-24,64,-22,69,-31,71,-26,71,-31,76,-26,69,-38,73,-29,73,-33,71,-29,67,-35,64,-33,69,-35,69,-38,62,-38,67,-44,67,-49,58,-44,58,-51,60,-51,58,-55,60,-53,53,-60,58,-60,53,-62,53,-58,51,-60,53,-62,47,-67,49,-71,55,-71,49,-69,51,-76,60,-73,58,-67,51,-78,47,-78,49,-73,0,0,0,0,0,0,-73,-58,-71,-49,-76,-42,-71,-49,-76,-44,-69,-44,-64,-40,-71,-40,-67,-38,-62,-42,-62,-35,-60,-35,-67,-33,-64,-29,-60,-31,-64,-24,-67,-22,-62,-24,-62,-26,-64,-20,-67,-13,-67,-20,-58,-13,-58,-13,-62,-15,-62,-15,-62,-17,-62,-6,-64,-11,-67,-6,-64,-11,-71,-13,-64,-11,-67,-2,-62,-8,-67,-15,-64,-11,-60,-8,-64,-11,-64,-15,-58,-13,-62,-15,-62,-17,-60,-15,-55,-20,-60,-13,-53,-17,-53,-20,-47,-17,-47,-17,-51,-20,-47,-20,-42,-22,-38,-20,-35,-24,-38,-22,-33,-31,0,0,0,0,0,0,0,0,0,0]"""
1782173653583,2026-06-23T09:14:13.583,warning,breathing,lmh,lying_fast_breath,t001,"CSI_DATA,19313,1a:00:00:00:00:00,-61,11,-98,19,44,11,139414402,47,2,256,0,""[0,0,0,0,0,0,0,0,0,0,0,0,-19,-36,-19,-36,-19,-39,-17,-41,-21,-41,-21,-43,-23,-45,-19,-47,-26,-54,-23,-52,-28,-52,-30,-54,-36,-52,-36,-56,-30,-63,-36,-60,-41,-60,-36,-65,-36,-54,-36,-67,-41,-65,-43,-63,-50,-65,-52,-60,-52,-67,-54,-47,-52,-56,-54,-60,-52,-56,-60,-50,-56,-45,-63,-47,-63,-45,-65,-41,-69,-41,-73,-36,-69,-28,-73,-26,-76,-23,-80,-19,-76,-21,-82,-13,-80,-13,-87,-8,-78,-4,-80,-2,-82,-4,-80,6,-87,2,-89,8,-87,15,-87,19,-95,8,-91,15,-91,23,-91,23,-95,28,0,0,0,0,0,0,21,91,32,87,39,78,34,80,39,80,30,71,39,73,39,71,36,67,41,60,41,60,39,56,50,58,50,56,47,54,50,45,58,43,54,45,50,45,56,39,60,30,60,34,56,23,54,32,56,32,63,26,63,21,65,17,65,19,65,13,67,15,69,15,69,17,69,8,65,10,65,10,67,10,65,13,69,10,65,10,63,6,67,8,65,8,65,6,60,10,63,6,56,10,60,8,50,8,50,6,52,4,50,6,50,10,43,10,45,10,41,6,41,8,0,0,0,0,0,0,0,0,0,0]"""
1782173653594,2026-06-23T09:14:13.594,warning,breathing,lmh,lying_fast_breath,t001,"CSI_DATA,19314,1a:00:00:00:00:00,-61,11,-98,17,44,11,139425402,47,2,256,0,""[0,0,0,0,0,0,0,0,0,0,0,0,20,34,18,36,20,39,16,46,20,43,18,43,20,46,18,46,23,52,20,50,25,57,29,55,32,59,32,62,25,66,25,62,36,64,27,66,29,64,34,69,34,66,34,66,36,66,39,69,46,66,48,62,43,64,43,69,41,66,50,64,41,57,55,66,50,59,55,52,57,55,59,52,55,41,69,41,62,43,73,39,71,41,73,34,78,34,78,27,80,34,73,29,82,27,80,18,80,18,85,23,85,16,89,16,92,20,87,18,96,6,96,11,89,13,0,0,0,0,0,0,16,-96,11,-87,2,-89,6,-85,0,-82,2,-82,-6,-76,-2,-87,-4,-73,-9,-76,-6,-71,-11,-66,-16,-73,-13,-66,-20,-69,-20,-59,-29,-69,-25,-62,-25,-66,-25,-59,-34,-59,-29,-57,-32,-55,-27,-62,-34,-57,-36,-57,-39,-50,-43,-48,-46,-57,-50,-46,-39,-48,-46,-52,-41,-50,-48,-46,-43,-43,-48,-57,-48,-50,-48,-46,-50,-48,-41,-46,-41,-41,-48,-46,-43,-46,-43,-46,-43,-46,-41,-41,-36,-43,-36,-41,-34,-41,-32,-41,-29,-39,-27,-39,-27,-36,-25,-36,-23,-41,-23,-36,-18,-39,0,0,0,0,0,0,0,0,0,0]"""
1782173653605,2026-06-23T09:14:13.605,warning,breathing,lmh,lying_fast_breath,t001,"CSI_DATA,19315,1a:00:00:00:00:00,-61,11,-98,19,44,11,139437902,47,2,256,0,""[0,0,0,0,0,0,0,0,0,0,0,0,-10,-39,-10,-36,-8,-43,-8,-47,-8,-47,-2,-45,-4,-50,-4,-54,-2,-56,0,-60,-6,-58,-6,-58,-6,-65,-10,-63,2,-67,-2,-73,-6,-69,0,-76,2,-71,0,-69,2,-67,2,-78,2,-76,-4,-76,0,-82,-8,-78,0,-78,-2,-78,0,-80,-8,-76,-8,-73,-6,-80,-8,-80,-6,-78,-15,-82,-17,-78,-17,-69,-28,-71,-23,-78,-30,-73,-30,-76,-34,-71,-28,-73,-43,-78,-30,-73,-36,-71,-32,-73,-36,-69,-41,-73,-50,-82,-47,-78,-47,-73,-43,-80,-47,-82,-54,-76,-54,-87,-50,-82,0,0,0,0,0,0,-87,43,-84,47,-69,56,-73,43,-71,43,-73,45,-65,47,-69,47,-63,50,-63,36,-60,45,-56,43,-56,47,-58,47,-54,47,-43,47,-50,52,-45,50,-45,47,-43,47,-41,56,-45,50,-36,54,-43,52,-43,52,-43,50,-39,50,-32,60,-41,56,-32,56,-34,54,-36,56,-39,58,-36,63,-34,56,-43,60,-41,54,-39,54,-41,56,-43,50,-41,52,-41,50,-41,50,-41,47,-43,47,-36,43,-39,41,-39,47,-36,34,-39,34,-39,26,-36,26,-41,32,-43,21,-36,23,-41,19,-39,17,0,0,0,0,0,0,0,0,0,0]"""
1782173653617,2026-06-23T09:14:13.617,warning,breathing,lmh,lying_fast_breath,t001,"CSI_DATA,19316,1a:00:00:00:00:00,-61,11,-98,19,44,11,139447483,47,2,256,0,""[0,0,0,0,0,0,0,0,0,0,0,0,32,-23,39,-23,36,-23,45,-21,45,-21,45,-21,50,-19,47,-17,56,-26,52,-19,56,-19,58,-19,58,-23,65,-26,67,-15,63,-19,69,-26,71,-21,65,-21,76,-15,76,-17,73,-21,71,-23,73,-26,78,-23,67,-23,76,-21,82,-26,76,-21,73,-30,71,-21,78,-30,71,-34,65,-28,71,-36,69,-41,65,-36,67,-43,69,-41,60,-45,65,-45,58,-52,67,-52,65,-60,65,-54,60,-56,67,-58,56,-60,60,-60,63,-63,63,-69,63,-69,65,-71,65,-65,65,-76,56,-71,54,-73,0,0,0,0,0,0,-69,-69,-60,-69,-67,-60,-63,-58,-63,-60,-56,-56,-60,-52,-65,-52,-58,-45,-56,-50,-56,-47,-54,-45,-65,-41,-54,-43,-56,-43,-58,-36,-65,-32,-58,-34,-54,-41,-58,-28,-63,-28,-60,-32,-63,-21,-60,-23,-58,-26,-63,-26,-60,-30,-63,-19,-65,-21,-65,-15,-63,-21,-69,-26,-60,-19,-67,-17,-65,-21,-65,-26,-60,-23,-63,-23,-58,-23,-60,-26,-54,-23,-58,-28,-58,-26,-52,-23,-56,-30,-54,-23,-50,-30,-47,-30,-45,-32,-43,-30,-41,-28,-36,-26,-39,-30,-32,-28,-32,-34,-32,-34,-23,-36,0,0,0,0,0,0,0,0,0,0]"""
1782173653628,2026-06-23T09:14:13.628,warning,breathing,lmh,lying_fast_breath,t001,"CSI_DATA,19317,1a:00:00:00:00:00,-61,11,-98,21,44,11,139459100,47,2,256,0,""[0,0,0,0,0,0,0,0,0,0,0,0,-14,-34,-6,-41,-6,-43,-6,-49,-4,-51,-6,-49,-4,-47,-4,-51,-6,-55,-6,-61,-2,-59,-6,-61,-6,-67,-4,-71,6,-65,2,-67,-10,-78,4,-78,0,-71,0,-65,8,-75,0,-73,4,-80,-2,-80,4,-88,-6,-75,4,-75,0,-84,2,-82,-6,-78,-4,-71,-8,-82,-8,-78,-12,-78,-14,-80,-20,-80,-16,-80,-22,-78,-24,-80,-30,-75,-30,-78,-32,-73,-28,-73,-36,-80,-30,-67,-36,-69,-34,-73,-41,-69,-41,-71,-43,-80,-41,-78,-49,-73,-43,-80,-49,-80,-51,-82,-45,-75,-55,-84,0,0,0,0,0,0,-84,53,-84,47,-71,51,-71,43,-71,53,-69,41,-67,47,-69,47,-65,45,-59,39,-59,41,-59,45,-55,47,-55,47,-53,45,-49,47,-49,55,-47,55,-49,49,-43,47,-41,53,-45,49,-32,49,-39,53,-41,53,-39,53,-39,53,-36,59,-36,59,-28,57,-32,57,-36,55,-39,55,-34,59,-34,49,-41,61,-36,59,-41,55,-39,59,-43,53,-36,49,-39,53,-43,51,-34,53,-41,47,-39,45,-43,41,-41,43,-34,34,-34,36,-36,32,-34,32,-36,24,-43,30,-41,20,-36,20,-36,14,0,0,0,0,0,0,0,0,0,0]"""
1782173653638,2026-06-23T09:14:13.638,warning,breathing,lmh,lying_fast_breath,t001,"CSI_DATA,19318,1a:00:00:00:00:00,-59,11,-98,15,43,11,139469401,47,2,256,0,""[0,0,0,0,0,0,0,0,0,0,0,0,-16,43,-8,38,-19,41,-21,41,-24,41,-27,41,-27,43,-35,43,-30,52,-35,46,-41,49,-35,49,-38,49,-41,49,-49,43,-52,46,-49,54,-57,46,-49,41,-52,43,-57,38,-65,43,-62,46,-60,49,-60,49,-60,49,-65,41,-65,43,-71,38,-62,46,-57,38,-65,49,-68,49,-60,43,-60,46,-62,52,-60,49,-65,49,-60,54,-57,54,-57,52,-52,60,-60,54,-62,60,-62,52,-57,57,-60,57,-57,60,-57,60,-68,65,-62,65,-65,65,-73,65,-76,54,-79,62,-71,62,-73,60,0,0,0,0,0,0,46,79,52,73,46,68,43,73,49,68,43,71,43,71,43,71,41,68,41,65,38,60,32,60,43,62,38,60,38,60,38,52,41,57,38,60,35,60,41,54,43,52,38,60,41,46,35,57,35,60,35,49,38,57,43,52,41,57,43,52,35,52,41,57,35,62,35,57,35,57,30,62,32,62,30,60,32,62,24,62,24,60,21,65,19,62,19,60,10,60,13,60,10,57,10,62,0,54,5,49,-2,52,-2,52,-2,46,-10,46,-10,46,-13,41,-16,38,0,0,0,0,0,0,0,0,0,0]"""
